11.294627058970837 97.89779252008248
14.219093021276404 190.28200717461812
17.900777537149963 541.7018099430815
22.535743732392298 1189.2274021439139
28.370820458389794 4334.386902395061
35.71674682851676 7601.000426170193
44.96472020903849 10889.279307940245
56.60722890537329 8711.125578148985
71.26427896022373 13695.275649112555
89.71641173621407 19666.313068049516
112.94627058970838 23003.538620304418
142.1909302127641 36521.788341266234
179.00777537149963 48409.35413188176
225.35743732392305 49529.01346929837
283.7082045838981 46113.71634230635
357.1674682851676 40838.289752302575
449.6472020903849 38807.98950206663
566.0722890537327 31638.613353400724
712.6427896022376 29718.47351789655
897.164117362141 26378.2393037703
1129.4627058970837 22357.742603385414
1421.9093021276408 16817.36046786356
1790.0777537149975 9619.792938839819
2253.5743732392316 5301.209611496946
2837.082045838981 2309.1578538687318
3571.674682851676 876.9613162032329
4496.47202090385 171.85323154483922
5660.72289053733 28.212889038491994
7126.427896022379 0.6042402755701914
8971.64117362141 0.024046524427831173
