0.25 0.125 4738119.809945955
0.75 0.125 4655974.398990401
1.25 0.125 5098368.443208848
1.75 0.125 4954132.799744554
2.25 0.125 5064098.602212293
2.75 0.125 4817570.608899053
3.25 0.125 5273872.105892312
3.75 0.125 5038769.345012529
4.25 0.125 4122418.807374239
4.75 0.125 3722163.2795842974
5.25 0.125 2824136.393824069
5.75 0.125 2378983.407205332
6.25 0.125 2074508.2568606313
6.75 0.125 1392797.8123048919
7.25 0.125 1049437.7681896153
7.75 0.125 468726.43800142244
8.25 0.125 96603.12193335449
8.75 0.125 582.6212094829701
0.25 0.375 14923899.214405559
0.75 0.375 14753002.964534247
1.25 0.375 15004760.432614041
1.75 0.375 15607211.168316538
2.25 0.375 15881434.561861116
2.75 0.375 15342912.31095929
3.25 0.375 14711752.228268106
3.75 0.375 15454459.74774138
4.25 0.375 13942617.565053176
4.75 0.375 12026097.167332571
5.25 0.375 9801162.264871625
5.75 0.375 7425664.495044393
6.25 0.375 5895058.254681868
6.75 0.375 4348777.789736428
7.25 0.375 2923446.288824771
7.75 0.375 1283507.3015984634
8.25 0.375 383067.6034272744
8.75 0.375 1489.005565285227
0.25 0.625 26466790.117667653
0.75 0.625 26506653.981060218
1.25 0.625 25732121.840209436
1.75 0.625 26132224.136838492
2.25 0.625 26207409.567623064
2.75 0.625 25935954.696663227
3.25 0.625 25238136.816792145
3.75 0.625 24152501.284267046
4.25 0.625 22214491.2273047
4.75 0.625 19782536.480919257
5.25 0.625 16122038.129118066
5.75 0.625 13566454.012983253
6.25 0.625 9519866.265186016
6.75 0.625 7294630.885291075
7.25 0.625 4662406.620898822
7.75 0.625 1764459.2455090997
8.25 0.625 312406.1178516878
8.75 0.625 1668.8690144774935
0.25 0.875 35685272.100252576
0.75 0.875 34442575.88507562
1.25 0.875 35543355.22703305
1.75 0.875 34873955.36499305
2.25 0.875 33998338.8679672
2.75 0.875 33238008.03714536
3.25 0.875 32776551.19002172
3.75 0.875 29610214.86195475
4.25 0.875 29057074.585975617
4.75 0.875 24068384.68385375
5.25 0.875 21318541.112641763
5.75 0.875 16528180.308562225
6.25 0.875 12073985.102262357
6.75 0.875 8412659.485527497
7.25 0.875 4940872.253510031
7.75 0.875 1974322.1459245414
8.25 0.875 343870.3359361676
8.75 0.875 0.0
0.25 1.125 39834731.308352984
0.75 1.125 39861766.584782615
1.25 1.125 39961342.14477268
1.75 1.125 37483349.573579475
2.25 1.125 37663936.86398366
2.75 1.125 36468928.06239553
3.25 1.125 34898834.82770003
3.75 1.125 32679644.616760157
4.25 1.125 30560322.86707995
4.75 1.125 26909752.696549114
5.25 1.125 22720878.019022293
5.75 1.125 17601498.259522445
6.25 1.125 12992684.499954712
6.75 1.125 8482184.751445245
7.25 1.125 4960308.826731438
7.75 1.125 1717044.1733639573
8.25 1.125 211125.79648252545
8.75 1.125 914.150374238547
0.25 1.375 41195509.79641434
0.75 1.375 40234643.78459635
1.25 1.375 39147983.3309956
1.75 1.375 37893341.36079126
2.25 1.375 38518489.85122013
2.75 1.375 36036705.23539671
3.25 1.375 34837577.4557819
3.75 1.375 31483847.68545661
4.25 1.375 29729563.31105658
4.75 1.375 25849566.089294184
5.25 1.375 21614365.16834784
5.75 1.375 16811772.307367362
6.25 1.375 11979247.672545167
6.75 1.375 7612765.686739094
7.25 1.375 3924662.079892796
7.75 1.375 1453257.4890233006
8.25 1.375 174579.26600261184
8.75 1.375 0.0
0.25 1.625 37417717.36640729
0.75 1.625 37262232.709140256
1.25 1.625 36765667.1061641
1.75 1.625 35856519.20921858
2.25 1.625 35336679.81378295
2.75 1.625 32859580.745612245
3.25 1.625 30912791.0684794
3.75 1.625 29812110.976048093
4.25 1.625 26099119.48340482
4.75 1.625 21573754.96764934
5.25 1.625 18931139.342137508
5.75 1.625 13633337.149115363
6.25 1.625 9752307.93543877
6.75 1.625 5806583.0397526
7.25 1.625 3290916.470374988
7.75 1.625 767458.0810374373
8.25 1.625 77419.18451486228
8.75 1.625 0.0
0.25 1.875 33340449.255161807
0.75 1.875 33748606.639296636
1.25 1.875 33050788.270996027
1.75 1.875 32725638.422540814
2.25 1.875 31953439.315156844
2.75 1.875 29810288.41804025
3.25 1.875 28188434.37905882
3.75 1.875 25120858.273807686
4.25 1.875 22823887.39457559
4.75 1.875 18596555.55166996
5.25 1.875 14520481.171267863
5.75 1.875 11670025.650038848
6.25 1.875 7852334.528947195
6.75 1.875 4617186.179360975
7.25 1.875 2207194.381079432
7.75 1.875 402746.65630795236
8.25 1.875 36338.86562165757
8.75 1.875 0.0
0.25 2.125 29422718.27474188
0.75 2.125 27688054.14202455
1.25 2.125 28967534.43005435
1.75 2.125 29216159.55045559
2.25 2.125 28715657.421425294
2.75 2.125 25520806.71747852
3.25 2.125 24640744.648786258
3.75 2.125 20963963.943884943
4.25 2.125 17830726.10232904
4.75 2.125 15133805.830066072
5.25 2.125 11777247.468601085
5.75 2.125 8615601.18798606
6.25 2.125 6106799.872973673
6.75 2.125 3274000.492716085
7.25 2.125 1377623.5319768847
7.75 2.125 156309.46572826666
8.25 2.125 0.0
8.75 2.125 0.0
0.25 2.375 24746670.057277504
0.75 2.375 25018481.170459934
1.25 2.375 24538145.76825426
1.75 2.375 24386335.998633087
2.25 2.375 23950589.73393975
2.75 2.375 22500301.909345437
3.25 2.375 20341135.227426328
3.75 2.375 17979230.74148116
4.25 2.375 15781251.80105451
4.75 2.375 12661651.466222238
5.25 2.375 9717966.298141502
5.75 2.375 6884903.986885812
6.25 2.375 4539397.939131728
6.75 2.375 2391995.4525732654
7.25 2.375 903232.5286167262
7.75 2.375 142378.45453547713
8.25 2.375 1624.662960633319
8.75 2.375 0.0
0.25 2.625 21121297.547479656
0.75 2.625 20965705.480995018
1.25 2.625 20135865.31159616
1.75 2.625 18812130.171052027
2.25 2.625 18736432.043242466
2.75 2.625 17906791.741890326
3.25 2.625 16476076.617543353
3.75 2.625 15227216.271138266
4.25 2.625 12458407.381367352
4.75 2.625 10646707.252869235
5.25 2.625 7697880.883110571
5.75 2.625 5338926.618398944
6.25 2.625 2990022.711072565
6.75 2.625 1719300.4474621715
7.25 2.625 653588.261850042
7.75 2.625 57564.47001596841
8.25 2.625 0.0
8.75 2.625 0.0
0.25 2.875 17101076.18023405
0.75 2.875 18187574.724019133
1.25 2.875 17470771.088916432
1.75 2.875 17085767.91380107
2.25 2.875 16486528.94402376
2.75 2.875 16750134.244282497
3.25 2.875 13764110.720467988
3.75 2.875 12967851.522313079
4.25 2.875 10838307.987552237
4.75 2.875 8925663.58872388
5.25 2.875 5992271.533995245
5.75 2.875 3708679.550468429
6.25 2.875 2407836.4227999495
6.75 2.875 1337962.8253802427
7.25 2.875 426841.7528995771
7.75 2.875 1389.8055500918176
8.25 2.875 0.0
8.75 2.875 0.0
0.25 3.125 15241359.63782575
0.75 3.125 15136386.319852654
1.25 3.125 14177912.160087671
1.75 3.125 14211798.48311153
2.25 3.125 14214579.42920479
2.75 3.125 12985516.497841297
3.25 3.125 11758189.2195756
3.75 3.125 9601396.203537554
4.25 3.125 8371994.069465855
4.75 3.125 6551288.7000339
5.25 3.125 4624727.057209683
5.75 3.125 3169051.0568757006
6.25 3.125 1783633.444457032
6.75 3.125 853940.2104747252
7.25 3.125 216885.2024402818
7.75 3.125 0.0
8.25 3.125 0.0
8.75 3.125 0.0
0.25 3.375 11837760.517251976
0.75 3.375 12171222.894154223
1.25 3.375 12335864.70855561
1.75 3.375 11726993.560008574
2.25 3.375 11840332.36435602
2.75 3.375 10722851.84652621
3.25 3.375 9431601.639884353
3.75 3.375 8557503.565004647
4.25 3.375 7427524.786086672
4.75 3.375 5622599.680732124
5.25 3.375 4037332.0301867523
5.75 3.375 2334739.2130552046
6.25 3.375 1354096.6264401097
6.75 3.375 624723.9760872055
7.25 3.375 120852.8070772575
7.75 3.375 16947.865177547108
8.25 3.375 0.0
8.75 3.375 0.0
0.25 3.625 10479282.954988657
0.75 3.625 10156614.521922858
1.25 3.625 9956844.994118376
1.75 3.625 10614544.656153448
2.25 3.625 9771881.233386358
2.75 3.625 9070077.090564473
3.25 3.625 7403890.897494294
3.75 3.625 6837373.223158351
4.25 3.625 5655423.194184186
4.75 3.625 4326642.01973482
5.25 3.625 2972200.2894448726
5.75 3.625 1658967.7424672572
6.25 3.625 853830.3032897
6.75 3.625 468020.1383467343
7.25 3.625 85203.62126691194
7.75 3.625 4465.782932295047
8.25 3.625 0.0
8.75 3.625 0.0
0.25 3.875 8860438.538552312
0.75 3.875 8115037.730245048
1.25 3.875 8634578.183960093
1.75 3.875 7818819.464443225
2.25 3.875 7802054.897075586
2.75 3.875 8085509.995220989
3.25 3.875 6722323.897361745
3.75 3.875 5877550.465697175
4.25 3.875 4587077.084921098
4.75 3.875 3262849.5812476254
5.25 3.875 2261401.2976847314
5.75 3.875 1431414.9800306717
6.25 3.875 689790.6779111954
6.75 3.875 364957.9731347637
7.25 3.875 48083.50927885866
7.75 3.875 0.0
8.25 3.875 0.0
8.75 3.875 0.0
0.25 4.125 6993034.155642301
0.75 4.125 7252498.23821668
1.25 4.125 7454811.327204508
1.75 4.125 6912395.716813412
2.25 4.125 6228019.699946278
2.75 4.125 6418320.7709253095
3.25 4.125 5557130.480195962
3.75 4.125 4788858.360568497
4.25 4.125 3406822.6990972795
4.75 4.125 2856469.4868741045
5.25 4.125 2195295.668931981
5.75 4.125 1149489.2816703105
6.25 4.125 637941.7718736368
6.75 4.125 227537.88045020102
7.25 4.125 22265.84873254167
7.75 4.125 0.0
8.25 4.125 0.0
8.75 4.125 0.0
0.25 4.375 6405353.414566611
0.75 4.375 6685315.241453971
1.25 4.375 5799852.11024674
1.75 4.375 6002843.7830043165
2.25 4.375 6487502.260356819
2.75 4.375 4810270.966123563
3.25 4.375 5264541.908867904
3.75 4.375 4232517.366505866
4.25 4.375 2993486.5795996864
4.75 4.375 2057741.8493533216
5.25 4.375 1430600.2758288693
5.75 4.375 994197.1339347549
6.25 4.375 392587.9552909864
6.75 4.375 107863.35141864489
7.25 4.375 37369.5818247428
7.75 4.375 0.0
8.25 4.375 0.0
8.75 4.375 0.0
0.25 4.625 5362985.4153381875
0.75 4.625 5224759.765210697
1.25 4.625 4920004.64432783
1.75 4.625 5216723.994278307
2.25 4.625 5096895.744563765
2.75 4.625 4620170.295399558
3.25 4.625 4302844.981443976
3.75 4.625 2981473.983378386
4.25 4.625 2893038.6812197864
4.75 4.625 1877699.7432841246
5.25 4.625 1274700.2878713352
5.75 4.625 641646.0275572983
6.25 4.625 417126.90124709747
6.75 4.625 93106.61070709897
7.25 4.625 13128.148894960781
7.75 4.625 0.0
8.25 4.625 0.0
8.75 4.625 0.0
0.25 4.875 4909057.511365836
0.75 4.875 4529428.196471634
1.25 4.875 4339141.071686708
1.75 4.875 3966350.351183867
2.25 4.875 4651806.668563985
2.75 4.875 3561396.1139756516
3.25 4.875 3726378.2340093986
3.75 4.875 2751579.3042242806
4.25 4.875 2395630.377733468
4.75 4.875 1629273.4183311847
5.25 4.875 1146902.0406074375
5.75 4.875 597174.5142623292
6.25 4.875 229170.81407202545
6.75 4.875 88309.94161115582
7.25 4.875 27295.125915255416
7.75 4.875 0.0
8.25 4.875 0.0
8.75 4.875 0.0
0.25 5.125 3538664.0349883414
0.75 5.125 3617799.366438474
1.25 5.125 3946846.7262660195
1.75 5.125 3739792.777796175
2.25 5.125 3654293.376993896
2.75 5.125 3360442.9696413805
3.25 5.125 2800657.08380586
3.75 5.125 2316141.999912101
4.25 5.125 1792044.3909776378
4.75 5.125 1547150.0362736334
5.25 5.125 663162.5233738238
5.75 5.125 653878.0302757227
6.25 5.125 292562.4372507082
6.75 5.125 45462.80460669148
7.25 5.125 0.0
7.75 5.125 0.0
8.25 5.125 0.0
8.75 5.125 0.0
0.25 5.375 3614156.6281511104
0.75 5.375 3458603.6322860564
1.25 5.375 2992585.2194908396
1.75 5.375 3272233.0614410928
2.25 5.375 2341530.547307253
2.75 5.375 3124869.676356259
3.25 5.375 2424137.7256972846
3.75 5.375 1710368.263177192
4.25 5.375 1295893.0794875517
4.75 5.375 1464728.7872007764
5.25 5.375 587831.2297595276
5.75 5.375 429724.3077535732
6.25 5.375 190530.5405305458
6.75 5.375 35369.004833989566
7.25 5.375 25422.49736550618
7.75 5.375 0.0
8.25 5.375 0.0
8.75 5.375 0.0
0.25 5.625 2801935.671729688
0.75 5.625 3155237.431664185
1.25 5.625 3104558.0442750165
1.75 5.625 3076501.4415026247
2.25 5.625 2460676.4288008744
2.75 5.625 3069146.6713777157
3.25 5.625 2299559.4727924396
3.75 5.625 1970868.1653810437
4.25 5.625 1173756.2485077095
4.75 5.625 853696.3827961554
5.25 5.625 513257.9408384384
5.75 5.625 344368.48346630984
6.25 5.625 111610.35938581404
6.75 5.625 25907.196634588523
7.25 5.625 0.0
7.75 5.625 0.0
8.25 5.625 0.0
8.75 5.625 0.0
0.25 5.875 2655000.905069082
0.75 5.875 1996920.821941246
1.25 5.875 2360754.4354117075
1.75 5.875 2122619.886780246
2.25 5.875 1905037.1223065788
2.75 5.875 2030765.5857356633
3.25 5.875 1637407.1203887057
3.75 5.875 1368443.932227309
4.25 5.875 1048970.075776108
4.75 5.875 908589.4839626155
5.25 5.875 484059.0640559727
5.75 5.875 377371.39774104895
6.25 5.875 21153.2754896204
6.75 5.875 0.0
7.25 5.875 0.0
7.75 5.875 0.0
8.25 5.875 0.0
8.75 5.875 0.0
0.25 6.125 2367310.738311111
0.75 6.125 1967998.7239262278
1.25 6.125 2260172.990822171
1.75 6.125 1602904.8737332881
2.25 6.125 2164646.371232005
2.75 6.125 1917898.0691269266
3.25 6.125 1344460.6465331162
3.75 6.125 1450480.773856902
4.25 6.125 1032930.5768466976
4.75 6.125 535079.2763818782
5.25 6.125 587113.2524656956
5.75 6.125 222002.0249112661
6.25 6.125 102852.87863841631
6.75 6.125 21475.71931773795
7.25 6.125 0.0
7.75 6.125 0.0
8.25 6.125 0.0
8.75 6.125 0.0
0.25 6.375 1599614.9863316363
0.75 6.375 1546219.86717364
1.25 6.375 2126204.8296164297
1.75 6.375 1576820.7574000866
2.25 6.375 1627378.7492417402
2.75 6.375 1388036.8841005769
3.25 6.375 1058672.8595821764
3.75 6.375 937548.5680210444
4.25 6.375 1021117.1840960989
4.75 6.375 398816.2302805329
5.25 6.375 333621.13651301514
5.75 6.375 203005.65565051773
6.25 6.375 131740.45655951195
6.75 6.375 0.0
7.25 6.375 0.0
7.75 6.375 0.0
8.25 6.375 0.0
8.75 6.375 0.0
0.25 6.625 1806704.6166299696
0.75 6.625 1350052.146372127
1.25 6.625 1923878.9740831384
1.75 6.625 1636687.8529306375
2.25 6.625 1807529.3658385023
2.75 6.625 1674539.6620063733
3.25 6.625 1128235.023257611
3.75 6.625 622516.2950644505
4.25 6.625 735898.4006782173
4.75 6.625 372775.14778606046
5.25 6.625 347074.8909291201
5.75 6.625 73846.46089797743
6.25 6.625 42483.87561647842
6.75 6.625 0.0
7.25 6.625 0.0
7.75 6.625 0.0
8.25 6.625 0.0
8.75 6.625 0.0
0.25 6.875 1410330.8964619401
0.75 6.875 1149213.6292789134
1.25 6.875 1762723.5865873825
1.75 6.875 1129570.967552838
2.25 6.875 1786857.644285402
2.75 6.875 1191604.1468763896
3.25 6.875 1019732.8452028427
3.75 6.875 955711.0216599031
4.25 6.875 361346.9609570414
4.75 6.875 324024.985655309
5.25 6.875 339218.63436938846
5.75 6.875 94594.20057503339
6.25 6.875 0.0
6.75 6.875 0.0
7.25 6.875 0.0
7.75 6.875 0.0
8.25 6.875 0.0
8.75 6.875 0.0
0.25 7.125 810600.8641184474
0.75 7.125 1096878.1186144443
1.25 7.125 1171473.2942328532
1.75 7.125 1168658.5274260023
2.25 7.125 1067902.680299218
2.75 7.125 853932.1940037747
3.25 7.125 728250.118668841
3.75 7.125 694061.9370699674
4.25 7.125 585385.2152635385
4.75 7.125 191712.9897549612
5.25 7.125 248932.4178918651
5.75 7.125 53955.04215322357
6.25 7.125 64089.358715100745
6.75 7.125 17088.889407430328
7.25 7.125 0.0
7.75 7.125 0.0
8.25 7.125 0.0
8.75 7.125 0.0
0.25 7.375 1123733.1912483748
0.75 7.375 1351397.0705459767
1.25 7.375 881743.9946170971
1.75 7.375 767947.3733040876
2.25 7.375 987809.7608095997
2.75 7.375 876617.4441762298
3.25 7.375 723791.3443379743
3.75 7.375 698237.6386825683
4.25 7.375 569050.1342428646
4.75 7.375 298999.8596989732
5.25 7.375 0.0
5.75 7.375 219272.51166068824
6.25 7.375 41244.467968040895
6.75 7.375 0.0
7.25 7.375 0.0
7.75 7.375 0.0
8.25 7.375 0.0
8.75 7.375 0.0
0.25 7.625 757113.5561661223
0.75 7.625 947447.7269580037
1.25 7.625 780348.0713688375
1.75 7.625 640024.0336385428
2.25 7.625 755775.6609333768
2.75 7.625 765659.1048747645
3.25 7.625 678359.5640833109
3.75 7.625 282696.30409124075
4.25 7.625 194404.2425690086
4.75 7.625 333865.17068687384
5.25 7.625 36969.46700281574
5.75 7.625 0.0
6.25 7.625 14518.877550209692
6.75 7.625 0.0
7.25 7.625 0.0
7.75 7.625 0.0
8.25 7.625 0.0
8.75 7.625 0.0
0.25 7.875 582720.1103234203
0.75 7.875 871462.8307823371
1.25 7.875 876103.3768786876
1.75 7.875 624725.4284004285
2.25 7.875 789931.2067677605
2.75 7.875 943843.8452040957
3.25 7.875 601141.5941121635
3.75 7.875 365614.7766291068
4.25 7.875 410478.9582773781
4.75 7.875 297694.1360388604
5.25 7.875 129586.91189417747
5.75 7.875 71741.14915004051
6.25 7.875 0.0
6.75 7.875 0.0
7.25 7.875 0.0
7.75 7.875 0.0
8.25 7.875 0.0
8.75 7.875 0.0
0.25 8.125 651226.009910436
0.75 8.125 852543.5129104649
1.25 8.125 623899.6088327412
1.75 8.125 743007.0294603631
2.25 8.125 730593.5722430958
2.75 8.125 802502.7357549433
3.25 8.125 501821.03728854435
3.75 8.125 491551.6019449392
4.25 8.125 28913.517589624116
4.75 8.125 192373.2678495843
5.25 8.125 99662.43597646884
5.75 8.125 176915.07266821116
6.25 8.125 0.0
6.75 8.125 0.0
7.25 8.125 0.0
7.75 8.125 0.0
8.25 8.125 0.0
8.75 8.125 0.0
0.25 8.375 920621.0614006176
0.75 8.375 468450.03338351374
1.25 8.375 691566.9461615928
1.75 8.375 711597.0753478522
2.25 8.375 405423.3377972334
2.75 8.375 509116.8735861153
3.25 8.375 580452.4048525521
3.75 8.375 306305.483582606
4.25 8.375 307056.4295610808
4.75 8.375 69803.30823130612
5.25 8.375 116565.16780225266
5.75 8.375 43906.17576480008
6.25 8.375 0.0
6.75 8.375 0.0
7.25 8.375 0.0
7.75 8.375 0.0
8.25 8.375 0.0
8.75 8.375 0.0
0.25 8.625 562766.1031123088
0.75 8.625 542972.3144491824
1.25 8.625 498462.3794491878
1.75 8.625 728980.7749575784
2.25 8.625 542202.0656493456
2.75 8.625 610224.2854803668
3.25 8.625 201887.66235906092
3.75 8.625 382329.93888952
4.25 8.625 103896.60847833741
4.75 8.625 97418.4559926377
5.25 8.625 70378.46941448565
5.75 8.625 0.0
6.25 8.625 28376.501250653735
6.75 8.625 0.0
7.25 8.625 0.0
7.75 8.625 0.0
8.25 8.625 0.0
8.75 8.625 0.0
0.25 8.875 516734.8312533476
0.75 8.875 530711.3146436821
1.25 8.875 618664.1896646441
1.75 8.875 420533.5307869372
2.25 8.875 532309.2055882679
2.75 8.875 387899.65522605483
3.25 8.875 419876.25007117115
3.75 8.875 280656.1663890598
4.25 8.875 361843.446740106
4.75 8.875 108184.56386169385
5.25 8.875 57481.47078546874
5.75 8.875 5872.047258538004
6.25 8.875 0.0
6.75 8.875 0.0
7.25 8.875 0.0
7.75 8.875 0.0
8.25 8.875 0.0
8.75 8.875 0.0
0.25 9.125 693149.6910716504
0.75 9.125 424962.63784168154
1.25 9.125 464621.06287572824
1.75 9.125 325676.3506646358
2.25 9.125 480868.69992598094
2.75 9.125 486594.1798424049
3.25 9.125 446327.8637461874
3.75 9.125 414921.9590317784
4.25 9.125 186738.40812863267
4.75 9.125 72990.12950186878
5.25 9.125 62654.1724795867
5.75 9.125 0.0
6.25 9.125 0.0
6.75 9.125 0.0
7.25 9.125 0.0
7.75 9.125 0.0
8.25 9.125 0.0
8.75 9.125 0.0
0.25 9.375 290524.0517853791
0.75 9.375 307304.02947419556
1.25 9.375 382618.04496326775
1.75 9.375 333715.02925375564
2.25 9.375 183833.29328152238
2.75 9.375 275272.65072112624
3.25 9.375 288938.5832723994
3.75 9.375 169453.77917560382
4.25 9.375 288965.77022859856
4.75 9.375 63845.80801617078
5.25 9.375 35490.68918476805
5.75 9.375 0.0
6.25 9.375 0.0
6.75 9.375 0.0
7.25 9.375 0.0
7.75 9.375 0.0
8.25 9.375 0.0
8.75 9.375 0.0
0.25 9.625 687130.5001936349
0.75 9.625 308314.7925152778
1.25 9.625 383495.5153895391
1.75 9.625 207961.36005584346
2.25 9.625 403771.8425104386
2.75 9.625 335295.8790885925
3.25 9.625 73130.19386527588
3.75 9.625 316795.0442012705
4.25 9.625 152269.82942057948
4.75 9.625 118260.28748443726
5.25 9.625 38265.382732235055
5.75 9.625 0.0
6.25 9.625 0.0
6.75 9.625 0.0
7.25 9.625 0.0
7.75 9.625 0.0
8.25 9.625 0.0
8.75 9.625 0.0
0.25 9.875 319000.2505152412
0.75 9.875 209953.55757075845
1.25 9.875 447965.90229455166
1.75 9.875 331764.6814494481
2.25 9.875 361859.8450566599
2.75 9.875 223711.46619953512
3.25 9.875 186673.61531328573
3.75 9.875 91375.045087486
4.25 9.875 35292.48019040269
4.75 9.875 0.0
5.25 9.875 0.0
5.75 9.875 0.0
6.25 9.875 0.0
6.75 9.875 0.0
7.25 9.875 0.0
7.75 9.875 0.0
8.25 9.875 0.0
8.75 9.875 0.0
0.25 10.125 262525.7054219709
0.75 10.125 284926.44373859576
1.25 10.125 113385.10550186111
1.75 10.125 229316.9512550677
2.25 10.125 192482.71059416694
2.75 10.125 202737.36429269618
3.25 10.125 163007.97080395563
3.75 10.125 99549.22078024
4.25 10.125 74343.24364266003
4.75 10.125 0.0
5.25 10.125 38510.598430063365
5.75 10.125 0.0
6.25 10.125 0.0
6.75 10.125 0.0
7.25 10.125 0.0
7.75 10.125 0.0
8.25 10.125 0.0
8.75 10.125 0.0
0.25 10.375 302283.9374167526
0.75 10.375 215909.06600421187
1.25 10.375 481539.043928213
1.75 10.375 210295.5154387301
2.25 10.375 436632.75872651156
2.75 10.375 221857.0740852943
3.25 10.375 160944.4456271702
3.75 10.375 40190.165270437865
4.25 10.375 45509.32067718991
4.75 10.375 0.0
5.25 10.375 0.0
5.75 10.375 0.0
6.25 10.375 0.0
6.75 10.375 0.0
7.25 10.375 0.0
7.75 10.375 0.0
8.25 10.375 0.0
8.75 10.375 0.0
0.25 10.625 189152.78591311784
0.75 10.625 291018.57493030344
1.25 10.625 209394.64592983332
1.75 10.625 150796.45936369142
2.25 10.625 341667.36587323144
2.75 10.625 47099.46404309479
3.25 10.625 211519.77631158795
3.75 10.625 181600.91468773564
4.25 10.625 38742.853750592636
4.75 10.625 29103.30508473781
5.25 10.625 30583.366927285682
5.75 10.625 0.0
6.25 10.625 0.0
6.75 10.625 0.0
7.25 10.625 0.0
7.75 10.625 0.0
8.25 10.625 0.0
8.75 10.625 0.0
0.25 10.875 146500.17511166545
0.75 10.875 293916.2316106507
1.25 10.875 150905.49678869723
1.75 10.875 221707.01247820494
2.25 10.875 267821.49407780735
2.75 10.875 195581.4489707491
3.25 10.875 122911.31338367592
3.75 10.875 81644.7612549996
4.25 10.875 114209.48175378545
4.75 10.875 64729.10884227587
5.25 10.875 0.0
5.75 10.875 0.0
6.25 10.875 0.0
6.75 10.875 0.0
7.25 10.875 0.0
7.75 10.875 0.0
8.25 10.875 0.0
8.75 10.875 0.0
0.25 11.125 165925.6318658857
0.75 11.125 248979.23496232447
1.25 11.125 172091.19508607753
1.75 11.125 237259.85623895802
2.25 11.125 312790.9688918042
2.75 11.125 291638.3693334452
3.25 11.125 0.0
3.75 11.125 47239.92237609575
4.25 11.125 0.0
4.75 11.125 77062.92073285069
5.25 11.125 0.0
5.75 11.125 0.0
6.25 11.125 0.0
6.75 11.125 0.0
7.25 11.125 0.0
7.75 11.125 0.0
8.25 11.125 0.0
8.75 11.125 0.0
0.25 11.375 71063.80813341479
0.75 11.375 200115.65503735977
1.25 11.375 153155.557746388
1.75 11.375 68841.15545174471
2.25 11.375 207418.59892733282
2.75 11.375 37375.7631588904
3.25 11.375 30018.40122194981
3.75 11.375 29566.483522207564
4.25 11.375 0.0
4.75 11.375 0.0
5.25 11.375 0.0
5.75 11.375 0.0
6.25 11.375 0.0
6.75 11.375 0.0
7.25 11.375 0.0
7.75 11.375 0.0
8.25 11.375 0.0
8.75 11.375 0.0
0.25 11.625 151428.2557974168
0.75 11.625 301657.0666341638
1.25 11.625 43170.990268830494
1.75 11.625 136442.59481083124
2.25 11.625 110970.87118476295
2.75 11.625 108430.2909437761
3.25 11.625 203207.8857711061
3.75 11.625 0.0
4.25 11.625 194845.28913677108
4.75 11.625 0.0
5.25 11.625 0.0
5.75 11.625 0.0
6.25 11.625 0.0
6.75 11.625 0.0
7.25 11.625 0.0
7.75 11.625 0.0
8.25 11.625 0.0
8.75 11.625 0.0
0.25 11.875 107781.05104683212
0.75 11.875 283682.0287577172
1.25 11.875 71033.32294381669
1.75 11.875 36304.90749666127
2.25 11.875 207128.04998147712
2.75 11.875 44467.31340479586
3.25 11.875 120415.41242857673
3.75 11.875 194379.56803651468
4.25 11.875 0.0
4.75 11.875 0.0
5.25 11.875 0.0
5.75 11.875 0.0
6.25 11.875 0.0
6.75 11.875 0.0
7.25 11.875 0.0
7.75 11.875 0.0
8.25 11.875 0.0
8.75 11.875 0.0
0.25 12.125 223927.0079259795
0.75 12.125 147886.26415930243
1.25 12.125 369512.9132569241
1.75 12.125 169246.8074015884
2.25 12.125 51845.03161773479
2.75 12.125 226612.591145175
3.25 12.125 82828.03863313608
3.75 12.125 94026.47909485624
4.25 12.125 0.0
4.75 12.125 35433.11262749279
5.25 12.125 62713.17942362813
5.75 12.125 0.0
6.25 12.125 0.0
6.75 12.125 0.0
7.25 12.125 0.0
7.75 12.125 0.0
8.25 12.125 0.0
8.75 12.125 0.0
0.25 12.375 97895.58919600568
0.75 12.375 74957.51455940494
1.25 12.375 105848.68241060033
1.75 12.375 139158.3170308965
2.25 12.375 47592.14969675207
2.75 12.375 351755.4849396122
3.25 12.375 100342.12872182408
3.75 12.375 73332.28572388558
4.25 12.375 79243.98997421341
4.75 12.375 0.0
5.25 12.375 0.0
5.75 12.375 0.0
6.25 12.375 0.0
6.75 12.375 0.0
7.25 12.375 0.0
7.75 12.375 0.0
8.25 12.375 0.0
8.75 12.375 0.0
0.25 12.625 246407.30153247807
0.75 12.625 39818.66067187398
1.25 12.625 73484.06253562559
1.75 12.625 171970.04227548066
2.25 12.625 71454.49865597431
2.75 12.625 182576.38298379423
3.25 12.625 121665.47437900816
3.75 12.625 36088.91330471794
4.25 12.625 40250.36141374448
4.75 12.625 0.0
5.25 12.625 0.0
5.75 12.625 0.0
6.25 12.625 0.0
6.75 12.625 0.0
7.25 12.625 0.0
7.75 12.625 0.0
8.25 12.625 0.0
8.75 12.625 0.0
0.25 12.875 0.0
0.75 12.875 74555.28874657741
1.25 12.875 35878.913565332114
1.75 12.875 0.0
2.25 12.875 45855.71637872831
2.75 12.875 0.0
3.25 12.875 90185.80963619794
3.75 12.875 41654.74202772871
4.25 12.875 0.0
4.75 12.875 0.0
5.25 12.875 53299.03951035845
5.75 12.875 0.0
6.25 12.875 0.0
6.75 12.875 0.0
7.25 12.875 0.0
7.75 12.875 0.0
8.25 12.875 0.0
8.75 12.875 0.0
0.25 13.125 85802.64241778314
0.75 13.125 115545.38436995952
1.25 13.125 129782.99086971255
1.75 13.125 128907.03352858553
2.25 13.125 82178.21101738475
2.75 13.125 83649.83104222247
3.25 13.125 47826.29169467807
3.75 13.125 52491.63014307538
4.25 13.125 0.0
4.75 13.125 0.0
5.25 13.125 0.0
5.75 13.125 0.0
6.25 13.125 0.0
6.75 13.125 0.0
7.25 13.125 0.0
7.75 13.125 0.0
8.25 13.125 0.0
8.75 13.125 0.0
0.25 13.375 88988.3581807679
0.75 13.375 182805.14862314996
1.25 13.375 388140.3992310821
1.75 13.375 84388.78488409893
2.25 13.375 48182.20094327804
2.75 13.375 122118.65215759022
3.25 13.375 0.0
3.75 13.375 0.0
4.25 13.375 0.0
4.75 13.375 0.0
5.25 13.375 33818.00615397712
5.75 13.375 0.0
6.25 13.375 0.0
6.75 13.375 0.0
7.25 13.375 0.0
7.75 13.375 0.0
8.25 13.375 0.0
8.75 13.375 0.0
0.25 13.625 43652.82423194649
0.75 13.625 163225.3635204626
1.25 13.625 37992.456861586346
1.75 13.625 146040.0015592932
2.25 13.625 0.0
2.75 13.625 146320.83628420188
3.25 13.625 59211.84859347981
3.75 13.625 51808.88211546167
4.25 13.625 64673.97002427609
4.75 13.625 42205.49581414606
5.25 13.625 0.0
5.75 13.625 0.0
6.25 13.625 0.0
6.75 13.625 0.0
7.25 13.625 0.0
7.75 13.625 0.0
8.25 13.625 0.0
8.75 13.625 0.0
0.25 13.875 68093.04053490762
0.75 13.875 0.0
1.25 13.875 21037.766518231587
1.75 13.875 0.0
2.25 13.875 48097.63209705641
2.75 13.875 77121.21349209094
3.25 13.875 38436.477019215665
3.75 13.875 48889.522309382526
4.25 13.875 0.0
4.75 13.875 0.0
5.25 13.875 0.0
5.75 13.875 0.0
6.25 13.875 0.0
6.75 13.875 0.0
7.25 13.875 0.0
7.75 13.875 0.0
8.25 13.875 0.0
8.75 13.875 0.0
0.25 14.125 37963.298013598636
0.75 14.125 109445.2066278589
1.25 14.125 73725.83680654278
1.75 14.125 0.0
2.25 14.125 107254.40736095097
2.75 14.125 90816.59230773151
3.25 14.125 23364.64160679552
3.75 14.125 36374.95361621375
4.25 14.125 0.0
4.75 14.125 0.0
5.25 14.125 28828.47786591162
5.75 14.125 0.0
6.25 14.125 0.0
6.75 14.125 0.0
7.25 14.125 0.0
7.75 14.125 0.0
8.25 14.125 0.0
8.75 14.125 0.0
0.25 14.375 0.0
0.75 14.375 0.0
1.25 14.375 77188.18685764374
1.75 14.375 34784.10524974533
2.25 14.375 85918.48205869949
2.75 14.375 0.0
3.25 14.375 80343.76366331233
3.75 14.375 0.0
4.25 14.375 0.0
4.75 14.375 0.0
5.25 14.375 0.0
5.75 14.375 0.0
6.25 14.375 0.0
6.75 14.375 0.0
7.25 14.375 0.0
7.75 14.375 0.0
8.25 14.375 0.0
8.75 14.375 0.0
0.25 14.625 161627.92806260067
0.75 14.625 39974.87997236617
1.25 14.625 136327.29294782516
1.75 14.625 117439.56185024172
2.25 14.625 37853.23028582431
2.75 14.625 0.0
3.25 14.625 91947.05412592339
3.75 14.625 0.0
4.25 14.625 0.0
4.75 14.625 0.0
5.25 14.625 0.0
5.75 14.625 0.0
6.25 14.625 0.0
6.75 14.625 0.0
7.25 14.625 0.0
7.75 14.625 0.0
8.25 14.625 0.0
8.75 14.625 0.0
0.25 14.875 38509.41492606872
0.75 14.875 55698.63957016139
1.25 14.875 83334.06063567115
1.75 14.875 33257.519046254536
2.25 14.875 0.0
2.75 14.875 86344.15464716099
3.25 14.875 0.0
3.75 14.875 89545.7063525479
4.25 14.875 0.0
4.75 14.875 0.0
5.25 14.875 0.0
5.75 14.875 0.0
6.25 14.875 0.0
6.75 14.875 0.0
7.25 14.875 0.0
7.75 14.875 0.0
8.25 14.875 0.0
8.75 14.875 0.0
0.25 15.125 61095.64436161031
0.75 15.125 111435.24464842358
1.25 15.125 34850.57020746565
1.75 15.125 39192.00926415381
2.25 15.125 145828.07725219408
2.75 15.125 156906.23011767847
3.25 15.125 0.0
3.75 15.125 48082.86075650525
4.25 15.125 0.0
4.75 15.125 0.0
5.25 15.125 0.0
5.75 15.125 0.0
6.25 15.125 0.0
6.75 15.125 0.0
7.25 15.125 0.0
7.75 15.125 0.0
8.25 15.125 0.0
8.75 15.125 0.0
0.25 15.375 0.0
0.75 15.375 0.0
1.25 15.375 156228.4471412663
1.75 15.375 78319.25690930667
2.25 15.375 0.0
2.75 15.375 0.0
3.25 15.375 66638.10129889518
3.75 15.375 81296.50412753885
4.25 15.375 0.0
4.75 15.375 0.0
5.25 15.375 0.0
5.75 15.375 0.0
6.25 15.375 0.0
6.75 15.375 0.0
7.25 15.375 0.0
7.75 15.375 0.0
8.25 15.375 0.0
8.75 15.375 0.0
0.25 15.625 0.0
0.75 15.625 38957.9850636836
1.25 15.625 133436.85561754275
1.75 15.625 72742.70469748547
2.25 15.625 0.0
2.75 15.625 0.0
3.25 15.625 0.0
3.75 15.625 27413.048008878435
4.25 15.625 0.0
4.75 15.625 0.0
5.25 15.625 0.0
5.75 15.625 0.0
6.25 15.625 0.0
6.75 15.625 0.0
7.25 15.625 0.0
7.75 15.625 0.0
8.25 15.625 0.0
8.75 15.625 0.0
0.25 15.875 103995.05694081986
0.75 15.875 0.0
1.25 15.875 0.0
1.75 15.875 0.0
2.25 15.875 0.0
2.75 15.875 0.0
3.25 15.875 0.0
3.75 15.875 0.0
4.25 15.875 28305.11632221348
4.75 15.875 0.0
5.25 15.875 0.0
5.75 15.875 0.0
6.25 15.875 0.0
6.75 15.875 0.0
7.25 15.875 0.0
7.75 15.875 0.0
8.25 15.875 0.0
8.75 15.875 0.0
0.25 16.125 74146.40648787409
0.75 16.125 34765.52563664915
1.25 16.125 75698.04465255764
1.75 16.125 53519.17581156183
2.25 16.125 0.0
2.75 16.125 121516.69726886865
3.25 16.125 78096.68278743063
3.75 16.125 0.0
4.25 16.125 0.0
4.75 16.125 0.0
5.25 16.125 0.0
5.75 16.125 0.0
6.25 16.125 0.0
6.75 16.125 0.0
7.25 16.125 0.0
7.75 16.125 0.0
8.25 16.125 0.0
8.75 16.125 0.0
0.25 16.375 30773.579570549788
0.75 16.375 0.0
1.25 16.375 0.0
1.75 16.375 28993.203333431495
2.25 16.375 0.0
2.75 16.375 0.0
3.25 16.375 0.0
3.75 16.375 0.0
4.25 16.375 0.0
4.75 16.375 0.0
5.25 16.375 0.0
5.75 16.375 0.0
6.25 16.375 0.0
6.75 16.375 0.0
7.25 16.375 0.0
7.75 16.375 0.0
8.25 16.375 0.0
8.75 16.375 0.0
0.25 16.625 205836.22367079763
0.75 16.625 0.0
1.25 16.625 0.0
1.75 16.625 146511.97142037284
2.25 16.625 0.0
2.75 16.625 35607.80856496428
3.25 16.625 0.0
3.75 16.625 38865.68777123419
4.25 16.625 0.0
4.75 16.625 0.0
5.25 16.625 0.0
5.75 16.625 0.0
6.25 16.625 0.0
6.75 16.625 0.0
7.25 16.625 0.0
7.75 16.625 0.0
8.25 16.625 0.0
8.75 16.625 0.0
0.25 16.875 0.0
0.75 16.875 0.0
1.25 16.875 0.0
1.75 16.875 45292.34084704489
2.25 16.875 0.0
2.75 16.875 0.0
3.25 16.875 0.0
3.75 16.875 57703.712911684815
4.25 16.875 0.0
4.75 16.875 0.0
5.25 16.875 0.0
5.75 16.875 0.0
6.25 16.875 0.0
6.75 16.875 0.0
7.25 16.875 0.0
7.75 16.875 0.0
8.25 16.875 0.0
8.75 16.875 0.0
0.25 17.125 59328.65706416299
0.75 17.125 0.0
1.25 17.125 0.0
1.75 17.125 0.0
2.25 17.125 0.0
2.75 17.125 0.0
3.25 17.125 0.0
3.75 17.125 0.0
4.25 17.125 84941.61449166153
4.75 17.125 0.0
5.25 17.125 0.0
5.75 17.125 0.0
6.25 17.125 0.0
6.75 17.125 0.0
7.25 17.125 0.0
7.75 17.125 0.0
8.25 17.125 0.0
8.75 17.125 0.0
0.25 17.375 99882.42116631343
0.75 17.375 0.0
1.25 17.375 0.0
1.75 17.375 0.0
2.25 17.375 87722.06472789567
2.75 17.375 0.0
3.25 17.375 0.0
3.75 17.375 0.0
4.25 17.375 0.0
4.75 17.375 0.0
5.25 17.375 0.0
5.75 17.375 0.0
6.25 17.375 0.0
6.75 17.375 0.0
7.25 17.375 0.0
7.75 17.375 0.0
8.25 17.375 0.0
8.75 17.375 0.0
0.25 17.625 42617.87539872937
0.75 17.625 43489.80500002454
1.25 17.625 47423.20388198785
1.75 17.625 0.0
2.25 17.625 80259.46294862195
2.75 17.625 0.0
3.25 17.625 70817.61289200744
3.75 17.625 0.0
4.25 17.625 0.0
4.75 17.625 0.0
5.25 17.625 0.0
5.75 17.625 0.0
6.25 17.625 0.0
6.75 17.625 0.0
7.25 17.625 0.0
7.75 17.625 0.0
8.25 17.625 0.0
8.75 17.625 0.0
0.25 17.875 78327.20529717222
0.75 17.875 0.0
1.25 17.875 0.0
1.75 17.875 0.0
2.25 17.875 43874.61213159704
2.75 17.875 40399.78130942018
3.25 17.875 0.0
3.75 17.875 0.0
4.25 17.875 0.0
4.75 17.875 0.0
5.25 17.875 0.0
5.75 17.875 0.0
6.25 17.875 0.0
6.75 17.875 0.0
7.25 17.875 0.0
7.75 17.875 0.0
8.25 17.875 0.0
8.75 17.875 0.0
0.25 18.125 67827.05936441683
0.75 18.125 0.0
1.25 18.125 0.0
1.75 18.125 0.0
2.25 18.125 41461.52739041698
2.75 18.125 0.0
3.25 18.125 106289.93227913349
3.75 18.125 0.0
4.25 18.125 0.0
4.75 18.125 0.0
5.25 18.125 0.0
5.75 18.125 0.0
6.25 18.125 0.0
6.75 18.125 0.0
7.25 18.125 0.0
7.75 18.125 0.0
8.25 18.125 0.0
8.75 18.125 0.0
0.25 18.375 0.0
0.75 18.375 41823.49834372008
1.25 18.375 0.0
1.75 18.375 0.0
2.25 18.375 0.0
2.75 18.375 0.0
3.25 18.375 0.0
3.75 18.375 0.0
4.25 18.375 0.0
4.75 18.375 0.0
5.25 18.375 0.0
5.75 18.375 0.0
6.25 18.375 0.0
6.75 18.375 0.0
7.25 18.375 0.0
7.75 18.375 0.0
8.25 18.375 0.0
8.75 18.375 0.0
0.25 18.625 35606.602134827874
0.75 18.625 0.0
1.25 18.625 0.0
1.75 18.625 0.0
2.25 18.625 0.0
2.75 18.625 0.0
3.25 18.625 0.0
3.75 18.625 0.0
4.25 18.625 0.0
4.75 18.625 0.0
5.25 18.625 0.0
5.75 18.625 0.0
6.25 18.625 0.0
6.75 18.625 0.0
7.25 18.625 0.0
7.75 18.625 0.0
8.25 18.625 0.0
8.75 18.625 0.0
0.25 18.875 43955.6698628288
0.75 18.875 0.0
1.25 18.875 0.0
1.75 18.875 0.0
2.25 18.875 39171.608548295706
2.75 18.875 37762.388099262265
3.25 18.875 0.0
3.75 18.875 0.0
4.25 18.875 0.0
4.75 18.875 0.0
5.25 18.875 0.0
5.75 18.875 0.0
6.25 18.875 0.0
6.75 18.875 0.0
7.25 18.875 0.0
7.75 18.875 0.0
8.25 18.875 0.0
8.75 18.875 0.0
0.25 19.125 0.0
0.75 19.125 0.0
1.25 19.125 0.0
1.75 19.125 0.0
2.25 19.125 0.0
2.75 19.125 0.0
3.25 19.125 0.0
3.75 19.125 0.0
4.25 19.125 0.0
4.75 19.125 0.0
5.25 19.125 0.0
5.75 19.125 0.0
6.25 19.125 0.0
6.75 19.125 0.0
7.25 19.125 0.0
7.75 19.125 0.0
8.25 19.125 0.0
8.75 19.125 0.0
0.25 19.375 47005.335118844414
0.75 19.375 38777.34564051167
1.25 19.375 0.0
1.75 19.375 0.0
2.25 19.375 0.0
2.75 19.375 0.0
3.25 19.375 42479.37964242922
3.75 19.375 0.0
4.25 19.375 0.0
4.75 19.375 0.0
5.25 19.375 0.0
5.75 19.375 0.0
6.25 19.375 0.0
6.75 19.375 0.0
7.25 19.375 0.0
7.75 19.375 0.0
8.25 19.375 0.0
8.75 19.375 0.0
0.25 19.625 43489.80500002454
0.75 19.625 0.0
1.25 19.625 29843.417235479334
1.75 19.625 75630.36823153257
2.25 19.625 0.0
2.75 19.625 43489.80500002454
3.25 19.625 0.0
3.75 19.625 73424.44944512601
4.25 19.625 0.0
4.75 19.625 0.0
5.25 19.625 0.0
5.75 19.625 0.0
6.25 19.625 0.0
6.75 19.625 0.0
7.25 19.625 0.0
7.75 19.625 0.0
8.25 19.625 0.0
8.75 19.625 0.0
0.25 19.875 46090.34871088054
0.75 19.875 0.0
1.25 19.875 0.0
1.75 19.875 0.0
2.25 19.875 0.0
2.75 19.875 0.0
3.25 19.875 0.0
3.75 19.875 0.0
4.25 19.875 0.0
4.75 19.875 0.0
5.25 19.875 0.0
5.75 19.875 0.0
6.25 19.875 0.0
6.75 19.875 0.0
7.25 19.875 0.0
7.75 19.875 0.0
8.25 19.875 0.0
8.75 19.875 0.0
0.25 20.125 0.0
0.75 20.125 0.0
1.25 20.125 0.0
1.75 20.125 0.0
2.25 20.125 0.0
2.75 20.125 43489.80500002454
3.25 20.125 0.0
3.75 20.125 0.0
4.25 20.125 0.0
4.75 20.125 0.0
5.25 20.125 0.0
5.75 20.125 0.0
6.25 20.125 0.0
6.75 20.125 0.0
7.25 20.125 0.0
7.75 20.125 0.0
8.25 20.125 0.0
8.75 20.125 0.0
0.25 20.375 0.0
0.75 20.375 43489.80500002454
1.25 20.375 0.0
1.75 20.375 41784.47786181351
2.25 20.375 0.0
2.75 20.375 0.0
3.25 20.375 0.0
3.75 20.375 0.0
4.25 20.375 0.0
4.75 20.375 0.0
5.25 20.375 0.0
5.75 20.375 0.0
6.25 20.375 0.0
6.75 20.375 0.0
7.25 20.375 0.0
7.75 20.375 0.0
8.25 20.375 0.0
8.75 20.375 0.0
0.25 20.625 0.0
0.75 20.625 0.0
1.25 20.625 56384.81478996276
1.75 20.625 0.0
2.25 20.625 0.0
2.75 20.625 0.0
3.25 20.625 31203.640590236682
3.75 20.625 0.0
4.25 20.625 37690.65719188708
4.75 20.625 0.0
5.25 20.625 0.0
5.75 20.625 0.0
6.25 20.625 0.0
6.75 20.625 0.0
7.25 20.625 0.0
7.75 20.625 0.0
8.25 20.625 0.0
8.75 20.625 0.0
0.25 20.875 0.0
0.75 20.875 0.0
1.25 20.875 43844.06504559294
1.75 20.875 0.0
2.25 20.875 28659.166396301414
2.75 20.875 0.0
3.25 20.875 0.0
3.75 20.875 0.0
4.25 20.875 0.0
4.75 20.875 0.0
5.25 20.875 0.0
5.75 20.875 0.0
6.25 20.875 0.0
6.75 20.875 0.0
7.25 20.875 0.0
7.75 20.875 0.0
8.25 20.875 0.0
8.75 20.875 0.0
0.25 21.125 0.0
0.75 21.125 45214.19749964747
1.25 21.125 38886.81593494034
1.75 21.125 48313.58522257956
2.25 21.125 0.0
2.75 21.125 0.0
3.25 21.125 0.0
3.75 21.125 0.0
4.25 21.125 0.0
4.75 21.125 0.0
5.25 21.125 0.0
5.75 21.125 0.0
6.25 21.125 0.0
6.75 21.125 0.0
7.25 21.125 0.0
7.75 21.125 0.0
8.25 21.125 0.0
8.75 21.125 0.0
0.25 21.375 0.0
0.75 21.375 0.0
1.25 21.375 0.0
1.75 21.375 0.0
2.25 21.375 0.0
2.75 21.375 0.0
3.25 21.375 0.0
3.75 21.375 0.0
4.25 21.375 0.0
4.75 21.375 0.0
5.25 21.375 0.0
5.75 21.375 0.0
6.25 21.375 0.0
6.75 21.375 0.0
7.25 21.375 0.0
7.75 21.375 0.0
8.25 21.375 0.0
8.75 21.375 0.0
0.25 21.625 37661.05669841203
0.75 21.625 0.0
1.25 21.625 0.0
1.75 21.625 0.0
2.25 21.625 0.0
2.75 21.625 0.0
3.25 21.625 0.0
3.75 21.625 0.0
4.25 21.625 0.0
4.75 21.625 0.0
5.25 21.625 0.0
5.75 21.625 0.0
6.25 21.625 0.0
6.75 21.625 0.0
7.25 21.625 0.0
7.75 21.625 0.0
8.25 21.625 0.0
8.75 21.625 0.0
0.25 21.875 0.0
0.75 21.875 0.0
1.25 21.875 0.0
1.75 21.875 0.0
2.25 21.875 0.0
2.75 21.875 0.0
3.25 21.875 0.0
3.75 21.875 99736.3726961181
4.25 21.875 0.0
4.75 21.875 0.0
5.25 21.875 0.0
5.75 21.875 0.0
6.25 21.875 0.0
6.75 21.875 0.0
7.25 21.875 0.0
7.75 21.875 0.0
8.25 21.875 0.0
8.75 21.875 0.0
0.25 22.125 0.0
0.75 22.125 29271.59078265455
1.25 22.125 0.0
1.75 22.125 0.0
2.25 22.125 0.0
2.75 22.125 0.0
3.25 22.125 41966.52671476106
3.75 22.125 0.0
4.25 22.125 0.0
4.75 22.125 0.0
5.25 22.125 0.0
5.75 22.125 0.0
6.25 22.125 0.0
6.75 22.125 0.0
7.25 22.125 0.0
7.75 22.125 0.0
8.25 22.125 0.0
8.75 22.125 0.0
0.25 22.375 0.0
0.75 22.375 0.0
1.25 22.375 0.0
1.75 22.375 0.0
2.25 22.375 20191.366890840392
2.75 22.375 0.0
3.25 22.375 0.0
3.75 22.375 0.0
4.25 22.375 0.0
4.75 22.375 0.0
5.25 22.375 0.0
5.75 22.375 0.0
6.25 22.375 0.0
6.75 22.375 0.0
7.25 22.375 0.0
7.75 22.375 0.0
8.25 22.375 0.0
8.75 22.375 0.0
0.25 22.625 0.0
0.75 22.625 0.0
1.25 22.625 39317.9099468351
1.75 22.625 39772.94913959303
2.25 22.625 0.0
2.75 22.625 0.0
3.25 22.625 0.0
3.75 22.625 0.0
4.25 22.625 0.0
4.75 22.625 0.0
5.25 22.625 0.0
5.75 22.625 0.0
6.25 22.625 0.0
6.75 22.625 0.0
7.25 22.625 0.0
7.75 22.625 0.0
8.25 22.625 0.0
8.75 22.625 0.0
0.25 22.875 0.0
0.75 22.875 0.0
1.25 22.875 0.0
1.75 22.875 0.0
2.25 22.875 0.0
2.75 22.875 0.0
3.25 22.875 0.0
3.75 22.875 0.0
4.25 22.875 0.0
4.75 22.875 0.0
5.25 22.875 0.0
5.75 22.875 0.0
6.25 22.875 0.0
6.75 22.875 0.0
7.25 22.875 0.0
7.75 22.875 0.0
8.25 22.875 0.0
8.75 22.875 0.0
0.25 23.125 0.0
0.75 23.125 0.0
1.25 23.125 0.0
1.75 23.125 0.0
2.25 23.125 0.0
2.75 23.125 47104.755294853174
3.25 23.125 0.0
3.75 23.125 0.0
4.25 23.125 0.0
4.75 23.125 0.0
5.25 23.125 0.0
5.75 23.125 0.0
6.25 23.125 0.0
6.75 23.125 0.0
7.25 23.125 0.0
7.75 23.125 0.0
8.25 23.125 0.0
8.75 23.125 0.0
0.25 23.375 0.0
0.75 23.375 17505.4285606486
1.25 23.375 0.0
1.75 23.375 0.0
2.25 23.375 0.0
2.75 23.375 0.0
3.25 23.375 0.0
3.75 23.375 0.0
4.25 23.375 0.0
4.75 23.375 0.0
5.25 23.375 0.0
5.75 23.375 0.0
6.25 23.375 0.0
6.75 23.375 0.0
7.25 23.375 0.0
7.75 23.375 0.0
8.25 23.375 0.0
8.75 23.375 0.0
0.25 23.625 0.0
0.75 23.625 0.0
1.25 23.625 0.0
1.75 23.625 0.0
2.25 23.625 0.0
2.75 23.625 0.0
3.25 23.625 0.0
3.75 23.625 0.0
4.25 23.625 0.0
4.75 23.625 0.0
5.25 23.625 0.0
5.75 23.625 0.0
6.25 23.625 0.0
6.75 23.625 0.0
7.25 23.625 0.0
7.75 23.625 0.0
8.25 23.625 0.0
8.75 23.625 0.0
0.25 23.875 0.0
0.75 23.875 0.0
1.25 23.875 0.0
1.75 23.875 0.0
2.25 23.875 0.0
2.75 23.875 0.0
3.25 23.875 49411.55681498963
3.75 23.875 0.0
4.25 23.875 0.0
4.75 23.875 0.0
5.25 23.875 0.0
5.75 23.875 0.0
6.25 23.875 0.0
6.75 23.875 0.0
7.25 23.875 0.0
7.75 23.875 0.0
8.25 23.875 0.0
8.75 23.875 0.0
0.25 24.125 0.0
0.75 24.125 0.0
1.25 24.125 0.0
1.75 24.125 36800.60570431022
2.25 24.125 0.0
2.75 24.125 0.0
3.25 24.125 0.0
3.75 24.125 0.0
4.25 24.125 0.0
4.75 24.125 0.0
5.25 24.125 0.0
5.75 24.125 0.0
6.25 24.125 0.0
6.75 24.125 0.0
7.25 24.125 0.0
7.75 24.125 0.0
8.25 24.125 0.0
8.75 24.125 0.0
0.25 24.375 0.0
0.75 24.375 0.0
1.25 24.375 0.0
1.75 24.375 0.0
2.25 24.375 0.0
2.75 24.375 0.0
3.25 24.375 0.0
3.75 24.375 0.0
4.25 24.375 0.0
4.75 24.375 0.0
5.25 24.375 0.0
5.75 24.375 0.0
6.25 24.375 0.0
6.75 24.375 0.0
7.25 24.375 0.0
7.75 24.375 0.0
8.25 24.375 0.0
8.75 24.375 0.0
0.25 24.625 0.0
0.75 24.625 52578.75696943341
1.25 24.625 0.0
1.75 24.625 0.0
2.25 24.625 0.0
2.75 24.625 0.0
3.25 24.625 0.0
3.75 24.625 0.0
4.25 24.625 0.0
4.75 24.625 0.0
5.25 24.625 0.0
5.75 24.625 0.0
6.25 24.625 0.0
6.75 24.625 0.0
7.25 24.625 0.0
7.75 24.625 0.0
8.25 24.625 0.0
8.75 24.625 0.0
0.25 24.875 0.0
0.75 24.875 0.0
1.25 24.875 0.0
1.75 24.875 0.0
2.25 24.875 0.0
2.75 24.875 0.0
3.25 24.875 0.0
3.75 24.875 0.0
4.25 24.875 0.0
4.75 24.875 0.0
5.25 24.875 0.0
5.75 24.875 0.0
6.25 24.875 0.0
6.75 24.875 0.0
7.25 24.875 0.0
7.75 24.875 0.0
8.25 24.875 0.0
8.75 24.875 0.0
0.25 25.125 0.0
0.75 25.125 0.0
1.25 25.125 0.0
1.75 25.125 0.0
2.25 25.125 0.0
2.75 25.125 0.0
3.25 25.125 0.0
3.75 25.125 0.0
4.25 25.125 0.0
4.75 25.125 0.0
5.25 25.125 0.0
5.75 25.125 0.0
6.25 25.125 0.0
6.75 25.125 0.0
7.25 25.125 0.0
7.75 25.125 0.0
8.25 25.125 0.0
8.75 25.125 0.0
0.25 25.375 31769.39400542801
0.75 25.375 0.0
1.25 25.375 0.0
1.75 25.375 0.0
2.25 25.375 0.0
2.75 25.375 0.0
3.25 25.375 0.0
3.75 25.375 0.0
4.25 25.375 0.0
4.75 25.375 0.0
5.25 25.375 0.0
5.75 25.375 0.0
6.25 25.375 0.0
6.75 25.375 0.0
7.25 25.375 0.0
7.75 25.375 0.0
8.25 25.375 0.0
8.75 25.375 0.0
0.25 25.625 0.0
0.75 25.625 0.0
1.25 25.625 0.0
1.75 25.625 0.0
2.25 25.625 0.0
2.75 25.625 0.0
3.25 25.625 0.0
3.75 25.625 0.0
4.25 25.625 0.0
4.75 25.625 0.0
5.25 25.625 0.0
5.75 25.625 0.0
6.25 25.625 0.0
6.75 25.625 0.0
7.25 25.625 0.0
7.75 25.625 0.0
8.25 25.625 0.0
8.75 25.625 0.0
0.25 25.875 0.0
0.75 25.875 0.0
1.25 25.875 0.0
1.75 25.875 0.0
2.25 25.875 0.0
2.75 25.875 0.0
3.25 25.875 0.0
3.75 25.875 0.0
4.25 25.875 0.0
4.75 25.875 0.0
5.25 25.875 0.0
5.75 25.875 0.0
6.25 25.875 0.0
6.75 25.875 0.0
7.25 25.875 0.0
7.75 25.875 0.0
8.25 25.875 0.0
8.75 25.875 0.0
0.25 26.125 0.0
0.75 26.125 0.0
1.25 26.125 0.0
1.75 26.125 0.0
2.25 26.125 0.0
2.75 26.125 0.0
3.25 26.125 0.0
3.75 26.125 0.0
4.25 26.125 0.0
4.75 26.125 0.0
5.25 26.125 0.0
5.75 26.125 0.0
6.25 26.125 0.0
6.75 26.125 0.0
7.25 26.125 0.0
7.75 26.125 0.0
8.25 26.125 0.0
8.75 26.125 0.0
0.25 26.375 0.0
0.75 26.375 0.0
1.25 26.375 0.0
1.75 26.375 0.0
2.25 26.375 0.0
2.75 26.375 0.0
3.25 26.375 0.0
3.75 26.375 0.0
4.25 26.375 0.0
4.75 26.375 0.0
5.25 26.375 0.0
5.75 26.375 0.0
6.25 26.375 0.0
6.75 26.375 0.0
7.25 26.375 0.0
7.75 26.375 0.0
8.25 26.375 0.0
8.75 26.375 0.0
0.25 26.625 0.0
0.75 26.625 0.0
1.25 26.625 0.0
1.75 26.625 0.0
2.25 26.625 0.0
2.75 26.625 0.0
3.25 26.625 0.0
3.75 26.625 0.0
4.25 26.625 0.0
4.75 26.625 0.0
5.25 26.625 0.0
5.75 26.625 0.0
6.25 26.625 0.0
6.75 26.625 0.0
7.25 26.625 0.0
7.75 26.625 0.0
8.25 26.625 0.0
8.75 26.625 0.0
0.25 26.875 0.0
0.75 26.875 0.0
1.25 26.875 0.0
1.75 26.875 0.0
2.25 26.875 0.0
2.75 26.875 0.0
3.25 26.875 0.0
3.75 26.875 0.0
4.25 26.875 0.0
4.75 26.875 0.0
5.25 26.875 0.0
5.75 26.875 0.0
6.25 26.875 0.0
6.75 26.875 0.0
7.25 26.875 0.0
7.75 26.875 0.0
8.25 26.875 0.0
8.75 26.875 0.0
0.25 27.125 0.0
0.75 27.125 0.0
1.25 27.125 0.0
1.75 27.125 0.0
2.25 27.125 0.0
2.75 27.125 0.0
3.25 27.125 0.0
3.75 27.125 0.0
4.25 27.125 0.0
4.75 27.125 0.0
5.25 27.125 0.0
5.75 27.125 0.0
6.25 27.125 0.0
6.75 27.125 0.0
7.25 27.125 0.0
7.75 27.125 0.0
8.25 27.125 0.0
8.75 27.125 0.0
0.25 27.375 0.0
0.75 27.375 0.0
1.25 27.375 0.0
1.75 27.375 0.0
2.25 27.375 0.0
2.75 27.375 0.0
3.25 27.375 0.0
3.75 27.375 0.0
4.25 27.375 0.0
4.75 27.375 0.0
5.25 27.375 0.0
5.75 27.375 0.0
6.25 27.375 0.0
6.75 27.375 0.0
7.25 27.375 0.0
7.75 27.375 0.0
8.25 27.375 0.0
8.75 27.375 0.0
0.25 27.625 0.0
0.75 27.625 0.0
1.25 27.625 0.0
1.75 27.625 0.0
2.25 27.625 0.0
2.75 27.625 0.0
3.25 27.625 0.0
3.75 27.625 0.0
4.25 27.625 0.0
4.75 27.625 0.0
5.25 27.625 0.0
5.75 27.625 0.0
6.25 27.625 0.0
6.75 27.625 0.0
7.25 27.625 0.0
7.75 27.625 0.0
8.25 27.625 0.0
8.75 27.625 0.0
0.25 27.875 0.0
0.75 27.875 0.0
1.25 27.875 0.0
1.75 27.875 0.0
2.25 27.875 28993.203333431495
2.75 27.875 0.0
3.25 27.875 0.0
3.75 27.875 0.0
4.25 27.875 0.0
4.75 27.875 0.0
5.25 27.875 0.0
5.75 27.875 0.0
6.25 27.875 0.0
6.75 27.875 0.0
7.25 27.875 0.0
7.75 27.875 0.0
8.25 27.875 0.0
8.75 27.875 0.0
0.25 28.125 0.0
0.75 28.125 0.0
1.25 28.125 0.0
1.75 28.125 0.0
2.25 28.125 0.0
2.75 28.125 0.0
3.25 28.125 0.0
3.75 28.125 0.0
4.25 28.125 0.0
4.75 28.125 0.0
5.25 28.125 0.0
5.75 28.125 0.0
6.25 28.125 0.0
6.75 28.125 0.0
7.25 28.125 0.0
7.75 28.125 0.0
8.25 28.125 0.0
8.75 28.125 0.0
0.25 28.375 0.0
0.75 28.375 875292.9396615673
1.25 28.375 0.0
1.75 28.375 0.0
2.25 28.375 0.0
2.75 28.375 0.0
3.25 28.375 0.0
3.75 28.375 0.0
4.25 28.375 0.0
4.75 28.375 0.0
5.25 28.375 0.0
5.75 28.375 0.0
6.25 28.375 0.0
6.75 28.375 0.0
7.25 28.375 0.0
7.75 28.375 0.0
8.25 28.375 0.0
8.75 28.375 0.0
0.25 28.625 0.0
0.75 28.625 0.0
1.25 28.625 0.0
1.75 28.625 0.0
2.25 28.625 0.0
2.75 28.625 0.0
3.25 28.625 40182.94972132857
3.75 28.625 0.0
4.25 28.625 0.0
4.75 28.625 0.0
5.25 28.625 0.0
5.75 28.625 0.0
6.25 28.625 0.0
6.75 28.625 0.0
7.25 28.625 0.0
7.75 28.625 0.0
8.25 28.625 0.0
8.75 28.625 0.0
0.25 28.875 89996.4435696393
0.75 28.875 0.0
1.25 28.875 0.0
1.75 28.875 0.0
2.25 28.875 0.0
2.75 28.875 0.0
3.25 28.875 0.0
3.75 28.875 0.0
4.25 28.875 0.0
4.75 28.875 0.0
5.25 28.875 0.0
5.75 28.875 0.0
6.25 28.875 0.0
6.75 28.875 0.0
7.25 28.875 0.0
7.75 28.875 0.0
8.25 28.875 0.0
8.75 28.875 0.0
0.25 29.125 0.0
0.75 29.125 0.0
1.25 29.125 0.0
1.75 29.125 0.0
2.25 29.125 0.0
2.75 29.125 0.0
3.25 29.125 0.0
3.75 29.125 0.0
4.25 29.125 0.0
4.75 29.125 0.0
5.25 29.125 0.0
5.75 29.125 0.0
6.25 29.125 0.0
6.75 29.125 0.0
7.25 29.125 0.0
7.75 29.125 0.0
8.25 29.125 0.0
8.75 29.125 0.0
0.25 29.375 0.0
0.75 29.375 0.0
1.25 29.375 0.0
1.75 29.375 0.0
2.25 29.375 0.0
2.75 29.375 0.0
3.25 29.375 0.0
3.75 29.375 0.0
4.25 29.375 0.0
4.75 29.375 0.0
5.25 29.375 0.0
5.75 29.375 0.0
6.25 29.375 0.0
6.75 29.375 0.0
7.25 29.375 0.0
7.75 29.375 0.0
8.25 29.375 0.0
8.75 29.375 0.0
0.25 29.625 43489.80500002454
0.75 29.625 0.0
1.25 29.625 0.0
1.75 29.625 0.0
2.25 29.625 0.0
2.75 29.625 0.0
3.25 29.625 0.0
3.75 29.625 0.0
4.25 29.625 0.0
4.75 29.625 0.0
5.25 29.625 0.0
5.75 29.625 0.0
6.25 29.625 0.0
6.75 29.625 0.0
7.25 29.625 0.0
7.75 29.625 0.0
8.25 29.625 0.0
8.75 29.625 0.0
0.25 29.875 0.0
0.75 29.875 0.0
1.25 29.875 0.0
1.75 29.875 0.0
2.25 29.875 0.0
2.75 29.875 0.0
3.25 29.875 0.0
3.75 29.875 0.0
4.25 29.875 0.0
4.75 29.875 0.0
5.25 29.875 0.0
5.75 29.875 0.0
6.25 29.875 0.0
6.75 29.875 0.0
7.25 29.875 0.0
7.75 29.875 0.0
8.25 29.875 0.0
8.75 29.875 0.0
