11.294627058970837 657.8047729588691
14.219093021276404 568.3032968572827
17.900777537149963 9.899496723846369
22.535743732392298 1488.7337157319776
28.370820458389794 12319.599755452698
35.71674682851676 14603.137109758389
44.96472020903849 34656.07819485427
56.60722890537329 52014.87751515181
71.26427896022373 57130.7598694808
89.71641173621407 112182.50804417126
112.94627058970838 104526.88285154407
142.1909302127641 194850.0869038868
179.00777537149963 230515.5361780303
225.35743732392305 321079.40575268015
283.7082045838981 407052.2492621443
357.1674682851676 479686.3881527467
449.6472020903849 571832.789897477
566.0722890537327 641710.2318498134
712.6427896022376 645285.416059711
897.164117362141 611736.0911730663
1129.4627058970837 513775.0368696619
1421.9093021276408 364511.1037311936
1790.0777537149975 232147.58333243337
2253.5743732392316 128755.465504135
2837.082045838981 61753.79006748181
3571.674682851676 23066.353196983226
4496.47202090385 7335.543455783278
5660.72289053733 1574.3112120451406
7126.427896022379 106.90655301883817
8971.64117362141 1.5039113145321608
