11.294627058970837 203.47180214564082
14.219093021276404 263.9600634847982
17.900777537149963 1903.021554813789
22.535743732392298 4821.87247530793
28.370820458389794 15673.180387743574
35.71674682851676 8985.335534951857
44.96472020903849 25424.01033411594
56.60722890537329 43279.71732588149
71.26427896022373 62348.03093075595
89.71641173621407 105637.71934580538
112.94627058970838 132053.37004859565
142.1909302127641 205798.93165394355
179.00777537149963 255096.40091111802
225.35743732392305 305230.97349966096
283.7082045838981 424082.81057356694
357.1674682851676 524571.7762229997
449.6472020903849 620922.3863101364
566.0722890537327 700822.0079302578
712.6427896022376 706496.4397277059
897.164117362141 643373.3443720769
1129.4627058970837 577466.5093488172
1421.9093021276408 420416.3712124275
1790.0777537149975 278110.6931507243
2253.5743732392316 163114.40014412627
2837.082045838981 73955.79471940268
3571.674682851676 27637.175706342794
4496.47202090385 7646.015201815404
5660.72289053733 1400.5070047052577
7126.427896022379 39.7065482577309
8971.64117362141 0.03663612250238657
