0.25 0.125 972960864.653
0.75 0.125 54722113.5987
1.25 0.125 50955229.5969
1.75 0.125 53573996.2384
2.25 0.125 57742841.6641
2.75 0.125 62195707.7365
3.25 0.125 67563216.5698
3.75 0.125 69402129.91
4.25 0.125 68930366.8018
4.75 0.125 62491763.1565
5.25 0.125 52724341.2527
5.75 0.125 40410361.3463
6.25 0.125 26673871.2514
6.75 0.125 13700385.7754
7.25 0.125 5458973.10938
7.75 0.125 1150524.31494
8.25 0.125 86650.3668156
8.75 0.125 0.0
0.25 0.375 88311165.5129
0.75 0.375 95787166.6054
1.25 0.375 96870296.1906
1.75 0.375 103152447.785
2.25 0.375 113119646.923
2.75 0.375 122761907.186
3.25 0.375 132437864.814
3.75 0.375 140055876.23
4.25 0.375 140727416.572
4.75 0.375 132786873.236
5.25 0.375 114262950.374
5.75 0.375 88600000.069
6.25 0.375 59892252.152
6.75 0.375 33148579.2162
7.25 0.375 12860358.6082
7.75 0.375 2760776.96493
8.25 0.375 132382.504857
8.75 0.375 2406.95463377
0.25 0.625 81477821.3077
0.75 0.625 100305020.453
1.25 0.625 106279081.854
1.75 0.625 113848954.177
2.25 0.625 125676729.248
2.75 0.625 134312882.473
3.25 0.625 145815718.668
3.75 0.625 151616479.336
4.25 0.625 152035289.442
4.75 0.625 143348590.169
5.25 0.625 125411964.238
5.75 0.625 97813822.407
6.25 0.625 66374180.9808
6.75 0.625 36638663.4352
7.25 0.625 13986813.3768
7.75 0.625 3085715.84049
8.25 0.625 185335.5068
8.75 0.625 2406.95463377
0.25 0.875 74204004.4044
0.75 0.875 92908448.8634
1.25 0.875 102861206.274
1.75 0.875 110320358.684
2.25 0.875 118222390.747
2.75 0.875 125919831.666
3.25 0.875 133598016.947
3.75 0.875 136219190.543
4.25 0.875 136621151.967
4.75 0.875 128223287.25
5.25 0.875 109511621.927
5.75 0.875 86436147.8532
6.25 0.875 57872817.2143
6.75 0.875 32481852.7827
7.25 0.875 12164748.7191
7.75 0.875 2308269.49378
8.25 0.875 117940.777055
8.75 0.875 0.0
0.25 1.125 67031279.5958
0.75 1.125 83396164.1508
1.25 1.125 92860309.7707
1.75 1.125 100723830.559
2.25 1.125 105492007.689
2.75 1.125 109266112.554
3.25 1.125 114159451.325
3.75 1.125 114792480.394
4.25 1.125 112347014.486
4.75 1.125 103648280.439
5.25 1.125 88725161.7099
5.75 1.125 67765400.7591
6.25 1.125 44348139.1272
6.75 1.125 23954012.5153
7.25 1.125 8826302.64202
7.75 1.125 1668019.5612
8.25 1.125 74615.5936468
8.75 1.125 0.0
0.25 1.375 60231632.7554
0.75 1.375 73058293.9987
1.25 1.375 81304520.574
1.75 1.375 86927166.5985
2.25 1.375 91069535.5232
2.75 1.375 92867530.6346
3.25 1.375 94232273.912
3.75 1.375 93620907.435
4.25 1.375 88843102.487
4.75 1.375 81039755.5643
5.25 1.375 67151627.3275
5.75 1.375 50141678.9306
6.25 1.375 31812719.3945
6.75 1.375 16795729.4344
7.25 1.375 5964433.58248
7.75 1.375 885759.305226
8.25 1.375 31290.410239
8.75 1.375 0.0
0.25 1.625 53571589.2838
0.75 1.625 62917794.1267
1.25 1.625 71409530.0746
1.75 1.625 73623928.3377
2.25 1.625 76695202.4504
2.75 1.625 78218804.7335
3.25 1.625 76748155.4523
3.75 1.625 73997006.3059
4.25 1.625 69659674.0559
4.75 1.625 61521760.4391
5.25 1.625 49809519.1912
5.75 1.625 36116354.2797
6.25 1.625 22938277.6598
6.75 1.625 11038293.9505
7.25 1.625 3610431.95065
7.75 1.625 522309.155527
8.25 1.625 14441.7278026
8.75 1.625 0.0
0.25 1.875 46783977.2165
0.75 1.875 54009655.0271
1.25 1.875 59723765.3277
1.75 1.875 62949084.5369
2.25 1.875 64463059.0016
2.75 1.875 64032214.1221
3.25 1.875 62036848.7307
3.75 1.875 58662298.3342
4.25 1.875 53800249.974
4.75 1.875 46735838.1239
5.25 1.875 36648291.2537
5.75 1.875 26295979.3739
6.25 1.875 15568182.5712
6.75 1.875 7451931.54614
7.25 1.875 2303455.58452
7.75 1.875 204591.14387
8.25 1.875 0.0
8.75 1.875 0.0
0.25 2.125 40716044.5848
0.75 2.125 46921173.6307
1.25 2.125 51068356.4646
1.75 2.125 52558261.3829
2.25 2.125 53335707.7296
2.75 2.125 51809698.4918
3.25 2.125 50076691.1555
3.75 2.125 47303879.4174
4.25 2.125 41955626.2212
4.75 2.125 35362977.4793
5.25 2.125 26868834.5767
5.75 2.125 18774246.1434
6.25 2.125 10710948.1203
6.75 2.125 4963140.45483
7.25 2.125 1489904.9183
7.75 2.125 113126.867787
8.25 2.125 0.0
8.75 2.125 0.0
0.25 2.375 35567568.6232
0.75 2.375 39486090.767
1.25 2.375 42422575.4201
1.75 2.375 43955805.5219
2.25 2.375 44186873.1667
2.75 2.375 42737886.4772
3.25 2.375 40133561.5634
3.75 2.375 37721793.0204
4.25 2.375 32554061.4217
4.75 2.375 27282830.7738
5.25 2.375 20329138.8368
5.75 2.375 14066242.8797
6.25 2.375 7341211.63299
6.75 2.375 3360108.66874
7.25 2.375 883352.350593
7.75 2.375 86650.3668156
8.25 2.375 0.0
8.75 2.375 0.0
0.25 2.625 30224129.3362
0.75 2.625 33846596.06
1.25 2.625 35543499.0768
1.75 2.625 36718092.9381
2.25 2.625 36434072.2913
2.75 2.625 34891214.3711
3.25 2.625 32996941.0743
3.75 2.625 30455196.9811
4.25 2.625 25987889.1808
4.75 2.625 20574648.2094
5.25 2.625 15452648.7488
5.75 2.625 10024966.0496
6.25 2.625 5179766.37187
6.75 2.625 2026655.80163
7.25 2.625 476577.017486
7.75 2.625 21662.5917039
8.25 2.625 0.0
8.75 2.625 0.0
0.25 2.875 25987889.1808
0.75 2.875 28683678.3706
1.25 2.875 30255419.7465
1.75 2.875 30845123.6317
2.25 2.875 30609242.0776
2.75 2.875 28806433.0569
3.25 2.875 26707568.6163
3.75 2.875 23790339.6002
4.25 2.875 20475963.0695
4.75 2.875 16258978.5511
5.25 2.875 11654474.3367
5.75 2.875 7519326.27589
6.25 2.875 3781325.72965
6.75 2.875 1362336.32271
7.25 2.875 291241.510686
7.75 2.875 19255.6370701
8.25 2.875 0.0
8.75 2.875 0.0
0.25 3.125 22370236.3662
0.75 3.125 24432996.4874
1.25 3.125 25482428.7077
1.75 3.125 25458359.1614
2.25 3.125 25412627.0233
2.75 3.125 23879396.9216
3.25 3.125 21859961.9839
3.75 3.125 18916256.4668
4.25 3.125 16735555.5686
4.75 3.125 12104574.8532
5.25 3.125 8937022.55518
5.75 3.125 5665971.20789
6.25 3.125 2659684.87031
6.75 3.125 938712.307169
7.25 3.125 142010.323392
7.75 3.125 12034.7731688
8.25 3.125 0.0
8.75 3.125 0.0
0.25 3.375 19650377.6301
0.75 3.375 20610752.5289
1.25 3.375 21229339.8698
1.75 3.375 21248595.5069
2.25 3.375 21205270.3235
2.75 3.375 19814050.5452
3.25 3.375 17890893.7928
3.75 3.375 15700565.0761
4.25 3.375 13447655.5389
4.75 3.375 9740945.40286
5.25 3.375 6676892.15407
5.75 3.375 4320483.56761
6.25 3.375 2031469.7109
6.75 3.375 705237.707694
7.25 3.375 96278.1853507
7.75 3.375 2406.95463377
8.25 3.375 0.0
8.75 3.375 0.0
0.25 3.625 16788508.5705
0.75 3.625 17756104.3333
1.25 3.625 18285634.3527
1.75 3.625 18439679.4493
2.25 3.625 17390247.229
2.75 3.625 16595952.1998
3.25 3.625 14838875.3172
3.75 3.625 13024031.5233
4.25 3.625 10501543.0671
4.75 3.625 7711882.64659
5.25 3.625 5109964.68749
5.75 3.625 3109785.38683
6.25 3.625 1448986.68953
6.75 3.625 445286.607247
7.25 3.625 57766.9112104
7.75 3.625 0.0
8.25 3.625 0.0
8.75 3.625 0.0
0.25 3.875 14412844.347
0.75 3.875 14855723.9996
1.25 3.875 15094012.5084
1.75 3.875 15305824.5161
2.25 3.875 14824433.5894
2.75 3.875 13522271.1325
3.25 3.875 12506536.2771
3.75 3.875 10491915.2486
4.25 3.875 8417120.35428
4.75 3.875 6438603.64533
5.25 3.875 4209763.65446
5.75 3.875 2301048.62988
6.25 3.875 1027769.62862
6.75 3.875 324938.875559
7.25 3.875 28883.4556052
7.75 3.875 2406.95463377
8.25 3.875 0.0
8.75 3.875 0.0
0.25 4.125 12874800.336
0.75 4.125 13101054.0716
1.25 4.125 13016810.6594
1.75 4.125 13134751.4365
2.25 4.125 12400630.2732
2.75 4.125 11471545.7845
3.25 4.125 10075512.0969
3.75 4.125 8628932.36206
4.25 4.125 7049970.1223
4.75 4.125 5066639.50408
5.25 4.125 3451572.94482
5.75 4.125 1901494.16068
6.25 4.125 779853.301341
6.75 4.125 238288.508743
7.25 4.125 16848.6824364
7.75 4.125 0.0
8.25 4.125 0.0
8.75 4.125 0.0
0.25 4.375 10773528.9407
0.75 4.375 11307872.8694
1.25 4.375 11023852.2227
1.75 4.375 11192339.047
2.25 4.375 10939608.8105
2.75 4.375 9849258.36138
3.25 4.375 8311214.3504
3.75 4.375 7069225.75937
4.25 4.375 5841678.89615
4.75 4.375 4195321.92666
5.25 4.375 2548964.95716
5.75 4.375 1420103.23392
6.25 4.375 606552.567709
6.75 4.375 149231.187294
7.25 4.375 14441.7278026
7.75 4.375 0.0
8.25 4.375 0.0
8.75 4.375 0.0
0.25 4.625 9165683.24539
0.75 4.625 9950350.45599
1.25 4.625 9615783.7619
1.75 4.625 9529133.39508
2.25 4.625 9139206.74441
2.75 4.625 8161983.1631
3.25 4.625 7151062.21692
3.75 4.625 6202722.09122
4.25 4.625 4739293.67389
4.75 4.625 3343259.9863
5.25 4.625 2122933.98698
5.75 4.625 1160152.13348
6.25 4.625 462135.289683
6.75 4.625 151638.141927
7.25 4.625 7220.8639013
7.75 4.625 0.0
8.25 4.625 0.0
8.75 4.625 0.0
0.25 4.875 8402678.62648
0.75 4.875 8619304.54352
1.25 4.875 8344911.71527
1.75 4.875 8267889.16699
2.25 4.875 7822602.55974
2.75 4.875 7170317.85399
3.25 4.875 6236419.45609
3.75 4.875 5073860.36798
4.25 4.875 4053311.60326
4.75 4.875 2808916.05761
5.25 4.875 1713751.69924
5.75 4.875 883352.350593
6.25 4.875 368264.058966
6.75 4.875 79429.5029143
7.25 4.875 0.0
7.75 4.875 0.0
8.25 4.875 0.0
8.75 4.875 0.0
0.25 5.125 7182352.62716
0.75 5.125 7377315.9525
1.25 5.125 7278630.81251
1.75 5.125 6970540.61939
2.25 5.125 6592648.74189
2.75 5.125 5690040.75423
3.25 5.125 5528774.79376
3.75 5.125 4286786.20274
4.25 5.125 3393806.03361
4.75 5.125 2173480.03429
5.25 5.125 1448986.68953
5.75 5.125 765411.573538
6.25 5.125 286427.601418
6.75 5.125 52953.0019429
7.25 5.125 2406.95463377
7.75 5.125 0.0
8.25 5.125 0.0
8.75 5.125 0.0
0.25 5.375 6518033.14824
0.75 5.375 6209942.95512
1.25 5.375 6303814.18584
1.75 5.375 6195501.22732
2.25 5.375 5755028.52934
2.75 5.375 5251975.01088
3.25 5.375 4493784.30124
3.75 5.375 3624873.67845
4.25 5.375 2845020.37711
4.75 5.375 1785960.33826
5.25 5.375 1191442.54371
5.75 5.375 582483.021372
6.25 5.375 206998.098504
6.75 5.375 52953.0019429
7.25 5.375 0.0
7.75 5.375 0.0
8.25 5.375 0.0
8.75 5.375 0.0
0.25 5.625 5564879.11327
0.75 5.625 5545623.4762
1.25 5.625 5442124.42695
1.75 5.625 5432496.60841
2.25 5.625 5249568.05625
2.75 5.625 4539516.43928
3.25 5.625 3848720.45939
3.75 5.625 3049611.52098
4.25 5.625 2399733.76987
4.75 5.625 1658391.74267
5.25 5.625 994072.263746
5.75 5.625 495832.654556
6.25 5.625 129975.550223
6.75 5.625 21662.5917039
7.25 5.625 0.0
7.75 5.625 0.0
8.25 5.625 0.0
8.75 5.625 0.0
0.25 5.875 4902966.58898
0.75 5.875 4857234.45094
1.25 5.875 4951105.68166
1.75 5.875 4890931.81581
2.25 5.875 4575620.75879
2.75 5.875 3848720.45939
3.25 5.875 3410654.71605
3.75 5.875 2763183.91956
4.25 5.875 2067574.03041
4.75 5.875 1266058.13736
5.25 5.875 801515.893044
5.75 5.875 385112.741403
6.25 5.875 122754.686322
6.75 5.875 24069.5463377
7.25 5.875 0.0
7.75 5.875 0.0
8.25 5.875 0.0
8.75 5.875 0.0
0.25 6.125 4409540.88906
0.75 6.125 4411947.8437
1.25 6.125 4274751.42957
1.75 6.125 4070160.2857
2.25 6.125 3978696.00962
2.75 6.125 3593583.26821
3.25 6.125 2936484.6532
3.75 6.125 2349187.72256
4.25 6.125 1706530.83534
4.75 6.125 1126454.7686
5.25 6.125 594517.79454
5.75 6.125 308090.193122
6.25 6.125 57766.9112104
6.75 6.125 7220.8639013
7.25 6.125 0.0
7.75 6.125 0.0
8.25 6.125 0.0
8.75 6.125 0.0
0.25 6.375 3786139.63892
0.75 6.375 3528595.4931
1.25 6.375 3819837.00379
1.75 6.375 3620059.76919
2.25 6.375 3326411.30387
2.75 6.375 2982216.79124
3.25 6.375 2529709.32009
3.75 6.375 1988144.52749
4.25 6.375 1504346.6461
4.75 6.375 955560.989606
5.25 6.375 534343.928696
5.75 6.375 228660.690208
6.25 6.375 67394.7297455
6.75 6.375 7220.8639013
7.25 6.375 0.0
7.75 6.375 0.0
8.25 6.375 0.0
8.75 6.375 0.0
0.25 6.625 3461200.76336
0.75 6.625 3434724.26239
1.25 6.625 3384178.21508
1.75 6.625 3287900.02973
2.25 6.625 2979809.8366
2.75 6.625 2719858.73616
3.25 6.625 2260130.40111
3.75 6.625 1680054.33437
4.25 6.625 1280499.86516
4.75 6.625 847248.031086
5.25 6.625 450100.516514
5.75 6.625 206998.098504
6.25 6.625 60173.8658442
6.75 6.625 4813.90926753
7.25 6.625 0.0
7.75 6.625 0.0
8.25 6.625 0.0
8.75 6.625 0.0
0.25 6.875 3129041.0239
0.75 6.875 3001472.42831
1.25 6.875 2943705.5171
1.75 6.875 2703010.05372
2.25 6.875 2748742.19176
2.75 6.875 2363629.45036
3.25 6.875 1959261.07189
3.75 6.875 1465835.37196
4.25 6.875 1056653.08422
4.75 6.875 659505.569652
5.25 6.875 421217.060909
5.75 6.875 175707.688265
6.25 6.875 33697.3648727
6.75 6.875 7220.8639013
7.25 6.875 0.0
7.75 6.875 0.0
8.25 6.875 0.0
8.75 6.875 0.0
0.25 7.125 2813729.96687
0.75 7.125 2763183.91956
1.25 7.125 2654870.96105
1.75 7.125 2529709.32009
2.25 7.125 2238467.8094
2.75 7.125 1908715.02458
3.25 7.125 1586183.10365
3.75 7.125 1239581.63639
4.25 7.125 1025362.67398
4.75 7.125 678761.206722
5.25 7.125 339380.603361
5.75 7.125 120347.731688
6.25 7.125 31290.410239
6.75 7.125 0.0
7.25 7.125 0.0
7.75 7.125 0.0
8.25 7.125 0.0
8.75 7.125 0.0
0.25 7.375 2305862.53915
0.75 7.375 2457500.68108
1.25 7.375 2284199.94745
1.75 7.375 2211991.30843
2.25 7.375 2207177.39916
2.75 7.375 1742635.15485
3.25 7.375 1465835.37196
3.75 7.375 1152931.26957
4.25 7.375 890573.214494
4.75 7.375 613773.431611
5.25 7.375 274392.828249
5.75 7.375 113126.867787
6.25 7.375 26476.5009714
6.75 7.375 2406.95463377
7.25 7.375 0.0
7.75 7.375 0.0
8.25 7.375 0.0
8.75 7.375 0.0
0.25 7.625 2279386.03818
0.75 7.625 2272165.17428
1.25 7.625 1992958.43676
1.75 7.625 2024248.847
2.25 7.625 1875017.6597
2.75 7.625 1523602.28317
3.25 7.625 1340673.73101
3.75 7.625 998886.173013
4.25 7.625 714865.526229
4.75 7.625 454914.425782
5.25 7.625 221439.826307
5.75 7.625 96278.1853507
6.25 7.625 21662.5917039
6.75 7.625 0.0
7.25 7.625 0.0
7.75 7.625 0.0
8.25 7.625 0.0
8.75 7.625 0.0
0.25 7.875 1891866.34214
0.75 7.875 1956854.11725
1.25 7.875 1759483.83728
1.75 7.875 1754669.92802
2.25 7.875 1590997.01292
2.75 7.875 1429731.05246
3.25 7.875 1126454.7686
3.75 7.875 921863.624733
4.25 7.875 611366.476977
4.75 7.875 459728.33505
5.25 7.875 190149.416068
5.75 7.875 101092.094618
6.25 7.875 4813.90926753
6.75 7.875 0.0
7.25 7.875 0.0
7.75 7.875 0.0
8.25 7.875 0.0
8.75 7.875 0.0
0.25 8.125 1800402.06606
0.75 8.125 1788367.29289
1.25 8.125 1718565.60851
1.75 8.125 1677647.37974
2.25 8.125 1441765.82563
2.75 8.125 1403254.55149
3.25 8.125 1063873.94813
3.75 8.125 815957.620847
4.25 8.125 556006.5204
4.75 8.125 356229.285798
5.25 8.125 199777.234603
5.75 8.125 64987.7751117
6.25 8.125 7220.8639013
6.75 8.125 2406.95463377
7.25 8.125 0.0
7.75 8.125 0.0
8.25 8.125 0.0
8.75 8.125 0.0
0.25 8.375 1607845.69536
0.75 8.375 1757076.88265
1.25 8.375 1504346.6461
1.75 8.375 1408068.46075
2.25 8.375 1220325.99932
2.75 8.375 1114419.99543
3.25 8.375 974816.626676
3.75 8.375 714865.526229
4.25 8.375 512681.336992
4.75 8.375 286427.601418
5.25 8.375 178114.642899
5.75 8.375 40918.228774
6.25 8.375 7220.8639013
6.75 8.375 4813.90926753
7.25 8.375 0.0
7.75 8.375 0.0
8.25 8.375 0.0
8.75 8.375 0.0
0.25 8.625 1528416.19244
0.75 8.625 1571741.37585
1.25 8.625 1415289.32466
1.75 8.625 1306976.36614
2.25 8.625 1201070.36225
2.75 8.625 1025362.67398
3.25 8.625 791888.074509
3.75 8.625 633029.068681
4.25 8.625 478983.97212
4.75 8.625 312904.10239
5.25 8.625 120347.731688
5.75 8.625 69801.6843792
6.25 8.625 14441.7278026
6.75 8.625 0.0
7.25 8.625 0.0
7.75 8.625 0.0
8.25 8.625 0.0
8.75 8.625 0.0
0.25 8.875 1273279.00126
0.75 8.875 1304569.4115
1.25 8.875 1157745.17884
1.75 8.875 1239581.63639
2.25 8.875 1087943.49446
2.75 8.875 926677.534
3.25 8.875 794295.029143
3.75 8.875 589703.885273
4.25 8.875 351415.37653
4.75 8.875 271985.873616
5.25 8.875 89057.3214494
5.75 8.875 26476.5009714
6.25 8.875 4813.90926753
6.75 8.875 0.0
7.25 8.875 0.0
7.75 8.875 0.0
8.25 8.875 0.0
8.75 8.875 0.0
0.25 9.125 1172186.90664
0.75 9.125 1215512.09005
1.25 9.125 1198663.40762
1.75 9.125 1167372.99738
2.25 9.125 876131.486691
2.75 9.125 871317.577424
3.25 9.125 673947.297455
3.75 9.125 488611.790655
4.25 9.125 327345.830192
4.75 9.125 219032.871673
5.25 9.125 86650.3668156
5.75 9.125 43325.1834078
6.25 9.125 2406.95463377
6.75 9.125 0.0
7.25 9.125 0.0
7.75 9.125 0.0
8.25 9.125 0.0
8.75 9.125 0.0
0.25 9.375 1015734.85545
0.75 9.375 1063873.94813
1.25 9.375 1109606.08617
1.75 9.375 936305.352535
2.25 9.375 837620.212551
2.75 9.375 722086.39013
3.25 9.375 596924.749174
3.75 9.375 503053.518457
4.25 9.375 351415.37653
4.75 9.375 204591.14387
5.25 9.375 101092.094618
5.75 9.375 14441.7278026
6.25 9.375 0.0
6.75 9.375 0.0
7.25 9.375 0.0
7.75 9.375 0.0
8.25 9.375 0.0
8.75 9.375 0.0
0.25 9.625 948340.125704
0.75 9.625 1020548.76472
1.25 9.625 938712.307169
1.75 9.625 921863.624733
2.25 9.625 782260.255974
2.75 9.625 712458.571595
3.25 9.625 498239.60919
3.75 9.625 353822.331164
4.25 9.625 286427.601418
4.75 9.625 173300.733631
5.25 9.625 79429.5029143
5.75 9.625 28883.4556052
6.25 9.625 7220.8639013
6.75 9.625 0.0
7.25 9.625 0.0
7.75 9.625 0.0
8.25 9.625 0.0
8.75 9.625 0.0
0.25 9.875 888166.25986
0.75 9.875 960374.898873
1.25 9.875 880945.395959
1.75 9.875 823178.484748
2.25 9.875 782260.255974
2.75 9.875 623401.250146
3.25 9.875 471763.108218
3.75 9.875 349008.421896
4.25 9.875 235881.554109
4.75 9.875 134789.459491
5.25 9.875 74615.5936468
5.75 9.875 0.0
6.25 9.875 4813.90926753
6.75 9.875 0.0
7.25 9.875 0.0
7.75 9.875 0.0
8.25 9.875 0.0
8.75 9.875 0.0
0.25 10.125 815957.620847
0.75 10.125 861689.758889
1.25 10.125 767818.528172
1.75 10.125 741342.0272
2.25 10.125 652284.705751
2.75 10.125 495832.654556
3.25 10.125 421217.060909
3.75 10.125 341787.557995
4.25 10.125 214218.962405
4.75 10.125 134789.459491
5.25 10.125 45732.1380416
5.75 10.125 21662.5917039
6.25 10.125 2406.95463377
6.75 10.125 0.0
7.25 10.125 0.0
7.75 10.125 0.0
8.25 10.125 0.0
8.75 10.125 0.0
0.25 10.375 678761.206722
0.75 10.375 753376.800369
1.25 10.375 787074.165242
1.75 10.375 633029.068681
2.25 10.375 565634.338935
2.75 10.375 474170.062852
3.25 10.375 365857.104333
3.75 10.375 262358.055081
4.25 10.375 211812.007772
4.75 10.375 113126.867787
5.25 10.375 57766.9112104
5.75 10.375 24069.5463377
6.25 10.375 2406.95463377
6.75 10.375 0.0
7.25 10.375 0.0
7.75 10.375 0.0
8.25 10.375 0.0
8.75 10.375 0.0
0.25 10.625 659505.569652
0.75 10.625 784667.210608
1.25 10.625 652284.705751
1.75 10.625 594517.79454
2.25 10.625 558413.475034
2.75 10.625 491018.745288
3.25 10.625 327345.830192
3.75 10.625 243102.41801
4.25 10.625 175707.688265
4.75 10.625 139603.368758
5.25 10.625 45732.1380416
5.75 10.625 19255.6370701
6.25 10.625 0.0
6.75 10.625 0.0
7.25 10.625 0.0
7.75 10.625 0.0
8.25 10.625 0.0
8.75 10.625 0.0
0.25 10.875 666726.433554
0.75 10.875 678761.206722
1.25 10.875 618587.340878
1.75 10.875 551192.611133
2.25 10.875 488611.790655
2.75 10.875 401961.423839
3.25 10.875 329752.784826
3.75 10.875 243102.41801
4.25 10.875 168486.824364
4.75 10.875 81836.4575481
5.25 10.875 38511.2741403
5.75 10.875 7220.8639013
6.25 10.875 2406.95463377
6.75 10.875 0.0
7.25 10.875 0.0
7.75 10.875 0.0
8.25 10.875 0.0
8.75 10.875 0.0
0.25 11.125 577669.112104
0.75 11.125 572855.202837
1.25 11.125 529530.019429
1.75 11.125 515088.291626
2.25 11.125 428437.924811
2.75 11.125 361043.195065
3.25 11.125 255137.191179
3.75 11.125 233474.599475
4.25 11.125 161265.960462
4.75 11.125 77022.5482805
5.25 11.125 24069.5463377
5.75 11.125 16848.6824364
6.25 11.125 4813.90926753
6.75 11.125 0.0
7.25 11.125 0.0
7.75 11.125 0.0
8.25 11.125 0.0
8.75 11.125 0.0
0.25 11.375 556006.5204
0.75 11.375 596924.749174
1.25 11.375 503053.518457
1.75 11.375 416403.151642
2.25 11.375 334566.694094
2.75 11.375 305683.238488
3.25 11.375 231067.644842
3.75 11.375 202184.189236
4.25 11.375 115533.822421
4.75 11.375 79429.5029143
5.25 11.375 31290.410239
5.75 11.375 9627.81853507
6.25 11.375 0.0
6.75 11.375 0.0
7.25 11.375 0.0
7.75 11.375 0.0
8.25 11.375 0.0
8.75 11.375 0.0
0.25 11.625 498239.60919
0.75 11.625 543971.747231
1.25 11.625 531936.974063
1.75 11.625 457321.380416
2.25 11.625 413996.197008
2.75 11.625 380298.832135
3.25 11.625 271985.873616
3.75 11.625 192556.370701
4.25 11.625 93871.2307169
4.75 11.625 62580.8204779
5.25 11.625 31290.410239
5.75 11.625 2406.95463377
6.25 11.625 2406.95463377
6.75 11.625 0.0
7.25 11.625 0.0
7.75 11.625 0.0
8.25 11.625 0.0
8.75 11.625 0.0
0.25 11.875 416403.151642
0.75 11.875 450100.516514
1.25 11.875 457321.380416
1.75 11.875 358636.240431
2.25 11.875 409182.28774
2.75 11.875 293648.46532
3.25 11.875 293648.46532
3.75 11.875 151638.141927
4.25 11.875 89057.3214494
4.75 11.875 62580.8204779
5.25 11.875 16848.6824364
5.75 11.875 2406.95463377
6.25 11.875 0.0
6.75 11.875 0.0
7.25 11.875 0.0
7.75 11.875 0.0
8.25 11.875 0.0
8.75 11.875 0.0
0.25 12.125 462135.289683
0.75 12.125 433251.834078
1.25 12.125 409182.28774
1.75 12.125 392333.605304
2.25 12.125 320124.966291
2.75 12.125 317718.011657
3.25 12.125 199777.234603
3.75 12.125 156452.051195
4.25 12.125 120347.731688
4.75 12.125 43325.1834078
5.25 12.125 19255.6370701
5.75 12.125 7220.8639013
6.25 12.125 0.0
6.75 12.125 0.0
7.25 12.125 0.0
7.75 12.125 0.0
8.25 12.125 0.0
8.75 12.125 0.0
0.25 12.375 368264.058966
0.75 12.375 476577.017486
1.25 12.375 401961.423839
1.75 12.375 315311.057023
2.25 12.375 247916.327278
2.75 12.375 276799.782883
3.25 12.375 214218.962405
3.75 12.375 178114.642899
4.25 12.375 93871.2307169
4.75 12.375 45732.1380416
5.25 12.375 14441.7278026
5.75 12.375 0.0
6.25 12.375 0.0
6.75 12.375 0.0
7.25 12.375 0.0
7.75 12.375 0.0
8.25 12.375 0.0
8.75 12.375 0.0
0.25 12.625 341787.557995
0.75 12.625 423624.015543
1.25 12.625 363450.149699
1.75 12.625 336973.648727
2.25 12.625 322531.920925
2.75 12.625 233474.599475
3.25 12.625 180521.597533
3.75 12.625 127568.59559
4.25 12.625 72208.639013
4.75 12.625 50546.0473091
5.25 12.625 16848.6824364
5.75 12.625 7220.8639013
6.25 12.625 0.0
6.75 12.625 0.0
7.25 12.625 0.0
7.75 12.625 0.0
8.25 12.625 0.0
8.75 12.625 0.0
0.25 12.875 332159.73946
0.75 12.875 322531.920925
1.25 12.875 308090.193122
1.75 12.875 293648.46532
2.25 12.875 264765.009714
2.75 12.875 223846.78094
3.25 12.875 180521.597533
3.75 12.875 108312.95852
4.25 12.875 81836.4575481
4.75 12.875 40918.228774
5.25 12.875 9627.81853507
5.75 12.875 0.0
6.25 12.875 0.0
6.75 12.875 0.0
7.25 12.875 0.0
7.75 12.875 0.0
8.25 12.875 0.0
8.75 12.875 0.0
0.25 13.125 305683.238488
0.75 13.125 281613.692151
1.25 13.125 332159.73946
1.75 13.125 264765.009714
2.25 13.125 226253.735574
2.75 13.125 199777.234603
3.25 13.125 144417.278026
3.75 13.125 86650.3668156
4.25 13.125 67394.7297455
4.75 13.125 26476.5009714
5.25 13.125 2406.95463377
5.75 13.125 2406.95463377
6.25 13.125 0.0
6.75 13.125 0.0
7.25 13.125 0.0
7.75 13.125 0.0
8.25 13.125 0.0
8.75 13.125 0.0
0.25 13.375 298462.374587
0.75 13.375 308090.193122
1.25 13.375 284020.646785
1.75 13.375 245509.372644
2.25 13.375 247916.327278
2.75 13.375 144417.278026
3.25 13.375 132382.504857
3.75 13.375 120347.731688
4.25 13.375 62580.8204779
4.75 13.375 19255.6370701
5.25 13.375 9627.81853507
5.75 13.375 0.0
6.25 13.375 0.0
6.75 13.375 0.0
7.25 13.375 0.0
7.75 13.375 0.0
8.25 13.375 0.0
8.75 13.375 0.0
0.25 13.625 250323.281912
0.75 13.625 269578.918982
1.25 13.625 269578.918982
1.75 13.625 233474.599475
2.25 13.625 204591.14387
2.75 13.625 149231.187294
3.25 13.625 122754.686322
3.75 13.625 89057.3214494
4.25 13.625 57766.9112104
4.75 13.625 28883.4556052
5.25 13.625 4813.90926753
5.75 13.625 4813.90926753
6.25 13.625 0.0
6.75 13.625 0.0
7.25 13.625 0.0
7.75 13.625 0.0
8.25 13.625 0.0
8.75 13.625 0.0
0.25 13.875 255137.191179
0.75 13.875 243102.41801
1.25 13.875 250323.281912
1.75 13.875 231067.644842
2.25 13.875 194963.325335
2.75 13.875 142010.323392
3.25 13.875 91464.2760832
3.75 13.875 72208.639013
4.25 13.875 48139.0926753
4.75 13.875 24069.5463377
5.25 13.875 2406.95463377
5.75 13.875 0.0
6.25 13.875 0.0
6.75 13.875 0.0
7.25 13.875 0.0
7.75 13.875 0.0
8.25 13.875 0.0
8.75 13.875 0.0
0.25 14.125 240695.463377
0.75 14.125 226253.735574
1.25 14.125 223846.78094
1.75 14.125 262358.055081
2.25 14.125 187742.461434
2.75 14.125 144417.278026
3.25 14.125 110719.913153
3.75 14.125 89057.3214494
4.25 14.125 77022.5482805
4.75 14.125 14441.7278026
5.25 14.125 9627.81853507
5.75 14.125 2406.95463377
6.25 14.125 0.0
6.75 14.125 0.0
7.25 14.125 0.0
7.75 14.125 0.0
8.25 14.125 0.0
8.75 14.125 0.0
0.25 14.375 180521.597533
0.75 14.375 190149.416068
1.25 14.375 199777.234603
1.75 14.375 192556.370701
2.25 14.375 146824.23266
2.75 14.375 103499.049252
3.25 14.375 89057.3214494
3.75 14.375 62580.8204779
4.25 14.375 43325.1834078
4.75 14.375 19255.6370701
5.25 14.375 4813.90926753
5.75 14.375 4813.90926753
6.25 14.375 0.0
6.75 14.375 0.0
7.25 14.375 0.0
7.75 14.375 0.0
8.25 14.375 0.0
8.75 14.375 0.0
0.25 14.625 178114.642899
0.75 14.625 194963.325335
1.25 14.625 187742.461434
1.75 14.625 154045.096561
2.25 14.625 163672.915096
2.75 14.625 132382.504857
3.25 14.625 77022.5482805
3.75 14.625 86650.3668156
4.25 14.625 36104.3195065
4.75 14.625 16848.6824364
5.25 14.625 7220.8639013
5.75 14.625 0.0
6.25 14.625 0.0
6.75 14.625 0.0
7.25 14.625 0.0
7.75 14.625 0.0
8.25 14.625 0.0
8.75 14.625 0.0
0.25 14.875 211812.007772
0.75 14.875 214218.962405
1.25 14.875 190149.416068
1.75 14.875 156452.051195
2.25 14.875 127568.59559
2.75 14.875 103499.049252
3.25 14.875 103499.049252
3.75 14.875 67394.7297455
4.25 14.875 31290.410239
4.75 14.875 21662.5917039
5.25 14.875 7220.8639013
5.75 14.875 4813.90926753
6.25 14.875 0.0
6.75 14.875 0.0
7.25 14.875 0.0
7.75 14.875 0.0
8.25 14.875 0.0
8.75 14.875 0.0
0.25 15.125 173300.733631
0.75 15.125 146824.23266
1.25 15.125 158859.005829
1.75 15.125 156452.051195
2.25 15.125 139603.368758
2.75 15.125 98685.1399845
3.25 15.125 81836.4575481
3.75 15.125 48139.0926753
4.25 15.125 24069.5463377
4.75 15.125 19255.6370701
5.25 15.125 2406.95463377
5.75 15.125 0.0
6.25 15.125 0.0
6.75 15.125 0.0
7.25 15.125 0.0
7.75 15.125 0.0
8.25 15.125 0.0
8.75 15.125 0.0
0.25 15.375 170893.778997
0.75 15.375 180521.597533
1.25 15.375 156452.051195
1.75 15.375 129975.550223
2.25 15.375 103499.049252
2.75 15.375 84243.4121819
3.25 15.375 74615.5936468
3.75 15.375 33697.3648727
4.25 15.375 40918.228774
4.75 15.375 16848.6824364
5.25 15.375 0.0
5.75 15.375 2406.95463377
6.25 15.375 0.0
6.75 15.375 0.0
7.25 15.375 0.0
7.75 15.375 0.0
8.25 15.375 0.0
8.75 15.375 0.0
0.25 15.625 144417.278026
0.75 15.625 182928.552166
1.25 15.625 158859.005829
1.75 15.625 115533.822421
2.25 15.625 101092.094618
2.75 15.625 86650.3668156
3.25 15.625 45732.1380416
3.75 15.625 55359.9565766
4.25 15.625 40918.228774
4.75 15.625 7220.8639013
5.25 15.625 0.0
5.75 15.625 0.0
6.25 15.625 0.0
6.75 15.625 0.0
7.25 15.625 0.0
7.75 15.625 0.0
8.25 15.625 0.0
8.75 15.625 0.0
0.25 15.875 161265.960462
0.75 15.875 166079.86973
1.25 15.875 120347.731688
1.75 15.875 170893.778997
2.25 15.875 81836.4575481
2.75 15.875 91464.2760832
3.25 15.875 55359.9565766
3.75 15.875 38511.2741403
4.25 15.875 9627.81853507
4.75 15.875 7220.8639013
5.25 15.875 0.0
5.75 15.875 0.0
6.25 15.875 0.0
6.75 15.875 0.0
7.25 15.875 0.0
7.75 15.875 0.0
8.25 15.875 0.0
8.75 15.875 0.0
0.25 16.125 120347.731688
0.75 16.125 125161.640956
1.25 16.125 122754.686322
1.75 16.125 156452.051195
2.25 16.125 81836.4575481
2.75 16.125 74615.5936468
3.25 16.125 64987.7751117
3.75 16.125 33697.3648727
4.25 16.125 40918.228774
4.75 16.125 19255.6370701
5.25 16.125 2406.95463377
5.75 16.125 2406.95463377
6.25 16.125 0.0
6.75 16.125 0.0
7.25 16.125 0.0
7.75 16.125 0.0
8.25 16.125 0.0
8.75 16.125 0.0
0.25 16.375 142010.323392
0.75 16.375 122754.686322
1.25 16.375 117940.777055
1.75 16.375 89057.3214494
2.25 16.375 96278.1853507
2.75 16.375 69801.6843792
3.25 16.375 43325.1834078
3.75 16.375 45732.1380416
4.25 16.375 7220.8639013
4.75 16.375 14441.7278026
5.25 16.375 4813.90926753
5.75 16.375 0.0
6.25 16.375 0.0
6.75 16.375 0.0
7.25 16.375 0.0
7.75 16.375 0.0
8.25 16.375 0.0
8.75 16.375 0.0
0.25 16.625 117940.777055
0.75 16.625 125161.640956
1.25 16.625 127568.59559
1.75 16.625 86650.3668156
2.25 16.625 93871.2307169
2.75 16.625 96278.1853507
3.25 16.625 64987.7751117
3.75 16.625 38511.2741403
4.25 16.625 21662.5917039
4.75 16.625 9627.81853507
5.25 16.625 0.0
5.75 16.625 0.0
6.25 16.625 0.0
6.75 16.625 0.0
7.25 16.625 0.0
7.75 16.625 0.0
8.25 16.625 0.0
8.75 16.625 0.0
0.25 16.875 115533.822421
0.75 16.875 132382.504857
1.25 16.875 101092.094618
1.75 16.875 103499.049252
2.25 16.875 89057.3214494
2.75 16.875 67394.7297455
3.25 16.875 45732.1380416
3.75 16.875 33697.3648727
4.25 16.875 12034.7731688
4.75 16.875 7220.8639013
5.25 16.875 4813.90926753
5.75 16.875 0.0
6.25 16.875 0.0
6.75 16.875 0.0
7.25 16.875 0.0
7.75 16.875 0.0
8.25 16.875 0.0
8.75 16.875 0.0
0.25 17.125 127568.59559
0.75 17.125 115533.822421
1.25 17.125 115533.822421
1.75 17.125 89057.3214494
2.25 17.125 62580.8204779
2.75 17.125 57766.9112104
3.25 17.125 38511.2741403
3.75 17.125 33697.3648727
4.25 17.125 19255.6370701
4.75 17.125 2406.95463377
5.25 17.125 4813.90926753
5.75 17.125 0.0
6.25 17.125 0.0
6.75 17.125 0.0
7.25 17.125 0.0
7.75 17.125 0.0
8.25 17.125 0.0
8.75 17.125 0.0
0.25 17.375 103499.049252
0.75 17.375 120347.731688
1.25 17.375 108312.95852
1.75 17.375 69801.6843792
2.25 17.375 89057.3214494
2.75 17.375 43325.1834078
3.25 17.375 40918.228774
3.75 17.375 21662.5917039
4.25 17.375 14441.7278026
4.75 17.375 2406.95463377
5.25 17.375 0.0
5.75 17.375 0.0
6.25 17.375 0.0
6.75 17.375 0.0
7.25 17.375 0.0
7.75 17.375 0.0
8.25 17.375 0.0
8.75 17.375 0.0
0.25 17.625 86650.3668156
0.75 17.625 89057.3214494
1.25 17.625 79429.5029143
1.75 17.625 93871.2307169
2.25 17.625 67394.7297455
2.75 17.625 62580.8204779
3.25 17.625 48139.0926753
3.75 17.625 28883.4556052
4.25 17.625 14441.7278026
4.75 17.625 4813.90926753
5.25 17.625 2406.95463377
5.75 17.625 0.0
6.25 17.625 0.0
6.75 17.625 0.0
7.25 17.625 0.0
7.75 17.625 0.0
8.25 17.625 0.0
8.75 17.625 0.0
0.25 17.875 93871.2307169
0.75 17.875 74615.5936468
1.25 17.875 96278.1853507
1.75 17.875 103499.049252
2.25 17.875 57766.9112104
2.75 17.875 48139.0926753
3.25 17.875 45732.1380416
3.75 17.875 48139.0926753
4.25 17.875 9627.81853507
4.75 17.875 14441.7278026
5.25 17.875 0.0
5.75 17.875 0.0
6.25 17.875 0.0
6.75 17.875 0.0
7.25 17.875 0.0
7.75 17.875 0.0
8.25 17.875 0.0
8.75 17.875 0.0
0.25 18.125 57766.9112104
0.75 18.125 72208.639013
1.25 18.125 74615.5936468
1.75 18.125 43325.1834078
2.25 18.125 67394.7297455
2.75 18.125 52953.0019429
3.25 18.125 50546.0473091
3.75 18.125 19255.6370701
4.25 18.125 12034.7731688
4.75 18.125 7220.8639013
5.25 18.125 0.0
5.75 18.125 0.0
6.25 18.125 0.0
6.75 18.125 0.0
7.25 18.125 0.0
7.75 18.125 0.0
8.25 18.125 0.0
8.75 18.125 0.0
0.25 18.375 74615.5936468
0.75 18.375 101092.094618
1.25 18.375 69801.6843792
1.75 18.375 79429.5029143
2.25 18.375 60173.8658442
2.75 18.375 28883.4556052
3.25 18.375 28883.4556052
3.75 18.375 14441.7278026
4.25 18.375 4813.90926753
4.75 18.375 12034.7731688
5.25 18.375 0.0
5.75 18.375 0.0
6.25 18.375 0.0
6.75 18.375 0.0
7.25 18.375 0.0
7.75 18.375 0.0
8.25 18.375 0.0
8.75 18.375 0.0
0.25 18.625 74615.5936468
0.75 18.625 117940.777055
1.25 18.625 64987.7751117
1.75 18.625 48139.0926753
2.25 18.625 57766.9112104
2.75 18.625 50546.0473091
3.25 18.625 33697.3648727
3.75 18.625 31290.410239
4.25 18.625 4813.90926753
4.75 18.625 9627.81853507
5.25 18.625 0.0
5.75 18.625 2406.95463377
6.25 18.625 0.0
6.75 18.625 0.0
7.25 18.625 0.0
7.75 18.625 0.0
8.25 18.625 0.0
8.75 18.625 0.0
0.25 18.875 52953.0019429
0.75 18.875 52953.0019429
1.25 18.875 69801.6843792
1.75 18.875 60173.8658442
2.25 18.875 60173.8658442
2.75 18.875 31290.410239
3.25 18.875 28883.4556052
3.75 18.875 14441.7278026
4.25 18.875 9627.81853507
4.75 18.875 2406.95463377
5.25 18.875 0.0
5.75 18.875 0.0
6.25 18.875 0.0
6.75 18.875 0.0
7.25 18.875 0.0
7.75 18.875 0.0
8.25 18.875 0.0
8.75 18.875 0.0
0.25 19.125 60173.8658442
0.75 19.125 69801.6843792
1.25 19.125 67394.7297455
1.75 19.125 64987.7751117
2.25 19.125 45732.1380416
2.75 19.125 45732.1380416
3.25 19.125 33697.3648727
3.75 19.125 14441.7278026
4.25 19.125 9627.81853507
4.75 19.125 2406.95463377
5.25 19.125 0.0
5.75 19.125 0.0
6.25 19.125 0.0
6.75 19.125 0.0
7.25 19.125 0.0
7.75 19.125 0.0
8.25 19.125 0.0
8.75 19.125 0.0
0.25 19.375 50546.0473091
0.75 19.375 60173.8658442
1.25 19.375 64987.7751117
1.75 19.375 62580.8204779
2.25 19.375 36104.3195065
2.75 19.375 26476.5009714
3.25 19.375 24069.5463377
3.75 19.375 19255.6370701
4.25 19.375 12034.7731688
4.75 19.375 7220.8639013
5.25 19.375 2406.95463377
5.75 19.375 0.0
6.25 19.375 0.0
6.75 19.375 0.0
7.25 19.375 0.0
7.75 19.375 0.0
8.25 19.375 0.0
8.75 19.375 0.0
0.25 19.625 64987.7751117
0.75 19.625 67394.7297455
1.25 19.625 43325.1834078
1.75 19.625 28883.4556052
2.25 19.625 16848.6824364
2.75 19.625 33697.3648727
3.25 19.625 36104.3195065
3.75 19.625 21662.5917039
4.25 19.625 9627.81853507
4.75 19.625 4813.90926753
5.25 19.625 0.0
5.75 19.625 0.0
6.25 19.625 0.0
6.75 19.625 0.0
7.25 19.625 0.0
7.75 19.625 0.0
8.25 19.625 0.0
8.75 19.625 0.0
0.25 19.875 60173.8658442
0.75 19.875 84243.4121819
1.25 19.875 55359.9565766
1.75 19.875 57766.9112104
2.25 19.875 33697.3648727
2.75 19.875 31290.410239
3.25 19.875 14441.7278026
3.75 19.875 21662.5917039
4.25 19.875 9627.81853507
4.75 19.875 4813.90926753
5.25 19.875 0.0
5.75 19.875 0.0
6.25 19.875 0.0
6.75 19.875 0.0
7.25 19.875 0.0
7.75 19.875 0.0
8.25 19.875 0.0
8.75 19.875 0.0
0.25 20.125 48139.0926753
0.75 20.125 45732.1380416
1.25 20.125 57766.9112104
1.75 20.125 36104.3195065
2.25 20.125 31290.410239
2.75 20.125 21662.5917039
3.25 20.125 28883.4556052
3.75 20.125 24069.5463377
4.25 20.125 12034.7731688
4.75 20.125 2406.95463377
5.25 20.125 0.0
5.75 20.125 0.0
6.25 20.125 0.0
6.75 20.125 0.0
7.25 20.125 0.0
7.75 20.125 0.0
8.25 20.125 0.0
8.75 20.125 0.0
0.25 20.375 55359.9565766
0.75 20.375 31290.410239
1.25 20.375 28883.4556052
1.75 20.375 45732.1380416
2.25 20.375 26476.5009714
2.75 20.375 33697.3648727
3.25 20.375 28883.4556052
3.75 20.375 7220.8639013
4.25 20.375 7220.8639013
4.75 20.375 2406.95463377
5.25 20.375 2406.95463377
5.75 20.375 0.0
6.25 20.375 0.0
6.75 20.375 0.0
7.25 20.375 0.0
7.75 20.375 0.0
8.25 20.375 0.0
8.75 20.375 0.0
0.25 20.625 19255.6370701
0.75 20.625 43325.1834078
1.25 20.625 43325.1834078
1.75 20.625 38511.2741403
2.25 20.625 21662.5917039
2.75 20.625 16848.6824364
3.25 20.625 16848.6824364
3.75 20.625 16848.6824364
4.25 20.625 7220.8639013
4.75 20.625 4813.90926753
5.25 20.625 0.0
5.75 20.625 0.0
6.25 20.625 0.0
6.75 20.625 0.0
7.25 20.625 0.0
7.75 20.625 0.0
8.25 20.625 0.0
8.75 20.625 0.0
0.25 20.875 38511.2741403
0.75 20.875 60173.8658442
1.25 20.875 31290.410239
1.75 20.875 31290.410239
2.25 20.875 38511.2741403
2.75 20.875 28883.4556052
3.25 20.875 21662.5917039
3.75 20.875 4813.90926753
4.25 20.875 12034.7731688
4.75 20.875 2406.95463377
5.25 20.875 0.0
5.75 20.875 0.0
6.25 20.875 0.0
6.75 20.875 0.0
7.25 20.875 0.0
7.75 20.875 0.0
8.25 20.875 0.0
8.75 20.875 0.0
0.25 21.125 50546.0473091
0.75 21.125 55359.9565766
1.25 21.125 43325.1834078
1.75 21.125 45732.1380416
2.25 21.125 26476.5009714
2.75 21.125 21662.5917039
3.25 21.125 21662.5917039
3.75 21.125 7220.8639013
4.25 21.125 4813.90926753
4.75 21.125 7220.8639013
5.25 21.125 0.0
5.75 21.125 0.0
6.25 21.125 0.0
6.75 21.125 0.0
7.25 21.125 0.0
7.75 21.125 0.0
8.25 21.125 0.0
8.75 21.125 0.0
0.25 21.375 31290.410239
0.75 21.375 48139.0926753
1.25 21.375 62580.8204779
1.75 21.375 14441.7278026
2.25 21.375 16848.6824364
2.75 21.375 19255.6370701
3.25 21.375 33697.3648727
3.75 21.375 16848.6824364
4.25 21.375 9627.81853507
4.75 21.375 0.0
5.25 21.375 2406.95463377
5.75 21.375 0.0
6.25 21.375 0.0
6.75 21.375 0.0
7.25 21.375 0.0
7.75 21.375 0.0
8.25 21.375 0.0
8.75 21.375 0.0
0.25 21.625 31290.410239
0.75 21.625 43325.1834078
1.25 21.625 38511.2741403
1.75 21.625 7220.8639013
2.25 21.625 43325.1834078
2.75 21.625 43325.1834078
3.25 21.625 24069.5463377
3.75 21.625 4813.90926753
4.25 21.625 9627.81853507
4.75 21.625 2406.95463377
5.25 21.625 0.0
5.75 21.625 0.0
6.25 21.625 0.0
6.75 21.625 0.0
7.25 21.625 0.0
7.75 21.625 0.0
8.25 21.625 0.0
8.75 21.625 0.0
0.25 21.875 9627.81853507
0.75 21.875 52953.0019429
1.25 21.875 26476.5009714
1.75 21.875 38511.2741403
2.25 21.875 28883.4556052
2.75 21.875 19255.6370701
3.25 21.875 16848.6824364
3.75 21.875 7220.8639013
4.25 21.875 7220.8639013
4.75 21.875 4813.90926753
5.25 21.875 0.0
5.75 21.875 0.0
6.25 21.875 0.0
6.75 21.875 0.0
7.25 21.875 0.0
7.75 21.875 0.0
8.25 21.875 0.0
8.75 21.875 0.0
0.25 22.125 33697.3648727
0.75 22.125 38511.2741403
1.25 22.125 33697.3648727
1.75 22.125 38511.2741403
2.25 22.125 38511.2741403
2.75 22.125 7220.8639013
3.25 22.125 9627.81853507
3.75 22.125 9627.81853507
4.25 22.125 4813.90926753
4.75 22.125 2406.95463377
5.25 22.125 0.0
5.75 22.125 0.0
6.25 22.125 0.0
6.75 22.125 0.0
7.25 22.125 0.0
7.75 22.125 0.0
8.25 22.125 0.0
8.75 22.125 0.0
0.25 22.375 28883.4556052
0.75 22.375 31290.410239
1.25 22.375 45732.1380416
1.75 22.375 24069.5463377
2.25 22.375 21662.5917039
2.75 22.375 16848.6824364
3.25 22.375 14441.7278026
3.75 22.375 4813.90926753
4.25 22.375 7220.8639013
4.75 22.375 2406.95463377
5.25 22.375 0.0
5.75 22.375 0.0
6.25 22.375 0.0
6.75 22.375 0.0
7.25 22.375 0.0
7.75 22.375 0.0
8.25 22.375 0.0
8.75 22.375 0.0
0.25 22.625 33697.3648727
0.75 22.625 31290.410239
1.25 22.625 36104.3195065
1.75 22.625 12034.7731688
2.25 22.625 19255.6370701
2.75 22.625 14441.7278026
3.25 22.625 14441.7278026
3.75 22.625 2406.95463377
4.25 22.625 2406.95463377
4.75 22.625 2406.95463377
5.25 22.625 2406.95463377
5.75 22.625 0.0
6.25 22.625 0.0
6.75 22.625 0.0
7.25 22.625 0.0
7.75 22.625 0.0
8.25 22.625 0.0
8.75 22.625 0.0
0.25 22.875 36104.3195065
0.75 22.875 31290.410239
1.25 22.875 26476.5009714
1.75 22.875 28883.4556052
2.25 22.875 19255.6370701
2.75 22.875 16848.6824364
3.25 22.875 16848.6824364
3.75 22.875 7220.8639013
4.25 22.875 2406.95463377
4.75 22.875 0.0
5.25 22.875 0.0
5.75 22.875 0.0
6.25 22.875 0.0
6.75 22.875 0.0
7.25 22.875 0.0
7.75 22.875 0.0
8.25 22.875 0.0
8.75 22.875 0.0
0.25 23.125 21662.5917039
0.75 23.125 28883.4556052
1.25 23.125 36104.3195065
1.75 23.125 21662.5917039
2.25 23.125 21662.5917039
2.75 23.125 19255.6370701
3.25 23.125 9627.81853507
3.75 23.125 7220.8639013
4.25 23.125 2406.95463377
4.75 23.125 0.0
5.25 23.125 0.0
5.75 23.125 0.0
6.25 23.125 0.0
6.75 23.125 0.0
7.25 23.125 0.0
7.75 23.125 0.0
8.25 23.125 0.0
8.75 23.125 0.0
0.25 23.375 31290.410239
0.75 23.375 57766.9112104
1.25 23.375 24069.5463377
1.75 23.375 24069.5463377
2.25 23.375 16848.6824364
2.75 23.375 9627.81853507
3.25 23.375 7220.8639013
3.75 23.375 12034.7731688
4.25 23.375 2406.95463377
4.75 23.375 2406.95463377
5.25 23.375 0.0
5.75 23.375 0.0
6.25 23.375 0.0
6.75 23.375 0.0
7.25 23.375 0.0
7.75 23.375 0.0
8.25 23.375 0.0
8.75 23.375 0.0
0.25 23.625 31290.410239
0.75 23.625 19255.6370701
1.25 23.625 28883.4556052
1.75 23.625 24069.5463377
2.25 23.625 21662.5917039
2.75 23.625 7220.8639013
3.25 23.625 4813.90926753
3.75 23.625 7220.8639013
4.25 23.625 9627.81853507
4.75 23.625 0.0
5.25 23.625 0.0
5.75 23.625 0.0
6.25 23.625 0.0
6.75 23.625 0.0
7.25 23.625 0.0
7.75 23.625 0.0
8.25 23.625 0.0
8.75 23.625 0.0
0.25 23.875 19255.6370701
0.75 23.875 31290.410239
1.25 23.875 21662.5917039
1.75 23.875 19255.6370701
2.25 23.875 16848.6824364
2.75 23.875 9627.81853507
3.25 23.875 16848.6824364
3.75 23.875 4813.90926753
4.25 23.875 2406.95463377
4.75 23.875 4813.90926753
5.25 23.875 0.0
5.75 23.875 0.0
6.25 23.875 0.0
6.75 23.875 0.0
7.25 23.875 0.0
7.75 23.875 0.0
8.25 23.875 0.0
8.75 23.875 0.0
0.25 24.125 24069.5463377
0.75 24.125 31290.410239
1.25 24.125 19255.6370701
1.75 24.125 21662.5917039
2.25 24.125 21662.5917039
2.75 24.125 12034.7731688
3.25 24.125 0.0
3.75 24.125 2406.95463377
4.25 24.125 7220.8639013
4.75 24.125 0.0
5.25 24.125 0.0
5.75 24.125 0.0
6.25 24.125 0.0
6.75 24.125 0.0
7.25 24.125 0.0
7.75 24.125 0.0
8.25 24.125 0.0
8.75 24.125 0.0
0.25 24.375 26476.5009714
0.75 24.375 21662.5917039
1.25 24.375 14441.7278026
1.75 24.375 19255.6370701
2.25 24.375 16848.6824364
2.75 24.375 21662.5917039
3.25 24.375 19255.6370701
3.75 24.375 4813.90926753
4.25 24.375 4813.90926753
4.75 24.375 0.0
5.25 24.375 0.0
5.75 24.375 0.0
6.25 24.375 0.0
6.75 24.375 0.0
7.25 24.375 0.0
7.75 24.375 0.0
8.25 24.375 0.0
8.75 24.375 0.0
0.25 24.625 19255.6370701
0.75 24.625 28883.4556052
1.25 24.625 19255.6370701
1.75 24.625 21662.5917039
2.25 24.625 16848.6824364
2.75 24.625 9627.81853507
3.25 24.625 14441.7278026
3.75 24.625 2406.95463377
4.25 24.625 4813.90926753
4.75 24.625 0.0
5.25 24.625 0.0
5.75 24.625 0.0
6.25 24.625 0.0
6.75 24.625 0.0
7.25 24.625 0.0
7.75 24.625 0.0
8.25 24.625 0.0
8.75 24.625 0.0
0.25 24.875 26476.5009714
0.75 24.875 21662.5917039
1.25 24.875 16848.6824364
1.75 24.875 21662.5917039
2.25 24.875 16848.6824364
2.75 24.875 9627.81853507
3.25 24.875 4813.90926753
3.75 24.875 0.0
4.25 24.875 0.0
4.75 24.875 0.0
5.25 24.875 0.0
5.75 24.875 0.0
6.25 24.875 0.0
6.75 24.875 0.0
7.25 24.875 0.0
7.75 24.875 0.0
8.25 24.875 0.0
8.75 24.875 0.0
0.25 25.125 14441.7278026
0.75 25.125 26476.5009714
1.25 25.125 19255.6370701
1.75 25.125 12034.7731688
2.25 25.125 7220.8639013
2.75 25.125 14441.7278026
3.25 25.125 7220.8639013
3.75 25.125 2406.95463377
4.25 25.125 9627.81853507
4.75 25.125 7220.8639013
5.25 25.125 0.0
5.75 25.125 0.0
6.25 25.125 0.0
6.75 25.125 0.0
7.25 25.125 0.0
7.75 25.125 0.0
8.25 25.125 0.0
8.75 25.125 0.0
0.25 25.375 14441.7278026
0.75 25.375 19255.6370701
1.25 25.375 19255.6370701
1.75 25.375 14441.7278026
2.25 25.375 9627.81853507
2.75 25.375 12034.7731688
3.25 25.375 7220.8639013
3.75 25.375 2406.95463377
4.25 25.375 0.0
4.75 25.375 0.0
5.25 25.375 0.0
5.75 25.375 0.0
6.25 25.375 0.0
6.75 25.375 0.0
7.25 25.375 0.0
7.75 25.375 0.0
8.25 25.375 0.0
8.75 25.375 0.0
0.25 25.625 14441.7278026
0.75 25.625 19255.6370701
1.25 25.625 9627.81853507
1.75 25.625 9627.81853507
2.25 25.625 21662.5917039
2.75 25.625 12034.7731688
3.25 25.625 12034.7731688
3.75 25.625 2406.95463377
4.25 25.625 4813.90926753
4.75 25.625 2406.95463377
5.25 25.625 0.0
5.75 25.625 0.0
6.25 25.625 0.0
6.75 25.625 0.0
7.25 25.625 0.0
7.75 25.625 0.0
8.25 25.625 0.0
8.75 25.625 0.0
0.25 25.875 12034.7731688
0.75 25.875 28883.4556052
1.25 25.875 14441.7278026
1.75 25.875 21662.5917039
2.25 25.875 12034.7731688
2.75 25.875 2406.95463377
3.25 25.875 7220.8639013
3.75 25.875 4813.90926753
4.25 25.875 0.0
4.75 25.875 4813.90926753
5.25 25.875 0.0
5.75 25.875 0.0
6.25 25.875 0.0
6.75 25.875 0.0
7.25 25.875 0.0
7.75 25.875 0.0
8.25 25.875 0.0
8.75 25.875 0.0
0.25 26.125 12034.7731688
0.75 26.125 19255.6370701
1.25 26.125 9627.81853507
1.75 26.125 9627.81853507
2.25 26.125 14441.7278026
2.75 26.125 7220.8639013
3.25 26.125 7220.8639013
3.75 26.125 4813.90926753
4.25 26.125 4813.90926753
4.75 26.125 0.0
5.25 26.125 0.0
5.75 26.125 0.0
6.25 26.125 0.0
6.75 26.125 0.0
7.25 26.125 0.0
7.75 26.125 0.0
8.25 26.125 0.0
8.75 26.125 0.0
0.25 26.375 21662.5917039
0.75 26.375 19255.6370701
1.25 26.375 12034.7731688
1.75 26.375 26476.5009714
2.25 26.375 21662.5917039
2.75 26.375 4813.90926753
3.25 26.375 0.0
3.75 26.375 7220.8639013
4.25 26.375 2406.95463377
4.75 26.375 2406.95463377
5.25 26.375 0.0
5.75 26.375 0.0
6.25 26.375 0.0
6.75 26.375 0.0
7.25 26.375 0.0
7.75 26.375 0.0
8.25 26.375 0.0
8.75 26.375 0.0
0.25 26.625 9627.81853507
0.75 26.625 16848.6824364
1.25 26.625 16848.6824364
1.75 26.625 14441.7278026
2.25 26.625 16848.6824364
2.75 26.625 0.0
3.25 26.625 2406.95463377
3.75 26.625 2406.95463377
4.25 26.625 2406.95463377
4.75 26.625 4813.90926753
5.25 26.625 0.0
5.75 26.625 0.0
6.25 26.625 0.0
6.75 26.625 0.0
7.25 26.625 0.0
7.75 26.625 0.0
8.25 26.625 0.0
8.75 26.625 0.0
0.25 26.875 12034.7731688
0.75 26.875 19255.6370701
1.25 26.875 14441.7278026
1.75 26.875 9627.81853507
2.25 26.875 21662.5917039
2.75 26.875 14441.7278026
3.25 26.875 2406.95463377
3.75 26.875 4813.90926753
4.25 26.875 0.0
4.75 26.875 0.0
5.25 26.875 0.0
5.75 26.875 0.0
6.25 26.875 0.0
6.75 26.875 0.0
7.25 26.875 0.0
7.75 26.875 0.0
8.25 26.875 0.0
8.75 26.875 0.0
0.25 27.125 16848.6824364
0.75 27.125 4813.90926753
1.25 27.125 9627.81853507
1.75 27.125 19255.6370701
2.25 27.125 9627.81853507
2.75 27.125 7220.8639013
3.25 27.125 4813.90926753
3.75 27.125 4813.90926753
4.25 27.125 0.0
4.75 27.125 2406.95463377
5.25 27.125 0.0
5.75 27.125 0.0
6.25 27.125 0.0
6.75 27.125 0.0
7.25 27.125 0.0
7.75 27.125 0.0
8.25 27.125 0.0
8.75 27.125 0.0
0.25 27.375 12034.7731688
0.75 27.375 12034.7731688
1.25 27.375 7220.8639013
1.75 27.375 16848.6824364
2.25 27.375 14441.7278026
2.75 27.375 0.0
3.25 27.375 0.0
3.75 27.375 2406.95463377
4.25 27.375 0.0
4.75 27.375 2406.95463377
5.25 27.375 0.0
5.75 27.375 0.0
6.25 27.375 0.0
6.75 27.375 0.0
7.25 27.375 0.0
7.75 27.375 0.0
8.25 27.375 0.0
8.75 27.375 0.0
0.25 27.625 2406.95463377
0.75 27.625 14441.7278026
1.25 27.625 7220.8639013
1.75 27.625 7220.8639013
2.25 27.625 2406.95463377
2.75 27.625 9627.81853507
3.25 27.625 4813.90926753
3.75 27.625 0.0
4.25 27.625 2406.95463377
4.75 27.625 0.0
5.25 27.625 0.0
5.75 27.625 0.0
6.25 27.625 0.0
6.75 27.625 0.0
7.25 27.625 0.0
7.75 27.625 0.0
8.25 27.625 0.0
8.75 27.625 0.0
0.25 27.875 14441.7278026
0.75 27.875 21662.5917039
1.25 27.875 7220.8639013
1.75 27.875 12034.7731688
2.25 27.875 9627.81853507
2.75 27.875 2406.95463377
3.25 27.875 0.0
3.75 27.875 7220.8639013
4.25 27.875 0.0
4.75 27.875 2406.95463377
5.25 27.875 2406.95463377
5.75 27.875 0.0
6.25 27.875 0.0
6.75 27.875 0.0
7.25 27.875 0.0
7.75 27.875 0.0
8.25 27.875 0.0
8.75 27.875 0.0
0.25 28.125 12034.7731688
0.75 28.125 19255.6370701
1.25 28.125 7220.8639013
1.75 28.125 2406.95463377
2.25 28.125 7220.8639013
2.75 28.125 12034.7731688
3.25 28.125 4813.90926753
3.75 28.125 4813.90926753
4.25 28.125 0.0
4.75 28.125 2406.95463377
5.25 28.125 0.0
5.75 28.125 0.0
6.25 28.125 0.0
6.75 28.125 0.0
7.25 28.125 0.0
7.75 28.125 0.0
8.25 28.125 0.0
8.75 28.125 0.0
0.25 28.375 2406.95463377
0.75 28.375 12034.7731688
1.25 28.375 12034.7731688
1.75 28.375 14441.7278026
2.25 28.375 12034.7731688
2.75 28.375 4813.90926753
3.25 28.375 7220.8639013
3.75 28.375 2406.95463377
4.25 28.375 2406.95463377
4.75 28.375 2406.95463377
5.25 28.375 0.0
5.75 28.375 0.0
6.25 28.375 0.0
6.75 28.375 0.0
7.25 28.375 0.0
7.75 28.375 0.0
8.25 28.375 0.0
8.75 28.375 0.0
0.25 28.625 16848.6824364
0.75 28.625 14441.7278026
1.25 28.625 9627.81853507
1.75 28.625 9627.81853507
2.25 28.625 9627.81853507
2.75 28.625 9627.81853507
3.25 28.625 4813.90926753
3.75 28.625 7220.8639013
4.25 28.625 4813.90926753
4.75 28.625 0.0
5.25 28.625 0.0
5.75 28.625 0.0
6.25 28.625 0.0
6.75 28.625 0.0
7.25 28.625 0.0
7.75 28.625 0.0
8.25 28.625 0.0
8.75 28.625 0.0
0.25 28.875 7220.8639013
0.75 28.875 12034.7731688
1.25 28.875 9627.81853507
1.75 28.875 4813.90926753
2.25 28.875 2406.95463377
2.75 28.875 4813.90926753
3.25 28.875 4813.90926753
3.75 28.875 0.0
4.25 28.875 0.0
4.75 28.875 0.0
5.25 28.875 0.0
5.75 28.875 0.0
6.25 28.875 0.0
6.75 28.875 0.0
7.25 28.875 0.0
7.75 28.875 0.0
8.25 28.875 0.0
8.75 28.875 0.0
0.25 29.125 9627.81853507
0.75 29.125 14441.7278026
1.25 29.125 7220.8639013
1.75 29.125 0.0
2.25 29.125 9627.81853507
2.75 29.125 9627.81853507
3.25 29.125 7220.8639013
3.75 29.125 2406.95463377
4.25 29.125 2406.95463377
4.75 29.125 0.0
5.25 29.125 0.0
5.75 29.125 0.0
6.25 29.125 0.0
6.75 29.125 0.0
7.25 29.125 0.0
7.75 29.125 0.0
8.25 29.125 0.0
8.75 29.125 0.0
0.25 29.375 4813.90926753
0.75 29.375 14441.7278026
1.25 29.375 19255.6370701
1.75 29.375 9627.81853507
2.25 29.375 0.0
2.75 29.375 4813.90926753
3.25 29.375 2406.95463377
3.75 29.375 0.0
4.25 29.375 4813.90926753
4.75 29.375 0.0
5.25 29.375 0.0
5.75 29.375 0.0
6.25 29.375 0.0
6.75 29.375 0.0
7.25 29.375 0.0
7.75 29.375 0.0
8.25 29.375 0.0
8.75 29.375 0.0
0.25 29.625 9627.81853507
0.75 29.625 19255.6370701
1.25 29.625 19255.6370701
1.75 29.625 14441.7278026
2.25 29.625 4813.90926753
2.75 29.625 4813.90926753
3.25 29.625 0.0
3.75 29.625 2406.95463377
4.25 29.625 0.0
4.75 29.625 2406.95463377
5.25 29.625 0.0
5.75 29.625 0.0
6.25 29.625 0.0
6.75 29.625 0.0
7.25 29.625 0.0
7.75 29.625 0.0
8.25 29.625 0.0
8.75 29.625 0.0
0.25 29.875 14441.7278026
0.75 29.875 7220.8639013
1.25 29.875 4813.90926753
1.75 29.875 9627.81853507
2.25 29.875 4813.90926753
2.75 29.875 4813.90926753
3.25 29.875 9627.81853507
3.75 29.875 4813.90926753
4.25 29.875 0.0
4.75 29.875 2406.95463377
5.25 29.875 0.0
5.75 29.875 0.0
6.25 29.875 0.0
6.75 29.875 0.0
7.25 29.875 0.0
7.75 29.875 0.0
8.25 29.875 0.0
8.75 29.875 0.0
