11.294627058970837 0.43063845901461106
14.219093021276404 687.1565138959844
17.900777537149963 64.61517391298173
22.535743732392298 6870.113929390158
28.370820458389794 4538.455008610758
35.71674682851676 3662.1755867441516
44.96472020903849 17499.531598586444
56.60722890537329 19238.554141990615
71.26427896022373 27029.115871158516
89.71641173621407 49603.356904974804
112.94627058970838 60506.27420363725
142.1909302127641 100020.76246927027
179.00777537149963 104305.69690907229
225.35743732392305 126375.50282475469
283.7082045838981 159992.90555250022
357.1674682851676 179068.0660389826
449.6472020903849 189018.66352284816
566.0722890537327 143758.9548950839
712.6427896022376 131828.79480911046
897.164117362141 88609.53320523934
1129.4627058970837 55491.51131812739
1421.9093021276408 30367.92463305383
1790.0777537149975 12913.324838091852
2253.5743732392316 4428.063981427113
2837.082045838981 1272.7028445382603
3571.674682851676 264.8703511049971
4496.47202090385 43.337629922898486
5660.72289053733 3.132203495595604
7126.427896022379 0.07873938069678843
8971.64117362141 0.0
