0.25 0.125 139625031.35
0.75 0.125 5824830.21372
1.25 0.125 5509519.15669
1.75 0.125 5832051.07762
2.25 0.125 6279744.6395
2.75 0.125 6455452.32776
3.25 0.125 6888704.16184
3.75 0.125 7016272.75743
4.25 0.125 6691333.88187
4.75 0.125 5923515.3537
5.25 0.125 4963140.45483
5.75 0.125 3665791.90723
6.25 0.125 2226433.03623
6.75 0.125 953154.034972
7.25 0.125 293648.46532
7.75 0.125 48139.0926753
8.25 0.125 0.0
8.75 0.125 0.0
0.25 0.375 8556723.72304
0.75 0.375 10111616.4165
1.25 0.375 10361939.6984
1.75 0.375 10689285.5286
2.25 0.375 11779635.9777
2.75 0.375 12747231.7404
3.25 0.375 14061428.9705
3.75 0.375 14542819.8972
4.25 0.375 13765373.5505
4.75 0.375 12780929.1053
5.25 0.375 10453403.9745
5.75 0.375 7906845.97193
6.25 0.375 5020907.36604
6.75 0.375 2382885.08743
7.25 0.375 823178.484748
7.75 0.375 120347.731688
8.25 0.375 4813.90926753
8.75 0.375 0.0
0.25 0.625 7646894.87148
0.75 0.625 10361939.6984
1.25 0.625 11076805.2246
1.75 0.625 11928867.165
2.25 0.625 13194925.3023
2.75 0.625 13926639.511
3.25 0.625 15041059.5064
3.75 0.625 15332301.0171
4.25 0.625 15662053.8019
4.75 0.625 13926639.511
5.25 0.625 12015517.5318
5.75 0.625 8821488.73276
6.25 0.625 5528774.79376
6.75 0.625 2628394.46007
7.25 0.625 907421.89693
7.75 0.625 98685.1399845
8.25 0.625 2406.95463377
8.75 0.625 0.0
0.25 0.875 6351953.27851
0.75 0.875 9408785.6634
1.25 0.875 10802412.3963
1.75 0.875 11404151.0548
2.25 0.875 12455990.2297
2.75 0.875 13247878.3043
3.25 0.875 13921825.6017
3.75 0.875 13953116.0119
4.25 0.875 13580038.0437
4.75 0.875 12217701.721
5.25 0.875 10186232.0101
5.75 0.875 7892404.24412
6.25 0.875 5013686.50214
6.75 0.875 2411768.54303
7.25 0.875 892980.169128
7.75 0.875 125161.640956
8.25 0.875 2406.95463377
8.75 0.875 0.0
0.25 1.125 5687633.79959
0.75 1.125 8149948.38994
1.25 1.125 9329356.16048
1.75 1.125 10082732.9609
2.25 1.125 10934794.9012
2.75 1.125 11245292.049
3.25 1.125 11803705.524
3.75 1.125 11423406.6919
4.25 1.125 11498022.2855
4.75 1.125 10126058.1443
5.25 1.125 8272703.07626
5.75 1.125 6248454.22926
6.25 1.125 3863162.1872
6.75 1.125 1935191.52555
7.25 1.125 630622.114047
7.75 1.125 93871.2307169
8.25 1.125 0.0
8.75 1.125 0.0
0.25 1.375 5057011.68554
0.75 1.375 6934436.29988
1.25 1.375 8491735.94793
1.75 1.375 8838337.41519
2.25 1.375 9312507.47805
2.75 1.375 9442483.02827
3.25 1.375 9574865.53313
3.75 1.375 9317321.38731
4.25 1.375 8992382.51175
4.75 1.375 7726324.37439
5.25 1.375 6303814.18584
5.75 1.375 4594876.39586
6.25 1.375 2912415.10686
6.75 1.375 1309383.32077
7.25 1.375 447693.561881
7.75 1.375 40918.228774
8.25 1.375 0.0
8.75 1.375 0.0
0.25 1.625 4575620.75879
0.75 1.625 5974061.40101
1.25 1.625 7071632.71401
1.75 1.625 7483221.95638
2.25 1.625 7752800.87536
2.75 1.625 7817788.65048
3.25 1.625 7868334.69778
3.75 1.625 7235305.6291
4.25 1.625 6917587.61745
4.75 1.625 6051083.94929
5.25 1.625 4683933.71731
5.75 1.625 3169959.25267
6.25 1.625 1879831.56897
6.75 1.625 909828.851564
7.25 1.625 259951.100447
7.75 1.625 26476.5009714
8.25 1.625 0.0
8.75 1.625 0.0
0.25 1.875 3971475.14572
0.75 1.875 5129220.32456
1.25 1.875 5998130.94735
1.75 1.875 6402499.32582
2.25 1.875 6359174.14241
2.75 1.875 6537288.78531
3.25 1.875 5995723.99271
3.75 1.875 6132920.40684
4.25 1.875 5502298.29279
4.75 1.875 4488970.39198
5.25 1.875 3494898.12823
5.75 1.875 2479163.27278
6.25 1.875 1513974.46464
6.75 1.875 582483.021372
7.25 1.875 187742.461434
7.75 1.875 7220.8639013
8.25 1.875 0.0
8.75 1.875 0.0
0.25 2.125 3444352.08092
0.75 2.125 4221798.42763
1.25 2.125 5117185.55139
1.75 2.125 5338625.3777
2.25 2.125 5480635.70109
2.75 2.125 5446938.33622
3.25 2.125 5059418.64018
3.75 2.125 4833164.9046
4.25 2.125 4161624.56178
4.75 2.125 3420282.53458
5.25 2.125 2609138.823
5.75 2.125 1826878.56703
6.25 2.125 941119.261803
6.75 2.125 401961.423839
7.25 2.125 103499.049252
7.75 2.125 2406.95463377
8.25 2.125 0.0
8.75 2.125 0.0
0.25 2.375 3189214.88974
0.75 2.375 3721151.8638
1.25 2.375 4243461.01933
1.75 2.375 4409540.88906
2.25 2.375 4344553.11395
2.75 2.375 4294007.06664
3.25 2.375 4041276.8301
3.75 2.375 3694675.36283
4.25 2.375 3215691.39071
4.75 2.375 2532116.27472
5.25 2.375 2012214.07383
5.75 2.375 1282906.8198
6.25 2.375 760597.66427
6.75 2.375 252730.236546
7.25 2.375 67394.7297455
7.75 2.375 2406.95463377
8.25 2.375 0.0
8.75 2.375 0.0
0.25 2.625 2731893.50933
0.75 2.625 3218098.34535
1.25 2.625 3535816.357
1.75 2.625 3583955.44968
2.25 2.625 3834278.73159
2.75 2.625 3425096.44385
3.25 2.625 3458793.80872
3.75 2.625 3039983.70245
4.25 2.625 2604324.91374
4.75 2.625 2209584.3538
5.25 2.625 1528416.19244
5.75 2.625 970002.717408
6.25 2.625 478983.97212
6.75 2.625 219032.871673
7.25 2.625 36104.3195065
7.75 2.625 2406.95463377
8.25 2.625 0.0
8.75 2.625 0.0
0.25 2.875 2500825.86448
0.75 2.875 2594697.0952
1.25 2.875 2849834.28638
1.75 2.875 3071274.11269
2.25 2.875 3112192.34146
2.75 2.875 3080901.93122
3.25 2.875 2606731.86837
3.75 2.875 2228839.99087
4.25 2.875 2014621.02846
4.75 2.875 1554892.69341
5.25 2.875 1099978.26763
5.75 2.875 738935.072567
6.25 2.875 339380.603361
6.75 2.875 139603.368758
7.25 2.875 19255.6370701
7.75 2.875 2406.95463377
8.25 2.875 0.0
8.75 2.875 0.0
0.25 3.125 1865389.84117
0.75 3.125 2411768.54303
1.25 3.125 2476756.31815
1.75 3.125 2553778.86643
2.25 3.125 2580255.3674
2.75 3.125 2426210.27084
3.25 3.125 2228839.99087
3.75 3.125 2000179.30066
4.25 3.125 1564520.51195
4.75 3.125 1198663.40762
5.25 3.125 892980.169128
5.75 3.125 505460.473091
6.25 3.125 250323.281912
6.75 3.125 81836.4575481
7.25 3.125 14441.7278026
7.75 3.125 0.0
8.25 3.125 0.0
8.75 3.125 0.0
0.25 3.375 1713751.69924
0.75 3.375 1949633.25335
1.25 3.375 2050725.34797
1.75 3.375 2260130.40111
2.25 3.375 2062760.12114
2.75 3.375 1971295.84506
3.25 3.375 1749856.01875
3.75 3.375 1636729.15096
4.25 3.375 1306976.36614
4.75 3.375 991665.309112
5.25 3.375 601738.658442
5.75 3.375 399554.469205
6.25 3.375 161265.960462
6.75 3.375 55359.9565766
7.25 3.375 2406.95463377
7.75 3.375 0.0
8.25 3.375 0.0
8.75 3.375 0.0
0.25 3.625 1595810.92219
0.75 3.625 1641543.06023
1.25 3.625 1812436.83923
1.75 3.625 1771518.61045
2.25 3.625 1764297.74655
2.75 3.625 1655984.78803
3.25 3.625 1595810.92219
3.75 3.625 1294941.59297
4.25 3.625 1003700.08228
4.75 3.625 767818.528172
5.25 3.625 447693.561881
5.75 3.625 269578.918982
6.25 3.625 120347.731688
6.75 3.625 50546.0473091
7.25 3.625 9627.81853507
7.75 3.625 0.0
8.25 3.625 0.0
8.75 3.625 0.0
0.25 3.875 1350301.54954
0.75 3.875 1562113.55731
1.25 3.875 1497125.7822
1.75 3.875 1485091.00903
2.25 3.875 1427324.09782
2.75 3.875 1367150.23198
3.25 3.875 1254023.36419
3.75 3.875 1090350.4491
4.25 3.875 818364.575481
4.75 3.875 693202.934525
5.25 3.875 373077.968234
5.75 3.875 233474.599475
6.25 3.875 89057.3214494
6.75 3.875 24069.5463377
7.25 3.875 4813.90926753
7.75 3.875 0.0
8.25 3.875 0.0
8.75 3.875 0.0
0.25 4.125 1085536.53983
0.75 4.125 1306976.36614
1.25 4.125 1316604.18467
1.75 4.125 1424917.14319
2.25 4.125 1191442.54371
2.75 4.125 1181814.72518
3.25 4.125 1003700.08228
3.75 4.125 888166.25986
4.25 4.125 717272.480863
4.75 4.125 491018.745288
5.25 4.125 351415.37653
5.75 4.125 168486.824364
6.25 4.125 57766.9112104
6.75 4.125 16848.6824364
7.25 4.125 9627.81853507
7.75 4.125 0.0
8.25 4.125 0.0
8.75 4.125 0.0
0.25 4.375 1037397.44715
0.75 4.375 1066280.90276
1.25 4.375 1104792.1769
1.75 4.375 1162559.08811
2.25 4.375 1085536.53983
2.75 4.375 895387.123761
3.25 4.375 856875.849621
3.75 4.375 765411.573538
4.25 4.375 580076.066738
4.75 4.375 406775.333107
5.25 4.375 209405.053138
5.75 4.375 149231.187294
6.25 4.375 50546.0473091
6.75 4.375 24069.5463377
7.25 4.375 0.0
7.75 4.375 0.0
8.25 4.375 0.0
8.75 4.375 0.0
0.25 4.625 895387.123761
0.75 4.625 962781.853507
1.25 4.625 929084.488634
1.75 4.625 941119.261803
2.25 4.625 1044618.31105
2.75 4.625 815957.620847
3.25 4.625 712458.571595
3.75 4.625 539157.837964
4.25 4.625 445286.607247
4.75 4.625 349008.421896
5.25 4.625 211812.007772
5.75 4.625 101092.094618
6.25 4.625 21662.5917039
6.75 4.625 16848.6824364
7.25 4.625 0.0
7.75 4.625 0.0
8.25 4.625 0.0
8.75 4.625 0.0
0.25 4.875 746155.936468
0.75 4.875 789481.119876
1.25 4.875 784667.210608
1.75 4.875 811143.71158
2.25 4.875 777446.346707
2.75 4.875 690795.979891
3.25 4.875 558413.475034
3.75 4.875 476577.017486
4.25 4.875 454914.425782
4.75 4.875 223846.78094
5.25 4.875 194963.325335
5.75 4.875 86650.3668156
6.25 4.875 31290.410239
6.75 4.875 4813.90926753
7.25 4.875 0.0
7.75 4.875 0.0
8.25 4.875 0.0
8.75 4.875 0.0
0.25 5.125 678761.206722
0.75 5.125 693202.934525
1.25 5.125 815957.620847
1.75 5.125 736528.117933
2.25 5.125 693202.934525
2.75 5.125 604145.613076
3.25 5.125 512681.336992
3.75 5.125 457321.380416
4.25 5.125 332159.73946
4.75 5.125 247916.327278
5.25 5.125 151638.141927
5.75 5.125 60173.8658442
6.25 5.125 19255.6370701
6.75 5.125 2406.95463377
7.25 5.125 0.0
7.75 5.125 0.0
8.25 5.125 0.0
8.75 5.125 0.0
0.25 5.375 543971.747231
0.75 5.375 618587.340878
1.25 5.375 608959.522343
1.75 5.375 608959.522343
2.25 5.375 645063.84185
2.75 5.375 510274.382359
3.25 5.375 428437.924811
3.75 5.375 349008.421896
4.25 5.375 235881.554109
4.75 5.375 175707.688265
5.25 5.375 89057.3214494
5.75 5.375 62580.8204779
6.25 5.375 21662.5917039
6.75 5.375 2406.95463377
7.25 5.375 0.0
7.75 5.375 0.0
8.25 5.375 0.0
8.75 5.375 0.0
0.25 5.625 536750.88333
0.75 5.625 580076.066738
1.25 5.625 568041.293569
1.75 5.625 560820.429668
2.25 5.625 515088.291626
2.75 5.625 440472.697979
3.25 5.625 426030.970177
3.75 5.625 351415.37653
4.25 5.625 216625.917039
4.75 5.625 132382.504857
5.25 5.625 81836.4575481
5.75 5.625 52953.0019429
6.25 5.625 21662.5917039
6.75 5.625 0.0
7.25 5.625 0.0
7.75 5.625 0.0
8.25 5.625 0.0
8.75 5.625 0.0
0.25 5.875 507867.427725
0.75 5.875 512681.336992
1.25 5.875 464542.244317
1.75 5.875 493425.699922
2.25 5.875 416403.151642
2.75 5.875 442879.652613
3.25 5.875 377891.877501
3.75 5.875 284020.646785
4.25 5.875 178114.642899
4.75 5.875 139603.368758
5.25 5.875 69801.6843792
5.75 5.875 26476.5009714
6.25 5.875 4813.90926753
6.75 5.875 0.0
7.25 5.875 0.0
7.75 5.875 0.0
8.25 5.875 0.0
8.75 5.875 0.0
0.25 6.125 438065.743346
0.75 6.125 423624.015543
1.25 6.125 416403.151642
1.75 6.125 428437.924811
2.25 6.125 387519.696037
2.75 6.125 322531.920925
3.25 6.125 288834.556052
3.75 6.125 214218.962405
4.25 6.125 199777.234603
4.75 6.125 127568.59559
5.25 6.125 74615.5936468
5.75 6.125 28883.4556052
6.25 6.125 7220.8639013
6.75 6.125 2406.95463377
7.25 6.125 0.0
7.75 6.125 0.0
8.25 6.125 0.0
8.75 6.125 0.0
0.25 6.375 327345.830192
0.75 6.375 409182.28774
1.25 6.375 334566.694094
1.75 6.375 361043.195065
2.25 6.375 365857.104333
2.75 6.375 312904.10239
3.25 6.375 279206.737517
3.75 6.375 219032.871673
4.25 6.375 132382.504857
4.75 6.375 67394.7297455
5.25 6.375 57766.9112104
5.75 6.375 28883.4556052
6.25 6.375 14441.7278026
6.75 6.375 0.0
7.25 6.375 0.0
7.75 6.375 0.0
8.25 6.375 0.0
8.75 6.375 0.0
0.25 6.625 346601.467262
0.75 6.625 296055.419953
1.25 6.625 298462.374587
1.75 6.625 305683.238488
2.25 6.625 259951.100447
2.75 6.625 269578.918982
3.25 6.625 233474.599475
3.75 6.625 156452.051195
4.25 6.625 120347.731688
4.75 6.625 96278.1853507
5.25 6.625 45732.1380416
5.75 6.625 14441.7278026
6.25 6.625 2406.95463377
6.75 6.625 0.0
7.25 6.625 0.0
7.75 6.625 0.0
8.25 6.625 0.0
8.75 6.625 0.0
0.25 6.875 264765.009714
0.75 6.875 320124.966291
1.25 6.875 259951.100447
1.75 6.875 264765.009714
2.25 6.875 288834.556052
2.75 6.875 204591.14387
3.25 6.875 233474.599475
3.75 6.875 146824.23266
4.25 6.875 108312.95852
4.75 6.875 69801.6843792
5.25 6.875 50546.0473091
5.75 6.875 19255.6370701
6.25 6.875 0.0
6.75 6.875 2406.95463377
7.25 6.875 0.0
7.75 6.875 0.0
8.25 6.875 0.0
8.75 6.875 0.0
0.25 7.125 255137.191179
0.75 7.125 353822.331164
1.25 7.125 312904.10239
1.75 7.125 231067.644842
2.25 7.125 221439.826307
2.75 7.125 158859.005829
3.25 7.125 151638.141927
3.75 7.125 129975.550223
4.25 7.125 91464.2760832
4.75 7.125 60173.8658442
5.25 7.125 33697.3648727
5.75 7.125 9627.81853507
6.25 7.125 4813.90926753
6.75 7.125 0.0
7.25 7.125 0.0
7.75 7.125 0.0
8.25 7.125 0.0
8.75 7.125 0.0
0.25 7.375 231067.644842
0.75 7.375 245509.372644
1.25 7.375 223846.78094
1.75 7.375 274392.828249
2.25 7.375 199777.234603
2.75 7.375 233474.599475
3.25 7.375 142010.323392
3.75 7.375 98685.1399845
4.25 7.375 84243.4121819
4.75 7.375 40918.228774
5.25 7.375 19255.6370701
5.75 7.375 19255.6370701
6.25 7.375 2406.95463377
6.75 7.375 0.0
7.25 7.375 0.0
7.75 7.375 0.0
8.25 7.375 0.0
8.75 7.375 0.0
0.25 7.625 163672.915096
0.75 7.625 228660.690208
1.25 7.625 158859.005829
1.75 7.625 235881.554109
2.25 7.625 170893.778997
2.75 7.625 137196.414125
3.25 7.625 139603.368758
3.75 7.625 105906.003886
4.25 7.625 74615.5936468
4.75 7.625 36104.3195065
5.25 7.625 19255.6370701
5.75 7.625 7220.8639013
6.25 7.625 2406.95463377
6.75 7.625 0.0
7.25 7.625 0.0
7.75 7.625 0.0
8.25 7.625 0.0
8.75 7.625 0.0
0.25 7.875 214218.962405
0.75 7.875 178114.642899
1.25 7.875 151638.141927
1.75 7.875 161265.960462
2.25 7.875 146824.23266
2.75 7.875 192556.370701
3.25 7.875 115533.822421
3.75 7.875 74615.5936468
4.25 7.875 69801.6843792
4.75 7.875 31290.410239
5.25 7.875 21662.5917039
5.75 7.875 14441.7278026
6.25 7.875 2406.95463377
6.75 7.875 0.0
7.25 7.875 0.0
7.75 7.875 0.0
8.25 7.875 0.0
8.75 7.875 0.0
0.25 8.125 168486.824364
0.75 8.125 199777.234603
1.25 8.125 185335.5068
1.75 8.125 113126.867787
2.25 8.125 158859.005829
2.75 8.125 156452.051195
3.25 8.125 103499.049252
3.75 8.125 74615.5936468
4.25 8.125 57766.9112104
4.75 8.125 40918.228774
5.25 8.125 28883.4556052
5.75 8.125 14441.7278026
6.25 8.125 2406.95463377
6.75 8.125 0.0
7.25 8.125 0.0
7.75 8.125 0.0
8.25 8.125 0.0
8.75 8.125 0.0
0.25 8.375 158859.005829
0.75 8.375 137196.414125
1.25 8.375 142010.323392
1.75 8.375 142010.323392
2.25 8.375 122754.686322
2.75 8.375 117940.777055
3.25 8.375 105906.003886
3.75 8.375 81836.4575481
4.25 8.375 50546.0473091
4.75 8.375 33697.3648727
5.25 8.375 2406.95463377
5.75 8.375 7220.8639013
6.25 8.375 0.0
6.75 8.375 0.0
7.25 8.375 0.0
7.75 8.375 0.0
8.25 8.375 0.0
8.75 8.375 0.0
0.25 8.625 142010.323392
0.75 8.625 137196.414125
1.25 8.625 132382.504857
1.75 8.625 142010.323392
2.25 8.625 154045.096561
2.75 8.625 89057.3214494
3.25 8.625 93871.2307169
3.75 8.625 64987.7751117
4.25 8.625 45732.1380416
4.75 8.625 28883.4556052
5.25 8.625 9627.81853507
5.75 8.625 2406.95463377
6.25 8.625 2406.95463377
6.75 8.625 0.0
7.25 8.625 0.0
7.75 8.625 0.0
8.25 8.625 0.0
8.75 8.625 0.0
0.25 8.875 93871.2307169
0.75 8.875 129975.550223
1.25 8.875 105906.003886
1.75 8.875 149231.187294
2.25 8.875 117940.777055
2.75 8.875 91464.2760832
3.25 8.875 52953.0019429
3.75 8.875 55359.9565766
4.25 8.875 33697.3648727
4.75 8.875 26476.5009714
5.25 8.875 12034.7731688
5.75 8.875 2406.95463377
6.25 8.875 2406.95463377
6.75 8.875 0.0
7.25 8.875 0.0
7.75 8.875 0.0
8.25 8.875 0.0
8.75 8.875 0.0
0.25 9.125 129975.550223
0.75 9.125 84243.4121819
1.25 9.125 139603.368758
1.75 9.125 72208.639013
2.25 9.125 93871.2307169
2.75 9.125 69801.6843792
3.25 9.125 77022.5482805
3.75 9.125 45732.1380416
4.25 9.125 24069.5463377
4.75 9.125 12034.7731688
5.25 9.125 7220.8639013
5.75 9.125 4813.90926753
6.25 9.125 2406.95463377
6.75 9.125 0.0
7.25 9.125 0.0
7.75 9.125 0.0
8.25 9.125 0.0
8.75 9.125 0.0
0.25 9.375 134789.459491
0.75 9.375 129975.550223
1.25 9.375 89057.3214494
1.75 9.375 103499.049252
2.25 9.375 89057.3214494
2.75 9.375 48139.0926753
3.25 9.375 55359.9565766
3.75 9.375 40918.228774
4.25 9.375 21662.5917039
4.75 9.375 14441.7278026
5.25 9.375 4813.90926753
5.75 9.375 0.0
6.25 9.375 0.0
6.75 9.375 0.0
7.25 9.375 0.0
7.75 9.375 0.0
8.25 9.375 0.0
8.75 9.375 0.0
0.25 9.625 77022.5482805
0.75 9.625 72208.639013
1.25 9.625 98685.1399845
1.75 9.625 103499.049252
2.25 9.625 96278.1853507
2.75 9.625 69801.6843792
3.25 9.625 57766.9112104
3.75 9.625 50546.0473091
4.25 9.625 19255.6370701
4.75 9.625 19255.6370701
5.25 9.625 12034.7731688
5.75 9.625 2406.95463377
6.25 9.625 0.0
6.75 9.625 0.0
7.25 9.625 0.0
7.75 9.625 0.0
8.25 9.625 0.0
8.75 9.625 0.0
0.25 9.875 98685.1399845
0.75 9.875 91464.2760832
1.25 9.875 86650.3668156
1.75 9.875 86650.3668156
2.25 9.875 52953.0019429
2.75 9.875 64987.7751117
3.25 9.875 45732.1380416
3.75 9.875 33697.3648727
4.25 9.875 19255.6370701
4.75 9.875 14441.7278026
5.25 9.875 7220.8639013
5.75 9.875 2406.95463377
6.25 9.875 0.0
6.75 9.875 0.0
7.25 9.875 0.0
7.75 9.875 0.0
8.25 9.875 0.0
8.75 9.875 0.0
0.25 10.125 64987.7751117
0.75 10.125 48139.0926753
1.25 10.125 72208.639013
1.75 10.125 62580.8204779
2.25 10.125 52953.0019429
2.75 10.125 57766.9112104
3.25 10.125 33697.3648727
3.75 10.125 40918.228774
4.25 10.125 16848.6824364
4.75 10.125 9627.81853507
5.25 10.125 4813.90926753
5.75 10.125 0.0
6.25 10.125 0.0
6.75 10.125 0.0
7.25 10.125 0.0
7.75 10.125 0.0
8.25 10.125 0.0
8.75 10.125 0.0
0.25 10.375 62580.8204779
0.75 10.375 67394.7297455
1.25 10.375 86650.3668156
1.75 10.375 72208.639013
2.25 10.375 62580.8204779
2.75 10.375 45732.1380416
3.25 10.375 31290.410239
3.75 10.375 31290.410239
4.25 10.375 14441.7278026
4.75 10.375 14441.7278026
5.25 10.375 2406.95463377
5.75 10.375 0.0
6.25 10.375 0.0
6.75 10.375 0.0
7.25 10.375 0.0
7.75 10.375 0.0
8.25 10.375 0.0
8.75 10.375 0.0
0.25 10.625 62580.8204779
0.75 10.625 55359.9565766
1.25 10.625 62580.8204779
1.75 10.625 72208.639013
2.25 10.625 62580.8204779
2.75 10.625 31290.410239
3.25 10.625 50546.0473091
3.75 10.625 31290.410239
4.25 10.625 7220.8639013
4.75 10.625 9627.81853507
5.25 10.625 4813.90926753
5.75 10.625 2406.95463377
6.25 10.625 0.0
6.75 10.625 0.0
7.25 10.625 0.0
7.75 10.625 0.0
8.25 10.625 0.0
8.75 10.625 0.0
0.25 10.875 81836.4575481
0.75 10.875 62580.8204779
1.25 10.875 48139.0926753
1.75 10.875 81836.4575481
2.25 10.875 45732.1380416
2.75 10.875 31290.410239
3.25 10.875 33697.3648727
3.75 10.875 16848.6824364
4.25 10.875 12034.7731688
4.75 10.875 12034.7731688
5.25 10.875 0.0
5.75 10.875 0.0
6.25 10.875 0.0
6.75 10.875 0.0
7.25 10.875 0.0
7.75 10.875 0.0
8.25 10.875 0.0
8.75 10.875 0.0
0.25 11.125 40918.228774
0.75 11.125 45732.1380416
1.25 11.125 55359.9565766
1.75 11.125 52953.0019429
2.25 11.125 57766.9112104
2.75 11.125 45732.1380416
3.25 11.125 40918.228774
3.75 11.125 28883.4556052
4.25 11.125 12034.7731688
4.75 11.125 16848.6824364
5.25 11.125 0.0
5.75 11.125 2406.95463377
6.25 11.125 0.0
6.75 11.125 0.0
7.25 11.125 0.0
7.75 11.125 0.0
8.25 11.125 0.0
8.75 11.125 0.0
0.25 11.375 38511.2741403
0.75 11.375 48139.0926753
1.25 11.375 50546.0473091
1.75 11.375 57766.9112104
2.25 11.375 45732.1380416
2.75 11.375 26476.5009714
3.25 11.375 36104.3195065
3.75 11.375 19255.6370701
4.25 11.375 19255.6370701
4.75 11.375 4813.90926753
5.25 11.375 2406.95463377
5.75 11.375 0.0
6.25 11.375 0.0
6.75 11.375 0.0
7.25 11.375 0.0
7.75 11.375 0.0
8.25 11.375 0.0
8.75 11.375 0.0
0.25 11.625 45732.1380416
0.75 11.625 40918.228774
1.25 11.625 48139.0926753
1.75 11.625 31290.410239
2.25 11.625 38511.2741403
2.75 11.625 33697.3648727
3.25 11.625 19255.6370701
3.75 11.625 19255.6370701
4.25 11.625 24069.5463377
4.75 11.625 7220.8639013
5.25 11.625 2406.95463377
5.75 11.625 0.0
6.25 11.625 0.0
6.75 11.625 0.0
7.25 11.625 0.0
7.75 11.625 0.0
8.25 11.625 0.0
8.75 11.625 0.0
0.25 11.875 38511.2741403
0.75 11.875 45732.1380416
1.25 11.875 57766.9112104
1.75 11.875 38511.2741403
2.25 11.875 36104.3195065
2.75 11.875 21662.5917039
3.25 11.875 31290.410239
3.75 11.875 9627.81853507
4.25 11.875 9627.81853507
4.75 11.875 14441.7278026
5.25 11.875 2406.95463377
5.75 11.875 0.0
6.25 11.875 0.0
6.75 11.875 0.0
7.25 11.875 0.0
7.75 11.875 0.0
8.25 11.875 0.0
8.75 11.875 0.0
0.25 12.125 48139.0926753
0.75 12.125 33697.3648727
1.25 12.125 31290.410239
1.75 12.125 45732.1380416
2.25 12.125 31290.410239
2.75 12.125 43325.1834078
3.25 12.125 24069.5463377
3.75 12.125 24069.5463377
4.25 12.125 9627.81853507
4.75 12.125 2406.95463377
5.25 12.125 0.0
5.75 12.125 2406.95463377
6.25 12.125 0.0
6.75 12.125 0.0
7.25 12.125 0.0
7.75 12.125 0.0
8.25 12.125 0.0
8.75 12.125 0.0
0.25 12.375 28883.4556052
0.75 12.375 43325.1834078
1.25 12.375 19255.6370701
1.75 12.375 31290.410239
2.25 12.375 31290.410239
2.75 12.375 26476.5009714
3.25 12.375 19255.6370701
3.75 12.375 12034.7731688
4.25 12.375 12034.7731688
4.75 12.375 0.0
5.25 12.375 0.0
5.75 12.375 0.0
6.25 12.375 0.0
6.75 12.375 0.0
7.25 12.375 0.0
7.75 12.375 0.0
8.25 12.375 0.0
8.75 12.375 0.0
0.25 12.625 45732.1380416
0.75 12.625 40918.228774
1.25 12.625 36104.3195065
1.75 12.625 26476.5009714
2.25 12.625 26476.5009714
2.75 12.625 19255.6370701
3.25 12.625 16848.6824364
3.75 12.625 9627.81853507
4.25 12.625 7220.8639013
4.75 12.625 4813.90926753
5.25 12.625 0.0
5.75 12.625 0.0
6.25 12.625 2406.95463377
6.75 12.625 0.0
7.25 12.625 0.0
7.75 12.625 0.0
8.25 12.625 0.0
8.75 12.625 0.0
0.25 12.875 48139.0926753
0.75 12.875 33697.3648727
1.25 12.875 26476.5009714
1.75 12.875 31290.410239
2.25 12.875 45732.1380416
2.75 12.875 16848.6824364
3.25 12.875 21662.5917039
3.75 12.875 12034.7731688
4.25 12.875 7220.8639013
4.75 12.875 2406.95463377
5.25 12.875 7220.8639013
5.75 12.875 0.0
6.25 12.875 0.0
6.75 12.875 0.0
7.25 12.875 0.0
7.75 12.875 0.0
8.25 12.875 0.0
8.75 12.875 0.0
0.25 13.125 24069.5463377
0.75 13.125 33697.3648727
1.25 13.125 33697.3648727
1.75 13.125 28883.4556052
2.25 13.125 24069.5463377
2.75 13.125 14441.7278026
3.25 13.125 9627.81853507
3.75 13.125 7220.8639013
4.25 13.125 0.0
4.75 13.125 0.0
5.25 13.125 2406.95463377
5.75 13.125 0.0
6.25 13.125 0.0
6.75 13.125 0.0
7.25 13.125 0.0
7.75 13.125 0.0
8.25 13.125 0.0
8.75 13.125 0.0
0.25 13.375 36104.3195065
0.75 13.375 19255.6370701
1.25 13.375 26476.5009714
1.75 13.375 24069.5463377
2.25 13.375 33697.3648727
2.75 13.375 14441.7278026
3.25 13.375 16848.6824364
3.75 13.375 12034.7731688
4.25 13.375 9627.81853507
4.75 13.375 2406.95463377
5.25 13.375 0.0
5.75 13.375 0.0
6.25 13.375 0.0
6.75 13.375 0.0
7.25 13.375 0.0
7.75 13.375 0.0
8.25 13.375 0.0
8.75 13.375 0.0
0.25 13.625 26476.5009714
0.75 13.625 33697.3648727
1.25 13.625 21662.5917039
1.75 13.625 26476.5009714
2.25 13.625 26476.5009714
2.75 13.625 24069.5463377
3.25 13.625 16848.6824364
3.75 13.625 16848.6824364
4.25 13.625 2406.95463377
4.75 13.625 0.0
5.25 13.625 0.0
5.75 13.625 0.0
6.25 13.625 0.0
6.75 13.625 0.0
7.25 13.625 0.0
7.75 13.625 0.0
8.25 13.625 0.0
8.75 13.625 0.0
0.25 13.875 40918.228774
0.75 13.875 24069.5463377
1.25 13.875 33697.3648727
1.75 13.875 28883.4556052
2.25 13.875 14441.7278026
2.75 13.875 9627.81853507
3.25 13.875 9627.81853507
3.75 13.875 16848.6824364
4.25 13.875 4813.90926753
4.75 13.875 2406.95463377
5.25 13.875 0.0
5.75 13.875 0.0
6.25 13.875 0.0
6.75 13.875 0.0
7.25 13.875 0.0
7.75 13.875 0.0
8.25 13.875 0.0
8.75 13.875 0.0
0.25 14.125 24069.5463377
0.75 14.125 26476.5009714
1.25 14.125 26476.5009714
1.75 14.125 19255.6370701
2.25 14.125 21662.5917039
2.75 14.125 19255.6370701
3.25 14.125 4813.90926753
3.75 14.125 2406.95463377
4.25 14.125 7220.8639013
4.75 14.125 4813.90926753
5.25 14.125 0.0
5.75 14.125 0.0
6.25 14.125 0.0
6.75 14.125 0.0
7.25 14.125 0.0
7.75 14.125 0.0
8.25 14.125 0.0
8.75 14.125 0.0
0.25 14.375 24069.5463377
0.75 14.375 19255.6370701
1.25 14.375 21662.5917039
1.75 14.375 14441.7278026
2.25 14.375 12034.7731688
2.75 14.375 4813.90926753
3.25 14.375 7220.8639013
3.75 14.375 9627.81853507
4.25 14.375 2406.95463377
4.75 14.375 0.0
5.25 14.375 0.0
5.75 14.375 0.0
6.25 14.375 0.0
6.75 14.375 0.0
7.25 14.375 0.0
7.75 14.375 0.0
8.25 14.375 0.0
8.75 14.375 0.0
0.25 14.625 16848.6824364
0.75 14.625 12034.7731688
1.25 14.625 31290.410239
1.75 14.625 9627.81853507
2.25 14.625 24069.5463377
2.75 14.625 16848.6824364
3.25 14.625 19255.6370701
3.75 14.625 0.0
4.25 14.625 4813.90926753
4.75 14.625 2406.95463377
5.25 14.625 0.0
5.75 14.625 0.0
6.25 14.625 0.0
6.75 14.625 0.0
7.25 14.625 0.0
7.75 14.625 0.0
8.25 14.625 0.0
8.75 14.625 0.0
0.25 14.875 9627.81853507
0.75 14.875 14441.7278026
1.25 14.875 28883.4556052
1.75 14.875 9627.81853507
2.25 14.875 7220.8639013
2.75 14.875 9627.81853507
3.25 14.875 7220.8639013
3.75 14.875 2406.95463377
4.25 14.875 12034.7731688
4.75 14.875 0.0
5.25 14.875 0.0
5.75 14.875 0.0
6.25 14.875 0.0
6.75 14.875 0.0
7.25 14.875 0.0
7.75 14.875 0.0
8.25 14.875 0.0
8.75 14.875 0.0
0.25 15.125 16848.6824364
0.75 15.125 7220.8639013
1.25 15.125 19255.6370701
1.75 15.125 12034.7731688
2.25 15.125 26476.5009714
2.75 15.125 14441.7278026
3.25 15.125 9627.81853507
3.75 15.125 4813.90926753
4.25 15.125 2406.95463377
4.75 15.125 2406.95463377
5.25 15.125 0.0
5.75 15.125 0.0
6.25 15.125 0.0
6.75 15.125 0.0
7.25 15.125 0.0
7.75 15.125 0.0
8.25 15.125 0.0
8.75 15.125 0.0
0.25 15.375 21662.5917039
0.75 15.375 16848.6824364
1.25 15.375 14441.7278026
1.75 15.375 19255.6370701
2.25 15.375 9627.81853507
2.75 15.375 16848.6824364
3.25 15.375 12034.7731688
3.75 15.375 7220.8639013
4.25 15.375 2406.95463377
4.75 15.375 2406.95463377
5.25 15.375 0.0
5.75 15.375 0.0
6.25 15.375 0.0
6.75 15.375 0.0
7.25 15.375 0.0
7.75 15.375 0.0
8.25 15.375 0.0
8.75 15.375 0.0
0.25 15.625 14441.7278026
0.75 15.625 7220.8639013
1.25 15.625 21662.5917039
1.75 15.625 12034.7731688
2.25 15.625 16848.6824364
2.75 15.625 4813.90926753
3.25 15.625 2406.95463377
3.75 15.625 9627.81853507
4.25 15.625 2406.95463377
4.75 15.625 2406.95463377
5.25 15.625 0.0
5.75 15.625 0.0
6.25 15.625 0.0
6.75 15.625 0.0
7.25 15.625 0.0
7.75 15.625 0.0
8.25 15.625 0.0
8.75 15.625 0.0
0.25 15.875 16848.6824364
0.75 15.875 16848.6824364
1.25 15.875 14441.7278026
1.75 15.875 16848.6824364
2.25 15.875 12034.7731688
2.75 15.875 4813.90926753
3.25 15.875 7220.8639013
3.75 15.875 4813.90926753
4.25 15.875 0.0
4.75 15.875 0.0
5.25 15.875 0.0
5.75 15.875 0.0
6.25 15.875 0.0
6.75 15.875 0.0
7.25 15.875 0.0
7.75 15.875 0.0
8.25 15.875 0.0
8.75 15.875 0.0
0.25 16.125 9627.81853507
0.75 16.125 7220.8639013
1.25 16.125 26476.5009714
1.75 16.125 9627.81853507
2.25 16.125 4813.90926753
2.75 16.125 12034.7731688
3.25 16.125 4813.90926753
3.75 16.125 4813.90926753
4.25 16.125 0.0
4.75 16.125 2406.95463377
5.25 16.125 0.0
5.75 16.125 0.0
6.25 16.125 0.0
6.75 16.125 0.0
7.25 16.125 0.0
7.75 16.125 0.0
8.25 16.125 0.0
8.75 16.125 0.0
0.25 16.375 12034.7731688
0.75 16.375 7220.8639013
1.25 16.375 14441.7278026
1.75 16.375 14441.7278026
2.25 16.375 9627.81853507
2.75 16.375 4813.90926753
3.25 16.375 4813.90926753
3.75 16.375 9627.81853507
4.25 16.375 2406.95463377
4.75 16.375 0.0
5.25 16.375 0.0
5.75 16.375 0.0
6.25 16.375 0.0
6.75 16.375 0.0
7.25 16.375 0.0
7.75 16.375 0.0
8.25 16.375 0.0
8.75 16.375 0.0
0.25 16.625 12034.7731688
0.75 16.625 19255.6370701
1.25 16.625 9627.81853507
1.75 16.625 7220.8639013
2.25 16.625 7220.8639013
2.75 16.625 7220.8639013
3.25 16.625 2406.95463377
3.75 16.625 2406.95463377
4.25 16.625 2406.95463377
4.75 16.625 4813.90926753
5.25 16.625 0.0
5.75 16.625 0.0
6.25 16.625 0.0
6.75 16.625 0.0
7.25 16.625 0.0
7.75 16.625 0.0
8.25 16.625 0.0
8.75 16.625 0.0
0.25 16.875 9627.81853507
0.75 16.875 12034.7731688
1.25 16.875 12034.7731688
1.75 16.875 12034.7731688
2.25 16.875 9627.81853507
2.75 16.875 7220.8639013
3.25 16.875 0.0
3.75 16.875 0.0
4.25 16.875 4813.90926753
4.75 16.875 2406.95463377
5.25 16.875 0.0
5.75 16.875 0.0
6.25 16.875 0.0
6.75 16.875 0.0
7.25 16.875 0.0
7.75 16.875 0.0
8.25 16.875 0.0
8.75 16.875 0.0
0.25 17.125 12034.7731688
0.75 17.125 12034.7731688
1.25 17.125 9627.81853507
1.75 17.125 4813.90926753
2.25 17.125 9627.81853507
2.75 17.125 4813.90926753
3.25 17.125 7220.8639013
3.75 17.125 2406.95463377
4.25 17.125 9627.81853507
4.75 17.125 0.0
5.25 17.125 0.0
5.75 17.125 0.0
6.25 17.125 0.0
6.75 17.125 0.0
7.25 17.125 0.0
7.75 17.125 0.0
8.25 17.125 0.0
8.75 17.125 0.0
0.25 17.375 16848.6824364
0.75 17.375 7220.8639013
1.25 17.375 7220.8639013
1.75 17.375 7220.8639013
2.25 17.375 0.0
2.75 17.375 2406.95463377
3.25 17.375 2406.95463377
3.75 17.375 2406.95463377
4.25 17.375 0.0
4.75 17.375 0.0
5.25 17.375 0.0
5.75 17.375 0.0
6.25 17.375 0.0
6.75 17.375 0.0
7.25 17.375 0.0
7.75 17.375 0.0
8.25 17.375 0.0
8.75 17.375 0.0
0.25 17.625 2406.95463377
0.75 17.625 14441.7278026
1.25 17.625 12034.7731688
1.75 17.625 2406.95463377
2.25 17.625 14441.7278026
2.75 17.625 2406.95463377
3.25 17.625 0.0
3.75 17.625 2406.95463377
4.25 17.625 0.0
4.75 17.625 2406.95463377
5.25 17.625 0.0
5.75 17.625 0.0
6.25 17.625 0.0
6.75 17.625 0.0
7.25 17.625 0.0
7.75 17.625 0.0
8.25 17.625 0.0
8.75 17.625 0.0
0.25 17.875 14441.7278026
0.75 17.875 12034.7731688
1.25 17.875 7220.8639013
1.75 17.875 2406.95463377
2.25 17.875 16848.6824364
2.75 17.875 4813.90926753
3.25 17.875 7220.8639013
3.75 17.875 2406.95463377
4.25 17.875 0.0
4.75 17.875 0.0
5.25 17.875 0.0
5.75 17.875 0.0
6.25 17.875 0.0
6.75 17.875 0.0
7.25 17.875 0.0
7.75 17.875 0.0
8.25 17.875 0.0
8.75 17.875 0.0
0.25 18.125 14441.7278026
0.75 18.125 2406.95463377
1.25 18.125 7220.8639013
1.75 18.125 9627.81853507
2.25 18.125 9627.81853507
2.75 18.125 4813.90926753
3.25 18.125 4813.90926753
3.75 18.125 0.0
4.25 18.125 0.0
4.75 18.125 0.0
5.25 18.125 0.0
5.75 18.125 0.0
6.25 18.125 0.0
6.75 18.125 0.0
7.25 18.125 0.0
7.75 18.125 0.0
8.25 18.125 0.0
8.75 18.125 0.0
0.25 18.375 12034.7731688
0.75 18.375 14441.7278026
1.25 18.375 7220.8639013
1.75 18.375 9627.81853507
2.25 18.375 7220.8639013
2.75 18.375 2406.95463377
3.25 18.375 2406.95463377
3.75 18.375 4813.90926753
4.25 18.375 2406.95463377
4.75 18.375 0.0
5.25 18.375 0.0
5.75 18.375 0.0
6.25 18.375 0.0
6.75 18.375 0.0
7.25 18.375 0.0
7.75 18.375 0.0
8.25 18.375 0.0
8.75 18.375 0.0
0.25 18.625 9627.81853507
0.75 18.625 14441.7278026
1.25 18.625 9627.81853507
1.75 18.625 14441.7278026
2.25 18.625 2406.95463377
2.75 18.625 2406.95463377
3.25 18.625 2406.95463377
3.75 18.625 0.0
4.25 18.625 0.0
4.75 18.625 0.0
5.25 18.625 0.0
5.75 18.625 0.0
6.25 18.625 0.0
6.75 18.625 0.0
7.25 18.625 0.0
7.75 18.625 0.0
8.25 18.625 0.0
8.75 18.625 0.0
0.25 18.875 9627.81853507
0.75 18.875 12034.7731688
1.25 18.875 2406.95463377
1.75 18.875 2406.95463377
2.25 18.875 2406.95463377
2.75 18.875 0.0
3.25 18.875 2406.95463377
3.75 18.875 7220.8639013
4.25 18.875 0.0
4.75 18.875 0.0
5.25 18.875 0.0
5.75 18.875 0.0
6.25 18.875 0.0
6.75 18.875 0.0
7.25 18.875 0.0
7.75 18.875 0.0
8.25 18.875 0.0
8.75 18.875 0.0
0.25 19.125 12034.7731688
0.75 19.125 12034.7731688
1.25 19.125 7220.8639013
1.75 19.125 9627.81853507
2.25 19.125 7220.8639013
2.75 19.125 9627.81853507
3.25 19.125 2406.95463377
3.75 19.125 4813.90926753
4.25 19.125 2406.95463377
4.75 19.125 0.0
5.25 19.125 0.0
5.75 19.125 0.0
6.25 19.125 0.0
6.75 19.125 0.0
7.25 19.125 0.0
7.75 19.125 0.0
8.25 19.125 0.0
8.75 19.125 0.0
0.25 19.375 12034.7731688
0.75 19.375 4813.90926753
1.25 19.375 0.0
1.75 19.375 7220.8639013
2.25 19.375 2406.95463377
2.75 19.375 4813.90926753
3.25 19.375 0.0
3.75 19.375 0.0
4.25 19.375 0.0
4.75 19.375 0.0
5.25 19.375 0.0
5.75 19.375 0.0
6.25 19.375 0.0
6.75 19.375 0.0
7.25 19.375 0.0
7.75 19.375 0.0
8.25 19.375 0.0
8.75 19.375 0.0
0.25 19.625 7220.8639013
0.75 19.625 14441.7278026
1.25 19.625 2406.95463377
1.75 19.625 4813.90926753
2.25 19.625 4813.90926753
2.75 19.625 7220.8639013
3.25 19.625 0.0
3.75 19.625 2406.95463377
4.25 19.625 0.0
4.75 19.625 0.0
5.25 19.625 0.0
5.75 19.625 0.0
6.25 19.625 0.0
6.75 19.625 0.0
7.25 19.625 0.0
7.75 19.625 0.0
8.25 19.625 0.0
8.75 19.625 0.0
0.25 19.875 0.0
0.75 19.875 4813.90926753
1.25 19.875 4813.90926753
1.75 19.875 2406.95463377
2.25 19.875 7220.8639013
2.75 19.875 0.0
3.25 19.875 2406.95463377
3.75 19.875 0.0
4.25 19.875 0.0
4.75 19.875 0.0
5.25 19.875 0.0
5.75 19.875 0.0
6.25 19.875 0.0
6.75 19.875 0.0
7.25 19.875 0.0
7.75 19.875 0.0
8.25 19.875 0.0
8.75 19.875 0.0
0.25 20.125 9627.81853507
0.75 20.125 4813.90926753
1.25 20.125 9627.81853507
1.75 20.125 2406.95463377
2.25 20.125 0.0
2.75 20.125 0.0
3.25 20.125 0.0
3.75 20.125 0.0
4.25 20.125 0.0
4.75 20.125 0.0
5.25 20.125 0.0
5.75 20.125 0.0
6.25 20.125 0.0
6.75 20.125 0.0
7.25 20.125 0.0
7.75 20.125 0.0
8.25 20.125 0.0
8.75 20.125 0.0
0.25 20.375 4813.90926753
0.75 20.375 9627.81853507
1.25 20.375 4813.90926753
1.75 20.375 4813.90926753
2.25 20.375 0.0
2.75 20.375 4813.90926753
3.25 20.375 2406.95463377
3.75 20.375 2406.95463377
4.25 20.375 0.0
4.75 20.375 0.0
5.25 20.375 0.0
5.75 20.375 0.0
6.25 20.375 0.0
6.75 20.375 0.0
7.25 20.375 0.0
7.75 20.375 0.0
8.25 20.375 0.0
8.75 20.375 0.0
0.25 20.625 2406.95463377
0.75 20.625 7220.8639013
1.25 20.625 2406.95463377
1.75 20.625 2406.95463377
2.25 20.625 0.0
2.75 20.625 4813.90926753
3.25 20.625 0.0
3.75 20.625 2406.95463377
4.25 20.625 0.0
4.75 20.625 0.0
5.25 20.625 0.0
5.75 20.625 0.0
6.25 20.625 0.0
6.75 20.625 0.0
7.25 20.625 0.0
7.75 20.625 0.0
8.25 20.625 0.0
8.75 20.625 0.0
0.25 20.875 7220.8639013
0.75 20.875 2406.95463377
1.25 20.875 4813.90926753
1.75 20.875 2406.95463377
2.25 20.875 4813.90926753
2.75 20.875 9627.81853507
3.25 20.875 4813.90926753
3.75 20.875 9627.81853507
4.25 20.875 0.0
4.75 20.875 0.0
5.25 20.875 0.0
5.75 20.875 0.0
6.25 20.875 0.0
6.75 20.875 0.0
7.25 20.875 0.0
7.75 20.875 0.0
8.25 20.875 0.0
8.75 20.875 0.0
0.25 21.125 4813.90926753
0.75 21.125 2406.95463377
1.25 21.125 0.0
1.75 21.125 9627.81853507
2.25 21.125 4813.90926753
2.75 21.125 4813.90926753
3.25 21.125 2406.95463377
3.75 21.125 2406.95463377
4.25 21.125 2406.95463377
4.75 21.125 0.0
5.25 21.125 0.0
5.75 21.125 0.0
6.25 21.125 0.0
6.75 21.125 0.0
7.25 21.125 0.0
7.75 21.125 0.0
8.25 21.125 0.0
8.75 21.125 0.0
0.25 21.375 4813.90926753
0.75 21.375 7220.8639013
1.25 21.375 2406.95463377
1.75 21.375 2406.95463377
2.25 21.375 2406.95463377
2.75 21.375 0.0
3.25 21.375 4813.90926753
3.75 21.375 0.0
4.25 21.375 2406.95463377
4.75 21.375 0.0
5.25 21.375 0.0
5.75 21.375 0.0
6.25 21.375 0.0
6.75 21.375 0.0
7.25 21.375 0.0
7.75 21.375 0.0
8.25 21.375 0.0
8.75 21.375 0.0
0.25 21.625 4813.90926753
0.75 21.625 2406.95463377
1.25 21.625 4813.90926753
1.75 21.625 9627.81853507
2.25 21.625 2406.95463377
2.75 21.625 0.0
3.25 21.625 0.0
3.75 21.625 0.0
4.25 21.625 0.0
4.75 21.625 0.0
5.25 21.625 0.0
5.75 21.625 0.0
6.25 21.625 0.0
6.75 21.625 0.0
7.25 21.625 0.0
7.75 21.625 0.0
8.25 21.625 0.0
8.75 21.625 0.0
0.25 21.875 0.0
0.75 21.875 2406.95463377
1.25 21.875 4813.90926753
1.75 21.875 2406.95463377
2.25 21.875 2406.95463377
2.75 21.875 2406.95463377
3.25 21.875 2406.95463377
3.75 21.875 0.0
4.25 21.875 0.0
4.75 21.875 0.0
5.25 21.875 0.0
5.75 21.875 0.0
6.25 21.875 0.0
6.75 21.875 0.0
7.25 21.875 0.0
7.75 21.875 0.0
8.25 21.875 0.0
8.75 21.875 0.0
0.25 22.125 4813.90926753
0.75 22.125 7220.8639013
1.25 22.125 2406.95463377
1.75 22.125 2406.95463377
2.25 22.125 2406.95463377
2.75 22.125 0.0
3.25 22.125 7220.8639013
3.75 22.125 2406.95463377
4.25 22.125 0.0
4.75 22.125 0.0
5.25 22.125 0.0
5.75 22.125 0.0
6.25 22.125 0.0
6.75 22.125 0.0
7.25 22.125 0.0
7.75 22.125 0.0
8.25 22.125 0.0
8.75 22.125 0.0
0.25 22.375 0.0
0.75 22.375 2406.95463377
1.25 22.375 4813.90926753
1.75 22.375 0.0
2.25 22.375 4813.90926753
2.75 22.375 2406.95463377
3.25 22.375 0.0
3.75 22.375 0.0
4.25 22.375 0.0
4.75 22.375 0.0
5.25 22.375 0.0
5.75 22.375 0.0
6.25 22.375 0.0
6.75 22.375 0.0
7.25 22.375 0.0
7.75 22.375 0.0
8.25 22.375 0.0
8.75 22.375 0.0
0.25 22.625 0.0
0.75 22.625 7220.8639013
1.25 22.625 12034.7731688
1.75 22.625 2406.95463377
2.25 22.625 2406.95463377
2.75 22.625 7220.8639013
3.25 22.625 0.0
3.75 22.625 0.0
4.25 22.625 0.0
4.75 22.625 0.0
5.25 22.625 0.0
5.75 22.625 0.0
6.25 22.625 0.0
6.75 22.625 0.0
7.25 22.625 0.0
7.75 22.625 0.0
8.25 22.625 0.0
8.75 22.625 0.0
0.25 22.875 2406.95463377
0.75 22.875 4813.90926753
1.25 22.875 7220.8639013
1.75 22.875 7220.8639013
2.25 22.875 0.0
2.75 22.875 2406.95463377
3.25 22.875 4813.90926753
3.75 22.875 2406.95463377
4.25 22.875 0.0
4.75 22.875 0.0
5.25 22.875 0.0
5.75 22.875 0.0
6.25 22.875 0.0
6.75 22.875 0.0
7.25 22.875 0.0
7.75 22.875 0.0
8.25 22.875 0.0
8.75 22.875 0.0
0.25 23.125 2406.95463377
0.75 23.125 0.0
1.25 23.125 0.0
1.75 23.125 4813.90926753
2.25 23.125 0.0
2.75 23.125 2406.95463377
3.25 23.125 0.0
3.75 23.125 0.0
4.25 23.125 0.0
4.75 23.125 0.0
5.25 23.125 0.0
5.75 23.125 0.0
6.25 23.125 0.0
6.75 23.125 0.0
7.25 23.125 0.0
7.75 23.125 0.0
8.25 23.125 0.0
8.75 23.125 0.0
0.25 23.375 2406.95463377
0.75 23.375 0.0
1.25 23.375 7220.8639013
1.75 23.375 0.0
2.25 23.375 0.0
2.75 23.375 0.0
3.25 23.375 0.0
3.75 23.375 0.0
4.25 23.375 0.0
4.75 23.375 2406.95463377
5.25 23.375 0.0
5.75 23.375 0.0
6.25 23.375 0.0
6.75 23.375 0.0
7.25 23.375 0.0
7.75 23.375 0.0
8.25 23.375 0.0
8.75 23.375 0.0
0.25 23.625 2406.95463377
0.75 23.625 2406.95463377
1.25 23.625 0.0
1.75 23.625 0.0
2.25 23.625 0.0
2.75 23.625 2406.95463377
3.25 23.625 2406.95463377
3.75 23.625 0.0
4.25 23.625 0.0
4.75 23.625 0.0
5.25 23.625 0.0
5.75 23.625 0.0
6.25 23.625 0.0
6.75 23.625 0.0
7.25 23.625 0.0
7.75 23.625 0.0
8.25 23.625 0.0
8.75 23.625 0.0
0.25 23.875 4813.90926753
0.75 23.875 7220.8639013
1.25 23.875 0.0
1.75 23.875 2406.95463377
2.25 23.875 0.0
2.75 23.875 0.0
3.25 23.875 2406.95463377
3.75 23.875 0.0
4.25 23.875 0.0
4.75 23.875 0.0
5.25 23.875 0.0
5.75 23.875 0.0
6.25 23.875 0.0
6.75 23.875 0.0
7.25 23.875 0.0
7.75 23.875 0.0
8.25 23.875 0.0
8.75 23.875 0.0
0.25 24.125 2406.95463377
0.75 24.125 0.0
1.25 24.125 2406.95463377
1.75 24.125 0.0
2.25 24.125 2406.95463377
2.75 24.125 2406.95463377
3.25 24.125 2406.95463377
3.75 24.125 0.0
4.25 24.125 0.0
4.75 24.125 0.0
5.25 24.125 0.0
5.75 24.125 0.0
6.25 24.125 0.0
6.75 24.125 0.0
7.25 24.125 0.0
7.75 24.125 0.0
8.25 24.125 0.0
8.75 24.125 0.0
0.25 24.375 0.0
0.75 24.375 4813.90926753
1.25 24.375 0.0
1.75 24.375 7220.8639013
2.25 24.375 0.0
2.75 24.375 0.0
3.25 24.375 2406.95463377
3.75 24.375 0.0
4.25 24.375 2406.95463377
4.75 24.375 0.0
5.25 24.375 0.0
5.75 24.375 0.0
6.25 24.375 0.0
6.75 24.375 0.0
7.25 24.375 0.0
7.75 24.375 0.0
8.25 24.375 0.0
8.75 24.375 0.0
0.25 24.625 2406.95463377
0.75 24.625 7220.8639013
1.25 24.625 4813.90926753
1.75 24.625 2406.95463377
2.25 24.625 2406.95463377
2.75 24.625 0.0
3.25 24.625 4813.90926753
3.75 24.625 0.0
4.25 24.625 0.0
4.75 24.625 0.0
5.25 24.625 0.0
5.75 24.625 0.0
6.25 24.625 0.0
6.75 24.625 0.0
7.25 24.625 0.0
7.75 24.625 0.0
8.25 24.625 0.0
8.75 24.625 0.0
0.25 24.875 4813.90926753
0.75 24.875 0.0
1.25 24.875 2406.95463377
1.75 24.875 0.0
2.25 24.875 4813.90926753
2.75 24.875 2406.95463377
3.25 24.875 0.0
3.75 24.875 0.0
4.25 24.875 0.0
4.75 24.875 2406.95463377
5.25 24.875 0.0
5.75 24.875 0.0
6.25 24.875 0.0
6.75 24.875 0.0
7.25 24.875 0.0
7.75 24.875 0.0
8.25 24.875 0.0
8.75 24.875 0.0
0.25 25.125 2406.95463377
0.75 25.125 2406.95463377
1.25 25.125 2406.95463377
1.75 25.125 0.0
2.25 25.125 0.0
2.75 25.125 0.0
3.25 25.125 0.0
3.75 25.125 2406.95463377
4.25 25.125 0.0
4.75 25.125 0.0
5.25 25.125 0.0
5.75 25.125 0.0
6.25 25.125 0.0
6.75 25.125 0.0
7.25 25.125 0.0
7.75 25.125 0.0
8.25 25.125 0.0
8.75 25.125 0.0
0.25 25.375 2406.95463377
0.75 25.375 4813.90926753
1.25 25.375 0.0
1.75 25.375 2406.95463377
2.25 25.375 0.0
2.75 25.375 4813.90926753
3.25 25.375 0.0
3.75 25.375 2406.95463377
4.25 25.375 0.0
4.75 25.375 0.0
5.25 25.375 0.0
5.75 25.375 0.0
6.25 25.375 0.0
6.75 25.375 0.0
7.25 25.375 0.0
7.75 25.375 0.0
8.25 25.375 0.0
8.75 25.375 0.0
0.25 25.625 2406.95463377
0.75 25.625 2406.95463377
1.25 25.625 0.0
1.75 25.625 2406.95463377
2.25 25.625 0.0
2.75 25.625 0.0
3.25 25.625 2406.95463377
3.75 25.625 0.0
4.25 25.625 0.0
4.75 25.625 0.0
5.25 25.625 0.0
5.75 25.625 0.0
6.25 25.625 0.0
6.75 25.625 0.0
7.25 25.625 0.0
7.75 25.625 0.0
8.25 25.625 0.0
8.75 25.625 0.0
0.25 25.875 0.0
0.75 25.875 2406.95463377
1.25 25.875 0.0
1.75 25.875 0.0
2.25 25.875 2406.95463377
2.75 25.875 2406.95463377
3.25 25.875 0.0
3.75 25.875 0.0
4.25 25.875 0.0
4.75 25.875 2406.95463377
5.25 25.875 0.0
5.75 25.875 0.0
6.25 25.875 0.0
6.75 25.875 0.0
7.25 25.875 0.0
7.75 25.875 0.0
8.25 25.875 0.0
8.75 25.875 0.0
0.25 26.125 0.0
0.75 26.125 0.0
1.25 26.125 4813.90926753
1.75 26.125 0.0
2.25 26.125 2406.95463377
2.75 26.125 0.0
3.25 26.125 4813.90926753
3.75 26.125 2406.95463377
4.25 26.125 0.0
4.75 26.125 0.0
5.25 26.125 0.0
5.75 26.125 0.0
6.25 26.125 0.0
6.75 26.125 0.0
7.25 26.125 0.0
7.75 26.125 0.0
8.25 26.125 0.0
8.75 26.125 0.0
0.25 26.375 0.0
0.75 26.375 0.0
1.25 26.375 2406.95463377
1.75 26.375 0.0
2.25 26.375 2406.95463377
2.75 26.375 0.0
3.25 26.375 0.0
3.75 26.375 0.0
4.25 26.375 0.0
4.75 26.375 0.0
5.25 26.375 0.0
5.75 26.375 0.0
6.25 26.375 0.0
6.75 26.375 0.0
7.25 26.375 0.0
7.75 26.375 0.0
8.25 26.375 0.0
8.75 26.375 0.0
0.25 26.625 2406.95463377
0.75 26.625 2406.95463377
1.25 26.625 0.0
1.75 26.625 2406.95463377
2.25 26.625 0.0
2.75 26.625 0.0
3.25 26.625 2406.95463377
3.75 26.625 0.0
4.25 26.625 0.0
4.75 26.625 0.0
5.25 26.625 0.0
5.75 26.625 0.0
6.25 26.625 0.0
6.75 26.625 0.0
7.25 26.625 0.0
7.75 26.625 0.0
8.25 26.625 0.0
8.75 26.625 0.0
0.25 26.875 2406.95463377
0.75 26.875 0.0
1.25 26.875 2406.95463377
1.75 26.875 2406.95463377
2.25 26.875 7220.8639013
2.75 26.875 0.0
3.25 26.875 0.0
3.75 26.875 0.0
4.25 26.875 0.0
4.75 26.875 0.0
5.25 26.875 0.0
5.75 26.875 0.0
6.25 26.875 0.0
6.75 26.875 0.0
7.25 26.875 0.0
7.75 26.875 0.0
8.25 26.875 0.0
8.75 26.875 0.0
0.25 27.125 2406.95463377
0.75 27.125 0.0
1.25 27.125 7220.8639013
1.75 27.125 0.0
2.25 27.125 0.0
2.75 27.125 0.0
3.25 27.125 0.0
3.75 27.125 2406.95463377
4.25 27.125 0.0
4.75 27.125 0.0
5.25 27.125 0.0
5.75 27.125 0.0
6.25 27.125 0.0
6.75 27.125 0.0
7.25 27.125 0.0
7.75 27.125 0.0
8.25 27.125 0.0
8.75 27.125 0.0
0.25 27.375 0.0
0.75 27.375 2406.95463377
1.25 27.375 2406.95463377
1.75 27.375 2406.95463377
2.25 27.375 2406.95463377
2.75 27.375 0.0
3.25 27.375 0.0
3.75 27.375 0.0
4.25 27.375 0.0
4.75 27.375 0.0
5.25 27.375 0.0
5.75 27.375 0.0
6.25 27.375 0.0
6.75 27.375 0.0
7.25 27.375 0.0
7.75 27.375 0.0
8.25 27.375 0.0
8.75 27.375 0.0
0.25 27.625 2406.95463377
0.75 27.625 4813.90926753
1.25 27.625 2406.95463377
1.75 27.625 0.0
2.25 27.625 0.0
2.75 27.625 0.0
3.25 27.625 2406.95463377
3.75 27.625 0.0
4.25 27.625 0.0
4.75 27.625 0.0
5.25 27.625 0.0
5.75 27.625 0.0
6.25 27.625 0.0
6.75 27.625 0.0
7.25 27.625 0.0
7.75 27.625 0.0
8.25 27.625 0.0
8.75 27.625 0.0
0.25 27.875 4813.90926753
0.75 27.875 0.0
1.25 27.875 4813.90926753
1.75 27.875 0.0
2.25 27.875 2406.95463377
2.75 27.875 0.0
3.25 27.875 0.0
3.75 27.875 0.0
4.25 27.875 0.0
4.75 27.875 0.0
5.25 27.875 0.0
5.75 27.875 0.0
6.25 27.875 0.0
6.75 27.875 0.0
7.25 27.875 0.0
7.75 27.875 0.0
8.25 27.875 0.0
8.75 27.875 0.0
0.25 28.125 0.0
0.75 28.125 0.0
1.25 28.125 0.0
1.75 28.125 2406.95463377
2.25 28.125 2406.95463377
2.75 28.125 0.0
3.25 28.125 0.0
3.75 28.125 0.0
4.25 28.125 0.0
4.75 28.125 0.0
5.25 28.125 0.0
5.75 28.125 0.0
6.25 28.125 0.0
6.75 28.125 0.0
7.25 28.125 0.0
7.75 28.125 0.0
8.25 28.125 0.0
8.75 28.125 0.0
0.25 28.375 0.0
0.75 28.375 0.0
1.25 28.375 2406.95463377
1.75 28.375 4813.90926753
2.25 28.375 0.0
2.75 28.375 0.0
3.25 28.375 0.0
3.75 28.375 4813.90926753
4.25 28.375 0.0
4.75 28.375 0.0
5.25 28.375 0.0
5.75 28.375 0.0
6.25 28.375 0.0
6.75 28.375 0.0
7.25 28.375 0.0
7.75 28.375 0.0
8.25 28.375 0.0
8.75 28.375 0.0
0.25 28.625 0.0
0.75 28.625 2406.95463377
1.25 28.625 2406.95463377
1.75 28.625 0.0
2.25 28.625 0.0
2.75 28.625 0.0
3.25 28.625 2406.95463377
3.75 28.625 0.0
4.25 28.625 0.0
4.75 28.625 0.0
5.25 28.625 0.0
5.75 28.625 0.0
6.25 28.625 0.0
6.75 28.625 0.0
7.25 28.625 0.0
7.75 28.625 0.0
8.25 28.625 0.0
8.75 28.625 0.0
0.25 28.875 2406.95463377
0.75 28.875 2406.95463377
1.25 28.875 0.0
1.75 28.875 0.0
2.25 28.875 0.0
2.75 28.875 0.0
3.25 28.875 0.0
3.75 28.875 0.0
4.25 28.875 0.0
4.75 28.875 0.0
5.25 28.875 0.0
5.75 28.875 0.0
6.25 28.875 0.0
6.75 28.875 0.0
7.25 28.875 0.0
7.75 28.875 0.0
8.25 28.875 0.0
8.75 28.875 0.0
0.25 29.125 0.0
0.75 29.125 0.0
1.25 29.125 0.0
1.75 29.125 0.0
2.25 29.125 2406.95463377
2.75 29.125 0.0
3.25 29.125 0.0
3.75 29.125 0.0
4.25 29.125 0.0
4.75 29.125 0.0
5.25 29.125 0.0
5.75 29.125 0.0
6.25 29.125 0.0
6.75 29.125 0.0
7.25 29.125 0.0
7.75 29.125 0.0
8.25 29.125 0.0
8.75 29.125 0.0
0.25 29.375 0.0
0.75 29.375 7220.8639013
1.25 29.375 0.0
1.75 29.375 0.0
2.25 29.375 0.0
2.75 29.375 0.0
3.25 29.375 0.0
3.75 29.375 0.0
4.25 29.375 0.0
4.75 29.375 0.0
5.25 29.375 0.0
5.75 29.375 0.0
6.25 29.375 0.0
6.75 29.375 0.0
7.25 29.375 0.0
7.75 29.375 0.0
8.25 29.375 0.0
8.75 29.375 0.0
0.25 29.625 0.0
0.75 29.625 0.0
1.25 29.625 0.0
1.75 29.625 0.0
2.25 29.625 0.0
2.75 29.625 0.0
3.25 29.625 0.0
3.75 29.625 0.0
4.25 29.625 0.0
4.75 29.625 0.0
5.25 29.625 0.0
5.75 29.625 0.0
6.25 29.625 0.0
6.75 29.625 0.0
7.25 29.625 0.0
7.75 29.625 0.0
8.25 29.625 0.0
8.75 29.625 0.0
0.25 29.875 0.0
0.75 29.875 2406.95463377
1.25 29.875 0.0
1.75 29.875 0.0
2.25 29.875 0.0
2.75 29.875 0.0
3.25 29.875 0.0
3.75 29.875 0.0
4.25 29.875 2406.95463377
4.75 29.875 0.0
5.25 29.875 0.0
5.75 29.875 0.0
6.25 29.875 0.0
6.75 29.875 0.0
7.25 29.875 0.0
7.75 29.875 0.0
8.25 29.875 0.0
8.75 29.875 0.0
