11.294627058970837 23.23713221823855
14.219093021276404 129.4378290464484
17.900777537149963 682.9331577728049
22.535743732392298 253.29690792573035
28.370820458389794 2730.5045146868842
35.71674682851676 3018.3353778962523
44.96472020903849 4613.68445986739
56.60722890537329 3923.8861100159193
71.26427896022373 7784.988843251882
89.71641173621407 7876.309567138931
112.94627058970838 11784.368222963214
142.1909302127641 16656.919623176727
179.00777537149963 17372.570456206522
225.35743732392305 15265.949358171478
283.7082045838981 14221.075811746574
357.1674682851676 11489.335287393435
449.6472020903849 10666.920447727767
566.0722890537327 9449.650089201023
712.6427896022376 9734.469519949344
897.164117362141 6949.355389343167
1129.4627058970837 5308.173409886658
1421.9093021276408 3138.890780230984
1790.0777537149975 1264.1260101360385
2253.5743732392316 488.6818025505345
2837.082045838981 139.4283170135168
3571.674682851676 29.652252878266154
4496.47202090385 4.652531241386896
5660.72289053733 0.3127661464968696
7126.427896022379 0.0
8971.64117362141 0.0
