0.25 0.125 974383374.842
0.75 0.125 54738962.2811
1.25 0.125 50741010.6344
1.75 0.125 52861537.6668
2.25 0.125 58094257.0406
2.75 0.125 63259581.6847
3.25 0.125 65863906.5984
3.75 0.125 68694485.2477
4.25 0.125 68412871.5556
4.75 0.125 63360673.7793
5.25 0.125 52810991.6195
5.75 0.125 40545150.8058
6.25 0.125 26088981.2754
6.75 0.125 13734083.1403
7.25 0.125 5420461.83524
7.75 0.125 1258837.27346
8.25 0.125 81836.4575481
8.75 0.125 0.0
0.25 0.375 88077690.9134
0.75 0.375 95442972.0928
1.25 0.375 96425009.5833
1.75 0.375 102755300.27
2.25 0.375 111648997.642
2.75 0.375 123479179.667
3.25 0.375 133037196.518
3.75 0.375 139468579.299
4.25 0.375 140212328.281
4.75 0.375 132452306.542
5.25 0.375 113434957.98
5.75 0.375 88303944.649
6.25 0.375 59998158.1559
6.75 0.375 32898255.9343
7.25 0.375 13223808.7579
7.75 0.375 2958147.2449
8.25 0.375 180521.597533
8.75 0.375 0.0
0.25 0.625 81056604.2467
0.75 0.625 98810301.6254
1.25 0.625 107701592.043
1.75 0.625 115184813.999
2.25 0.625 125200152.23
2.75 0.625 133855561.093
3.25 0.625 144744623.856
3.75 0.625 152023254.669
4.25 0.625 151308389.143
4.75 0.625 143579657.813
5.25 0.625 124227742.558
5.75 0.625 98076180.4621
6.25 0.625 66667829.4461
6.75 0.625 37594224.4248
7.25 0.625 14968850.8674
7.75 0.625 3230133.11852
8.25 0.625 154045.096561
8.75 0.625 0.0
0.25 0.875 73727427.3869
0.75 0.875 91567775.1324
1.25 0.875 102639766.448
1.75 0.875 110291475.228
2.25 0.875 117938370.1
2.75 0.875 126651545.874
3.25 0.875 133246601.571
3.75 0.875 137559864.274
4.25 0.875 137364900.949
4.75 0.875 127272540.17
5.25 0.875 109516435.836
5.75 0.875 86019744.7016
6.25 0.875 58255523.0011
6.75 0.875 31971578.4003
7.25 0.875 12265840.8137
7.75 0.875 2539337.13862
8.25 0.875 89057.3214494
8.75 0.875 0.0
0.25 1.125 66992768.3216
0.75 1.125 81802760.1832
1.25 1.125 92094898.1972
1.75 1.125 99503504.5599
2.25 1.125 106031165.527
2.75 1.125 110806563.52
3.25 1.125 114944118.536
3.75 1.125 114130567.869
4.25 1.125 114137788.733
4.75 1.125 103862499.402
5.25 1.125 88260619.4656
5.75 1.125 67743738.1674
6.25 1.125 44872855.2373
6.75 1.125 23879396.9216
7.25 1.125 8982754.69322
7.75 1.125 1680054.33437
8.25 1.125 55359.9565766
8.75 1.125 0.0
0.25 1.375 60628780.27
0.75 1.375 71823526.2716
1.25 1.375 82233605.0627
1.75 1.375 86277288.8474
2.25 1.375 90879386.1071
2.75 1.375 94653490.9729
3.25 1.375 94836419.5251
3.75 1.375 92641276.8991
4.25 1.375 89801070.4312
4.75 1.375 81176951.9784
5.25 1.375 66675050.31
5.75 1.375 49932273.8775
6.25 1.375 31966764.4911
6.75 1.375 16709079.0676
7.25 1.375 5608204.29668
7.75 1.375 895387.123761
8.25 1.375 12034.7731688
8.75 1.375 0.0
0.25 1.625 53364591.1853
0.75 1.625 63091094.8603
1.25 1.625 70052007.6612
1.75 1.625 73544498.8348
2.25 1.625 76613365.9928
2.75 1.625 78047910.9545
3.25 1.625 76714458.0874
3.75 1.625 75910535.2397
4.25 1.625 69366025.5905
4.75 1.625 62164417.3263
5.25 1.625 50120016.3389
5.75 1.625 36876951.9439
6.25 1.625 22635001.3759
6.75 1.625 11377674.5538
7.25 1.625 3668198.86186
7.75 1.625 505460.473091
8.25 1.625 2406.95463377
8.75 1.625 0.0
0.25 1.875 46728617.26
0.75 1.875 54000027.2086
1.25 1.875 60082401.5681
1.75 1.875 62267916.3756
2.25 1.875 64082760.1694
2.75 1.875 63993702.848
3.25 1.875 62419554.5175
3.75 1.875 59008899.8014
4.25 1.875 53944667.252
4.75 1.875 46478293.978
5.25 1.875 37187449.0917
5.75 1.875 25903645.7686
6.25 1.875 15818505.8531
6.75 1.875 7521733.23052
7.25 1.875 2252909.53721
7.75 1.875 211812.007772
8.25 1.875 0.0
8.75 1.875 0.0
0.25 2.125 41062646.0521
0.75 2.125 46526433.0707
1.25 2.125 50363118.7569
1.75 2.125 52697864.7517
2.25 2.125 53439206.7789
2.75 2.125 52998734.0809
3.25 2.125 50464210.8516
3.75 2.125 46687699.0312
4.25 2.125 41856941.0812
4.75 2.125 36296875.8772
5.25 2.125 27278016.8645
5.75 2.125 18593724.5459
6.25 2.125 11168269.5007
6.75 2.125 4794653.63046
7.25 2.125 1297348.5476
7.75 2.125 101092.094618
8.25 2.125 9627.81853507
8.75 2.125 0.0
0.25 2.375 35418337.4359
0.75 2.375 38973409.43
1.25 2.375 42682526.5206
1.75 2.375 44114664.5277
2.25 2.375 43707889.1946
2.75 2.375 42333518.0987
3.25 2.375 40870089.6814
3.75 2.375 37733827.7936
4.25 2.375 32883814.2065
4.75 2.375 27073425.7206
5.25 2.375 20865889.7201
5.75 2.375 13642618.8642
6.25 2.375 7685406.14562
6.75 2.375 3239760.93705
7.25 2.375 818364.575481
7.75 2.375 55359.9565766
8.25 2.375 0.0
8.75 2.375 0.0
0.25 2.625 30587579.4859
0.75 2.625 33788829.1488
1.25 2.625 36003227.4119
1.75 2.625 37541271.4229
2.25 2.625 36106726.4611
2.75 2.625 34819005.7321
3.25 2.625 32539619.6939
3.75 2.625 29624797.6324
4.25 2.625 25797739.7647
4.75 2.625 21284699.8264
5.25 2.625 15245650.6503
5.75 2.625 9849258.36138
6.25 2.625 5213463.73674
6.75 2.625 2240874.76404
7.25 2.625 442879.652613
7.75 2.625 16848.6824364
8.25 2.625 0.0
8.75 2.625 0.0
0.25 2.875 26594441.7485
0.75 2.875 28572958.4574
1.25 2.875 30534626.484
1.75 2.875 31160434.6887
2.25 2.875 29911225.2338
2.75 2.875 28690899.2345
3.25 2.875 26334490.648
3.75 2.875 23742200.5075
4.25 2.875 20562613.4363
4.75 2.875 15994213.5414
5.25 2.875 11543754.4235
5.75 2.875 7456745.45541
6.25 2.875 3807802.23062
6.75 2.875 1444172.78026
7.25 2.875 269578.918982
7.75 2.875 9627.81853507
8.25 2.875 0.0
8.75 2.875 0.0
0.25 3.125 22832371.6559
0.75 3.125 24300613.9825
1.25 3.125 25824216.2657
1.75 3.125 26481314.8807
2.25 3.125 25116571.6034
2.75 3.125 23708503.1426
3.25 3.125 21737207.2976
3.75 3.125 19412089.1213
4.25 3.125 16162700.3657
4.75 3.125 12482466.7307
5.25 3.125 8799826.14105
5.75 3.125 5292893.23965
6.25 3.125 2741521.32786
6.75 3.125 945933.17107
7.25 3.125 206998.098504
7.75 3.125 2406.95463377
8.25 3.125 0.0
8.75 3.125 0.0
0.25 3.375 19915142.6398
0.75 3.375 20567427.3455
1.25 3.375 21583162.201
1.75 3.375 21486884.0156
2.25 3.375 21130654.7298
2.75 3.375 19520402.0799
3.25 3.375 17638163.5562
3.75 3.375 15505601.7507
4.25 3.375 13050508.0243
4.75 3.375 9988861.73013
5.25 3.375 6720217.33748
5.75 3.375 3851127.41403
6.25 3.375 1990551.48213
6.75 3.375 714865.526229
7.25 3.375 108312.95852
7.75 3.375 2406.95463377
8.25 3.375 0.0
8.75 3.375 0.0
0.25 3.625 17055680.5349
0.75 3.625 17732034.787
1.25 3.625 18143624.0293
1.75 3.625 18942732.9677
2.25 3.625 17561141.008
2.75 3.625 16244536.8233
3.25 3.625 14942374.3664
3.75 3.625 12629290.9634
4.25 3.625 10325835.3789
4.75 3.625 7812974.74121
5.25 3.625 5266416.73868
5.75 3.625 3100157.56829
6.25 3.625 1417696.27929
6.75 3.625 466949.198951
7.25 3.625 62580.8204779
7.75 3.625 0.0
8.25 3.625 0.0
8.75 3.625 0.0
0.25 3.875 14410437.3924
0.75 3.875 15279348.0152
1.25 3.875 15106047.2815
1.75 3.875 15479125.2498
2.25 3.875 14968850.8674
2.75 3.875 13628177.1364
3.25 3.875 12499315.4132
3.75 3.875 10732610.712
4.25 3.875 8472480.31086
4.75 3.875 6361581.09705
5.25 3.875 4161624.56178
5.75 3.875 2291420.81135
6.25 3.875 1030176.58325
6.75 3.875 315311.057023
7.25 3.875 36104.3195065
7.75 3.875 0.0
8.25 3.875 0.0
8.75 3.875 0.0
0.25 4.125 12347677.2712
0.75 4.125 12951822.8843
1.25 4.125 13180483.5745
1.75 4.125 13548747.6335
2.25 4.125 12643732.6912
2.75 4.125 11250105.9582
3.25 4.125 10147720.736
3.75 4.125 8898511.28104
4.25 4.125 6883890.25257
4.75 4.125 5184580.28113
5.25 4.125 3266237.43802
5.75 4.125 1843727.24947
6.25 4.125 861689.758889
6.75 4.125 190149.416068
7.25 4.125 21662.5917039
7.75 4.125 0.0
8.25 4.125 0.0
8.75 4.125 0.0
0.25 4.375 11168269.5007
0.75 4.375 11216408.5934
1.25 4.375 11420999.7372
1.75 4.375 11214001.6387
2.25 4.375 10475066.5662
2.75 4.375 9355832.66145
3.25 4.375 8597641.95182
3.75 4.375 7086074.44181
4.25 4.375 5622646.02448
4.75 4.375 4135148.06081
5.25 4.375 2751149.1464
5.75 4.375 1434544.96173
6.25 4.375 647470.796483
6.75 4.375 132382.504857
7.25 4.375 24069.5463377
7.75 4.375 2406.95463377
8.25 4.375 0.0
8.75 4.375 0.0
0.25 4.625 8999603.37566
0.75 4.625 9880548.77161
1.25 4.625 9825188.81504
1.75 4.625 9687992.40091
2.25 4.625 9083846.78784
2.75 4.625 8147541.4353
3.25 4.625 7086074.44181
3.75 4.625 6048676.99466
4.25 4.625 4643015.48854
4.75 4.625 3531002.44774
5.25 4.625 2122933.98698
5.75 4.625 1112013.0408
6.25 4.625 454914.425782
6.75 4.625 117940.777055
7.25 4.625 7220.8639013
7.75 4.625 0.0
8.25 4.625 0.0
8.75 4.625 0.0
0.25 4.875 7983868.52021
0.75 4.875 8243819.62065
1.25 4.875 8566351.54158
1.75 4.875 8431562.08209
2.25 4.875 7916473.79046
2.75 4.875 6643194.7892
3.25 4.875 6144955.18001
3.75 4.875 5155696.82553
4.25 4.875 3653757.13406
4.75 4.875 2888345.56052
5.25 4.875 1718565.60851
5.75 4.875 909828.851564
6.25 4.875 327345.830192
6.75 4.875 67394.7297455
7.25 4.875 0.0
7.75 4.875 0.0
8.25 4.875 0.0
8.75 4.875 0.0
0.25 5.125 7341211.63299
0.75 5.125 7196794.35496
1.25 5.125 7353246.40616
1.75 5.125 7297886.44958
2.25 5.125 6965726.71012
2.75 5.125 6036642.22149
3.25 5.125 5230312.41918
3.75 5.125 4135148.06081
4.25 5.125 3169959.25267
4.75 5.125 2380478.1328
5.25 5.125 1345487.64028
5.75 5.125 755783.755003
6.25 5.125 228660.690208
6.75 5.125 57766.9112104
7.25 5.125 0.0
7.75 5.125 0.0
8.25 5.125 0.0
8.75 5.125 0.0
0.25 5.375 6306221.14047
0.75 5.375 6366395.00631
1.25 5.375 6424161.91752
1.75 5.375 6096816.08733
2.25 5.375 5776691.12104
2.75 5.375 5196615.0543
3.25 5.375 4532295.57538
3.75 5.375 3490084.21896
4.25 5.375 2799288.23907
4.75 5.375 2036283.62017
5.25 5.375 1152931.26957
5.75 5.375 570448.248203
6.25 5.375 214218.962405
6.75 5.375 36104.3195065
7.25 5.375 2406.95463377
7.75 5.375 0.0
8.25 5.375 0.0
8.75 5.375 0.0
0.25 5.625 5430089.65378
0.75 5.625 5665971.20789
1.25 5.625 5379543.60647
1.75 5.625 5495077.42889
2.25 5.625 5160510.7348
2.75 5.625 4474528.66417
3.25 5.625 3872790.00573
3.75 5.625 2950926.381
4.25 5.625 2279386.03818
4.75 5.625 1708937.78997
5.25 5.625 1003700.08228
5.75 5.625 471763.108218
6.25 5.625 187742.461434
6.75 5.625 19255.6370701
7.25 5.625 2406.95463377
7.75 5.625 0.0
8.25 5.625 0.0
8.75 5.625 0.0
0.25 5.875 4871676.17874
0.75 5.875 4825944.0407
1.25 5.875 4785025.81193
1.75 5.875 4532295.57538
2.25 5.875 4375843.52419
2.75 5.875 3993137.73742
3.25 5.875 3157924.4795
3.75 5.875 2729486.55469
4.25 5.875 1992958.43676
4.75 5.875 1297348.5476
5.25 5.875 750969.845735
5.75 5.875 363450.149699
6.25 5.875 101092.094618
6.75 5.875 14441.7278026
7.25 5.875 0.0
7.75 5.875 0.0
8.25 5.875 0.0
8.75 5.875 0.0
0.25 6.125 4344553.11395
0.75 6.125 4269937.5203
1.25 6.125 4373436.56955
1.75 6.125 4253088.83787
2.25 6.125 3947405.59938
2.75 6.125 3490084.21896
3.25 6.125 2900380.33369
3.75 6.125 2279386.03818
4.25 6.125 1790774.24752
4.75 6.125 1126454.7686
5.25 6.125 659505.569652
5.75 6.125 317718.011657
6.25 6.125 108312.95852
6.75 6.125 7220.8639013
7.25 6.125 0.0
7.75 6.125 0.0
8.25 6.125 0.0
8.75 6.125 0.0
0.25 6.375 4002765.55595
0.75 6.375 3817430.04915
1.25 6.375 3745221.41014
1.75 6.375 3824650.91306
2.25 6.375 3364922.57801
2.75 6.375 3076088.02195
3.25 6.375 2440651.99864
3.75 6.375 1872610.70507
4.25 6.375 1427324.09782
4.75 6.375 948340.125704
5.25 6.375 524716.110161
5.75 6.375 247916.327278
6.25 6.375 79429.5029143
6.75 6.375 4813.90926753
7.25 6.375 0.0
7.75 6.375 0.0
8.25 6.375 0.0
8.75 6.375 0.0
0.25 6.625 3533409.40237
0.75 6.625 3213284.43608
1.25 6.625 3449165.99019
1.75 6.625 3220505.29998
2.25 6.625 3025541.97465
2.75 6.625 2606731.86837
3.25 6.625 2231246.9455
3.75 6.625 1812436.83923
4.25 6.625 1275685.9559
4.75 6.625 868910.62279
5.25 6.625 361043.195065
5.75 6.625 204591.14387
6.25 6.625 50546.0473091
6.75 6.625 7220.8639013
7.25 6.625 0.0
7.75 6.625 0.0
8.25 6.625 0.0
8.75 6.625 0.0
0.25 6.875 3160331.43414
0.75 6.875 3044797.61172
1.25 6.875 2852241.24101
1.75 6.875 2830578.64931
2.25 6.875 2589883.18593
2.75 6.875 2459907.63571
3.25 6.875 1913528.93384
3.75 6.875 1588590.05829
4.25 6.875 1075908.72129
4.75 6.875 763004.618904
5.25 6.875 332159.73946
5.75 6.875 192556.370701
6.25 6.875 60173.8658442
6.75 6.875 2406.95463377
7.25 6.875 0.0
7.75 6.875 0.0
8.25 6.875 0.0
8.75 6.875 0.0
0.25 7.125 2792067.37517
0.75 7.125 2599511.00447
1.25 7.125 2546558.00253
1.75 7.125 2532116.27472
2.25 7.125 2315490.35768
2.75 7.125 2065167.07577
3.25 7.125 1713751.69924
3.75 7.125 1254023.36419
4.25 7.125 965188.808141
4.75 7.125 683575.11599
5.25 7.125 329752.784826
5.75 7.125 120347.731688
6.25 7.125 43325.1834078
6.75 7.125 2406.95463377
7.25 7.125 0.0
7.75 7.125 0.0
8.25 7.125 0.0
8.75 7.125 0.0
0.25 7.375 2474349.36351
0.75 7.375 2409361.5884
1.25 7.375 2356408.58646
1.75 7.375 2240874.76404
2.25 7.375 2118120.07772
2.75 7.375 1872610.70507
3.25 7.375 1586183.10365
3.75 7.375 1220325.99932
4.25 7.375 823178.484748
4.75 7.375 529530.019429
5.25 7.375 276799.782883
5.75 7.375 120347.731688
6.25 7.375 31290.410239
6.75 7.375 0.0
7.25 7.375 0.0
7.75 7.375 0.0
8.25 7.375 0.0
8.75 7.375 0.0
0.25 7.625 2327525.13085
0.75 7.625 2147003.53332
1.25 7.625 2029062.75627
1.75 7.625 1896680.25141
2.25 7.625 1843727.24947
2.75 7.625 1646356.9695
3.25 7.625 1347894.59491
3.75 7.625 1044618.31105
4.25 7.625 712458.571595
4.75 7.625 483797.881387
5.25 7.625 247916.327278
5.75 7.625 98685.1399845
6.25 7.625 21662.5917039
6.75 7.625 0.0
7.25 7.625 0.0
7.75 7.625 0.0
8.25 7.625 0.0
8.75 7.625 0.0
0.25 7.875 1935191.52555
0.75 7.875 1961668.02652
1.25 7.875 1971295.84506
1.75 7.875 1735414.29095
2.25 7.875 1684868.24364
2.75 7.875 1518788.37391
3.25 7.875 1128861.72324
3.75 7.875 892980.169128
4.25 7.875 645063.84185
4.75 7.875 363450.149699
5.25 7.875 214218.962405
5.75 7.875 93871.2307169
6.25 7.875 24069.5463377
6.75 7.875 4813.90926753
7.25 7.875 0.0
7.75 7.875 0.0
8.25 7.875 0.0
8.75 7.875 0.0
0.25 8.125 1795588.15679
0.75 8.125 1677647.37974
1.25 8.125 1740228.20021
1.75 8.125 1557299.64805
2.25 8.125 1412882.37002
2.75 8.125 1292534.63833
3.25 8.125 1008513.99155
3.75 8.125 811143.71158
4.25 8.125 568041.293569
4.75 8.125 358636.240431
5.25 8.125 194963.325335
5.75 8.125 62580.8204779
6.25 8.125 16848.6824364
6.75 8.125 0.0
7.25 8.125 0.0
7.75 8.125 0.0
8.25 8.125 0.0
8.75 8.125 0.0
0.25 8.375 1593403.96755
0.75 8.375 1581369.19439
1.25 8.375 1603031.78609
1.75 8.375 1369557.18661
2.25 8.375 1244395.54566
2.75 8.375 1116826.95007
3.25 8.375 926677.534
3.75 8.375 775039.392073
4.25 8.375 478983.97212
4.75 8.375 288834.556052
5.25 8.375 158859.005829
5.75 8.375 60173.8658442
6.25 8.375 7220.8639013
6.75 8.375 0.0
7.25 8.375 0.0
7.75 8.375 0.0
8.25 8.375 0.0
8.75 8.375 0.0
0.25 8.625 1461021.4627
0.75 8.625 1550078.78415
1.25 8.625 1408068.46075
1.75 8.625 1193849.49835
2.25 8.625 1229953.81786
2.75 8.625 1056653.08422
3.25 8.625 770225.482805
3.75 8.625 633029.068681
4.25 8.625 438065.743346
4.75 8.625 298462.374587
5.25 8.625 134789.459491
5.75 8.625 38511.2741403
6.25 8.625 16848.6824364
6.75 8.625 2406.95463377
7.25 8.625 0.0
7.75 8.625 0.0
8.25 8.625 0.0
8.75 8.625 0.0
0.25 8.875 1396033.68758
0.75 8.875 1229953.81786
1.25 8.875 1299755.50223
1.75 8.875 1208291.22615
2.25 8.875 1085536.53983
2.75 8.875 883352.350593
3.25 8.875 755783.755003
3.75 8.875 611366.476977
4.25 8.875 428437.924811
4.75 8.875 233474.599475
5.25 8.875 93871.2307169
5.75 8.875 24069.5463377
6.25 8.875 7220.8639013
6.75 8.875 0.0
7.25 8.875 0.0
7.75 8.875 0.0
8.25 8.875 0.0
8.75 8.875 0.0
0.25 9.125 1198663.40762
0.75 9.125 1208291.22615
1.25 9.125 1179407.77055
1.75 9.125 1037397.44715
2.25 9.125 989258.354478
2.75 9.125 782260.255974
3.25 9.125 683575.11599
3.75 9.125 505460.473091
4.25 9.125 334566.694094
4.75 9.125 182928.552166
5.25 9.125 77022.5482805
5.75 9.125 45732.1380416
6.25 9.125 2406.95463377
6.75 9.125 0.0
7.25 9.125 0.0
7.75 9.125 0.0
8.25 9.125 0.0
8.75 9.125 0.0
0.25 9.375 1114419.99543
0.75 9.375 1095164.35836
1.25 9.375 1044618.31105
1.75 9.375 1003700.08228
2.25 9.375 905014.942296
2.75 9.375 712458.571595
3.25 9.375 625808.204779
3.75 9.375 527123.064795
4.25 9.375 233474.599475
4.75 9.375 190149.416068
5.25 9.375 86650.3668156
5.75 9.375 31290.410239
6.25 9.375 2406.95463377
6.75 9.375 0.0
7.25 9.375 0.0
7.75 9.375 0.0
8.25 9.375 0.0
8.75 9.375 0.0
0.25 9.625 943526.216437
0.75 9.625 977223.581309
1.25 9.625 955560.989606
1.75 9.625 914642.760832
2.25 9.625 796701.983777
2.75 9.625 654691.660385
3.25 9.625 563227.384302
3.75 9.625 394740.559938
4.25 9.625 255137.191179
4.75 9.625 180521.597533
5.25 9.625 74615.5936468
5.75 9.625 36104.3195065
6.25 9.625 9627.81853507
6.75 9.625 0.0
7.25 9.625 0.0
7.75 9.625 0.0
8.25 9.625 0.0
8.75 9.625 0.0
0.25 9.875 921863.624733
0.75 9.875 994072.263746
1.25 9.875 799108.938411
1.75 9.875 837620.212551
2.25 9.875 707644.662328
2.75 9.875 587296.930639
3.25 9.875 503053.518457
3.75 9.875 346601.467262
4.25 9.875 235881.554109
4.75 9.875 139603.368758
5.25 9.875 60173.8658442
5.75 9.875 16848.6824364
6.25 9.875 0.0
6.75 9.875 0.0
7.25 9.875 0.0
7.75 9.875 0.0
8.25 9.875 0.0
8.75 9.875 0.0
0.25 10.125 840027.167185
0.75 10.125 815957.620847
1.25 10.125 763004.618904
1.75 10.125 775039.392073
2.25 10.125 683575.11599
2.75 10.125 558413.475034
3.25 10.125 471763.108218
3.75 10.125 305683.238488
4.25 10.125 223846.78094
4.75 10.125 98685.1399845
5.25 10.125 33697.3648727
5.75 10.125 21662.5917039
6.25 10.125 4813.90926753
6.75 10.125 0.0
7.25 10.125 0.0
7.75 10.125 0.0
8.25 10.125 0.0
8.75 10.125 0.0
0.25 10.375 760597.66427
0.75 10.375 753376.800369
1.25 10.375 693202.934525
1.75 10.375 707644.662328
2.25 10.375 534343.928696
2.75 10.375 491018.745288
3.25 10.375 409182.28774
3.75 10.375 250323.281912
4.25 10.375 190149.416068
4.75 10.375 110719.913153
5.25 10.375 43325.1834078
5.75 10.375 24069.5463377
6.25 10.375 0.0
6.75 10.375 0.0
7.25 10.375 0.0
7.75 10.375 0.0
8.25 10.375 0.0
8.75 10.375 0.0
0.25 10.625 738935.072567
0.75 10.625 724493.344764
1.25 10.625 724493.344764
1.75 10.625 611366.476977
2.25 10.625 539157.837964
2.75 10.625 469356.153585
3.25 10.625 394740.559938
3.75 10.625 245509.372644
4.25 10.625 192556.370701
4.75 10.625 55359.9565766
5.25 10.625 45732.1380416
5.75 10.625 16848.6824364
6.25 10.625 0.0
6.75 10.625 0.0
7.25 10.625 0.0
7.75 10.625 0.0
8.25 10.625 0.0
8.75 10.625 0.0
0.25 10.875 688389.025257
0.75 10.875 637842.977948
1.25 10.875 640249.932582
1.75 10.875 517495.24626
2.25 10.875 510274.382359
2.75 10.875 493425.699922
3.25 10.875 327345.830192
3.75 10.875 250323.281912
4.25 10.875 151638.141927
4.75 10.875 77022.5482805
5.25 10.875 40918.228774
5.75 10.875 9627.81853507
6.25 10.875 2406.95463377
6.75 10.875 0.0
7.25 10.875 0.0
7.75 10.875 0.0
8.25 10.875 0.0
8.75 10.875 0.0
0.25 11.125 671540.342821
0.75 11.125 625808.204779
1.25 11.125 568041.293569
1.75 11.125 534343.928696
2.25 11.125 418810.106275
2.75 11.125 385112.741403
3.25 11.125 300869.329221
3.75 11.125 243102.41801
4.25 11.125 154045.096561
4.75 11.125 74615.5936468
5.25 11.125 28883.4556052
5.75 11.125 9627.81853507
6.25 11.125 0.0
6.75 11.125 0.0
7.25 11.125 0.0
7.75 11.125 0.0
8.25 11.125 0.0
8.75 11.125 0.0
0.25 11.375 519902.200894
0.75 11.375 510274.382359
1.25 11.375 543971.747231
1.75 11.375 445286.607247
2.25 11.375 401961.423839
2.75 11.375 324938.875559
3.25 11.375 286427.601418
3.75 11.375 226253.735574
4.25 11.375 113126.867787
4.75 11.375 103499.049252
5.25 11.375 33697.3648727
5.75 11.375 2406.95463377
6.25 11.375 2406.95463377
6.75 11.375 0.0
7.25 11.375 0.0
7.75 11.375 0.0
8.25 11.375 0.0
8.75 11.375 0.0
0.25 11.625 539157.837964
0.75 11.625 491018.745288
1.25 11.625 551192.611133
1.75 11.625 442879.652613
2.25 11.625 392333.605304
2.75 11.625 305683.238488
3.25 11.625 243102.41801
3.75 11.625 161265.960462
4.25 11.625 108312.95852
4.75 11.625 64987.7751117
5.25 11.625 9627.81853507
5.75 11.625 2406.95463377
6.25 11.625 0.0
6.75 11.625 0.0
7.25 11.625 0.0
7.75 11.625 0.0
8.25 11.625 0.0
8.75 11.625 0.0
0.25 11.875 474170.062852
0.75 11.875 401961.423839
1.25 11.875 416403.151642
1.75 11.875 442879.652613
2.25 11.875 363450.149699
2.75 11.875 341787.557995
3.25 11.875 243102.41801
3.75 11.875 166079.86973
4.25 11.875 98685.1399845
4.75 11.875 48139.0926753
5.25 11.875 31290.410239
5.75 11.875 2406.95463377
6.25 11.875 2406.95463377
6.75 11.875 0.0
7.25 11.875 0.0
7.75 11.875 0.0
8.25 11.875 0.0
8.75 11.875 0.0
0.25 12.125 421217.060909
0.75 12.125 416403.151642
1.25 12.125 399554.469205
1.75 12.125 377891.877501
2.25 12.125 351415.37653
2.75 12.125 243102.41801
3.25 12.125 190149.416068
3.75 12.125 117940.777055
4.25 12.125 101092.094618
4.75 12.125 50546.0473091
5.25 12.125 16848.6824364
5.75 12.125 7220.8639013
6.25 12.125 0.0
6.75 12.125 0.0
7.25 12.125 0.0
7.75 12.125 0.0
8.25 12.125 0.0
8.75 12.125 0.0
0.25 12.375 380298.832135
0.75 12.375 373077.968234
1.25 12.375 406775.333107
1.75 12.375 336973.648727
2.25 12.375 353822.331164
2.75 12.375 252730.236546
3.25 12.375 250323.281912
3.75 12.375 137196.414125
4.25 12.375 86650.3668156
4.75 12.375 33697.3648727
5.25 12.375 19255.6370701
5.75 12.375 4813.90926753
6.25 12.375 0.0
6.75 12.375 0.0
7.25 12.375 0.0
7.75 12.375 0.0
8.25 12.375 0.0
8.75 12.375 0.0
0.25 12.625 373077.968234
0.75 12.625 361043.195065
1.25 12.625 315311.057023
1.75 12.625 271985.873616
2.25 12.625 300869.329221
2.75 12.625 247916.327278
3.25 12.625 170893.778997
3.75 12.625 113126.867787
4.25 12.625 108312.95852
4.75 12.625 36104.3195065
5.25 12.625 9627.81853507
5.75 12.625 12034.7731688
6.25 12.625 0.0
6.75 12.625 0.0
7.25 12.625 0.0
7.75 12.625 0.0
8.25 12.625 0.0
8.75 12.625 0.0
0.25 12.875 324938.875559
0.75 12.875 339380.603361
1.25 12.875 315311.057023
1.75 12.875 336973.648727
2.25 12.875 245509.372644
2.75 12.875 223846.78094
3.25 12.875 202184.189236
3.75 12.875 139603.368758
4.25 12.875 45732.1380416
4.75 12.875 48139.0926753
5.25 12.875 14441.7278026
5.75 12.875 7220.8639013
6.25 12.875 0.0
6.75 12.875 0.0
7.25 12.875 0.0
7.75 12.875 0.0
8.25 12.875 0.0
8.75 12.875 0.0
0.25 13.125 363450.149699
0.75 13.125 303276.283855
1.25 13.125 332159.73946
1.75 13.125 279206.737517
2.25 13.125 219032.871673
2.75 13.125 192556.370701
3.25 13.125 142010.323392
3.75 13.125 125161.640956
4.25 13.125 69801.6843792
4.75 13.125 36104.3195065
5.25 13.125 2406.95463377
5.75 13.125 2406.95463377
6.25 13.125 0.0
6.75 13.125 0.0
7.25 13.125 0.0
7.75 13.125 0.0
8.25 13.125 0.0
8.75 13.125 0.0
0.25 13.375 344194.512629
0.75 13.375 274392.828249
1.25 13.375 271985.873616
1.75 13.375 262358.055081
2.25 13.375 223846.78094
2.75 13.375 170893.778997
3.25 13.375 158859.005829
3.75 13.375 108312.95852
4.25 13.375 50546.0473091
4.75 13.375 38511.2741403
5.25 13.375 9627.81853507
5.75 13.375 2406.95463377
6.25 13.375 0.0
6.75 13.375 0.0
7.25 13.375 0.0
7.75 13.375 0.0
8.25 13.375 0.0
8.75 13.375 0.0
0.25 13.625 288834.556052
0.75 13.625 219032.871673
1.25 13.625 281613.692151
1.75 13.625 216625.917039
2.25 13.625 197370.279969
2.75 13.625 151638.141927
3.25 13.625 142010.323392
3.75 13.625 89057.3214494
4.25 13.625 74615.5936468
4.75 13.625 21662.5917039
5.25 13.625 4813.90926753
5.75 13.625 2406.95463377
6.25 13.625 0.0
6.75 13.625 0.0
7.25 13.625 0.0
7.75 13.625 0.0
8.25 13.625 0.0
8.75 13.625 0.0
0.25 13.875 259951.100447
0.75 13.875 279206.737517
1.25 13.875 240695.463377
1.75 13.875 226253.735574
2.25 13.875 175707.688265
2.75 13.875 156452.051195
3.25 13.875 120347.731688
3.75 13.875 81836.4575481
4.25 13.875 50546.0473091
4.75 13.875 21662.5917039
5.25 13.875 12034.7731688
5.75 13.875 4813.90926753
6.25 13.875 0.0
6.75 13.875 0.0
7.25 13.875 0.0
7.75 13.875 0.0
8.25 13.875 0.0
8.75 13.875 0.0
0.25 14.125 226253.735574
0.75 14.125 250323.281912
1.25 14.125 226253.735574
1.75 14.125 170893.778997
2.25 14.125 192556.370701
2.75 14.125 134789.459491
3.25 14.125 139603.368758
3.75 14.125 64987.7751117
4.25 14.125 48139.0926753
4.75 14.125 21662.5917039
5.25 14.125 9627.81853507
5.75 14.125 4813.90926753
6.25 14.125 0.0
6.75 14.125 0.0
7.25 14.125 0.0
7.75 14.125 0.0
8.25 14.125 0.0
8.75 14.125 0.0
0.25 14.375 235881.554109
0.75 14.375 178114.642899
1.25 14.375 216625.917039
1.75 14.375 206998.098504
2.25 14.375 144417.278026
2.75 14.375 93871.2307169
3.25 14.375 96278.1853507
3.75 14.375 62580.8204779
4.25 14.375 26476.5009714
4.75 14.375 24069.5463377
5.25 14.375 0.0
5.75 14.375 4813.90926753
6.25 14.375 0.0
6.75 14.375 0.0
7.25 14.375 0.0
7.75 14.375 0.0
8.25 14.375 0.0
8.75 14.375 0.0
0.25 14.625 202184.189236
0.75 14.625 192556.370701
1.25 14.625 163672.915096
1.75 14.625 134789.459491
2.25 14.625 170893.778997
2.75 14.625 115533.822421
3.25 14.625 98685.1399845
3.75 14.625 55359.9565766
4.25 14.625 40918.228774
4.75 14.625 16848.6824364
5.25 14.625 2406.95463377
5.75 14.625 0.0
6.25 14.625 0.0
6.75 14.625 0.0
7.25 14.625 0.0
7.75 14.625 0.0
8.25 14.625 0.0
8.75 14.625 0.0
0.25 14.875 211812.007772
0.75 14.875 204591.14387
1.25 14.875 168486.824364
1.75 14.875 166079.86973
2.25 14.875 132382.504857
2.75 14.875 137196.414125
3.25 14.875 81836.4575481
3.75 14.875 52953.0019429
4.25 14.875 45732.1380416
4.75 14.875 24069.5463377
5.25 14.875 9627.81853507
5.75 14.875 7220.8639013
6.25 14.875 0.0
6.75 14.875 0.0
7.25 14.875 0.0
7.75 14.875 0.0
8.25 14.875 0.0
8.75 14.875 0.0
0.25 15.125 149231.187294
0.75 15.125 166079.86973
1.25 15.125 182928.552166
1.75 15.125 144417.278026
2.25 15.125 113126.867787
2.75 15.125 81836.4575481
3.25 15.125 64987.7751117
3.75 15.125 45732.1380416
4.25 15.125 33697.3648727
4.75 15.125 19255.6370701
5.25 15.125 4813.90926753
5.75 15.125 4813.90926753
6.25 15.125 0.0
6.75 15.125 0.0
7.25 15.125 0.0
7.75 15.125 0.0
8.25 15.125 0.0
8.75 15.125 0.0
0.25 15.375 163672.915096
0.75 15.375 154045.096561
1.25 15.375 154045.096561
1.75 15.375 142010.323392
2.25 15.375 105906.003886
2.75 15.375 98685.1399845
3.25 15.375 74615.5936468
3.75 15.375 52953.0019429
4.25 15.375 40918.228774
4.75 15.375 16848.6824364
5.25 15.375 4813.90926753
5.75 15.375 2406.95463377
6.25 15.375 0.0
6.75 15.375 0.0
7.25 15.375 0.0
7.75 15.375 0.0
8.25 15.375 0.0
8.75 15.375 0.0
0.25 15.625 142010.323392
0.75 15.625 154045.096561
1.25 15.625 175707.688265
1.75 15.625 105906.003886
2.25 15.625 105906.003886
2.75 15.625 103499.049252
3.25 15.625 74615.5936468
3.75 15.625 55359.9565766
4.25 15.625 24069.5463377
4.75 15.625 12034.7731688
5.25 15.625 4813.90926753
5.75 15.625 0.0
6.25 15.625 0.0
6.75 15.625 0.0
7.25 15.625 0.0
7.75 15.625 0.0
8.25 15.625 0.0
8.75 15.625 0.0
0.25 15.875 166079.86973
0.75 15.875 142010.323392
1.25 15.875 139603.368758
1.75 15.875 149231.187294
2.25 15.875 117940.777055
2.75 15.875 103499.049252
3.25 15.875 81836.4575481
3.75 15.875 33697.3648727
4.25 15.875 12034.7731688
4.75 15.875 9627.81853507
5.25 15.875 9627.81853507
5.75 15.875 4813.90926753
6.25 15.875 0.0
6.75 15.875 0.0
7.25 15.875 0.0
7.75 15.875 0.0
8.25 15.875 0.0
8.75 15.875 0.0
0.25 16.125 129975.550223
0.75 16.125 122754.686322
1.25 16.125 132382.504857
1.75 16.125 89057.3214494
2.25 16.125 91464.2760832
2.75 16.125 86650.3668156
3.25 16.125 40918.228774
3.75 16.125 36104.3195065
4.25 16.125 19255.6370701
4.75 16.125 12034.7731688
5.25 16.125 2406.95463377
5.75 16.125 9627.81853507
6.25 16.125 0.0
6.75 16.125 0.0
7.25 16.125 0.0
7.75 16.125 0.0
8.25 16.125 0.0
8.75 16.125 0.0
0.25 16.375 139603.368758
0.75 16.375 154045.096561
1.25 16.375 125161.640956
1.75 16.375 77022.5482805
2.25 16.375 72208.639013
2.75 16.375 79429.5029143
3.25 16.375 60173.8658442
3.75 16.375 38511.2741403
4.25 16.375 26476.5009714
4.75 16.375 9627.81853507
5.25 16.375 0.0
5.75 16.375 2406.95463377
6.25 16.375 0.0
6.75 16.375 0.0
7.25 16.375 0.0
7.75 16.375 0.0
8.25 16.375 0.0
8.75 16.375 0.0
0.25 16.625 122754.686322
0.75 16.625 103499.049252
1.25 16.625 84243.4121819
1.75 16.625 98685.1399845
2.25 16.625 110719.913153
2.75 16.625 64987.7751117
3.25 16.625 72208.639013
3.75 16.625 26476.5009714
4.25 16.625 19255.6370701
4.75 16.625 4813.90926753
5.25 16.625 9627.81853507
5.75 16.625 4813.90926753
6.25 16.625 0.0
6.75 16.625 0.0
7.25 16.625 0.0
7.75 16.625 0.0
8.25 16.625 0.0
8.75 16.625 0.0
0.25 16.875 120347.731688
0.75 16.875 115533.822421
1.25 16.875 74615.5936468
1.75 16.875 105906.003886
2.25 16.875 84243.4121819
2.75 16.875 52953.0019429
3.25 16.875 36104.3195065
3.75 16.875 31290.410239
4.25 16.875 9627.81853507
4.75 16.875 16848.6824364
5.25 16.875 2406.95463377
5.75 16.875 0.0
6.25 16.875 0.0
6.75 16.875 0.0
7.25 16.875 0.0
7.75 16.875 0.0
8.25 16.875 0.0
8.75 16.875 0.0
0.25 17.125 125161.640956
0.75 17.125 103499.049252
1.25 17.125 103499.049252
1.75 17.125 86650.3668156
2.25 17.125 52953.0019429
2.75 17.125 60173.8658442
3.25 17.125 33697.3648727
3.75 17.125 26476.5009714
4.25 17.125 14441.7278026
4.75 17.125 4813.90926753
5.25 17.125 2406.95463377
5.75 17.125 7220.8639013
6.25 17.125 0.0
6.75 17.125 0.0
7.25 17.125 0.0
7.75 17.125 0.0
8.25 17.125 0.0
8.75 17.125 0.0
0.25 17.375 96278.1853507
0.75 17.375 98685.1399845
1.25 17.375 72208.639013
1.75 17.375 69801.6843792
2.25 17.375 72208.639013
2.75 17.375 74615.5936468
3.25 17.375 26476.5009714
3.75 17.375 43325.1834078
4.25 17.375 12034.7731688
4.75 17.375 7220.8639013
5.25 17.375 4813.90926753
5.75 17.375 2406.95463377
6.25 17.375 0.0
6.75 17.375 0.0
7.25 17.375 0.0
7.75 17.375 0.0
8.25 17.375 0.0
8.75 17.375 0.0
0.25 17.625 74615.5936468
0.75 17.625 98685.1399845
1.25 17.625 98685.1399845
1.75 17.625 77022.5482805
2.25 17.625 64987.7751117
2.75 17.625 67394.7297455
3.25 17.625 43325.1834078
3.75 17.625 40918.228774
4.25 17.625 24069.5463377
4.75 17.625 7220.8639013
5.25 17.625 0.0
5.75 17.625 2406.95463377
6.25 17.625 0.0
6.75 17.625 0.0
7.25 17.625 0.0
7.75 17.625 0.0
8.25 17.625 0.0
8.75 17.625 0.0
0.25 17.875 91464.2760832
0.75 17.875 103499.049252
1.25 17.875 93871.2307169
1.75 17.875 84243.4121819
2.25 17.875 36104.3195065
2.75 17.875 60173.8658442
3.25 17.875 33697.3648727
3.75 17.875 26476.5009714
4.25 17.875 12034.7731688
4.75 17.875 4813.90926753
5.25 17.875 2406.95463377
5.75 17.875 0.0
6.25 17.875 0.0
6.75 17.875 0.0
7.25 17.875 0.0
7.75 17.875 0.0
8.25 17.875 0.0
8.75 17.875 0.0
0.25 18.125 91464.2760832
0.75 18.125 93871.2307169
1.25 18.125 93871.2307169
1.75 18.125 62580.8204779
2.25 18.125 55359.9565766
2.75 18.125 40918.228774
3.25 18.125 36104.3195065
3.75 18.125 28883.4556052
4.25 18.125 14441.7278026
4.75 18.125 7220.8639013
5.25 18.125 2406.95463377
5.75 18.125 0.0
6.25 18.125 0.0
6.75 18.125 0.0
7.25 18.125 0.0
7.75 18.125 0.0
8.25 18.125 0.0
8.75 18.125 0.0
0.25 18.375 69801.6843792
0.75 18.375 98685.1399845
1.25 18.375 96278.1853507
1.75 18.375 57766.9112104
2.25 18.375 40918.228774
2.75 18.375 50546.0473091
3.25 18.375 48139.0926753
3.75 18.375 19255.6370701
4.25 18.375 12034.7731688
4.75 18.375 2406.95463377
5.25 18.375 0.0
5.75 18.375 0.0
6.25 18.375 0.0
6.75 18.375 0.0
7.25 18.375 0.0
7.75 18.375 0.0
8.25 18.375 0.0
8.75 18.375 0.0
0.25 18.625 57766.9112104
0.75 18.625 69801.6843792
1.25 18.625 69801.6843792
1.75 18.625 57766.9112104
2.25 18.625 62580.8204779
2.75 18.625 28883.4556052
3.25 18.625 26476.5009714
3.75 18.625 14441.7278026
4.25 18.625 12034.7731688
4.75 18.625 2406.95463377
5.25 18.625 2406.95463377
5.75 18.625 0.0
6.25 18.625 0.0
6.75 18.625 0.0
7.25 18.625 0.0
7.75 18.625 0.0
8.25 18.625 0.0
8.75 18.625 0.0
0.25 18.875 84243.4121819
0.75 18.875 62580.8204779
1.25 18.875 55359.9565766
1.75 18.875 55359.9565766
2.25 18.875 45732.1380416
2.75 18.875 45732.1380416
3.25 18.875 28883.4556052
3.75 18.875 16848.6824364
4.25 18.875 4813.90926753
4.75 18.875 4813.90926753
5.25 18.875 2406.95463377
5.75 18.875 0.0
6.25 18.875 0.0
6.75 18.875 0.0
7.25 18.875 0.0
7.75 18.875 0.0
8.25 18.875 0.0
8.75 18.875 0.0
0.25 19.125 43325.1834078
0.75 19.125 62580.8204779
1.25 19.125 52953.0019429
1.75 19.125 48139.0926753
2.25 19.125 48139.0926753
2.75 19.125 33697.3648727
3.25 19.125 24069.5463377
3.75 19.125 19255.6370701
4.25 19.125 9627.81853507
4.75 19.125 2406.95463377
5.25 19.125 2406.95463377
5.75 19.125 0.0
6.25 19.125 0.0
6.75 19.125 0.0
7.25 19.125 0.0
7.75 19.125 0.0
8.25 19.125 0.0
8.75 19.125 0.0
0.25 19.375 52953.0019429
0.75 19.375 38511.2741403
1.25 19.375 55359.9565766
1.75 19.375 55359.9565766
2.25 19.375 33697.3648727
2.75 19.375 48139.0926753
3.25 19.375 31290.410239
3.75 19.375 9627.81853507
4.25 19.375 14441.7278026
4.75 19.375 0.0
5.25 19.375 2406.95463377
5.75 19.375 0.0
6.25 19.375 0.0
6.75 19.375 0.0
7.25 19.375 0.0
7.75 19.375 0.0
8.25 19.375 0.0
8.75 19.375 0.0
0.25 19.625 67394.7297455
0.75 19.625 52953.0019429
1.25 19.625 79429.5029143
1.75 19.625 45732.1380416
2.25 19.625 77022.5482805
2.75 19.625 43325.1834078
3.25 19.625 16848.6824364
3.75 19.625 24069.5463377
4.25 19.625 16848.6824364
4.75 19.625 12034.7731688
5.25 19.625 0.0
5.75 19.625 0.0
6.25 19.625 0.0
6.75 19.625 0.0
7.25 19.625 0.0
7.75 19.625 0.0
8.25 19.625 0.0
8.75 19.625 0.0
0.25 19.875 67394.7297455
0.75 19.875 60173.8658442
1.25 19.875 55359.9565766
1.75 19.875 48139.0926753
2.25 19.875 48139.0926753
2.75 19.875 21662.5917039
3.25 19.875 24069.5463377
3.75 19.875 12034.7731688
4.25 19.875 7220.8639013
4.75 19.875 7220.8639013
5.25 19.875 0.0
5.75 19.875 0.0
6.25 19.875 0.0
6.75 19.875 0.0
7.25 19.875 0.0
7.75 19.875 0.0
8.25 19.875 0.0
8.75 19.875 0.0
0.25 20.125 62580.8204779
0.75 20.125 55359.9565766
1.25 20.125 40918.228774
1.75 20.125 26476.5009714
2.25 20.125 38511.2741403
2.75 20.125 36104.3195065
3.25 20.125 7220.8639013
3.75 20.125 19255.6370701
4.25 20.125 7220.8639013
4.75 20.125 2406.95463377
5.25 20.125 0.0
5.75 20.125 0.0
6.25 20.125 0.0
6.75 20.125 0.0
7.25 20.125 0.0
7.75 20.125 0.0
8.25 20.125 0.0
8.75 20.125 0.0
0.25 20.375 50546.0473091
0.75 20.375 48139.0926753
1.25 20.375 45732.1380416
1.75 20.375 36104.3195065
2.25 20.375 38511.2741403
2.75 20.375 43325.1834078
3.25 20.375 26476.5009714
3.75 20.375 16848.6824364
4.25 20.375 9627.81853507
4.75 20.375 2406.95463377
5.25 20.375 0.0
5.75 20.375 0.0
6.25 20.375 0.0
6.75 20.375 0.0
7.25 20.375 0.0
7.75 20.375 0.0
8.25 20.375 0.0
8.75 20.375 0.0
0.25 20.625 57766.9112104
0.75 20.625 60173.8658442
1.25 20.625 48139.0926753
1.75 20.625 33697.3648727
2.25 20.625 43325.1834078
2.75 20.625 24069.5463377
3.25 20.625 24069.5463377
3.75 20.625 16848.6824364
4.25 20.625 4813.90926753
4.75 20.625 4813.90926753
5.25 20.625 0.0
5.75 20.625 0.0
6.25 20.625 0.0
6.75 20.625 0.0
7.25 20.625 0.0
7.75 20.625 0.0
8.25 20.625 0.0
8.75 20.625 0.0
0.25 20.875 33697.3648727
0.75 20.875 28883.4556052
1.25 20.875 48139.0926753
1.75 20.875 43325.1834078
2.25 20.875 31290.410239
2.75 20.875 9627.81853507
3.25 20.875 28883.4556052
3.75 20.875 16848.6824364
4.25 20.875 4813.90926753
4.75 20.875 7220.8639013
5.25 20.875 0.0
5.75 20.875 0.0
6.25 20.875 0.0
6.75 20.875 0.0
7.25 20.875 0.0
7.75 20.875 0.0
8.25 20.875 0.0
8.75 20.875 0.0
0.25 21.125 36104.3195065
0.75 21.125 40918.228774
1.25 21.125 40918.228774
1.75 21.125 43325.1834078
2.25 21.125 36104.3195065
2.75 21.125 21662.5917039
3.25 21.125 16848.6824364
3.75 21.125 4813.90926753
4.25 21.125 9627.81853507
4.75 21.125 0.0
5.25 21.125 0.0
5.75 21.125 0.0
6.25 21.125 0.0
6.75 21.125 0.0
7.25 21.125 0.0
7.75 21.125 0.0
8.25 21.125 0.0
8.75 21.125 0.0
0.25 21.375 33697.3648727
0.75 21.375 33697.3648727
1.25 21.375 48139.0926753
1.75 21.375 36104.3195065
2.25 21.375 26476.5009714
2.75 21.375 28883.4556052
3.25 21.375 12034.7731688
3.75 21.375 12034.7731688
4.25 21.375 9627.81853507
4.75 21.375 2406.95463377
5.25 21.375 0.0
5.75 21.375 0.0
6.25 21.375 0.0
6.75 21.375 0.0
7.25 21.375 0.0
7.75 21.375 0.0
8.25 21.375 0.0
8.75 21.375 0.0
0.25 21.625 33697.3648727
0.75 21.625 45732.1380416
1.25 21.625 43325.1834078
1.75 21.625 28883.4556052
2.25 21.625 50546.0473091
2.75 21.625 21662.5917039
3.25 21.625 16848.6824364
3.75 21.625 9627.81853507
4.25 21.625 4813.90926753
4.75 21.625 0.0
5.25 21.625 0.0
5.75 21.625 0.0
6.25 21.625 0.0
6.75 21.625 0.0
7.25 21.625 0.0
7.75 21.625 0.0
8.25 21.625 0.0
8.75 21.625 0.0
0.25 21.875 40918.228774
0.75 21.875 24069.5463377
1.25 21.875 31290.410239
1.75 21.875 21662.5917039
2.25 21.875 43325.1834078
2.75 21.875 26476.5009714
3.25 21.875 21662.5917039
3.75 21.875 12034.7731688
4.25 21.875 9627.81853507
4.75 21.875 0.0
5.25 21.875 0.0
5.75 21.875 0.0
6.25 21.875 0.0
6.75 21.875 0.0
7.25 21.875 0.0
7.75 21.875 0.0
8.25 21.875 0.0
8.75 21.875 0.0
0.25 22.125 26476.5009714
0.75 22.125 21662.5917039
1.25 22.125 26476.5009714
1.75 22.125 24069.5463377
2.25 22.125 36104.3195065
2.75 22.125 21662.5917039
3.25 22.125 7220.8639013
3.75 22.125 4813.90926753
4.25 22.125 4813.90926753
4.75 22.125 7220.8639013
5.25 22.125 0.0
5.75 22.125 0.0
6.25 22.125 0.0
6.75 22.125 0.0
7.25 22.125 0.0
7.75 22.125 0.0
8.25 22.125 0.0
8.75 22.125 0.0
0.25 22.375 24069.5463377
0.75 22.375 31290.410239
1.25 22.375 52953.0019429
1.75 22.375 33697.3648727
2.25 22.375 14441.7278026
2.75 22.375 19255.6370701
3.25 22.375 9627.81853507
3.75 22.375 7220.8639013
4.25 22.375 2406.95463377
4.75 22.375 4813.90926753
5.25 22.375 0.0
5.75 22.375 0.0
6.25 22.375 0.0
6.75 22.375 0.0
7.25 22.375 0.0
7.75 22.375 0.0
8.25 22.375 0.0
8.75 22.375 0.0
0.25 22.625 36104.3195065
0.75 22.625 38511.2741403
1.25 22.625 48139.0926753
1.75 22.625 26476.5009714
2.25 22.625 26476.5009714
2.75 22.625 14441.7278026
3.25 22.625 16848.6824364
3.75 22.625 7220.8639013
4.25 22.625 4813.90926753
4.75 22.625 2406.95463377
5.25 22.625 0.0
5.75 22.625 0.0
6.25 22.625 0.0
6.75 22.625 0.0
7.25 22.625 0.0
7.75 22.625 0.0
8.25 22.625 0.0
8.75 22.625 0.0
0.25 22.875 24069.5463377
0.75 22.875 28883.4556052
1.25 22.875 45732.1380416
1.75 22.875 19255.6370701
2.25 22.875 26476.5009714
2.75 22.875 19255.6370701
3.25 22.875 12034.7731688
3.75 22.875 9627.81853507
4.25 22.875 2406.95463377
4.75 22.875 2406.95463377
5.25 22.875 0.0
5.75 22.875 0.0
6.25 22.875 0.0
6.75 22.875 0.0
7.25 22.875 0.0
7.75 22.875 0.0
8.25 22.875 0.0
8.75 22.875 0.0
0.25 23.125 36104.3195065
0.75 23.125 26476.5009714
1.25 23.125 31290.410239
1.75 23.125 19255.6370701
2.25 23.125 28883.4556052
2.75 23.125 9627.81853507
3.25 23.125 14441.7278026
3.75 23.125 2406.95463377
4.25 23.125 0.0
4.75 23.125 0.0
5.25 23.125 0.0
5.75 23.125 0.0
6.25 23.125 0.0
6.75 23.125 0.0
7.25 23.125 0.0
7.75 23.125 0.0
8.25 23.125 0.0
8.75 23.125 0.0
0.25 23.375 26476.5009714
0.75 23.375 31290.410239
1.25 23.375 40918.228774
1.75 23.375 36104.3195065
2.25 23.375 12034.7731688
2.75 23.375 9627.81853507
3.25 23.375 19255.6370701
3.75 23.375 4813.90926753
4.25 23.375 7220.8639013
4.75 23.375 0.0
5.25 23.375 0.0
5.75 23.375 0.0
6.25 23.375 0.0
6.75 23.375 0.0
7.25 23.375 0.0
7.75 23.375 0.0
8.25 23.375 0.0
8.75 23.375 0.0
0.25 23.625 19255.6370701
0.75 23.625 21662.5917039
1.25 23.625 28883.4556052
1.75 23.625 12034.7731688
2.25 23.625 31290.410239
2.75 23.625 12034.7731688
3.25 23.625 7220.8639013
3.75 23.625 7220.8639013
4.25 23.625 2406.95463377
4.75 23.625 0.0
5.25 23.625 0.0
5.75 23.625 0.0
6.25 23.625 0.0
6.75 23.625 0.0
7.25 23.625 0.0
7.75 23.625 0.0
8.25 23.625 0.0
8.75 23.625 0.0
0.25 23.875 24069.5463377
0.75 23.875 33697.3648727
1.25 23.875 40918.228774
1.75 23.875 9627.81853507
2.25 23.875 16848.6824364
2.75 23.875 26476.5009714
3.25 23.875 4813.90926753
3.75 23.875 14441.7278026
4.25 23.875 0.0
4.75 23.875 0.0
5.25 23.875 0.0
5.75 23.875 0.0
6.25 23.875 0.0
6.75 23.875 0.0
7.25 23.875 0.0
7.75 23.875 0.0
8.25 23.875 0.0
8.75 23.875 0.0
0.25 24.125 26476.5009714
0.75 24.125 26476.5009714
1.25 24.125 36104.3195065
1.75 24.125 16848.6824364
2.25 24.125 7220.8639013
2.75 24.125 12034.7731688
3.25 24.125 4813.90926753
3.75 24.125 4813.90926753
4.25 24.125 7220.8639013
4.75 24.125 0.0
5.25 24.125 0.0
5.75 24.125 0.0
6.25 24.125 0.0
6.75 24.125 0.0
7.25 24.125 0.0
7.75 24.125 0.0
8.25 24.125 0.0
8.75 24.125 0.0
0.25 24.375 26476.5009714
0.75 24.375 9627.81853507
1.25 24.375 26476.5009714
1.75 24.375 16848.6824364
2.25 24.375 24069.5463377
2.75 24.375 12034.7731688
3.25 24.375 9627.81853507
3.75 24.375 4813.90926753
4.25 24.375 2406.95463377
4.75 24.375 0.0
5.25 24.375 0.0
5.75 24.375 0.0
6.25 24.375 0.0
6.75 24.375 0.0
7.25 24.375 0.0
7.75 24.375 0.0
8.25 24.375 0.0
8.75 24.375 0.0
0.25 24.625 28883.4556052
0.75 24.625 33697.3648727
1.25 24.625 40918.228774
1.75 24.625 12034.7731688
2.25 24.625 19255.6370701
2.75 24.625 21662.5917039
3.25 24.625 7220.8639013
3.75 24.625 12034.7731688
4.25 24.625 0.0
4.75 24.625 0.0
5.25 24.625 0.0
5.75 24.625 0.0
6.25 24.625 0.0
6.75 24.625 0.0
7.25 24.625 0.0
7.75 24.625 0.0
8.25 24.625 0.0
8.75 24.625 0.0
0.25 24.875 14441.7278026
0.75 24.875 28883.4556052
1.25 24.875 24069.5463377
1.75 24.875 12034.7731688
2.25 24.875 14441.7278026
2.75 24.875 21662.5917039
3.25 24.875 7220.8639013
3.75 24.875 9627.81853507
4.25 24.875 7220.8639013
4.75 24.875 0.0
5.25 24.875 0.0
5.75 24.875 0.0
6.25 24.875 0.0
6.75 24.875 0.0
7.25 24.875 0.0
7.75 24.875 0.0
8.25 24.875 0.0
8.75 24.875 0.0
0.25 25.125 24069.5463377
0.75 25.125 7220.8639013
1.25 25.125 26476.5009714
1.75 25.125 12034.7731688
2.25 25.125 4813.90926753
2.75 25.125 9627.81853507
3.25 25.125 2406.95463377
3.75 25.125 12034.7731688
4.25 25.125 4813.90926753
4.75 25.125 0.0
5.25 25.125 0.0
5.75 25.125 0.0
6.25 25.125 0.0
6.75 25.125 0.0
7.25 25.125 0.0
7.75 25.125 0.0
8.25 25.125 0.0
8.75 25.125 0.0
0.25 25.375 14441.7278026
0.75 25.375 21662.5917039
1.25 25.375 36104.3195065
1.75 25.375 14441.7278026
2.25 25.375 14441.7278026
2.75 25.375 7220.8639013
3.25 25.375 12034.7731688
3.75 25.375 4813.90926753
4.25 25.375 4813.90926753
4.75 25.375 0.0
5.25 25.375 0.0
5.75 25.375 0.0
6.25 25.375 0.0
6.75 25.375 0.0
7.25 25.375 0.0
7.75 25.375 0.0
8.25 25.375 0.0
8.75 25.375 0.0
0.25 25.625 21662.5917039
0.75 25.625 21662.5917039
1.25 25.625 14441.7278026
1.75 25.625 12034.7731688
2.25 25.625 16848.6824364
2.75 25.625 16848.6824364
3.25 25.625 14441.7278026
3.75 25.625 2406.95463377
4.25 25.625 4813.90926753
4.75 25.625 0.0
5.25 25.625 0.0
5.75 25.625 0.0
6.25 25.625 0.0
6.75 25.625 0.0
7.25 25.625 0.0
7.75 25.625 0.0
8.25 25.625 0.0
8.75 25.625 0.0
0.25 25.875 21662.5917039
0.75 25.875 16848.6824364
1.25 25.875 24069.5463377
1.75 25.875 28883.4556052
2.25 25.875 12034.7731688
2.75 25.875 16848.6824364
3.25 25.875 7220.8639013
3.75 25.875 0.0
4.25 25.875 0.0
4.75 25.875 0.0
5.25 25.875 0.0
5.75 25.875 0.0
6.25 25.875 0.0
6.75 25.875 0.0
7.25 25.875 0.0
7.75 25.875 0.0
8.25 25.875 0.0
8.75 25.875 0.0
0.25 26.125 14441.7278026
0.75 26.125 7220.8639013
1.25 26.125 12034.7731688
1.75 26.125 9627.81853507
2.25 26.125 16848.6824364
2.75 26.125 0.0
3.25 26.125 12034.7731688
3.75 26.125 9627.81853507
4.25 26.125 0.0
4.75 26.125 0.0
5.25 26.125 0.0
5.75 26.125 0.0
6.25 26.125 0.0
6.75 26.125 0.0
7.25 26.125 0.0
7.75 26.125 0.0
8.25 26.125 0.0
8.75 26.125 0.0
0.25 26.375 21662.5917039
0.75 26.375 4813.90926753
1.25 26.375 24069.5463377
1.75 26.375 7220.8639013
2.25 26.375 7220.8639013
2.75 26.375 12034.7731688
3.25 26.375 4813.90926753
3.75 26.375 2406.95463377
4.25 26.375 2406.95463377
4.75 26.375 0.0
5.25 26.375 0.0
5.75 26.375 0.0
6.25 26.375 0.0
6.75 26.375 0.0
7.25 26.375 0.0
7.75 26.375 0.0
8.25 26.375 0.0
8.75 26.375 0.0
0.25 26.625 9627.81853507
0.75 26.625 19255.6370701
1.25 26.625 21662.5917039
1.75 26.625 26476.5009714
2.25 26.625 19255.6370701
2.75 26.625 12034.7731688
3.25 26.625 14441.7278026
3.75 26.625 7220.8639013
4.25 26.625 2406.95463377
4.75 26.625 0.0
5.25 26.625 0.0
5.75 26.625 0.0
6.25 26.625 0.0
6.75 26.625 0.0
7.25 26.625 0.0
7.75 26.625 0.0
8.25 26.625 0.0
8.75 26.625 0.0
0.25 26.875 16848.6824364
0.75 26.875 12034.7731688
1.25 26.875 21662.5917039
1.75 26.875 9627.81853507
2.25 26.875 7220.8639013
2.75 26.875 4813.90926753
3.25 26.875 7220.8639013
3.75 26.875 4813.90926753
4.25 26.875 2406.95463377
4.75 26.875 2406.95463377
5.25 26.875 0.0
5.75 26.875 0.0
6.25 26.875 0.0
6.75 26.875 0.0
7.25 26.875 0.0
7.75 26.875 0.0
8.25 26.875 0.0
8.75 26.875 0.0
0.25 27.125 14441.7278026
0.75 27.125 14441.7278026
1.25 27.125 14441.7278026
1.75 27.125 4813.90926753
2.25 27.125 12034.7731688
2.75 27.125 4813.90926753
3.25 27.125 4813.90926753
3.75 27.125 2406.95463377
4.25 27.125 4813.90926753
4.75 27.125 0.0
5.25 27.125 0.0
5.75 27.125 0.0
6.25 27.125 0.0
6.75 27.125 0.0
7.25 27.125 0.0
7.75 27.125 0.0
8.25 27.125 0.0
8.75 27.125 0.0
0.25 27.375 12034.7731688
0.75 27.375 21662.5917039
1.25 27.375 36104.3195065
1.75 27.375 4813.90926753
2.25 27.375 4813.90926753
2.75 27.375 4813.90926753
3.25 27.375 7220.8639013
3.75 27.375 0.0
4.25 27.375 0.0
4.75 27.375 0.0
5.25 27.375 0.0
5.75 27.375 0.0
6.25 27.375 0.0
6.75 27.375 0.0
7.25 27.375 0.0
7.75 27.375 0.0
8.25 27.375 0.0
8.75 27.375 0.0
0.25 27.625 9627.81853507
0.75 27.625 9627.81853507
1.25 27.625 26476.5009714
1.75 27.625 2406.95463377
2.25 27.625 9627.81853507
2.75 27.625 12034.7731688
3.25 27.625 7220.8639013
3.75 27.625 2406.95463377
4.25 27.625 4813.90926753
4.75 27.625 0.0
5.25 27.625 0.0
5.75 27.625 0.0
6.25 27.625 0.0
6.75 27.625 0.0
7.25 27.625 0.0
7.75 27.625 0.0
8.25 27.625 0.0
8.75 27.625 0.0
0.25 27.875 7220.8639013
0.75 27.875 19255.6370701
1.25 27.875 16848.6824364
1.75 27.875 12034.7731688
2.25 27.875 14441.7278026
2.75 27.875 9627.81853507
3.25 27.875 0.0
3.75 27.875 4813.90926753
4.25 27.875 2406.95463377
4.75 27.875 0.0
5.25 27.875 0.0
5.75 27.875 0.0
6.25 27.875 0.0
6.75 27.875 0.0
7.25 27.875 0.0
7.75 27.875 0.0
8.25 27.875 0.0
8.75 27.875 0.0
0.25 28.125 9627.81853507
0.75 28.125 4813.90926753
1.25 28.125 14441.7278026
1.75 28.125 14441.7278026
2.25 28.125 9627.81853507
2.75 28.125 0.0
3.25 28.125 0.0
3.75 28.125 2406.95463377
4.25 28.125 0.0
4.75 28.125 0.0
5.25 28.125 0.0
5.75 28.125 0.0
6.25 28.125 0.0
6.75 28.125 0.0
7.25 28.125 0.0
7.75 28.125 0.0
8.25 28.125 0.0
8.75 28.125 0.0
0.25 28.375 7220.8639013
0.75 28.375 9627.81853507
1.25 28.375 19255.6370701
1.75 28.375 4813.90926753
2.25 28.375 9627.81853507
2.75 28.375 4813.90926753
3.25 28.375 0.0
3.75 28.375 2406.95463377
4.25 28.375 0.0
4.75 28.375 0.0
5.25 28.375 0.0
5.75 28.375 0.0
6.25 28.375 0.0
6.75 28.375 0.0
7.25 28.375 0.0
7.75 28.375 0.0
8.25 28.375 0.0
8.75 28.375 0.0
0.25 28.625 19255.6370701
0.75 28.625 9627.81853507
1.25 28.625 19255.6370701
1.75 28.625 0.0
2.25 28.625 14441.7278026
2.75 28.625 12034.7731688
3.25 28.625 7220.8639013
3.75 28.625 0.0
4.25 28.625 9627.81853507
4.75 28.625 0.0
5.25 28.625 0.0
5.75 28.625 0.0
6.25 28.625 0.0
6.75 28.625 0.0
7.25 28.625 0.0
7.75 28.625 0.0
8.25 28.625 0.0
8.75 28.625 0.0
0.25 28.875 9627.81853507
0.75 28.875 7220.8639013
1.25 28.875 12034.7731688
1.75 28.875 9627.81853507
2.25 28.875 2406.95463377
2.75 28.875 14441.7278026
3.25 28.875 0.0
3.75 28.875 0.0
4.25 28.875 0.0
4.75 28.875 0.0
5.25 28.875 0.0
5.75 28.875 0.0
6.25 28.875 0.0
6.75 28.875 0.0
7.25 28.875 0.0
7.75 28.875 0.0
8.25 28.875 0.0
8.75 28.875 0.0
0.25 29.125 9627.81853507
0.75 29.125 21662.5917039
1.25 29.125 16848.6824364
1.75 29.125 7220.8639013
2.25 29.125 14441.7278026
2.75 29.125 9627.81853507
3.25 29.125 2406.95463377
3.75 29.125 2406.95463377
4.25 29.125 4813.90926753
4.75 29.125 0.0
5.25 29.125 0.0
5.75 29.125 0.0
6.25 29.125 0.0
6.75 29.125 0.0
7.25 29.125 0.0
7.75 29.125 0.0
8.25 29.125 0.0
8.75 29.125 0.0
0.25 29.375 4813.90926753
0.75 29.375 21662.5917039
1.25 29.375 7220.8639013
1.75 29.375 12034.7731688
2.25 29.375 2406.95463377
2.75 29.375 2406.95463377
3.25 29.375 2406.95463377
3.75 29.375 0.0
4.25 29.375 4813.90926753
4.75 29.375 0.0
5.25 29.375 0.0
5.75 29.375 0.0
6.25 29.375 0.0
6.75 29.375 0.0
7.25 29.375 0.0
7.75 29.375 0.0
8.25 29.375 0.0
8.75 29.375 0.0
0.25 29.625 4813.90926753
0.75 29.625 9627.81853507
1.25 29.625 12034.7731688
1.75 29.625 16848.6824364
2.25 29.625 7220.8639013
2.75 29.625 4813.90926753
3.25 29.625 0.0
3.75 29.625 2406.95463377
4.25 29.625 0.0
4.75 29.625 0.0
5.25 29.625 0.0
5.75 29.625 0.0
6.25 29.625 0.0
6.75 29.625 0.0
7.25 29.625 0.0
7.75 29.625 0.0
8.25 29.625 0.0
8.75 29.625 0.0
0.25 29.875 12034.7731688
0.75 29.875 9627.81853507
1.25 29.875 21662.5917039
1.75 29.875 7220.8639013
2.25 29.875 4813.90926753
2.75 29.875 4813.90926753
3.25 29.875 2406.95463377
3.75 29.875 2406.95463377
4.25 29.875 0.0
4.75 29.875 0.0
5.25 29.875 0.0
5.75 29.875 0.0
6.25 29.875 0.0
6.75 29.875 0.0
7.25 29.875 0.0
7.75 29.875 0.0
8.25 29.875 0.0
8.75 29.875 0.0
