11.294627058970837 17.61473971559892
14.219093021276404 0.02918333005984053
17.900777537149963 473.14325809163745
22.535743732392298 7096.114053146444
28.370820458389794 9192.937838197038
35.71674682851676 8445.822438091334
44.96472020903849 9375.215608358048
56.60722890537329 20941.21041797634
71.26427896022373 29894.72368710782
89.71641173621407 41275.96625521945
112.94627058970838 53643.75267043366
142.1909302127641 103928.11191869705
179.00777537149963 103678.45736767555
225.35743732392305 110429.87380096986
283.7082045838981 170922.02009346202
357.1674682851676 164125.51998154225
449.6472020903849 157794.25631613075
566.0722890537327 151848.88905590714
712.6427896022376 119213.16737691918
897.164117362141 92430.285583338
1129.4627058970837 53767.2264204612
1421.9093021276408 29341.35552317137
1790.0777537149975 12184.098832852906
2253.5743732392316 4596.632485928712
2837.082045838981 1320.4074690223206
3571.674682851676 277.6591185894795
4496.47202090385 47.03551732678898
5660.72289053733 5.066814238904044
7126.427896022379 0.30048410943709314
8971.64117362141 0.0
