11.294627058970837 1163.4932550909414
14.219093021276404 2788.753284520906
17.900777537149963 1180.6789669950463
22.535743732392298 1683.5649046616281
28.370820458389794 2177.3479187310804
35.71674682851676 3021.2305620981497
44.96472020903849 14288.485828351037
56.60722890537329 25778.70246761133
71.26427896022373 37449.23073130367
89.71641173621407 37307.96136457748
112.94627058970838 55801.38403680464
142.1909302127641 95179.55527148314
179.00777537149963 122682.63267470378
225.35743732392305 128538.82259957993
283.7082045838981 167165.84760985815
357.1674682851676 142665.75505139225
449.6472020903849 176969.90433970268
566.0722890537327 147776.13069015136
712.6427896022376 134379.50279707904
897.164117362141 99872.60987312137
1129.4627058970837 58364.090726019116
1421.9093021276408 31544.047521093627
1790.0777537149975 13860.672044159379
2253.5743732392316 5185.511862627463
2837.082045838981 1258.7625978935976
3571.674682851676 234.55780000751838
4496.47202090385 36.75278722331859
5660.72289053733 3.786889336304739
7126.427896022379 0.044448899338021874
8971.64117362141 0.000725830439478159
