0.25 0.125 145194724.373
0.75 0.125 7536174.95832
1.25 0.125 7021086.6667
1.75 0.125 7300293.40422
2.25 0.125 7767242.60317
2.75 0.125 8303993.4865
3.25 0.125 8840744.36983
3.75 0.125 8985161.64785
4.25 0.125 9064591.15077
4.75 0.125 8421934.26355
5.25 0.125 7117364.85205
5.75 0.125 5393985.33427
6.25 0.125 3466014.67262
6.75 0.125 1713751.69924
7.25 0.125 702830.75306
7.75 0.125 170893.778997
8.25 0.125 16848.6824364
8.75 0.125 0.0
0.25 0.375 11745938.6128
0.75 0.375 13180483.5745
1.25 0.375 13156414.0282
1.75 0.375 13688351.0022
2.25 0.375 15098826.4176
2.75 0.375 16249350.7326
3.25 0.375 18208611.8044
3.75 0.375 19164172.7941
4.25 0.375 18868117.3741
4.75 0.375 17734441.7416
5.25 0.375 15426172.2478
5.75 0.375 11591893.5162
6.25 0.375 7868334.69778
6.75 0.375 4168845.42568
7.25 0.375 1615066.55926
7.75 0.375 274392.828249
8.25 0.375 19255.6370701
8.75 0.375 0.0
0.25 0.625 10696506.3925
0.75 0.625 13413958.174
1.25 0.625 14362298.2997
1.75 0.625 15775180.6697
2.25 0.625 16940146.7125
2.75 0.625 18307296.9444
3.25 0.625 19544471.6262
3.75 0.625 20054746.0085
4.25 0.625 20194349.3773
4.75 0.625 19272485.7526
5.25 0.625 16261385.5057
5.75 0.625 12766487.3775
6.25 0.625 8585607.17865
6.75 0.625 4448052.1632
7.25 0.625 1639136.1056
7.75 0.625 382705.786769
8.25 0.625 9627.81853507
8.75 0.625 0.0
0.25 0.875 9627818.53507
0.75 0.875 12232143.4488
1.25 0.875 13909790.8285
1.75 0.875 15019396.9147
2.25 0.875 16104933.4545
2.75 0.875 17046052.7163
3.25 0.875 17871638.1557
3.75 0.875 18716479.2322
4.25 0.875 18480597.6781
4.75 0.875 16805357.253
5.25 0.875 14692051.0845
5.75 0.875 11408964.9641
6.25 0.875 7502477.59345
6.75 0.875 3957033.41791
7.25 0.875 1554892.69341
7.75 0.875 286427.601418
8.25 0.875 14441.7278026
8.75 0.875 0.0
0.25 1.125 8732431.41131
0.75 1.125 10766308.0768
1.25 1.125 12482466.7307
1.75 1.125 13459690.312
2.25 1.125 14121602.8363
2.75 1.125 14600586.8084
3.25 1.125 15686123.3483
3.75 1.125 15397288.7922
4.25 1.125 15019396.9147
4.75 1.125 13941081.2388
5.25 1.125 11560603.106
5.75 1.125 8655408.86303
6.25 1.125 5964433.58248
6.75 1.125 3165145.3434
7.25 1.125 1015734.85545
7.75 1.125 182928.552166
8.25 1.125 0.0
8.75 1.125 0.0
0.25 1.375 7687813.10025
0.75 1.375 9269182.29464
1.25 1.375 10653181.2091
1.75 1.375 11601521.3348
2.25 1.375 12198446.0839
2.75 1.375 12552268.4151
3.25 1.375 12646139.6458
3.75 1.375 12614849.2356
4.25 1.375 12208073.9025
4.75 1.375 10812040.2149
5.25 1.375 8816674.82349
5.75 1.375 6486742.738
6.25 1.375 4272344.47494
6.75 1.375 2139782.66942
7.25 1.375 698016.843792
7.75 1.375 117940.777055
8.25 1.375 0.0
8.75 1.375 0.0
0.25 1.625 7057190.98621
0.75 1.625 8328063.03283
1.25 1.625 9261961.43074
1.75 1.625 9887769.63552
2.25 1.625 10484694.3847
2.75 1.625 10438962.2466
3.25 1.625 10075512.0969
3.75 1.625 9957571.31989
4.25 1.625 9305286.61414
4.75 1.625 8195680.52798
5.25 1.625 6648008.69846
5.75 1.625 4955919.59093
6.25 1.625 2970182.01807
6.75 1.625 1396033.68758
7.25 1.625 433251.834078
7.75 1.625 48139.0926753
8.25 1.625 0.0
8.75 1.625 0.0
0.25 1.875 5998130.94735
0.75 1.875 7358060.31543
1.25 1.875 8265482.21236
1.75 1.875 8527840.26744
2.25 1.875 8831116.55129
2.75 1.875 8616897.58889
3.25 1.875 8510991.585
3.75 1.875 7904439.01729
4.25 1.875 7244933.44764
4.75 1.875 6221977.72829
5.25 1.875 4943884.81776
5.75 1.875 3333632.16777
6.25 1.875 1990551.48213
6.75 1.875 994072.263746
7.25 1.875 247916.327278
7.75 1.875 12034.7731688
8.25 1.875 0.0
8.75 1.875 0.0
0.25 2.125 5290486.28502
0.75 2.125 5885004.07956
1.25 2.125 6623939.15213
1.75 2.125 7189573.49106
2.25 2.125 7122178.76132
2.75 2.125 7151062.21692
3.25 2.125 6672078.2448
3.75 2.125 6277337.68486
4.25 2.125 5788725.89421
4.75 2.125 4618945.9422
5.25 2.125 3790953.54818
5.75 2.125 2517674.54692
6.25 2.125 1485091.00903
6.75 2.125 599331.703808
7.25 2.125 158859.005829
7.75 2.125 19255.6370701
8.25 2.125 0.0
8.75 2.125 0.0
0.25 2.375 4411947.8437
0.75 2.375 5107557.73285
1.25 2.375 5629866.88838
1.75 2.375 5875376.26103
2.25 2.375 5694854.66349
2.75 2.375 5555251.29473
3.25 2.375 5548030.43083
3.75 2.375 4881303.99728
4.25 2.375 4537109.48465
4.75 2.375 3759663.13794
5.25 2.375 2585069.27667
5.75 2.375 1838913.3402
6.25 2.375 1001293.12765
6.75 2.375 423624.015543
7.25 2.375 93871.2307169
7.75 2.375 2406.95463377
8.25 2.375 0.0
8.75 2.375 0.0
0.25 2.625 4144775.87935
0.75 2.625 4546737.30319
1.25 2.625 4770584.08413
1.75 2.625 5097929.91432
2.25 2.625 4760956.26559
2.75 2.625 4695968.49048
3.25 2.625 4409540.88906
3.75 2.625 4058125.51253
4.25 2.625 3540630.26627
4.75 2.625 2719858.73616
5.25 2.625 1899087.20604
5.75 2.625 1355115.45881
6.25 2.625 722086.39013
6.75 2.625 320124.966291
7.25 2.625 55359.9565766
7.75 2.625 4813.90926753
8.25 2.625 0.0
8.75 2.625 0.0
0.25 2.875 3345666.94094
0.75 2.875 3752442.27404
1.25 2.875 4173659.33495
1.75 2.875 4231426.24616
2.25 2.875 4062939.4218
2.75 2.875 3800581.36672
3.25 2.875 3591176.31358
3.75 2.875 3143482.7517
4.25 2.875 2705417.00835
4.75 2.875 2216805.2177
5.25 2.875 1453800.5988
5.75 2.875 880945.395959
6.25 2.875 498239.60919
6.75 2.875 178114.642899
7.25 2.875 36104.3195065
7.75 2.875 2406.95463377
8.25 2.875 0.0
8.75 2.875 0.0
0.25 3.125 2864276.01418
0.75 3.125 3213284.43608
1.25 3.125 3466014.67262
1.75 3.125 3576734.58578
2.25 3.125 3502118.99213
2.75 3.125 3181994.02584
3.25 3.125 2835392.55858
3.75 3.125 2447872.86254
4.25 3.125 2026655.80163
4.75 3.125 1725786.47241
5.25 3.125 1186628.63445
5.75 3.125 678761.206722
6.25 3.125 368264.058966
6.75 3.125 142010.323392
7.25 3.125 36104.3195065
7.75 3.125 4813.90926753
8.25 3.125 0.0
8.75 3.125 0.0
0.25 3.375 2536930.18399
0.75 3.375 2767997.82883
1.25 3.375 2878717.74199
1.75 3.375 2900380.33369
2.25 3.375 2878717.74199
2.75 3.375 2792067.37517
3.25 3.375 2334745.99475
3.75 3.375 2072387.93967
4.25 3.375 1831692.4763
4.75 3.375 1309383.32077
5.25 3.375 996479.21838
5.75 3.375 556006.5204
6.25 3.375 262358.055081
6.75 3.375 72208.639013
7.25 3.375 12034.7731688
7.75 3.375 0.0
8.25 3.375 0.0
8.75 3.375 0.0
0.25 3.625 2313083.40305
0.75 3.625 2216805.2177
1.25 3.625 2438245.04401
1.75 3.625 2426210.27084
2.25 3.625 2358815.54109
2.75 3.625 2351594.67719
3.25 3.625 2033876.66553
3.75 3.625 1766704.70119
4.25 3.625 1314197.23004
4.75 3.625 1042211.35642
5.25 3.625 726900.299398
5.75 3.625 373077.968234
6.25 3.625 175707.688265
6.75 3.625 79429.5029143
7.25 3.625 9627.81853507
7.75 3.625 0.0
8.25 3.625 0.0
8.75 3.625 0.0
0.25 3.875 1850948.11337
0.75 3.875 1956854.11725
1.25 3.875 1978516.70896
1.75 3.875 1983330.61822
2.25 3.875 1949633.25335
2.75 3.875 1797995.11142
3.25 3.875 1643950.01486
3.75 3.875 1408068.46075
4.25 3.875 1061466.99349
4.75 3.875 864096.713522
5.25 3.875 601738.658442
5.75 3.875 336973.648727
6.25 3.875 187742.461434
6.75 3.875 55359.9565766
7.25 3.875 0.0
7.75 3.875 0.0
8.25 3.875 0.0
8.75 3.875 0.0
0.25 4.125 1612659.60462
0.75 4.125 1781146.42899
1.25 4.125 1790774.24752
1.75 4.125 1708937.78997
2.25 4.125 1704123.88071
2.75 4.125 1554892.69341
3.25 4.125 1396033.68758
3.75 4.125 1078315.67593
4.25 4.125 936305.352535
4.75 4.125 683575.11599
5.25 4.125 380298.832135
5.75 4.125 204591.14387
6.25 4.125 101092.094618
6.75 4.125 16848.6824364
7.25 4.125 0.0
7.75 4.125 0.0
8.25 4.125 0.0
8.75 4.125 0.0
0.25 4.375 1410475.41539
0.75 4.375 1516381.41927
1.25 4.375 1417696.27929
1.75 4.375 1622287.42316
2.25 4.375 1374371.09588
2.75 4.375 1314197.23004
3.25 4.375 1254023.36419
3.75 4.375 962781.853507
4.25 4.375 661912.524286
4.75 4.375 529530.019429
5.25 4.375 380298.832135
5.75 4.375 166079.86973
6.25 4.375 69801.6843792
6.75 4.375 7220.8639013
7.25 4.375 0.0
7.75 4.375 0.0
8.25 4.375 0.0
8.75 4.375 0.0
0.25 4.625 1186628.63445
0.75 4.625 1280499.86516
1.25 4.625 1234767.72712
1.75 4.625 1417696.27929
2.25 4.625 1157745.17884
2.75 4.625 1104792.1769
3.25 4.625 977223.581309
3.75 4.625 823178.484748
4.25 4.625 654691.660385
4.75 4.625 498239.60919
5.25 4.625 286427.601418
5.75 4.625 132382.504857
6.25 4.625 45732.1380416
6.75 4.625 21662.5917039
7.25 4.625 2406.95463377
7.75 4.625 0.0
8.25 4.625 0.0
8.75 4.625 0.0
0.25 4.875 1071094.81203
0.75 4.875 1191442.54371
1.25 4.875 1217919.04469
1.75 4.875 1066280.90276
2.25 4.875 1018141.81008
2.75 4.875 909828.851564
3.25 4.875 866503.668156
3.75 4.875 654691.660385
4.25 4.875 478983.97212
4.75 4.875 370671.0136
5.25 4.875 228660.690208
5.75 4.875 93871.2307169
6.25 4.875 43325.1834078
6.75 4.875 9627.81853507
7.25 4.875 0.0
7.75 4.875 0.0
8.25 4.875 0.0
8.75 4.875 0.0
0.25 5.125 950747.080338
0.75 5.125 967595.762774
1.25 5.125 880945.395959
1.75 5.125 933898.397902
2.25 5.125 943526.216437
2.75 5.125 726900.299398
3.25 5.125 755783.755003
3.75 5.125 529530.019429
4.25 5.125 462135.289683
4.75 5.125 334566.694094
5.25 5.125 187742.461434
5.75 5.125 86650.3668156
6.25 5.125 36104.3195065
6.75 5.125 14441.7278026
7.25 5.125 0.0
7.75 5.125 0.0
8.25 5.125 0.0
8.75 5.125 0.0
0.25 5.375 917049.715465
0.75 5.375 859282.804255
1.25 5.375 849654.98572
1.75 5.375 765411.573538
2.25 5.375 789481.119876
2.75 5.375 678761.206722
3.25 5.375 570448.248203
3.75 5.375 536750.88333
4.25 5.375 370671.0136
4.75 5.375 255137.191179
5.25 5.375 149231.187294
5.75 5.375 64987.7751117
6.25 5.375 21662.5917039
6.75 5.375 2406.95463377
7.25 5.375 0.0
7.75 5.375 0.0
8.25 5.375 0.0
8.75 5.375 0.0
0.25 5.625 705237.707694
0.75 5.625 652284.705751
1.25 5.625 803922.847678
1.75 5.625 818364.575481
2.25 5.625 690795.979891
2.75 5.625 548785.656499
3.25 5.625 481390.926753
3.75 5.625 401961.423839
4.25 5.625 334566.694094
4.75 5.625 197370.279969
5.25 5.625 161265.960462
5.75 5.625 62580.8204779
6.25 5.625 14441.7278026
6.75 5.625 7220.8639013
7.25 5.625 0.0
7.75 5.625 0.0
8.25 5.625 0.0
8.75 5.625 0.0
0.25 5.875 683575.11599
0.75 5.875 726900.299398
1.25 5.875 688389.025257
1.75 5.875 577669.112104
2.25 5.875 584889.976005
2.75 5.875 529530.019429
3.25 5.875 435658.788712
3.75 5.875 363450.149699
4.25 5.875 247916.327278
4.75 5.875 170893.778997
5.25 5.875 108312.95852
5.75 5.875 45732.1380416
6.25 5.875 16848.6824364
6.75 5.875 2406.95463377
7.25 5.875 0.0
7.75 5.875 0.0
8.25 5.875 0.0
8.75 5.875 0.0
0.25 6.125 534343.928696
0.75 6.125 577669.112104
1.25 6.125 565634.338935
1.75 6.125 551192.611133
2.25 6.125 577669.112104
2.75 6.125 498239.60919
3.25 6.125 394740.559938
3.75 6.125 365857.104333
4.25 6.125 240695.463377
4.75 6.125 117940.777055
5.25 6.125 67394.7297455
5.75 6.125 55359.9565766
6.25 6.125 12034.7731688
6.75 6.125 0.0
7.25 6.125 0.0
7.75 6.125 0.0
8.25 6.125 0.0
8.75 6.125 0.0
0.25 6.375 515088.291626
0.75 6.375 454914.425782
1.25 6.375 503053.518457
1.75 6.375 500646.563824
2.25 6.375 471763.108218
2.75 6.375 447693.561881
3.25 6.375 327345.830192
3.75 6.375 243102.41801
4.25 6.375 194963.325335
4.75 6.375 108312.95852
5.25 6.375 60173.8658442
5.75 6.375 28883.4556052
6.25 6.375 2406.95463377
6.75 6.375 2406.95463377
7.25 6.375 0.0
7.75 6.375 0.0
8.25 6.375 0.0
8.75 6.375 0.0
0.25 6.625 459728.33505
0.75 6.625 483797.881387
1.25 6.625 452507.471148
1.75 6.625 421217.060909
2.25 6.625 377891.877501
2.75 6.625 368264.058966
3.25 6.625 332159.73946
3.75 6.625 211812.007772
4.25 6.625 149231.187294
4.75 6.625 127568.59559
5.25 6.625 48139.0926753
5.75 6.625 24069.5463377
6.25 6.625 9627.81853507
6.75 6.625 0.0
7.25 6.625 0.0
7.75 6.625 0.0
8.25 6.625 0.0
8.75 6.625 0.0
0.25 6.875 416403.151642
0.75 6.875 341787.557995
1.25 6.875 382705.786769
1.75 6.875 373077.968234
2.25 6.875 324938.875559
2.75 6.875 303276.283855
3.25 6.875 267171.964348
3.75 6.875 175707.688265
4.25 6.875 151638.141927
4.75 6.875 108312.95852
5.25 6.875 33697.3648727
5.75 6.875 33697.3648727
6.25 6.875 7220.8639013
6.75 6.875 0.0
7.25 6.875 0.0
7.75 6.875 0.0
8.25 6.875 0.0
8.75 6.875 0.0
0.25 7.125 368264.058966
0.75 7.125 334566.694094
1.25 7.125 332159.73946
1.75 7.125 298462.374587
2.25 7.125 346601.467262
2.75 7.125 305683.238488
3.25 7.125 221439.826307
3.75 7.125 163672.915096
4.25 7.125 122754.686322
4.75 7.125 115533.822421
5.25 7.125 43325.1834078
5.75 7.125 9627.81853507
6.25 7.125 4813.90926753
6.75 7.125 0.0
7.25 7.125 0.0
7.75 7.125 0.0
8.25 7.125 0.0
8.75 7.125 0.0
0.25 7.375 315311.057023
0.75 7.375 332159.73946
1.25 7.375 243102.41801
1.75 7.375 243102.41801
2.25 7.375 288834.556052
2.75 7.375 240695.463377
3.25 7.375 214218.962405
3.75 7.375 139603.368758
4.25 7.375 93871.2307169
4.75 7.375 84243.4121819
5.25 7.375 28883.4556052
5.75 7.375 12034.7731688
6.25 7.375 9627.81853507
6.75 7.375 0.0
7.25 7.375 0.0
7.75 7.375 0.0
8.25 7.375 0.0
8.75 7.375 0.0
0.25 7.625 276799.782883
0.75 7.625 252730.236546
1.25 7.625 269578.918982
1.75 7.625 255137.191179
2.25 7.625 247916.327278
2.75 7.625 202184.189236
3.25 7.625 173300.733631
3.75 7.625 161265.960462
4.25 7.625 93871.2307169
4.75 7.625 43325.1834078
5.25 7.625 45732.1380416
5.75 7.625 4813.90926753
6.25 7.625 2406.95463377
6.75 7.625 0.0
7.25 7.625 0.0
7.75 7.625 0.0
8.25 7.625 0.0
8.75 7.625 0.0
0.25 7.875 233474.599475
0.75 7.875 286427.601418
1.25 7.875 286427.601418
1.75 7.875 228660.690208
2.25 7.875 226253.735574
2.75 7.875 192556.370701
3.25 7.875 194963.325335
3.75 7.875 142010.323392
4.25 7.875 81836.4575481
4.75 7.875 57766.9112104
5.25 7.875 28883.4556052
5.75 7.875 9627.81853507
6.25 7.875 2406.95463377
6.75 7.875 4813.90926753
7.25 7.875 0.0
7.75 7.875 0.0
8.25 7.875 0.0
8.75 7.875 0.0
0.25 8.125 226253.735574
0.75 8.125 255137.191179
1.25 8.125 216625.917039
1.75 8.125 243102.41801
2.25 8.125 180521.597533
2.75 8.125 168486.824364
3.25 8.125 151638.141927
3.75 8.125 115533.822421
4.25 8.125 67394.7297455
4.75 8.125 45732.1380416
5.25 8.125 12034.7731688
5.75 8.125 12034.7731688
6.25 8.125 0.0
6.75 8.125 0.0
7.25 8.125 0.0
7.75 8.125 0.0
8.25 8.125 0.0
8.75 8.125 0.0
0.25 8.375 216625.917039
0.75 8.375 206998.098504
1.25 8.375 211812.007772
1.75 8.375 185335.5068
2.25 8.375 168486.824364
2.75 8.375 175707.688265
3.25 8.375 139603.368758
3.75 8.375 86650.3668156
4.25 8.375 52953.0019429
4.75 8.375 28883.4556052
5.25 8.375 21662.5917039
5.75 8.375 7220.8639013
6.25 8.375 0.0
6.75 8.375 0.0
7.25 8.375 0.0
7.75 8.375 0.0
8.25 8.375 0.0
8.75 8.375 0.0
0.25 8.625 194963.325335
0.75 8.625 173300.733631
1.25 8.625 182928.552166
1.75 8.625 149231.187294
2.25 8.625 170893.778997
2.75 8.625 161265.960462
3.25 8.625 105906.003886
3.75 8.625 103499.049252
4.25 8.625 38511.2741403
4.75 8.625 33697.3648727
5.25 8.625 9627.81853507
5.75 8.625 4813.90926753
6.25 8.625 2406.95463377
6.75 8.625 0.0
7.25 8.625 0.0
7.75 8.625 0.0
8.25 8.625 0.0
8.75 8.625 0.0
0.25 8.875 149231.187294
0.75 8.875 199777.234603
1.25 8.875 161265.960462
1.75 8.875 120347.731688
2.25 8.875 132382.504857
2.75 8.875 132382.504857
3.25 8.875 79429.5029143
3.75 8.875 62580.8204779
4.25 8.875 43325.1834078
4.75 8.875 12034.7731688
5.25 8.875 21662.5917039
5.75 8.875 4813.90926753
6.25 8.875 0.0
6.75 8.875 0.0
7.25 8.875 0.0
7.75 8.875 0.0
8.25 8.875 0.0
8.75 8.875 0.0
0.25 9.125 182928.552166
0.75 9.125 151638.141927
1.25 9.125 166079.86973
1.75 9.125 170893.778997
2.25 9.125 101092.094618
2.75 9.125 113126.867787
3.25 9.125 81836.4575481
3.75 9.125 74615.5936468
4.25 9.125 31290.410239
4.75 9.125 14441.7278026
5.25 9.125 4813.90926753
5.75 9.125 2406.95463377
6.25 9.125 0.0
6.75 9.125 0.0
7.25 9.125 0.0
7.75 9.125 0.0
8.25 9.125 0.0
8.75 9.125 0.0
0.25 9.375 144417.278026
0.75 9.375 154045.096561
1.25 9.375 156452.051195
1.75 9.375 161265.960462
2.25 9.375 113126.867787
2.75 9.375 113126.867787
3.25 9.375 77022.5482805
3.75 9.375 45732.1380416
4.25 9.375 33697.3648727
4.75 9.375 26476.5009714
5.25 9.375 16848.6824364
5.75 9.375 9627.81853507
6.25 9.375 0.0
6.75 9.375 0.0
7.25 9.375 0.0
7.75 9.375 0.0
8.25 9.375 0.0
8.75 9.375 0.0
0.25 9.625 132382.504857
0.75 9.625 139603.368758
1.25 9.625 115533.822421
1.75 9.625 115533.822421
2.25 9.625 96278.1853507
2.75 9.625 64987.7751117
3.25 9.625 52953.0019429
3.75 9.625 48139.0926753
4.25 9.625 26476.5009714
4.75 9.625 21662.5917039
5.25 9.625 7220.8639013
5.75 9.625 0.0
6.25 9.625 0.0
6.75 9.625 0.0
7.25 9.625 0.0
7.75 9.625 0.0
8.25 9.625 0.0
8.75 9.625 0.0
0.25 9.875 120347.731688
0.75 9.875 98685.1399845
1.25 9.875 108312.95852
1.75 9.875 103499.049252
2.25 9.875 98685.1399845
2.75 9.875 96278.1853507
3.25 9.875 69801.6843792
3.75 9.875 40918.228774
4.25 9.875 31290.410239
4.75 9.875 24069.5463377
5.25 9.875 7220.8639013
5.75 9.875 0.0
6.25 9.875 2406.95463377
6.75 9.875 0.0
7.25 9.875 0.0
7.75 9.875 0.0
8.25 9.875 0.0
8.75 9.875 0.0
0.25 10.125 132382.504857
0.75 10.125 115533.822421
1.25 10.125 103499.049252
1.75 10.125 98685.1399845
2.25 10.125 77022.5482805
2.75 10.125 52953.0019429
3.25 10.125 60173.8658442
3.75 10.125 40918.228774
4.25 10.125 21662.5917039
4.75 10.125 19255.6370701
5.25 10.125 7220.8639013
5.75 10.125 2406.95463377
6.25 10.125 0.0
6.75 10.125 0.0
7.25 10.125 0.0
7.75 10.125 0.0
8.25 10.125 0.0
8.75 10.125 0.0
0.25 10.375 93871.2307169
0.75 10.375 89057.3214494
1.25 10.375 91464.2760832
1.75 10.375 96278.1853507
2.25 10.375 91464.2760832
2.75 10.375 91464.2760832
3.25 10.375 55359.9565766
3.75 10.375 36104.3195065
4.25 10.375 19255.6370701
4.75 10.375 14441.7278026
5.25 10.375 14441.7278026
5.75 10.375 2406.95463377
6.25 10.375 0.0
6.75 10.375 0.0
7.25 10.375 0.0
7.75 10.375 0.0
8.25 10.375 0.0
8.75 10.375 0.0
0.25 10.625 103499.049252
0.75 10.625 67394.7297455
1.25 10.625 84243.4121819
1.75 10.625 86650.3668156
2.25 10.625 69801.6843792
2.75 10.625 52953.0019429
3.25 10.625 60173.8658442
3.75 10.625 36104.3195065
4.25 10.625 33697.3648727
4.75 10.625 14441.7278026
5.25 10.625 7220.8639013
5.75 10.625 0.0
6.25 10.625 0.0
6.75 10.625 0.0
7.25 10.625 0.0
7.75 10.625 0.0
8.25 10.625 0.0
8.75 10.625 0.0
0.25 10.875 79429.5029143
0.75 10.875 79429.5029143
1.25 10.875 103499.049252
1.75 10.875 50546.0473091
2.25 10.875 50546.0473091
2.75 10.875 79429.5029143
3.25 10.875 33697.3648727
3.75 10.875 31290.410239
4.25 10.875 21662.5917039
4.75 10.875 7220.8639013
5.25 10.875 2406.95463377
5.75 10.875 2406.95463377
6.25 10.875 0.0
6.75 10.875 0.0
7.25 10.875 0.0
7.75 10.875 0.0
8.25 10.875 0.0
8.75 10.875 0.0
0.25 11.125 89057.3214494
0.75 11.125 101092.094618
1.25 11.125 77022.5482805
1.75 11.125 91464.2760832
2.25 11.125 48139.0926753
2.75 11.125 40918.228774
3.25 11.125 38511.2741403
3.75 11.125 38511.2741403
4.25 11.125 24069.5463377
4.75 11.125 12034.7731688
5.25 11.125 2406.95463377
5.75 11.125 0.0
6.25 11.125 0.0
6.75 11.125 0.0
7.25 11.125 0.0
7.75 11.125 0.0
8.25 11.125 0.0
8.75 11.125 0.0
0.25 11.375 72208.639013
0.75 11.375 55359.9565766
1.25 11.375 69801.6843792
1.75 11.375 48139.0926753
2.25 11.375 72208.639013
2.75 11.375 38511.2741403
3.25 11.375 36104.3195065
3.75 11.375 21662.5917039
4.25 11.375 12034.7731688
4.75 11.375 4813.90926753
5.25 11.375 4813.90926753
5.75 11.375 0.0
6.25 11.375 0.0
6.75 11.375 0.0
7.25 11.375 0.0
7.75 11.375 0.0
8.25 11.375 0.0
8.75 11.375 0.0
0.25 11.625 57766.9112104
0.75 11.625 77022.5482805
1.25 11.625 57766.9112104
1.75 11.625 60173.8658442
2.25 11.625 45732.1380416
2.75 11.625 36104.3195065
3.25 11.625 40918.228774
3.75 11.625 36104.3195065
4.25 11.625 4813.90926753
4.75 11.625 12034.7731688
5.25 11.625 7220.8639013
5.75 11.625 0.0
6.25 11.625 2406.95463377
6.75 11.625 0.0
7.25 11.625 0.0
7.75 11.625 0.0
8.25 11.625 0.0
8.75 11.625 0.0
0.25 11.875 52953.0019429
0.75 11.875 74615.5936468
1.25 11.875 45732.1380416
1.75 11.875 57766.9112104
2.25 11.875 50546.0473091
2.75 11.875 36104.3195065
3.25 11.875 31290.410239
3.75 11.875 26476.5009714
4.25 11.875 14441.7278026
4.75 11.875 2406.95463377
5.25 11.875 0.0
5.75 11.875 0.0
6.25 11.875 0.0
6.75 11.875 0.0
7.25 11.875 0.0
7.75 11.875 0.0
8.25 11.875 0.0
8.75 11.875 0.0
0.25 12.125 62580.8204779
0.75 12.125 55359.9565766
1.25 12.125 55359.9565766
1.75 12.125 50546.0473091
2.25 12.125 40918.228774
2.75 12.125 74615.5936468
3.25 12.125 26476.5009714
3.75 12.125 16848.6824364
4.25 12.125 14441.7278026
4.75 12.125 4813.90926753
5.25 12.125 0.0
5.75 12.125 0.0
6.25 12.125 0.0
6.75 12.125 0.0
7.25 12.125 0.0
7.75 12.125 0.0
8.25 12.125 0.0
8.75 12.125 0.0
0.25 12.375 21662.5917039
0.75 12.375 36104.3195065
1.25 12.375 72208.639013
1.75 12.375 43325.1834078
2.25 12.375 60173.8658442
2.75 12.375 40918.228774
3.25 12.375 21662.5917039
3.75 12.375 26476.5009714
4.25 12.375 12034.7731688
4.75 12.375 4813.90926753
5.25 12.375 0.0
5.75 12.375 0.0
6.25 12.375 0.0
6.75 12.375 0.0
7.25 12.375 0.0
7.75 12.375 0.0
8.25 12.375 0.0
8.75 12.375 0.0
0.25 12.625 72208.639013
0.75 12.625 38511.2741403
1.25 12.625 60173.8658442
1.75 12.625 55359.9565766
2.25 12.625 36104.3195065
2.75 12.625 28883.4556052
3.25 12.625 24069.5463377
3.75 12.625 19255.6370701
4.25 12.625 7220.8639013
4.75 12.625 7220.8639013
5.25 12.625 2406.95463377
5.75 12.625 0.0
6.25 12.625 0.0
6.75 12.625 0.0
7.25 12.625 0.0
7.75 12.625 0.0
8.25 12.625 0.0
8.75 12.625 0.0
0.25 12.875 55359.9565766
0.75 12.875 33697.3648727
1.25 12.875 40918.228774
1.75 12.875 50546.0473091
2.25 12.875 43325.1834078
2.75 12.875 33697.3648727
3.25 12.875 21662.5917039
3.75 12.875 14441.7278026
4.25 12.875 7220.8639013
4.75 12.875 4813.90926753
5.25 12.875 2406.95463377
5.75 12.875 0.0
6.25 12.875 0.0
6.75 12.875 0.0
7.25 12.875 0.0
7.75 12.875 0.0
8.25 12.875 0.0
8.75 12.875 0.0
0.25 13.125 40918.228774
0.75 13.125 21662.5917039
1.25 13.125 40918.228774
1.75 13.125 26476.5009714
2.25 13.125 16848.6824364
2.75 13.125 36104.3195065
3.25 13.125 28883.4556052
3.75 13.125 12034.7731688
4.25 13.125 0.0
4.75 13.125 12034.7731688
5.25 13.125 4813.90926753
5.75 13.125 0.0
6.25 13.125 0.0
6.75 13.125 0.0
7.25 13.125 0.0
7.75 13.125 0.0
8.25 13.125 0.0
8.75 13.125 0.0
0.25 13.375 45732.1380416
0.75 13.375 43325.1834078
1.25 13.375 36104.3195065
1.75 13.375 24069.5463377
2.25 13.375 21662.5917039
2.75 13.375 21662.5917039
3.25 13.375 19255.6370701
3.75 13.375 7220.8639013
4.25 13.375 7220.8639013
4.75 13.375 4813.90926753
5.25 13.375 2406.95463377
5.75 13.375 0.0
6.25 13.375 0.0
6.75 13.375 0.0
7.25 13.375 0.0
7.75 13.375 0.0
8.25 13.375 0.0
8.75 13.375 0.0
0.25 13.625 24069.5463377
0.75 13.625 52953.0019429
1.25 13.625 38511.2741403
1.75 13.625 21662.5917039
2.25 13.625 28883.4556052
2.75 13.625 16848.6824364
3.25 13.625 16848.6824364
3.75 13.625 14441.7278026
4.25 13.625 2406.95463377
4.75 13.625 2406.95463377
5.25 13.625 2406.95463377
5.75 13.625 0.0
6.25 13.625 0.0
6.75 13.625 0.0
7.25 13.625 0.0
7.75 13.625 0.0
8.25 13.625 0.0
8.75 13.625 0.0
0.25 13.875 36104.3195065
0.75 13.875 31290.410239
1.25 13.875 14441.7278026
1.75 13.875 12034.7731688
2.25 13.875 21662.5917039
2.75 13.875 12034.7731688
3.25 13.875 16848.6824364
3.75 13.875 4813.90926753
4.25 13.875 4813.90926753
4.75 13.875 0.0
5.25 13.875 2406.95463377
5.75 13.875 0.0
6.25 13.875 0.0
6.75 13.875 0.0
7.25 13.875 0.0
7.75 13.875 0.0
8.25 13.875 0.0
8.75 13.875 0.0
0.25 14.125 40918.228774
0.75 14.125 40918.228774
1.25 14.125 21662.5917039
1.75 14.125 43325.1834078
2.25 14.125 14441.7278026
2.75 14.125 21662.5917039
3.25 14.125 16848.6824364
3.75 14.125 4813.90926753
4.25 14.125 7220.8639013
4.75 14.125 2406.95463377
5.25 14.125 0.0
5.75 14.125 0.0
6.25 14.125 0.0
6.75 14.125 0.0
7.25 14.125 0.0
7.75 14.125 0.0
8.25 14.125 0.0
8.75 14.125 0.0
0.25 14.375 26476.5009714
0.75 14.375 28883.4556052
1.25 14.375 33697.3648727
1.75 14.375 24069.5463377
2.25 14.375 19255.6370701
2.75 14.375 24069.5463377
3.25 14.375 9627.81853507
3.75 14.375 9627.81853507
4.25 14.375 7220.8639013
4.75 14.375 7220.8639013
5.25 14.375 0.0
5.75 14.375 0.0
6.25 14.375 0.0
6.75 14.375 0.0
7.25 14.375 0.0
7.75 14.375 0.0
8.25 14.375 0.0
8.75 14.375 0.0
0.25 14.625 26476.5009714
0.75 14.625 43325.1834078
1.25 14.625 12034.7731688
1.75 14.625 14441.7278026
2.25 14.625 9627.81853507
2.75 14.625 14441.7278026
3.25 14.625 12034.7731688
3.75 14.625 12034.7731688
4.25 14.625 0.0
4.75 14.625 0.0
5.25 14.625 0.0
5.75 14.625 0.0
6.25 14.625 0.0
6.75 14.625 0.0
7.25 14.625 0.0
7.75 14.625 0.0
8.25 14.625 0.0
8.75 14.625 0.0
0.25 14.875 16848.6824364
0.75 14.875 24069.5463377
1.25 14.875 33697.3648727
1.75 14.875 19255.6370701
2.25 14.875 33697.3648727
2.75 14.875 21662.5917039
3.25 14.875 7220.8639013
3.75 14.875 14441.7278026
4.25 14.875 7220.8639013
4.75 14.875 4813.90926753
5.25 14.875 0.0
5.75 14.875 0.0
6.25 14.875 0.0
6.75 14.875 0.0
7.25 14.875 0.0
7.75 14.875 0.0
8.25 14.875 0.0
8.75 14.875 0.0
0.25 15.125 24069.5463377
0.75 15.125 31290.410239
1.25 15.125 19255.6370701
1.75 15.125 19255.6370701
2.25 15.125 12034.7731688
2.75 15.125 16848.6824364
3.25 15.125 4813.90926753
3.75 15.125 9627.81853507
4.25 15.125 4813.90926753
4.75 15.125 0.0
5.25 15.125 0.0
5.75 15.125 0.0
6.25 15.125 0.0
6.75 15.125 0.0
7.25 15.125 0.0
7.75 15.125 0.0
8.25 15.125 0.0
8.75 15.125 0.0
0.25 15.375 21662.5917039
0.75 15.375 12034.7731688
1.25 15.375 14441.7278026
1.75 15.375 14441.7278026
2.25 15.375 14441.7278026
2.75 15.375 14441.7278026
3.25 15.375 14441.7278026
3.75 15.375 12034.7731688
4.25 15.375 0.0
4.75 15.375 7220.8639013
5.25 15.375 4813.90926753
5.75 15.375 2406.95463377
6.25 15.375 0.0
6.75 15.375 0.0
7.25 15.375 0.0
7.75 15.375 0.0
8.25 15.375 0.0
8.75 15.375 0.0
0.25 15.625 19255.6370701
0.75 15.625 21662.5917039
1.25 15.625 16848.6824364
1.75 15.625 12034.7731688
2.25 15.625 16848.6824364
2.75 15.625 24069.5463377
3.25 15.625 12034.7731688
3.75 15.625 2406.95463377
4.25 15.625 2406.95463377
4.75 15.625 2406.95463377
5.25 15.625 2406.95463377
5.75 15.625 0.0
6.25 15.625 0.0
6.75 15.625 0.0
7.25 15.625 0.0
7.75 15.625 0.0
8.25 15.625 0.0
8.75 15.625 0.0
0.25 15.875 19255.6370701
0.75 15.875 16848.6824364
1.25 15.875 12034.7731688
1.75 15.875 9627.81853507
2.25 15.875 12034.7731688
2.75 15.875 14441.7278026
3.25 15.875 7220.8639013
3.75 15.875 0.0
4.25 15.875 4813.90926753
4.75 15.875 9627.81853507
5.25 15.875 0.0
5.75 15.875 0.0
6.25 15.875 0.0
6.75 15.875 0.0
7.25 15.875 0.0
7.75 15.875 0.0
8.25 15.875 0.0
8.75 15.875 0.0
0.25 16.125 12034.7731688
0.75 16.125 19255.6370701
1.25 16.125 24069.5463377
1.75 16.125 7220.8639013
2.25 16.125 12034.7731688
2.75 16.125 14441.7278026
3.25 16.125 9627.81853507
3.75 16.125 4813.90926753
4.25 16.125 2406.95463377
4.75 16.125 0.0
5.25 16.125 0.0
5.75 16.125 0.0
6.25 16.125 0.0
6.75 16.125 0.0
7.25 16.125 0.0
7.75 16.125 0.0
8.25 16.125 0.0
8.75 16.125 0.0
0.25 16.375 21662.5917039
0.75 16.375 12034.7731688
1.25 16.375 9627.81853507
1.75 16.375 7220.8639013
2.25 16.375 14441.7278026
2.75 16.375 9627.81853507
3.25 16.375 2406.95463377
3.75 16.375 4813.90926753
4.25 16.375 4813.90926753
4.75 16.375 2406.95463377
5.25 16.375 4813.90926753
5.75 16.375 0.0
6.25 16.375 0.0
6.75 16.375 0.0
7.25 16.375 0.0
7.75 16.375 0.0
8.25 16.375 0.0
8.75 16.375 0.0
0.25 16.625 24069.5463377
0.75 16.625 9627.81853507
1.25 16.625 24069.5463377
1.75 16.625 16848.6824364
2.25 16.625 7220.8639013
2.75 16.625 4813.90926753
3.25 16.625 14441.7278026
3.75 16.625 2406.95463377
4.25 16.625 2406.95463377
4.75 16.625 4813.90926753
5.25 16.625 0.0
5.75 16.625 0.0
6.25 16.625 0.0
6.75 16.625 0.0
7.25 16.625 0.0
7.75 16.625 0.0
8.25 16.625 0.0
8.75 16.625 0.0
0.25 16.875 7220.8639013
0.75 16.875 4813.90926753
1.25 16.875 12034.7731688
1.75 16.875 9627.81853507
2.25 16.875 14441.7278026
2.75 16.875 9627.81853507
3.25 16.875 9627.81853507
3.75 16.875 7220.8639013
4.25 16.875 0.0
4.75 16.875 0.0
5.25 16.875 0.0
5.75 16.875 0.0
6.25 16.875 0.0
6.75 16.875 0.0
7.25 16.875 0.0
7.75 16.875 0.0
8.25 16.875 0.0
8.75 16.875 0.0
0.25 17.125 7220.8639013
0.75 17.125 12034.7731688
1.25 17.125 2406.95463377
1.75 17.125 21662.5917039
2.25 17.125 7220.8639013
2.75 17.125 9627.81853507
3.25 17.125 0.0
3.75 17.125 9627.81853507
4.25 17.125 4813.90926753
4.75 17.125 2406.95463377
5.25 17.125 0.0
5.75 17.125 0.0
6.25 17.125 0.0
6.75 17.125 0.0
7.25 17.125 0.0
7.75 17.125 0.0
8.25 17.125 0.0
8.75 17.125 0.0
0.25 17.375 19255.6370701
0.75 17.375 12034.7731688
1.25 17.375 4813.90926753
1.75 17.375 16848.6824364
2.25 17.375 21662.5917039
2.75 17.375 9627.81853507
3.25 17.375 9627.81853507
3.75 17.375 4813.90926753
4.25 17.375 0.0
4.75 17.375 2406.95463377
5.25 17.375 0.0
5.75 17.375 0.0
6.25 17.375 0.0
6.75 17.375 0.0
7.25 17.375 0.0
7.75 17.375 0.0
8.25 17.375 0.0
8.75 17.375 0.0
0.25 17.625 9627.81853507
0.75 17.625 16848.6824364
1.25 17.625 9627.81853507
1.75 17.625 14441.7278026
2.25 17.625 7220.8639013
2.75 17.625 9627.81853507
3.25 17.625 12034.7731688
3.75 17.625 2406.95463377
4.25 17.625 2406.95463377
4.75 17.625 0.0
5.25 17.625 0.0
5.75 17.625 2406.95463377
6.25 17.625 0.0
6.75 17.625 0.0
7.25 17.625 0.0
7.75 17.625 0.0
8.25 17.625 0.0
8.75 17.625 0.0
0.25 17.875 7220.8639013
0.75 17.875 19255.6370701
1.25 17.875 9627.81853507
1.75 17.875 16848.6824364
2.25 17.875 9627.81853507
2.75 17.875 4813.90926753
3.25 17.875 2406.95463377
3.75 17.875 2406.95463377
4.25 17.875 0.0
4.75 17.875 2406.95463377
5.25 17.875 0.0
5.75 17.875 0.0
6.25 17.875 0.0
6.75 17.875 0.0
7.25 17.875 0.0
7.75 17.875 0.0
8.25 17.875 0.0
8.75 17.875 0.0
0.25 18.125 12034.7731688
0.75 18.125 16848.6824364
1.25 18.125 9627.81853507
1.75 18.125 7220.8639013
2.25 18.125 14441.7278026
2.75 18.125 9627.81853507
3.25 18.125 2406.95463377
3.75 18.125 4813.90926753
4.25 18.125 0.0
4.75 18.125 0.0
5.25 18.125 0.0
5.75 18.125 0.0
6.25 18.125 0.0
6.75 18.125 0.0
7.25 18.125 0.0
7.75 18.125 0.0
8.25 18.125 0.0
8.75 18.125 0.0
0.25 18.375 12034.7731688
0.75 18.375 7220.8639013
1.25 18.375 12034.7731688
1.75 18.375 14441.7278026
2.25 18.375 9627.81853507
2.75 18.375 7220.8639013
3.25 18.375 0.0
3.75 18.375 0.0
4.25 18.375 2406.95463377
4.75 18.375 0.0
5.25 18.375 0.0
5.75 18.375 0.0
6.25 18.375 0.0
6.75 18.375 0.0
7.25 18.375 0.0
7.75 18.375 0.0
8.25 18.375 0.0
8.75 18.375 0.0
0.25 18.625 12034.7731688
0.75 18.625 9627.81853507
1.25 18.625 4813.90926753
1.75 18.625 12034.7731688
2.25 18.625 7220.8639013
2.75 18.625 14441.7278026
3.25 18.625 0.0
3.75 18.625 0.0
4.25 18.625 4813.90926753
4.75 18.625 2406.95463377
5.25 18.625 0.0
5.75 18.625 0.0
6.25 18.625 0.0
6.75 18.625 0.0
7.25 18.625 0.0
7.75 18.625 0.0
8.25 18.625 0.0
8.75 18.625 0.0
0.25 18.875 2406.95463377
0.75 18.875 4813.90926753
1.25 18.875 9627.81853507
1.75 18.875 4813.90926753
2.25 18.875 9627.81853507
2.75 18.875 4813.90926753
3.25 18.875 7220.8639013
3.75 18.875 2406.95463377
4.25 18.875 2406.95463377
4.75 18.875 0.0
5.25 18.875 0.0
5.75 18.875 0.0
6.25 18.875 0.0
6.75 18.875 0.0
7.25 18.875 0.0
7.75 18.875 0.0
8.25 18.875 0.0
8.75 18.875 0.0
0.25 19.125 9627.81853507
0.75 19.125 9627.81853507
1.25 19.125 12034.7731688
1.75 19.125 4813.90926753
2.25 19.125 7220.8639013
2.75 19.125 0.0
3.25 19.125 2406.95463377
3.75 19.125 4813.90926753
4.25 19.125 2406.95463377
4.75 19.125 0.0
5.25 19.125 0.0
5.75 19.125 0.0
6.25 19.125 0.0
6.75 19.125 0.0
7.25 19.125 0.0
7.75 19.125 0.0
8.25 19.125 0.0
8.75 19.125 0.0
0.25 19.375 7220.8639013
0.75 19.375 4813.90926753
1.25 19.375 2406.95463377
1.75 19.375 4813.90926753
2.25 19.375 7220.8639013
2.75 19.375 4813.90926753
3.25 19.375 2406.95463377
3.75 19.375 0.0
4.25 19.375 2406.95463377
4.75 19.375 0.0
5.25 19.375 0.0
5.75 19.375 0.0
6.25 19.375 0.0
6.75 19.375 0.0
7.25 19.375 0.0
7.75 19.375 0.0
8.25 19.375 0.0
8.75 19.375 0.0
0.25 19.625 14441.7278026
0.75 19.625 9627.81853507
1.25 19.625 9627.81853507
1.75 19.625 14441.7278026
2.25 19.625 7220.8639013
2.75 19.625 9627.81853507
3.25 19.625 0.0
3.75 19.625 4813.90926753
4.25 19.625 7220.8639013
4.75 19.625 0.0
5.25 19.625 0.0
5.75 19.625 2406.95463377
6.25 19.625 0.0
6.75 19.625 0.0
7.25 19.625 0.0
7.75 19.625 0.0
8.25 19.625 0.0
8.75 19.625 0.0
0.25 19.875 7220.8639013
0.75 19.875 9627.81853507
1.25 19.875 9627.81853507
1.75 19.875 4813.90926753
2.25 19.875 7220.8639013
2.75 19.875 4813.90926753
3.25 19.875 2406.95463377
3.75 19.875 2406.95463377
4.25 19.875 0.0
4.75 19.875 0.0
5.25 19.875 0.0
5.75 19.875 0.0
6.25 19.875 0.0
6.75 19.875 0.0
7.25 19.875 0.0
7.75 19.875 0.0
8.25 19.875 0.0
8.75 19.875 0.0
0.25 20.125 2406.95463377
0.75 20.125 7220.8639013
1.25 20.125 12034.7731688
1.75 20.125 4813.90926753
2.25 20.125 4813.90926753
2.75 20.125 2406.95463377
3.25 20.125 4813.90926753
3.75 20.125 4813.90926753
4.25 20.125 4813.90926753
4.75 20.125 0.0
5.25 20.125 0.0
5.75 20.125 0.0
6.25 20.125 0.0
6.75 20.125 0.0
7.25 20.125 0.0
7.75 20.125 0.0
8.25 20.125 0.0
8.75 20.125 0.0
0.25 20.375 2406.95463377
0.75 20.375 2406.95463377
1.25 20.375 0.0
1.75 20.375 9627.81853507
2.25 20.375 4813.90926753
2.75 20.375 0.0
3.25 20.375 7220.8639013
3.75 20.375 0.0
4.25 20.375 0.0
4.75 20.375 0.0
5.25 20.375 0.0
5.75 20.375 0.0
6.25 20.375 0.0
6.75 20.375 0.0
7.25 20.375 0.0
7.75 20.375 0.0
8.25 20.375 0.0
8.75 20.375 0.0
0.25 20.625 9627.81853507
0.75 20.625 9627.81853507
1.25 20.625 19255.6370701
1.75 20.625 4813.90926753
2.25 20.625 4813.90926753
2.75 20.625 4813.90926753
3.25 20.625 0.0
3.75 20.625 2406.95463377
4.25 20.625 0.0
4.75 20.625 0.0
5.25 20.625 0.0
5.75 20.625 0.0
6.25 20.625 0.0
6.75 20.625 0.0
7.25 20.625 0.0
7.75 20.625 0.0
8.25 20.625 0.0
8.75 20.625 0.0
0.25 20.875 7220.8639013
0.75 20.875 0.0
1.25 20.875 9627.81853507
1.75 20.875 4813.90926753
2.25 20.875 2406.95463377
2.75 20.875 0.0
3.25 20.875 2406.95463377
3.75 20.875 4813.90926753
4.25 20.875 0.0
4.75 20.875 2406.95463377
5.25 20.875 0.0
5.75 20.875 0.0
6.25 20.875 0.0
6.75 20.875 0.0
7.25 20.875 0.0
7.75 20.875 0.0
8.25 20.875 0.0
8.75 20.875 0.0
0.25 21.125 7220.8639013
0.75 21.125 4813.90926753
1.25 21.125 4813.90926753
1.75 21.125 4813.90926753
2.25 21.125 7220.8639013
2.75 21.125 0.0
3.25 21.125 2406.95463377
3.75 21.125 0.0
4.25 21.125 0.0
4.75 21.125 0.0
5.25 21.125 0.0
5.75 21.125 0.0
6.25 21.125 0.0
6.75 21.125 0.0
7.25 21.125 0.0
7.75 21.125 0.0
8.25 21.125 0.0
8.75 21.125 0.0
0.25 21.375 9627.81853507
0.75 21.375 9627.81853507
1.25 21.375 2406.95463377
1.75 21.375 2406.95463377
2.25 21.375 12034.7731688
2.75 21.375 0.0
3.25 21.375 0.0
3.75 21.375 0.0
4.25 21.375 0.0
4.75 21.375 0.0
5.25 21.375 0.0
5.75 21.375 0.0
6.25 21.375 0.0
6.75 21.375 0.0
7.25 21.375 0.0
7.75 21.375 0.0
8.25 21.375 0.0
8.75 21.375 0.0
0.25 21.625 4813.90926753
0.75 21.625 2406.95463377
1.25 21.625 7220.8639013
1.75 21.625 4813.90926753
2.25 21.625 2406.95463377
2.75 21.625 0.0
3.25 21.625 0.0
3.75 21.625 0.0
4.25 21.625 0.0
4.75 21.625 0.0
5.25 21.625 0.0
5.75 21.625 0.0
6.25 21.625 0.0
6.75 21.625 0.0
7.25 21.625 0.0
7.75 21.625 0.0
8.25 21.625 0.0
8.75 21.625 0.0
0.25 21.875 7220.8639013
0.75 21.875 4813.90926753
1.25 21.875 2406.95463377
1.75 21.875 0.0
2.25 21.875 4813.90926753
2.75 21.875 2406.95463377
3.25 21.875 4813.90926753
3.75 21.875 2406.95463377
4.25 21.875 0.0
4.75 21.875 0.0
5.25 21.875 0.0
5.75 21.875 0.0
6.25 21.875 0.0
6.75 21.875 0.0
7.25 21.875 0.0
7.75 21.875 0.0
8.25 21.875 0.0
8.75 21.875 0.0
0.25 22.125 4813.90926753
0.75 22.125 9627.81853507
1.25 22.125 0.0
1.75 22.125 4813.90926753
2.25 22.125 9627.81853507
2.75 22.125 2406.95463377
3.25 22.125 2406.95463377
3.75 22.125 2406.95463377
4.25 22.125 0.0
4.75 22.125 0.0
5.25 22.125 0.0
5.75 22.125 0.0
6.25 22.125 0.0
6.75 22.125 0.0
7.25 22.125 0.0
7.75 22.125 0.0
8.25 22.125 0.0
8.75 22.125 0.0
0.25 22.375 9627.81853507
0.75 22.375 12034.7731688
1.25 22.375 2406.95463377
1.75 22.375 2406.95463377
2.25 22.375 0.0
2.75 22.375 0.0
3.25 22.375 0.0
3.75 22.375 0.0
4.25 22.375 0.0
4.75 22.375 0.0
5.25 22.375 0.0
5.75 22.375 0.0
6.25 22.375 0.0
6.75 22.375 0.0
7.25 22.375 0.0
7.75 22.375 0.0
8.25 22.375 0.0
8.75 22.375 0.0
0.25 22.625 0.0
0.75 22.625 2406.95463377
1.25 22.625 9627.81853507
1.75 22.625 0.0
2.25 22.625 9627.81853507
2.75 22.625 4813.90926753
3.25 22.625 0.0
3.75 22.625 0.0
4.25 22.625 0.0
4.75 22.625 0.0
5.25 22.625 0.0
5.75 22.625 0.0
6.25 22.625 0.0
6.75 22.625 0.0
7.25 22.625 0.0
7.75 22.625 0.0
8.25 22.625 0.0
8.75 22.625 0.0
0.25 22.875 7220.8639013
0.75 22.875 2406.95463377
1.25 22.875 0.0
1.75 22.875 9627.81853507
2.25 22.875 4813.90926753
2.75 22.875 0.0
3.25 22.875 2406.95463377
3.75 22.875 0.0
4.25 22.875 0.0
4.75 22.875 0.0
5.25 22.875 0.0
5.75 22.875 0.0
6.25 22.875 0.0
6.75 22.875 0.0
7.25 22.875 0.0
7.75 22.875 0.0
8.25 22.875 0.0
8.75 22.875 0.0
0.25 23.125 0.0
0.75 23.125 2406.95463377
1.25 23.125 0.0
1.75 23.125 2406.95463377
2.25 23.125 2406.95463377
2.75 23.125 2406.95463377
3.25 23.125 0.0
3.75 23.125 0.0
4.25 23.125 0.0
4.75 23.125 0.0
5.25 23.125 0.0
5.75 23.125 0.0
6.25 23.125 0.0
6.75 23.125 0.0
7.25 23.125 0.0
7.75 23.125 0.0
8.25 23.125 0.0
8.75 23.125 0.0
0.25 23.375 7220.8639013
0.75 23.375 4813.90926753
1.25 23.375 9627.81853507
1.75 23.375 0.0
2.25 23.375 2406.95463377
2.75 23.375 2406.95463377
3.25 23.375 0.0
3.75 23.375 0.0
4.25 23.375 0.0
4.75 23.375 2406.95463377
5.25 23.375 0.0
5.75 23.375 0.0
6.25 23.375 0.0
6.75 23.375 0.0
7.25 23.375 0.0
7.75 23.375 0.0
8.25 23.375 0.0
8.75 23.375 0.0
0.25 23.625 2406.95463377
0.75 23.625 2406.95463377
1.25 23.625 7220.8639013
1.75 23.625 4813.90926753
2.25 23.625 0.0
2.75 23.625 0.0
3.25 23.625 0.0
3.75 23.625 0.0
4.25 23.625 0.0
4.75 23.625 0.0
5.25 23.625 0.0
5.75 23.625 0.0
6.25 23.625 0.0
6.75 23.625 0.0
7.25 23.625 0.0
7.75 23.625 0.0
8.25 23.625 0.0
8.75 23.625 0.0
0.25 23.875 2406.95463377
0.75 23.875 0.0
1.25 23.875 7220.8639013
1.75 23.875 2406.95463377
2.25 23.875 4813.90926753
2.75 23.875 2406.95463377
3.25 23.875 7220.8639013
3.75 23.875 0.0
4.25 23.875 0.0
4.75 23.875 0.0
5.25 23.875 0.0
5.75 23.875 0.0
6.25 23.875 0.0
6.75 23.875 0.0
7.25 23.875 0.0
7.75 23.875 0.0
8.25 23.875 0.0
8.75 23.875 0.0
0.25 24.125 2406.95463377
0.75 24.125 0.0
1.25 24.125 2406.95463377
1.75 24.125 0.0
2.25 24.125 2406.95463377
2.75 24.125 2406.95463377
3.25 24.125 2406.95463377
3.75 24.125 0.0
4.25 24.125 0.0
4.75 24.125 0.0
5.25 24.125 0.0
5.75 24.125 0.0
6.25 24.125 0.0
6.75 24.125 0.0
7.25 24.125 0.0
7.75 24.125 0.0
8.25 24.125 0.0
8.75 24.125 0.0
0.25 24.375 9627.81853507
0.75 24.375 2406.95463377
1.25 24.375 4813.90926753
1.75 24.375 0.0
2.25 24.375 7220.8639013
2.75 24.375 2406.95463377
3.25 24.375 0.0
3.75 24.375 2406.95463377
4.25 24.375 0.0
4.75 24.375 0.0
5.25 24.375 0.0
5.75 24.375 0.0
6.25 24.375 0.0
6.75 24.375 0.0
7.25 24.375 0.0
7.75 24.375 0.0
8.25 24.375 0.0
8.75 24.375 0.0
0.25 24.625 2406.95463377
0.75 24.625 2406.95463377
1.25 24.625 4813.90926753
1.75 24.625 4813.90926753
2.25 24.625 0.0
2.75 24.625 0.0
3.25 24.625 4813.90926753
3.75 24.625 0.0
4.25 24.625 0.0
4.75 24.625 0.0
5.25 24.625 0.0
5.75 24.625 0.0
6.25 24.625 0.0
6.75 24.625 0.0
7.25 24.625 0.0
7.75 24.625 0.0
8.25 24.625 0.0
8.75 24.625 0.0
0.25 24.875 2406.95463377
0.75 24.875 2406.95463377
1.25 24.875 4813.90926753
1.75 24.875 0.0
2.25 24.875 2406.95463377
2.75 24.875 0.0
3.25 24.875 4813.90926753
3.75 24.875 0.0
4.25 24.875 0.0
4.75 24.875 0.0
5.25 24.875 0.0
5.75 24.875 0.0
6.25 24.875 0.0
6.75 24.875 0.0
7.25 24.875 0.0
7.75 24.875 0.0
8.25 24.875 0.0
8.75 24.875 0.0
0.25 25.125 2406.95463377
0.75 25.125 4813.90926753
1.25 25.125 4813.90926753
1.75 25.125 0.0
2.25 25.125 2406.95463377
2.75 25.125 4813.90926753
3.25 25.125 2406.95463377
3.75 25.125 0.0
4.25 25.125 0.0
4.75 25.125 0.0
5.25 25.125 0.0
5.75 25.125 0.0
6.25 25.125 0.0
6.75 25.125 0.0
7.25 25.125 0.0
7.75 25.125 0.0
8.25 25.125 0.0
8.75 25.125 0.0
0.25 25.375 0.0
0.75 25.375 0.0
1.25 25.375 4813.90926753
1.75 25.375 2406.95463377
2.25 25.375 0.0
2.75 25.375 0.0
3.25 25.375 0.0
3.75 25.375 0.0
4.25 25.375 0.0
4.75 25.375 0.0
5.25 25.375 0.0
5.75 25.375 0.0
6.25 25.375 0.0
6.75 25.375 0.0
7.25 25.375 0.0
7.75 25.375 0.0
8.25 25.375 0.0
8.75 25.375 0.0
0.25 25.625 0.0
0.75 25.625 2406.95463377
1.25 25.625 2406.95463377
1.75 25.625 2406.95463377
2.25 25.625 0.0
2.75 25.625 0.0
3.25 25.625 0.0
3.75 25.625 2406.95463377
4.25 25.625 0.0
4.75 25.625 0.0
5.25 25.625 0.0
5.75 25.625 0.0
6.25 25.625 0.0
6.75 25.625 0.0
7.25 25.625 0.0
7.75 25.625 0.0
8.25 25.625 0.0
8.75 25.625 0.0
0.25 25.875 4813.90926753
0.75 25.875 0.0
1.25 25.875 2406.95463377
1.75 25.875 0.0
2.25 25.875 0.0
2.75 25.875 0.0
3.25 25.875 2406.95463377
3.75 25.875 0.0
4.25 25.875 0.0
4.75 25.875 0.0
5.25 25.875 0.0
5.75 25.875 0.0
6.25 25.875 0.0
6.75 25.875 0.0
7.25 25.875 0.0
7.75 25.875 0.0
8.25 25.875 0.0
8.75 25.875 0.0
0.25 26.125 0.0
0.75 26.125 4813.90926753
1.25 26.125 2406.95463377
1.75 26.125 0.0
2.25 26.125 4813.90926753
2.75 26.125 4813.90926753
3.25 26.125 2406.95463377
3.75 26.125 0.0
4.25 26.125 2406.95463377
4.75 26.125 0.0
5.25 26.125 0.0
5.75 26.125 0.0
6.25 26.125 0.0
6.75 26.125 0.0
7.25 26.125 0.0
7.75 26.125 0.0
8.25 26.125 0.0
8.75 26.125 0.0
0.25 26.375 4813.90926753
0.75 26.375 4813.90926753
1.25 26.375 4813.90926753
1.75 26.375 0.0
2.25 26.375 4813.90926753
2.75 26.375 0.0
3.25 26.375 0.0
3.75 26.375 0.0
4.25 26.375 2406.95463377
4.75 26.375 0.0
5.25 26.375 0.0
5.75 26.375 0.0
6.25 26.375 0.0
6.75 26.375 0.0
7.25 26.375 0.0
7.75 26.375 0.0
8.25 26.375 0.0
8.75 26.375 0.0
0.25 26.625 4813.90926753
0.75 26.625 2406.95463377
1.25 26.625 4813.90926753
1.75 26.625 0.0
2.25 26.625 0.0
2.75 26.625 2406.95463377
3.25 26.625 0.0
3.75 26.625 0.0
4.25 26.625 0.0
4.75 26.625 0.0
5.25 26.625 0.0
5.75 26.625 0.0
6.25 26.625 0.0
6.75 26.625 0.0
7.25 26.625 0.0
7.75 26.625 0.0
8.25 26.625 0.0
8.75 26.625 0.0
0.25 26.875 2406.95463377
0.75 26.875 0.0
1.25 26.875 0.0
1.75 26.875 2406.95463377
2.25 26.875 2406.95463377
2.75 26.875 0.0
3.25 26.875 0.0
3.75 26.875 0.0
4.25 26.875 0.0
4.75 26.875 0.0
5.25 26.875 0.0
5.75 26.875 0.0
6.25 26.875 0.0
6.75 26.875 0.0
7.25 26.875 0.0
7.75 26.875 0.0
8.25 26.875 0.0
8.75 26.875 0.0
0.25 27.125 0.0
0.75 27.125 2406.95463377
1.25 27.125 0.0
1.75 27.125 0.0
2.25 27.125 0.0
2.75 27.125 0.0
3.25 27.125 0.0
3.75 27.125 2406.95463377
4.25 27.125 0.0
4.75 27.125 2406.95463377
5.25 27.125 0.0
5.75 27.125 0.0
6.25 27.125 0.0
6.75 27.125 0.0
7.25 27.125 0.0
7.75 27.125 0.0
8.25 27.125 0.0
8.75 27.125 0.0
0.25 27.375 0.0
0.75 27.375 2406.95463377
1.25 27.375 0.0
1.75 27.375 2406.95463377
2.25 27.375 0.0
2.75 27.375 0.0
3.25 27.375 0.0
3.75 27.375 0.0
4.25 27.375 2406.95463377
4.75 27.375 0.0
5.25 27.375 0.0
5.75 27.375 0.0
6.25 27.375 0.0
6.75 27.375 0.0
7.25 27.375 0.0
7.75 27.375 0.0
8.25 27.375 0.0
8.75 27.375 0.0
0.25 27.625 0.0
0.75 27.625 0.0
1.25 27.625 0.0
1.75 27.625 4813.90926753
2.25 27.625 0.0
2.75 27.625 0.0
3.25 27.625 2406.95463377
3.75 27.625 2406.95463377
4.25 27.625 0.0
4.75 27.625 0.0
5.25 27.625 0.0
5.75 27.625 0.0
6.25 27.625 0.0
6.75 27.625 0.0
7.25 27.625 0.0
7.75 27.625 0.0
8.25 27.625 0.0
8.75 27.625 0.0
0.25 27.875 0.0
0.75 27.875 2406.95463377
1.25 27.875 0.0
1.75 27.875 0.0
2.25 27.875 2406.95463377
2.75 27.875 2406.95463377
3.25 27.875 2406.95463377
3.75 27.875 0.0
4.25 27.875 0.0
4.75 27.875 2406.95463377
5.25 27.875 0.0
5.75 27.875 0.0
6.25 27.875 0.0
6.75 27.875 0.0
7.25 27.875 0.0
7.75 27.875 0.0
8.25 27.875 0.0
8.75 27.875 0.0
0.25 28.125 0.0
0.75 28.125 4813.90926753
1.25 28.125 2406.95463377
1.75 28.125 0.0
2.25 28.125 0.0
2.75 28.125 0.0
3.25 28.125 0.0
3.75 28.125 0.0
4.25 28.125 0.0
4.75 28.125 0.0
5.25 28.125 0.0
5.75 28.125 0.0
6.25 28.125 0.0
6.75 28.125 0.0
7.25 28.125 0.0
7.75 28.125 0.0
8.25 28.125 0.0
8.75 28.125 0.0
0.25 28.375 0.0
0.75 28.375 0.0
1.25 28.375 4813.90926753
1.75 28.375 0.0
2.25 28.375 2406.95463377
2.75 28.375 0.0
3.25 28.375 0.0
3.75 28.375 0.0
4.25 28.375 0.0
4.75 28.375 0.0
5.25 28.375 0.0
5.75 28.375 0.0
6.25 28.375 0.0
6.75 28.375 0.0
7.25 28.375 0.0
7.75 28.375 0.0
8.25 28.375 0.0
8.75 28.375 0.0
0.25 28.625 0.0
0.75 28.625 0.0
1.25 28.625 4813.90926753
1.75 28.625 0.0
2.25 28.625 2406.95463377
2.75 28.625 0.0
3.25 28.625 4813.90926753
3.75 28.625 0.0
4.25 28.625 0.0
4.75 28.625 0.0
5.25 28.625 0.0
5.75 28.625 0.0
6.25 28.625 0.0
6.75 28.625 0.0
7.25 28.625 0.0
7.75 28.625 0.0
8.25 28.625 0.0
8.75 28.625 0.0
0.25 28.875 0.0
0.75 28.875 0.0
1.25 28.875 0.0
1.75 28.875 2406.95463377
2.25 28.875 0.0
2.75 28.875 0.0
3.25 28.875 0.0
3.75 28.875 2406.95463377
4.25 28.875 0.0
4.75 28.875 0.0
5.25 28.875 0.0
5.75 28.875 0.0
6.25 28.875 0.0
6.75 28.875 0.0
7.25 28.875 0.0
7.75 28.875 0.0
8.25 28.875 0.0
8.75 28.875 0.0
0.25 29.125 4813.90926753
0.75 29.125 2406.95463377
1.25 29.125 4813.90926753
1.75 29.125 0.0
2.25 29.125 0.0
2.75 29.125 0.0
3.25 29.125 0.0
3.75 29.125 0.0
4.25 29.125 0.0
4.75 29.125 0.0
5.25 29.125 0.0
5.75 29.125 0.0
6.25 29.125 0.0
6.75 29.125 0.0
7.25 29.125 0.0
7.75 29.125 0.0
8.25 29.125 0.0
8.75 29.125 0.0
0.25 29.375 2406.95463377
0.75 29.375 2406.95463377
1.25 29.375 4813.90926753
1.75 29.375 0.0
2.25 29.375 0.0
2.75 29.375 0.0
3.25 29.375 0.0
3.75 29.375 0.0
4.25 29.375 0.0
4.75 29.375 0.0
5.25 29.375 0.0
5.75 29.375 0.0
6.25 29.375 0.0
6.75 29.375 0.0
7.25 29.375 0.0
7.75 29.375 0.0
8.25 29.375 0.0
8.75 29.375 0.0
0.25 29.625 2406.95463377
0.75 29.625 2406.95463377
1.25 29.625 2406.95463377
1.75 29.625 4813.90926753
2.25 29.625 0.0
2.75 29.625 2406.95463377
3.25 29.625 0.0
3.75 29.625 0.0
4.25 29.625 0.0
4.75 29.625 0.0
5.25 29.625 0.0
5.75 29.625 0.0
6.25 29.625 0.0
6.75 29.625 0.0
7.25 29.625 0.0
7.75 29.625 0.0
8.25 29.625 0.0
8.75 29.625 0.0
0.25 29.875 0.0
0.75 29.875 2406.95463377
1.25 29.875 2406.95463377
1.75 29.875 0.0
2.25 29.875 2406.95463377
2.75 29.875 0.0
3.25 29.875 0.0
3.75 29.875 0.0
4.25 29.875 0.0
4.75 29.875 0.0
5.25 29.875 0.0
5.75 29.875 0.0
6.25 29.875 0.0
6.75 29.875 0.0
7.25 29.875 0.0
7.75 29.875 0.0
8.25 29.875 0.0
8.75 29.875 0.0
