0.25 0.125 392774078.002
0.75 0.125 22083808.7648
1.25 0.125 20735914.1699
1.75 0.125 21458000.56
2.25 0.125 23328204.3105
2.75 0.125 25816995.4018
3.25 0.125 27203401.2708
3.75 0.125 28262461.3097
4.25 0.125 27417620.2332
4.75 0.125 25133420.2858
5.25 0.125 21238967.6884
5.75 0.125 16793322.4798
6.25 0.125 10691692.4832
6.75 0.125 5697261.61813
7.25 0.125 2132561.80552
7.75 0.125 452507.471148
8.25 0.125 26476.5009714
8.75 0.125 0.0
0.25 0.375 35047666.4223
0.75 0.375 39153931.0275
1.25 0.375 39216511.848
1.75 0.375 41832871.5349
2.25 0.375 45164096.748
2.75 0.375 48938201.6138
3.25 0.375 53646204.8774
3.75 0.375 56645270.3511
4.25 0.375 56238495.018
4.75 0.375 54050573.2559
5.25 0.375 46576979.118
5.75 0.375 36292061.9679
6.25 0.375 24411333.8957
6.75 0.375 12999961.977
7.25 0.375 5143662.05236
7.75 0.375 1010920.94618
8.25 0.375 55359.9565766
8.75 0.375 2406.95463377
0.25 0.625 32871779.4334
0.75 0.625 39842320.0527
1.25 0.625 43149475.7195
1.75 0.625 46596234.7551
2.25 0.625 50346270.0745
2.75 0.625 54096305.3939
3.25 0.625 58166465.6796
3.75 0.625 60299027.4851
4.25 0.625 61025927.7845
4.75 0.625 57863189.3958
5.25 0.625 50257212.7531
5.75 0.625 39681054.0923
6.25 0.625 26851985.8943
6.75 0.625 14653539.8104
7.25 0.625 5877783.21566
7.75 0.625 1162559.08811
8.25 0.625 67394.7297455
8.75 0.625 0.0
0.25 0.875 29412985.6246
0.75 0.875 37608666.1526
1.25 0.875 41178179.8745
1.75 0.875 44432382.5393
2.25 0.875 47768421.6617
2.75 0.875 50656767.2223
3.25 0.875 53352556.4121
3.75 0.875 55205911.4801
4.25 0.875 55321445.3025
4.75 0.875 52004661.8172
5.25 0.875 43609204.0546
5.75 0.875 34207639.2551
6.25 0.875 23369122.5392
6.75 0.875 12821847.3341
7.25 0.875 4883710.95191
7.75 0.875 914642.760832
8.25 0.875 31290.410239
8.75 0.875 0.0
0.25 1.125 26649801.7051
0.75 1.125 33781608.2849
1.25 1.125 37716979.1111
1.75 1.125 40277978.8415
2.25 1.125 42367215.4636
2.75 1.125 43926922.0663
3.25 1.125 46377201.8834
3.75 1.125 46061890.8264
4.25 1.125 45334990.527
4.75 1.125 42145775.6373
5.25 1.125 35427965.2544
5.75 1.125 26847171.985
6.25 1.125 17876452.065
6.75 1.125 9967199.13843
7.25 1.125 3711524.04527
7.75 1.125 642656.887216
8.25 1.125 24069.5463377
8.75 1.125 0.0
0.25 1.375 24392078.2586
0.75 1.375 29333556.1217
1.25 1.375 32934360.2538
1.75 1.375 35259478.4301
2.25 1.375 36990078.8117
2.75 1.375 37741048.6575
3.25 1.375 37591817.4702
3.75 1.375 38046731.896
4.25 1.375 36308910.6504
4.75 1.375 31860858.4872
5.25 1.375 27213029.0894
5.75 1.375 20052339.0539
6.25 1.375 13134751.4365
6.75 1.375 6732252.11065
7.25 1.375 2464721.54498
7.75 1.375 332159.73946
8.25 1.375 7220.8639013
8.75 1.375 0.0
0.25 1.625 21672219.5224
0.75 1.625 25123792.4673
1.25 1.625 28026579.7556
1.75 1.625 29896783.506
2.25 1.625 31160434.6887
2.75 1.625 31487780.5189
3.25 1.625 30799391.4937
3.75 1.625 30029166.0109
4.25 1.625 28103602.3039
4.75 1.625 24510019.0357
5.25 1.625 20117326.829
5.75 1.625 14528378.1694
6.25 1.625 9064591.15077
6.75 1.625 4423982.61686
7.25 1.625 1441765.82563
7.75 1.625 194963.325335
8.25 1.625 9627.81853507
8.75 1.625 0.0
0.25 1.875 18923477.3307
0.75 1.875 22001972.3073
1.25 1.875 24613518.0849
1.75 1.875 25150268.9682
2.25 1.875 26113050.8217
2.75 1.875 25504091.2994
3.25 1.875 25477614.7984
3.75 1.875 23901059.5133
4.25 1.875 21600010.8834
4.75 1.875 19296555.2989
5.25 1.875 14858130.9542
5.75 1.875 10311393.6511
6.25 1.875 6238826.41072
6.75 1.875 2950926.381
7.25 1.875 811143.71158
7.75 1.875 96278.1853507
8.25 1.875 0.0
8.75 1.875 0.0
0.25 2.125 16396174.9652
0.75 2.125 18738141.8239
1.25 2.125 20408568.3397
1.75 2.125 21424303.1952
2.25 2.125 21561499.6093
2.75 2.125 21258223.3254
3.25 2.125 20389312.7026
3.75 2.125 18829606.1
4.25 2.125 17108633.5368
4.75 2.125 14239543.6134
5.25 2.125 10585786.4793
5.75 2.125 7382129.86176
6.25 2.125 4460086.93637
6.75 2.125 1889459.38751
7.25 2.125 519902.200894
7.75 2.125 40918.228774
8.25 2.125 0.0
8.75 2.125 0.0
0.25 2.375 14208253.2031
0.75 2.375 16304710.6891
1.25 2.375 17267492.5426
1.75 2.375 17655012.2387
2.25 2.375 17784987.7889
2.75 2.375 17385433.3197
3.25 2.375 16451534.9218
3.75 2.375 15240836.741
4.25 2.375 12987927.2038
4.75 2.375 11182711.2285
5.25 2.375 8407492.53575
5.75 2.375 5514333.06596
6.25 2.375 2996658.51904
6.75 2.375 1338266.77637
7.25 2.375 361043.195065
7.75 2.375 21662.5917039
8.25 2.375 0.0
8.75 2.375 0.0
0.25 2.625 12626884.0087
0.75 2.625 13623363.2271
1.25 2.625 14403216.5285
1.75 2.625 15108454.2362
2.25 2.625 15108454.2362
2.75 2.625 14557261.625
3.25 2.625 13474132.0398
3.75 2.625 11782042.9323
4.25 2.625 10386009.2447
4.75 2.625 8275110.03089
5.25 2.625 6190687.31805
5.75 2.625 3930556.91694
6.25 2.625 2197549.58063
6.75 2.625 794295.029143
7.25 2.625 192556.370701
7.75 2.625 9627.81853507
8.25 2.625 0.0
8.75 2.625 0.0
0.25 2.875 10304172.7872
0.75 2.875 11784449.8869
1.25 2.875 12277875.5868
1.75 2.875 12393409.4093
2.25 2.875 12311572.9517
2.75 2.875 11782042.9323
3.25 2.875 10795191.5324
3.75 2.875 9931094.81892
4.25 2.875 8157169.25384
4.75 2.875 6380836.73412
5.25 2.875 4630980.71537
5.75 2.875 2808916.05761
6.25 2.875 1494718.82757
6.75 2.875 589703.885273
7.25 2.875 98685.1399845
7.75 2.875 4813.90926753
8.25 2.875 0.0
8.75 2.875 0.0
0.25 3.125 9083846.78784
0.75 3.125 9808340.1326
1.25 3.125 10222336.3296
1.75 3.125 10284917.1501
2.25 3.125 10219929.375
2.75 3.125 9647074.17214
3.25 3.125 8518212.4489
3.75 3.125 7733545.23829
4.25 3.125 6424161.91752
4.75 3.125 4958326.54556
5.25 3.125 3694675.36283
5.75 3.125 2161445.26112
6.25 3.125 1047025.26569
6.75 3.125 397147.514572
7.25 3.125 81836.4575481
7.75 3.125 4813.90926753
8.25 3.125 0.0
8.75 3.125 0.0
0.25 3.375 8099402.34263
0.75 3.375 8561537.63231
1.25 3.375 8828709.59666
1.75 3.375 8922580.82737
2.25 3.375 8496549.8572
2.75 3.375 7531361.04906
3.25 3.375 7459152.41004
3.75 3.375 6359174.14241
4.25 3.375 5148475.96163
4.75 3.375 3997951.64669
5.25 3.375 2770404.78347
5.75 3.375 1689682.1529
6.25 3.375 755783.755003
6.75 3.375 276799.782883
7.25 3.375 45732.1380416
7.75 3.375 2406.95463377
8.25 3.375 0.0
8.75 3.375 0.0
0.25 3.625 6628753.06139
0.75 3.625 7086074.44181
1.25 3.625 7377315.9525
1.75 3.625 7293072.54031
2.25 3.625 7052377.07694
2.75 3.625 6575800.05945
3.25 3.625 6161803.86244
3.75 3.625 5285672.37575
4.25 3.625 4221798.42763
4.75 3.625 3071274.11269
5.25 3.625 2050725.34797
5.75 3.625 1177000.81591
6.25 3.625 604145.613076
6.75 3.625 180521.597533
7.25 3.625 9627.81853507
7.75 3.625 0.0
8.25 3.625 0.0
8.75 3.625 0.0
0.25 3.875 6185873.40878
0.75 3.875 6354360.23315
1.25 3.875 6156989.95318
1.75 3.875 6441010.59996
2.25 3.875 6072746.54099
2.75 3.875 5625052.97911
3.25 3.875 5093116.00505
3.75 3.875 4409540.88906
4.25 3.875 3425096.44385
4.75 3.875 2563406.68496
5.25 3.875 1648763.92413
5.75 3.875 948340.125704
6.25 3.875 462135.289683
6.75 3.875 113126.867787
7.25 3.875 16848.6824364
7.75 3.875 0.0
8.25 3.875 0.0
8.75 3.875 0.0
0.25 4.125 5114778.59676
0.75 4.125 5442124.42695
1.25 4.125 5314555.83136
1.75 4.125 5196615.0543
2.25 4.125 4951105.68166
2.75 4.125 4585248.57733
3.25 4.125 4118299.37838
3.75 4.125 3441945.12629
4.25 4.125 2736707.41859
4.75 4.125 2077201.84894
5.25 4.125 1374371.09588
5.75 4.125 753376.800369
6.25 4.125 339380.603361
6.75 4.125 69801.6843792
7.25 4.125 4813.90926753
7.75 4.125 0.0
8.25 4.125 0.0
8.75 4.125 0.0
0.25 4.375 4229019.29153
0.75 4.375 4520260.80221
1.25 4.375 4534702.53002
1.75 4.375 4582841.62269
2.25 4.375 4397506.11589
2.75 4.375 3937777.78084
3.25 4.375 3413061.67068
3.75 4.375 2888345.56052
4.25 4.375 2187921.76209
4.75 4.375 1675240.4251
5.25 4.375 1213105.13542
5.75 4.375 592110.839907
6.25 4.375 233474.599475
6.75 4.375 50546.0473091
7.25 4.375 0.0
7.75 4.375 0.0
8.25 4.375 0.0
8.75 4.375 0.0
0.25 4.625 3569513.72188
0.75 4.625 3928149.96231
1.25 4.625 3759663.13794
1.75 4.625 4014800.32912
2.25 4.625 3776511.82038
2.75 4.625 3295120.89363
3.25 4.625 3073681.06732
3.75 4.625 2452686.77181
4.25 4.625 1901494.16068
4.75 4.625 1362336.32271
5.25 4.625 847248.031086
5.75 4.625 450100.516514
6.25 4.625 199777.234603
6.75 4.625 45732.1380416
7.25 4.625 2406.95463377
7.75 4.625 0.0
8.25 4.625 0.0
8.75 4.625 0.0
0.25 4.875 3408247.76141
0.75 4.875 3393806.03361
1.25 4.875 3543037.22091
1.75 4.875 3246981.80095
2.25 4.875 3177180.11657
2.75 4.875 2772811.7381
3.25 4.875 2486384.13668
3.75 4.875 2209584.3538
4.25 4.875 1636729.15096
4.75 4.875 1059060.03886
5.25 4.875 738935.072567
5.75 4.875 406775.333107
6.25 4.875 137196.414125
6.75 4.875 48139.0926753
7.25 4.875 0.0
7.75 4.875 0.0
8.25 4.875 0.0
8.75 4.875 0.0
0.25 5.125 3013507.20148
0.75 5.125 2897973.37906
1.25 5.125 2991844.60977
1.75 5.125 2873903.83272
2.25 5.125 2765590.8742
2.75 5.125 2269758.21964
3.25 5.125 2214398.26307
3.75 5.125 1766704.70119
4.25 5.125 1323825.04857
4.75 5.125 914642.760832
5.25 5.125 568041.293569
5.75 5.125 322531.920925
6.25 5.125 139603.368758
6.75 5.125 24069.5463377
7.25 5.125 0.0
7.75 5.125 0.0
8.25 5.125 0.0
8.75 5.125 0.0
0.25 5.375 2729486.55469
0.75 5.375 2517674.54692
1.25 5.375 2573034.5035
1.75 5.375 2500825.86448
2.25 5.375 2402140.7245
2.75 5.375 2108492.25918
3.25 5.375 1875017.6597
3.75 5.375 1422510.18856
4.25 5.375 1148117.36031
4.75 5.375 791888.074509
5.25 5.375 539157.837964
5.75 5.375 233474.599475
6.25 5.375 64987.7751117
6.75 5.375 21662.5917039
7.25 5.375 0.0
7.75 5.375 0.0
8.25 5.375 0.0
8.75 5.375 0.0
0.25 5.625 2161445.26112
0.75 5.625 2298641.67525
1.25 5.625 2329932.08549
1.75 5.625 2159038.30649
2.25 5.625 1937598.48018
2.75 5.625 1785960.33826
3.25 5.625 1603031.78609
3.75 5.625 1355115.45881
4.25 5.625 902607.987663
4.75 5.625 690795.979891
5.25 5.625 394740.559938
5.75 5.625 211812.007772
6.25 5.625 57766.9112104
6.75 5.625 21662.5917039
7.25 5.625 0.0
7.75 5.625 0.0
8.25 5.625 0.0
8.75 5.625 0.0
0.25 5.875 2000179.30066
0.75 5.875 1867796.7958
1.25 5.875 1935191.52555
1.75 5.875 1826878.56703
2.25 5.875 1660798.6973
2.75 5.875 1658391.74267
3.25 5.875 1258837.27346
3.75 5.875 1102385.22227
4.25 5.875 755783.755003
4.75 5.875 580076.066738
5.25 5.875 317718.011657
5.75 5.875 163672.915096
6.25 5.875 28883.4556052
6.75 5.875 9627.81853507
7.25 5.875 0.0
7.75 5.875 0.0
8.25 5.875 0.0
8.75 5.875 0.0
0.25 6.125 1862982.88654
0.75 6.125 1730600.38168
1.25 6.125 1805215.97533
1.75 6.125 1706530.83534
2.25 6.125 1506753.60074
2.75 6.125 1396033.68758
3.25 6.125 1217919.04469
3.75 6.125 849654.98572
4.25 6.125 746155.936468
4.75 6.125 466949.198951
5.25 6.125 284020.646785
5.75 6.125 139603.368758
6.25 6.125 43325.1834078
6.75 6.125 2406.95463377
7.25 6.125 0.0
7.75 6.125 0.0
8.25 6.125 0.0
8.75 6.125 0.0
0.25 6.375 1538044.01098
0.75 6.375 1526009.23781
1.25 6.375 1492311.87294
1.75 6.375 1477870.14513
2.25 6.375 1280499.86516
2.75 6.375 1210698.18078
3.25 6.375 996479.21838
3.75 6.375 748562.891102
4.25 6.375 582483.021372
4.75 6.375 428437.924811
5.25 6.375 197370.279969
5.75 6.375 96278.1853507
6.25 6.375 28883.4556052
6.75 6.375 0.0
7.25 6.375 0.0
7.75 6.375 0.0
8.25 6.375 0.0
8.75 6.375 0.0
0.25 6.625 1446579.73489
0.75 6.625 1417696.27929
1.25 6.625 1350301.54954
1.75 6.625 1251616.40956
2.25 6.625 1189035.58908
2.75 6.625 1116826.95007
3.25 6.625 945933.17107
3.75 6.625 688389.025257
4.25 6.625 580076.066738
4.75 6.625 339380.603361
5.25 6.625 161265.960462
5.75 6.625 67394.7297455
6.25 6.625 14441.7278026
6.75 6.625 2406.95463377
7.25 6.625 0.0
7.75 6.625 0.0
8.25 6.625 0.0
8.75 6.625 0.0
0.25 6.875 1299755.50223
0.75 6.875 1268465.092
1.25 6.875 1203477.31688
1.75 6.875 1090350.4491
2.25 6.875 994072.263746
2.75 6.875 847248.031086
3.25 6.875 811143.71158
3.75 6.875 647470.796483
4.25 6.875 421217.060909
4.75 6.875 296055.419953
5.25 6.875 113126.867787
5.75 6.875 72208.639013
6.25 6.875 28883.4556052
6.75 6.875 0.0
7.25 6.875 0.0
7.75 6.875 0.0
8.25 6.875 0.0
8.75 6.875 0.0
0.25 7.125 1114419.99543
0.75 7.125 1090350.4491
1.25 7.125 1034990.49252
1.75 7.125 1042211.35642
2.25 7.125 948340.125704
2.75 7.125 827992.394016
3.25 7.125 618587.340878
3.75 7.125 505460.473091
4.25 7.125 394740.559938
4.75 7.125 271985.873616
5.25 7.125 125161.640956
5.75 7.125 48139.0926753
6.25 7.125 7220.8639013
6.75 7.125 0.0
7.25 7.125 0.0
7.75 7.125 0.0
8.25 7.125 0.0
8.75 7.125 0.0
0.25 7.375 921863.624733
0.75 7.375 1003700.08228
1.25 7.375 873724.532057
1.75 7.375 876131.486691
2.25 7.375 844841.076452
2.75 7.375 681168.161356
3.25 7.375 582483.021372
3.75 7.375 462135.289683
4.25 7.375 363450.149699
4.75 7.375 219032.871673
5.25 7.375 117940.777055
5.75 7.375 43325.1834078
6.25 7.375 12034.7731688
6.75 7.375 0.0
7.25 7.375 0.0
7.75 7.375 0.0
8.25 7.375 0.0
8.75 7.375 0.0
0.25 7.625 827992.394016
0.75 7.625 787074.165242
1.25 7.625 791888.074509
1.75 7.625 837620.212551
2.25 7.625 750969.845735
2.75 7.625 702830.75306
3.25 7.625 539157.837964
3.75 7.625 370671.0136
4.25 7.625 303276.283855
4.75 7.625 170893.778997
5.25 7.625 89057.3214494
5.75 7.625 45732.1380416
6.25 7.625 2406.95463377
6.75 7.625 0.0
7.25 7.625 0.0
7.75 7.625 0.0
8.25 7.625 0.0
8.75 7.625 0.0
0.25 7.875 878538.441325
0.75 7.875 763004.618904
1.25 7.875 712458.571595
1.75 7.875 722086.39013
2.25 7.875 640249.932582
2.75 7.875 601738.658442
3.25 7.875 418810.106275
3.75 7.875 312904.10239
4.25 7.875 245509.372644
4.75 7.875 117940.777055
5.25 7.875 108312.95852
5.75 7.875 28883.4556052
6.25 7.875 9627.81853507
6.75 7.875 0.0
7.25 7.875 0.0
7.75 7.875 0.0
8.25 7.875 0.0
8.75 7.875 0.0
0.25 8.125 763004.618904
0.75 8.125 758190.709637
1.25 8.125 770225.482805
1.75 8.125 623401.250146
2.25 8.125 543971.747231
2.75 8.125 464542.244317
3.25 8.125 413996.197008
3.75 8.125 365857.104333
4.25 8.125 219032.871673
4.75 8.125 199777.234603
5.25 8.125 79429.5029143
5.75 8.125 28883.4556052
6.25 8.125 9627.81853507
6.75 8.125 0.0
7.25 8.125 0.0
7.75 8.125 0.0
8.25 8.125 0.0
8.75 8.125 0.0
0.25 8.375 633029.068681
0.75 8.375 633029.068681
1.25 8.375 580076.066738
1.75 8.375 527123.064795
2.25 8.375 543971.747231
2.75 8.375 440472.697979
3.25 8.375 385112.741403
3.75 8.375 327345.830192
4.25 8.375 202184.189236
4.75 8.375 129975.550223
5.25 8.375 57766.9112104
5.75 8.375 12034.7731688
6.25 8.375 4813.90926753
6.75 8.375 0.0
7.25 8.375 0.0
7.75 8.375 0.0
8.25 8.375 0.0
8.75 8.375 0.0
0.25 8.625 568041.293569
0.75 8.625 616180.386244
1.25 8.625 546378.701865
1.75 8.625 507867.427725
2.25 8.625 459728.33505
2.75 8.625 423624.015543
3.25 8.625 308090.193122
3.75 8.625 226253.735574
4.25 8.625 173300.733631
4.75 8.625 96278.1853507
5.25 8.625 43325.1834078
5.75 8.625 14441.7278026
6.25 8.625 2406.95463377
6.75 8.625 0.0
7.25 8.625 0.0
7.75 8.625 0.0
8.25 8.625 0.0
8.75 8.625 0.0
0.25 8.875 503053.518457
0.75 8.875 478983.97212
1.25 8.875 522309.155527
1.75 8.875 481390.926753
2.25 8.875 409182.28774
2.75 8.875 385112.741403
3.25 8.875 308090.193122
3.75 8.875 257544.145813
4.25 8.875 175707.688265
4.75 8.875 110719.913153
5.25 8.875 38511.2741403
5.75 8.875 38511.2741403
6.25 8.875 0.0
6.75 8.875 0.0
7.25 8.875 0.0
7.75 8.875 0.0
8.25 8.875 0.0
8.75 8.875 0.0
0.25 9.125 421217.060909
0.75 9.125 495832.654556
1.25 9.125 442879.652613
1.75 9.125 430844.879444
2.25 9.125 382705.786769
2.75 9.125 349008.421896
3.25 9.125 259951.100447
3.75 9.125 223846.78094
4.25 9.125 142010.323392
4.75 9.125 101092.094618
5.25 9.125 26476.5009714
5.75 9.125 7220.8639013
6.25 9.125 2406.95463377
6.75 9.125 0.0
7.25 9.125 0.0
7.75 9.125 0.0
8.25 9.125 0.0
8.75 9.125 0.0
0.25 9.375 474170.062852
0.75 9.375 445286.607247
1.25 9.375 416403.151642
1.75 9.375 421217.060909
2.25 9.375 327345.830192
2.75 9.375 264765.009714
3.25 9.375 194963.325335
3.75 9.375 204591.14387
4.25 9.375 101092.094618
4.75 9.375 67394.7297455
5.25 9.375 24069.5463377
5.75 9.375 14441.7278026
6.25 9.375 2406.95463377
6.75 9.375 0.0
7.25 9.375 0.0
7.75 9.375 0.0
8.25 9.375 0.0
8.75 9.375 0.0
0.25 9.625 382705.786769
0.75 9.625 433251.834078
1.25 9.625 404368.378473
1.75 9.625 305683.238488
2.25 9.625 291241.510686
2.75 9.625 235881.554109
3.25 9.625 197370.279969
3.75 9.625 158859.005829
4.25 9.625 132382.504857
4.75 9.625 77022.5482805
5.25 9.625 21662.5917039
5.75 9.625 2406.95463377
6.25 9.625 0.0
6.75 9.625 0.0
7.25 9.625 0.0
7.75 9.625 0.0
8.25 9.625 0.0
8.75 9.625 0.0
0.25 9.875 385112.741403
0.75 9.875 351415.37653
1.25 9.875 353822.331164
1.75 9.875 303276.283855
2.25 9.875 327345.830192
2.75 9.875 228660.690208
3.25 9.875 187742.461434
3.75 9.875 122754.686322
4.25 9.875 86650.3668156
4.75 9.875 69801.6843792
5.25 9.875 38511.2741403
5.75 9.875 9627.81853507
6.25 9.875 0.0
6.75 9.875 0.0
7.25 9.875 0.0
7.75 9.875 0.0
8.25 9.875 0.0
8.75 9.875 0.0
0.25 10.125 332159.73946
0.75 10.125 368264.058966
1.25 10.125 284020.646785
1.75 10.125 317718.011657
2.25 10.125 257544.145813
2.75 10.125 250323.281912
3.25 10.125 151638.141927
3.75 10.125 122754.686322
4.25 10.125 77022.5482805
4.75 10.125 38511.2741403
5.25 10.125 28883.4556052
5.75 10.125 9627.81853507
6.25 10.125 2406.95463377
6.75 10.125 0.0
7.25 10.125 0.0
7.75 10.125 0.0
8.25 10.125 0.0
8.75 10.125 0.0
0.25 10.375 281613.692151
0.75 10.375 315311.057023
1.25 10.375 322531.920925
1.75 10.375 281613.692151
2.25 10.375 221439.826307
2.75 10.375 199777.234603
3.25 10.375 137196.414125
3.75 10.375 149231.187294
4.25 10.375 62580.8204779
4.75 10.375 43325.1834078
5.25 10.375 16848.6824364
5.75 10.375 0.0
6.25 10.375 0.0
6.75 10.375 0.0
7.25 10.375 0.0
7.75 10.375 0.0
8.25 10.375 0.0
8.75 10.375 0.0
0.25 10.625 298462.374587
0.75 10.625 341787.557995
1.25 10.625 255137.191179
1.75 10.625 240695.463377
2.25 10.625 190149.416068
2.75 10.625 166079.86973
3.25 10.625 163672.915096
3.75 10.625 115533.822421
4.25 10.625 74615.5936468
4.75 10.625 43325.1834078
5.25 10.625 24069.5463377
5.75 10.625 2406.95463377
6.25 10.625 0.0
6.75 10.625 0.0
7.25 10.625 0.0
7.75 10.625 0.0
8.25 10.625 0.0
8.75 10.625 0.0
0.25 10.875 247916.327278
0.75 10.875 223846.78094
1.25 10.875 206998.098504
1.75 10.875 221439.826307
2.25 10.875 209405.053138
2.75 10.875 163672.915096
3.25 10.875 142010.323392
3.75 10.875 91464.2760832
4.25 10.875 57766.9112104
4.75 10.875 40918.228774
5.25 10.875 21662.5917039
5.75 10.875 7220.8639013
6.25 10.875 2406.95463377
6.75 10.875 0.0
7.25 10.875 0.0
7.75 10.875 0.0
8.25 10.875 0.0
8.75 10.875 0.0
0.25 11.125 286427.601418
0.75 11.125 202184.189236
1.25 11.125 250323.281912
1.75 11.125 211812.007772
2.25 11.125 175707.688265
2.75 11.125 154045.096561
3.25 11.125 125161.640956
3.75 11.125 98685.1399845
4.25 11.125 43325.1834078
4.75 11.125 31290.410239
5.25 11.125 24069.5463377
5.75 11.125 7220.8639013
6.25 11.125 0.0
6.75 11.125 0.0
7.25 11.125 0.0
7.75 11.125 0.0
8.25 11.125 0.0
8.75 11.125 0.0
0.25 11.375 206998.098504
0.75 11.375 257544.145813
1.25 11.375 206998.098504
1.75 11.375 194963.325335
2.25 11.375 149231.187294
2.75 11.375 129975.550223
3.25 11.375 122754.686322
3.75 11.375 74615.5936468
4.25 11.375 36104.3195065
4.75 11.375 14441.7278026
5.25 11.375 7220.8639013
5.75 11.375 0.0
6.25 11.375 2406.95463377
6.75 11.375 0.0
7.25 11.375 0.0
7.75 11.375 0.0
8.25 11.375 0.0
8.75 11.375 0.0
0.25 11.625 194963.325335
0.75 11.625 194963.325335
1.25 11.625 175707.688265
1.75 11.625 170893.778997
2.25 11.625 151638.141927
2.75 11.625 134789.459491
3.25 11.625 105906.003886
3.75 11.625 72208.639013
4.25 11.625 43325.1834078
4.75 11.625 19255.6370701
5.25 11.625 7220.8639013
5.75 11.625 0.0
6.25 11.625 2406.95463377
6.75 11.625 0.0
7.25 11.625 0.0
7.75 11.625 0.0
8.25 11.625 0.0
8.75 11.625 0.0
0.25 11.875 166079.86973
0.75 11.875 226253.735574
1.25 11.875 163672.915096
1.75 11.875 166079.86973
2.25 11.875 98685.1399845
2.75 11.875 113126.867787
3.25 11.875 79429.5029143
3.75 11.875 64987.7751117
4.25 11.875 40918.228774
4.75 11.875 38511.2741403
5.25 11.875 7220.8639013
5.75 11.875 0.0
6.25 11.875 0.0
6.75 11.875 0.0
7.25 11.875 0.0
7.75 11.875 0.0
8.25 11.875 0.0
8.75 11.875 0.0
0.25 12.125 163672.915096
0.75 12.125 166079.86973
1.25 12.125 154045.096561
1.75 12.125 151638.141927
2.25 12.125 151638.141927
2.75 12.125 72208.639013
3.25 12.125 81836.4575481
3.75 12.125 57766.9112104
4.25 12.125 50546.0473091
4.75 12.125 19255.6370701
5.25 12.125 16848.6824364
5.75 12.125 0.0
6.25 12.125 0.0
6.75 12.125 0.0
7.25 12.125 0.0
7.75 12.125 0.0
8.25 12.125 0.0
8.75 12.125 0.0
0.25 12.375 129975.550223
0.75 12.375 173300.733631
1.25 12.375 137196.414125
1.75 12.375 146824.23266
2.25 12.375 101092.094618
2.75 12.375 91464.2760832
3.25 12.375 96278.1853507
3.75 12.375 57766.9112104
4.25 12.375 48139.0926753
4.75 12.375 14441.7278026
5.25 12.375 16848.6824364
5.75 12.375 0.0
6.25 12.375 0.0
6.75 12.375 0.0
7.25 12.375 0.0
7.75 12.375 0.0
8.25 12.375 0.0
8.75 12.375 0.0
0.25 12.625 125161.640956
0.75 12.625 146824.23266
1.25 12.625 144417.278026
1.75 12.625 110719.913153
2.25 12.625 129975.550223
2.75 12.625 113126.867787
3.25 12.625 74615.5936468
3.75 12.625 40918.228774
4.25 12.625 26476.5009714
4.75 12.625 33697.3648727
5.25 12.625 0.0
5.75 12.625 0.0
6.25 12.625 0.0
6.75 12.625 0.0
7.25 12.625 0.0
7.75 12.625 0.0
8.25 12.625 0.0
8.75 12.625 0.0
0.25 12.875 113126.867787
0.75 12.875 105906.003886
1.25 12.875 137196.414125
1.75 12.875 101092.094618
2.25 12.875 125161.640956
2.75 12.875 108312.95852
3.25 12.875 45732.1380416
3.75 12.875 43325.1834078
4.25 12.875 26476.5009714
4.75 12.875 24069.5463377
5.25 12.875 7220.8639013
5.75 12.875 0.0
6.25 12.875 0.0
6.75 12.875 0.0
7.25 12.875 0.0
7.75 12.875 0.0
8.25 12.875 0.0
8.75 12.875 0.0
0.25 13.125 125161.640956
0.75 13.125 142010.323392
1.25 13.125 115533.822421
1.75 13.125 105906.003886
2.25 13.125 98685.1399845
2.75 13.125 64987.7751117
3.25 13.125 40918.228774
3.75 13.125 43325.1834078
4.25 13.125 24069.5463377
4.75 13.125 19255.6370701
5.25 13.125 0.0
5.75 13.125 0.0
6.25 13.125 0.0
6.75 13.125 0.0
7.25 13.125 0.0
7.75 13.125 0.0
8.25 13.125 0.0
8.75 13.125 0.0
0.25 13.375 105906.003886
0.75 13.375 81836.4575481
1.25 13.375 120347.731688
1.75 13.375 93871.2307169
2.25 13.375 89057.3214494
2.75 13.375 84243.4121819
3.25 13.375 55359.9565766
3.75 13.375 28883.4556052
4.25 13.375 26476.5009714
4.75 13.375 19255.6370701
5.25 13.375 7220.8639013
5.75 13.375 0.0
6.25 13.375 0.0
6.75 13.375 0.0
7.25 13.375 0.0
7.75 13.375 0.0
8.25 13.375 0.0
8.75 13.375 0.0
0.25 13.625 98685.1399845
0.75 13.625 117940.777055
1.25 13.625 77022.5482805
1.75 13.625 79429.5029143
2.25 13.625 67394.7297455
2.75 13.625 69801.6843792
3.25 13.625 52953.0019429
3.75 13.625 48139.0926753
4.25 13.625 21662.5917039
4.75 13.625 12034.7731688
5.25 13.625 0.0
5.75 13.625 0.0
6.25 13.625 0.0
6.75 13.625 0.0
7.25 13.625 0.0
7.75 13.625 0.0
8.25 13.625 0.0
8.75 13.625 0.0
0.25 13.875 110719.913153
0.75 13.875 129975.550223
1.25 13.875 113126.867787
1.75 13.875 84243.4121819
2.25 13.875 60173.8658442
2.75 13.875 67394.7297455
3.25 13.875 40918.228774
3.75 13.875 21662.5917039
4.25 13.875 14441.7278026
4.75 13.875 14441.7278026
5.25 13.875 4813.90926753
5.75 13.875 0.0
6.25 13.875 0.0
6.75 13.875 0.0
7.25 13.875 0.0
7.75 13.875 0.0
8.25 13.875 0.0
8.75 13.875 0.0
0.25 14.125 96278.1853507
0.75 14.125 89057.3214494
1.25 14.125 93871.2307169
1.75 14.125 81836.4575481
2.25 14.125 62580.8204779
2.75 14.125 43325.1834078
3.25 14.125 57766.9112104
3.75 14.125 33697.3648727
4.25 14.125 7220.8639013
4.75 14.125 14441.7278026
5.25 14.125 0.0
5.75 14.125 0.0
6.25 14.125 0.0
6.75 14.125 0.0
7.25 14.125 0.0
7.75 14.125 0.0
8.25 14.125 0.0
8.75 14.125 0.0
0.25 14.375 81836.4575481
0.75 14.375 86650.3668156
1.25 14.375 93871.2307169
1.75 14.375 50546.0473091
2.25 14.375 60173.8658442
2.75 14.375 55359.9565766
3.25 14.375 48139.0926753
3.75 14.375 33697.3648727
4.25 14.375 14441.7278026
4.75 14.375 14441.7278026
5.25 14.375 0.0
5.75 14.375 0.0
6.25 14.375 0.0
6.75 14.375 0.0
7.25 14.375 0.0
7.75 14.375 0.0
8.25 14.375 0.0
8.75 14.375 0.0
0.25 14.625 79429.5029143
0.75 14.625 74615.5936468
1.25 14.625 77022.5482805
1.75 14.625 36104.3195065
2.25 14.625 50546.0473091
2.75 14.625 48139.0926753
3.25 14.625 26476.5009714
3.75 14.625 16848.6824364
4.25 14.625 9627.81853507
4.75 14.625 9627.81853507
5.25 14.625 7220.8639013
5.75 14.625 2406.95463377
6.25 14.625 0.0
6.75 14.625 0.0
7.25 14.625 0.0
7.75 14.625 0.0
8.25 14.625 0.0
8.75 14.625 0.0
0.25 14.875 67394.7297455
0.75 14.875 62580.8204779
1.25 14.875 77022.5482805
1.75 14.875 57766.9112104
2.25 14.875 74615.5936468
2.75 14.875 38511.2741403
3.25 14.875 36104.3195065
3.75 14.875 12034.7731688
4.25 14.875 12034.7731688
4.75 14.875 9627.81853507
5.25 14.875 0.0
5.75 14.875 0.0
6.25 14.875 2406.95463377
6.75 14.875 0.0
7.25 14.875 0.0
7.75 14.875 0.0
8.25 14.875 0.0
8.75 14.875 0.0
0.25 15.125 45732.1380416
0.75 15.125 84243.4121819
1.25 15.125 33697.3648727
1.75 15.125 72208.639013
2.25 15.125 45732.1380416
2.75 15.125 26476.5009714
3.25 15.125 28883.4556052
3.75 15.125 24069.5463377
4.25 15.125 9627.81853507
4.75 15.125 0.0
5.25 15.125 0.0
5.75 15.125 0.0
6.25 15.125 0.0
6.75 15.125 0.0
7.25 15.125 0.0
7.75 15.125 0.0
8.25 15.125 0.0
8.75 15.125 0.0
0.25 15.375 84243.4121819
0.75 15.375 77022.5482805
1.25 15.375 50546.0473091
1.75 15.375 74615.5936468
2.25 15.375 38511.2741403
2.75 15.375 28883.4556052
3.25 15.375 24069.5463377
3.75 15.375 9627.81853507
4.25 15.375 14441.7278026
4.75 15.375 7220.8639013
5.25 15.375 0.0
5.75 15.375 0.0
6.25 15.375 0.0
6.75 15.375 0.0
7.25 15.375 0.0
7.75 15.375 0.0
8.25 15.375 0.0
8.75 15.375 0.0
0.25 15.625 72208.639013
0.75 15.625 40918.228774
1.25 15.625 38511.2741403
1.75 15.625 60173.8658442
2.25 15.625 74615.5936468
2.75 15.625 28883.4556052
3.25 15.625 28883.4556052
3.75 15.625 21662.5917039
4.25 15.625 7220.8639013
4.75 15.625 9627.81853507
5.25 15.625 0.0
5.75 15.625 0.0
6.25 15.625 0.0
6.75 15.625 0.0
7.25 15.625 0.0
7.75 15.625 0.0
8.25 15.625 0.0
8.75 15.625 0.0
0.25 15.875 74615.5936468
0.75 15.875 74615.5936468
1.25 15.875 50546.0473091
1.75 15.875 60173.8658442
2.25 15.875 48139.0926753
2.75 15.875 31290.410239
3.25 15.875 14441.7278026
3.75 15.875 16848.6824364
4.25 15.875 12034.7731688
4.75 15.875 9627.81853507
5.25 15.875 0.0
5.75 15.875 0.0
6.25 15.875 0.0
6.75 15.875 0.0
7.25 15.875 0.0
7.75 15.875 0.0
8.25 15.875 0.0
8.75 15.875 0.0
0.25 16.125 50546.0473091
0.75 16.125 67394.7297455
1.25 16.125 40918.228774
1.75 16.125 48139.0926753
2.25 16.125 33697.3648727
2.75 16.125 28883.4556052
3.25 16.125 21662.5917039
3.75 16.125 26476.5009714
4.25 16.125 0.0
4.75 16.125 2406.95463377
5.25 16.125 0.0
5.75 16.125 0.0
6.25 16.125 0.0
6.75 16.125 0.0
7.25 16.125 0.0
7.75 16.125 0.0
8.25 16.125 0.0
8.75 16.125 0.0
0.25 16.375 55359.9565766
0.75 16.375 74615.5936468
1.25 16.375 52953.0019429
1.75 16.375 50546.0473091
2.25 16.375 28883.4556052
2.75 16.375 33697.3648727
3.25 16.375 19255.6370701
3.75 16.375 14441.7278026
4.25 16.375 12034.7731688
4.75 16.375 0.0
5.25 16.375 0.0
5.75 16.375 0.0
6.25 16.375 0.0
6.75 16.375 0.0
7.25 16.375 0.0
7.75 16.375 0.0
8.25 16.375 0.0
8.75 16.375 0.0
0.25 16.625 57766.9112104
0.75 16.625 38511.2741403
1.25 16.625 38511.2741403
1.75 16.625 38511.2741403
2.25 16.625 40918.228774
2.75 16.625 19255.6370701
3.25 16.625 16848.6824364
3.75 16.625 14441.7278026
4.25 16.625 9627.81853507
4.75 16.625 2406.95463377
5.25 16.625 0.0
5.75 16.625 2406.95463377
6.25 16.625 0.0
6.75 16.625 0.0
7.25 16.625 0.0
7.75 16.625 0.0
8.25 16.625 0.0
8.75 16.625 0.0
0.25 16.875 43325.1834078
0.75 16.875 57766.9112104
1.25 16.875 55359.9565766
1.75 16.875 43325.1834078
2.25 16.875 43325.1834078
2.75 16.875 19255.6370701
3.25 16.875 19255.6370701
3.75 16.875 24069.5463377
4.25 16.875 7220.8639013
4.75 16.875 9627.81853507
5.25 16.875 0.0
5.75 16.875 0.0
6.25 16.875 0.0
6.75 16.875 0.0
7.25 16.875 0.0
7.75 16.875 0.0
8.25 16.875 0.0
8.75 16.875 0.0
0.25 17.125 33697.3648727
0.75 17.125 36104.3195065
1.25 17.125 62580.8204779
1.75 17.125 21662.5917039
2.25 17.125 26476.5009714
2.75 17.125 14441.7278026
3.25 17.125 26476.5009714
3.75 17.125 21662.5917039
4.25 17.125 2406.95463377
4.75 17.125 0.0
5.25 17.125 2406.95463377
5.75 17.125 0.0
6.25 17.125 0.0
6.75 17.125 0.0
7.25 17.125 0.0
7.75 17.125 0.0
8.25 17.125 0.0
8.75 17.125 0.0
0.25 17.375 33697.3648727
0.75 17.375 40918.228774
1.25 17.375 45732.1380416
1.75 17.375 50546.0473091
2.25 17.375 24069.5463377
2.75 17.375 28883.4556052
3.25 17.375 19255.6370701
3.75 17.375 14441.7278026
4.25 17.375 7220.8639013
4.75 17.375 2406.95463377
5.25 17.375 2406.95463377
5.75 17.375 2406.95463377
6.25 17.375 0.0
6.75 17.375 0.0
7.25 17.375 0.0
7.75 17.375 0.0
8.25 17.375 0.0
8.75 17.375 0.0
0.25 17.625 26476.5009714
0.75 17.625 26476.5009714
1.25 17.625 38511.2741403
1.75 17.625 28883.4556052
2.25 17.625 16848.6824364
2.75 17.625 26476.5009714
3.25 17.625 16848.6824364
3.75 17.625 14441.7278026
4.25 17.625 4813.90926753
4.75 17.625 0.0
5.25 17.625 0.0
5.75 17.625 0.0
6.25 17.625 0.0
6.75 17.625 0.0
7.25 17.625 0.0
7.75 17.625 0.0
8.25 17.625 0.0
8.75 17.625 0.0
0.25 17.875 31290.410239
0.75 17.875 40918.228774
1.25 17.875 24069.5463377
1.75 17.875 21662.5917039
2.25 17.875 12034.7731688
2.75 17.875 26476.5009714
3.25 17.875 19255.6370701
3.75 17.875 16848.6824364
4.25 17.875 4813.90926753
4.75 17.875 7220.8639013
5.25 17.875 0.0
5.75 17.875 0.0
6.25 17.875 0.0
6.75 17.875 0.0
7.25 17.875 0.0
7.75 17.875 0.0
8.25 17.875 0.0
8.75 17.875 0.0
0.25 18.125 31290.410239
0.75 18.125 28883.4556052
1.25 18.125 45732.1380416
1.75 18.125 28883.4556052
2.25 18.125 19255.6370701
2.75 18.125 28883.4556052
3.25 18.125 14441.7278026
3.75 18.125 14441.7278026
4.25 18.125 7220.8639013
4.75 18.125 0.0
5.25 18.125 0.0
5.75 18.125 0.0
6.25 18.125 0.0
6.75 18.125 0.0
7.25 18.125 0.0
7.75 18.125 0.0
8.25 18.125 0.0
8.75 18.125 0.0
0.25 18.375 19255.6370701
0.75 18.375 36104.3195065
1.25 18.375 33697.3648727
1.75 18.375 14441.7278026
2.25 18.375 24069.5463377
2.75 18.375 24069.5463377
3.25 18.375 7220.8639013
3.75 18.375 4813.90926753
4.25 18.375 2406.95463377
4.75 18.375 0.0
5.25 18.375 2406.95463377
5.75 18.375 0.0
6.25 18.375 0.0
6.75 18.375 0.0
7.25 18.375 0.0
7.75 18.375 0.0
8.25 18.375 0.0
8.75 18.375 0.0
0.25 18.625 45732.1380416
0.75 18.625 28883.4556052
1.25 18.625 24069.5463377
1.75 18.625 40918.228774
2.25 18.625 12034.7731688
2.75 18.625 7220.8639013
3.25 18.625 16848.6824364
3.75 18.625 14441.7278026
4.25 18.625 2406.95463377
4.75 18.625 2406.95463377
5.25 18.625 2406.95463377
5.75 18.625 0.0
6.25 18.625 0.0
6.75 18.625 0.0
7.25 18.625 0.0
7.75 18.625 0.0
8.25 18.625 0.0
8.75 18.625 0.0
0.25 18.875 28883.4556052
0.75 18.875 19255.6370701
1.25 18.875 28883.4556052
1.75 18.875 19255.6370701
2.25 18.875 14441.7278026
2.75 18.875 16848.6824364
3.25 18.875 14441.7278026
3.75 18.875 12034.7731688
4.25 18.875 2406.95463377
4.75 18.875 7220.8639013
5.25 18.875 0.0
5.75 18.875 0.0
6.25 18.875 0.0
6.75 18.875 0.0
7.25 18.875 0.0
7.75 18.875 0.0
8.25 18.875 0.0
8.75 18.875 0.0
0.25 19.125 40918.228774
0.75 19.125 24069.5463377
1.25 19.125 31290.410239
1.75 19.125 26476.5009714
2.25 19.125 21662.5917039
2.75 19.125 19255.6370701
3.25 19.125 16848.6824364
3.75 19.125 21662.5917039
4.25 19.125 4813.90926753
4.75 19.125 4813.90926753
5.25 19.125 0.0
5.75 19.125 0.0
6.25 19.125 0.0
6.75 19.125 0.0
7.25 19.125 0.0
7.75 19.125 0.0
8.25 19.125 0.0
8.75 19.125 0.0
0.25 19.375 19255.6370701
0.75 19.375 36104.3195065
1.25 19.375 26476.5009714
1.75 19.375 28883.4556052
2.25 19.375 14441.7278026
2.75 19.375 12034.7731688
3.25 19.375 16848.6824364
3.75 19.375 9627.81853507
4.25 19.375 2406.95463377
4.75 19.375 2406.95463377
5.25 19.375 0.0
5.75 19.375 0.0
6.25 19.375 0.0
6.75 19.375 0.0
7.25 19.375 0.0
7.75 19.375 0.0
8.25 19.375 0.0
8.75 19.375 0.0
0.25 19.625 16848.6824364
0.75 19.625 14441.7278026
1.25 19.625 26476.5009714
1.75 19.625 33697.3648727
2.25 19.625 14441.7278026
2.75 19.625 12034.7731688
3.25 19.625 9627.81853507
3.75 19.625 14441.7278026
4.25 19.625 4813.90926753
4.75 19.625 2406.95463377
5.25 19.625 0.0
5.75 19.625 0.0
6.25 19.625 0.0
6.75 19.625 0.0
7.25 19.625 0.0
7.75 19.625 0.0
8.25 19.625 0.0
8.75 19.625 0.0
0.25 19.875 31290.410239
0.75 19.875 24069.5463377
1.25 19.875 19255.6370701
1.75 19.875 14441.7278026
2.25 19.875 19255.6370701
2.75 19.875 26476.5009714
3.25 19.875 9627.81853507
3.75 19.875 14441.7278026
4.25 19.875 2406.95463377
4.75 19.875 2406.95463377
5.25 19.875 0.0
5.75 19.875 0.0
6.25 19.875 0.0
6.75 19.875 0.0
7.25 19.875 0.0
7.75 19.875 0.0
8.25 19.875 0.0
8.75 19.875 0.0
0.25 20.125 36104.3195065
0.75 20.125 19255.6370701
1.25 20.125 12034.7731688
1.75 20.125 12034.7731688
2.25 20.125 19255.6370701
2.75 20.125 9627.81853507
3.25 20.125 12034.7731688
3.75 20.125 7220.8639013
4.25 20.125 2406.95463377
4.75 20.125 0.0
5.25 20.125 0.0
5.75 20.125 0.0
6.25 20.125 0.0
6.75 20.125 0.0
7.25 20.125 0.0
7.75 20.125 0.0
8.25 20.125 0.0
8.75 20.125 0.0
0.25 20.375 21662.5917039
0.75 20.375 28883.4556052
1.25 20.375 26476.5009714
1.75 20.375 16848.6824364
2.25 20.375 14441.7278026
2.75 20.375 14441.7278026
3.25 20.375 7220.8639013
3.75 20.375 12034.7731688
4.25 20.375 2406.95463377
4.75 20.375 0.0
5.25 20.375 0.0
5.75 20.375 2406.95463377
6.25 20.375 0.0
6.75 20.375 0.0
7.25 20.375 0.0
7.75 20.375 0.0
8.25 20.375 0.0
8.75 20.375 0.0
0.25 20.625 16848.6824364
0.75 20.625 24069.5463377
1.25 20.625 4813.90926753
1.75 20.625 19255.6370701
2.25 20.625 14441.7278026
2.75 20.625 4813.90926753
3.25 20.625 4813.90926753
3.75 20.625 0.0
4.25 20.625 2406.95463377
4.75 20.625 2406.95463377
5.25 20.625 2406.95463377
5.75 20.625 0.0
6.25 20.625 0.0
6.75 20.625 0.0
7.25 20.625 0.0
7.75 20.625 0.0
8.25 20.625 0.0
8.75 20.625 0.0
0.25 20.875 21662.5917039
0.75 20.875 12034.7731688
1.25 20.875 21662.5917039
1.75 20.875 16848.6824364
2.25 20.875 19255.6370701
2.75 20.875 2406.95463377
3.25 20.875 12034.7731688
3.75 20.875 2406.95463377
4.25 20.875 4813.90926753
4.75 20.875 0.0
5.25 20.875 0.0
5.75 20.875 0.0
6.25 20.875 0.0
6.75 20.875 0.0
7.25 20.875 0.0
7.75 20.875 0.0
8.25 20.875 0.0
8.75 20.875 0.0
0.25 21.125 24069.5463377
0.75 21.125 21662.5917039
1.25 21.125 9627.81853507
1.75 21.125 9627.81853507
2.25 21.125 7220.8639013
2.75 21.125 4813.90926753
3.25 21.125 4813.90926753
3.75 21.125 7220.8639013
4.25 21.125 0.0
4.75 21.125 0.0
5.25 21.125 0.0
5.75 21.125 0.0
6.25 21.125 0.0
6.75 21.125 0.0
7.25 21.125 0.0
7.75 21.125 0.0
8.25 21.125 0.0
8.75 21.125 0.0
0.25 21.375 19255.6370701
0.75 21.375 31290.410239
1.25 21.375 9627.81853507
1.75 21.375 7220.8639013
2.25 21.375 12034.7731688
2.75 21.375 7220.8639013
3.25 21.375 9627.81853507
3.75 21.375 7220.8639013
4.25 21.375 2406.95463377
4.75 21.375 2406.95463377
5.25 21.375 0.0
5.75 21.375 0.0
6.25 21.375 0.0
6.75 21.375 0.0
7.25 21.375 0.0
7.75 21.375 0.0
8.25 21.375 0.0
8.75 21.375 0.0
0.25 21.625 19255.6370701
0.75 21.625 19255.6370701
1.25 21.625 7220.8639013
1.75 21.625 9627.81853507
2.25 21.625 9627.81853507
2.75 21.625 4813.90926753
3.25 21.625 4813.90926753
3.75 21.625 0.0
4.25 21.625 0.0
4.75 21.625 2406.95463377
5.25 21.625 0.0
5.75 21.625 0.0
6.25 21.625 0.0
6.75 21.625 0.0
7.25 21.625 0.0
7.75 21.625 0.0
8.25 21.625 0.0
8.75 21.625 0.0
0.25 21.875 9627.81853507
0.75 21.875 12034.7731688
1.25 21.875 4813.90926753
1.75 21.875 4813.90926753
2.25 21.875 7220.8639013
2.75 21.875 4813.90926753
3.25 21.875 2406.95463377
3.75 21.875 0.0
4.25 21.875 2406.95463377
4.75 21.875 4813.90926753
5.25 21.875 0.0
5.75 21.875 0.0
6.25 21.875 0.0
6.75 21.875 0.0
7.25 21.875 0.0
7.75 21.875 0.0
8.25 21.875 0.0
8.75 21.875 0.0
0.25 22.125 31290.410239
0.75 22.125 12034.7731688
1.25 22.125 19255.6370701
1.75 22.125 9627.81853507
2.25 22.125 7220.8639013
2.75 22.125 0.0
3.25 22.125 9627.81853507
3.75 22.125 9627.81853507
4.25 22.125 0.0
4.75 22.125 0.0
5.25 22.125 0.0
5.75 22.125 0.0
6.25 22.125 0.0
6.75 22.125 0.0
7.25 22.125 0.0
7.75 22.125 0.0
8.25 22.125 0.0
8.75 22.125 0.0
0.25 22.375 12034.7731688
0.75 22.375 14441.7278026
1.25 22.375 19255.6370701
1.75 22.375 9627.81853507
2.25 22.375 21662.5917039
2.75 22.375 4813.90926753
3.25 22.375 7220.8639013
3.75 22.375 2406.95463377
4.25 22.375 4813.90926753
4.75 22.375 0.0
5.25 22.375 0.0
5.75 22.375 0.0
6.25 22.375 0.0
6.75 22.375 0.0
7.25 22.375 0.0
7.75 22.375 0.0
8.25 22.375 0.0
8.75 22.375 0.0
0.25 22.625 7220.8639013
0.75 22.625 21662.5917039
1.25 22.625 9627.81853507
1.75 22.625 4813.90926753
2.25 22.625 12034.7731688
2.75 22.625 7220.8639013
3.25 22.625 0.0
3.75 22.625 2406.95463377
4.25 22.625 0.0
4.75 22.625 0.0
5.25 22.625 0.0
5.75 22.625 0.0
6.25 22.625 0.0
6.75 22.625 0.0
7.25 22.625 0.0
7.75 22.625 0.0
8.25 22.625 0.0
8.75 22.625 0.0
0.25 22.875 14441.7278026
0.75 22.875 4813.90926753
1.25 22.875 7220.8639013
1.75 22.875 7220.8639013
2.25 22.875 2406.95463377
2.75 22.875 4813.90926753
3.25 22.875 0.0
3.75 22.875 7220.8639013
4.25 22.875 2406.95463377
4.75 22.875 0.0
5.25 22.875 0.0
5.75 22.875 0.0
6.25 22.875 0.0
6.75 22.875 0.0
7.25 22.875 0.0
7.75 22.875 0.0
8.25 22.875 0.0
8.75 22.875 0.0
0.25 23.125 4813.90926753
0.75 23.125 19255.6370701
1.25 23.125 0.0
1.75 23.125 9627.81853507
2.25 23.125 12034.7731688
2.75 23.125 9627.81853507
3.25 23.125 9627.81853507
3.75 23.125 4813.90926753
4.25 23.125 0.0
4.75 23.125 0.0
5.25 23.125 0.0
5.75 23.125 0.0
6.25 23.125 0.0
6.75 23.125 0.0
7.25 23.125 0.0
7.75 23.125 0.0
8.25 23.125 0.0
8.75 23.125 0.0
0.25 23.375 9627.81853507
0.75 23.375 24069.5463377
1.25 23.375 7220.8639013
1.75 23.375 14441.7278026
2.25 23.375 12034.7731688
2.75 23.375 21662.5917039
3.25 23.375 2406.95463377
3.75 23.375 4813.90926753
4.25 23.375 0.0
4.75 23.375 0.0
5.25 23.375 0.0
5.75 23.375 0.0
6.25 23.375 0.0
6.75 23.375 0.0
7.25 23.375 0.0
7.75 23.375 0.0
8.25 23.375 0.0
8.75 23.375 0.0
0.25 23.625 9627.81853507
0.75 23.625 21662.5917039
1.25 23.625 4813.90926753
1.75 23.625 4813.90926753
2.25 23.625 4813.90926753
2.75 23.625 9627.81853507
3.25 23.625 2406.95463377
3.75 23.625 2406.95463377
4.25 23.625 0.0
4.75 23.625 0.0
5.25 23.625 0.0
5.75 23.625 0.0
6.25 23.625 0.0
6.75 23.625 0.0
7.25 23.625 0.0
7.75 23.625 0.0
8.25 23.625 0.0
8.75 23.625 0.0
0.25 23.875 7220.8639013
0.75 23.875 12034.7731688
1.25 23.875 7220.8639013
1.75 23.875 4813.90926753
2.25 23.875 9627.81853507
2.75 23.875 9627.81853507
3.25 23.875 7220.8639013
3.75 23.875 2406.95463377
4.25 23.875 2406.95463377
4.75 23.875 0.0
5.25 23.875 0.0
5.75 23.875 0.0
6.25 23.875 0.0
6.75 23.875 0.0
7.25 23.875 0.0
7.75 23.875 0.0
8.25 23.875 0.0
8.75 23.875 0.0
0.25 24.125 4813.90926753
0.75 24.125 9627.81853507
1.25 24.125 7220.8639013
1.75 24.125 14441.7278026
2.25 24.125 12034.7731688
2.75 24.125 0.0
3.25 24.125 7220.8639013
3.75 24.125 4813.90926753
4.25 24.125 0.0
4.75 24.125 0.0
5.25 24.125 0.0
5.75 24.125 0.0
6.25 24.125 0.0
6.75 24.125 0.0
7.25 24.125 0.0
7.75 24.125 0.0
8.25 24.125 0.0
8.75 24.125 0.0
0.25 24.375 7220.8639013
0.75 24.375 7220.8639013
1.25 24.375 7220.8639013
1.75 24.375 7220.8639013
2.25 24.375 2406.95463377
2.75 24.375 2406.95463377
3.25 24.375 2406.95463377
3.75 24.375 2406.95463377
4.25 24.375 0.0
4.75 24.375 2406.95463377
5.25 24.375 0.0
5.75 24.375 0.0
6.25 24.375 0.0
6.75 24.375 0.0
7.25 24.375 0.0
7.75 24.375 0.0
8.25 24.375 0.0
8.75 24.375 0.0
0.25 24.625 0.0
0.75 24.625 12034.7731688
1.25 24.625 2406.95463377
1.75 24.625 4813.90926753
2.25 24.625 0.0
2.75 24.625 12034.7731688
3.25 24.625 2406.95463377
3.75 24.625 0.0
4.25 24.625 2406.95463377
4.75 24.625 2406.95463377
5.25 24.625 0.0
5.75 24.625 0.0
6.25 24.625 0.0
6.75 24.625 0.0
7.25 24.625 0.0
7.75 24.625 0.0
8.25 24.625 0.0
8.75 24.625 0.0
0.25 24.875 2406.95463377
0.75 24.875 4813.90926753
1.25 24.875 12034.7731688
1.75 24.875 0.0
2.25 24.875 9627.81853507
2.75 24.875 2406.95463377
3.25 24.875 7220.8639013
3.75 24.875 2406.95463377
4.25 24.875 2406.95463377
4.75 24.875 2406.95463377
5.25 24.875 0.0
5.75 24.875 0.0
6.25 24.875 0.0
6.75 24.875 0.0
7.25 24.875 0.0
7.75 24.875 0.0
8.25 24.875 0.0
8.75 24.875 0.0
0.25 25.125 2406.95463377
0.75 25.125 12034.7731688
1.25 25.125 7220.8639013
1.75 25.125 2406.95463377
2.25 25.125 16848.6824364
2.75 25.125 4813.90926753
3.25 25.125 2406.95463377
3.75 25.125 0.0
4.25 25.125 2406.95463377
4.75 25.125 0.0
5.25 25.125 0.0
5.75 25.125 0.0
6.25 25.125 0.0
6.75 25.125 0.0
7.25 25.125 0.0
7.75 25.125 0.0
8.25 25.125 0.0
8.75 25.125 0.0
0.25 25.375 4813.90926753
0.75 25.375 4813.90926753
1.25 25.375 4813.90926753
1.75 25.375 0.0
2.25 25.375 4813.90926753
2.75 25.375 12034.7731688
3.25 25.375 4813.90926753
3.75 25.375 2406.95463377
4.25 25.375 4813.90926753
4.75 25.375 0.0
5.25 25.375 0.0
5.75 25.375 0.0
6.25 25.375 0.0
6.75 25.375 0.0
7.25 25.375 0.0
7.75 25.375 0.0
8.25 25.375 0.0
8.75 25.375 0.0
0.25 25.625 2406.95463377
0.75 25.625 16848.6824364
1.25 25.625 2406.95463377
1.75 25.625 2406.95463377
2.25 25.625 2406.95463377
2.75 25.625 0.0
3.25 25.625 9627.81853507
3.75 25.625 2406.95463377
4.25 25.625 0.0
4.75 25.625 0.0
5.25 25.625 0.0
5.75 25.625 0.0
6.25 25.625 0.0
6.75 25.625 0.0
7.25 25.625 0.0
7.75 25.625 0.0
8.25 25.625 0.0
8.75 25.625 0.0
0.25 25.875 0.0
0.75 25.875 19255.6370701
1.25 25.875 12034.7731688
1.75 25.875 2406.95463377
2.25 25.875 4813.90926753
2.75 25.875 2406.95463377
3.25 25.875 2406.95463377
3.75 25.875 2406.95463377
4.25 25.875 0.0
4.75 25.875 0.0
5.25 25.875 0.0
5.75 25.875 0.0
6.25 25.875 0.0
6.75 25.875 0.0
7.25 25.875 0.0
7.75 25.875 0.0
8.25 25.875 0.0
8.75 25.875 0.0
0.25 26.125 9627.81853507
0.75 26.125 14441.7278026
1.25 26.125 2406.95463377
1.75 26.125 2406.95463377
2.25 26.125 0.0
2.75 26.125 2406.95463377
3.25 26.125 2406.95463377
3.75 26.125 2406.95463377
4.25 26.125 0.0
4.75 26.125 0.0
5.25 26.125 0.0
5.75 26.125 0.0
6.25 26.125 0.0
6.75 26.125 0.0
7.25 26.125 0.0
7.75 26.125 0.0
8.25 26.125 0.0
8.75 26.125 0.0
0.25 26.375 2406.95463377
0.75 26.375 9627.81853507
1.25 26.375 7220.8639013
1.75 26.375 0.0
2.25 26.375 9627.81853507
2.75 26.375 2406.95463377
3.25 26.375 0.0
3.75 26.375 4813.90926753
4.25 26.375 0.0
4.75 26.375 0.0
5.25 26.375 0.0
5.75 26.375 0.0
6.25 26.375 0.0
6.75 26.375 0.0
7.25 26.375 0.0
7.75 26.375 0.0
8.25 26.375 0.0
8.75 26.375 0.0
0.25 26.625 4813.90926753
0.75 26.625 9627.81853507
1.25 26.625 4813.90926753
1.75 26.625 2406.95463377
2.25 26.625 4813.90926753
2.75 26.625 7220.8639013
3.25 26.625 0.0
3.75 26.625 0.0
4.25 26.625 4813.90926753
4.75 26.625 0.0
5.25 26.625 0.0
5.75 26.625 0.0
6.25 26.625 0.0
6.75 26.625 0.0
7.25 26.625 0.0
7.75 26.625 0.0
8.25 26.625 0.0
8.75 26.625 0.0
0.25 26.875 12034.7731688
0.75 26.875 0.0
1.25 26.875 7220.8639013
1.75 26.875 7220.8639013
2.25 26.875 0.0
2.75 26.875 4813.90926753
3.25 26.875 0.0
3.75 26.875 2406.95463377
4.25 26.875 4813.90926753
4.75 26.875 0.0
5.25 26.875 0.0
5.75 26.875 0.0
6.25 26.875 0.0
6.75 26.875 0.0
7.25 26.875 0.0
7.75 26.875 0.0
8.25 26.875 0.0
8.75 26.875 0.0
0.25 27.125 4813.90926753
0.75 27.125 4813.90926753
1.25 27.125 7220.8639013
1.75 27.125 4813.90926753
2.25 27.125 7220.8639013
2.75 27.125 0.0
3.25 27.125 4813.90926753
3.75 27.125 0.0
4.25 27.125 0.0
4.75 27.125 0.0
5.25 27.125 0.0
5.75 27.125 0.0
6.25 27.125 0.0
6.75 27.125 0.0
7.25 27.125 0.0
7.75 27.125 0.0
8.25 27.125 0.0
8.75 27.125 0.0
0.25 27.375 2406.95463377
0.75 27.375 7220.8639013
1.25 27.375 4813.90926753
1.75 27.375 12034.7731688
2.25 27.375 2406.95463377
2.75 27.375 4813.90926753
3.25 27.375 2406.95463377
3.75 27.375 0.0
4.25 27.375 0.0
4.75 27.375 0.0
5.25 27.375 0.0
5.75 27.375 0.0
6.25 27.375 0.0
6.75 27.375 0.0
7.25 27.375 0.0
7.75 27.375 0.0
8.25 27.375 0.0
8.75 27.375 0.0
0.25 27.625 7220.8639013
0.75 27.625 19255.6370701
1.25 27.625 7220.8639013
1.75 27.625 7220.8639013
2.25 27.625 2406.95463377
2.75 27.625 2406.95463377
3.25 27.625 4813.90926753
3.75 27.625 0.0
4.25 27.625 0.0
4.75 27.625 0.0
5.25 27.625 0.0
5.75 27.625 0.0
6.25 27.625 0.0
6.75 27.625 0.0
7.25 27.625 0.0
7.75 27.625 0.0
8.25 27.625 0.0
8.75 27.625 0.0
0.25 27.875 4813.90926753
0.75 27.875 2406.95463377
1.25 27.875 7220.8639013
1.75 27.875 9627.81853507
2.25 27.875 0.0
2.75 27.875 0.0
3.25 27.875 4813.90926753
3.75 27.875 0.0
4.25 27.875 0.0
4.75 27.875 2406.95463377
5.25 27.875 0.0
5.75 27.875 0.0
6.25 27.875 0.0
6.75 27.875 0.0
7.25 27.875 0.0
7.75 27.875 0.0
8.25 27.875 0.0
8.75 27.875 0.0
0.25 28.125 2406.95463377
0.75 28.125 9627.81853507
1.25 28.125 4813.90926753
1.75 28.125 2406.95463377
2.25 28.125 2406.95463377
2.75 28.125 4813.90926753
3.25 28.125 0.0
3.75 28.125 0.0
4.25 28.125 0.0
4.75 28.125 0.0
5.25 28.125 0.0
5.75 28.125 0.0
6.25 28.125 0.0
6.75 28.125 0.0
7.25 28.125 0.0
7.75 28.125 0.0
8.25 28.125 0.0
8.75 28.125 0.0
0.25 28.375 12034.7731688
0.75 28.375 2406.95463377
1.25 28.375 0.0
1.75 28.375 0.0
2.25 28.375 9627.81853507
2.75 28.375 2406.95463377
3.25 28.375 0.0
3.75 28.375 0.0
4.25 28.375 0.0
4.75 28.375 0.0
5.25 28.375 0.0
5.75 28.375 0.0
6.25 28.375 0.0
6.75 28.375 0.0
7.25 28.375 0.0
7.75 28.375 0.0
8.25 28.375 0.0
8.75 28.375 0.0
0.25 28.625 4813.90926753
0.75 28.625 14441.7278026
1.25 28.625 9627.81853507
1.75 28.625 2406.95463377
2.25 28.625 4813.90926753
2.75 28.625 4813.90926753
3.25 28.625 2406.95463377
3.75 28.625 2406.95463377
4.25 28.625 2406.95463377
4.75 28.625 0.0
5.25 28.625 0.0
5.75 28.625 0.0
6.25 28.625 0.0
6.75 28.625 0.0
7.25 28.625 0.0
7.75 28.625 0.0
8.25 28.625 0.0
8.75 28.625 0.0
0.25 28.875 2406.95463377
0.75 28.875 4813.90926753
1.25 28.875 0.0
1.75 28.875 0.0
2.25 28.875 2406.95463377
2.75 28.875 0.0
3.25 28.875 0.0
3.75 28.875 0.0
4.25 28.875 0.0
4.75 28.875 0.0
5.25 28.875 0.0
5.75 28.875 0.0
6.25 28.875 0.0
6.75 28.875 0.0
7.25 28.875 0.0
7.75 28.875 0.0
8.25 28.875 0.0
8.75 28.875 0.0
0.25 29.125 4813.90926753
0.75 29.125 2406.95463377
1.25 29.125 4813.90926753
1.75 29.125 2406.95463377
2.25 29.125 2406.95463377
2.75 29.125 2406.95463377
3.25 29.125 2406.95463377
3.75 29.125 0.0
4.25 29.125 2406.95463377
4.75 29.125 0.0
5.25 29.125 0.0
5.75 29.125 0.0
6.25 29.125 0.0
6.75 29.125 0.0
7.25 29.125 0.0
7.75 29.125 0.0
8.25 29.125 0.0
8.75 29.125 0.0
0.25 29.375 2406.95463377
0.75 29.375 7220.8639013
1.25 29.375 4813.90926753
1.75 29.375 4813.90926753
2.25 29.375 4813.90926753
2.75 29.375 2406.95463377
3.25 29.375 0.0
3.75 29.375 0.0
4.25 29.375 0.0
4.75 29.375 0.0
5.25 29.375 0.0
5.75 29.375 0.0
6.25 29.375 0.0
6.75 29.375 0.0
7.25 29.375 0.0
7.75 29.375 0.0
8.25 29.375 0.0
8.75 29.375 0.0
0.25 29.625 7220.8639013
0.75 29.625 9627.81853507
1.25 29.625 4813.90926753
1.75 29.625 4813.90926753
2.25 29.625 2406.95463377
2.75 29.625 2406.95463377
3.25 29.625 0.0
3.75 29.625 0.0
4.25 29.625 0.0
4.75 29.625 0.0
5.25 29.625 0.0
5.75 29.625 0.0
6.25 29.625 0.0
6.75 29.625 0.0
7.25 29.625 0.0
7.75 29.625 0.0
8.25 29.625 0.0
8.75 29.625 0.0
0.25 29.875 7220.8639013
0.75 29.875 2406.95463377
1.25 29.875 2406.95463377
1.75 29.875 4813.90926753
2.25 29.875 0.0
2.75 29.875 2406.95463377
3.25 29.875 2406.95463377
3.75 29.875 2406.95463377
4.25 29.875 0.0
4.75 29.875 0.0
5.25 29.875 0.0
5.75 29.875 0.0
6.25 29.875 0.0
6.75 29.875 0.0
7.25 29.875 0.0
7.75 29.875 0.0
8.25 29.875 0.0
8.75 29.875 0.0
