11.294627058970837 62.288566111131175
14.219093021276404 102.25724685223948
17.900777537149963 206.56477994063792
22.535743732392298 636.7115443845814
28.370820458389794 3297.376255917534
35.71674682851676 2060.536575577785
44.96472020903849 6133.577112119538
56.60722890537329 5950.259045523422
71.26427896022373 6658.657540135533
89.71641173621407 9551.86005281976
112.94627058970838 13785.064269476476
142.1909302127641 16702.205126562745
179.00777537149963 16477.133890960184
225.35743732392305 15474.545522482222
283.7082045838981 14342.8556102258
357.1674682851676 13502.925490147216
449.6472020903849 12076.300675089966
566.0722890537327 9982.316602774139
712.6427896022376 7812.891967922362
897.164117362141 7326.677884995093
1129.4627058970837 4556.473410523322
1421.9093021276408 3101.778650323744
1790.0777537149975 1357.0436419472971
2253.5743732392316 529.0635520073993
2837.082045838981 142.40990859869635
3571.674682851676 33.24077256282908
4496.47202090385 7.284620139427716
5660.72289053733 0.9550152507144958
7126.427896022379 0.015233868325594813
8971.64117362141 0.003033292363397777
