0.25 0.125 59306679.1992
0.75 0.125 63092211.914
1.25 0.125 64038595.0927
1.75 0.125 68139588.8671
2.25 0.125 82019875.4882
2.75 0.125 81073492.3095
3.25 0.125 77603420.6542
3.75 0.125 80127109.1308
4.25 0.125 84228102.9052
4.75 0.125 84859025.0243
5.25 0.125 85805408.203
5.75 0.125 86436330.3222
6.25 0.125 78865264.8925
6.75 0.125 82650797.6073
7.25 0.125 57413912.8417
7.75 0.125 35647099.7314
8.25 0.125 16088514.0381
8.75 0.125 946383.17871
0.25 0.375 127130807.007
0.75 0.375 149844003.296
1.25 0.375 129023573.364
1.75 0.375 146058470.581
2.25 0.375 139433788.33
2.75 0.375 144481165.283
3.25 0.375 157099607.666
3.75 0.375 158045990.845
4.25 0.375 143534782.104
4.75 0.375 148582159.057
5.25 0.375 154260458.13
5.75 0.375 142272937.866
6.25 0.375 134701872.436
6.75 0.375 147635775.879
7.25 0.375 116405130.981
7.75 0.375 66877744.6288
8.25 0.375 30284261.7187
8.75 0.375 3470071.65527
0.25 0.625 108518604.492
0.75 0.625 117351514.16
1.25 0.625 112304137.207
1.75 0.625 118928819.458
2.25 0.625 121767968.994
2.75 0.625 126184423.828
3.25 0.625 120821585.815
3.75 0.625 125238040.649
4.25 0.625 114512364.624
4.75 0.625 119559741.577
5.25 0.625 102840305.42
5.75 0.625 106625838.135
6.25 0.625 93691934.6923
6.75 0.625 81704414.4286
7.25 0.625 67193205.6884
7.75 0.625 48581003.1738
8.25 0.625 20504968.872
8.75 0.625 1577305.29785
0.25 0.875 74133348.999
0.75 0.875 76972498.5351
1.25 0.875 75079732.1777
1.75 0.875 83597180.7861
2.25 0.875 78865264.8925
2.75 0.875 76972498.5351
3.25 0.875 68139588.8671
3.75 0.875 69716894.165
4.25 0.875 56467529.663
4.75 0.875 56782990.7226
5.25 0.875 54574763.3056
5.75 0.875 51420152.7099
6.25 0.875 39117171.3867
6.75 0.875 37539866.0888
7.25 0.875 28391495.3613
7.75 0.875 19874046.7529
8.25 0.875 13564825.5615
8.75 0.875 2523688.47656
0.25 1.125 48581003.1738
0.75 1.125 57098451.7822
1.25 1.125 57729373.9013
1.75 1.125 67193205.6884
2.25 1.125 56782990.7226
2.75 1.125 58675757.08
3.25 1.125 52997458.0078
3.75 1.125 63407672.9736
4.25 1.125 42587243.042
4.75 1.125 33438872.3144
5.25 1.125 31861567.0166
5.75 1.125 30284261.7187
6.25 1.125 17034897.2168
6.75 1.125 16088514.0381
7.25 1.125 14511208.7402
7.75 1.125 15142130.8594
8.25 1.125 7571065.42968
8.75 1.125 1261844.23828
0.25 1.375 46688236.8164
0.75 1.375 46372775.7568
1.25 1.375 54890224.3652
1.75 1.375 68455049.9267
2.25 1.375 63407672.9736
2.75 1.375 42587243.042
3.25 1.375 52681996.9482
3.75 1.375 43218165.1611
4.25 1.375 30915183.8379
4.75 1.375 24290501.5869
5.25 1.375 26183267.9443
5.75 1.375 19243124.6338
6.25 1.375 12618442.3828
6.75 1.375 8517448.60839
7.25 1.375 9779292.84667
7.75 1.375 11672059.2041
8.25 1.375 3470071.65527
8.75 1.375 0.0
0.25 1.625 52051074.829
0.75 1.625 52051074.829
1.25 1.625 58675757.08
1.75 1.625 55836607.5439
2.25 1.625 54574763.3056
2.75 1.625 52997458.0078
3.25 1.625 51104691.6503
3.75 1.625 44795470.4589
4.25 1.625 29337878.54
4.75 1.625 29968800.6592
5.25 1.625 23975040.5273
5.75 1.625 17665819.3359
6.25 1.625 11672059.2041
6.75 1.625 5362838.01269
7.25 1.625 9148370.72753
7.75 1.625 8201987.54882
8.25 1.625 5362838.01269
8.75 1.625 0.0
0.25 1.875 58991218.1396
0.75 1.875 61514906.6161
1.25 1.875 64038595.0927
1.75 1.875 69401433.1054
2.25 1.875 60568523.4374
2.75 1.875 58991218.1396
3.25 1.875 51104691.6503
3.75 1.875 39748093.5058
4.25 1.875 41325398.8037
4.75 1.875 26498729.0039
5.25 1.875 18927663.5742
5.75 1.875 14826669.7998
6.25 1.875 9463831.7871
6.75 1.875 10725676.0254
7.25 1.875 8832909.66796
7.75 1.875 8832909.66796
8.25 1.875 5678299.07226
8.75 1.875 0.0
0.25 2.125 57098451.7822
0.75 2.125 73817887.9394
1.25 2.125 72556043.7011
1.75 2.125 76341576.4159
2.25 2.125 70032355.2245
2.75 2.125 63407672.9736
3.25 2.125 59937601.3183
3.75 2.125 47003697.8759
4.25 2.125 37539866.0888
4.75 2.125 26814190.0635
5.25 2.125 23975040.5273
5.75 2.125 15773052.9785
6.25 2.125 11987520.2637
6.75 2.125 9148370.72753
7.25 2.125 6624682.25097
7.75 2.125 4100993.77441
8.25 2.125 2523688.47656
8.75 2.125 0.0
0.25 2.375 72556043.7011
0.75 2.375 79811648.0712
1.25 2.375 82019875.4882
1.75 2.375 75395193.2372
2.25 2.375 70978738.4032
2.75 2.375 65931361.4501
3.25 2.375 58675757.08
3.75 2.375 49211925.2929
4.25 2.375 40379015.625
4.75 2.375 29653339.5996
5.25 2.375 22397735.2295
5.75 2.375 20504968.872
6.25 2.375 10410214.9658
6.75 2.375 3470071.65527
7.25 2.375 7255604.37011
7.75 2.375 5993760.13183
8.25 2.375 2839149.53613
8.75 2.375 0.0
0.25 2.625 78234342.7734
0.75 2.625 82650797.6073
1.25 2.625 80758031.2499
1.75 2.625 74764271.1181
2.25 2.625 77603420.6542
2.75 2.625 64984978.2714
3.25 2.625 69401433.1054
3.75 2.625 54574763.3056
4.25 2.625 45426392.5781
4.75 2.625 33438872.3144
5.25 2.625 25552345.8252
5.75 2.625 16088514.0381
6.25 2.625 9148370.72753
6.75 2.625 7571065.42968
7.25 2.625 5678299.07226
7.75 2.625 4416454.83398
8.25 2.625 0.0
8.75 2.625 0.0
0.25 2.875 97162006.3476
0.75 2.875 95900162.1093
1.25 2.875 95584701.0497
1.75 2.875 100632078.003
2.25 2.875 81073492.3095
2.75 2.875 71294199.4628
3.25 2.875 60568523.4374
3.75 2.875 60568523.4374
4.25 2.875 50789230.5908
4.75 2.875 36593482.9101
5.25 2.875 22397735.2295
5.75 2.875 16403975.0976
6.25 2.875 9463831.7871
6.75 2.875 7886526.48925
7.25 2.875 5362838.01269
7.75 2.875 3785532.71484
8.25 2.875 630922.11914
8.75 2.875 0.0
0.25 3.125 100947539.062
0.75 3.125 98423850.5858
1.25 3.125 98108389.5263
1.75 3.125 104102149.658
2.25 3.125 88960018.7987
2.75 3.125 75710654.2968
3.25 3.125 71294199.4628
3.75 3.125 52997458.0078
4.25 3.125 41956320.9228
4.75 3.125 33438872.3144
5.25 3.125 17034897.2168
5.75 3.125 25236884.7656
6.25 3.125 9148370.72753
6.75 3.125 5993760.13183
7.25 3.125 5047376.95312
7.75 3.125 630922.11914
8.25 3.125 0.0
8.75 3.125 0.0
0.25 3.375 111673215.088
0.75 3.375 98739311.6454
1.25 3.375 103155766.479
1.75 3.375 102524844.36
2.25 3.375 96531084.2284
2.75 3.375 79811648.0712
3.25 3.375 64669517.2119
3.75 3.375 57413912.8417
4.25 3.375 48896464.2334
4.75 3.375 31861567.0166
5.25 3.375 26814190.0635
5.75 3.375 16088514.0381
6.25 3.375 8201987.54882
6.75 3.375 3470071.65527
7.25 3.375 4100993.77441
7.75 3.375 2523688.47656
8.25 3.375 0.0
8.75 3.375 0.0
0.25 3.625 98108389.5263
0.75 3.625 116405130.981
1.25 3.625 106941299.194
1.75 3.625 97162006.3476
2.25 3.625 80442570.1903
2.75 3.625 84859025.0243
3.25 3.625 69085972.0458
3.75 3.625 64038595.0927
4.25 3.625 42902704.1015
4.75 3.625 42902704.1015
5.25 3.625 23028657.3486
5.75 3.625 17665819.3359
6.25 3.625 9779292.84667
6.75 3.625 3785532.71484
7.25 3.625 2523688.47656
7.75 3.625 1261844.23828
8.25 3.625 0.0
8.75 3.625 0.0
0.25 3.875 113250520.386
0.75 3.875 105048532.837
1.25 3.875 102524844.36
1.75 3.875 90221863.037
2.25 3.875 91799168.3349
2.75 3.875 77287959.5947
3.25 3.875 66562283.5693
3.75 3.875 60883984.497
4.25 3.875 42902704.1015
4.75 3.875 33754333.374
5.25 3.875 23028657.3486
5.75 3.875 11987520.2637
6.25 3.875 9148370.72753
6.75 3.875 3785532.71484
7.25 3.875 3785532.71484
7.75 3.875 946383.17871
8.25 3.875 0.0
8.75 3.875 0.0
0.25 4.125 92430090.454
0.75 4.125 98108389.5263
1.25 4.125 92114629.3944
1.75 4.125 99054772.705
2.25 4.125 81704414.4286
2.75 4.125 74764271.1181
3.25 4.125 71609660.5224
3.75 4.125 50473769.5312
4.25 4.125 37855327.1484
4.75 4.125 32807950.1953
5.25 4.125 23659579.4678
5.75 4.125 14195747.6806
6.25 4.125 6309221.1914
6.75 4.125 1577305.29785
7.25 4.125 946383.17871
7.75 4.125 630922.11914
8.25 4.125 0.0
8.75 4.125 0.0
0.25 4.375 80758031.2499
0.75 4.375 83912641.8456
1.25 4.375 88329096.6796
1.75 4.375 68139588.8671
2.25 4.375 71294199.4628
2.75 4.375 63723134.0331
3.25 4.375 49211925.2929
3.75 4.375 43849087.2802
4.25 4.375 37224405.0293
4.75 4.375 24921423.706
5.25 4.375 15773052.9785
5.75 4.375 10410214.9658
6.25 4.375 6940143.31054
6.75 4.375 1577305.29785
7.25 4.375 315461.05957
7.75 4.375 0.0
8.25 4.375 0.0
8.75 4.375 0.0
0.25 4.625 74448810.0585
0.75 4.625 80442570.1903
1.25 4.625 66246822.5097
1.75 4.625 70347816.2841
2.25 4.625 58360296.0205
2.75 4.625 52366535.8886
3.25 4.625 50789230.5908
3.75 4.625 36908943.9697
4.25 4.625 25552345.8252
4.75 4.625 22082274.1699
5.25 4.625 17034897.2168
5.75 4.625 11672059.2041
6.25 4.625 4731915.89355
6.75 4.625 315461.05957
7.25 4.625 0.0
7.75 4.625 0.0
8.25 4.625 0.0
8.75 4.625 0.0
0.25 4.875 61830367.6757
0.75 4.875 66562283.5693
1.25 4.875 58991218.1396
1.75 4.875 58991218.1396
2.25 4.875 60568523.4374
2.75 4.875 49527386.3525
3.25 4.875 44795470.4589
3.75 4.875 31546105.957
4.25 4.875 30284261.7187
4.75 4.875 19243124.6338
5.25 4.875 15773052.9785
5.75 4.875 6940143.31054
6.25 4.875 3785532.71484
6.75 4.875 946383.17871
7.25 4.875 0.0
7.75 4.875 0.0
8.25 4.875 0.0
8.75 4.875 0.0
0.25 5.125 62776750.8544
0.75 5.125 52681996.9482
1.25 5.125 58044834.9609
1.75 5.125 58044834.9609
2.25 5.125 46057314.6972
2.75 5.125 36908943.9697
3.25 5.125 29968800.6592
3.75 5.125 28706956.4209
4.25 5.125 17981280.3955
4.75 5.125 15457591.9189
5.25 5.125 11672059.2041
5.75 5.125 8201987.54882
6.25 5.125 2208227.41699
6.75 5.125 630922.11914
7.25 5.125 0.0
7.75 5.125 0.0
8.25 5.125 0.0
8.75 5.125 0.0
0.25 5.375 47319158.9355
0.75 5.375 50158308.4716
1.25 5.375 44480009.3994
1.75 5.375 44480009.3994
2.25 5.375 43533626.2207
2.75 5.375 39432632.4462
3.25 5.375 26183267.9443
3.75 5.375 20504968.872
4.25 5.375 22082274.1699
4.75 5.375 13880286.6211
5.25 5.375 8201987.54882
5.75 5.375 5047376.95312
6.25 5.375 2839149.53613
6.75 5.375 630922.11914
7.25 5.375 315461.05957
7.75 5.375 0.0
8.25 5.375 0.0
8.75 5.375 0.0
0.25 5.625 39432632.4462
0.75 5.625 38486249.2675
1.25 5.625 35647099.7314
1.75 5.625 33438872.3144
2.25 5.625 31861567.0166
2.75 5.625 29337878.54
3.25 5.625 25236884.7656
3.75 5.625 18612202.5146
4.25 5.625 17981280.3955
4.75 5.625 11672059.2041
5.25 5.625 7255604.37011
5.75 5.625 3154610.5957
6.25 5.625 1892766.35742
6.75 5.625 630922.11914
7.25 5.625 0.0
7.75 5.625 0.0
8.25 5.625 0.0
8.75 5.625 0.0
0.25 5.875 33438872.3144
0.75 5.875 40694476.6845
1.25 5.875 29653339.5996
1.75 5.875 33754333.374
2.25 5.875 24290501.5869
2.75 5.875 22082274.1699
3.25 5.875 21135890.9912
3.75 5.875 17350358.2763
4.25 5.875 11987520.2637
4.75 5.875 9779292.84667
5.25 5.875 5047376.95312
5.75 5.875 3470071.65527
6.25 5.875 1577305.29785
6.75 5.875 315461.05957
7.25 5.875 0.0
7.75 5.875 0.0
8.25 5.875 0.0
8.75 5.875 0.0
0.25 6.125 32807950.1953
0.75 6.125 29022417.4804
1.25 6.125 32177028.0761
1.75 6.125 27760573.2422
2.25 6.125 24290501.5869
2.75 6.125 22082274.1699
3.25 6.125 17981280.3955
3.75 6.125 11356598.1445
4.25 6.125 11356598.1445
4.75 6.125 9779292.84667
5.25 6.125 4731915.89355
5.75 6.125 3785532.71484
6.25 6.125 630922.11914
6.75 6.125 0.0
7.25 6.125 0.0
7.75 6.125 0.0
8.25 6.125 0.0
8.75 6.125 0.0
0.25 6.375 23975040.5273
0.75 6.375 27129651.123
1.25 6.375 26498729.0039
1.75 6.375 26814190.0635
2.25 6.375 21766813.1103
2.75 6.375 14826669.7998
3.25 6.375 17665819.3359
3.75 6.375 13249364.5019
4.25 6.375 9148370.72753
4.75 6.375 6624682.25097
5.25 6.375 5993760.13183
5.75 6.375 3154610.5957
6.25 6.375 0.0
6.75 6.375 0.0
7.25 6.375 0.0
7.75 6.375 0.0
8.25 6.375 0.0
8.75 6.375 0.0
0.25 6.625 23659579.4678
0.75 6.625 19243124.6338
1.25 6.625 20189507.8125
1.75 6.625 19243124.6338
2.25 6.625 18927663.5742
2.75 6.625 14511208.7402
3.25 6.625 15457591.9189
3.75 6.625 9463831.7871
4.25 6.625 10725676.0254
4.75 6.625 7255604.37011
5.25 6.625 5047376.95312
5.75 6.625 2208227.41699
6.25 6.625 630922.11914
6.75 6.625 0.0
7.25 6.625 0.0
7.75 6.625 0.0
8.25 6.625 0.0
8.75 6.625 0.0
0.25 6.875 25236884.7656
0.75 6.875 19874046.7529
1.25 6.875 16719436.1572
1.75 6.875 15773052.9785
2.25 6.875 17665819.3359
2.75 6.875 17034897.2168
3.25 6.875 11987520.2637
3.75 6.875 7255604.37011
4.25 6.875 5678299.07226
4.75 6.875 4100993.77441
5.25 6.875 1261844.23828
5.75 6.875 1261844.23828
6.25 6.875 315461.05957
6.75 6.875 0.0
7.25 6.875 0.0
7.75 6.875 0.0
8.25 6.875 0.0
8.75 6.875 0.0
0.25 7.125 16719436.1572
0.75 7.125 17981280.3955
1.25 7.125 17034897.2168
1.75 7.125 13880286.6211
2.25 7.125 14511208.7402
2.75 7.125 9463831.7871
3.25 7.125 9779292.84667
3.75 7.125 9463831.7871
4.25 7.125 5047376.95312
4.75 7.125 5362838.01269
5.25 7.125 1892766.35742
5.75 7.125 630922.11914
6.25 7.125 0.0
6.75 7.125 0.0
7.25 7.125 0.0
7.75 7.125 0.0
8.25 7.125 0.0
8.75 7.125 0.0
0.25 7.375 15142130.8594
0.75 7.375 17350358.2763
1.25 7.375 13249364.5019
1.75 7.375 13564825.5615
2.25 7.375 14195747.6806
2.75 7.375 10410214.9658
3.25 7.375 8832909.66796
3.75 7.375 4416454.83398
4.25 7.375 4416454.83398
4.75 7.375 4416454.83398
5.25 7.375 4100993.77441
5.75 7.375 1892766.35742
6.25 7.375 315461.05957
6.75 7.375 0.0
7.25 7.375 0.0
7.75 7.375 0.0
8.25 7.375 0.0
8.75 7.375 0.0
0.25 7.625 9779292.84667
0.75 7.625 11672059.2041
1.25 7.625 12933903.4424
1.75 7.625 13249364.5019
2.25 7.625 17350358.2763
2.75 7.625 6309221.1914
3.25 7.625 7886526.48925
3.75 7.625 6309221.1914
4.25 7.625 3470071.65527
4.75 7.625 4100993.77441
5.25 7.625 3154610.5957
5.75 7.625 946383.17871
6.25 7.625 0.0
6.75 7.625 0.0
7.25 7.625 0.0
7.75 7.625 0.0
8.25 7.625 0.0
8.75 7.625 0.0
0.25 7.875 11356598.1445
0.75 7.875 13564825.5615
1.25 7.875 10725676.0254
1.75 7.875 9463831.7871
2.25 7.875 7571065.42968
2.75 7.875 6624682.25097
3.25 7.875 5362838.01269
3.75 7.875 6309221.1914
4.25 7.875 3785532.71484
4.75 7.875 4731915.89355
5.25 7.875 1577305.29785
5.75 7.875 630922.11914
6.25 7.875 0.0
6.75 7.875 0.0
7.25 7.875 0.0
7.75 7.875 0.0
8.25 7.875 0.0
8.75 7.875 0.0
0.25 8.125 10094753.9062
0.75 8.125 10094753.9062
1.25 8.125 10094753.9062
1.75 8.125 7886526.48925
2.25 8.125 5993760.13183
2.75 8.125 7571065.42968
3.25 8.125 4100993.77441
3.75 8.125 5362838.01269
4.25 8.125 2208227.41699
4.75 8.125 3470071.65527
5.25 8.125 1577305.29785
5.75 8.125 315461.05957
6.25 8.125 0.0
6.75 8.125 0.0
7.25 8.125 0.0
7.75 8.125 0.0
8.25 8.125 0.0
8.75 8.125 0.0
0.25 8.375 8201987.54882
0.75 8.375 8201987.54882
1.25 8.375 8832909.66796
1.75 8.375 9463831.7871
2.25 8.375 7571065.42968
2.75 8.375 6309221.1914
3.25 8.375 6940143.31054
3.75 8.375 4416454.83398
4.25 8.375 2523688.47656
4.75 8.375 1261844.23828
5.25 8.375 946383.17871
5.75 8.375 630922.11914
6.25 8.375 0.0
6.75 8.375 0.0
7.25 8.375 0.0
7.75 8.375 0.0
8.25 8.375 0.0
8.75 8.375 0.0
0.25 8.625 6309221.1914
0.75 8.625 7571065.42968
1.25 8.625 8517448.60839
1.75 8.625 7571065.42968
2.25 8.625 9148370.72753
2.75 8.625 5362838.01269
3.25 8.625 3470071.65527
3.75 8.625 4100993.77441
4.25 8.625 2208227.41699
4.75 8.625 1892766.35742
5.25 8.625 946383.17871
5.75 8.625 0.0
6.25 8.625 315461.05957
6.75 8.625 0.0
7.25 8.625 0.0
7.75 8.625 0.0
8.25 8.625 0.0
8.75 8.625 0.0
0.25 8.875 6940143.31054
0.75 8.875 5047376.95312
1.25 8.875 6940143.31054
1.75 8.875 3785532.71484
2.25 8.875 7255604.37011
2.75 8.875 5678299.07226
3.25 8.875 5993760.13183
3.75 8.875 3154610.5957
4.25 8.875 2208227.41699
4.75 8.875 1577305.29785
5.25 8.875 946383.17871
5.75 8.875 315461.05957
6.25 8.875 0.0
6.75 8.875 0.0
7.25 8.875 0.0
7.75 8.875 0.0
8.25 8.875 0.0
8.75 8.875 0.0
0.25 9.125 9463831.7871
0.75 9.125 7255604.37011
1.25 9.125 5678299.07226
1.75 9.125 6309221.1914
2.25 9.125 6309221.1914
2.75 9.125 3154610.5957
3.25 9.125 3154610.5957
3.75 9.125 3470071.65527
4.25 9.125 1577305.29785
4.75 9.125 1577305.29785
5.25 9.125 1261844.23828
5.75 9.125 315461.05957
6.25 9.125 0.0
6.75 9.125 0.0
7.25 9.125 0.0
7.75 9.125 0.0
8.25 9.125 0.0
8.75 9.125 0.0
0.25 9.375 4731915.89355
0.75 9.375 5678299.07226
1.25 9.375 5047376.95312
1.75 9.375 4731915.89355
2.25 9.375 5362838.01269
2.75 9.375 2523688.47656
3.25 9.375 4416454.83398
3.75 9.375 2208227.41699
4.25 9.375 630922.11914
4.75 9.375 946383.17871
5.25 9.375 630922.11914
5.75 9.375 630922.11914
6.25 9.375 0.0
6.75 9.375 0.0
7.25 9.375 0.0
7.75 9.375 0.0
8.25 9.375 0.0
8.75 9.375 0.0
0.25 9.625 4416454.83398
0.75 9.625 5047376.95312
1.25 9.625 6309221.1914
1.75 9.625 4731915.89355
2.25 9.625 4416454.83398
2.75 9.625 4731915.89355
3.25 9.625 3470071.65527
3.75 9.625 1892766.35742
4.25 9.625 1892766.35742
4.75 9.625 1892766.35742
5.25 9.625 1577305.29785
5.75 9.625 315461.05957
6.25 9.625 0.0
6.75 9.625 0.0
7.25 9.625 0.0
7.75 9.625 0.0
8.25 9.625 0.0
8.75 9.625 0.0
0.25 9.875 3785532.71484
0.75 9.875 9148370.72753
1.25 9.875 5678299.07226
1.75 9.875 3470071.65527
2.25 9.875 1892766.35742
2.75 9.875 2208227.41699
3.25 9.875 2839149.53613
3.75 9.875 3154610.5957
4.25 9.875 1577305.29785
4.75 9.875 630922.11914
5.25 9.875 1261844.23828
5.75 9.875 315461.05957
6.25 9.875 0.0
6.75 9.875 0.0
7.25 9.875 0.0
7.75 9.875 0.0
8.25 9.875 0.0
8.75 9.875 0.0
0.25 10.125 3470071.65527
0.75 10.125 4100993.77441
1.25 10.125 3470071.65527
1.75 10.125 4416454.83398
2.25 10.125 1892766.35742
2.75 10.125 2523688.47656
3.25 10.125 2523688.47656
3.75 10.125 1261844.23828
4.25 10.125 1577305.29785
4.75 10.125 630922.11914
5.25 10.125 315461.05957
5.75 10.125 0.0
6.25 10.125 0.0
6.75 10.125 0.0
7.25 10.125 0.0
7.75 10.125 0.0
8.25 10.125 0.0
8.75 10.125 0.0
0.25 10.375 2523688.47656
0.75 10.375 3785532.71484
1.25 10.375 5047376.95312
1.75 10.375 2839149.53613
2.25 10.375 2839149.53613
2.75 10.375 1892766.35742
3.25 10.375 3154610.5957
3.75 10.375 946383.17871
4.25 10.375 1261844.23828
4.75 10.375 630922.11914
5.25 10.375 0.0
5.75 10.375 0.0
6.25 10.375 0.0
6.75 10.375 0.0
7.25 10.375 0.0
7.75 10.375 0.0
8.25 10.375 0.0
8.75 10.375 0.0
0.25 10.625 2523688.47656
0.75 10.625 4416454.83398
1.25 10.625 4731915.89355
1.75 10.625 3154610.5957
2.25 10.625 2523688.47656
2.75 10.625 1892766.35742
3.25 10.625 2208227.41699
3.75 10.625 1261844.23828
4.25 10.625 630922.11914
4.75 10.625 0.0
5.25 10.625 315461.05957
5.75 10.625 315461.05957
6.25 10.625 0.0
6.75 10.625 0.0
7.25 10.625 0.0
7.75 10.625 0.0
8.25 10.625 0.0
8.75 10.625 0.0
0.25 10.875 3785532.71484
0.75 10.875 2523688.47656
1.25 10.875 1892766.35742
1.75 10.875 2208227.41699
2.25 10.875 3154610.5957
2.75 10.875 2208227.41699
3.25 10.875 946383.17871
3.75 10.875 946383.17871
4.25 10.875 315461.05957
4.75 10.875 315461.05957
5.25 10.875 315461.05957
5.75 10.875 0.0
6.25 10.875 0.0
6.75 10.875 0.0
7.25 10.875 0.0
7.75 10.875 0.0
8.25 10.875 0.0
8.75 10.875 0.0
0.25 11.125 4100993.77441
0.75 11.125 5047376.95312
1.25 11.125 5047376.95312
1.75 11.125 3785532.71484
2.25 11.125 1892766.35742
2.75 11.125 1892766.35742
3.25 11.125 630922.11914
3.75 11.125 630922.11914
4.25 11.125 946383.17871
4.75 11.125 946383.17871
5.25 11.125 0.0
5.75 11.125 0.0
6.25 11.125 0.0
6.75 11.125 0.0
7.25 11.125 0.0
7.75 11.125 0.0
8.25 11.125 0.0
8.75 11.125 0.0
0.25 11.375 3154610.5957
0.75 11.375 3470071.65527
1.25 11.375 3785532.71484
1.75 11.375 2208227.41699
2.25 11.375 2523688.47656
2.75 11.375 1892766.35742
3.25 11.375 630922.11914
3.75 11.375 946383.17871
4.25 11.375 1892766.35742
4.75 11.375 0.0
5.25 11.375 315461.05957
5.75 11.375 0.0
6.25 11.375 0.0
6.75 11.375 0.0
7.25 11.375 0.0
7.75 11.375 0.0
8.25 11.375 0.0
8.75 11.375 0.0
0.25 11.625 2839149.53613
0.75 11.625 2839149.53613
1.25 11.625 3154610.5957
1.75 11.625 2208227.41699
2.25 11.625 2208227.41699
2.75 11.625 630922.11914
3.25 11.625 1577305.29785
3.75 11.625 630922.11914
4.25 11.625 1261844.23828
4.75 11.625 0.0
5.25 11.625 0.0
5.75 11.625 0.0
6.25 11.625 0.0
6.75 11.625 0.0
7.25 11.625 0.0
7.75 11.625 0.0
8.25 11.625 0.0
8.75 11.625 0.0
0.25 11.875 3154610.5957
0.75 11.875 1892766.35742
1.25 11.875 1577305.29785
1.75 11.875 2839149.53613
2.25 11.875 1577305.29785
2.75 11.875 1577305.29785
3.25 11.875 1577305.29785
3.75 11.875 946383.17871
4.25 11.875 0.0
4.75 11.875 0.0
5.25 11.875 0.0
5.75 11.875 0.0
6.25 11.875 0.0
6.75 11.875 0.0
7.25 11.875 0.0
7.75 11.875 0.0
8.25 11.875 0.0
8.75 11.875 0.0
0.25 12.125 2839149.53613
0.75 12.125 2208227.41699
1.25 12.125 946383.17871
1.75 12.125 630922.11914
2.25 12.125 1892766.35742
2.75 12.125 1577305.29785
3.25 12.125 1577305.29785
3.75 12.125 630922.11914
4.25 12.125 315461.05957
4.75 12.125 315461.05957
5.25 12.125 0.0
5.75 12.125 0.0
6.25 12.125 0.0
6.75 12.125 0.0
7.25 12.125 0.0
7.75 12.125 0.0
8.25 12.125 0.0
8.75 12.125 0.0
0.25 12.375 2208227.41699
0.75 12.375 2208227.41699
1.25 12.375 946383.17871
1.75 12.375 1892766.35742
2.25 12.375 946383.17871
2.75 12.375 630922.11914
3.25 12.375 630922.11914
3.75 12.375 630922.11914
4.25 12.375 630922.11914
4.75 12.375 630922.11914
5.25 12.375 0.0
5.75 12.375 0.0
6.25 12.375 0.0
6.75 12.375 0.0
7.25 12.375 0.0
7.75 12.375 0.0
8.25 12.375 0.0
8.75 12.375 0.0
0.25 12.625 2208227.41699
0.75 12.625 1261844.23828
1.25 12.625 1577305.29785
1.75 12.625 3154610.5957
2.25 12.625 1577305.29785
2.75 12.625 1261844.23828
3.25 12.625 315461.05957
3.75 12.625 946383.17871
4.25 12.625 315461.05957
4.75 12.625 315461.05957
5.25 12.625 630922.11914
5.75 12.625 0.0
6.25 12.625 0.0
6.75 12.625 0.0
7.25 12.625 0.0
7.75 12.625 0.0
8.25 12.625 0.0
8.75 12.625 0.0
0.25 12.875 2208227.41699
0.75 12.875 946383.17871
1.25 12.875 1892766.35742
1.75 12.875 1577305.29785
2.25 12.875 1892766.35742
2.75 12.875 946383.17871
3.25 12.875 946383.17871
3.75 12.875 946383.17871
4.25 12.875 315461.05957
4.75 12.875 315461.05957
5.25 12.875 0.0
5.75 12.875 0.0
6.25 12.875 0.0
6.75 12.875 0.0
7.25 12.875 0.0
7.75 12.875 0.0
8.25 12.875 0.0
8.75 12.875 0.0
0.25 13.125 1261844.23828
0.75 13.125 1577305.29785
1.25 13.125 630922.11914
1.75 13.125 1261844.23828
2.25 13.125 3154610.5957
2.75 13.125 946383.17871
3.25 13.125 630922.11914
3.75 13.125 315461.05957
4.25 13.125 315461.05957
4.75 13.125 315461.05957
5.25 13.125 315461.05957
5.75 13.125 0.0
6.25 13.125 0.0
6.75 13.125 0.0
7.25 13.125 0.0
7.75 13.125 0.0
8.25 13.125 0.0
8.75 13.125 0.0
0.25 13.375 0.0
0.75 13.375 946383.17871
1.25 13.375 946383.17871
1.75 13.375 1577305.29785
2.25 13.375 630922.11914
2.75 13.375 315461.05957
3.25 13.375 946383.17871
3.75 13.375 315461.05957
4.25 13.375 0.0
4.75 13.375 0.0
5.25 13.375 0.0
5.75 13.375 0.0
6.25 13.375 0.0
6.75 13.375 0.0
7.25 13.375 0.0
7.75 13.375 0.0
8.25 13.375 0.0
8.75 13.375 0.0
0.25 13.625 1261844.23828
0.75 13.625 1577305.29785
1.25 13.625 946383.17871
1.75 13.625 315461.05957
2.25 13.625 1261844.23828
2.75 13.625 946383.17871
3.25 13.625 315461.05957
3.75 13.625 315461.05957
4.25 13.625 0.0
4.75 13.625 0.0
5.25 13.625 0.0
5.75 13.625 0.0
6.25 13.625 0.0
6.75 13.625 0.0
7.25 13.625 0.0
7.75 13.625 0.0
8.25 13.625 0.0
8.75 13.625 0.0
0.25 13.875 630922.11914
0.75 13.875 2208227.41699
1.25 13.875 1261844.23828
1.75 13.875 1577305.29785
2.25 13.875 315461.05957
2.75 13.875 946383.17871
3.25 13.875 630922.11914
3.75 13.875 630922.11914
4.25 13.875 0.0
4.75 13.875 0.0
5.25 13.875 0.0
5.75 13.875 0.0
6.25 13.875 0.0
6.75 13.875 0.0
7.25 13.875 0.0
7.75 13.875 0.0
8.25 13.875 0.0
8.75 13.875 0.0
0.25 14.125 946383.17871
0.75 14.125 1261844.23828
1.25 14.125 630922.11914
1.75 14.125 1261844.23828
2.25 14.125 315461.05957
2.75 14.125 315461.05957
3.25 14.125 946383.17871
3.75 14.125 315461.05957
4.25 14.125 315461.05957
4.75 14.125 315461.05957
5.25 14.125 0.0
5.75 14.125 0.0
6.25 14.125 0.0
6.75 14.125 0.0
7.25 14.125 0.0
7.75 14.125 0.0
8.25 14.125 0.0
8.75 14.125 0.0
0.25 14.375 1261844.23828
0.75 14.375 630922.11914
1.25 14.375 630922.11914
1.75 14.375 946383.17871
2.25 14.375 630922.11914
2.75 14.375 1577305.29785
3.25 14.375 1261844.23828
3.75 14.375 0.0
4.25 14.375 315461.05957
4.75 14.375 0.0
5.25 14.375 0.0
5.75 14.375 0.0
6.25 14.375 0.0
6.75 14.375 0.0
7.25 14.375 0.0
7.75 14.375 0.0
8.25 14.375 0.0
8.75 14.375 0.0
0.25 14.625 1261844.23828
0.75 14.625 946383.17871
1.25 14.625 1577305.29785
1.75 14.625 946383.17871
2.25 14.625 315461.05957
2.75 14.625 0.0
3.25 14.625 1261844.23828
3.75 14.625 0.0
4.25 14.625 315461.05957
4.75 14.625 0.0
5.25 14.625 0.0
5.75 14.625 0.0
6.25 14.625 0.0
6.75 14.625 0.0
7.25 14.625 0.0
7.75 14.625 0.0
8.25 14.625 0.0
8.75 14.625 0.0
0.25 14.875 630922.11914
0.75 14.875 630922.11914
1.25 14.875 1577305.29785
1.75 14.875 946383.17871
2.25 14.875 315461.05957
2.75 14.875 0.0
3.25 14.875 946383.17871
3.75 14.875 630922.11914
4.25 14.875 630922.11914
4.75 14.875 0.0
5.25 14.875 0.0
5.75 14.875 0.0
6.25 14.875 0.0
6.75 14.875 0.0
7.25 14.875 0.0
7.75 14.875 0.0
8.25 14.875 0.0
8.75 14.875 0.0
0.25 15.125 315461.05957
0.75 15.125 315461.05957
1.25 15.125 630922.11914
1.75 15.125 630922.11914
2.25 15.125 1261844.23828
2.75 15.125 315461.05957
3.25 15.125 0.0
3.75 15.125 630922.11914
4.25 15.125 0.0
4.75 15.125 0.0
5.25 15.125 0.0
5.75 15.125 0.0
6.25 15.125 0.0
6.75 15.125 0.0
7.25 15.125 0.0
7.75 15.125 0.0
8.25 15.125 0.0
8.75 15.125 0.0
0.25 15.375 946383.17871
0.75 15.375 946383.17871
1.25 15.375 1577305.29785
1.75 15.375 946383.17871
2.25 15.375 315461.05957
2.75 15.375 315461.05957
3.25 15.375 630922.11914
3.75 15.375 0.0
4.25 15.375 0.0
4.75 15.375 0.0
5.25 15.375 0.0
5.75 15.375 0.0
6.25 15.375 0.0
6.75 15.375 0.0
7.25 15.375 0.0
7.75 15.375 0.0
8.25 15.375 0.0
8.75 15.375 0.0
0.25 15.625 0.0
0.75 15.625 315461.05957
1.25 15.625 0.0
1.75 15.625 315461.05957
2.25 15.625 315461.05957
2.75 15.625 315461.05957
3.25 15.625 0.0
3.75 15.625 0.0
4.25 15.625 0.0
4.75 15.625 0.0
5.25 15.625 0.0
5.75 15.625 0.0
6.25 15.625 0.0
6.75 15.625 0.0
7.25 15.625 0.0
7.75 15.625 0.0
8.25 15.625 0.0
8.75 15.625 0.0
0.25 15.875 1261844.23828
0.75 15.875 0.0
1.25 15.875 0.0
1.75 15.875 0.0
2.25 15.875 946383.17871
2.75 15.875 0.0
3.25 15.875 0.0
3.75 15.875 0.0
4.25 15.875 315461.05957
4.75 15.875 0.0
5.25 15.875 0.0
5.75 15.875 0.0
6.25 15.875 0.0
6.75 15.875 0.0
7.25 15.875 0.0
7.75 15.875 0.0
8.25 15.875 0.0
8.75 15.875 0.0
0.25 16.125 946383.17871
0.75 16.125 630922.11914
1.25 16.125 630922.11914
1.75 16.125 315461.05957
2.25 16.125 0.0
2.75 16.125 315461.05957
3.25 16.125 946383.17871
3.75 16.125 315461.05957
4.25 16.125 0.0
4.75 16.125 0.0
5.25 16.125 315461.05957
5.75 16.125 0.0
6.25 16.125 0.0
6.75 16.125 0.0
7.25 16.125 0.0
7.75 16.125 0.0
8.25 16.125 0.0
8.75 16.125 0.0
0.25 16.375 630922.11914
0.75 16.375 630922.11914
1.25 16.375 1261844.23828
1.75 16.375 630922.11914
2.25 16.375 0.0
2.75 16.375 315461.05957
3.25 16.375 630922.11914
3.75 16.375 315461.05957
4.25 16.375 0.0
4.75 16.375 0.0
5.25 16.375 0.0
5.75 16.375 0.0
6.25 16.375 0.0
6.75 16.375 0.0
7.25 16.375 0.0
7.75 16.375 0.0
8.25 16.375 0.0
8.75 16.375 0.0
0.25 16.625 315461.05957
0.75 16.625 315461.05957
1.25 16.625 315461.05957
1.75 16.625 0.0
2.25 16.625 315461.05957
2.75 16.625 946383.17871
3.25 16.625 315461.05957
3.75 16.625 315461.05957
4.25 16.625 315461.05957
4.75 16.625 0.0
5.25 16.625 0.0
5.75 16.625 0.0
6.25 16.625 0.0
6.75 16.625 0.0
7.25 16.625 0.0
7.75 16.625 0.0
8.25 16.625 0.0
8.75 16.625 0.0
0.25 16.875 0.0
0.75 16.875 315461.05957
1.25 16.875 0.0
1.75 16.875 315461.05957
2.25 16.875 0.0
2.75 16.875 0.0
3.25 16.875 0.0
3.75 16.875 0.0
4.25 16.875 0.0
4.75 16.875 0.0
5.25 16.875 0.0
5.75 16.875 0.0
6.25 16.875 0.0
6.75 16.875 0.0
7.25 16.875 0.0
7.75 16.875 0.0
8.25 16.875 0.0
8.75 16.875 0.0
0.25 17.125 0.0
0.75 17.125 315461.05957
1.25 17.125 946383.17871
1.75 17.125 630922.11914
2.25 17.125 630922.11914
2.75 17.125 0.0
3.25 17.125 315461.05957
3.75 17.125 0.0
4.25 17.125 315461.05957
4.75 17.125 0.0
5.25 17.125 0.0
5.75 17.125 0.0
6.25 17.125 0.0
6.75 17.125 0.0
7.25 17.125 0.0
7.75 17.125 0.0
8.25 17.125 0.0
8.75 17.125 0.0
0.25 17.375 0.0
0.75 17.375 315461.05957
1.25 17.375 630922.11914
1.75 17.375 0.0
2.25 17.375 0.0
2.75 17.375 315461.05957
3.25 17.375 315461.05957
3.75 17.375 315461.05957
4.25 17.375 0.0
4.75 17.375 0.0
5.25 17.375 0.0
5.75 17.375 0.0
6.25 17.375 0.0
6.75 17.375 0.0
7.25 17.375 0.0
7.75 17.375 0.0
8.25 17.375 0.0
8.75 17.375 0.0
0.25 17.625 630922.11914
0.75 17.625 0.0
1.25 17.625 0.0
1.75 17.625 630922.11914
2.25 17.625 0.0
2.75 17.625 315461.05957
3.25 17.625 0.0
3.75 17.625 0.0
4.25 17.625 315461.05957
4.75 17.625 0.0
5.25 17.625 0.0
5.75 17.625 0.0
6.25 17.625 0.0
6.75 17.625 0.0
7.25 17.625 0.0
7.75 17.625 0.0
8.25 17.625 0.0
8.75 17.625 0.0
0.25 17.875 630922.11914
0.75 17.875 0.0
1.25 17.875 315461.05957
1.75 17.875 315461.05957
2.25 17.875 0.0
2.75 17.875 630922.11914
3.25 17.875 0.0
3.75 17.875 0.0
4.25 17.875 315461.05957
4.75 17.875 315461.05957
5.25 17.875 0.0
5.75 17.875 0.0
6.25 17.875 0.0
6.75 17.875 0.0
7.25 17.875 0.0
7.75 17.875 0.0
8.25 17.875 0.0
8.75 17.875 0.0
0.25 18.125 946383.17871
0.75 18.125 315461.05957
1.25 18.125 630922.11914
1.75 18.125 0.0
2.25 18.125 0.0
2.75 18.125 0.0
3.25 18.125 0.0
3.75 18.125 0.0
4.25 18.125 315461.05957
4.75 18.125 0.0
5.25 18.125 0.0
5.75 18.125 0.0
6.25 18.125 0.0
6.75 18.125 0.0
7.25 18.125 0.0
7.75 18.125 0.0
8.25 18.125 0.0
8.75 18.125 0.0
0.25 18.375 315461.05957
0.75 18.375 630922.11914
1.25 18.375 946383.17871
1.75 18.375 946383.17871
2.25 18.375 315461.05957
2.75 18.375 0.0
3.25 18.375 946383.17871
3.75 18.375 315461.05957
4.25 18.375 0.0
4.75 18.375 0.0
5.25 18.375 0.0
5.75 18.375 0.0
6.25 18.375 0.0
6.75 18.375 0.0
7.25 18.375 0.0
7.75 18.375 0.0
8.25 18.375 0.0
8.75 18.375 0.0
0.25 18.625 0.0
0.75 18.625 630922.11914
1.25 18.625 0.0
1.75 18.625 315461.05957
2.25 18.625 946383.17871
2.75 18.625 0.0
3.25 18.625 0.0
3.75 18.625 0.0
4.25 18.625 0.0
4.75 18.625 0.0
5.25 18.625 0.0
5.75 18.625 0.0
6.25 18.625 0.0
6.75 18.625 0.0
7.25 18.625 0.0
7.75 18.625 0.0
8.25 18.625 0.0
8.75 18.625 0.0
0.25 18.875 315461.05957
0.75 18.875 1261844.23828
1.25 18.875 315461.05957
1.75 18.875 630922.11914
2.25 18.875 0.0
2.75 18.875 315461.05957
3.25 18.875 0.0
3.75 18.875 0.0
4.25 18.875 0.0
4.75 18.875 0.0
5.25 18.875 0.0
5.75 18.875 0.0
6.25 18.875 0.0
6.75 18.875 0.0
7.25 18.875 0.0
7.75 18.875 0.0
8.25 18.875 0.0
8.75 18.875 0.0
0.25 19.125 0.0
0.75 19.125 946383.17871
1.25 19.125 315461.05957
1.75 19.125 0.0
2.25 19.125 0.0
2.75 19.125 0.0
3.25 19.125 315461.05957
3.75 19.125 0.0
4.25 19.125 0.0
4.75 19.125 0.0
5.25 19.125 0.0
5.75 19.125 0.0
6.25 19.125 0.0
6.75 19.125 0.0
7.25 19.125 0.0
7.75 19.125 0.0
8.25 19.125 0.0
8.75 19.125 0.0
0.25 19.375 0.0
0.75 19.375 0.0
1.25 19.375 315461.05957
1.75 19.375 630922.11914
2.25 19.375 0.0
2.75 19.375 0.0
3.25 19.375 0.0
3.75 19.375 0.0
4.25 19.375 0.0
4.75 19.375 0.0
5.25 19.375 0.0
5.75 19.375 0.0
6.25 19.375 0.0
6.75 19.375 0.0
7.25 19.375 0.0
7.75 19.375 0.0
8.25 19.375 0.0
8.75 19.375 0.0
0.25 19.625 0.0
0.75 19.625 0.0
1.25 19.625 0.0
1.75 19.625 0.0
2.25 19.625 315461.05957
2.75 19.625 0.0
3.25 19.625 0.0
3.75 19.625 315461.05957
4.25 19.625 0.0
4.75 19.625 0.0
5.25 19.625 0.0
5.75 19.625 0.0
6.25 19.625 0.0
6.75 19.625 0.0
7.25 19.625 0.0
7.75 19.625 0.0
8.25 19.625 0.0
8.75 19.625 0.0
0.25 19.875 630922.11914
0.75 19.875 630922.11914
1.25 19.875 315461.05957
1.75 19.875 315461.05957
2.25 19.875 315461.05957
2.75 19.875 315461.05957
3.25 19.875 0.0
3.75 19.875 0.0
4.25 19.875 0.0
4.75 19.875 0.0
5.25 19.875 0.0
5.75 19.875 0.0
6.25 19.875 0.0
6.75 19.875 0.0
7.25 19.875 0.0
7.75 19.875 0.0
8.25 19.875 0.0
8.75 19.875 0.0
0.25 20.125 0.0
0.75 20.125 0.0
1.25 20.125 0.0
1.75 20.125 315461.05957
2.25 20.125 0.0
2.75 20.125 0.0
3.25 20.125 0.0
3.75 20.125 0.0
4.25 20.125 0.0
4.75 20.125 0.0
5.25 20.125 0.0
5.75 20.125 0.0
6.25 20.125 0.0
6.75 20.125 0.0
7.25 20.125 0.0
7.75 20.125 0.0
8.25 20.125 0.0
8.75 20.125 0.0
0.25 20.375 315461.05957
0.75 20.375 0.0
1.25 20.375 315461.05957
1.75 20.375 0.0
2.25 20.375 0.0
2.75 20.375 0.0
3.25 20.375 315461.05957
3.75 20.375 0.0
4.25 20.375 0.0
4.75 20.375 0.0
5.25 20.375 0.0
5.75 20.375 0.0
6.25 20.375 0.0
6.75 20.375 0.0
7.25 20.375 0.0
7.75 20.375 0.0
8.25 20.375 0.0
8.75 20.375 0.0
0.25 20.625 315461.05957
0.75 20.625 315461.05957
1.25 20.625 315461.05957
1.75 20.625 0.0
2.25 20.625 0.0
2.75 20.625 0.0
3.25 20.625 0.0
3.75 20.625 0.0
4.25 20.625 0.0
4.75 20.625 0.0
5.25 20.625 0.0
5.75 20.625 0.0
6.25 20.625 0.0
6.75 20.625 0.0
7.25 20.625 0.0
7.75 20.625 0.0
8.25 20.625 0.0
8.75 20.625 0.0
0.25 20.875 315461.05957
0.75 20.875 0.0
1.25 20.875 0.0
1.75 20.875 0.0
2.25 20.875 315461.05957
2.75 20.875 315461.05957
3.25 20.875 315461.05957
3.75 20.875 0.0
4.25 20.875 315461.05957
4.75 20.875 0.0
5.25 20.875 0.0
5.75 20.875 0.0
6.25 20.875 0.0
6.75 20.875 0.0
7.25 20.875 0.0
7.75 20.875 0.0
8.25 20.875 0.0
8.75 20.875 0.0
0.25 21.125 0.0
0.75 21.125 0.0
1.25 21.125 315461.05957
1.75 21.125 630922.11914
2.25 21.125 0.0
2.75 21.125 0.0
3.25 21.125 0.0
3.75 21.125 0.0
4.25 21.125 0.0
4.75 21.125 0.0
5.25 21.125 0.0
5.75 21.125 0.0
6.25 21.125 0.0
6.75 21.125 0.0
7.25 21.125 0.0
7.75 21.125 0.0
8.25 21.125 0.0
8.75 21.125 0.0
0.25 21.375 0.0
0.75 21.375 0.0
1.25 21.375 0.0
1.75 21.375 315461.05957
2.25 21.375 0.0
2.75 21.375 315461.05957
3.25 21.375 315461.05957
3.75 21.375 0.0
4.25 21.375 0.0
4.75 21.375 0.0
5.25 21.375 0.0
5.75 21.375 0.0
6.25 21.375 0.0
6.75 21.375 0.0
7.25 21.375 0.0
7.75 21.375 0.0
8.25 21.375 0.0
8.75 21.375 0.0
0.25 21.625 0.0
0.75 21.625 315461.05957
1.25 21.625 630922.11914
1.75 21.625 0.0
2.25 21.625 315461.05957
2.75 21.625 0.0
3.25 21.625 0.0
3.75 21.625 0.0
4.25 21.625 0.0
4.75 21.625 315461.05957
5.25 21.625 0.0
5.75 21.625 0.0
6.25 21.625 0.0
6.75 21.625 0.0
7.25 21.625 0.0
7.75 21.625 0.0
8.25 21.625 0.0
8.75 21.625 0.0
0.25 21.875 0.0
0.75 21.875 315461.05957
1.25 21.875 315461.05957
1.75 21.875 0.0
2.25 21.875 315461.05957
2.75 21.875 0.0
3.25 21.875 0.0
3.75 21.875 0.0
4.25 21.875 0.0
4.75 21.875 0.0
5.25 21.875 0.0
5.75 21.875 0.0
6.25 21.875 0.0
6.75 21.875 0.0
7.25 21.875 0.0
7.75 21.875 0.0
8.25 21.875 0.0
8.75 21.875 0.0
0.25 22.125 0.0
0.75 22.125 0.0
1.25 22.125 0.0
1.75 22.125 0.0
2.25 22.125 0.0
2.75 22.125 315461.05957
3.25 22.125 315461.05957
3.75 22.125 0.0
4.25 22.125 0.0
4.75 22.125 0.0
5.25 22.125 0.0
5.75 22.125 0.0
6.25 22.125 0.0
6.75 22.125 0.0
7.25 22.125 0.0
7.75 22.125 0.0
8.25 22.125 0.0
8.75 22.125 0.0
0.25 22.375 0.0
0.75 22.375 0.0
1.25 22.375 315461.05957
1.75 22.375 315461.05957
2.25 22.375 0.0
2.75 22.375 0.0
3.25 22.375 0.0
3.75 22.375 0.0
4.25 22.375 0.0
4.75 22.375 0.0
5.25 22.375 0.0
5.75 22.375 0.0
6.25 22.375 0.0
6.75 22.375 0.0
7.25 22.375 0.0
7.75 22.375 0.0
8.25 22.375 0.0
8.75 22.375 0.0
0.25 22.625 0.0
0.75 22.625 0.0
1.25 22.625 0.0
1.75 22.625 0.0
2.25 22.625 0.0
2.75 22.625 0.0
3.25 22.625 0.0
3.75 22.625 0.0
4.25 22.625 0.0
4.75 22.625 0.0
5.25 22.625 0.0
5.75 22.625 0.0
6.25 22.625 0.0
6.75 22.625 0.0
7.25 22.625 0.0
7.75 22.625 0.0
8.25 22.625 0.0
8.75 22.625 0.0
0.25 22.875 0.0
0.75 22.875 0.0
1.25 22.875 0.0
1.75 22.875 630922.11914
2.25 22.875 0.0
2.75 22.875 0.0
3.25 22.875 0.0
3.75 22.875 0.0
4.25 22.875 0.0
4.75 22.875 0.0
5.25 22.875 0.0
5.75 22.875 0.0
6.25 22.875 0.0
6.75 22.875 0.0
7.25 22.875 0.0
7.75 22.875 0.0
8.25 22.875 0.0
8.75 22.875 0.0
0.25 23.125 0.0
0.75 23.125 0.0
1.25 23.125 0.0
1.75 23.125 0.0
2.25 23.125 0.0
2.75 23.125 0.0
3.25 23.125 0.0
3.75 23.125 0.0
4.25 23.125 0.0
4.75 23.125 0.0
5.25 23.125 0.0
5.75 23.125 0.0
6.25 23.125 0.0
6.75 23.125 0.0
7.25 23.125 0.0
7.75 23.125 0.0
8.25 23.125 0.0
8.75 23.125 0.0
0.25 23.375 0.0
0.75 23.375 0.0
1.25 23.375 0.0
1.75 23.375 0.0
2.25 23.375 0.0
2.75 23.375 0.0
3.25 23.375 0.0
3.75 23.375 0.0
4.25 23.375 0.0
4.75 23.375 0.0
5.25 23.375 0.0
5.75 23.375 0.0
6.25 23.375 0.0
6.75 23.375 0.0
7.25 23.375 0.0
7.75 23.375 0.0
8.25 23.375 0.0
8.75 23.375 0.0
0.25 23.625 630922.11914
0.75 23.625 315461.05957
1.25 23.625 0.0
1.75 23.625 0.0
2.25 23.625 315461.05957
2.75 23.625 0.0
3.25 23.625 0.0
3.75 23.625 0.0
4.25 23.625 0.0
4.75 23.625 0.0
5.25 23.625 0.0
5.75 23.625 0.0
6.25 23.625 0.0
6.75 23.625 0.0
7.25 23.625 0.0
7.75 23.625 0.0
8.25 23.625 0.0
8.75 23.625 0.0
0.25 23.875 0.0
0.75 23.875 315461.05957
1.25 23.875 0.0
1.75 23.875 0.0
2.25 23.875 0.0
2.75 23.875 315461.05957
3.25 23.875 0.0
3.75 23.875 0.0
4.25 23.875 315461.05957
4.75 23.875 0.0
5.25 23.875 0.0
5.75 23.875 0.0
6.25 23.875 0.0
6.75 23.875 0.0
7.25 23.875 0.0
7.75 23.875 0.0
8.25 23.875 0.0
8.75 23.875 0.0
0.25 24.125 0.0
0.75 24.125 0.0
1.25 24.125 0.0
1.75 24.125 0.0
2.25 24.125 0.0
2.75 24.125 0.0
3.25 24.125 0.0
3.75 24.125 0.0
4.25 24.125 0.0
4.75 24.125 0.0
5.25 24.125 0.0
5.75 24.125 0.0
6.25 24.125 0.0
6.75 24.125 0.0
7.25 24.125 0.0
7.75 24.125 0.0
8.25 24.125 0.0
8.75 24.125 0.0
0.25 24.375 0.0
0.75 24.375 0.0
1.25 24.375 0.0
1.75 24.375 315461.05957
2.25 24.375 315461.05957
2.75 24.375 0.0
3.25 24.375 0.0
3.75 24.375 315461.05957
4.25 24.375 0.0
4.75 24.375 0.0
5.25 24.375 0.0
5.75 24.375 0.0
6.25 24.375 0.0
6.75 24.375 0.0
7.25 24.375 0.0
7.75 24.375 0.0
8.25 24.375 0.0
8.75 24.375 0.0
0.25 24.625 0.0
0.75 24.625 0.0
1.25 24.625 0.0
1.75 24.625 0.0
2.25 24.625 0.0
2.75 24.625 315461.05957
3.25 24.625 0.0
3.75 24.625 0.0
4.25 24.625 0.0
4.75 24.625 0.0
5.25 24.625 0.0
5.75 24.625 0.0
6.25 24.625 0.0
6.75 24.625 0.0
7.25 24.625 0.0
7.75 24.625 0.0
8.25 24.625 0.0
8.75 24.625 0.0
0.25 24.875 0.0
0.75 24.875 315461.05957
1.25 24.875 0.0
1.75 24.875 315461.05957
2.25 24.875 315461.05957
2.75 24.875 0.0
3.25 24.875 0.0
3.75 24.875 0.0
4.25 24.875 0.0
4.75 24.875 0.0
5.25 24.875 0.0
5.75 24.875 0.0
6.25 24.875 0.0
6.75 24.875 0.0
7.25 24.875 0.0
7.75 24.875 0.0
8.25 24.875 0.0
8.75 24.875 0.0
0.25 25.125 0.0
0.75 25.125 0.0
1.25 25.125 0.0
1.75 25.125 0.0
2.25 25.125 0.0
2.75 25.125 0.0
3.25 25.125 0.0
3.75 25.125 0.0
4.25 25.125 0.0
4.75 25.125 0.0
5.25 25.125 0.0
5.75 25.125 0.0
6.25 25.125 0.0
6.75 25.125 0.0
7.25 25.125 0.0
7.75 25.125 0.0
8.25 25.125 0.0
8.75 25.125 0.0
0.25 25.375 0.0
0.75 25.375 0.0
1.25 25.375 315461.05957
1.75 25.375 0.0
2.25 25.375 0.0
2.75 25.375 0.0
3.25 25.375 0.0
3.75 25.375 0.0
4.25 25.375 0.0
4.75 25.375 0.0
5.25 25.375 0.0
5.75 25.375 0.0
6.25 25.375 0.0
6.75 25.375 0.0
7.25 25.375 0.0
7.75 25.375 0.0
8.25 25.375 0.0
8.75 25.375 0.0
0.25 25.625 0.0
0.75 25.625 0.0
1.25 25.625 315461.05957
1.75 25.625 0.0
2.25 25.625 0.0
2.75 25.625 0.0
3.25 25.625 0.0
3.75 25.625 0.0
4.25 25.625 0.0
4.75 25.625 0.0
5.25 25.625 0.0
5.75 25.625 0.0
6.25 25.625 0.0
6.75 25.625 0.0
7.25 25.625 0.0
7.75 25.625 0.0
8.25 25.625 0.0
8.75 25.625 0.0
0.25 25.875 0.0
0.75 25.875 0.0
1.25 25.875 0.0
1.75 25.875 0.0
2.25 25.875 0.0
2.75 25.875 0.0
3.25 25.875 0.0
3.75 25.875 0.0
4.25 25.875 0.0
4.75 25.875 0.0
5.25 25.875 0.0
5.75 25.875 0.0
6.25 25.875 0.0
6.75 25.875 0.0
7.25 25.875 0.0
7.75 25.875 0.0
8.25 25.875 0.0
8.75 25.875 0.0
0.25 26.125 0.0
0.75 26.125 0.0
1.25 26.125 0.0
1.75 26.125 0.0
2.25 26.125 0.0
2.75 26.125 0.0
3.25 26.125 0.0
3.75 26.125 0.0
4.25 26.125 0.0
4.75 26.125 0.0
5.25 26.125 0.0
5.75 26.125 0.0
6.25 26.125 0.0
6.75 26.125 0.0
7.25 26.125 0.0
7.75 26.125 0.0
8.25 26.125 0.0
8.75 26.125 0.0
0.25 26.375 0.0
0.75 26.375 315461.05957
1.25 26.375 0.0
1.75 26.375 0.0
2.25 26.375 0.0
2.75 26.375 0.0
3.25 26.375 0.0
3.75 26.375 0.0
4.25 26.375 0.0
4.75 26.375 315461.05957
5.25 26.375 0.0
5.75 26.375 0.0
6.25 26.375 0.0
6.75 26.375 0.0
7.25 26.375 0.0
7.75 26.375 0.0
8.25 26.375 0.0
8.75 26.375 0.0
0.25 26.625 0.0
0.75 26.625 0.0
1.25 26.625 315461.05957
1.75 26.625 0.0
2.25 26.625 0.0
2.75 26.625 0.0
3.25 26.625 0.0
3.75 26.625 0.0
4.25 26.625 0.0
4.75 26.625 0.0
5.25 26.625 0.0
5.75 26.625 0.0
6.25 26.625 0.0
6.75 26.625 0.0
7.25 26.625 0.0
7.75 26.625 0.0
8.25 26.625 0.0
8.75 26.625 0.0
0.25 26.875 0.0
0.75 26.875 0.0
1.25 26.875 0.0
1.75 26.875 0.0
2.25 26.875 0.0
2.75 26.875 0.0
3.25 26.875 0.0
3.75 26.875 0.0
4.25 26.875 0.0
4.75 26.875 0.0
5.25 26.875 0.0
5.75 26.875 0.0
6.25 26.875 0.0
6.75 26.875 0.0
7.25 26.875 0.0
7.75 26.875 0.0
8.25 26.875 0.0
8.75 26.875 0.0
0.25 27.125 0.0
0.75 27.125 0.0
1.25 27.125 630922.11914
1.75 27.125 315461.05957
2.25 27.125 0.0
2.75 27.125 0.0
3.25 27.125 0.0
3.75 27.125 0.0
4.25 27.125 0.0
4.75 27.125 0.0
5.25 27.125 0.0
5.75 27.125 0.0
6.25 27.125 0.0
6.75 27.125 0.0
7.25 27.125 0.0
7.75 27.125 0.0
8.25 27.125 0.0
8.75 27.125 0.0
0.25 27.375 0.0
0.75 27.375 0.0
1.25 27.375 0.0
1.75 27.375 0.0
2.25 27.375 0.0
2.75 27.375 0.0
3.25 27.375 0.0
3.75 27.375 0.0
4.25 27.375 0.0
4.75 27.375 0.0
5.25 27.375 0.0
5.75 27.375 0.0
6.25 27.375 0.0
6.75 27.375 0.0
7.25 27.375 0.0
7.75 27.375 0.0
8.25 27.375 0.0
8.75 27.375 0.0
0.25 27.625 0.0
0.75 27.625 0.0
1.25 27.625 0.0
1.75 27.625 0.0
2.25 27.625 0.0
2.75 27.625 0.0
3.25 27.625 0.0
3.75 27.625 0.0
4.25 27.625 0.0
4.75 27.625 0.0
5.25 27.625 0.0
5.75 27.625 0.0
6.25 27.625 0.0
6.75 27.625 0.0
7.25 27.625 0.0
7.75 27.625 0.0
8.25 27.625 0.0
8.75 27.625 0.0
0.25 27.875 0.0
0.75 27.875 0.0
1.25 27.875 630922.11914
1.75 27.875 315461.05957
2.25 27.875 0.0
2.75 27.875 0.0
3.25 27.875 0.0
3.75 27.875 0.0
4.25 27.875 0.0
4.75 27.875 0.0
5.25 27.875 0.0
5.75 27.875 0.0
6.25 27.875 0.0
6.75 27.875 0.0
7.25 27.875 0.0
7.75 27.875 0.0
8.25 27.875 0.0
8.75 27.875 0.0
0.25 28.125 0.0
0.75 28.125 0.0
1.25 28.125 0.0
1.75 28.125 0.0
2.25 28.125 0.0
2.75 28.125 0.0
3.25 28.125 0.0
3.75 28.125 0.0
4.25 28.125 0.0
4.75 28.125 0.0
5.25 28.125 0.0
5.75 28.125 0.0
6.25 28.125 0.0
6.75 28.125 0.0
7.25 28.125 0.0
7.75 28.125 0.0
8.25 28.125 0.0
8.75 28.125 0.0
0.25 28.375 0.0
0.75 28.375 0.0
1.25 28.375 0.0
1.75 28.375 0.0
2.25 28.375 0.0
2.75 28.375 0.0
3.25 28.375 0.0
3.75 28.375 0.0
4.25 28.375 0.0
4.75 28.375 0.0
5.25 28.375 0.0
5.75 28.375 0.0
6.25 28.375 0.0
6.75 28.375 0.0
7.25 28.375 0.0
7.75 28.375 0.0
8.25 28.375 0.0
8.75 28.375 0.0
0.25 28.625 0.0
0.75 28.625 0.0
1.25 28.625 0.0
1.75 28.625 0.0
2.25 28.625 0.0
2.75 28.625 0.0
3.25 28.625 0.0
3.75 28.625 0.0
4.25 28.625 0.0
4.75 28.625 0.0
5.25 28.625 0.0
5.75 28.625 0.0
6.25 28.625 0.0
6.75 28.625 0.0
7.25 28.625 0.0
7.75 28.625 0.0
8.25 28.625 0.0
8.75 28.625 0.0
0.25 28.875 0.0
0.75 28.875 0.0
1.25 28.875 0.0
1.75 28.875 0.0
2.25 28.875 0.0
2.75 28.875 0.0
3.25 28.875 0.0
3.75 28.875 0.0
4.25 28.875 0.0
4.75 28.875 0.0
5.25 28.875 0.0
5.75 28.875 0.0
6.25 28.875 0.0
6.75 28.875 0.0
7.25 28.875 0.0
7.75 28.875 0.0
8.25 28.875 0.0
8.75 28.875 0.0
0.25 29.125 0.0
0.75 29.125 0.0
1.25 29.125 0.0
1.75 29.125 315461.05957
2.25 29.125 0.0
2.75 29.125 0.0
3.25 29.125 0.0
3.75 29.125 0.0
4.25 29.125 0.0
4.75 29.125 0.0
5.25 29.125 0.0
5.75 29.125 0.0
6.25 29.125 0.0
6.75 29.125 0.0
7.25 29.125 0.0
7.75 29.125 0.0
8.25 29.125 0.0
8.75 29.125 0.0
0.25 29.375 0.0
0.75 29.375 0.0
1.25 29.375 0.0
1.75 29.375 0.0
2.25 29.375 0.0
2.75 29.375 0.0
3.25 29.375 0.0
3.75 29.375 0.0
4.25 29.375 0.0
4.75 29.375 0.0
5.25 29.375 0.0
5.75 29.375 0.0
6.25 29.375 0.0
6.75 29.375 0.0
7.25 29.375 0.0
7.75 29.375 0.0
8.25 29.375 0.0
8.75 29.375 0.0
0.25 29.625 0.0
0.75 29.625 0.0
1.25 29.625 0.0
1.75 29.625 0.0
2.25 29.625 0.0
2.75 29.625 0.0
3.25 29.625 0.0
3.75 29.625 0.0
4.25 29.625 0.0
4.75 29.625 0.0
5.25 29.625 0.0
5.75 29.625 0.0
6.25 29.625 0.0
6.75 29.625 0.0
7.25 29.625 0.0
7.75 29.625 0.0
8.25 29.625 0.0
8.75 29.625 0.0
0.25 29.875 0.0
0.75 29.875 0.0
1.25 29.875 0.0
1.75 29.875 315461.05957
2.25 29.875 0.0
2.75 29.875 0.0
3.25 29.875 0.0
3.75 29.875 0.0
4.25 29.875 0.0
4.75 29.875 0.0
5.25 29.875 0.0
5.75 29.875 0.0
6.25 29.875 0.0
6.75 29.875 0.0
7.25 29.875 0.0
7.75 29.875 0.0
8.25 29.875 0.0
8.75 29.875 0.0
