11.294627058970837 0.0
14.219093021276404 3310.287954892885
17.900777537149963 929.5611798540831
22.535743732392298 2161.2822069957374
28.370820458389794 4684.954470259022
35.71674682851676 10236.556937520249
44.96472020903849 20925.251345116667
56.60722890537329 29171.176243006485
71.26427896022373 19562.23051640013
89.71641173621407 49583.81048312195
112.94627058970838 94128.83662421163
142.1909302127641 109209.25874086819
179.00777537149963 183586.21750548226
225.35743732392305 258155.38425274205
283.7082045838981 380876.8278878074
357.1674682851676 501272.43127481895
449.6472020903849 584384.6184465957
566.0722890537327 751588.9302758938
712.6427896022376 819586.5806568973
897.164117362141 758487.3836198393
1129.4627058970837 660679.0036882162
1421.9093021276408 502944.02059831563
1790.0777537149975 338572.5869503962
2253.5743732392316 215458.00664925668
2837.082045838981 112322.93931137957
3571.674682851676 47769.58535456844
4496.47202090385 15217.20840012934
5660.72289053733 3844.328159241006
7126.427896022379 567.5070293229073
8971.64117362141 3.702183697372675
