11.294627058970837 0.5049968722499976
14.219093021276404 1232.9585652409758
17.900777537149963 1489.9728673613897
22.535743732392298 4846.025401480447
28.370820458389794 4196.031842004717
35.71674682851676 14413.140840201915
44.96472020903849 21041.777281177867
56.60722890537329 21599.86674824697
71.26427896022373 33613.24724455182
89.71641173621407 59291.38328360612
112.94627058970838 85554.94210145855
142.1909302127641 70604.89455769095
179.00777537149963 78093.27823372482
225.35743732392305 110695.1405623745
283.7082045838981 118218.22240062675
357.1674682851676 132296.73665241024
449.6472020903849 124784.53343316575
566.0722890537327 90097.66784876038
712.6427896022376 70022.58880501846
897.164117362141 47549.46802791429
1129.4627058970837 25551.103020244744
1421.9093021276408 11768.877843978582
1790.0777537149975 3652.550084515242
2253.5743732392316 651.5318798234221
2837.082045838981 104.0610858045984
3571.674682851676 11.039351543644443
4496.47202090385 0.5658168660011142
5660.72289053733 0.0
7126.427896022379 0.0
8971.64117362141 0.0
