11.294627058970837 2.686878284999976
14.219093021276404 1552.0054003019923
17.900777537149963 0.1599071985936007
22.535743732392298 209.4596823757488
28.370820458389794 0.03517034564401911
35.71674682851676 314.34400329070286
44.96472020903849 335.83892391545896
56.60722890537329 2240.9127504519106
71.26427896022373 1565.6823871056176
89.71641173621407 6250.208004016974
112.94627058970838 11538.54545433501
142.1909302127641 18688.279700305087
179.00777537149963 16275.817250630113
225.35743732392305 20330.218360804065
283.7082045838981 22705.860581467117
357.1674682851676 22243.239492480527
449.6472020903849 22381.824154869464
566.0722890537327 20801.036840381217
712.6427896022376 19305.771118533972
897.164117362141 12729.125774010492
1129.4627058970837 7498.509319259145
1421.9093021276408 4220.615020588943
1790.0777537149975 1626.1873305552872
2253.5743732392316 263.88556535498356
2837.082045838981 48.16558833734598
3571.674682851676 5.505813866795506
4496.47202090385 0.09593008976662531
5660.72289053733 0.0
7126.427896022379 0.0
8971.64117362141 0.0
