11.294627058970837 9.786951361599971
14.219093021276404 19.96057171539994
17.900777537149963 3.7105485027799716
22.535743732392298 16.988509694007185
28.370820458389794 225.74118150342125
35.71674682851676 132.47203042391845
44.96472020903849 141.00598813383073
56.60722890537329 804.3617618769495
71.26427896022373 1388.1968486204437
89.71641173621407 504.7778391636075
112.94627058970838 1308.3880242663313
142.1909302127641 1568.2746051161394
179.00777537149963 1778.5431108939838
225.35743732392305 864.722700199477
283.7082045838981 944.7035164679437
357.1674682851676 1051.2683838511548
449.6472020903849 1002.1419131324656
566.0722890537327 1212.1869473067545
712.6427896022376 769.2285607538324
897.164117362141 435.7252695273655
1129.4627058970837 331.0661035215926
1421.9093021276408 193.18167515216555
1790.0777537149975 97.89036262052832
2253.5743732392316 39.04416134911298
2837.082045838981 13.085851850124527
3571.674682851676 0.766412523938925
4496.47202090385 0.02344217136123916
5660.72289053733 0.0
7126.427896022379 0.0
8971.64117362141 0.0
