11.294627058970837 0.22773134879999823
14.219093021276404 21.473514339639937
17.900777537149963 68.36283621029969
22.535743732392298 43.5844128179441
28.370820458389794 517.2286741087576
35.71674682851676 1051.3326233505254
44.96472020903849 854.8179622596108
56.60722890537329 1477.5137419631556
71.26427896022373 1909.3257315736337
89.71641173621407 955.0336733267113
112.94627058970838 1830.133303559528
142.1909302127641 1884.6579606979358
179.00777537149963 3021.717771549269
225.35743732392305 2647.350323639217
283.7082045838981 2516.3112410506983
357.1674682851676 2244.7922054344126
449.6472020903849 1183.036779511709
566.0722890537327 1057.5915144008977
712.6427896022376 1497.336934747109
897.164117362141 1233.640094645656
1129.4627058970837 807.9393014900634
1421.9093021276408 491.30178985623934
1790.0777537149975 201.19692618447516
2253.5743732392316 52.13780522290108
2837.082045838981 15.57288545602205
3571.674682851676 1.062871009871742
4496.47202090385 0.003110821566224331
5660.72289053733 0.0
7126.427896022379 0.0
8971.64117362141 0.0
