11.294627058970837 2.2527525975399834
14.219093021276404 25.20645571427991
17.900777537149963 0.10930488740000044
22.535743732392298 85.34017936151403
28.370820458389794 98.75905432837737
35.71674682851676 1450.413598447356
44.96472020903849 392.2995022583232
56.60722890537329 1114.415225037886
71.26427896022373 1649.397017541999
89.71641173621407 3019.4178847746252
112.94627058970838 2428.1282690656044
142.1909302127641 2321.1094019673747
179.00777537149963 2976.650474256081
225.35743732392305 2564.6156136443824
283.7082045838981 2189.7893924182754
357.1674682851676 2197.8512437303616
449.6472020903849 1349.5570198532223
566.0722890537327 1010.18121469576
712.6427896022376 1369.1037007713603
897.164117362141 1198.97715001924
1129.4627058970837 769.7209028249927
1421.9093021276408 401.963192845702
1790.0777537149975 201.36023349636525
2253.5743732392316 51.54441928108645
2837.082045838981 9.359033978078514
3571.674682851676 1.1524919713447161
4496.47202090385 0.002071669357974315
5660.72289053733 0.0
7126.427896022379 0.0
8971.64117362141 0.0
