11.294627058970837 182.32555652999872
14.219093021276404 100.21465992749927
17.900777537149963 177.71632212599917
22.535743732392298 1160.2258665791383
28.370820458389794 2711.239368613419
35.71674682851676 13133.784166679758
44.96472020903849 16246.516736044083
56.60722890537329 23991.81250446487
71.26427896022373 40854.648531347215
89.71641173621407 57460.42694219432
112.94627058970838 73735.62615010788
142.1909302127641 76404.32401363092
179.00777537149963 112523.48199492134
225.35743732392305 125256.77230735682
283.7082045838981 111286.24279262719
357.1674682851676 128818.737340861
449.6472020903849 121046.47193957854
566.0722890537327 98506.03617709829
712.6427896022376 79069.77633178269
897.164117362141 45364.067591522355
1129.4627058970837 25007.64616389037
1421.9093021276408 10100.072142329765
1790.0777537149975 3819.242195568746
2253.5743732392316 942.3146307205316
2837.082045838981 117.9924146134872
3571.674682851676 5.584580709924921
4496.47202090385 0.0008365025278180838
5660.72289053733 0.0
7126.427896022379 0.0
8971.64117362141 0.0
