11.294627058970837 24.028431818769842
14.219093021276404 117.58902575890293
17.900777537149963 203.548298524149
22.535743732392298 1126.4647628142666
28.370820458389794 1280.5096199442244
35.71674682851676 2930.9434991345397
44.96472020903849 4854.938574852644
56.60722890537329 8398.878844180465
71.26427896022373 6659.773960570346
89.71641173621407 9765.407605729746
112.94627058970838 12067.055547606687
142.1909302127641 13425.462186283039
179.00777537149963 10861.233468713275
225.35743732392305 11735.026224414687
283.7082045838981 10334.358317069287
357.1674682851676 9368.431037935661
449.6472020903849 8369.25846960352
566.0722890537327 6925.661613881486
712.6427896022376 5269.711144711095
897.164117362141 4375.08498478611
1129.4627058970837 2723.438017647539
1421.9093021276408 1258.286118424323
1790.0777537149975 463.7465034724155
2253.5743732392316 154.88522643997567
2837.082045838981 25.312406710378127
3571.674682851676 3.178268512216164
4496.47202090385 0.29779590133694
5660.72289053733 0.0
7126.427896022379 0.0
8971.64117362141 0.0
