11.294627058970837 15.334446149277808
14.219093021276404 34.65760358999981
17.900777537149963 75.10529897863454
22.535743732392298 2022.0346752682249
28.370820458389794 6752.730351059917
35.71674682851676 4342.455051613044
44.96472020903849 10991.120610054393
56.60722890537329 19169.992687773094
71.26427896022373 37222.739307059084
89.71641173621407 46801.95452495561
112.94627058970838 67504.11156097465
142.1909302127641 88819.30455557033
179.00777537149963 103078.60324484453
225.35743732392305 117268.95389304176
283.7082045838981 129487.56472863792
357.1674682851676 120221.70468095713
449.6472020903849 129381.60810627125
566.0722890537327 101219.11558618105
712.6427896022376 71950.77965030249
897.164117362141 50559.90140652517
1129.4627058970837 26693.919047506526
1421.9093021276408 11733.719756886596
1790.0777537149975 3603.5042883686256
2253.5743732392316 722.9066714299843
2837.082045838981 96.8131330893375
3571.674682851676 10.039713368751109
4496.47202090385 0.165901780128479
5660.72289053733 0.0
7126.427896022379 0.0
8971.64117362141 0.0
