11.294627058970837 1454.2559087999962
14.219093021276404 0.0
17.900777537149963 189.61792415999935
22.535743732392298 2457.2876846999934
28.370820458389794 761.1518593510445
35.71674682851676 85.3497587687998
44.96472020903849 3851.518527823965
56.60722890537329 3181.0988115715154
71.26427896022373 4208.855753452335
89.71641173621407 5395.80512331452
112.94627058970838 6880.031453767431
142.1909302127641 19937.93785695311
179.00777537149963 18664.75652154546
225.35743732392305 17198.60338091578
283.7082045838981 26606.94549592497
357.1674682851676 24460.93641964694
449.6472020903849 29766.130819833197
566.0722890537327 22198.158896054258
712.6427896022376 17608.61458956226
897.164117362141 14197.467154254613
1129.4627058970837 7522.558981429698
1421.9093021276408 4513.0167033899925
1790.0777537149975 1662.871593548829
2253.5743732392316 512.7046039027337
2837.082045838981 59.74166963875177
3571.674682851676 4.432655765587697
4496.47202090385 0.01668943089316599
5660.72289053733 0.0
7126.427896022379 0.0
8971.64117362141 0.0
