11.294627058970837 0.0
14.219093021276404 0.0
17.900777537149963 0.0
22.535743732392298 214.95042851999818
28.370820458389794 7.22890525025997
35.71674682851676 105.27358715999924
44.96472020903849 287.78091758099777
56.60722890537329 3650.3450580010312
71.26427896022373 5161.198965388905
89.71641173621407 1991.7700906223945
112.94627058970838 3882.483441692386
142.1909302127641 7772.829228263583
179.00777537149963 6153.294088347804
225.35743732392305 11352.272522898696
283.7082045838981 11201.81682829839
357.1674682851676 12842.037573109032
449.6472020903849 11629.792966889261
566.0722890537327 11867.22697647319
712.6427896022376 8423.3623276227
897.164117362141 5543.343897859202
1129.4627058970837 4048.017630293427
1421.9093021276408 1906.0501275915885
1790.0777537149975 847.3839408938511
2253.5743732392316 152.08003010158427
2837.082045838981 31.864044228903367
3571.674682851676 2.8676991803367855
4496.47202090385 0.0028564319509314373
5660.72289053733 0.0
7126.427896022379 0.0
8971.64117362141 0.0
