11.294627058970837 1307.2195558799926
14.219093021276404 0.5326517231999333
17.900777537149963 75.9013381979994
22.535743732392298 1926.2884403249925
28.370820458389794 1759.0231583420305
35.71674682851676 9475.576511113395
44.96472020903849 7212.007586105423
56.60722890537329 22067.92369517548
71.26427896022373 29741.52746507997
89.71641173621407 60951.283515052564
112.94627058970838 69262.8160530127
142.1909302127641 83664.48736273366
179.00777537149963 121496.63318781106
225.35743732392305 108959.35597034759
283.7082045838981 113718.07676822244
357.1674682851676 124498.90699752385
449.6472020903849 116668.49420902855
566.0722890537327 102090.58710375743
712.6427896022376 70799.07294612308
897.164117362141 45402.62208771496
1129.4627058970837 24644.117620888865
1421.9093021276408 10766.909944213694
1790.0777537149975 3322.425530635519
2253.5743732392316 676.4392364916857
2837.082045838981 96.96359730698168
3571.674682851676 9.532662307610735
4496.47202090385 0.6615809199865907
5660.72289053733 0.04238905617967248
7126.427896022379 0.0
8971.64117362141 0.0
