11.294627058970837 0.0
14.219093021276404 0.0
17.900777537149963 1397.2344263999964
22.535743732392298 2561.5132053599937
28.370820458389794 0.2779506846000004
35.71674682851676 3128.7888118571323
44.96472020903849 776.4693155921959
56.60722890537329 727.3730607963862
71.26427896022373 8216.534319792074
89.71641173621407 8567.029329379227
112.94627058970838 2591.135101731874
142.1909302127641 12596.389317049205
179.00777537149963 9495.969280402038
225.35743732392305 10049.334477327786
283.7082045838981 15802.67202393955
357.1674682851676 15615.116248307095
449.6472020903849 12746.151659387804
566.0722890537327 18830.689012772113
712.6427896022376 9997.401943283694
897.164117362141 5748.966361738945
1129.4627058970837 4364.122496326221
1421.9093021276408 2273.3607314047404
1790.0777537149975 806.3878595679125
2253.5743732392316 269.34744594813674
2837.082045838981 27.82987707009306
3571.674682851676 1.1511361575394403
4496.47202090385 0.0
5660.72289053733 0.0
7126.427896022379 0.0
8971.64117362141 0.0
