11.294627058970837 0.0
14.219093021276404 0.0
17.900777537149963 0.0
22.535743732392298 18.608981591999854
28.370820458389794 206.68897412999848
35.71674682851676 938.2551562770602
44.96472020903849 2134.105072755443
56.60722890537329 4827.531600524386
71.26427896022373 2125.457787302331
89.71641173621407 2055.904676103819
112.94627058970838 6513.18038185136
142.1909302127641 5042.263382390705
179.00777537149963 12332.341836448355
225.35743732392305 10770.662549368622
283.7082045838981 13651.107175521342
357.1674682851676 12502.913074026816
449.6472020903849 12663.254614171135
566.0722890537327 9441.436616925595
712.6427896022376 10805.835766930104
897.164117362141 9800.669080238324
1129.4627058970837 4190.55641703408
1421.9093021276408 2199.2689907674066
1790.0777537149975 808.0700634523819
2253.5743732392316 217.33978925533302
2837.082045838981 18.312846009299392
3571.674682851676 1.5465361496026162
4496.47202090385 0.013506183240679093
5660.72289053733 0.0
7126.427896022379 0.0
8971.64117362141 0.0
