11.294627058970837 260.1213255262324
14.219093021276404 1730.8827260258481
17.900777537149963 769.0876041093743
22.535743732392298 817.5194711356498
28.370820458389794 6114.43089452755
35.71674682851676 12391.804425344617
44.96472020903849 15226.393362528503
56.60722890537329 18780.009627325715
71.26427896022373 29580.536789631296
89.71641173621407 57016.03056448452
112.94627058970838 66824.99339009618
142.1909302127641 85963.84656372556
179.00777537149963 105022.87199022196
225.35743732392305 128216.94421484933
283.7082045838981 182343.40440717782
357.1674682851676 184575.32581117935
449.6472020903849 180569.49071627785
566.0722890537327 182850.03422030457
712.6427896022376 176757.1090247545
897.164117362141 135307.05891279154
1129.4627058970837 97258.15001952462
1421.9093021276408 60051.2048730494
1790.0777537149975 31746.075654329266
2253.5743732392316 12776.619215974817
2837.082045838981 4721.028798123822
3571.674682851676 1325.0216389389243
4496.47202090385 189.75497285532765
5660.72289053733 11.063597686355934
7126.427896022379 0.0
8971.64117362141 0.0
