11.294627058970837 2226.884758732784
14.219093021276404 132.55199172125185
17.900777537149963 2509.4230650421887
22.535743732392298 2427.7822033532902
28.370820458389794 8643.398322613331
35.71674682851676 13105.487822749761
44.96472020903849 17647.620121752952
56.60722890537329 30330.4925139045
71.26427896022373 41772.07895194343
89.71641173621407 62722.3345510864
112.94627058970838 70655.45396439175
142.1909302127641 83501.1620712324
179.00777537149963 124356.98873053677
225.35743732392305 129461.7661906163
283.7082045838981 170233.89722583198
357.1674682851676 178445.5313808032
449.6472020903849 187656.51267335436
566.0722890537327 186368.36006669654
712.6427896022376 165133.1157907669
897.164117362141 122501.6094312286
1129.4627058970837 96534.62845250545
1421.9093021276408 57997.75795262819
1790.0777537149975 33319.73514651926
2253.5743732392316 13601.382394138956
2837.082045838981 5785.743310312275
3571.674682851676 1606.578371224925
4496.47202090385 318.15156526630744
5660.72289053733 46.5407247946132
7126.427896022379 0.0
8971.64117362141 0.0
