11.294627058970837 100.41800269814179
14.219093021276404 285.59763049189235
17.900777537149963 613.1679973954318
22.535743732392298 1264.252210258493
28.370820458389794 929.5330367811043
35.71674682851676 3771.8066084035145
44.96472020903849 4901.789778930596
56.60722890537329 5701.556740039376
71.26427896022373 9123.879838720834
89.71641173621407 7482.810567493052
112.94627058970838 9341.574994216862
142.1909302127641 12785.772150973426
179.00777537149963 15751.928234065068
225.35743732392305 14563.862368123679
283.7082045838981 14845.371576572812
357.1674682851676 12106.582969209194
449.6472020903849 11639.406989326744
566.0722890537327 10875.057998028715
712.6427896022376 9376.866567506833
897.164117362141 8638.453789422696
1129.4627058970837 5449.179948995123
1421.9093021276408 3298.272302437428
1790.0777537149975 1366.6642806949676
2253.5743732392316 459.8096666391357
2837.082045838981 141.1463199388818
3571.674682851676 12.170198052277556
4496.47202090385 0.0
5660.72289053733 0.0
7126.427896022379 0.0
8971.64117362141 0.0
