0.25 0.125 18597797.6064223
0.75 0.125 17926736.274155
1.25 0.125 18552349.842796564
1.75 0.125 18639899.627806026
2.25 0.125 18651072.220818445
2.75 0.125 19193820.34901457
3.25 0.125 18300449.002641555
3.75 0.125 17132859.09391379
4.25 0.125 15803237.593100728
4.75 0.125 13805985.39180065
5.25 0.125 11716308.250403417
5.75 0.125 9063703.746116515
6.25 0.125 7421375.551838365
6.75 0.125 6275514.076522419
7.25 0.125 4296036.30077355
7.75 0.125 2384051.9410503837
8.25 0.125 999933.2882914166
8.75 0.125 126168.98448821186
0.25 0.375 56888105.55256075
0.75 0.375 57324589.36792617
1.25 0.375 57674933.364484765
1.75 0.375 57021364.65710162
2.25 0.375 58682786.7237134
2.75 0.375 57817801.28138169
3.25 0.375 58189673.169283725
3.75 0.375 53630238.91962895
4.25 0.375 49728421.55499332
4.75 0.375 43865266.5193872
5.25 0.375 36656891.16213927
5.75 0.375 29653563.385756258
6.25 0.375 22798060.003674407
6.75 0.375 18270171.1758856
7.25 0.375 12846543.19040837
7.75 0.375 7356554.83054953
8.25 0.375 3176718.8377481373
8.75 0.375 389539.9574619429
0.25 0.625 97493566.28125085
0.75 0.625 96486303.09881712
1.25 0.625 96163609.0092628
1.75 0.625 97433707.10581197
2.25 0.625 96270043.73510632
2.75 0.625 94053009.80659792
3.25 0.625 90747369.4897574
3.75 0.625 88128487.80456273
4.25 0.625 80632260.8065634
4.75 0.625 69663960.65154578
5.25 0.625 61338509.19767837
5.75 0.625 48824575.53624499
6.25 0.625 35915278.92912225
6.75 0.625 28295601.071169626
7.25 0.625 19913102.156134732
7.75 0.625 11458014.19453064
8.25 0.625 4469664.436493383
8.75 0.625 564538.053605626
0.25 0.875 127163473.1978272
0.75 0.875 125233229.07055195
1.25 0.875 127229284.53263666
1.75 0.875 123869650.5540583
2.25 0.875 121666617.52748635
2.75 0.875 120356951.58671235
3.25 0.875 114017086.66509032
3.75 0.875 108592178.87151206
4.25 0.875 100501874.02649008
4.75 0.875 89470642.88055111
5.25 0.875 76363204.92209753
5.75 0.875 61321119.71332695
6.25 0.875 46434511.18130451
6.75 0.875 32720085.540755976
7.25 0.875 22460212.247041482
7.75 0.875 12376089.28689781
8.25 0.875 4694575.593865719
8.75 0.875 425902.55550470325
0.25 1.125 140545953.38293576
0.75 1.125 139378028.10567808
1.25 1.125 138841443.29412833
1.75 1.125 135285626.85086244
2.25 1.125 132269243.1617427
2.75 1.125 126131445.0046284
3.25 1.125 121797596.0905282
3.75 1.125 113706427.83902162
4.25 1.125 105435903.18178704
4.75 1.125 94443760.89506458
5.25 1.125 78721084.76716338
5.75 1.125 62499618.61090136
6.25 1.125 46518864.522202566
6.75 1.125 32586559.156092975
7.25 1.125 21554644.352388095
7.75 1.125 11680363.23918857
8.25 1.125 3601736.1564943045
8.75 1.125 203694.9747844839
0.25 1.375 139647526.78382614
0.75 1.375 139876237.25026852
1.25 1.375 138978901.47108054
1.75 1.375 135529724.0559435
2.25 1.375 130927875.55541967
2.75 1.375 125888918.24741362
3.25 1.375 118617222.08460893
3.75 1.375 110338419.57621716
4.25 1.375 100786339.9529207
4.75 1.375 87872147.9913739
5.25 1.375 73037965.5285302
5.75 1.375 57756118.28825015
6.25 1.375 42904280.13972399
6.75 1.375 29892114.277471125
7.25 1.375 17802137.131044995
7.75 1.375 8610345.06100375
8.25 1.375 2100280.5398831693
8.75 1.375 53484.788104794774
0.25 1.625 128980625.0509299
0.75 1.625 129164894.31298615
1.25 1.625 126928277.4406848
1.75 1.625 122120778.44224162
2.25 1.625 120397803.4419387
2.75 1.625 117312025.7038082
3.25 1.625 108902576.12336099
3.75 1.625 98894733.36931273
4.25 1.625 89302246.29506688
4.75 1.625 76702311.34195265
5.25 1.625 62435145.11953766
5.75 1.625 48981482.81907601
6.25 1.625 34972923.677304216
6.75 1.625 24542722.01143753
7.25 1.625 14179483.472197687
7.75 1.625 5789532.524815703
8.25 1.625 995296.43172941
8.75 1.625 0.0
0.25 1.875 114470412.75240538
0.75 1.875 112579218.75539443
1.25 1.875 111761947.7871294
1.75 1.875 109202137.97161195
2.25 1.875 106171781.31008051
2.75 1.875 103109188.36038333
3.25 1.875 94842154.1803531
3.75 1.875 85216871.23747304
4.25 1.875 74801704.72987139
4.75 1.875 61928986.851028465
5.25 1.875 51489148.38431543
5.75 1.875 38927492.20073997
6.25 1.875 27682277.67257266
6.75 1.875 17925488.18570737
7.25 1.875 9915471.702248814
7.75 1.875 3493858.395717827
8.25 1.875 421882.5880279326
8.75 1.875 0.0
0.25 2.125 98027403.47964099
0.75 2.125 97341759.10600597
1.25 2.125 93958899.07198583
1.75 2.125 94534960.9128958
2.25 2.125 91208684.94500925
2.75 2.125 87625333.63320863
3.25 2.125 81978509.50642422
3.75 2.125 74986204.74998884
4.25 2.125 62510739.4940493
4.75 2.125 51132211.38010314
5.25 2.125 41192430.50849108
5.75 2.125 31465282.505031705
6.25 2.125 21538940.255424734
6.75 2.125 13128789.675189307
7.25 2.125 6139232.98199301
7.75 2.125 2020567.281646434
8.25 2.125 176759.24606418752
8.75 2.125 0.0
0.25 2.375 82069475.91486378
0.75 2.375 82977825.2277399
1.25 2.375 81847749.4450074
1.75 2.375 80561057.3032691
2.25 2.375 77778520.51366359
2.75 2.375 73645690.78430896
3.25 2.375 67414684.80572218
3.75 2.375 60116967.1735575
4.25 2.375 52071794.669568196
4.75 2.375 43299885.15447611
5.25 2.375 33007505.02111635
5.75 2.375 23909484.028247148
6.25 2.375 15348189.85868965
6.75 2.375 9648542.545707336
7.25 2.375 4415390.057547198
7.75 2.375 856486.2870726136
8.25 2.375 61774.58685696164
8.75 2.375 0.0
0.25 2.625 72007611.98787734
0.75 2.625 69846905.95483589
1.25 2.625 67226324.18126631
1.75 2.625 66730529.533530585
2.25 2.625 64412766.9950812
2.75 2.625 62382760.741622135
3.25 2.625 56129407.6186839
3.75 2.625 49109443.85713281
4.25 2.625 42003529.29316569
4.75 2.625 33685891.336596906
5.25 2.625 25118984.410833597
5.75 2.625 17844811.668567818
6.25 2.625 11778916.834580058
6.75 2.625 6031923.590487523
7.25 2.625 2731324.6276521604
7.75 2.625 428759.7327067048
8.25 2.625 26941.999686952702
8.75 2.625 0.0
0.25 2.875 58062767.28043051
0.75 2.875 57072249.46912429
1.25 2.875 57282001.66713461
1.75 2.875 56002873.14087249
2.25 2.875 53737616.242497146
2.75 2.875 50097982.36350503
3.25 2.875 46077341.70363419
3.75 2.875 40029313.86720683
4.25 2.875 33993193.4542293
4.75 2.875 27669576.064038247
5.25 2.875 20934605.90616805
5.75 2.875 14316204.8603952
6.25 2.875 8527620.7747677
6.75 2.875 4751608.522514681
7.25 2.875 1816611.7804446386
7.75 2.875 228420.87098526256
8.25 2.875 0.0
8.75 2.875 0.0
0.25 3.125 48797880.653942786
0.75 3.125 50731623.820787154
1.25 3.125 46989458.62688328
1.75 3.125 47595794.883439645
2.25 3.125 44189782.50722235
2.75 3.125 40664625.827695504
3.25 3.125 38554743.04760203
3.75 3.125 31966043.28940965
4.25 3.125 28664513.4060433
4.75 3.125 22866974.215609066
5.25 3.125 15095884.196276316
5.75 3.125 9795759.025417231
6.25 3.125 6165233.758051643
6.75 3.125 3382356.59717204
7.25 3.125 1111354.0965350408
7.75 3.125 129265.35974246186
8.25 3.125 0.0
8.75 3.125 0.0
0.25 3.375 40205210.00022124
0.75 3.375 40186213.51500451
1.25 3.375 38971987.5518545
1.75 3.375 38682428.64109108
2.25 3.375 38116943.90708715
2.75 3.375 34174061.075230524
3.25 3.375 32233839.96789205
3.75 3.375 27242577.48333109
4.25 3.375 22451975.92511773
4.75 3.375 18764991.160748817
5.25 3.375 12788447.27097147
5.75 3.375 8011307.661279653
6.25 3.375 5132282.127674341
6.75 3.375 2351441.278835195
7.25 3.375 596688.1367517649
7.75 3.375 64711.16601829589
8.25 3.375 0.0
8.75 3.375 0.0
0.25 3.625 33880550.421203576
0.75 3.625 34245793.08683952
1.25 3.625 34239396.682796836
1.75 3.625 30481414.383529693
2.25 3.625 31681133.18831658
2.75 3.625 27704981.959100563
3.25 3.625 26281951.96018284
3.75 3.625 22332615.293829486
4.25 3.625 19442342.51221108
4.75 3.625 13647617.366248708
5.25 3.625 10682951.705224868
5.75 3.625 6107641.95294598
6.25 3.625 3530876.5570011414
6.75 3.625 1595380.7545525038
7.25 3.625 293760.4895588866
7.75 3.625 3657.1617926307435
8.25 3.625 0.0
8.75 3.625 0.0
0.25 3.875 29286943.60942708
0.75 3.875 29149080.75161508
1.25 3.875 28433719.892902326
1.75 3.875 27169470.79250862
2.25 3.875 27345140.68468404
2.75 3.875 24198877.26361619
3.25 3.875 22137261.10524543
3.75 3.875 18539872.106882174
4.25 3.875 14940881.454962784
4.75 3.875 12102762.382784208
5.25 3.875 8080599.973434378
5.75 3.875 5269629.135046881
6.25 3.875 2486310.282836273
6.75 3.875 1132911.2686688865
7.25 3.875 282691.2549541625
7.75 3.875 0.0
8.25 3.875 0.0
8.75 3.875 0.0
0.25 4.125 23797433.12427632
0.75 4.125 24025641.838444576
1.25 4.125 22774576.246017978
1.75 4.125 23361400.71495935
2.25 4.125 22092722.013034098
2.75 4.125 21358059.811633922
3.25 4.125 17065162.44744135
3.75 4.125 15353728.250254184
4.25 4.125 12338444.945392441
4.75 4.125 9637335.168261107
5.25 4.125 6262141.039868948
5.75 4.125 4220746.385500976
6.25 4.125 1919691.4102914582
6.75 4.125 724965.6632317792
7.25 4.125 167193.23972483337
7.75 4.125 0.0
8.25 4.125 0.0
8.75 4.125 0.0
0.25 4.375 20164478.03371878
0.75 4.375 20175709.110680733
1.25 4.375 18587578.901410133
1.75 4.375 20111986.551288012
2.25 4.375 18397608.702612974
2.75 4.375 17209462.102666564
3.25 4.375 15819125.85356419
3.75 4.375 12449880.988880653
4.25 4.375 8983695.671775246
4.75 4.375 8175721.134662509
5.25 4.375 5767106.834245203
5.75 4.375 2983209.074651485
6.25 4.375 1381494.2680757064
6.75 4.375 509987.4311627777
7.25 4.375 112940.27375389033
7.75 4.375 0.0
8.25 4.375 0.0
8.75 4.375 0.0
0.25 4.625 16294080.657248434
0.75 4.625 17384899.266889185
1.25 4.625 17876587.8663788
1.75 4.625 17176334.070715785
2.25 4.625 15292130.892602324
2.75 4.625 13496862.530713726
3.25 4.625 13227036.826558745
3.75 4.625 11323809.411169628
4.25 4.625 8238963.660361543
4.75 4.625 6526425.05602128
5.25 4.625 4859983.204337416
5.75 4.625 2794026.2993401876
6.25 4.625 1117333.8916844411
6.75 4.625 473263.4081130334
7.25 4.625 4092.6307987376563
7.75 4.625 0.0
8.25 4.625 0.0
8.75 4.625 0.0
0.25 4.875 14143067.68549536
0.75 4.875 15743782.596613219
1.25 4.875 14559375.49117646
1.75 4.875 14956389.889291491
2.25 4.875 13187192.485948399
2.75 4.875 12116904.606437165
3.25 4.875 10210771.758524114
3.75 4.875 9044121.750330975
4.25 4.875 6861996.409195832
4.75 4.875 5155179.446452847
5.25 4.875 3553284.4109725086
5.75 4.875 1903893.5485704816
6.25 4.875 908426.2165219533
6.75 4.875 247741.3925055946
7.25 4.875 41064.46773673084
7.75 4.875 0.0
8.25 4.875 0.0
8.75 4.875 0.0
0.25 5.125 13348127.568034701
0.75 5.125 12322085.863627287
1.25 5.125 11935262.991112633
1.75 5.125 11856354.720328948
2.25 5.125 10827725.007330429
2.75 5.125 10726113.627379002
3.25 5.125 8244904.821506457
3.75 5.125 7353224.59239726
4.25 5.125 5635650.43610041
4.75 5.125 4267011.849690606
5.25 5.125 2410449.7792932577
5.75 5.125 1929552.1618834434
6.25 5.125 767281.1857770438
6.75 5.125 247353.19374720292
7.25 5.125 0.0
7.75 5.125 0.0
8.25 5.125 0.0
8.75 5.125 0.0
0.25 5.375 10304578.380325709
0.75 5.375 10082504.14434509
1.25 5.375 9999649.440285254
1.75 5.375 9932730.295249023
2.25 5.375 9825380.03278988
2.75 5.375 8885582.848964166
3.25 5.375 8542190.196053945
3.75 5.375 7282957.811675725
4.25 5.375 4859212.105283357
4.75 5.375 3800226.2380841053
5.25 5.375 2402445.2418426317
5.75 5.375 1313505.213931982
6.25 5.375 578429.4831405606
6.75 5.375 105723.51330820596
7.25 5.375 28409.709923910472
7.75 5.375 0.0
8.25 5.375 0.0
8.75 5.375 0.0
0.25 5.625 9322261.048393913
0.75 5.625 9278014.068941034
1.25 5.625 8727488.344329648
1.75 5.625 9419840.184794037
2.25 5.625 7282497.161559405
2.75 5.625 8196268.176959892
3.25 5.625 5887530.986375786
3.75 5.625 5392197.7976537775
4.25 5.625 4388904.243724122
4.75 5.625 2979540.4106974006
5.25 5.625 1722705.2086844065
5.75 5.625 837767.749716211
6.25 5.625 381157.0195149398
6.75 5.625 149009.9920168144
7.25 5.625 6561.598745625211
7.75 5.625 0.0
8.25 5.625 0.0
8.75 5.625 0.0
0.25 5.875 8042530.125851746
0.75 5.875 8218993.284003177
1.25 5.875 7253606.58386142
1.75 5.875 7651921.86516545
2.25 5.875 7438814.728706609
2.75 5.875 6171623.346558023
3.25 5.875 5621949.418973183
3.75 5.875 4640581.881623142
4.25 5.875 3213514.159238845
4.75 5.875 2603300.076040231
5.25 5.875 1566443.775650675
5.75 5.875 738271.2361880351
6.25 5.875 306251.9560464955
6.75 5.875 26391.76282765277
7.25 5.875 0.0
7.75 5.875 0.0
8.25 5.875 0.0
8.75 5.875 0.0
0.25 6.125 7571347.208385579
0.75 6.125 6420063.731650295
1.25 6.125 6815900.68941709
1.75 6.125 6438618.276931818
2.25 6.125 5991162.225317753
2.75 6.125 4619124.372424846
3.25 6.125 4640355.414944018
3.75 6.125 3861196.60161961
4.25 6.125 2937647.7423914056
4.75 6.125 2059513.1189068265
5.25 6.125 1259815.7301709508
5.75 6.125 602751.3265051208
6.25 6.125 355226.290864552
6.75 6.125 30840.274870164387
7.25 6.125 0.0
7.75 6.125 0.0
8.25 6.125 0.0
8.75 6.125 0.0
0.25 6.375 6641195.0127369845
0.75 6.375 4985210.718818131
1.25 6.375 5613912.013781063
1.75 6.375 5486264.313815537
2.25 6.375 5941967.499822098
2.75 6.375 5149962.404859931
3.25 6.375 3902017.5632795524
3.75 6.375 3083039.6177085885
4.25 6.375 2699093.068413556
4.75 6.375 1620066.0757447707
5.25 6.375 1016023.9561051914
5.75 6.375 713755.3070294232
6.25 6.375 223479.3211528701
6.75 6.375 52872.84600091518
7.25 6.375 0.0
7.75 6.375 0.0
8.25 6.375 0.0
8.75 6.375 0.0
0.25 6.625 5060762.550993822
0.75 6.625 4800103.753914858
1.25 6.625 4756597.0118111195
1.75 6.625 4514987.527299091
2.25 6.625 4012815.336667244
2.75 6.625 4480739.431822335
3.25 6.625 3480380.2635455695
3.75 6.625 2604289.9060379053
4.25 6.625 2353388.905353072
4.75 6.625 1435249.567947414
5.25 6.625 917551.2362186414
5.75 6.625 621090.9094280776
6.25 6.625 171278.86212374686
6.75 6.625 0.0
7.25 6.625 0.0
7.75 6.625 0.0
8.25 6.625 0.0
8.75 6.625 0.0
0.25 6.875 5669194.307650489
0.75 6.875 4766677.086986433
1.25 6.875 4323624.149902181
1.75 6.875 4211474.878025686
2.25 6.875 3984217.532784643
2.75 6.875 4600341.451365507
3.25 6.875 3292067.415182785
3.75 6.875 2127361.136326423
4.25 6.875 2234570.896514637
4.75 6.875 1140187.9287650706
5.25 6.875 922373.2164504477
5.75 6.875 412654.3582559187
6.25 6.875 27657.26421906921
6.75 6.875 0.0
7.25 6.875 0.0
7.75 6.875 0.0
8.25 6.875 0.0
8.75 6.875 0.0
0.25 7.125 4210409.650484194
0.75 7.125 3805513.516579143
1.25 7.125 3970195.3953727125
1.75 7.125 4031169.1364503885
2.25 7.125 3602225.455425411
2.75 7.125 3569611.657624653
3.25 7.125 2609786.013702796
3.75 7.125 2432923.823437764
4.25 7.125 1974677.6012981844
4.75 7.125 975616.1888437916
5.25 7.125 683022.3283749288
5.75 7.125 103580.27357115215
6.25 7.125 90083.19914928671
6.75 7.125 0.0
7.25 7.125 0.0
7.75 7.125 0.0
8.25 7.125 0.0
8.75 7.125 0.0
0.25 7.375 3445397.2206540178
0.75 7.375 3183855.703827268
1.25 7.375 3337007.905552192
1.75 7.375 3771884.3630419765
2.25 7.375 2669480.088564767
2.75 7.375 3160606.39864539
3.25 7.375 2526122.8772237045
3.75 7.375 2169004.7117279214
4.25 7.375 1578275.8007344333
4.75 7.375 680842.1677540446
5.25 7.375 570634.2404440712
5.75 7.375 231733.66914341503
6.25 7.375 45504.98398307743
6.75 7.375 37054.702986304044
7.25 7.375 0.0
7.75 7.375 0.0
8.25 7.375 0.0
8.75 7.375 0.0
0.25 7.625 3175145.235936847
0.75 7.625 2895163.24093577
1.25 7.625 2985563.096120504
1.75 7.625 2904226.7655934957
2.25 7.625 2699576.2623491287
2.75 7.625 1937220.015030657
3.25 7.625 2183104.5631397264
3.75 7.625 1870800.6145466086
4.25 7.625 1630515.222342688
4.75 7.625 756079.1971623839
5.25 7.625 406796.8564903913
5.75 7.625 246092.42670246807
6.25 7.625 0.0
6.75 7.625 0.0
7.25 7.625 0.0
7.75 7.625 0.0
8.25 7.625 0.0
8.75 7.625 0.0
0.25 7.875 2641513.629841045
0.75 7.875 1981225.7463864875
1.25 7.875 2334867.004522994
1.75 7.875 2162779.282506411
2.25 7.875 2484959.722961557
2.75 7.875 2128695.6231779545
3.25 7.875 1942116.775111792
3.75 7.875 1334961.5316345976
4.25 7.875 836570.687663207
4.75 7.875 839955.5516751906
5.25 7.875 372827.47040099057
5.75 7.875 87282.11761726862
6.25 7.875 34154.9360055931
6.75 7.875 0.0
7.25 7.875 0.0
7.75 7.875 0.0
8.25 7.875 0.0
8.75 7.875 0.0
0.25 8.125 1957331.0827522792
0.75 8.125 2232264.652936766
1.25 8.125 2038151.5314564044
1.75 8.125 2509326.4546110276
2.25 8.125 2453828.8077976513
2.75 8.125 1672887.046740056
3.25 8.125 1307665.421357283
3.75 8.125 1359665.3082414954
4.25 8.125 746636.1440650572
4.75 8.125 745810.7483023907
5.25 8.125 406398.10797390214
5.75 8.125 68898.79307188178
6.25 8.125 0.0
6.75 8.125 0.0
7.25 8.125 0.0
7.75 8.125 0.0
8.25 8.125 0.0
8.75 8.125 0.0
0.25 8.375 2284816.9227697803
0.75 8.375 1634107.5296877665
1.25 8.375 1995039.8348701515
1.75 8.375 2140068.5200067693
2.25 8.375 2085099.4454208864
2.75 8.375 2132527.0233069705
3.25 8.375 1470360.7631596935
3.75 8.375 901924.5937840589
4.25 8.375 721503.1164762299
4.75 8.375 546677.2791288825
5.25 8.375 262088.09162353922
5.75 8.375 170405.28381851077
6.25 8.375 79868.41437350339
6.75 8.375 0.0
7.25 8.375 0.0
7.75 8.375 0.0
8.25 8.375 0.0
8.75 8.375 0.0
0.25 8.625 2241329.724188789
0.75 8.625 1379043.941313437
1.25 8.625 1519504.2439124929
1.75 8.625 1542135.837211192
2.25 8.625 1120004.9185436985
2.75 8.625 1010370.0042102312
3.25 8.625 1479175.029237449
3.75 8.625 560432.9121463487
4.25 8.625 449545.60220435343
4.75 8.625 554805.7971052182
5.25 8.625 204567.1068637623
5.75 8.625 91374.4376140723
6.25 8.625 40452.30827087541
6.75 8.625 0.0
7.25 8.625 0.0
7.75 8.625 0.0
8.25 8.625 0.0
8.75 8.625 0.0
0.25 8.875 1172778.2557903784
0.75 8.875 1441480.4505240754
1.25 8.875 1603931.8084528763
1.75 8.875 1675800.9329731993
2.25 8.875 1208902.2679899917
2.75 8.875 1088211.6900804776
3.25 8.875 973959.3081002644
3.75 8.875 915804.0791184674
4.25 8.875 513517.4902941209
4.75 8.875 259619.9285696797
5.25 8.875 142072.76323383508
5.75 8.875 25140.966411809128
6.25 8.875 0.0
6.75 8.875 22634.491475023424
7.25 8.875 0.0
7.75 8.875 0.0
8.25 8.875 0.0
8.75 8.875 0.0
0.25 9.125 969869.8335895177
0.75 9.125 1777582.7304279013
1.25 9.125 1667379.7406425101
1.75 9.125 1162851.703560766
2.25 9.125 1398169.8504045075
2.75 9.125 1287573.006791367
3.25 9.125 944765.1964514777
3.75 9.125 741282.1698417149
4.25 9.125 656466.0513971531
4.75 9.125 214339.77379040958
5.25 9.125 178909.9036242944
5.75 9.125 83136.80789725558
6.25 9.125 0.0
6.75 9.125 0.0
7.25 9.125 0.0
7.75 9.125 0.0
8.25 9.125 0.0
8.75 9.125 0.0
0.25 9.375 1319825.7723903288
0.75 9.375 1582193.3085317723
1.25 9.375 796691.5444643903
1.75 9.375 1179533.5651792581
2.25 9.375 1095581.4008286349
2.75 9.375 606283.6052645912
3.25 9.375 685651.6723419513
3.75 9.375 661880.2506772003
4.25 9.375 387635.9725685616
4.75 9.375 248464.23637932012
5.25 9.375 35972.94917448955
5.75 9.375 0.0
6.25 9.375 0.0
6.75 9.375 0.0
7.25 9.375 0.0
7.75 9.375 0.0
8.25 9.375 0.0
8.75 9.375 0.0
0.25 9.625 1008525.5225080346
0.75 9.625 1073971.9337430764
1.25 9.625 1256577.2252632289
1.75 9.625 1133242.431875509
2.25 9.625 713938.1885653823
2.75 9.625 1258828.2238508046
3.25 9.625 1050328.406858499
3.75 9.625 396861.834114991
4.25 9.625 345524.9275745331
4.75 9.625 139184.8155854892
5.25 9.625 96956.57723970864
5.75 9.625 82561.53601155686
6.25 9.625 0.0
6.75 9.625 0.0
7.25 9.625 0.0
7.75 9.625 0.0
8.25 9.625 0.0
8.75 9.625 0.0
0.25 9.875 948467.8253037387
0.75 9.875 1077658.8690173412
1.25 9.875 1349328.7075480125
1.75 9.875 939038.3010253909
2.25 9.875 989593.6096278552
2.75 9.875 461780.42787556845
3.25 9.875 577064.9687233485
3.75 9.875 486514.9182456251
4.25 9.875 123446.37813729429
4.75 9.875 75440.69192567271
5.25 9.875 41073.69413966833
5.75 9.875 105167.1534875973
6.25 9.875 0.0
6.75 9.875 0.0
7.25 9.875 0.0
7.75 9.875 0.0
8.25 9.875 0.0
8.75 9.875 0.0
0.25 10.125 992195.8283637621
0.75 10.125 1082258.4922465154
1.25 10.125 1003858.6100747114
1.75 10.125 823931.497109329
2.25 10.125 1027255.9420682302
2.75 10.125 606659.4289848316
3.25 10.125 405352.56451095274
3.75 10.125 336730.0347483731
4.25 10.125 309267.4203953003
4.75 10.125 307649.41531603836
5.25 10.125 73844.81804795495
5.75 10.125 39089.7532566208
6.25 10.125 0.0
6.75 10.125 0.0
7.25 10.125 0.0
7.75 10.125 0.0
8.25 10.125 0.0
8.75 10.125 0.0
0.25 10.375 899148.1526403545
0.75 10.375 890633.1661351615
1.25 10.375 1070025.6101571538
1.75 10.375 596485.1714569903
2.25 10.375 604101.9912343995
2.75 10.375 744804.0978413627
3.25 10.375 440097.41263179627
3.75 10.375 540422.6270659502
4.25 10.375 355138.574009353
4.75 10.375 127470.46661809961
5.25 10.375 89840.22616203288
5.75 10.375 34044.72975013673
6.25 10.375 0.0
6.75 10.375 0.0
7.25 10.375 0.0
7.75 10.375 0.0
8.25 10.375 0.0
8.75 10.375 0.0
0.25 10.625 616832.8603250079
0.75 10.625 687430.5785245652
1.25 10.625 620597.349816847
1.75 10.625 651201.343000855
2.25 10.625 695335.5911794644
2.75 10.625 648476.5230883651
3.25 10.625 515615.44281666825
3.75 10.625 203596.56198534011
4.25 10.625 91648.67783347725
4.75 10.625 170690.75659054396
5.25 10.625 37154.27625797097
5.75 10.625 0.0
6.25 10.625 0.0
6.75 10.625 0.0
7.25 10.625 0.0
7.75 10.625 0.0
8.25 10.625 0.0
8.75 10.625 0.0
0.25 10.875 707601.3605144975
0.75 10.875 383659.1640894317
1.25 10.875 596521.7444624702
1.75 10.875 921177.1520317519
2.25 10.875 455456.10128261993
2.75 10.875 255390.47594142426
3.25 10.875 394415.1444634237
3.75 10.875 309642.8843069836
4.25 10.875 97535.78181184309
4.75 10.875 75256.34609921795
5.25 10.875 78490.84009263171
5.75 10.875 33120.16397110455
6.25 10.875 0.0
6.75 10.875 0.0
7.25 10.875 0.0
7.75 10.875 0.0
8.25 10.875 0.0
8.75 10.875 0.0
0.25 11.125 666205.0888657679
0.75 11.125 819736.8301250365
1.25 11.125 714296.6327106117
1.75 11.125 540031.2523770385
2.25 11.125 436396.8757193053
2.75 11.125 682697.2160536739
3.25 11.125 452063.50871913007
3.75 11.125 71717.47678039836
4.25 11.125 235800.3724926098
4.75 11.125 118182.11905440554
5.25 11.125 105537.3073208361
5.75 11.125 15523.683155468787
6.25 11.125 0.0
6.75 11.125 0.0
7.25 11.125 0.0
7.75 11.125 0.0
8.25 11.125 0.0
8.75 11.125 0.0
0.25 11.375 715733.99482089
0.75 11.375 779470.250374769
1.25 11.375 542264.8916468297
1.75 11.375 534387.5548328336
2.25 11.375 311726.4286694832
2.75 11.375 532592.1539095286
3.25 11.375 182836.90602733204
3.75 11.375 264849.8652123536
4.25 11.375 355013.22079892096
4.75 11.375 136211.34817311433
5.25 11.375 139998.33148059138
5.75 11.375 33846.18565084158
6.25 11.375 0.0
6.75 11.375 0.0
7.25 11.375 0.0
7.75 11.375 0.0
8.25 11.375 0.0
8.75 11.375 0.0
0.25 11.625 540501.0887915215
0.75 11.625 572202.686356349
1.25 11.625 650120.0249529453
1.75 11.625 377667.047035707
2.25 11.625 498557.80852675135
2.75 11.625 407146.41008274985
3.25 11.625 157518.9014051194
3.75 11.625 203538.13522752636
4.25 11.625 35624.15999365862
4.75 11.625 114389.82848967331
5.25 11.625 30590.40133119765
5.75 11.625 0.0
6.25 11.625 0.0
6.75 11.625 0.0
7.25 11.625 0.0
7.75 11.625 0.0
8.25 11.625 0.0
8.75 11.625 0.0
0.25 11.875 414395.50176399807
0.75 11.875 662867.1776189115
1.25 11.875 741573.2118799153
1.75 11.875 344296.4761896465
2.25 11.875 600901.3298079896
2.75 11.875 462067.710815347
3.25 11.875 311150.0889720659
3.75 11.875 271467.71588185674
4.25 11.875 81653.18938811886
4.75 11.875 86342.1219205844
5.25 11.875 34393.153587025015
5.75 11.875 0.0
6.25 11.875 0.0
6.75 11.875 0.0
7.25 11.875 0.0
7.75 11.875 0.0
8.25 11.875 0.0
8.75 11.875 0.0
0.25 12.125 393157.99574273196
0.75 12.125 361483.9357758524
1.25 12.125 266646.92358492146
1.75 12.125 518206.0762600928
2.25 12.125 378107.984716764
2.75 12.125 320408.5048287513
3.25 12.125 338008.7750058178
3.75 12.125 158353.33695899497
4.25 12.125 143651.49876929235
4.75 12.125 0.0
5.25 12.125 68105.9750403319
5.75 12.125 0.0
6.25 12.125 0.0
6.75 12.125 0.0
7.25 12.125 0.0
7.75 12.125 0.0
8.25 12.125 0.0
8.75 12.125 0.0
0.25 12.375 565186.6105600889
0.75 12.375 528941.3952189701
1.25 12.375 366583.8149184485
1.75 12.375 143797.3187485152
2.25 12.375 286915.41098089394
2.75 12.375 218843.89536365092
3.25 12.375 67133.11319961822
3.75 12.375 202097.1540353877
4.25 12.375 233539.8544893149
4.75 12.375 0.0
5.25 12.375 0.0
5.75 12.375 0.0
6.25 12.375 0.0
6.75 12.375 0.0
7.25 12.375 0.0
7.75 12.375 0.0
8.25 12.375 0.0
8.75 12.375 0.0
0.25 12.625 252820.64809736138
0.75 12.625 315737.09572836815
1.25 12.625 452014.73017481825
1.75 12.625 332625.82919523574
2.25 12.625 164076.17817407637
2.75 12.625 374985.3104058733
3.25 12.625 129111.00893056585
3.75 12.625 48760.64911012139
4.25 12.625 156048.94646581696
4.75 12.625 152023.75394743046
5.25 12.625 0.0
5.75 12.625 0.0
6.25 12.625 0.0
6.75 12.625 0.0
7.25 12.625 0.0
7.75 12.625 0.0
8.25 12.625 0.0
8.75 12.625 0.0
0.25 12.875 243969.2153517466
0.75 12.875 255580.0416871546
1.25 12.875 263462.4932413259
1.75 12.875 269043.4437230901
2.25 12.875 305364.10744311666
2.75 12.875 171918.219775176
3.25 12.875 187065.3141406868
3.75 12.875 268358.70258868946
4.25 12.875 0.0
4.75 12.875 37316.4978361965
5.25 12.875 31785.905191071564
5.75 12.875 0.0
6.25 12.875 0.0
6.75 12.875 0.0
7.25 12.875 0.0
7.75 12.875 0.0
8.25 12.875 0.0
8.75 12.875 0.0
0.25 13.125 387567.7426590842
0.75 13.125 192514.80187030206
1.25 13.125 356151.26633529324
1.75 13.125 157983.41195952526
2.25 13.125 172511.62884271806
2.75 13.125 239637.87884345054
3.25 13.125 217036.20738094184
3.75 13.125 46636.245766413944
4.25 13.125 0.0
4.75 13.125 89216.30345451525
5.25 13.125 99809.07481023535
5.75 13.125 0.0
6.25 13.125 0.0
6.75 13.125 0.0
7.25 13.125 0.0
7.75 13.125 0.0
8.25 13.125 0.0
8.75 13.125 0.0
0.25 13.375 149514.4810535349
0.75 13.375 270736.326054799
1.25 13.375 320468.8407836587
1.75 13.375 198394.33404633522
2.25 13.375 391285.7994558469
2.75 13.375 240637.27777230565
3.25 13.375 219359.09279548368
3.75 13.375 48956.87376757008
4.25 13.375 125462.58692796585
4.75 13.375 133825.380641831
5.25 13.375 34175.93071107673
5.75 13.375 0.0
6.25 13.375 0.0
6.75 13.375 0.0
7.25 13.375 0.0
7.75 13.375 0.0
8.25 13.375 0.0
8.75 13.375 0.0
0.25 13.625 187462.97072243458
0.75 13.625 169386.08110961036
1.25 13.625 331761.26025005564
1.75 13.625 122210.61478456763
2.25 13.625 411996.4268903701
2.75 13.625 168886.7820353674
3.25 13.625 56835.64082996007
3.75 13.625 72525.89918796523
4.25 13.625 41187.72354099283
4.75 13.625 0.0
5.25 13.625 0.0
5.75 13.625 0.0
6.25 13.625 0.0
6.75 13.625 0.0
7.25 13.625 0.0
7.75 13.625 0.0
8.25 13.625 0.0
8.75 13.625 0.0
0.25 13.875 70310.76372140968
0.75 13.875 127922.86356564851
1.25 13.875 146542.0705519215
1.75 13.875 167141.2681697424
2.25 13.875 104113.65744229672
2.75 13.875 205733.59507950165
3.25 13.875 88408.93168348107
3.75 13.875 78598.98166354903
4.25 13.875 0.0
4.75 13.875 0.0
5.25 13.875 0.0
5.75 13.875 0.0
6.25 13.875 0.0
6.75 13.875 0.0
7.25 13.875 0.0
7.75 13.875 0.0
8.25 13.875 0.0
8.75 13.875 0.0
0.25 14.125 266083.1268886611
0.75 14.125 111773.79352223313
1.25 14.125 118190.86277376371
1.75 14.125 176943.7569474727
2.25 14.125 511077.14638879854
2.75 14.125 143217.84569220143
3.25 14.125 173507.90423450587
3.75 14.125 0.0
4.25 14.125 0.0
4.75 14.125 0.0
5.25 14.125 0.0
5.75 14.125 0.0
6.25 14.125 0.0
6.75 14.125 0.0
7.25 14.125 0.0
7.75 14.125 0.0
8.25 14.125 0.0
8.75 14.125 0.0
0.25 14.375 268170.39133196336
0.75 14.375 231716.65108707538
1.25 14.375 87990.12268546436
1.75 14.375 211880.03977118956
2.25 14.375 504977.37518788973
2.75 14.375 185324.48128271961
3.25 14.375 61198.13181995861
3.75 14.375 0.0
4.25 14.375 0.0
4.75 14.375 0.0
5.25 14.375 0.0
5.75 14.375 0.0
6.25 14.375 0.0
6.75 14.375 0.0
7.25 14.375 0.0
7.75 14.375 0.0
8.25 14.375 0.0
8.75 14.375 0.0
0.25 14.625 253947.21516543985
0.75 14.625 45669.46189107014
1.25 14.625 0.0
1.75 14.625 77559.33166056448
2.25 14.625 354036.3303777445
2.75 14.625 157209.2746332776
3.25 14.625 161707.34630540473
3.75 14.625 136268.937328908
4.25 14.625 0.0
4.75 14.625 0.0
5.25 14.625 0.0
5.75 14.625 0.0
6.25 14.625 0.0
6.75 14.625 0.0
7.25 14.625 0.0
7.75 14.625 0.0
8.25 14.625 0.0
8.75 14.625 0.0
0.25 14.875 114375.1974122907
0.75 14.875 295672.20855443424
1.25 14.875 314583.6896484223
1.75 14.875 276740.86058216065
2.25 14.875 276453.0377963879
2.75 14.875 63239.78388813568
3.25 14.875 78038.0909842902
3.75 14.875 156745.29912486198
4.25 14.875 0.0
4.75 14.875 0.0
5.25 14.875 134649.50002397894
5.75 14.875 0.0
6.25 14.875 0.0
6.75 14.875 0.0
7.25 14.875 0.0
7.75 14.875 0.0
8.25 14.875 0.0
8.75 14.875 0.0
0.25 15.125 195533.402790221
0.75 15.125 191042.3439847135
1.25 15.125 198868.15462603158
1.75 15.125 80530.8762433131
2.25 15.125 38147.94212611542
2.75 15.125 140467.37747099192
3.25 15.125 0.0
3.75 15.125 0.0
4.25 15.125 78952.48325678354
4.75 15.125 55246.979681539284
5.25 15.125 0.0
5.75 15.125 0.0
6.25 15.125 0.0
6.75 15.125 0.0
7.25 15.125 0.0
7.75 15.125 0.0
8.25 15.125 0.0
8.75 15.125 0.0
0.25 15.375 310582.43192340835
0.75 15.375 38972.80764411636
1.25 15.375 75733.15719415799
1.75 15.375 226914.07994407692
2.25 15.375 79674.17753300458
2.75 15.375 47057.83561878031
3.25 15.375 37156.98721429176
3.75 15.375 117073.03515968318
4.25 15.375 35006.72332478798
4.75 15.375 0.0
5.25 15.375 0.0
5.75 15.375 0.0
6.25 15.375 0.0
6.75 15.375 0.0
7.25 15.375 0.0
7.75 15.375 0.0
8.25 15.375 0.0
8.75 15.375 0.0
0.25 15.625 153909.50533374006
0.75 15.625 111479.78978217077
1.25 15.625 228349.11735133355
1.75 15.625 107487.95649459037
2.25 15.625 0.0
2.75 15.625 190441.37472973275
3.25 15.625 156419.54813535648
3.75 15.625 0.0
4.25 15.625 18728.089969057637
4.75 15.625 35922.15403671374
5.25 15.625 0.0
5.75 15.625 0.0
6.25 15.625 0.0
6.75 15.625 0.0
7.25 15.625 0.0
7.75 15.625 0.0
8.25 15.625 0.0
8.75 15.625 0.0
0.25 15.875 221431.45389036898
0.75 15.875 277316.0864402903
1.25 15.875 159308.10531196263
1.75 15.875 35275.00236757437
2.25 15.875 192061.08094454018
2.75 15.875 117459.40218963154
3.25 15.875 107876.4288539627
3.75 15.875 197761.65249549857
4.25 15.875 43244.09667434489
4.75 15.875 0.0
5.25 15.875 0.0
5.75 15.875 0.0
6.25 15.875 0.0
6.75 15.875 0.0
7.25 15.875 0.0
7.75 15.875 0.0
8.25 15.875 0.0
8.75 15.875 0.0
0.25 16.125 88364.39275322456
0.75 16.125 209083.4964183852
1.25 16.125 34329.435492797835
1.75 16.125 43359.200789872855
2.25 16.125 84605.57672902376
2.75 16.125 0.0
3.25 16.125 0.0
3.75 16.125 89482.41147323328
4.25 16.125 0.0
4.75 16.125 0.0
5.25 16.125 0.0
5.75 16.125 0.0
6.25 16.125 0.0
6.75 16.125 0.0
7.25 16.125 0.0
7.75 16.125 0.0
8.25 16.125 0.0
8.75 16.125 0.0
0.25 16.375 130865.0676436
0.75 16.375 121280.41644305515
1.25 16.375 224907.48962751904
1.75 16.375 133991.81262968536
2.25 16.375 111874.25600201875
2.75 16.375 0.0
3.25 16.375 0.0
3.75 16.375 0.0
4.25 16.375 0.0
4.75 16.375 36799.53247261778
5.25 16.375 0.0
5.75 16.375 0.0
6.25 16.375 0.0
6.75 16.375 0.0
7.25 16.375 0.0
7.75 16.375 0.0
8.25 16.375 0.0
8.75 16.375 0.0
0.25 16.625 72867.76500104726
0.75 16.625 0.0
1.25 16.625 160863.326624691
1.75 16.625 0.0
2.25 16.625 135947.7733552561
2.75 16.625 274614.34999545774
3.25 16.625 0.0
3.75 16.625 37099.47168766364
4.25 16.625 0.0
4.75 16.625 70283.57522832873
5.25 16.625 0.0
5.75 16.625 0.0
6.25 16.625 0.0
6.75 16.625 0.0
7.25 16.625 0.0
7.75 16.625 0.0
8.25 16.625 0.0
8.75 16.625 0.0
0.25 16.875 131373.83235075529
0.75 16.875 75338.0330829799
1.25 16.875 0.0
1.75 16.875 82214.84349100817
2.25 16.875 68733.18194980474
2.75 16.875 108411.09927957584
3.25 16.875 0.0
3.75 16.875 0.0
4.25 16.875 0.0
4.75 16.875 0.0
5.25 16.875 0.0
5.75 16.875 0.0
6.25 16.875 0.0
6.75 16.875 0.0
7.25 16.875 0.0
7.75 16.875 0.0
8.25 16.875 0.0
8.75 16.875 0.0
0.25 17.125 0.0
0.75 17.125 80037.60184153757
1.25 17.125 32882.57750319332
1.75 17.125 158691.51102559286
2.25 17.125 66419.04505366719
2.75 17.125 41796.915625487854
3.25 17.125 0.0
3.75 17.125 36201.9643523418
4.25 17.125 0.0
4.75 17.125 0.0
5.25 17.125 0.0
5.75 17.125 0.0
6.25 17.125 0.0
6.75 17.125 0.0
7.25 17.125 0.0
7.75 17.125 0.0
8.25 17.125 0.0
8.75 17.125 0.0
0.25 17.375 153582.262697934
0.75 17.375 86649.63424677652
1.25 17.375 0.0
1.75 17.375 68390.60692170341
2.25 17.375 180801.12886892195
2.75 17.375 43312.07802293313
3.25 17.375 0.0
3.75 17.375 37592.8306039862
4.25 17.375 0.0
4.75 17.375 0.0
5.25 17.375 0.0
5.75 17.375 0.0
6.25 17.375 0.0
6.75 17.375 0.0
7.25 17.375 0.0
7.75 17.375 0.0
8.25 17.375 0.0
8.75 17.375 0.0
0.25 17.625 119733.39289380664
0.75 17.625 118888.33300459463
1.25 17.625 256827.85731231153
1.75 17.625 36587.44373580838
2.25 17.625 46314.42258919874
2.75 17.625 43489.80500002454
3.25 17.625 0.0
3.75 17.625 0.0
4.25 17.625 0.0
4.75 17.625 0.0
5.25 17.625 0.0
5.75 17.625 0.0
6.25 17.625 0.0
6.75 17.625 0.0
7.25 17.625 0.0
7.75 17.625 0.0
8.25 17.625 0.0
8.75 17.625 0.0
0.25 17.875 82923.57161695867
0.75 17.875 52478.57306556577
1.25 17.875 87552.22733658523
1.75 17.875 29288.8949822085
2.25 17.875 0.0
2.75 17.875 258376.656476206
3.25 17.875 0.0
3.75 17.875 0.0
4.25 17.875 30646.374439696257
4.75 17.875 0.0
5.25 17.875 0.0
5.75 17.875 49970.87922816915
6.25 17.875 0.0
6.75 17.875 0.0
7.25 17.875 0.0
7.75 17.875 0.0
8.25 17.875 0.0
8.75 17.875 0.0
0.25 18.125 118923.92293507376
0.75 18.125 0.0
1.25 18.125 0.0
1.75 18.125 35866.36748297736
2.25 18.125 0.0
2.75 18.125 43489.80500002454
3.25 18.125 81372.98769633473
3.75 18.125 0.0
4.25 18.125 34868.014445081135
4.75 18.125 0.0
5.25 18.125 0.0
5.75 18.125 0.0
6.25 18.125 0.0
6.75 18.125 0.0
7.25 18.125 0.0
7.75 18.125 0.0
8.25 18.125 0.0
8.75 18.125 0.0
0.25 18.375 0.0
0.75 18.375 86964.93958158327
1.25 18.375 428455.3197396046
1.75 18.375 46436.16121619554
2.25 18.375 92938.30148405676
2.75 18.375 0.0
3.25 18.375 70751.01119006757
3.75 18.375 0.0
4.25 18.375 0.0
4.75 18.375 0.0
5.25 18.375 0.0
5.75 18.375 0.0
6.25 18.375 0.0
6.75 18.375 0.0
7.25 18.375 0.0
7.75 18.375 0.0
8.25 18.375 0.0
8.75 18.375 0.0
0.25 18.625 0.0
0.75 18.625 33192.5924974299
1.25 18.625 32514.57777381176
1.75 18.625 45471.97683151403
2.25 18.625 32681.646052733315
2.75 18.625 34769.3870396564
3.25 18.625 33460.17419104469
3.75 18.625 714686.6252756087
4.25 18.625 0.0
4.75 18.625 0.0
5.25 18.625 0.0
5.75 18.625 0.0
6.25 18.625 0.0
6.75 18.625 0.0
7.25 18.625 0.0
7.75 18.625 0.0
8.25 18.625 0.0
8.75 18.625 0.0
0.25 18.875 0.0
0.75 18.875 38313.45846125261
1.25 18.875 50340.79889917045
1.75 18.875 38785.15873230098
2.25 18.875 97844.52785435301
2.75 18.875 105633.38473429397
3.25 18.875 0.0
3.75 18.875 0.0
4.25 18.875 0.0
4.75 18.875 0.0
5.25 18.875 0.0
5.75 18.875 0.0
6.25 18.875 0.0
6.75 18.875 0.0
7.25 18.875 0.0
7.75 18.875 0.0
8.25 18.875 0.0
8.75 18.875 0.0
0.25 19.125 43335.61323649385
0.75 19.125 0.0
1.25 19.125 0.0
1.75 19.125 57276.652054437756
2.25 19.125 29326.518484450622
2.75 19.125 0.0
3.25 19.125 66478.07472885444
3.75 19.125 0.0
4.25 19.125 0.0
4.75 19.125 0.0
5.25 19.125 0.0
5.75 19.125 0.0
6.25 19.125 0.0
6.75 19.125 0.0
7.25 19.125 0.0
7.75 19.125 0.0
8.25 19.125 0.0
8.75 19.125 0.0
0.25 19.375 0.0
0.75 19.375 77104.41028035949
1.25 19.375 0.0
1.75 19.375 38191.163039912
2.25 19.375 0.0
2.75 19.375 0.0
3.25 19.375 57531.809106614535
3.75 19.375 0.0
4.25 19.375 0.0
4.75 19.375 0.0
5.25 19.375 0.0
5.75 19.375 0.0
6.25 19.375 0.0
6.75 19.375 0.0
7.25 19.375 0.0
7.75 19.375 0.0
8.25 19.375 0.0
8.75 19.375 0.0
0.25 19.625 39652.39869186124
0.75 19.625 631271.3619362037
1.25 19.625 164443.74755300255
1.75 19.625 75294.4719744025
2.25 19.625 0.0
2.75 19.625 0.0
3.25 19.625 0.0
3.75 19.625 0.0
4.25 19.625 0.0
4.75 19.625 0.0
5.25 19.625 0.0
5.75 19.625 0.0
6.25 19.625 0.0
6.75 19.625 0.0
7.25 19.625 0.0
7.75 19.625 0.0
8.25 19.625 0.0
8.75 19.625 0.0
0.25 19.875 43489.80500002454
0.75 19.875 0.0
1.25 19.875 81812.3424508532
1.75 19.875 36412.22809709381
2.25 19.875 96236.89766435804
2.75 19.875 0.0
3.25 19.875 45523.58486740289
3.75 19.875 0.0
4.25 19.875 49084.41786492675
4.75 19.875 33035.37421225196
5.25 19.875 0.0
5.75 19.875 0.0
6.25 19.875 0.0
6.75 19.875 0.0
7.25 19.875 0.0
7.75 19.875 0.0
8.25 19.875 0.0
8.75 19.875 0.0
0.25 20.125 120790.16659206811
0.75 20.125 43489.80500002454
1.25 20.125 0.0
1.75 20.125 0.0
2.25 20.125 43489.80500002454
2.75 20.125 0.0
3.25 20.125 0.0
3.75 20.125 0.0
4.25 20.125 0.0
4.75 20.125 0.0
5.25 20.125 0.0
5.75 20.125 0.0
6.25 20.125 0.0
6.75 20.125 0.0
7.25 20.125 0.0
7.75 20.125 0.0
8.25 20.125 0.0
8.75 20.125 0.0
0.25 20.375 76308.90981286115
0.75 20.375 0.0
1.25 20.375 0.0
1.75 20.375 0.0
2.25 20.375 151430.39199184938
2.75 20.375 43489.80500002454
3.25 20.375 0.0
3.75 20.375 0.0
4.25 20.375 0.0
4.75 20.375 0.0
5.25 20.375 0.0
5.75 20.375 0.0
6.25 20.375 0.0
6.75 20.375 0.0
7.25 20.375 0.0
7.75 20.375 0.0
8.25 20.375 0.0
8.75 20.375 0.0
0.25 20.625 0.0
0.75 20.625 0.0
1.25 20.625 108199.74374290826
1.75 20.625 0.0
2.25 20.625 0.0
2.75 20.625 0.0
3.25 20.625 0.0
3.75 20.625 0.0
4.25 20.625 0.0
4.75 20.625 0.0
5.25 20.625 0.0
5.75 20.625 0.0
6.25 20.625 0.0
6.75 20.625 0.0
7.25 20.625 0.0
7.75 20.625 0.0
8.25 20.625 0.0
8.75 20.625 0.0
0.25 20.875 0.0
0.75 20.875 43489.80500002454
1.25 20.875 43489.80500002454
1.75 20.875 43489.80500002454
2.25 20.875 77886.22085577961
2.75 20.875 0.0
3.25 20.875 0.0
3.75 20.875 0.0
4.25 20.875 0.0
4.75 20.875 0.0
5.25 20.875 0.0
5.75 20.875 0.0
6.25 20.875 0.0
6.75 20.875 0.0
7.25 20.875 0.0
7.75 20.875 0.0
8.25 20.875 0.0
8.75 20.875 0.0
0.25 21.125 0.0
0.75 21.125 43982.73143717136
1.25 21.125 0.0
1.75 21.125 0.0
2.25 21.125 0.0
2.75 21.125 0.0
3.25 21.125 0.0
3.75 21.125 95603.90590645876
4.25 21.125 0.0
4.75 21.125 0.0
5.25 21.125 0.0
5.75 21.125 0.0
6.25 21.125 0.0
6.75 21.125 0.0
7.25 21.125 0.0
7.75 21.125 0.0
8.25 21.125 0.0
8.75 21.125 0.0
0.25 21.375 0.0
0.75 21.375 43489.80500002454
1.25 21.375 30425.07088722765
1.75 21.375 0.0
2.25 21.375 0.0
2.75 21.375 0.0
3.25 21.375 0.0
3.75 21.375 0.0
4.25 21.375 0.0
4.75 21.375 0.0
5.25 21.375 0.0
5.75 21.375 0.0
6.25 21.375 0.0
6.75 21.375 0.0
7.25 21.375 0.0
7.75 21.375 0.0
8.25 21.375 0.0
8.75 21.375 0.0
0.25 21.625 48172.55686716308
0.75 21.625 0.0
1.25 21.625 0.0
1.75 21.625 0.0
2.25 21.625 29388.174640781403
2.75 21.625 0.0
3.25 21.625 29156.899096656012
3.75 21.625 0.0
4.25 21.625 0.0
4.75 21.625 0.0
5.25 21.625 0.0
5.75 21.625 0.0
6.25 21.625 0.0
6.75 21.625 0.0
7.25 21.625 0.0
7.75 21.625 0.0
8.25 21.625 0.0
8.75 21.625 0.0
0.25 21.875 0.0
0.75 21.875 43489.80500002454
1.25 21.875 63359.936320006556
1.75 21.875 0.0
2.25 21.875 0.0
2.75 21.875 43489.80500002454
3.25 21.875 0.0
3.75 21.875 0.0
4.25 21.875 0.0
4.75 21.875 0.0
5.25 21.875 0.0
5.75 21.875 0.0
6.25 21.875 0.0
6.75 21.875 0.0
7.25 21.875 0.0
7.75 21.875 0.0
8.25 21.875 0.0
8.75 21.875 0.0
0.25 22.125 0.0
0.75 22.125 44878.39558417977
1.25 22.125 33627.535265807055
1.75 22.125 0.0
2.25 22.125 29507.818572925415
2.75 22.125 63625.12453969122
3.25 22.125 0.0
3.75 22.125 0.0
4.25 22.125 0.0
4.75 22.125 0.0
5.25 22.125 0.0
5.75 22.125 0.0
6.25 22.125 0.0
6.75 22.125 0.0
7.25 22.125 0.0
7.75 22.125 0.0
8.25 22.125 0.0
8.75 22.125 0.0
0.25 22.375 0.0
0.75 22.375 0.0
1.25 22.375 0.0
1.75 22.375 41629.2002076016
2.25 22.375 0.0
2.75 22.375 43489.80500002454
3.25 22.375 0.0
3.75 22.375 0.0
4.25 22.375 0.0
4.75 22.375 0.0
5.25 22.375 0.0
5.75 22.375 0.0
6.25 22.375 0.0
6.75 22.375 0.0
7.25 22.375 0.0
7.75 22.375 0.0
8.25 22.375 0.0
8.75 22.375 0.0
0.25 22.625 43489.80500002454
0.75 22.625 0.0
1.25 22.625 0.0
1.75 22.625 0.0
2.25 22.625 28993.203333431495
2.75 22.625 0.0
3.25 22.625 0.0
3.75 22.625 0.0
4.25 22.625 89791.61467259421
4.75 22.625 0.0
5.25 22.625 0.0
5.75 22.625 0.0
6.25 22.625 0.0
6.75 22.625 0.0
7.25 22.625 0.0
7.75 22.625 0.0
8.25 22.625 0.0
8.75 22.625 0.0
0.25 22.875 0.0
0.75 22.875 0.0
1.25 22.875 21381.075902811084
1.75 22.875 0.0
2.25 22.875 0.0
2.75 22.875 0.0
3.25 22.875 0.0
3.75 22.875 0.0
4.25 22.875 64896.668194905105
4.75 22.875 0.0
5.25 22.875 0.0
5.75 22.875 0.0
6.25 22.875 0.0
6.75 22.875 0.0
7.25 22.875 0.0
7.75 22.875 0.0
8.25 22.875 0.0
8.75 22.875 0.0
0.25 23.125 43489.80500002454
0.75 23.125 0.0
1.25 23.125 0.0
1.75 23.125 0.0
2.25 23.125 0.0
2.75 23.125 38750.60335590972
3.25 23.125 0.0
3.75 23.125 0.0
4.25 23.125 0.0
4.75 23.125 0.0
5.25 23.125 0.0
5.75 23.125 0.0
6.25 23.125 0.0
6.75 23.125 0.0
7.25 23.125 0.0
7.75 23.125 0.0
8.25 23.125 0.0
8.75 23.125 0.0
0.25 23.375 125830.81187207102
0.75 23.375 0.0
1.25 23.375 0.0
1.75 23.375 0.0
2.25 23.375 0.0
2.75 23.375 0.0
3.25 23.375 0.0
3.75 23.375 85830.60932346592
4.25 23.375 0.0
4.75 23.375 0.0
5.25 23.375 0.0
5.75 23.375 0.0
6.25 23.375 0.0
6.75 23.375 0.0
7.25 23.375 0.0
7.75 23.375 0.0
8.25 23.375 0.0
8.75 23.375 0.0
0.25 23.625 39173.63758176599
0.75 23.625 73341.47701597065
1.25 23.625 0.0
1.75 23.625 0.0
2.25 23.625 96085.45329433329
2.75 23.625 0.0
3.25 23.625 0.0
3.75 23.625 0.0
4.25 23.625 0.0
4.75 23.625 0.0
5.25 23.625 0.0
5.75 23.625 0.0
6.25 23.625 0.0
6.75 23.625 0.0
7.25 23.625 0.0
7.75 23.625 0.0
8.25 23.625 0.0
8.75 23.625 0.0
0.25 23.875 0.0
0.75 23.875 62420.42042476582
1.25 23.875 0.0
1.75 23.875 0.0
2.25 23.875 0.0
2.75 23.875 41371.145210750896
3.25 23.875 0.0
3.75 23.875 0.0
4.25 23.875 0.0
4.75 23.875 0.0
5.25 23.875 0.0
5.75 23.875 0.0
6.25 23.875 0.0
6.75 23.875 0.0
7.25 23.875 0.0
7.75 23.875 0.0
8.25 23.875 0.0
8.75 23.875 0.0
0.25 24.125 0.0
0.75 24.125 0.0
1.25 24.125 0.0
1.75 24.125 0.0
2.25 24.125 0.0
2.75 24.125 0.0
3.25 24.125 45836.73436802587
3.75 24.125 0.0
4.25 24.125 0.0
4.75 24.125 0.0
5.25 24.125 0.0
5.75 24.125 0.0
6.25 24.125 0.0
6.75 24.125 0.0
7.25 24.125 0.0
7.75 24.125 0.0
8.25 24.125 0.0
8.75 24.125 0.0
0.25 24.375 0.0
0.75 24.375 0.0
1.25 24.375 0.0
1.75 24.375 0.0
2.25 24.375 43489.80500002454
2.75 24.375 0.0
3.25 24.375 0.0
3.75 24.375 0.0
4.25 24.375 0.0
4.75 24.375 0.0
5.25 24.375 0.0
5.75 24.375 0.0
6.25 24.375 0.0
6.75 24.375 0.0
7.25 24.375 0.0
7.75 24.375 0.0
8.25 24.375 0.0
8.75 24.375 0.0
0.25 24.625 0.0
0.75 24.625 43489.80500002454
1.25 24.625 31101.723389073675
1.75 24.625 0.0
2.25 24.625 0.0
2.75 24.625 0.0
3.25 24.625 0.0
3.75 24.625 0.0
4.25 24.625 0.0
4.75 24.625 0.0
5.25 24.625 0.0
5.75 24.625 0.0
6.25 24.625 0.0
6.75 24.625 0.0
7.25 24.625 0.0
7.75 24.625 0.0
8.25 24.625 0.0
8.75 24.625 0.0
0.25 24.875 71256.56066887107
0.75 24.875 0.0
1.25 24.875 0.0
1.75 24.875 0.0
2.25 24.875 0.0
2.75 24.875 0.0
3.25 24.875 44076.87913869565
3.75 24.875 0.0
4.25 24.875 0.0
4.75 24.875 0.0
5.25 24.875 0.0
5.75 24.875 0.0
6.25 24.875 0.0
6.75 24.875 0.0
7.25 24.875 0.0
7.75 24.875 0.0
8.25 24.875 0.0
8.75 24.875 0.0
0.25 25.125 0.0
0.75 25.125 0.0
1.25 25.125 0.0
1.75 25.125 0.0
2.25 25.125 0.0
2.75 25.125 0.0
3.25 25.125 0.0
3.75 25.125 0.0
4.25 25.125 0.0
4.75 25.125 0.0
5.25 25.125 0.0
5.75 25.125 0.0
6.25 25.125 0.0
6.75 25.125 0.0
7.25 25.125 0.0
7.75 25.125 0.0
8.25 25.125 0.0
8.75 25.125 0.0
0.25 25.375 0.0
0.75 25.375 0.0
1.25 25.375 94054.63138075793
1.75 25.375 0.0
2.25 25.375 0.0
2.75 25.375 31200.439501839985
3.25 25.375 0.0
3.75 25.375 0.0
4.25 25.375 0.0
4.75 25.375 0.0
5.25 25.375 0.0
5.75 25.375 0.0
6.25 25.375 0.0
6.75 25.375 0.0
7.25 25.375 0.0
7.75 25.375 0.0
8.25 25.375 0.0
8.75 25.375 0.0
0.25 25.625 43489.80500002454
0.75 25.625 0.0
1.25 25.625 43489.80500002454
1.75 25.625 27981.213727220787
2.25 25.625 0.0
2.75 25.625 33061.22855379248
3.25 25.625 0.0
3.75 25.625 0.0
4.25 25.625 0.0
4.75 25.625 0.0
5.25 25.625 0.0
5.75 25.625 0.0
6.25 25.625 0.0
6.75 25.625 0.0
7.25 25.625 0.0
7.75 25.625 0.0
8.25 25.625 0.0
8.75 25.625 0.0
0.25 25.875 0.0
0.75 25.875 0.0
1.25 25.875 0.0
1.75 25.875 0.0
2.25 25.875 54596.48200552526
2.75 25.875 0.0
3.25 25.875 0.0
3.75 25.875 0.0
4.25 25.875 0.0
4.75 25.875 0.0
5.25 25.875 0.0
5.75 25.875 0.0
6.25 25.875 0.0
6.75 25.875 0.0
7.25 25.875 0.0
7.75 25.875 0.0
8.25 25.875 0.0
8.75 25.875 0.0
0.25 26.125 0.0
0.75 26.125 46606.47306695817
1.25 26.125 29451.952761600474
1.75 26.125 35194.67289434795
2.25 26.125 984520.3131954127
2.75 26.125 0.0
3.25 26.125 0.0
3.75 26.125 0.0
4.25 26.125 43541.1130687672
4.75 26.125 0.0
5.25 26.125 0.0
5.75 26.125 0.0
6.25 26.125 0.0
6.75 26.125 0.0
7.25 26.125 0.0
7.75 26.125 0.0
8.25 26.125 0.0
8.75 26.125 0.0
0.25 26.375 43489.80500002454
0.75 26.375 160130.3619427245
1.25 26.375 0.0
1.75 26.375 0.0
2.25 26.375 0.0
2.75 26.375 63986.14918387289
3.25 26.375 0.0
3.75 26.375 0.0
4.25 26.375 0.0
4.75 26.375 0.0
5.25 26.375 0.0
5.75 26.375 0.0
6.25 26.375 0.0
6.75 26.375 0.0
7.25 26.375 0.0
7.75 26.375 0.0
8.25 26.375 0.0
8.75 26.375 0.0
0.25 26.625 0.0
0.75 26.625 0.0
1.25 26.625 37926.52912226929
1.75 26.625 0.0
2.25 26.625 0.0
2.75 26.625 0.0
3.25 26.625 0.0
3.75 26.625 0.0
4.25 26.625 0.0
4.75 26.625 0.0
5.25 26.625 0.0
5.75 26.625 0.0
6.25 26.625 0.0
6.75 26.625 0.0
7.25 26.625 0.0
7.75 26.625 0.0
8.25 26.625 0.0
8.75 26.625 0.0
0.25 26.875 43489.80500002454
0.75 26.875 0.0
1.25 26.875 0.0
1.75 26.875 0.0
2.25 26.875 0.0
2.75 26.875 0.0
3.25 26.875 0.0
3.75 26.875 0.0
4.25 26.875 0.0
4.75 26.875 0.0
5.25 26.875 0.0
5.75 26.875 0.0
6.25 26.875 0.0
6.75 26.875 0.0
7.25 26.875 0.0
7.75 26.875 0.0
8.25 26.875 0.0
8.75 26.875 0.0
0.25 27.125 0.0
0.75 27.125 369981.15631348215
1.25 27.125 0.0
1.75 27.125 0.0
2.25 27.125 31156.765582353448
2.75 27.125 0.0
3.25 27.125 0.0
3.75 27.125 0.0
4.25 27.125 0.0
4.75 27.125 0.0
5.25 27.125 0.0
5.75 27.125 0.0
6.25 27.125 0.0
6.75 27.125 0.0
7.25 27.125 0.0
7.75 27.125 0.0
8.25 27.125 0.0
8.75 27.125 0.0
0.25 27.375 0.0
0.75 27.375 0.0
1.25 27.375 0.0
1.75 27.375 65060.518438230836
2.25 27.375 0.0
2.75 27.375 0.0
3.25 27.375 0.0
3.75 27.375 0.0
4.25 27.375 0.0
4.75 27.375 0.0
5.25 27.375 0.0
5.75 27.375 0.0
6.25 27.375 0.0
6.75 27.375 0.0
7.25 27.375 0.0
7.75 27.375 0.0
8.25 27.375 0.0
8.75 27.375 0.0
0.25 27.625 0.0
0.75 27.625 0.0
1.25 27.625 0.0
1.75 27.625 0.0
2.25 27.625 43489.80500002454
2.75 27.625 0.0
3.25 27.625 0.0
3.75 27.625 0.0
4.25 27.625 0.0
4.75 27.625 0.0
5.25 27.625 0.0
5.75 27.625 0.0
6.25 27.625 0.0
6.75 27.625 0.0
7.25 27.625 0.0
7.75 27.625 0.0
8.25 27.625 0.0
8.75 27.625 0.0
0.25 27.875 0.0
0.75 27.875 0.0
1.25 27.875 0.0
1.75 27.875 0.0
2.25 27.875 43489.80500002454
2.75 27.875 0.0
3.25 27.875 0.0
3.75 27.875 0.0
4.25 27.875 0.0
4.75 27.875 0.0
5.25 27.875 0.0
5.75 27.875 0.0
6.25 27.875 0.0
6.75 27.875 0.0
7.25 27.875 0.0
7.75 27.875 0.0
8.25 27.875 0.0
8.75 27.875 0.0
0.25 28.125 0.0
0.75 28.125 0.0
1.25 28.125 129580.49281933301
1.75 28.125 0.0
2.25 28.125 0.0
2.75 28.125 0.0
3.25 28.125 0.0
3.75 28.125 0.0
4.25 28.125 0.0
4.75 28.125 0.0
5.25 28.125 0.0
5.75 28.125 0.0
6.25 28.125 0.0
6.75 28.125 0.0
7.25 28.125 0.0
7.75 28.125 0.0
8.25 28.125 0.0
8.75 28.125 0.0
0.25 28.375 0.0
0.75 28.375 37844.50693570046
1.25 28.375 0.0
1.75 28.375 0.0
2.25 28.375 0.0
2.75 28.375 0.0
3.25 28.375 0.0
3.75 28.375 0.0
4.25 28.375 0.0
4.75 28.375 0.0
5.25 28.375 0.0
5.75 28.375 0.0
6.25 28.375 0.0
6.75 28.375 0.0
7.25 28.375 0.0
7.75 28.375 0.0
8.25 28.375 0.0
8.75 28.375 0.0
0.25 28.625 0.0
0.75 28.625 0.0
1.25 28.625 0.0
1.75 28.625 0.0
2.25 28.625 0.0
2.75 28.625 0.0
3.25 28.625 0.0
3.75 28.625 0.0
4.25 28.625 0.0
4.75 28.625 0.0
5.25 28.625 0.0
5.75 28.625 0.0
6.25 28.625 0.0
6.75 28.625 0.0
7.25 28.625 0.0
7.75 28.625 0.0
8.25 28.625 0.0
8.75 28.625 0.0
0.25 28.875 0.0
0.75 28.875 0.0
1.25 28.875 42522.835715854206
1.75 28.875 86979.61000004908
2.25 28.875 0.0
2.75 28.875 0.0
3.25 28.875 0.0
3.75 28.875 0.0
4.25 28.875 0.0
4.75 28.875 0.0
5.25 28.875 0.0
5.75 28.875 0.0
6.25 28.875 0.0
6.75 28.875 0.0
7.25 28.875 0.0
7.75 28.875 0.0
8.25 28.875 0.0
8.75 28.875 0.0
0.25 29.125 0.0
0.75 29.125 0.0
1.25 29.125 43463.774041010685
1.75 29.125 0.0
2.25 29.125 0.0
2.75 29.125 0.0
3.25 29.125 0.0
3.75 29.125 0.0
4.25 29.125 0.0
4.75 29.125 0.0
5.25 29.125 0.0
5.75 29.125 0.0
6.25 29.125 0.0
6.75 29.125 0.0
7.25 29.125 0.0
7.75 29.125 0.0
8.25 29.125 0.0
8.75 29.125 0.0
0.25 29.375 45966.52543217347
0.75 29.375 0.0
1.25 29.375 0.0
1.75 29.375 0.0
2.25 29.375 0.0
2.75 29.375 0.0
3.25 29.375 0.0
3.75 29.375 0.0
4.25 29.375 0.0
4.75 29.375 0.0
5.25 29.375 0.0
5.75 29.375 0.0
6.25 29.375 0.0
6.75 29.375 0.0
7.25 29.375 0.0
7.75 29.375 0.0
8.25 29.375 0.0
8.75 29.375 0.0
0.25 29.625 0.0
0.75 29.625 42873.33957960705
1.25 29.625 0.0
1.75 29.625 0.0
2.25 29.625 0.0
2.75 29.625 0.0
3.25 29.625 0.0
3.75 29.625 43489.80500002454
4.25 29.625 0.0
4.75 29.625 0.0
5.25 29.625 0.0
5.75 29.625 0.0
6.25 29.625 0.0
6.75 29.625 0.0
7.25 29.625 0.0
7.75 29.625 0.0
8.25 29.625 0.0
8.75 29.625 0.0
0.25 29.875 0.0
0.75 29.875 0.0
1.25 29.875 0.0
1.75 29.875 0.0
2.25 29.875 0.0
2.75 29.875 0.0
3.25 29.875 0.0
3.75 29.875 0.0
4.25 29.875 0.0
4.75 29.875 0.0
5.25 29.875 0.0
5.75 29.875 0.0
6.25 29.875 0.0
6.75 29.875 0.0
7.25 29.875 0.0
7.75 29.875 0.0
8.25 29.875 0.0
8.75 29.875 0.0
