0.25 0.125 17405487.988765366
0.75 0.125 17365244.776362747
1.25 0.125 17404711.390072692
1.75 0.125 17605389.41475283
2.25 0.125 19454814.09500528
2.75 0.125 18517248.010426283
3.25 0.125 18572801.350418605
3.75 0.125 17244250.55313657
4.25 0.125 16243657.875114506
4.75 0.125 14011649.36569242
5.25 0.125 12066344.628594747
5.75 0.125 9826397.506763855
6.25 0.125 7960114.379334286
6.75 0.125 7113054.299380327
7.25 0.125 5369275.753136862
7.75 0.125 2798049.9538815184
8.25 0.125 926535.90801781
8.75 0.125 56374.93820865457
0.25 0.375 56171591.233532116
0.75 0.375 55458554.141947195
1.25 0.375 56085607.54816114
1.75 0.375 58146241.5766243
2.25 0.375 57257263.95730363
2.75 0.375 58143952.10145431
3.25 0.375 58058502.30956924
3.75 0.375 54888694.74491434
4.25 0.375 49581632.470898435
4.75 0.375 44310023.39993153
5.25 0.375 37411096.504379734
5.75 0.375 29754436.721792694
6.25 0.375 23949037.337012798
6.75 0.375 20104175.847838838
7.25 0.375 15427604.666484822
7.75 0.375 7843321.259266303
8.25 0.375 2665842.4095678055
8.75 0.375 105086.3330612714
0.25 0.625 93947383.119562
0.75 0.625 94045179.2098059
1.25 0.625 95727810.3092017
1.75 0.625 95535290.83952391
2.25 0.625 96042369.49859305
2.75 0.625 95000351.7472348
3.25 0.625 91868114.51252693
3.75 0.625 88522152.31032076
4.25 0.625 80896019.8747932
4.75 0.625 72616156.42065373
5.25 0.625 60559837.532660484
5.75 0.625 48026489.690584615
6.25 0.625 38284364.59935383
6.75 0.625 30908033.960457917
7.25 0.625 21984479.675503142
7.75 0.625 10160847.783173358
8.25 0.625 2860967.8130805
8.75 0.625 69778.15849323847
0.25 0.875 125106926.40316668
0.75 0.875 124302170.6203872
1.25 0.875 124089963.45825122
1.75 0.875 123319187.8401817
2.25 0.875 122716420.38440268
2.75 0.875 118625166.94251743
3.25 0.875 116102951.58669408
3.75 0.875 108785110.57942143
4.25 0.875 99924669.73698007
4.75 0.875 88928449.26893577
5.25 0.875 75672777.03676604
5.75 0.875 61307029.48289694
6.25 0.875 46047348.10274085
6.75 0.875 34073629.40850305
7.25 0.875 23061562.10344861
7.75 0.875 10832790.945955727
8.25 0.875 2719747.5492581916
8.75 0.875 31544.592030383552
0.25 1.125 136440960.86537138
0.75 1.125 138889609.680533
1.25 1.125 137459352.80356345
1.75 1.125 135607820.23187762
2.25 1.125 132979044.4299967
2.75 1.125 127450891.0251926
3.25 1.125 121430275.85891534
3.75 1.125 115981122.95774013
4.25 1.125 105218355.17467108
4.75 1.125 94026625.5304109
5.25 1.125 76725342.29066217
5.75 1.125 60605881.58769904
6.25 1.125 46095084.702255584
6.75 1.125 31917832.594563276
7.25 1.125 19630978.98510516
7.75 1.125 8467316.918278616
8.25 1.125 1611408.1453654482
8.75 1.125 0.0
0.25 1.375 138058782.90534538
0.75 1.375 138088913.15499103
1.25 1.375 135854706.8287939
1.75 1.375 132959716.7849039
2.25 1.375 132069537.21163465
2.75 1.375 125375650.40217488
3.25 1.375 116499230.74910273
3.75 1.375 110499476.29155909
4.25 1.375 98781319.34289381
4.75 1.375 83052566.17578463
5.25 1.375 70348304.7226929
5.75 1.375 54489659.716638595
6.25 1.375 39787250.44944455
6.75 1.375 26955932.09017528
7.25 1.375 15381516.477846544
7.75 1.375 5863206.169938599
8.25 1.375 777782.3734877384
8.75 1.375 0.0
0.25 1.625 127471832.00720963
0.75 1.625 124363122.1365522
1.25 1.625 126306407.58326477
1.75 1.625 120973364.0796751
2.25 1.625 119209296.34434773
2.75 1.625 115947043.92533493
3.25 1.625 107263368.85512067
3.75 1.625 96802971.42143404
4.25 1.625 85964523.5064461
4.75 1.625 71937825.00248908
5.25 1.625 58477931.84598836
5.75 1.625 44471284.2179629
6.25 1.625 30399256.40032396
6.75 1.625 19351534.59444985
7.25 1.625 11117761.68523021
7.75 1.625 3830738.1467833538
8.25 1.625 401151.1089857688
8.75 1.625 0.0
0.25 1.875 114108956.95461138
0.75 1.875 111328080.74561743
1.25 1.875 109223309.3846578
1.75 1.875 108020501.3670232
2.25 1.875 104778168.49145548
2.75 1.875 99109538.44848539
3.25 1.875 92539863.9206967
3.75 1.875 84096761.96089782
4.25 1.875 71922506.35821787
4.75 1.875 62229526.54609782
5.25 1.875 47148211.73431744
5.75 1.875 34695243.07313286
6.25 1.875 24167001.20755876
6.75 1.875 14830349.673129248
7.25 1.875 7640121.758813714
7.75 1.875 2047875.540659819
8.25 1.875 121342.52450933782
8.75 1.875 0.0
0.25 2.125 97640297.7576491
0.75 2.125 99163058.51144046
1.25 2.125 95240623.609338
1.75 2.125 92838562.55067667
2.25 2.125 91198045.00638708
2.75 2.125 87473966.83263558
3.25 2.125 77536717.7310962
3.75 2.125 69021295.27543326
4.25 2.125 60397644.504083574
4.75 2.125 50352422.83509376
5.25 2.125 37020383.7451008
5.75 2.125 27720084.496735066
6.25 2.125 17590166.462400425
6.75 2.125 10933910.587365173
7.25 2.125 5075200.095028201
7.75 2.125 1049289.3913118113
8.25 2.125 49130.00195466829
8.75 2.125 0.0
0.25 2.375 82735709.74234943
0.75 2.375 82080349.38193826
1.25 2.375 80802130.02735724
1.75 2.375 79730476.5276858
2.25 2.375 75749939.54267529
2.75 2.375 71189216.96664554
3.25 2.375 67046675.60545202
3.75 2.375 60259444.19592348
4.25 2.375 48829245.09670249
4.75 2.375 39655259.91148784
5.25 2.375 29758894.044506017
5.75 2.375 19997447.319925606
6.25 2.375 13887079.560523925
6.75 2.375 7565037.034532898
7.25 2.375 3157053.8398164627
7.75 2.375 674043.8119416224
8.25 2.375 12703.674725611012
8.75 2.375 0.0
0.25 2.625 68265661.67612724
0.75 2.625 67431801.79478632
1.25 2.625 70776585.19571452
1.75 2.625 66014512.32772286
2.25 2.625 63282005.93894593
2.75 2.625 61605767.58045732
3.25 2.625 54052846.466488436
3.75 2.625 49705259.729056284
4.25 2.625 40082181.01310152
4.75 2.625 30870163.733157706
5.25 2.625 24654211.63909513
5.75 2.625 15973402.613810726
6.25 2.625 9674271.646197224
6.75 2.625 4969337.520966946
7.25 2.625 1414489.3371557489
7.75 2.625 271446.4311102618
8.25 2.625 0.0
8.75 2.625 0.0
0.25 2.875 59388058.124794535
0.75 2.875 57825810.805960074
1.25 2.875 58784053.30366095
1.75 2.875 56491946.38446001
2.25 2.875 53534360.28089346
2.75 2.875 50888269.68988418
3.25 2.875 45683618.53486995
3.75 2.875 39556958.729484506
4.25 2.875 32060915.33499257
4.75 2.875 26067979.162157476
5.25 2.875 19469821.078627348
5.75 2.875 12732011.80242808
6.25 2.875 7763643.736347475
6.75 2.875 3678261.0701402538
7.25 2.875 1091149.7143593135
7.75 2.875 190197.6724640402
8.25 2.875 0.0
8.75 2.875 0.0
0.25 3.125 48900707.91472087
0.75 3.125 49852509.31978395
1.25 3.125 47471001.69579169
1.75 3.125 44800425.70204956
2.25 3.125 45179396.52018708
2.75 3.125 41437592.0335274
3.25 3.125 39242046.90454119
3.75 3.125 32186930.06212359
4.25 3.125 27993507.480982512
4.75 3.125 20540825.000324205
5.25 3.125 14363117.36862176
5.75 3.125 9779569.118300045
6.25 3.125 5163352.49111277
6.75 3.125 2463488.6316818437
7.25 3.125 541513.4845457921
7.75 3.125 48513.220290150355
8.25 3.125 0.0
8.75 3.125 0.0
0.25 3.375 39635320.430402204
0.75 3.375 38228485.96610534
1.25 3.375 40850393.15038138
1.75 3.375 38327739.8640433
2.25 3.375 37401510.267906114
2.75 3.375 34999593.20529633
3.25 3.375 31357027.447756145
3.75 3.375 26693180.72678653
4.25 3.375 21792389.43729088
4.75 3.375 16835656.28564954
5.25 3.375 11731523.121544316
5.75 3.375 7727206.9507052535
6.25 3.375 4260880.647300139
6.75 3.375 1871661.2051015317
7.25 3.375 390527.20464092674
7.75 3.375 20549.32344295369
8.25 3.375 0.0
8.75 3.375 0.0
0.25 3.625 33937637.347635865
0.75 3.625 34334232.87026803
1.25 3.625 33438680.8812721
1.75 3.625 32102056.766024813
2.25 3.625 31375840.745531213
2.75 3.625 29099112.641705986
3.25 3.625 25382538.189758003
3.75 3.625 21999850.705965064
4.25 3.625 18655319.300115377
4.75 3.625 13393438.50640665
5.25 3.625 9107831.328206262
5.75 3.625 5348310.260909928
6.25 3.625 2884662.9292253586
6.75 3.625 1195139.772884034
7.25 3.625 163333.32826470074
7.75 3.625 4016.486906887972
8.25 3.625 0.0
8.75 3.625 0.0
0.25 3.875 29592972.45022215
0.75 3.875 28643423.632683262
1.25 3.875 27278192.2077955
1.75 3.875 27027489.27921027
2.25 3.875 26497792.931042016
2.75 3.875 24847874.4805575
3.25 3.875 20654806.501438588
3.75 3.875 17609457.517040387
4.25 3.875 16003357.255607419
4.75 3.875 10770515.237886023
5.25 3.875 7322055.5524515575
5.75 3.875 4937718.12617792
6.25 3.875 2209840.7087524314
6.75 3.875 785957.2085313582
7.25 3.875 81034.40514140202
7.75 3.875 0.0
8.25 3.875 0.0
8.75 3.875 0.0
0.25 4.125 23468844.898054413
0.75 4.125 24204506.9170412
1.25 4.125 23813730.39944233
1.75 4.125 23811676.4779809
2.25 4.125 23485111.03080487
2.75 4.125 19978905.0257632
3.25 4.125 18113981.027605657
3.75 4.125 15623304.761702815
4.25 4.125 12378075.406279242
4.75 4.125 8130432.465828382
5.25 4.125 6792164.480199633
5.75 4.125 3297403.299101531
6.25 4.125 1958720.8700179234
6.75 4.125 497385.04099396465
7.25 4.125 128832.98045464909
7.75 4.125 18806.17023326421
8.25 4.125 0.0
8.75 4.125 0.0
0.25 4.375 19844443.751775406
0.75 4.375 20326106.232745945
1.25 4.375 18828875.682308413
1.75 4.375 18848757.38502148
2.25 4.375 18981930.899399906
2.75 4.375 17475115.494255356
3.25 4.375 14649082.216646753
3.75 4.375 12506754.39617744
4.25 4.375 10316220.575827787
4.75 4.375 8257852.333444438
5.25 4.375 4760023.711561935
5.75 4.375 2729840.848304242
6.25 4.375 1552369.9676007857
6.75 4.375 559552.3653013962
7.25 4.375 27351.98951282465
7.75 4.375 0.0
8.25 4.375 0.0
8.75 4.375 0.0
0.25 4.625 16794025.091346852
0.75 4.625 16765149.359705938
1.25 4.625 16124887.877280071
1.75 4.625 16224119.518207846
2.25 4.625 16131877.364143154
2.75 4.625 14130793.855211344
3.25 4.625 12828760.62343418
3.75 4.625 10567097.273792306
4.25 4.625 8748967.687162386
4.75 4.625 6344879.943243174
5.25 4.625 4099322.1260211538
5.75 4.625 2265125.318688044
6.25 4.625 1485469.3793191973
6.75 4.625 212966.25341560593
7.25 4.625 9318.87730448761
7.75 4.625 0.0
8.25 4.625 0.0
8.75 4.625 0.0
0.25 4.875 14657528.923796488
0.75 4.875 15890745.956355784
1.25 4.875 15294043.739211973
1.75 4.875 14983948.05990965
2.25 4.875 13615785.372968027
2.75 4.875 10946406.498035947
3.25 4.875 9987136.033256315
3.75 4.875 8881605.939425074
4.25 4.875 7116500.692105251
4.75 4.875 4998878.735199365
5.25 4.875 2907503.575060946
5.75 4.875 1588741.742513911
6.25 4.875 863661.6671277855
6.75 4.875 229702.017374792
7.25 4.875 0.0
7.75 4.875 0.0
8.25 4.875 0.0
8.75 4.875 0.0
0.25 5.125 13683883.828991378
0.75 5.125 13446035.978391252
1.25 5.125 12104957.042099338
1.75 5.125 11706546.118275026
2.25 5.125 11747056.223155076
2.75 5.125 10514000.44880845
3.25 5.125 9617526.345763654
3.75 5.125 7160934.778998518
4.25 5.125 5083549.652876382
4.75 5.125 4008274.3140959884
5.25 5.125 2670187.713419228
5.75 5.125 1648123.8706768006
6.25 5.125 704612.9768903715
6.75 5.125 205191.937429907
7.25 5.125 29717.115267176978
7.75 5.125 0.0
8.25 5.125 0.0
8.75 5.125 0.0
0.25 5.375 11133064.395317867
0.75 5.375 10409494.341468655
1.25 5.375 10344544.952147812
1.75 5.375 9754333.73535569
2.25 5.375 9907377.129659858
2.75 5.375 8869327.267696453
3.25 5.375 7749035.1682759095
3.75 5.375 6753796.367376449
4.25 5.375 4418979.005696412
4.75 5.375 3033794.988624086
5.25 5.375 2125314.4655375397
5.75 5.375 1232378.1468881352
6.25 5.375 409061.46357004216
6.75 5.375 167914.14403627877
7.25 5.375 0.0
7.75 5.375 0.0
8.25 5.375 0.0
8.75 5.375 0.0
0.25 5.625 9271792.174602937
0.75 5.625 8769654.643298406
1.25 5.625 8842196.241513385
1.75 5.625 9029799.839176701
2.25 5.625 8635165.033124214
2.75 5.625 7665786.489291932
3.25 5.625 5318897.582928226
3.75 5.625 5131117.215545645
4.25 5.625 4138316.252261088
4.75 5.625 2826331.521537984
5.25 5.625 2126925.7830533236
5.75 5.625 643079.197713492
6.25 5.625 455053.4169999548
6.75 5.625 99791.0068597773
7.25 5.625 27562.52765347837
7.75 5.625 0.0
8.25 5.625 0.0
8.75 5.625 0.0
0.25 5.875 8078091.167871903
0.75 5.875 8239551.951264578
1.25 5.875 7690103.414768611
1.75 5.875 7235100.255471464
2.25 5.875 6700990.160484872
2.75 5.875 6467448.4604574265
3.25 5.875 5542356.576684715
3.75 5.875 4657225.688878777
4.25 5.875 3405453.6374997473
4.75 5.875 2990973.3902573697
5.25 5.875 1353303.6157963835
5.75 5.875 548672.4726258729
6.25 5.875 536063.653920317
6.75 5.875 65084.7079410917
7.25 5.875 0.0
7.75 5.875 0.0
8.25 5.875 0.0
8.75 5.875 0.0
0.25 6.125 6384765.110774161
0.75 6.125 6438085.741182534
1.25 6.125 6573121.999269335
1.75 6.125 6089500.262022707
2.25 6.125 6041053.220189125
2.75 6.125 6021836.310544738
3.25 6.125 5107695.614584722
3.75 6.125 3094717.942300965
4.25 6.125 2964009.9590692515
4.75 6.125 1912494.868120853
5.25 6.125 1308428.8233161254
5.75 6.125 475432.069709501
6.25 6.125 184566.07531062828
6.75 6.125 0.0
7.25 6.125 0.0
7.75 6.125 0.0
8.25 6.125 0.0
8.75 6.125 0.0
0.25 6.375 5943183.304095276
0.75 6.375 6030452.235889097
1.25 6.375 5582860.272198164
1.75 6.375 5758604.182447658
2.25 6.375 5225391.288744288
2.75 6.375 4853076.1247728765
3.25 6.375 4426272.83645594
3.75 6.375 3130304.892214003
4.25 6.375 2111570.02496221
4.75 6.375 1510956.7830244037
5.25 6.375 759022.2080016315
5.75 6.375 613619.0041925308
6.25 6.375 126854.16199823706
6.75 6.375 19940.703327304036
7.25 6.375 0.0
7.75 6.375 0.0
8.25 6.375 0.0
8.75 6.375 0.0
0.25 6.625 4041663.218090873
0.75 6.625 4903559.316565886
1.25 6.625 5018784.806036071
1.75 6.625 5389727.364314513
2.25 6.625 4582257.716580454
2.75 6.625 4628932.3959602285
3.25 6.625 2912598.747650698
3.75 6.625 2922171.4227593625
4.25 6.625 1759431.6704049082
4.75 6.625 1994086.5002491004
5.25 6.625 836051.4607368018
5.75 6.625 428610.4099745695
6.25 6.625 112133.4817592614
6.75 6.625 0.0
7.25 6.625 0.0
7.75 6.625 0.0
8.25 6.625 0.0
8.75 6.625 0.0
0.25 6.875 4216405.02439103
0.75 6.875 4854655.252166173
1.25 6.875 4279868.2598100435
1.75 6.875 3475024.2636860847
2.25 6.875 3555553.280380468
2.75 6.875 4093304.481516461
3.25 6.875 2622211.0449168095
3.75 6.875 2624465.330441788
4.25 6.875 1891832.716642471
4.75 6.875 1446885.0709566863
5.25 6.875 760067.2260377002
5.75 6.875 360074.9629714326
6.25 6.875 124110.93544296257
6.75 6.875 0.0
7.25 6.875 0.0
7.75 6.875 0.0
8.25 6.875 0.0
8.75 6.875 0.0
0.25 7.125 3988647.9325692463
0.75 7.125 4275092.6749727875
1.25 7.125 3707371.2690461343
1.75 7.125 3435066.97375926
2.25 7.125 3683151.467574993
2.75 7.125 3607287.81619475
3.25 7.125 2656661.086143968
3.75 7.125 1938307.2654538394
4.25 7.125 1290859.762465509
4.75 7.125 1185716.898393183
5.25 7.125 570809.101522326
5.75 7.125 336786.5125709973
6.25 7.125 28801.0427588209
6.75 7.125 0.0
7.25 7.125 0.0
7.75 7.125 0.0
8.25 7.125 0.0
8.75 7.125 0.0
0.25 7.375 3573414.4875339163
0.75 7.375 3535578.0277193985
1.25 7.375 3136074.4310376225
1.75 7.375 3162112.022468097
2.25 7.375 2523598.677879957
2.75 7.375 2537994.4540023217
3.25 7.375 2391310.8899552915
3.75 7.375 1898311.5092133114
4.25 7.375 960558.598517519
4.75 7.375 908337.0064287313
5.25 7.375 524002.606587443
5.75 7.375 227336.70664872162
6.25 7.375 59260.044466900355
6.75 7.375 0.0
7.25 7.375 0.0
7.75 7.375 0.0
8.25 7.375 0.0
8.75 7.375 0.0
0.25 7.625 3380560.8362758383
0.75 7.625 2822680.0506403134
1.25 7.625 2560303.780338934
1.75 7.625 3269984.3891103137
2.25 7.625 2323867.516447922
2.75 7.625 2784957.489018002
3.25 7.625 1708561.8232491503
3.75 7.625 1190753.2189871136
4.25 7.625 1518168.7450399275
4.75 7.625 587577.4728606201
5.25 7.625 460223.9047794717
5.75 7.625 121718.61853223083
6.25 7.625 0.0
6.75 7.625 26485.44270094577
7.25 7.625 0.0
7.75 7.625 0.0
8.25 7.625 0.0
8.75 7.625 0.0
0.25 7.875 2877744.726717646
0.75 7.875 2605153.2490069377
1.25 7.875 2385010.734130904
1.75 7.875 2890575.3561592423
2.25 7.875 2099013.2235117075
2.75 7.875 2194717.4572310066
3.25 7.875 1648566.9562473362
3.75 7.875 1332215.109382289
4.25 7.875 1198709.831990352
4.75 7.875 655260.2460295645
5.25 7.875 389239.3478528343
5.75 7.875 128401.10865835674
6.25 7.875 37805.509994380314
6.75 7.875 0.0
7.25 7.875 0.0
7.75 7.875 0.0
8.25 7.875 0.0
8.75 7.875 0.0
0.25 8.125 2398968.3141295947
0.75 8.125 2274660.085451532
1.25 8.125 2445586.9701836905
1.75 8.125 2490276.6355672115
2.25 8.125 1383945.5207962163
2.75 8.125 1250141.1965780817
3.25 8.125 1055960.857105095
3.75 8.125 905986.3576754956
4.25 8.125 797329.849024147
4.75 8.125 558338.1115543261
5.25 8.125 569883.6514077537
5.75 8.125 36970.086917173685
6.25 8.125 14397.613349166626
6.75 8.125 0.0
7.25 8.125 0.0
7.75 8.125 0.0
8.25 8.125 0.0
8.75 8.125 0.0
0.25 8.375 1844104.606386873
0.75 8.375 1879890.4133717746
1.25 8.375 2237962.1383822034
1.75 8.375 2431448.4401854975
2.25 8.375 1508315.1226915189
2.75 8.375 1390197.087650506
3.25 8.375 1568171.3146014083
3.75 8.375 1073777.9090504393
4.25 8.375 752327.6216015699
4.75 8.375 353801.8584551506
5.25 8.375 430293.13542197493
5.75 8.375 121401.64200469981
6.25 8.375 29767.654557294823
6.75 8.375 0.0
7.25 8.375 0.0
7.75 8.375 0.0
8.25 8.375 0.0
8.75 8.375 0.0
0.25 8.625 1735456.7849786528
0.75 8.625 1499860.7099541721
1.25 8.625 1589494.7287418754
1.75 8.625 2106649.636029361
2.25 8.625 1894990.0448486153
2.75 8.625 1132750.7638128677
3.25 8.625 1264152.5650094762
3.75 8.625 749416.1128852937
4.25 8.625 798197.0822657786
4.75 8.625 689436.5363247064
5.25 8.625 124164.15130489077
5.75 8.625 85684.07433764442
6.25 8.625 0.0
6.75 8.625 0.0
7.25 8.625 0.0
7.75 8.625 0.0
8.25 8.625 0.0
8.75 8.625 0.0
0.25 8.875 1745040.9752549913
0.75 8.875 1590803.2297778896
1.25 8.875 1774998.2149485478
1.75 8.875 1635955.2636721046
2.25 8.875 1862941.985948909
2.75 8.875 1356967.7380516736
3.25 8.875 1300306.1243775794
3.75 8.875 1072324.2357842796
4.25 8.875 827396.8142576278
4.75 8.875 416116.8007779069
5.25 8.875 132529.90615892914
5.75 8.875 54182.913030139556
6.25 8.875 4959.331729042035
6.75 8.875 0.0
7.25 8.875 0.0
7.75 8.875 0.0
8.25 8.875 0.0
8.75 8.875 0.0
0.25 9.125 1539971.0461914137
0.75 9.125 1219203.5111881075
1.25 9.125 1316802.6350780956
1.75 9.125 1551325.092640761
2.25 9.125 1167824.4779683778
2.75 9.125 832901.8028288768
3.25 9.125 1097672.6250813033
3.75 9.125 715478.0382182702
4.25 9.125 466565.9751798336
4.75 9.125 390038.2327587608
5.25 9.125 169317.93073961232
5.75 9.125 62833.23893265372
6.25 9.125 33494.31238892059
6.75 9.125 0.0
7.25 9.125 0.0
7.75 9.125 0.0
8.25 9.125 0.0
8.75 9.125 0.0
0.25 9.375 1811172.99892534
0.75 9.375 1473328.4003740253
1.25 9.375 991664.4677226082
1.75 9.375 1146720.6478466722
2.25 9.375 1204885.6695247642
2.75 9.375 1177619.148345621
3.25 9.375 810351.8950774011
3.75 9.375 323674.91683883744
4.25 9.375 479497.4713194916
4.75 9.375 358278.4298687961
5.25 9.375 143176.49340108057
5.75 9.375 17695.766158009006
6.25 9.375 14907.358612088186
6.75 9.375 0.0
7.25 9.375 0.0
7.75 9.375 0.0
8.25 9.375 0.0
8.75 9.375 0.0
0.25 9.625 1412240.1610788838
0.75 9.625 980582.4737320925
1.25 9.625 1216331.17208766
1.75 9.625 1210947.155466157
2.25 9.625 1046825.8090339807
2.75 9.625 917282.3410202643
3.25 9.625 1099191.0058840497
3.75 9.625 783104.3991967575
4.25 9.625 703586.7165254937
4.75 9.625 204810.68048338793
5.25 9.625 265047.20853153325
5.75 9.625 0.0
6.25 9.625 0.0
6.75 9.625 0.0
7.25 9.625 0.0
7.75 9.625 0.0
8.25 9.625 0.0
8.75 9.625 0.0
0.25 9.875 1168748.4074131988
0.75 9.875 1131492.1872335784
1.25 9.875 1462194.2693167857
1.75 9.875 926591.0810428307
2.25 9.875 1252366.7107185018
2.75 9.875 974385.6768909752
3.25 9.875 717096.5314670112
3.75 9.875 417636.84594502015
4.25 9.875 358477.1891382689
4.75 9.875 356272.8563180669
5.25 9.875 130046.56016180037
5.75 9.875 37421.341756496404
6.25 9.875 0.0
6.75 9.875 0.0
7.25 9.875 0.0
7.75 9.875 0.0
8.25 9.875 0.0
8.75 9.875 0.0
0.25 10.125 1218359.3426513653
0.75 10.125 699454.9529365294
1.25 10.125 857410.7722731269
1.75 10.125 907676.7534491223
2.25 10.125 824964.2471509739
2.75 10.125 757695.6303016101
3.25 10.125 410649.43067867507
3.75 10.125 397079.266450102
4.25 10.125 270007.5776912804
4.75 10.125 219295.7578544551
5.25 10.125 39412.99337079956
5.75 10.125 22811.946029683095
6.25 10.125 0.0
6.75 10.125 0.0
7.25 10.125 0.0
7.75 10.125 0.0
8.25 10.125 0.0
8.75 10.125 0.0
0.25 10.375 945329.5022000634
0.75 10.375 1205981.5230783722
1.25 10.375 1297458.9214021624
1.75 10.375 674563.8331528052
2.25 10.375 688099.670217458
2.75 10.375 498037.9296201715
3.25 10.375 472356.32761364494
3.75 10.375 503089.62868747755
4.25 10.375 172504.04566909553
4.75 10.375 205364.70679895763
5.25 10.375 147868.75825479024
5.75 10.375 40510.301341039914
6.25 10.375 0.0
6.75 10.375 0.0
7.25 10.375 0.0
7.75 10.375 0.0
8.25 10.375 0.0
8.75 10.375 0.0
0.25 10.625 729169.0772727444
0.75 10.625 1168705.2490577719
1.25 10.625 850472.0330673122
1.75 10.625 724179.1531244125
2.25 10.625 661374.0266469473
2.75 10.625 482951.54293043807
3.25 10.625 544409.7533209419
3.75 10.625 210822.93059655168
4.25 10.625 260579.24769433364
4.75 10.625 178647.52034455558
5.25 10.625 32992.80679198578
5.75 10.625 0.0
6.25 10.625 0.0
6.75 10.625 0.0
7.25 10.625 0.0
7.75 10.625 0.0
8.25 10.625 0.0
8.75 10.625 0.0
0.25 10.875 546525.8853997509
0.75 10.875 491042.31856142136
1.25 10.875 536836.8935434895
1.75 10.875 330068.8102345378
2.25 10.875 689813.2102784154
2.75 10.875 488251.5289519039
3.25 10.875 673763.6745497537
3.75 10.875 525227.3582829187
4.25 10.875 179370.48709930616
4.75 10.875 80217.2261102422
5.25 10.875 76919.45668787922
5.75 10.875 0.0
6.25 10.875 0.0
6.75 10.875 0.0
7.25 10.875 0.0
7.75 10.875 0.0
8.25 10.875 0.0
8.75 10.875 0.0
0.25 11.125 607767.9833659818
0.75 11.125 945683.5468721815
1.25 11.125 830379.3401987475
1.75 11.125 766537.0234262493
2.25 11.125 403350.5832347299
2.75 11.125 428180.60896576487
3.25 11.125 189104.03244585352
3.75 11.125 167784.91139642172
4.25 11.125 183621.72017744678
4.75 11.125 36023.92774352067
5.25 11.125 69767.16854378414
5.75 11.125 0.0
6.25 11.125 28476.94655007375
6.75 11.125 0.0
7.25 11.125 0.0
7.75 11.125 0.0
8.25 11.125 0.0
8.75 11.125 0.0
0.25 11.375 738200.7754771658
0.75 11.375 368793.5206790831
1.25 11.375 546825.9822373724
1.75 11.375 448916.4085612927
2.25 11.375 432457.90466612583
2.75 11.375 386585.97625106433
3.25 11.375 270213.3221244143
3.75 11.375 242892.34906150558
4.25 11.375 137904.46070419735
4.75 11.375 31831.728244540074
5.25 11.375 68458.07521392981
5.75 11.375 34711.81626229148
6.25 11.375 0.0
6.75 11.375 0.0
7.25 11.375 0.0
7.75 11.375 0.0
8.25 11.375 0.0
8.75 11.375 0.0
0.25 11.625 553566.8544355957
0.75 11.625 576659.8936229552
1.25 11.625 289132.07534816134
1.75 11.625 434786.4065339894
2.25 11.625 473180.32787806494
2.75 11.625 453375.5907433521
3.25 11.625 142440.04510718395
3.75 11.625 305610.3307430405
4.25 11.625 262613.5314668217
4.75 11.625 0.0
5.25 11.625 42296.9415174789
5.75 11.625 0.0
6.25 11.625 0.0
6.75 11.625 0.0
7.25 11.625 0.0
7.75 11.625 0.0
8.25 11.625 0.0
8.75 11.625 0.0
0.25 11.875 261688.46088943077
0.75 11.875 428587.0937601813
1.25 11.875 840393.517559048
1.75 11.875 519823.3532757624
2.25 11.875 436147.157191766
2.75 11.875 226432.20447374662
3.25 11.875 269813.7531888446
3.75 11.875 191033.94541918873
4.25 11.875 276654.0561001372
4.75 11.875 0.0
5.25 11.875 43947.15569149949
5.75 11.875 0.0
6.25 11.875 0.0
6.75 11.875 0.0
7.25 11.875 0.0
7.75 11.875 0.0
8.25 11.875 0.0
8.75 11.875 0.0
0.25 12.125 474205.74122643704
0.75 12.125 508123.59302345564
1.25 12.125 448248.2676705136
1.75 12.125 534769.1756585607
2.25 12.125 373773.14550352545
2.75 12.125 395611.46943411673
3.25 12.125 114103.02154701241
3.75 12.125 418046.30202952947
4.25 12.125 160527.80199775053
4.75 12.125 43802.54065607049
5.25 12.125 95420.39535906671
5.75 12.125 54425.97778665533
6.25 12.125 0.0
6.75 12.125 0.0
7.25 12.125 0.0
7.75 12.125 0.0
8.25 12.125 0.0
8.75 12.125 0.0
0.25 12.375 340420.5700336957
0.75 12.375 338084.5317367933
1.25 12.375 456707.9453650838
1.75 12.375 380691.48864286614
2.25 12.375 181469.63859059958
2.75 12.375 360524.96466276003
3.25 12.375 260504.38935411704
3.75 12.375 66324.97325492886
4.25 12.375 51156.91696510845
4.75 12.375 78557.86913567233
5.25 12.375 47764.043618393465
5.75 12.375 0.0
6.25 12.375 0.0
6.75 12.375 0.0
7.25 12.375 0.0
7.75 12.375 0.0
8.25 12.375 0.0
8.75 12.375 0.0
0.25 12.625 426333.0456888271
0.75 12.625 417958.3216710476
1.25 12.625 432340.91890031175
1.75 12.625 98021.34279013361
2.25 12.625 287494.9447590535
2.75 12.625 78584.00148780551
3.25 12.625 100435.93138554948
3.75 12.625 29650.82240606126
4.25 12.625 151296.87181131815
4.75 12.625 18515.70452314334
5.25 12.625 0.0
5.75 12.625 0.0
6.25 12.625 0.0
6.75 12.625 0.0
7.25 12.625 0.0
7.75 12.625 0.0
8.25 12.625 0.0
8.75 12.625 0.0
0.25 12.875 388860.55178474775
0.75 12.875 275460.55941231415
1.25 12.875 297699.67698312586
1.75 12.875 293498.1826541385
2.25 12.875 269644.7651697182
2.75 12.875 210905.14561894035
3.25 12.875 333437.0486580493
3.75 12.875 91033.0188335101
4.25 12.875 49939.2397172365
4.75 12.875 137006.78132086
5.25 12.875 0.0
5.75 12.875 0.0
6.25 12.875 0.0
6.75 12.875 0.0
7.25 12.875 0.0
7.75 12.875 0.0
8.25 12.875 0.0
8.75 12.875 0.0
0.25 13.125 501890.6942684058
0.75 13.125 336149.85068204155
1.25 13.125 424447.83445459814
1.75 13.125 238015.51979346605
2.25 13.125 250070.05288066587
2.75 13.125 405857.27426574315
3.25 13.125 192605.46067321443
3.75 13.125 171438.78831359898
4.25 13.125 99524.35730415086
4.75 13.125 34045.441482851995
5.25 13.125 29269.592115554784
5.75 13.125 0.0
6.25 13.125 0.0
6.75 13.125 0.0
7.25 13.125 0.0
7.75 13.125 0.0
8.25 13.125 0.0
8.75 13.125 0.0
0.25 13.375 418154.73364835617
0.75 13.375 371658.05403569445
1.25 13.375 74798.58877080941
1.75 13.375 194922.24029778992
2.25 13.375 125369.69764764492
2.75 13.375 230304.95599821254
3.25 13.375 202557.70722187374
3.75 13.375 121879.41400955715
4.25 13.375 81792.08142485391
4.75 13.375 0.0
5.25 13.375 27422.826048871408
5.75 13.375 0.0
6.25 13.375 0.0
6.75 13.375 0.0
7.25 13.375 0.0
7.75 13.375 0.0
8.25 13.375 0.0
8.75 13.375 0.0
0.25 13.625 183949.32034421308
0.75 13.625 230273.793179682
1.25 13.625 0.0
1.75 13.625 87742.37842016593
2.25 13.625 438716.37300269306
2.75 13.625 103980.43256293591
3.25 13.625 126578.66230647944
3.75 13.625 0.0
4.25 13.625 149619.40985689228
4.75 13.625 106761.07899203892
5.25 13.625 21603.833604288156
5.75 13.625 0.0
6.25 13.625 0.0
6.75 13.625 0.0
7.25 13.625 0.0
7.75 13.625 0.0
8.25 13.625 0.0
8.75 13.625 0.0
0.25 13.875 143677.72032165693
0.75 13.875 196410.01675307887
1.25 13.875 218413.967540861
1.75 13.875 425026.36051896587
2.25 13.875 153452.918811186
2.75 13.875 208419.78431962707
3.25 13.875 131564.26491680226
3.75 13.875 254578.54567892037
4.25 13.875 119958.8252813732
4.75 13.875 53461.76388479267
5.25 13.875 34475.45135580888
5.75 13.875 0.0
6.25 13.875 0.0
6.75 13.875 0.0
7.25 13.875 0.0
7.75 13.875 0.0
8.25 13.875 0.0
8.75 13.875 0.0
0.25 14.125 70111.11707385254
0.75 14.125 170184.12400610538
1.25 14.125 304071.2313237652
1.75 14.125 402795.73574653576
2.25 14.125 206287.67281578062
2.75 14.125 221896.37675027593
3.25 14.125 72281.94036105504
3.75 14.125 35040.31236710244
4.25 14.125 42088.32336747036
4.75 14.125 35720.638379070464
5.25 14.125 0.0
5.75 14.125 0.0
6.25 14.125 0.0
6.75 14.125 0.0
7.25 14.125 0.0
7.75 14.125 0.0
8.25 14.125 0.0
8.75 14.125 0.0
0.25 14.375 241872.80175865314
0.75 14.375 198388.19067414672
1.25 14.375 268055.2150759831
1.75 14.375 95752.59048068618
2.25 14.375 66092.39807345258
2.75 14.375 215987.3001537409
3.25 14.375 78553.03169216502
3.75 14.375 79709.0589709026
4.25 14.375 0.0
4.75 14.375 41128.695133216854
5.25 14.375 0.0
5.75 14.375 0.0
6.25 14.375 0.0
6.75 14.375 0.0
7.25 14.375 0.0
7.75 14.375 0.0
8.25 14.375 0.0
8.75 14.375 0.0
0.25 14.625 164541.73646992995
0.75 14.625 318032.4019383014
1.25 14.625 307459.8697698596
1.75 14.625 81802.32575948858
2.25 14.625 185576.69737456128
2.75 14.625 48111.96178741663
3.25 14.625 161157.86834657186
3.75 14.625 43837.041728107244
4.25 14.625 54359.69597581067
4.75 14.625 47238.03055764156
5.25 14.625 0.0
5.75 14.625 0.0
6.25 14.625 0.0
6.75 14.625 0.0
7.25 14.625 0.0
7.75 14.625 0.0
8.25 14.625 0.0
8.75 14.625 0.0
0.25 14.875 175897.49328977804
0.75 14.875 267139.4039078123
1.25 14.875 118239.02072484905
1.75 14.875 109343.9366556496
2.25 14.875 57437.68857818893
2.75 14.875 0.0
3.25 14.875 200933.57237028558
3.75 14.875 39002.284280118736
4.25 14.875 80060.20567464041
4.75 14.875 43612.62942142636
5.25 14.875 0.0
5.75 14.875 0.0
6.25 14.875 0.0
6.75 14.875 0.0
7.25 14.875 0.0
7.75 14.875 0.0
8.25 14.875 0.0
8.75 14.875 0.0
0.25 15.125 84314.33559680592
0.75 15.125 885204.6063553048
1.25 15.125 308322.29428096587
1.75 15.125 126767.9730357604
2.25 15.125 129547.17850475703
2.75 15.125 87258.7843971861
3.25 15.125 43489.80500002454
3.75 15.125 43489.80500002454
4.25 15.125 29383.300828380194
4.75 15.125 0.0
5.25 15.125 0.0
5.75 15.125 0.0
6.25 15.125 0.0
6.75 15.125 0.0
7.25 15.125 0.0
7.75 15.125 0.0
8.25 15.125 0.0
8.75 15.125 0.0
0.25 15.375 128345.73832574442
0.75 15.375 244307.43468234478
1.25 15.375 198760.5807932601
1.75 15.375 121136.35098852275
2.25 15.375 292519.7529383823
2.75 15.375 42990.647257987286
3.25 15.375 87978.04863585606
3.75 15.375 0.0
4.25 15.375 25784.01425851648
4.75 15.375 0.0
5.25 15.375 0.0
5.75 15.375 0.0
6.25 15.375 0.0
6.75 15.375 0.0
7.25 15.375 0.0
7.75 15.375 0.0
8.25 15.375 0.0
8.75 15.375 0.0
0.25 15.625 38663.34154675493
0.75 15.625 118631.15142578825
1.25 15.625 238724.66574427704
1.75 15.625 204437.53396498153
2.25 15.625 229140.70957772646
2.75 15.625 66879.17450241605
3.25 15.625 123739.02617606982
3.75 15.625 52177.73108677716
4.25 15.625 104635.53464123559
4.75 15.625 0.0
5.25 15.625 0.0
5.75 15.625 0.0
6.25 15.625 0.0
6.75 15.625 0.0
7.25 15.625 0.0
7.75 15.625 0.0
8.25 15.625 0.0
8.75 15.625 0.0
0.25 15.875 77337.14811589231
0.75 15.875 31319.76464190224
1.25 15.875 35713.2148959502
1.75 15.875 36204.14737596861
2.25 15.875 95778.9163900099
2.75 15.875 55854.722183002414
3.25 15.875 181551.5405666933
3.75 15.875 25056.385036693544
4.25 15.875 0.0
4.75 15.875 39682.191046265114
5.25 15.875 0.0
5.75 15.875 0.0
6.25 15.875 0.0
6.75 15.875 0.0
7.25 15.875 0.0
7.75 15.875 0.0
8.25 15.875 0.0
8.75 15.875 0.0
0.25 16.125 242560.62443923735
0.75 16.125 77254.26281950297
1.25 16.125 116570.83473286271
1.75 16.125 386029.7190309559
2.25 16.125 0.0
2.75 16.125 0.0
3.25 16.125 48774.0129816853
3.75 16.125 79197.0501319855
4.25 16.125 0.0
4.75 16.125 0.0
5.25 16.125 0.0
5.75 16.125 0.0
6.25 16.125 0.0
6.75 16.125 0.0
7.25 16.125 0.0
7.75 16.125 0.0
8.25 16.125 0.0
8.75 16.125 0.0
0.25 16.375 77516.55014241525
0.75 16.375 89909.25850464015
1.25 16.375 40754.70752089488
1.75 16.375 0.0
2.25 16.375 146463.7598322255
2.75 16.375 0.0
3.25 16.375 93458.80541689173
3.75 16.375 63979.148983456864
4.25 16.375 65452.96324307453
4.75 16.375 36005.147308029686
5.25 16.375 0.0
5.75 16.375 0.0
6.25 16.375 0.0
6.75 16.375 0.0
7.25 16.375 0.0
7.75 16.375 0.0
8.25 16.375 0.0
8.75 16.375 0.0
0.25 16.625 111131.15110631457
0.75 16.625 143549.56515057178
1.25 16.625 36929.09901639834
1.75 16.625 103610.65504968968
2.25 16.625 38778.92943014284
2.75 16.625 0.0
3.25 16.625 32093.044427317003
3.75 16.625 0.0
4.25 16.625 51853.34219259582
4.75 16.625 0.0
5.25 16.625 0.0
5.75 16.625 0.0
6.25 16.625 0.0
6.75 16.625 0.0
7.25 16.625 0.0
7.75 16.625 0.0
8.25 16.625 0.0
8.75 16.625 0.0
0.25 16.875 244076.83456998703
0.75 16.875 82207.86896766968
1.25 16.875 83529.00521987585
1.75 16.875 170041.88804081254
2.25 16.875 48061.65550940783
2.75 16.875 90922.77995919286
3.25 16.875 51845.03161773479
3.75 16.875 37032.78595847794
4.25 16.875 26436.898302886937
4.75 16.875 0.0
5.25 16.875 0.0
5.75 16.875 0.0
6.25 16.875 0.0
6.75 16.875 0.0
7.25 16.875 0.0
7.75 16.875 0.0
8.25 16.875 0.0
8.75 16.875 0.0
0.25 17.125 0.0
0.75 17.125 94631.1633442192
1.25 17.125 209306.9329458929
1.75 17.125 70254.26462360125
2.25 17.125 59436.83369330923
2.75 17.125 142359.5445009902
3.25 17.125 48893.66008475163
3.75 17.125 92174.64779248984
4.25 17.125 35268.35193059024
4.75 17.125 0.0
5.25 17.125 0.0
5.75 17.125 0.0
6.25 17.125 0.0
6.75 17.125 0.0
7.25 17.125 0.0
7.75 17.125 0.0
8.25 17.125 0.0
8.75 17.125 0.0
0.25 17.375 82248.0177911005
0.75 17.375 221816.1854492537
1.25 17.375 77206.03279056579
1.75 17.375 54713.33930749304
2.25 17.375 47734.32459393909
2.75 17.375 0.0
3.25 17.375 144677.57797045467
3.75 17.375 0.0
4.25 17.375 0.0
4.75 17.375 0.0
5.25 17.375 0.0
5.75 17.375 0.0
6.25 17.375 0.0
6.75 17.375 0.0
7.25 17.375 0.0
7.75 17.375 0.0
8.25 17.375 0.0
8.75 17.375 0.0
0.25 17.625 253064.37587312833
0.75 17.625 68029.26786322289
1.25 17.625 88303.89563418737
1.75 17.625 35310.94013046749
2.25 17.625 0.0
2.75 17.625 127931.82547944182
3.25 17.625 0.0
3.75 17.625 51866.62203637514
4.25 17.625 0.0
4.75 17.625 0.0
5.25 17.625 0.0
5.75 17.625 0.0
6.25 17.625 0.0
6.75 17.625 0.0
7.25 17.625 0.0
7.75 17.625 0.0
8.25 17.625 0.0
8.75 17.625 0.0
0.25 17.875 0.0
0.75 17.875 153707.2438583579
1.25 17.875 120374.19306298364
1.75 17.875 34029.66155366247
2.25 17.875 0.0
2.75 17.875 165085.03366714288
3.25 17.875 0.0
3.75 17.875 0.0
4.25 17.875 43489.80500002454
4.75 17.875 0.0
5.25 17.875 0.0
5.75 17.875 0.0
6.25 17.875 0.0
6.75 17.875 0.0
7.25 17.875 0.0
7.75 17.875 0.0
8.25 17.875 0.0
8.75 17.875 0.0
0.25 18.125 0.0
0.75 18.125 116546.44069280142
1.25 18.125 129532.30191818811
1.75 18.125 48779.20739299314
2.25 18.125 67808.88044312694
2.75 18.125 35224.069127843126
3.25 18.125 55776.43024406018
3.75 18.125 42962.178747962505
4.25 18.125 0.0
4.75 18.125 0.0
5.25 18.125 0.0
5.75 18.125 0.0
6.25 18.125 0.0
6.75 18.125 0.0
7.25 18.125 0.0
7.75 18.125 0.0
8.25 18.125 0.0
8.75 18.125 0.0
0.25 18.375 93568.22594734139
0.75 18.375 36666.52831436956
1.25 18.375 0.0
1.75 18.375 0.0
2.25 18.375 0.0
2.75 18.375 0.0
3.25 18.375 74096.05355210807
3.75 18.375 0.0
4.25 18.375 37762.388099262265
4.75 18.375 0.0
5.25 18.375 0.0
5.75 18.375 0.0
6.25 18.375 0.0
6.75 18.375 0.0
7.25 18.375 0.0
7.75 18.375 0.0
8.25 18.375 0.0
8.75 18.375 0.0
0.25 18.625 0.0
0.75 18.625 79183.74813931933
1.25 18.625 79284.17966892535
1.75 18.625 53530.89824018123
2.25 18.625 0.0
2.75 18.625 0.0
3.25 18.625 0.0
3.75 18.625 0.0
4.25 18.625 0.0
4.75 18.625 0.0
5.25 18.625 0.0
5.75 18.625 0.0
6.25 18.625 0.0
6.75 18.625 0.0
7.25 18.625 0.0
7.75 18.625 0.0
8.25 18.625 0.0
8.75 18.625 0.0
0.25 18.875 244717.5430679972
0.75 18.875 93475.76568805944
1.25 18.875 241898.37965648534
1.75 18.875 51722.16529027347
2.25 18.875 175669.03491488477
2.75 18.875 0.0
3.25 18.875 48038.49794872719
3.75 18.875 44974.1696451048
4.25 18.875 91175.37331983597
4.75 18.875 0.0
5.25 18.875 0.0
5.75 18.875 0.0
6.25 18.875 0.0
6.75 18.875 0.0
7.25 18.875 0.0
7.75 18.875 0.0
8.25 18.875 0.0
8.75 18.875 0.0
0.25 19.125 61388.127434962094
0.75 19.125 72809.56999647511
1.25 19.125 68311.8401048307
1.75 19.125 42372.73889835448
2.25 19.125 39116.10431267136
2.75 19.125 0.0
3.25 19.125 0.0
3.75 19.125 83749.740814063
4.25 19.125 0.0
4.75 19.125 70205.2170019369
5.25 19.125 0.0
5.75 19.125 0.0
6.25 19.125 0.0
6.75 19.125 0.0
7.25 19.125 0.0
7.75 19.125 0.0
8.25 19.125 0.0
8.75 19.125 0.0
0.25 19.375 65681.05115042411
0.75 19.375 38762.70422391615
1.25 19.375 75218.94789655777
1.75 19.375 0.0
2.25 19.375 31584.622712074455
2.75 19.375 62057.85630284368
3.25 19.375 57687.842732151614
3.75 19.375 0.0
4.25 19.375 87244.6709805217
4.75 19.375 0.0
5.25 19.375 0.0
5.75 19.375 0.0
6.25 19.375 0.0
6.75 19.375 0.0
7.25 19.375 0.0
7.75 19.375 0.0
8.25 19.375 0.0
8.75 19.375 0.0
0.25 19.625 94310.47165124616
0.75 19.625 105329.41416424836
1.25 19.625 0.0
1.75 19.625 0.0
2.25 19.625 18674.3575594144
2.75 19.625 0.0
3.25 19.625 48539.54956253944
3.75 19.625 0.0
4.25 19.625 33179.32425529933
4.75 19.625 0.0
5.25 19.625 0.0
5.75 19.625 0.0
6.25 19.625 0.0
6.75 19.625 0.0
7.25 19.625 0.0
7.75 19.625 0.0
8.25 19.625 0.0
8.75 19.625 0.0
0.25 19.875 76562.9217646953
0.75 19.875 68898.00716408041
1.25 19.875 73436.45192453092
1.75 19.875 0.0
2.25 19.875 43489.80500002454
2.75 19.875 0.0
3.25 19.875 0.0
3.75 19.875 46569.11084820489
4.25 19.875 0.0
4.75 19.875 35185.09813271961
5.25 19.875 0.0
5.75 19.875 0.0
6.25 19.875 0.0
6.75 19.875 0.0
7.25 19.875 0.0
7.75 19.875 0.0
8.25 19.875 0.0
8.75 19.875 0.0
0.25 20.125 75093.7888475005
0.75 20.125 39905.841687726046
1.25 20.125 121868.00736292823
1.75 20.125 89447.2133495257
2.25 20.125 75755.18152042713
2.75 20.125 52766.07324646772
3.25 20.125 50049.67470461082
3.75 20.125 0.0
4.25 20.125 0.0
4.75 20.125 38510.598430063365
5.25 20.125 0.0
5.75 20.125 0.0
6.25 20.125 0.0
6.75 20.125 0.0
7.25 20.125 0.0
7.75 20.125 0.0
8.25 20.125 0.0
8.75 20.125 0.0
0.25 20.375 42043.66778731194
0.75 20.375 81304.90716966317
1.25 20.375 16557.84566352691
1.75 20.375 0.0
2.25 20.375 0.0
2.75 20.375 72222.75227134189
3.25 20.375 0.0
3.75 20.375 0.0
4.25 20.375 0.0
4.75 20.375 0.0
5.25 20.375 0.0
5.75 20.375 0.0
6.25 20.375 0.0
6.75 20.375 0.0
7.25 20.375 0.0
7.75 20.375 0.0
8.25 20.375 0.0
8.75 20.375 0.0
0.25 20.625 0.0
0.75 20.625 0.0
1.25 20.625 0.0
1.75 20.625 0.0
2.25 20.625 51476.58432553538
2.75 20.625 0.0
3.25 20.625 0.0
3.75 20.625 0.0
4.25 20.625 0.0
4.75 20.625 0.0
5.25 20.625 0.0
5.75 20.625 0.0
6.25 20.625 0.0
6.75 20.625 0.0
7.25 20.625 0.0
7.75 20.625 0.0
8.25 20.625 0.0
8.75 20.625 0.0
0.25 20.875 0.0
0.75 20.875 43489.80500002454
1.25 20.875 60138.380428836754
1.75 20.875 0.0
2.25 20.875 157649.42418869564
2.75 20.875 0.0
3.25 20.875 0.0
3.75 20.875 0.0
4.25 20.875 0.0
4.75 20.875 0.0
5.25 20.875 0.0
5.75 20.875 0.0
6.25 20.875 0.0
6.75 20.875 0.0
7.25 20.875 0.0
7.75 20.875 0.0
8.25 20.875 0.0
8.75 20.875 0.0
0.25 21.125 0.0
0.75 21.125 23719.229987934847
1.25 21.125 0.0
1.75 21.125 0.0
2.25 21.125 43489.80500002454
2.75 21.125 0.0
3.25 21.125 32411.92236994654
3.75 21.125 0.0
4.25 21.125 0.0
4.75 21.125 0.0
5.25 21.125 0.0
5.75 21.125 0.0
6.25 21.125 0.0
6.75 21.125 0.0
7.25 21.125 0.0
7.75 21.125 0.0
8.25 21.125 0.0
8.75 21.125 0.0
0.25 21.375 43489.80500002454
0.75 21.375 0.0
1.25 21.375 0.0
1.75 21.375 0.0
2.25 21.375 0.0
2.75 21.375 0.0
3.25 21.375 0.0
3.75 21.375 0.0
4.25 21.375 0.0
4.75 21.375 0.0
5.25 21.375 0.0
5.75 21.375 0.0
6.25 21.375 0.0
6.75 21.375 0.0
7.25 21.375 0.0
7.75 21.375 0.0
8.25 21.375 0.0
8.75 21.375 0.0
0.25 21.625 0.0
0.75 21.625 0.0
1.25 21.625 0.0
1.75 21.625 131638.56512585608
2.25 21.625 65018.55083925819
2.75 21.625 59494.36705778413
3.25 21.625 0.0
3.75 21.625 65589.66879333327
4.25 21.625 0.0
4.75 21.625 0.0
5.25 21.625 0.0
5.75 21.625 0.0
6.25 21.625 0.0
6.75 21.625 0.0
7.25 21.625 0.0
7.75 21.625 0.0
8.25 21.625 0.0
8.75 21.625 0.0
0.25 21.875 39128.412964268886
0.75 21.875 0.0
1.25 21.875 0.0
1.75 21.875 70371.70627047145
2.25 21.875 43489.80500002454
2.75 21.875 0.0
3.25 21.875 39103.002582062305
3.75 21.875 18926.78400267977
4.25 21.875 0.0
4.75 21.875 0.0
5.25 21.875 0.0
5.75 21.875 0.0
6.25 21.875 0.0
6.75 21.875 0.0
7.25 21.875 0.0
7.75 21.875 0.0
8.25 21.875 0.0
8.75 21.875 0.0
0.25 22.125 0.0
0.75 22.125 0.0
1.25 22.125 0.0
1.75 22.125 0.0
2.25 22.125 0.0
2.75 22.125 61497.22418586226
3.25 22.125 0.0
3.75 22.125 0.0
4.25 22.125 30460.646643420336
4.75 22.125 0.0
5.25 22.125 0.0
5.75 22.125 0.0
6.25 22.125 0.0
6.75 22.125 0.0
7.25 22.125 0.0
7.75 22.125 0.0
8.25 22.125 0.0
8.75 22.125 0.0
0.25 22.375 0.0
0.75 22.375 36757.84128271604
1.25 22.375 0.0
1.75 22.375 0.0
2.25 22.375 59711.84301539381
2.75 22.375 0.0
3.25 22.375 0.0
3.75 22.375 0.0
4.25 22.375 0.0
4.75 22.375 0.0
5.25 22.375 0.0
5.75 22.375 0.0
6.25 22.375 0.0
6.75 22.375 0.0
7.25 22.375 0.0
7.75 22.375 0.0
8.25 22.375 0.0
8.75 22.375 0.0
0.25 22.625 19985.97766191177
0.75 22.625 0.0
1.25 22.625 0.0
1.75 22.625 0.0
2.25 22.625 0.0
2.75 22.625 39885.15770746939
3.25 22.625 0.0
3.75 22.625 52616.39332226336
4.25 22.625 47783.29640348371
4.75 22.625 55393.09996930167
5.25 22.625 0.0
5.75 22.625 0.0
6.25 22.625 0.0
6.75 22.625 0.0
7.25 22.625 0.0
7.75 22.625 0.0
8.25 22.625 0.0
8.75 22.625 0.0
0.25 22.875 0.0
0.75 22.875 43489.80500002454
1.25 22.875 39456.29383538317
1.75 22.875 0.0
2.25 22.875 0.0
2.75 22.875 0.0
3.25 22.875 0.0
3.75 22.875 0.0
4.25 22.875 0.0
4.75 22.875 0.0
5.25 22.875 0.0
5.75 22.875 0.0
6.25 22.875 0.0
6.75 22.875 0.0
7.25 22.875 0.0
7.75 22.875 0.0
8.25 22.875 0.0
8.75 22.875 0.0
0.25 23.125 80835.58594074096
0.75 23.125 43489.80500002454
1.25 23.125 0.0
1.75 23.125 0.0
2.25 23.125 0.0
2.75 23.125 0.0
3.25 23.125 0.0
3.75 23.125 0.0
4.25 23.125 0.0
4.75 23.125 0.0
5.25 23.125 0.0
5.75 23.125 0.0
6.25 23.125 0.0
6.75 23.125 0.0
7.25 23.125 0.0
7.75 23.125 0.0
8.25 23.125 0.0
8.75 23.125 0.0
0.25 23.375 0.0
0.75 23.375 0.0
1.25 23.375 0.0
1.75 23.375 44197.24736140007
2.25 23.375 160192.67192856688
2.75 23.375 0.0
3.25 23.375 0.0
3.75 23.375 0.0
4.25 23.375 0.0
4.75 23.375 0.0
5.25 23.375 0.0
5.75 23.375 0.0
6.25 23.375 0.0
6.75 23.375 0.0
7.25 23.375 0.0
7.75 23.375 0.0
8.25 23.375 0.0
8.75 23.375 0.0
0.25 23.625 36542.42694575503
0.75 23.625 0.0
1.25 23.625 0.0
1.75 23.625 133869.18756283514
2.25 23.625 0.0
2.75 23.625 0.0
3.25 23.625 0.0
3.75 23.625 0.0
4.25 23.625 0.0
4.75 23.625 0.0
5.25 23.625 0.0
5.75 23.625 0.0
6.25 23.625 0.0
6.75 23.625 0.0
7.25 23.625 0.0
7.75 23.625 0.0
8.25 23.625 0.0
8.75 23.625 0.0
0.25 23.875 0.0
0.75 23.875 0.0
1.25 23.875 43489.80500002454
1.75 23.875 120790.16659206811
2.25 23.875 0.0
2.75 23.875 0.0
3.25 23.875 0.0
3.75 23.875 0.0
4.25 23.875 0.0
4.75 23.875 0.0
5.25 23.875 0.0
5.75 23.875 0.0
6.25 23.875 0.0
6.75 23.875 0.0
7.25 23.875 0.0
7.75 23.875 0.0
8.25 23.875 0.0
8.75 23.875 0.0
0.25 24.125 48700.35318835278
0.75 24.125 0.0
1.25 24.125 0.0
1.75 24.125 0.0
2.25 24.125 0.0
2.75 24.125 0.0
3.25 24.125 0.0
3.75 24.125 0.0
4.25 24.125 0.0
4.75 24.125 0.0
5.25 24.125 0.0
5.75 24.125 0.0
6.25 24.125 0.0
6.75 24.125 0.0
7.25 24.125 0.0
7.75 24.125 0.0
8.25 24.125 0.0
8.75 24.125 0.0
0.25 24.375 64195.615965808865
0.75 24.375 0.0
1.25 24.375 43489.80500002454
1.75 24.375 0.0
2.25 24.375 0.0
2.75 24.375 0.0
3.25 24.375 0.0
3.75 24.375 0.0
4.25 24.375 0.0
4.75 24.375 0.0
5.25 24.375 0.0
5.75 24.375 0.0
6.25 24.375 0.0
6.75 24.375 0.0
7.25 24.375 0.0
7.75 24.375 0.0
8.25 24.375 0.0
8.75 24.375 0.0
0.25 24.625 43489.80500002454
0.75 24.625 0.0
1.25 24.625 0.0
1.75 24.625 0.0
2.25 24.625 0.0
2.75 24.625 56927.68009702535
3.25 24.625 43489.80500002454
3.75 24.625 0.0
4.25 24.625 0.0
4.75 24.625 0.0
5.25 24.625 0.0
5.75 24.625 0.0
6.25 24.625 0.0
6.75 24.625 0.0
7.25 24.625 0.0
7.75 24.625 0.0
8.25 24.625 0.0
8.75 24.625 0.0
0.25 24.875 27917.094161983776
0.75 24.875 43489.80500002454
1.25 24.875 43489.80500002454
1.75 24.875 26864.51327441226
2.25 24.875 0.0
2.75 24.875 0.0
3.25 24.875 0.0
3.75 24.875 0.0
4.25 24.875 0.0
4.75 24.875 0.0
5.25 24.875 0.0
5.75 24.875 0.0
6.25 24.875 0.0
6.75 24.875 0.0
7.25 24.875 0.0
7.75 24.875 0.0
8.25 24.875 0.0
8.75 24.875 0.0
0.25 25.125 0.0
0.75 25.125 0.0
1.25 25.125 40605.58994617234
1.75 25.125 0.0
2.25 25.125 43489.80500002454
2.75 25.125 0.0
3.25 25.125 0.0
3.75 25.125 0.0
4.25 25.125 0.0
4.75 25.125 0.0
5.25 25.125 0.0
5.75 25.125 0.0
6.25 25.125 0.0
6.75 25.125 0.0
7.25 25.125 0.0
7.75 25.125 0.0
8.25 25.125 0.0
8.75 25.125 0.0
0.25 25.375 43473.81778091152
0.75 25.375 0.0
1.25 25.375 95285.03477081216
1.75 25.375 77291.31716495218
2.25 25.375 0.0
2.75 25.375 0.0
3.25 25.375 0.0
3.75 25.375 0.0
4.25 25.375 0.0
4.75 25.375 0.0
5.25 25.375 0.0
5.75 25.375 0.0
6.25 25.375 0.0
6.75 25.375 0.0
7.25 25.375 0.0
7.75 25.375 0.0
8.25 25.375 0.0
8.75 25.375 0.0
0.25 25.625 0.0
0.75 25.625 40551.912018435956
1.25 25.625 0.0
1.75 25.625 0.0
2.25 25.625 0.0
2.75 25.625 0.0
3.25 25.625 0.0
3.75 25.625 0.0
4.25 25.625 0.0
4.75 25.625 0.0
5.25 25.625 0.0
5.75 25.625 0.0
6.25 25.625 0.0
6.75 25.625 0.0
7.25 25.625 0.0
7.75 25.625 0.0
8.25 25.625 0.0
8.75 25.625 0.0
0.25 25.875 45502.107433094214
0.75 25.875 68803.4968364984
1.25 25.875 0.0
1.75 25.875 0.0
2.25 25.875 0.0
2.75 25.875 0.0
3.25 25.875 0.0
3.75 25.875 0.0
4.25 25.875 0.0
4.75 25.875 0.0
5.25 25.875 0.0
5.75 25.875 0.0
6.25 25.875 0.0
6.75 25.875 0.0
7.25 25.875 0.0
7.75 25.875 0.0
8.25 25.875 0.0
8.75 25.875 0.0
0.25 26.125 0.0
0.75 26.125 0.0
1.25 26.125 0.0
1.75 26.125 48671.94988019578
2.25 26.125 52417.16574396506
2.75 26.125 0.0
3.25 26.125 0.0
3.75 26.125 0.0
4.25 26.125 0.0
4.75 26.125 0.0
5.25 26.125 0.0
5.75 26.125 0.0
6.25 26.125 0.0
6.75 26.125 0.0
7.25 26.125 0.0
7.75 26.125 0.0
8.25 26.125 0.0
8.75 26.125 0.0
0.25 26.375 0.0
0.75 26.375 0.0
1.25 26.375 0.0
1.75 26.375 0.0
2.25 26.375 0.0
2.75 26.375 0.0
3.25 26.375 0.0
3.75 26.375 0.0
4.25 26.375 0.0
4.75 26.375 0.0
5.25 26.375 0.0
5.75 26.375 0.0
6.25 26.375 0.0
6.75 26.375 0.0
7.25 26.375 0.0
7.75 26.375 0.0
8.25 26.375 0.0
8.75 26.375 0.0
0.25 26.625 0.0
0.75 26.625 94156.32747539225
1.25 26.625 128953.89715436213
1.75 26.625 28993.203333431495
2.25 26.625 0.0
2.75 26.625 0.0
3.25 26.625 0.0
3.75 26.625 0.0
4.25 26.625 0.0
4.75 26.625 0.0
5.25 26.625 0.0
5.75 26.625 0.0
6.25 26.625 0.0
6.75 26.625 0.0
7.25 26.625 0.0
7.75 26.625 0.0
8.25 26.625 0.0
8.75 26.625 0.0
0.25 26.875 0.0
0.75 26.875 49224.953608414056
1.25 26.875 0.0
1.75 26.875 0.0
2.25 26.875 0.0
2.75 26.875 0.0
3.25 26.875 0.0
3.75 26.875 0.0
4.25 26.875 0.0
4.75 26.875 0.0
5.25 26.875 0.0
5.75 26.875 0.0
6.25 26.875 0.0
6.75 26.875 0.0
7.25 26.875 0.0
7.75 26.875 0.0
8.25 26.875 0.0
8.75 26.875 0.0
0.25 27.125 0.0
0.75 27.125 125111.65792007065
1.25 27.125 0.0
1.75 27.125 0.0
2.25 27.125 0.0
2.75 27.125 0.0
3.25 27.125 0.0
3.75 27.125 0.0
4.25 27.125 0.0
4.75 27.125 0.0
5.25 27.125 0.0
5.75 27.125 0.0
6.25 27.125 0.0
6.75 27.125 0.0
7.25 27.125 0.0
7.75 27.125 0.0
8.25 27.125 0.0
8.75 27.125 0.0
0.25 27.375 42079.64547999071
0.75 27.375 0.0
1.25 27.375 61501.659104258375
1.75 27.375 0.0
2.25 27.375 0.0
2.75 27.375 0.0
3.25 27.375 0.0
3.75 27.375 68204.45841761467
4.25 27.375 0.0
4.75 27.375 0.0
5.25 27.375 0.0
5.75 27.375 0.0
6.25 27.375 0.0
6.75 27.375 0.0
7.25 27.375 0.0
7.75 27.375 0.0
8.25 27.375 0.0
8.75 27.375 0.0
0.25 27.625 0.0
0.75 27.625 0.0
1.25 27.625 0.0
1.75 27.625 0.0
2.25 27.625 0.0
2.75 27.625 0.0
3.25 27.625 0.0
3.75 27.625 0.0
4.25 27.625 0.0
4.75 27.625 0.0
5.25 27.625 0.0
5.75 27.625 0.0
6.25 27.625 0.0
6.75 27.625 0.0
7.25 27.625 0.0
7.75 27.625 0.0
8.25 27.625 0.0
8.75 27.625 0.0
0.25 27.875 0.0
0.75 27.875 0.0
1.25 27.875 0.0
1.75 27.875 0.0
2.25 27.875 0.0
2.75 27.875 0.0
3.25 27.875 0.0
3.75 27.875 0.0
4.25 27.875 0.0
4.75 27.875 0.0
5.25 27.875 0.0
5.75 27.875 0.0
6.25 27.875 0.0
6.75 27.875 0.0
7.25 27.875 0.0
7.75 27.875 0.0
8.25 27.875 0.0
8.75 27.875 0.0
0.25 28.125 43489.80500002454
0.75 28.125 0.0
1.25 28.125 0.0
1.75 28.125 33460.17419104469
2.25 28.125 0.0
2.75 28.125 0.0
3.25 28.125 0.0
3.75 28.125 0.0
4.25 28.125 0.0
4.75 28.125 0.0
5.25 28.125 0.0
5.75 28.125 0.0
6.25 28.125 0.0
6.75 28.125 0.0
7.25 28.125 0.0
7.75 28.125 0.0
8.25 28.125 0.0
8.75 28.125 0.0
0.25 28.375 43489.80500002454
0.75 28.375 40014.98664515647
1.25 28.375 0.0
1.75 28.375 0.0
2.25 28.375 0.0
2.75 28.375 0.0
3.25 28.375 0.0
3.75 28.375 43489.80500002454
4.25 28.375 0.0
4.75 28.375 0.0
5.25 28.375 0.0
5.75 28.375 0.0
6.25 28.375 0.0
6.75 28.375 0.0
7.25 28.375 0.0
7.75 28.375 0.0
8.25 28.375 0.0
8.75 28.375 0.0
0.25 28.625 43489.80500002454
0.75 28.625 0.0
1.25 28.625 0.0
1.75 28.625 0.0
2.25 28.625 0.0
2.75 28.625 0.0
3.25 28.625 0.0
3.75 28.625 0.0
4.25 28.625 0.0
4.75 28.625 0.0
5.25 28.625 0.0
5.75 28.625 0.0
6.25 28.625 0.0
6.75 28.625 0.0
7.25 28.625 0.0
7.75 28.625 0.0
8.25 28.625 0.0
8.75 28.625 0.0
0.25 28.875 0.0
0.75 28.875 0.0
1.25 28.875 0.0
1.75 28.875 0.0
2.25 28.875 0.0
2.75 28.875 0.0
3.25 28.875 0.0
3.75 28.875 0.0
4.25 28.875 0.0
4.75 28.875 0.0
5.25 28.875 0.0
5.75 28.875 0.0
6.25 28.875 0.0
6.75 28.875 0.0
7.25 28.875 0.0
7.75 28.875 0.0
8.25 28.875 0.0
8.75 28.875 0.0
0.25 29.125 0.0
0.75 29.125 0.0
1.25 29.125 0.0
1.75 29.125 0.0
2.25 29.125 0.0
2.75 29.125 0.0
3.25 29.125 0.0
3.75 29.125 0.0
4.25 29.125 0.0
4.75 29.125 0.0
5.25 29.125 0.0
5.75 29.125 0.0
6.25 29.125 0.0
6.75 29.125 0.0
7.25 29.125 0.0
7.75 29.125 0.0
8.25 29.125 0.0
8.75 29.125 0.0
0.25 29.375 0.0
0.75 29.375 0.0
1.25 29.375 0.0
1.75 29.375 0.0
2.25 29.375 0.0
2.75 29.375 0.0
3.25 29.375 0.0
3.75 29.375 0.0
4.25 29.375 0.0
4.75 29.375 0.0
5.25 29.375 0.0
5.75 29.375 0.0
6.25 29.375 0.0
6.75 29.375 0.0
7.25 29.375 0.0
7.75 29.375 0.0
8.25 29.375 0.0
8.75 29.375 0.0
0.25 29.625 0.0
0.75 29.625 43489.80500002454
1.25 29.625 0.0
1.75 29.625 0.0
2.25 29.625 0.0
2.75 29.625 0.0
3.25 29.625 0.0
3.75 29.625 0.0
4.25 29.625 0.0
4.75 29.625 0.0
5.25 29.625 0.0
5.75 29.625 0.0
6.25 29.625 0.0
6.75 29.625 0.0
7.25 29.625 0.0
7.75 29.625 0.0
8.25 29.625 0.0
8.75 29.625 0.0
0.25 29.875 0.0
0.75 29.875 0.0
1.25 29.875 26394.871800205525
1.75 29.875 0.0
2.25 29.875 0.0
2.75 29.875 0.0
3.25 29.875 0.0
3.75 29.875 0.0
4.25 29.875 0.0
4.75 29.875 0.0
5.25 29.875 0.0
5.75 29.875 0.0
6.25 29.875 0.0
6.75 29.875 0.0
7.25 29.875 0.0
7.75 29.875 0.0
8.25 29.875 0.0
8.75 29.875 0.0
