11.294627058970837 177.9564648165086
14.219093021276404 7729.189126717536
17.900777537149963 2166.3582273464162
22.535743732392298 9986.18316175718
28.370820458389794 5874.566278407387
35.71674682851676 10474.967349813858
44.96472020903849 12703.875411715024
56.60722890537329 29996.263502502203
71.26427896022373 64176.29660107639
89.71641173621407 110078.95948465852
112.94627058970838 139282.8656823659
142.1909302127641 201256.78791241493
179.00777537149963 240123.96643383056
225.35743732392305 323678.7914185021
283.7082045838981 396140.42090768577
357.1674682851676 468264.18205527146
449.6472020903849 604164.1462687498
566.0722890537327 685013.5730472337
712.6427896022376 685066.1292512249
897.164117362141 687984.5462987893
1129.4627058970837 531934.4984779824
1421.9093021276408 416319.7359767733
1790.0777537149975 269372.5991999479
2253.5743732392316 148035.77860450186
2837.082045838981 65817.2026915988
3571.674682851676 25119.791832401417
4496.47202090385 6881.933076227084
5660.72289053733 1409.8211513590068
7126.427896022379 25.456646553240716
8971.64117362141 0.36801660247147083
