11.294627058970837 169.4321976538494
14.219093021276404 327.8656298233634
17.900777537149963 1031.6957611834791
22.535743732392298 3228.50396565106
28.370820458389794 4622.100176086661
35.71674682851676 6427.04702689045
44.96472020903849 9568.844014430242
56.60722890537329 9832.828495635014
71.26427896022373 14732.014539199292
89.71641173621407 17497.04610053607
112.94627058970838 26063.887219487093
142.1909302127641 29193.073694262668
179.00777537149963 35363.3183512144
225.35743732392305 41789.37256093614
283.7082045838981 45722.684628558316
357.1674682851676 39561.79225350832
449.6472020903849 34886.01182901254
566.0722890537327 33153.09458454297
712.6427896022376 32314.270725746464
897.164117362141 31566.962742017
1129.4627058970837 25474.08256589278
1421.9093021276408 21062.58601807407
1790.0777537149975 11924.436027771735
2253.5743732392316 5709.90642681357
2837.082045838981 1984.9476337822853
3571.674682851676 736.3910136311897
4496.47202090385 132.32530387316365
5660.72289053733 18.523406945867464
7126.427896022379 1.3770606172038242
8971.64117362141 0.0005872728652320802
