11.294627058970837 121.47153281897064
14.219093021276404 431.5606440049519
17.900777537149963 1019.4725856005916
22.535743732392298 2090.288614092472
28.370820458389794 8149.594202369128
35.71674682851676 13106.69707422927
44.96472020903849 12055.553345783435
56.60722890537329 21609.228229184242
71.26427896022373 24349.75153702333
89.71641173621407 34604.433242250714
112.94627058970838 65998.98603418132
142.1909302127641 82444.04176288415
179.00777537149963 95748.81870183762
225.35743732392305 111105.22650114459
283.7082045838981 119373.48907375999
357.1674682851676 91919.35338765592
449.6472020903849 89989.80777074944
566.0722890537327 67533.49467086163
712.6427896022376 61479.783081187285
897.164117362141 59517.1416964418
1129.4627058970837 50194.81087104045
1421.9093021276408 38590.09431298915
1790.0777537149975 21009.874707335606
2253.5743732392316 10246.584246179555
2837.082045838981 4459.445473399246
3571.674682851676 1795.056974765379
4496.47202090385 486.3981506940909
5660.72289053733 54.56318121193908
7126.427896022379 3.8202939515467733
8971.64117362141 0.0015235671307891607
