11.294627058970837 166.67351301861336
14.219093021276404 6667.055130152707
17.900777537149963 7640.369194679548
22.535743732392298 13841.750751038211
28.370820458389794 26334.541689372752
35.71674682851676 19307.293195599494
44.96472020903849 49401.08646201303
56.60722890537329 65877.21826097407
71.26427896022373 127419.28563293099
89.71641173621407 140157.81907088833
112.94627058970838 294358.88383995445
142.1909302127641 419829.4205632382
179.00777537149963 441396.0227629852
225.35743732392305 669962.4721890669
283.7082045838981 858716.9137955513
357.1674682851676 1092296.6251955666
449.6472020903849 1382782.369241775
566.0722890537327 1633130.878703299
712.6427896022376 1626418.1781686833
897.164117362141 1536768.449625643
1129.4627058970837 1334343.5374848545
1421.9093021276408 929246.3421452083
1790.0777537149975 590028.1600664668
2253.5743732392316 336937.1539338287
2837.082045838981 145734.43935345113
3571.674682851676 57307.39927167632
4496.47202090385 15690.858909510076
5660.72289053733 2736.799237212166
7126.427896022379 83.72973556630313
8971.64117362141 0.518565908074379
