11.294627058970837 110.99146632578365
14.219093021276404 408.802442301978
17.900777537149963 1410.1308979343976
22.535743732392298 3373.9530266418424
28.370820458389794 6301.4867401788415
35.71674682851676 9674.722224220417
44.96472020903849 14159.078714687399
56.60722890537329 18403.69363607055
71.26427896022373 24946.703739471443
89.71641173621407 36644.12090825908
112.94627058970838 54352.54920669302
142.1909302127641 75378.13210723095
179.00777537149963 79366.99367309743
225.35743732392305 95562.26737284166
283.7082045838981 92416.75755790365
357.1674682851676 89031.1000346255
449.6472020903849 76523.6577683196
566.0722890537327 79065.20426741987
712.6427896022376 75544.43161662947
897.164117362141 79876.0145611196
1129.4627058970837 57898.70885949547
1421.9093021276408 38823.305166871636
1790.0777537149975 26956.25931539957
2253.5743732392316 13940.981912594289
2837.082045838981 5330.689602741739
3571.674682851676 1522.674473318737
4496.47202090385 362.08846689015627
5660.72289053733 40.43057807139121
7126.427896022379 4.60010937275365
8971.64117362141 0.0016860906034708023
