11.294627058970837 43.62395320978027
14.219093021276404 4503.5220231531475
17.900777537149963 381.69589858318614
22.535743732392298 8889.451549804413
28.370820458389794 3595.7619242906967
35.71674682851676 16342.483701539186
44.96472020903849 44751.76889182361
56.60722890537329 72715.63554380382
71.26427896022373 98298.4865371479
89.71641173621407 138045.9629421795
112.94627058970838 253928.9527746223
142.1909302127641 215815.17803692457
179.00777537149963 432987.91681346484
225.35743732392305 441882.19046443
283.7082045838981 509743.4194812868
357.1674682851676 579231.5635104389
449.6472020903849 616944.6866396223
566.0722890537327 656372.0604071054
712.6427896022376 552541.4548699516
897.164117362141 411673.9464823399
1129.4627058970837 295675.92229666375
1421.9093021276408 172518.56162051018
1790.0777537149975 89141.61862305738
2253.5743732392316 32246.71292588208
2837.082045838981 10396.73707499355
3571.674682851676 1924.9982438925654
4496.47202090385 315.51519199553877
5660.72289053733 43.54870577622205
7126.427896022379 0.08696638606488705
8971.64117362141 8.406117558479309e-06
