11.294627058970837 391.0378913033015
14.219093021276404 319.9950371025224
17.900777537149963 943.522368092825
22.535743732392298 791.5041714737492
28.370820458389794 6500.105803162924
35.71674682851676 9628.732726406617
44.96472020903849 11468.276130583745
56.60722890537329 15053.960145032623
71.26427896022373 21770.833172900828
89.71641173621407 32246.90903850345
112.94627058970838 37127.20442081106
142.1909302127641 41759.910852928646
179.00777537149963 55193.870566831494
225.35743732392305 55719.162384011346
283.7082045838981 56299.836763525615
357.1674682851676 53697.8222356296
449.6472020903849 52974.9980297868
566.0722890537327 47250.61517672439
712.6427896022376 43620.2827990583
897.164117362141 34328.2257892295
1129.4627058970837 23912.8073882357
1421.9093021276408 18169.522261024103
1790.0777537149975 8414.076541546267
2253.5743732392316 3413.187115437351
2837.082045838981 1026.1901208001655
3571.674682851676 238.2698916735826
4496.47202090385 21.642472715233453
5660.72289053733 1.5977276088669896
7126.427896022379 0.08163106243591756
8971.64117362141 8.598901331424713e-06
