11.294627058970837 3597.56895926985
14.219093021276404 1089.3390273371833
17.900777537149963 3901.6334876823075
22.535743732392298 15371.242410856754
28.370820458389794 18220.465086142216
35.71674682851676 46545.02057837874
44.96472020903849 68417.9022806373
56.60722890537329 61769.020686231524
71.26427896022373 79642.28030535096
89.71641173621407 144782.52508512774
112.94627058970838 187287.88791206875
142.1909302127641 309808.21503561223
179.00777537149963 328080.7174538977
225.35743732392305 460888.2032092258
283.7082045838981 580154.1076014403
357.1674682851676 543524.1934219962
449.6472020903849 669922.029793073
566.0722890537327 635732.1485917335
712.6427896022376 552363.5723796808
897.164117362141 406237.8987943549
1129.4627058970837 302839.3154961318
1421.9093021276408 165923.25697667338
1790.0777537149975 79436.02161853667
2253.5743732392316 34009.0184627017
2837.082045838981 8772.037126494572
3571.674682851676 1959.2660667859018
4496.47202090385 317.9835390551016
5660.72289053733 37.68119936063886
7126.427896022379 0.8907094392925501
8971.64117362141 0.07924034632742405
