11.294627058970837 4003.459410972436
14.219093021276404 329.9004819151237
17.900777537149963 5057.348193605172
22.535743732392298 3380.2843819204318
28.370820458389794 25818.708038890072
35.71674682851676 36112.27223443161
44.96472020903849 55647.33719002378
56.60722890537329 58249.47057164913
71.26427896022373 111125.10031810246
89.71641173621407 197303.51614725974
112.94627058970838 183029.415639117
142.1909302127641 296026.1514467407
179.00777537149963 386229.1787518967
225.35743732392305 415489.7655335213
283.7082045838981 504607.55535803316
357.1674682851676 571092.3718986078
449.6472020903849 586891.1390662733
566.0722890537327 538142.6497350782
712.6427896022376 554511.2880613883
897.164117362141 445151.21788422856
1129.4627058970837 280454.8863778794
1421.9093021276408 166867.36861876212
1790.0777537149975 79145.35302730091
2253.5743732392316 32358.377038856037
2837.082045838981 10063.545295497403
3571.674682851676 1882.931457489729
4496.47202090385 311.58907600678504
5660.72289053733 18.26131927780807
7126.427896022379 0.7385749081149697
8971.64117362141 4.1812658309936523e-05
