11.294627058970837 445.0850270850024
14.219093021276404 31.82962070671016
17.900777537149963 3328.8616524206946
22.535743732392298 1417.6067753233442
28.370820458389794 21706.06038445513
35.71674682851676 24992.698400040197
44.96472020903849 31150.95390240354
56.60722890537329 62316.42589990236
71.26427896022373 134067.48698472264
89.71641173621407 242421.64027362142
112.94627058970838 195423.76421074622
142.1909302127641 293627.3205749537
179.00777537149963 364305.42100160057
225.35743732392305 457691.1963624018
283.7082045838981 551058.6074885179
357.1674682851676 617845.4143206095
449.6472020903849 654290.3470734744
566.0722890537327 625347.49810994
712.6427896022376 560025.2769429488
897.164117362141 461128.92446514126
1129.4627058970837 314044.00882521085
1421.9093021276408 179368.1594024701
1790.0777537149975 85458.60848866869
2253.5743732392316 34769.50429192372
2837.082045838981 7879.184029875323
3571.674682851676 2083.4447922687978
4496.47202090385 299.3736618440598
5660.72289053733 17.02907128818333
7126.427896022379 1.934182345867157
8971.64117362141 5.356688052415848e-05
