0.25 0.125 0.0
0.75 0.125 1305314.6630999998
1.25 0.125 2273327.5771
1.75 0.125 8955809.263300002
2.25 0.125 13203160.4013
2.75 0.125 3774741.3008000003
3.25 0.125 2713537.8404
3.75 0.125 17556312.649200004
4.25 0.125 7237409.8201
4.75 0.125 3530725.9679
5.25 0.125 3976117.1627000007
5.75 0.125 2342449.4201
6.25 0.125 1346385.1856
6.75 0.125 269252.6446
7.25 0.125 188288.2803
7.75 0.125 82641.35319999998
8.25 0.125 8735.3125
8.75 0.125 0.0
0.25 0.375 0.0
0.75 0.375 10396453.8611
1.25 0.375 19937929.5974
1.75 0.375 52264578.088
2.25 0.375 56915478.483100004
2.75 0.375 57797803.401200004
3.25 0.375 21723913.983700003
3.75 0.375 26548685.9101
4.25 0.375 24029925.2212
4.75 0.375 8765443.8819
5.25 0.375 35512830.185399994
5.75 0.375 15004695.1144
6.25 0.375 5960091.248899999
6.75 0.375 7750620.384299999
7.25 0.375 4797989.339999999
7.75 0.375 2211397.8225999996
8.25 0.375 61724.1924
8.75 0.375 0.0
0.25 0.625 0.0
0.75 0.625 0.0
1.25 0.625 25871914.6776
1.75 0.625 79958893.5882
2.25 0.625 70699757.4996
2.75 0.625 82579167.3869
3.25 0.625 88631897.6434
3.75 0.625 33672925.5855
4.25 0.625 81124641.98169997
4.75 0.625 49815206.91369999
5.25 0.625 56857371.99689999
5.75 0.625 46525572.12730001
6.25 0.625 20957247.9918
6.75 0.625 22614848.2218
7.25 0.625 9934080.312199999
7.75 0.625 1969004.8434999997
8.25 0.625 35850.9208
8.75 0.625 0.0
0.25 0.875 0.0
0.75 0.875 0.0
1.25 0.875 8945987.561
1.75 0.875 52801901.3458
2.25 0.875 41577241.069000006
2.75 0.875 63982944.741799995
3.25 0.875 125908630.9836
3.75 0.875 115176383.7406
4.25 0.875 78362132.478
4.75 0.875 77656420.95150001
5.25 0.875 28392658.298699994
5.75 0.875 23318873.248999994
6.25 0.875 23844019.325999994
6.75 0.875 14793071.9933
7.25 0.875 2358642.7158
7.75 0.875 679859.7858999999
8.25 0.875 1250.8115999999998
8.75 0.875 0.0
0.25 1.125 0.0
0.75 1.125 0.0
1.25 1.125 0.0
1.75 1.125 108887948.5346
2.25 1.125 97445822.0122
2.75 1.125 110186249.6397
3.25 1.125 78434887.8703
3.75 1.125 105555605.8816
4.25 1.125 65540538.808199994
4.75 1.125 59076174.5068
5.25 1.125 20811247.4982
5.75 1.125 24870247.2992
6.25 1.125 21256786.711900003
6.75 1.125 10594604.2104
7.25 1.125 4246884.945400001
7.75 1.125 903122.6055999999
8.25 1.125 0.0083
8.75 1.125 0.0083
0.25 1.375 0.0
0.75 1.375 0.0
1.25 1.375 0.0
1.75 1.375 87368158.99329999
2.25 1.375 78612290.08459999
2.75 1.375 57201520.76530001
3.25 1.375 59177712.5869
3.75 1.375 51321100.89870001
4.25 1.375 38962838.2161
4.75 1.375 56482524.0133
5.25 1.375 29540573.407800004
5.75 1.375 20264600.0602
6.25 1.375 16261281.0157
6.75 1.375 10462920.639
7.25 1.375 3274264.767299999
7.75 1.375 943887.4123000002
8.25 1.375 39985.67880000001
8.75 1.375 0.0166
0.25 1.625 0.0
0.75 1.625 0.0
1.25 1.625 0.0
1.75 1.625 25231990.7113
2.25 1.625 101395833.6465
2.75 1.625 85269258.59989998
3.25 1.625 105694650.41000001
3.75 1.625 45828658.445300005
4.25 1.625 48710345.4835
4.75 1.625 51559023.8114
5.25 1.625 34063388.61749999
5.75 1.625 19325891.0776
6.25 1.625 13775212.8733
6.75 1.625 7800319.0804
7.25 1.625 2698598.3945
7.75 1.625 611722.9646
8.25 1.625 3869.4123
8.75 1.625 0.0
0.25 1.875 0.0
0.75 1.875 0.0
1.25 1.875 0.0
1.75 1.875 6545239.470500001
2.25 1.875 57223603.12760001
2.75 1.875 55829074.90270001
3.25 1.875 43038835.7997
3.75 1.875 25986983.179899998
4.25 1.875 24380803.199199997
4.75 1.875 24405738.9556
5.25 1.875 34014836.31030001
5.75 1.875 15804099.884999998
6.25 1.875 7635500.985099998
6.75 1.875 6530270.802800001
7.25 1.875 2169039.2724999995
7.75 1.875 224995.05939999997
8.25 1.875 588.2665
8.75 1.875 0.0
0.25 2.125 0.0
0.75 2.125 0.0
1.25 2.125 0.0
1.75 2.125 1963590.1845000002
2.25 2.125 38000274.2815
2.75 2.125 35166000.6834
3.25 2.125 43364027.013299994
3.75 2.125 10911083.0893
4.25 2.125 53807537.169000015
4.75 2.125 30145646.263299998
5.25 2.125 7482734.5082
5.75 2.125 13476020.373599997
6.25 2.125 12763807.7069
6.75 2.125 4861284.3355
7.25 2.125 760918.2678000003
7.75 2.125 201182.6584
8.25 2.125 2.5364
8.75 2.125 0.0
0.25 2.375 0.0
0.75 2.375 0.0
1.25 2.375 0.0
1.75 2.375 2969.5717
2.25 2.375 42067612.1666
2.75 2.375 27537702.086400002
3.25 2.375 26191065.92460001
3.75 2.375 30888074.61700001
4.25 2.375 29907534.158399995
4.75 2.375 13628267.927800003
5.25 2.375 12748955.8982
5.75 2.375 12196932.999300001
6.25 2.375 7824503.9289
6.75 2.375 4689693.5039
7.25 2.375 1220154.6216999998
7.75 2.375 32864.878899999996
8.25 2.375 1.27
8.75 2.375 0.0
0.25 2.625 0.0
0.75 2.625 0.0
1.25 2.625 0.0
1.75 2.625 0.0
2.25 2.625 29140934.187599998
2.75 2.625 9400951.7207
3.25 2.625 19214228.168700002
3.75 2.625 23401785.912699997
4.25 2.625 15273943.654500002
4.75 2.625 22715259.912899997
5.25 2.625 8971003.4804
5.75 2.625 11682229.9616
6.25 2.625 3863040.1275000004
6.75 2.625 557071.4893
7.25 2.625 462479.7899
7.75 2.625 29766.5714
8.25 2.625 1.2691000000000001
8.75 2.625 0.0
0.25 2.875 0.0
0.75 2.875 0.0
1.25 2.875 0.0
1.75 2.875 0.0
2.25 2.875 30015616.035300005
2.75 2.875 18939408.7951
3.25 2.875 21443194.2915
3.75 2.875 21931315.023700006
4.25 2.875 20589290.334499996
4.75 2.875 8860829.9559
5.25 2.875 12293938.778499996
5.75 2.875 5784215.9443
6.25 2.875 3406091.7924000006
6.75 2.875 1164190.3996000004
7.25 2.875 195326.42230000003
7.75 2.875 10900.479599999999
8.25 2.875 0.0
8.75 2.875 0.0
0.25 3.125 0.0
0.75 3.125 0.0
1.25 3.125 0.0
1.75 3.125 0.0
2.25 3.125 25471628.092299998
2.75 3.125 10411028.754800001
3.25 3.125 25182907.064300004
3.75 3.125 18739125.249899995
4.25 3.125 4058397.418
4.75 3.125 9434789.977200003
5.25 3.125 2834448.6657999996
5.75 3.125 5752556.7862
6.25 3.125 2434599.5932
6.75 3.125 2419152.538100001
7.25 3.125 300220.71379999997
7.75 3.125 388.8183999999999
8.25 3.125 0.0
8.75 3.125 0.0
0.25 3.375 0.0
0.75 3.375 0.0
1.25 3.375 0.0
1.75 3.375 0.0
2.25 3.375 8607328.5977
2.75 3.375 11774919.046500001
3.25 3.375 14017154.567799997
3.75 3.375 11527197.112300001
4.25 3.375 12182158.9899
4.75 3.375 5225539.911500001
5.25 3.375 2832217.1604
5.75 3.375 2598166.5638
6.25 3.375 672455.9476
6.75 3.375 653503.7808000001
7.25 3.375 58396.135
7.75 3.375 276.1569
8.25 3.375 0.0
8.75 3.375 0.0
0.25 3.625 0.0
0.75 3.625 0.0
1.25 3.625 0.0
1.75 3.625 0.0
2.25 3.625 14834522.7737
2.75 3.625 3280307.2626000005
3.25 3.625 7054576.9277
3.75 3.625 13430028.122999998
4.25 3.625 7316653.724999999
4.75 3.625 3679156.5101000005
5.25 3.625 4360652.4904
5.75 3.625 2412428.3660000004
6.25 3.625 1150973.4608000002
6.75 3.625 564036.5091
7.25 3.625 37843.4012
7.75 3.625 101.79819999999997
8.25 3.625 0.0
8.75 3.625 0.0
0.25 3.875 0.0
0.75 3.875 0.0
1.25 3.875 0.0
1.75 3.875 0.0
2.25 3.875 10252640.5569
2.75 3.875 9144215.992300002
3.25 3.875 7740711.047800002
3.75 3.875 6582369.1158
4.25 3.875 5897724.659899999
4.75 3.875 3311780.1979
5.25 3.875 2188837.3645
5.75 3.875 2314370.2824999997
6.25 3.875 464547.77819999994
6.75 3.875 355544.90830000007
7.25 3.875 7304.602400000001
7.75 3.875 18.898600000000002
8.25 3.875 0.0
8.75 3.875 0.0
0.25 4.125 0.0
0.75 4.125 0.0
1.25 4.125 0.0
1.75 4.125 0.0
2.25 4.125 15600407.136400005
2.75 4.125 5333196.2871
3.25 4.125 4848029.4188
3.75 4.125 4311907.1892
4.25 4.125 5418801.312800001
4.75 4.125 7516649.5578
5.25 4.125 2367082.0905000004
5.75 4.125 1502582.3471999997
6.25 4.125 557167.1045000001
6.75 4.125 84488.428
7.25 4.125 19423.1004
7.75 4.125 0.3759
8.25 4.125 0.0
8.75 4.125 0.0
0.25 4.375 0.0
0.75 4.375 0.0
1.25 4.375 0.0
1.75 4.375 0.0
2.25 4.375 8560469.661999999
2.75 4.375 6278460.4489
3.25 4.375 4691299.2747
3.75 4.375 3082755.0108
4.25 4.375 3717709.6821000013
4.75 4.375 635352.7411
5.25 4.375 1827608.8840999997
5.75 4.375 552659.7113
6.25 4.375 1007195.0721
6.75 4.375 101909.1279
7.25 4.375 4980.0232000000005
7.75 4.375 0.009899999999999999
8.25 4.375 0.0
8.75 4.375 0.0
0.25 4.625 0.0
0.75 4.625 0.0
1.25 4.625 0.0
1.75 4.625 0.0
2.25 4.625 3433497.3698999994
2.75 4.625 1824682.4952999996
3.25 4.625 2710710.1559
3.75 4.625 2060207.4489
4.25 4.625 2504366.4950999995
4.75 4.625 2574863.3012
5.25 4.625 1195148.4699000004
5.75 4.625 962402.6776
6.25 4.625 191271.88680000007
6.75 4.625 125885.28369999996
7.25 4.625 2746.8845999999994
7.75 4.625 0.0001
8.25 4.625 0.0
8.75 4.625 0.0
0.25 4.875 0.0
0.75 4.875 0.0
1.25 4.875 0.0
1.75 4.875 0.0
2.25 4.875 4054935.0382000008
2.75 4.875 3537495.1096
3.25 4.875 3111529.6453
3.75 4.875 2906157.9992000004
4.25 4.875 2374026.0573
4.75 4.875 2119437.0159999994
5.25 4.875 1082131.6298
5.75 4.875 750811.9484000001
6.25 4.875 435124.9750999999
6.75 4.875 44687.249800000005
7.25 4.875 1656.7205999999999
7.75 4.875 0.0
8.25 4.875 0.0
8.75 4.875 0.0
0.25 5.125 0.0
0.75 5.125 0.0
1.25 5.125 0.0
1.75 5.125 0.0
2.25 5.125 1058337.1012
2.75 5.125 1995603.4790999999
3.25 5.125 3867223.6980999997
3.75 5.125 2500498.8910000003
4.25 5.125 1936468.9678000002
4.75 5.125 2169535.1085
5.25 5.125 488638.6561
5.75 5.125 731006.7443999999
6.25 5.125 216104.12440000003
6.75 5.125 30824.671000000002
7.25 5.125 1022.5256
7.75 5.125 0.0
8.25 5.125 0.0
8.75 5.125 0.0
0.25 5.375 0.0
0.75 5.375 0.0
1.25 5.375 0.0
1.75 5.375 0.0
2.25 5.375 3874683.8932
2.75 5.375 3295660.6096999994
3.25 5.375 2035693.3932000003
3.75 5.375 1141071.0518000002
4.25 5.375 1779333.1285000003
4.75 5.375 1591150.7495999997
5.25 5.375 1404996.1660999993
5.75 5.375 256646.87129999997
6.25 5.375 180645.55460000003
6.75 5.375 47195.588899999995
7.25 5.375 188.90490000000003
7.75 5.375 0.0
8.25 5.375 0.0
8.75 5.375 0.0
0.25 5.625 0.0
0.75 5.625 0.0
1.25 5.625 0.0
1.75 5.625 0.0
2.25 5.625 2545385.6890000002
2.75 5.625 2372670.1652999995
3.25 5.625 2156111.5253
3.75 5.625 2107361.3005
4.25 5.625 1131870.0991999996
4.75 5.625 476921.70239999995
5.25 5.625 550258.6611
5.75 5.625 323478.7703
6.25 5.625 225694.81640000004
6.75 5.625 12318.0563
7.25 5.625 49.92850000000001
7.75 5.625 0.0
8.25 5.625 0.0
8.75 5.625 0.0
0.25 5.875 0.0
0.75 5.875 0.0
1.25 5.875 0.0
1.75 5.875 0.0
2.25 5.875 2055620.6795
2.75 5.875 1554238.0726000003
3.25 5.875 898914.3506
3.75 5.875 1541173.5556
4.25 5.875 1529348.6099999999
4.75 5.875 1256175.4615
5.25 5.875 197758.74990000002
5.75 5.875 137860.22420000003
6.25 5.875 55956.997899999995
6.75 5.875 11515.367800000002
7.25 5.875 55.2164
7.75 5.875 0.0
8.25 5.875 0.0
8.75 5.875 0.0
0.25 6.125 0.0
0.75 6.125 0.0
1.25 6.125 0.0
1.75 6.125 0.0
2.25 6.125 1524731.0217000004
2.75 6.125 987072.3791
3.25 6.125 1549428.2961
3.75 6.125 891052.5785000001
4.25 6.125 673740.216
4.75 6.125 777431.7923000001
5.25 6.125 369462.5606999999
5.75 6.125 143990.62099999996
6.25 6.125 47886.8164
6.75 6.125 7282.274
7.25 6.125 3.7758000000000003
7.75 6.125 0.0
8.25 6.125 0.0
8.75 6.125 0.0
0.25 6.375 0.0
0.75 6.375 0.0
1.25 6.375 0.0
1.75 6.375 0.0
2.25 6.375 2421352.6923
2.75 6.375 1943903.3314
3.25 6.375 1895808.4448000002
3.75 6.375 1287802.4700000002
4.25 6.375 818711.4664
4.75 6.375 637840.9005000001
5.25 6.375 274856.25169999996
5.75 6.375 134132.7996
6.25 6.375 20633.772699999998
6.75 6.375 5675.9774
7.25 6.375 2.8421
7.75 6.375 0.0
8.25 6.375 0.0
8.75 6.375 0.0
0.25 6.625 0.0
0.75 6.625 0.0
1.25 6.625 0.0
1.75 6.625 0.0
2.25 6.625 2152000.6211
2.75 6.625 866204.5215
3.25 6.625 1205352.0960000001
3.75 6.625 691058.3564
4.25 6.625 648642.0460999999
4.75 6.625 606639.6072999999
5.25 6.625 442720.2046
5.75 6.625 92002.47250000002
6.25 6.625 31342.090099999998
6.75 6.625 3333.876699999999
7.25 6.625 0.24919999999999998
7.75 6.625 0.0
8.25 6.625 0.0
8.75 6.625 0.0
0.25 6.875 0.0
0.75 6.875 0.0
1.25 6.875 0.0
1.75 6.875 0.0
2.25 6.875 1170584.8547000003
2.75 6.875 2067763.1538
3.25 6.875 1304029.3342000002
3.75 6.875 771993.3195
4.25 6.875 598446.5914999999
4.75 6.875 350839.77459999995
5.25 6.875 169513.06109999996
5.75 6.875 90540.17499999999
6.25 6.875 5599.78
6.75 6.875 1092.7733999999998
7.25 6.875 0.0
7.75 6.875 0.0
8.25 6.875 0.0
8.75 6.875 0.0
0.25 7.125 0.0
0.75 7.125 0.0
1.25 7.125 0.0
1.75 7.125 0.0
2.25 7.125 1460467.8836
2.75 7.125 859865.5253999999
3.25 7.125 542348.1293999999
3.75 7.125 814655.2243000001
4.25 7.125 477738.20560000004
4.75 7.125 312679.0208
5.25 7.125 289328.5191
5.75 7.125 116830.04649999998
6.25 7.125 18714.0599
6.75 7.125 289.37510000000003
7.25 7.125 0.1415
7.75 7.125 0.0
8.25 7.125 0.0
8.75 7.125 0.0
0.25 7.375 0.0
0.75 7.375 0.0
1.25 7.375 0.0
1.75 7.375 0.0
2.25 7.375 1497058.6935
2.75 7.375 666337.5631
3.25 7.375 445234.29360000003
3.75 7.375 245334.75259999995
4.25 7.375 499579.5543999999
4.75 7.375 182194.50369999997
5.25 7.375 185161.58680000002
5.75 7.375 149429.1786
6.25 7.375 20498.471599999997
6.75 7.375 720.3294999999998
7.25 7.375 0.0014000000000000002
7.75 7.375 0.0
8.25 7.375 0.0
8.75 7.375 0.0
0.25 7.625 0.0
0.75 7.625 0.0
1.25 7.625 0.0
1.75 7.625 0.0
2.25 7.625 888783.2745
2.75 7.625 863194.3602000001
3.25 7.625 717878.5686999998
3.75 7.625 327750.81129999994
4.25 7.625 360266.9124
4.75 7.625 203642.59040000002
5.25 7.625 206054.03120000006
5.75 7.625 35579.8052
6.25 7.625 15078.785199999998
6.75 7.625 144.0415
7.25 7.625 0.0
7.75 7.625 0.0
8.25 7.625 0.0
8.75 7.625 0.0
0.25 7.875 0.0
0.75 7.875 0.0
1.25 7.875 0.0
1.75 7.875 0.0
2.25 7.875 977904.0408
2.75 7.875 246439.1769
3.25 7.875 626818.226
3.75 7.875 371488.22279999993
4.25 7.875 135613.9358
4.75 7.875 184153.3436
5.25 7.875 73735.16849999999
5.75 7.875 39968.91320000001
6.25 7.875 13697.972700000002
6.75 7.875 346.67420000000004
7.25 7.875 0.0007000000000000001
7.75 7.875 0.0
8.25 7.875 0.0
8.75 7.875 0.0
0.25 8.125 0.0
0.75 8.125 0.0
1.25 8.125 0.0
1.75 8.125 0.0
2.25 8.125 172172.2983
2.75 8.125 518490.0927999999
3.25 8.125 413426.6256
3.75 8.125 382462.6339000001
4.25 8.125 433514.5192
4.75 8.125 298761.9924
5.25 8.125 61350.97410000001
5.75 8.125 73129.63499999998
6.25 8.125 1709.4695000000002
6.75 8.125 154.5191
7.25 8.125 0.0
7.75 8.125 0.0
8.25 8.125 0.0
8.75 8.125 0.0
0.25 8.375 0.0
0.75 8.375 0.0
1.25 8.375 0.0
1.75 8.375 0.0
2.25 8.375 655398.0697
2.75 8.375 428765.84109999996
3.25 8.375 450433.75879999995
3.75 8.375 303079.3268999999
4.25 8.375 359568.7715000001
4.75 8.375 145553.90929999997
5.25 8.375 110634.4428
5.75 8.375 56116.2655
6.25 8.375 3292.6254999999996
6.75 8.375 12.4974
7.25 8.375 0.0
7.75 8.375 0.0
8.25 8.375 0.0
8.75 8.375 0.0
0.25 8.625 0.0
0.75 8.625 0.0
1.25 8.625 0.0
1.75 8.625 0.0
2.25 8.625 815821.6944999999
2.75 8.625 469913.9251
3.25 8.625 229775.48729999998
3.75 8.625 239442.03360000002
4.25 8.625 285892.8847
4.75 8.625 64410.83539999999
5.25 8.625 83490.44829999999
5.75 8.625 41350.441900000005
6.25 8.625 4903.6846000000005
6.75 8.625 37.4037
7.25 8.625 0.0
7.75 8.625 0.0
8.25 8.625 0.0
8.75 8.625 0.0
0.25 8.875 0.0
0.75 8.875 0.0
1.25 8.875 0.0
1.75 8.875 0.0
2.25 8.875 509185.6333
2.75 8.875 449566.0681
3.25 8.875 455892.69629999995
3.75 8.875 439663.85889999993
4.25 8.875 227251.812
4.75 8.875 89576.53910000002
5.25 8.875 58176.54349999999
5.75 8.875 38989.894100000005
6.25 8.875 3312.0419
6.75 8.875 1.7799999999999996
7.25 8.875 0.0
7.75 8.875 0.0
8.25 8.875 0.0
8.75 8.875 0.0
0.25 9.125 0.0
0.75 9.125 0.0
1.25 9.125 0.0
1.75 9.125 0.0
2.25 9.125 542061.7252999999
2.75 9.125 560847.7376999999
3.25 9.125 414178.90180000005
3.75 9.125 218346.9926
4.25 9.125 204321.43440000003
4.75 9.125 52344.0211
5.25 9.125 81873.0166
5.75 9.125 19132.799499999997
6.25 9.125 1952.2118
6.75 9.125 4.7433
7.25 9.125 0.0
7.75 9.125 0.0
8.25 9.125 0.0
8.75 9.125 0.0
0.25 9.375 0.0
0.75 9.375 0.0
1.25 9.375 0.0
1.75 9.375 0.0
2.25 9.375 366982.4748
2.75 9.375 528998.7105999999
3.25 9.375 309975.1852
3.75 9.375 215000.89080000002
4.25 9.375 195619.96090000003
4.75 9.375 117324.76410000003
5.25 9.375 92780.71679999998
5.75 9.375 10307.827299999999
6.25 9.375 1619.8916
6.75 9.375 18.560100000000002
7.25 9.375 0.0
7.75 9.375 0.0
8.25 9.375 0.0
8.75 9.375 0.0
0.25 9.625 0.0
0.75 9.625 0.0
1.25 9.625 0.0
1.75 9.625 0.0
2.25 9.625 407630.82859999995
2.75 9.625 308623.5969
3.25 9.625 304818.29459999996
3.75 9.625 25679.512799999997
4.25 9.625 146516.5819
4.75 9.625 75563.59869999999
5.25 9.625 64976.215999999986
5.75 9.625 14154.995499999995
6.25 9.625 3524.5496000000003
6.75 9.625 26.287799999999994
7.25 9.625 0.0
7.75 9.625 0.0
8.25 9.625 0.0
8.75 9.625 0.0
0.25 9.875 0.0
0.75 9.875 0.0
1.25 9.875 0.0
1.75 9.875 0.0
2.25 9.875 418567.6649000001
2.75 9.875 435792.029
3.25 9.875 344677.04000000004
3.75 9.875 258412.9665
4.25 9.875 132376.24809999997
4.75 9.875 144140.6584
5.25 9.875 47333.609899999996
5.75 9.875 17596.536699999993
6.25 9.875 1814.8383000000003
6.75 9.875 16.150199999999998
7.25 9.875 0.0
7.75 9.875 0.0
8.25 9.875 0.0
8.75 9.875 0.0
0.25 10.125 0.0
0.75 10.125 0.0
1.25 10.125 0.0
1.75 10.125 0.0
2.25 10.125 212457.5161
2.75 10.125 357172.8416
3.25 10.125 85338.7869
3.75 10.125 123544.65370000001
4.25 10.125 145114.4937
4.75 10.125 105723.47679999999
5.25 10.125 33207.7386
5.75 10.125 9946.6493
6.25 10.125 1260.3608000000006
6.75 10.125 3.4357
7.25 10.125 0.0
7.75 10.125 0.0
8.25 10.125 0.0
8.75 10.125 0.0
0.25 10.375 0.0
0.75 10.375 0.0
1.25 10.375 0.0
1.75 10.375 0.0
2.25 10.375 203003.6277
2.75 10.375 187747.4829
3.25 10.375 257357.42780000003
3.75 10.375 205848.79919999998
4.25 10.375 122583.70800000001
4.75 10.375 60536.80360000001
5.25 10.375 26209.193500000005
5.75 10.375 14415.174399999998
6.25 10.375 426.517
6.75 10.375 2.7758
7.25 10.375 0.0
7.75 10.375 0.0
8.25 10.375 0.0
8.75 10.375 0.0
0.25 10.625 0.0
0.75 10.625 0.0
1.25 10.625 0.0
1.75 10.625 0.0
2.25 10.625 287477.4592
2.75 10.625 189536.339
3.25 10.625 122141.6235
3.75 10.625 101358.3846
4.25 10.625 56434.17230000001
4.75 10.625 52698.55040000001
5.25 10.625 12086.243199999999
5.75 10.625 9734.7691
6.25 10.625 757.0319
6.75 10.625 1.0581
7.25 10.625 0.0
7.75 10.625 0.0
8.25 10.625 0.0
8.75 10.625 0.0
0.25 10.875 0.0
0.75 10.875 0.0
1.25 10.875 0.0
1.75 10.875 0.0
2.25 10.875 349634.2504999999
2.75 10.875 208955.11119999996
3.25 10.875 231159.50349999996
3.75 10.875 80103.08310000002
4.25 10.875 110112.14890000001
4.75 10.875 49271.98469999999
5.25 10.875 29493.095000000005
5.75 10.875 6463.535
6.25 10.875 602.3385000000001
6.75 10.875 0.031299999999999994
7.25 10.875 0.0
7.75 10.875 0.0
8.25 10.875 0.0
8.75 10.875 0.0
0.25 11.125 0.0
0.75 11.125 0.0
1.25 11.125 0.0
1.75 11.125 0.0
2.25 11.125 257822.79409999997
2.75 11.125 340371.95869999996
3.25 11.125 147373.9723
3.75 11.125 120974.7836
4.25 11.125 61656.263699999996
4.75 11.125 39766.053700000004
5.25 11.125 21811.651800000003
5.75 11.125 5019.815000000001
6.25 11.125 365.1001
6.75 11.125 0.1406
7.25 11.125 0.0
7.75 11.125 0.0
8.25 11.125 0.0
8.75 11.125 0.0
0.25 11.375 0.0
0.75 11.375 0.0
1.25 11.375 0.0
1.75 11.375 0.0
2.25 11.375 184635.59370000003
2.75 11.375 93055.67319999999
3.25 11.375 111802.64929999999
3.75 11.375 130757.6204
4.25 11.375 40091.7233
4.75 11.375 21591.401200000008
5.25 11.375 30745.7036
5.75 11.375 11215.446999999996
6.25 11.375 137.45520000000002
6.75 11.375 0.0239
7.25 11.375 0.0
7.75 11.375 0.0
8.25 11.375 0.0
8.75 11.375 0.0
0.25 11.625 0.0
0.75 11.625 0.0
1.25 11.625 0.0
1.75 11.625 0.0
2.25 11.625 225162.36
2.75 11.625 251786.45160000003
3.25 11.625 96093.59479999999
3.75 11.625 38363.508200000004
4.25 11.625 50752.406899999994
4.75 11.625 34840.846900000004
5.25 11.625 22752.744799999997
5.75 11.625 3292.2504
6.25 11.625 393.42060000000015
6.75 11.625 0.0046
7.25 11.625 0.0
7.75 11.625 0.0
8.25 11.625 0.0
8.75 11.625 0.0
0.25 11.875 0.0
0.75 11.875 0.0
1.25 11.875 0.0
1.75 11.875 0.0
2.25 11.875 43804.8184
2.75 11.875 137235.61929999996
3.25 11.875 74917.33350000001
3.75 11.875 87805.36279999999
4.25 11.875 81001.70030000001
4.75 11.875 37064.60970000001
5.25 11.875 14783.1221
5.75 11.875 2854.4489
6.25 11.875 97.0657
6.75 11.875 0.0022
7.25 11.875 0.0
7.75 11.875 0.0
8.25 11.875 0.0
8.75 11.875 0.0
0.25 12.125 0.0
0.75 12.125 0.0
1.25 12.125 0.0
1.75 12.125 0.0
2.25 12.125 82098.98180000001
2.75 12.125 161907.00759999995
3.25 12.125 87269.19340000002
3.75 12.125 154737.71340000004
4.25 12.125 79851.5234
4.75 12.125 47401.690399999985
5.25 12.125 10201.8542
5.75 12.125 2045.6063000000006
6.25 12.125 109.92920000000004
6.75 12.125 0.006699999999999999
7.25 12.125 0.0
7.75 12.125 0.0
8.25 12.125 0.0
8.75 12.125 0.0
0.25 12.375 0.0
0.75 12.375 0.0
1.25 12.375 0.0
1.75 12.375 0.0
2.25 12.375 108367.94350000001
2.75 12.375 65553.3063
3.25 12.375 146383.14539999998
3.75 12.375 120592.298
4.25 12.375 41591.44120000001
4.75 12.375 13312.3582
5.25 12.375 3379.9091
5.75 12.375 1683.2049999999997
6.25 12.375 44.6971
6.75 12.375 0.0001
7.25 12.375 0.0
7.75 12.375 0.0
8.25 12.375 0.0
8.75 12.375 0.0
0.25 12.625 0.0
0.75 12.625 0.0
1.25 12.625 0.0
1.75 12.625 0.0
2.25 12.625 92422.33219999999
2.75 12.625 117280.6693
3.25 12.625 84662.2487
3.75 12.625 34511.9405
4.25 12.625 35890.226899999994
4.75 12.625 25199.0504
5.25 12.625 14038.570399999999
5.75 12.625 2013.5015
6.25 12.625 49.651
6.75 12.625 0.0
7.25 12.625 0.0
7.75 12.625 0.0
8.25 12.625 0.0
8.75 12.625 0.0
0.25 12.875 0.0
0.75 12.875 0.0
1.25 12.875 0.0
1.75 12.875 0.0
2.25 12.875 103042.4144
2.75 12.875 109177.0034
3.25 12.875 99205.57229999999
3.75 12.875 62289.92309999999
4.25 12.875 29878.4409
4.75 12.875 38213.51000000001
5.25 12.875 11326.7953
5.75 12.875 1479.1328999999998
6.25 12.875 11.7293
6.75 12.875 0.0
7.25 12.875 0.0
7.75 12.875 0.0
8.25 12.875 0.0
8.75 12.875 0.0
0.25 13.125 0.0
0.75 13.125 0.0
1.25 13.125 0.0
1.75 13.125 0.0
2.25 13.125 109430.05129999999
2.75 13.125 82288.3508
3.25 13.125 46372.010800000004
3.75 13.125 42536.91799999998
4.25 13.125 26258.9695
4.75 13.125 14247.089999999998
5.25 13.125 5882.5235999999995
5.75 13.125 423.4947
6.25 13.125 17.2135
6.75 13.125 0.0
7.25 13.125 0.0
7.75 13.125 0.0
8.25 13.125 0.0
8.75 13.125 0.0
0.25 13.375 0.0
0.75 13.375 0.0
1.25 13.375 0.0
1.75 13.375 0.0
2.25 13.375 98254.82190000001
2.75 13.375 64189.6547
3.25 13.375 39453.4228
3.75 13.375 57672.35529999999
4.25 13.375 18658.846799999996
4.75 13.375 11455.841800000002
5.25 13.375 10463.063600000001
5.75 13.375 2105.0339000000004
6.25 13.375 3.7646
6.75 13.375 0.0
7.25 13.375 0.0
7.75 13.375 0.0
8.25 13.375 0.0
8.75 13.375 0.0
0.25 13.625 0.0
0.75 13.625 0.0
1.25 13.625 0.0
1.75 13.625 0.0
2.25 13.625 110547.79089999999
2.75 13.625 73979.73070000001
3.25 13.625 46121.694
3.75 13.625 43603.1026
4.25 13.625 12915.8092
4.75 13.625 22648.3243
5.25 13.625 4309.7738
5.75 13.625 570.712
6.25 13.625 9.359
6.75 13.625 0.0
7.25 13.625 0.0
7.75 13.625 0.0
8.25 13.625 0.0
8.75 13.625 0.0
0.25 13.875 0.0
0.75 13.875 0.0
1.25 13.875 0.0
1.75 13.875 0.0
2.25 13.875 75670.58680000002
2.75 13.875 115972.82709999998
3.25 13.875 68487.46389999999
3.75 13.875 26583.1777
4.25 13.875 17981.9229
4.75 13.875 17240.570799999998
5.25 13.875 8066.000300000001
5.75 13.875 554.9917
6.25 13.875 19.583299999999998
6.75 13.875 0.0
7.25 13.875 0.0
7.75 13.875 0.0
8.25 13.875 0.0
8.75 13.875 0.0
0.25 14.125 0.0
0.75 14.125 0.0
1.25 14.125 0.0
1.75 14.125 0.0
2.25 14.125 66744.86980000001
2.75 14.125 54747.2913
3.25 14.125 67294.5182
3.75 14.125 35570.0416
4.25 14.125 25396.2548
4.75 14.125 18869.8911
5.25 14.125 3774.5348000000004
5.75 14.125 1072.0078999999998
6.25 14.125 11.493599999999997
6.75 14.125 0.0
7.25 14.125 0.0
7.75 14.125 0.0
8.25 14.125 0.0
8.75 14.125 0.0
0.25 14.375 0.0
0.75 14.375 0.0
1.25 14.375 0.0
1.75 14.375 0.0
2.25 14.375 37314.61610000001
2.75 14.375 24869.3826
3.25 14.375 59832.093700000005
3.75 14.375 22923.7248
4.25 14.375 18093.1132
4.75 14.375 13146.075700000001
5.25 14.375 4250.490000000001
5.75 14.375 514.6737999999999
6.25 14.375 6.739899999999999
6.75 14.375 0.0
7.25 14.375 0.0
7.75 14.375 0.0
8.25 14.375 0.0
8.75 14.375 0.0
0.25 14.625 0.0
0.75 14.625 0.0
1.25 14.625 0.0
1.75 14.625 0.0
2.25 14.625 33631.67199999999
2.75 14.625 38939.45020000001
3.25 14.625 43699.156599999995
3.75 14.625 12888.237099999998
4.25 14.625 23617.1176
4.75 14.625 9757.7366
5.25 14.625 3922.7971000000002
5.75 14.625 703.2931000000001
6.25 14.625 11.282499999999999
6.75 14.625 0.0
7.25 14.625 0.0
7.75 14.625 0.0
8.25 14.625 0.0
8.75 14.625 0.0
0.25 14.875 0.0
0.75 14.875 0.0
1.25 14.875 0.0
1.75 14.875 0.0
2.25 14.875 55955.9373
2.75 14.875 11219.876400000001
3.25 14.875 30113.3901
3.75 14.875 31872.154499999993
4.25 14.875 33860.015900000006
4.75 14.875 12544.678399999999
5.25 14.875 7092.381600000001
5.75 14.875 462.0918999999999
6.25 14.875 5.670799999999999
6.75 14.875 0.0
7.25 14.875 0.0
7.75 14.875 0.0
8.25 14.875 0.0
8.75 14.875 0.0
0.25 15.125 0.0
0.75 15.125 0.0
1.25 15.125 0.0
1.75 15.125 0.0
2.25 15.125 53180.23139999999
2.75 15.125 34455.7488
3.25 15.125 62624.87210000001
3.75 15.125 20191.7318
4.25 15.125 11304.135299999998
4.75 15.125 13659.390899999997
5.25 15.125 3391.6537
5.75 15.125 313.84839999999997
6.25 15.125 5.738
6.75 15.125 0.0
7.25 15.125 0.0
7.75 15.125 0.0
8.25 15.125 0.0
8.75 15.125 0.0
0.25 15.375 0.0
0.75 15.375 0.0
1.25 15.375 0.0
1.75 15.375 0.0
2.25 15.375 40724.9796
2.75 15.375 66794.01589999998
3.25 15.375 30485.5859
3.75 15.375 12395.399500000001
4.25 15.375 7302.6916
4.75 15.375 8186.8715999999995
5.25 15.375 1191.3182000000002
5.75 15.375 383.0088
6.25 15.375 1.9949999999999999
6.75 15.375 0.0
7.25 15.375 0.0
7.75 15.375 0.0
8.25 15.375 0.0
8.75 15.375 0.0
0.25 15.625 0.0
0.75 15.625 0.0
1.25 15.625 0.0
1.75 15.625 0.0
2.25 15.625 51817.0987
2.75 15.625 19909.897
3.25 15.625 27338.7886
3.75 15.625 17117.473800000003
4.25 15.625 18804.0827
4.75 15.625 3994.9692
5.25 15.625 2362.5667999999996
5.75 15.625 423.01160000000004
6.25 15.625 1.8219
6.75 15.625 0.0
7.25 15.625 0.0
7.75 15.625 0.0
8.25 15.625 0.0
8.75 15.625 0.0
0.25 15.875 0.0
0.75 15.875 0.0
1.25 15.875 0.0
1.75 15.875 0.0
2.25 15.875 16516.520699999997
2.75 15.875 46155.257000000005
3.25 15.875 41736.0818
3.75 15.875 20729.560199999996
4.25 15.875 14331.143799999998
4.75 15.875 11358.4826
5.25 15.875 1445.6312
5.75 15.875 86.2556
6.25 15.875 0.5206000000000001
6.75 15.875 0.0
7.25 15.875 0.0
7.75 15.875 0.0
8.25 15.875 0.0
8.75 15.875 0.0
0.25 16.125 0.0
0.75 16.125 0.0
1.25 16.125 0.0
1.75 16.125 0.0
2.25 16.125 37881.027700000006
2.75 16.125 19810.754
3.25 16.125 30481.841799999995
3.75 16.125 14034.4371
4.25 16.125 10399.9819
4.75 16.125 6030.127800000001
5.25 16.125 1304.1784000000002
5.75 16.125 273.2237
6.25 16.125 0.6993
6.75 16.125 0.0
7.25 16.125 0.0
7.75 16.125 0.0
8.25 16.125 0.0
8.75 16.125 0.0
0.25 16.375 0.0
0.75 16.375 0.0
1.25 16.375 0.0
1.75 16.375 0.0
2.25 16.375 36821.058300000004
2.75 16.375 27294.3235
3.25 16.375 25071.2435
3.75 16.375 15459.734900000001
4.25 16.375 4757.8803
4.75 16.375 6406.2089
5.25 16.375 2346.5035
5.75 16.375 220.2563
6.25 16.375 0.2603
6.75 16.375 0.0
7.25 16.375 0.0
7.75 16.375 0.0
8.25 16.375 0.0
8.75 16.375 0.0
0.25 16.625 0.0
0.75 16.625 0.0
1.25 16.625 0.0
1.75 16.625 0.0
2.25 16.625 25148.195600000003
2.75 16.625 36826.9488
3.25 16.625 20549.7661
3.75 16.625 10303.5054
4.25 16.625 8258.536799999998
4.75 16.625 5606.201
5.25 16.625 1187.1629999999998
5.75 16.625 68.631
6.25 16.625 0.3371
6.75 16.625 0.0
7.25 16.625 0.0
7.75 16.625 0.0
8.25 16.625 0.0
8.75 16.625 0.0
0.25 16.875 0.0
0.75 16.875 0.0
1.25 16.875 0.0
1.75 16.875 0.0
2.25 16.875 18503.5853
2.75 16.875 31231.0771
3.25 16.875 27883.716600000003
3.75 16.875 20201.711799999997
4.25 16.875 10109.5428
4.75 16.875 5480.4662
5.25 16.875 1336.8605999999997
5.75 16.875 52.52380000000001
6.25 16.875 0.05850000000000001
6.75 16.875 0.0
7.25 16.875 0.0
7.75 16.875 0.0
8.25 16.875 0.0
8.75 16.875 0.0
0.25 17.125 0.0
0.75 17.125 0.0
1.25 17.125 0.0
1.75 17.125 0.0
2.25 17.125 20408.8291
2.75 17.125 26977.249300000003
3.25 17.125 9433.3848
3.75 17.125 20696.968800000002
4.25 17.125 15159.9983
4.75 17.125 2703.8938
5.25 17.125 2551.0316
5.75 17.125 63.37340000000002
6.25 17.125 0.054299999999999994
6.75 17.125 0.0
7.25 17.125 0.0
7.75 17.125 0.0
8.25 17.125 0.0
8.75 17.125 0.0
0.25 17.375 0.0
0.75 17.375 0.0
1.25 17.375 0.0
1.75 17.375 0.0
2.25 17.375 45333.605800000005
2.75 17.375 23763.0587
3.25 17.375 16725.0723
3.75 17.375 10636.9279
4.25 17.375 13032.887700000003
4.75 17.375 3235.7641
5.25 17.375 856.2987
5.75 17.375 84.54449999999997
6.25 17.375 0.043300000000000005
6.75 17.375 0.0
7.25 17.375 0.0
7.75 17.375 0.0
8.25 17.375 0.0
8.75 17.375 0.0
0.25 17.625 0.0
0.75 17.625 0.0
1.25 17.625 0.0
1.75 17.625 0.0
2.25 17.625 33584.62669999999
2.75 17.625 3069.1444
3.25 17.625 14502.127299999996
3.75 17.625 14298.6866
4.25 17.625 4976.989500000001
4.75 17.625 3382.8644
5.25 17.625 1116.4003
5.75 17.625 55.7273
6.25 17.625 0.007699999999999999
6.75 17.625 0.0
7.25 17.625 0.0
7.75 17.625 0.0
8.25 17.625 0.0
8.75 17.625 0.0
0.25 17.875 0.0
0.75 17.875 0.0
1.25 17.875 0.0
1.75 17.875 0.0
2.25 17.875 33962.02339999999
2.75 17.875 16595.476699999996
3.25 17.875 21290.898300000004
3.75 17.875 10555.7699
4.25 17.875 3648.6646
4.75 17.875 2030.7819999999997
5.25 17.875 583.09
5.75 17.875 1.1538
6.25 17.875 0.0
6.75 17.875 0.0
7.25 17.875 0.0
7.75 17.875 0.0
8.25 17.875 0.0
8.75 17.875 0.0
0.25 18.125 0.0
0.75 18.125 0.0
1.25 18.125 0.0
1.75 18.125 0.0
2.25 18.125 16031.452599999999
2.75 18.125 17174.2067
3.25 18.125 5781.4538999999995
3.75 18.125 14918.262599999998
4.25 18.125 7438.578
4.75 18.125 3008.2674
5.25 18.125 983.123
5.75 18.125 30.8051
6.25 18.125 0.084
6.75 18.125 0.0
7.25 18.125 0.0
7.75 18.125 0.0
8.25 18.125 0.0
8.75 18.125 0.0
0.25 18.375 0.0
0.75 18.375 0.0
1.25 18.375 0.0
1.75 18.375 0.0
2.25 18.375 14012.4138
2.75 18.375 12670.4695
3.25 18.375 20281.3508
3.75 18.375 3131.9628000000002
4.25 18.375 11522.797100000002
4.75 18.375 1701.2282
5.25 18.375 531.2557
5.75 18.375 58.762899999999995
6.25 18.375 0.005299999999999999
6.75 18.375 0.0
7.25 18.375 0.0
7.75 18.375 0.0
8.25 18.375 0.0
8.75 18.375 0.0
0.25 18.625 0.0
0.75 18.625 0.0
1.25 18.625 0.0
1.75 18.625 0.0
2.25 18.625 39926.3754
2.75 18.625 22515.702800000003
3.25 18.625 5203.9165
3.75 18.625 11455.5064
4.25 18.625 3289.5493
4.75 18.625 7317.937699999998
5.25 18.625 1030.3008000000002
5.75 18.625 63.203100000000006
6.25 18.625 0.0
6.75 18.625 0.0
7.25 18.625 0.0
7.75 18.625 0.0
8.25 18.625 0.0
8.75 18.625 0.0
0.25 18.875 0.0
0.75 18.875 0.0
1.25 18.875 0.0
1.75 18.875 0.0
2.25 18.875 24995.599100000003
2.75 18.875 15444.3623
3.25 18.875 7969.954600000001
3.75 18.875 18148.6238
4.25 18.875 2987.5935
4.75 18.875 2025.7182000000003
5.25 18.875 707.7216000000001
5.75 18.875 77.9357
6.25 18.875 0.03870000000000001
6.75 18.875 0.0
7.25 18.875 0.0
7.75 18.875 0.0
8.25 18.875 0.0
8.75 18.875 0.0
0.25 19.125 0.0
0.75 19.125 0.0
1.25 19.125 0.0
1.75 19.125 0.0
2.25 19.125 23498.4198
2.75 19.125 9359.084100000002
3.25 19.125 8414.5573
3.75 19.125 6500.843699999999
4.25 19.125 6947.358499999999
4.75 19.125 2633.4438999999998
5.25 19.125 845.9689999999999
5.75 19.125 1.2963
6.25 19.125 0.0378
6.75 19.125 0.0
7.25 19.125 0.0
7.75 19.125 0.0
8.25 19.125 0.0
8.75 19.125 0.0
0.25 19.375 0.0
0.75 19.375 0.0
1.25 19.375 0.0
1.75 19.375 0.0
2.25 19.375 4502.502799999999
2.75 19.375 27113.163599999996
3.25 19.375 11766.9269
3.75 19.375 4684.775900000001
4.25 19.375 3791.9428
4.75 19.375 1642.0572
5.25 19.375 428.3765000000001
5.75 19.375 4.3986
6.25 19.375 0.0004
6.75 19.375 0.0
7.25 19.375 0.0
7.75 19.375 0.0
8.25 19.375 0.0
8.75 19.375 0.0
0.25 19.625 0.0
0.75 19.625 0.0
1.25 19.625 0.0
1.75 19.625 0.0
2.25 19.625 7292.951700000001
2.75 19.625 8581.6359
3.25 19.625 8838.0357
3.75 19.625 6912.879099999999
4.25 19.625 4249.976100000001
4.75 19.625 2243.1624
5.25 19.625 173.0405
5.75 19.625 7.7969
6.25 19.625 0.0004
6.75 19.625 0.0
7.25 19.625 0.0
7.75 19.625 0.0
8.25 19.625 0.0
8.75 19.625 0.0
0.25 19.875 0.0
0.75 19.875 0.0
1.25 19.875 0.0
1.75 19.875 0.0
2.25 19.875 15153.4462
2.75 19.875 27713.315700000003
3.25 19.875 6699.700199999998
3.75 19.875 6624.0178
4.25 19.875 1255.9348
4.75 19.875 2448.2806
5.25 19.875 639.7671000000001
5.75 19.875 6.884499999999999
6.25 19.875 0.0
6.75 19.875 0.0
7.25 19.875 0.0
7.75 19.875 0.0
8.25 19.875 0.0
8.75 19.875 0.0
0.25 20.125 0.0
0.75 20.125 0.0
1.25 20.125 0.0
1.75 20.125 0.0
2.25 20.125 17446.4054
2.75 20.125 22612.964700000004
3.25 20.125 9953.023400000002
3.75 20.125 6542.425800000001
4.25 20.125 7696.0746
4.75 20.125 1657.1614
5.25 20.125 436.7417
5.75 20.125 19.7555
6.25 20.125 0.0011
6.75 20.125 0.0
7.25 20.125 0.0
7.75 20.125 0.0
8.25 20.125 0.0
8.75 20.125 0.0
0.25 20.375 0.0
0.75 20.375 0.0
1.25 20.375 0.0
1.75 20.375 0.0
2.25 20.375 11724.277400000003
2.75 20.375 8127.569999999999
3.25 20.375 6453.806699999999
3.75 20.375 5534.9568
4.25 20.375 6537.186000000001
4.75 20.375 731.6855
5.25 20.375 230.28840000000002
5.75 20.375 7.434100000000002
6.25 20.375 0.0001
6.75 20.375 0.0
7.25 20.375 0.0
7.75 20.375 0.0
8.25 20.375 0.0
8.75 20.375 0.0
0.25 20.625 0.0
0.75 20.625 0.0
1.25 20.625 0.0
1.75 20.625 0.0
2.25 20.625 3415.4561
2.75 20.625 2860.7054
3.25 20.625 5304.9748
3.75 20.625 4751.594
4.25 20.625 2956.7751999999996
4.75 20.625 1590.5706
5.25 20.625 300.29389999999995
5.75 20.625 10.137899999999998
6.25 20.625 0.0002
6.75 20.625 0.0
7.25 20.625 0.0
7.75 20.625 0.0
8.25 20.625 0.0
8.75 20.625 0.0
0.25 20.875 0.0
0.75 20.875 0.0
1.25 20.875 0.0
1.75 20.875 0.0
2.25 20.875 22392.978700000003
2.75 20.875 9257.417000000001
3.25 20.875 7743.6804999999995
3.75 20.875 5356.1777
4.25 20.875 4022.5645
4.75 20.875 1417.2942
5.25 20.875 205.3469
5.75 20.875 11.0488
6.25 20.875 0.0011
6.75 20.875 0.0
7.25 20.875 0.0
7.75 20.875 0.0
8.25 20.875 0.0
8.75 20.875 0.0
0.25 21.125 0.0
0.75 21.125 0.0
1.25 21.125 0.0
1.75 21.125 0.0
2.25 21.125 12427.826200000001
2.75 21.125 6806.7915
3.25 21.125 10178.197699999999
3.75 21.125 2841.0254
4.25 21.125 1644.2813
4.75 21.125 830.5196
5.25 21.125 176.203
5.75 21.125 9.4559
6.25 21.125 0.0001
6.75 21.125 0.0
7.25 21.125 0.0
7.75 21.125 0.0
8.25 21.125 0.0
8.75 21.125 0.0
0.25 21.375 0.0
0.75 21.375 0.0
1.25 21.375 0.0
1.75 21.375 0.0
2.25 21.375 7233.4534
2.75 21.375 15307.65
3.25 21.375 4355.9543
3.75 21.375 2354.2752
4.25 21.375 3447.207900000001
4.75 21.375 760.8842999999999
5.25 21.375 101.84140000000001
5.75 21.375 2.5472
6.25 21.375 0.0
6.75 21.375 0.0
7.25 21.375 0.0
7.75 21.375 0.0
8.25 21.375 0.0
8.75 21.375 0.0
0.25 21.625 0.0
0.75 21.625 0.0
1.25 21.625 0.0
1.75 21.625 0.0
2.25 21.625 9504.5594
2.75 21.625 3900.0592
3.25 21.625 5617.7321
3.75 21.625 5324.501
4.25 21.625 5624.24
4.75 21.625 2282.091
5.25 21.625 164.85649999999998
5.75 21.625 6.9487
6.25 21.625 0.0
6.75 21.625 0.0
7.25 21.625 0.0
7.75 21.625 0.0
8.25 21.625 0.0
8.75 21.625 0.0
0.25 21.875 0.0
0.75 21.875 0.0
1.25 21.875 0.0
1.75 21.875 0.0
2.25 21.875 13140.975400000001
2.75 21.875 876.6867
3.25 21.875 5816.8233
3.75 21.875 3330.3997999999997
4.25 21.875 1468.2366000000002
4.75 21.875 657.2741000000001
5.25 21.875 66.0739
5.75 21.875 4.1249
6.25 21.875 0.0
6.75 21.875 0.0
7.25 21.875 0.0
7.75 21.875 0.0
8.25 21.875 0.0
8.75 21.875 0.0
0.25 22.125 0.0
0.75 22.125 0.0
1.25 22.125 0.0
1.75 22.125 0.0
2.25 22.125 7515.724599999999
2.75 22.125 15244.6033
3.25 22.125 3289.5620999999996
3.75 22.125 767.0965000000001
4.25 22.125 1799.7299
4.75 22.125 256.598
5.25 22.125 138.324
5.75 22.125 2.6533
6.25 22.125 0.0
6.75 22.125 0.0
7.25 22.125 0.0
7.75 22.125 0.0
8.25 22.125 0.0
8.75 22.125 0.0
0.25 22.375 0.0
0.75 22.375 0.0
1.25 22.375 0.0
1.75 22.375 0.0
2.25 22.375 4011.7295
2.75 22.375 12586.3963
3.25 22.375 6447.379000000001
3.75 22.375 4040.1976
4.25 22.375 1028.0259
4.75 22.375 1003.8856999999999
5.25 22.375 61.35280000000001
5.75 22.375 0.49939999999999996
6.25 22.375 0.0
6.75 22.375 0.0
7.25 22.375 0.0
7.75 22.375 0.0
8.25 22.375 0.0
8.75 22.375 0.0
0.25 22.625 0.0
0.75 22.625 0.0
1.25 22.625 0.0
1.75 22.625 0.0
2.25 22.625 1239.2689
2.75 22.625 4421.5221
3.25 22.625 2455.9269
3.75 22.625 3226.2935999999995
4.25 22.625 2855.7526000000003
4.75 22.625 389.9153
5.25 22.625 156.99869999999999
5.75 22.625 2.7548
6.25 22.625 0.0
6.75 22.625 0.0
7.25 22.625 0.0
7.75 22.625 0.0
8.25 22.625 0.0
8.75 22.625 0.0
0.25 22.875 0.0
0.75 22.875 0.0
1.25 22.875 0.0
1.75 22.875 0.0
2.25 22.875 4818.119
2.75 22.875 4798.7184
3.25 22.875 5375.116
3.75 22.875 5154.266100000001
4.25 22.875 1249.1917999999998
4.75 22.875 853.7597
5.25 22.875 28.7847
5.75 22.875 0.0998
6.25 22.875 0.0
6.75 22.875 0.0
7.25 22.875 0.0
7.75 22.875 0.0
8.25 22.875 0.0
8.75 22.875 0.0
0.25 23.125 0.0
0.75 23.125 0.0
1.25 23.125 0.0
1.75 23.125 0.0
2.25 23.125 6494.393300000001
2.75 23.125 2533.6964000000003
3.25 23.125 6792.2983
3.75 23.125 2642.2933000000003
4.25 23.125 1078.2277
4.75 23.125 1219.6739
5.25 23.125 77.6636
5.75 23.125 2.5834
6.25 23.125 0.0
6.75 23.125 0.0
7.25 23.125 0.0
7.75 23.125 0.0
8.25 23.125 0.0
8.75 23.125 0.0
0.25 23.375 0.0
0.75 23.375 0.0
1.25 23.375 0.0
1.75 23.375 0.0
2.25 23.375 5000.9911999999995
2.75 23.375 3426.1515999999997
3.25 23.375 1025.0666999999999
3.75 23.375 899.3606000000001
4.25 23.375 945.5432999999999
4.75 23.375 562.268
5.25 23.375 78.86009999999999
5.75 23.375 2.7805
6.25 23.375 0.0
6.75 23.375 0.0
7.25 23.375 0.0
7.75 23.375 0.0
8.25 23.375 0.0
8.75 23.375 0.0
0.25 23.625 0.0
0.75 23.625 0.0
1.25 23.625 0.0
1.75 23.625 0.0
2.25 23.625 2605.9366999999997
2.75 23.625 3955.6461
3.25 23.625 4298.8652999999995
3.75 23.625 4188.5162
4.25 23.625 1321.8778
4.75 23.625 189.36489999999998
5.25 23.625 62.55530000000001
5.75 23.625 1.0832000000000002
6.25 23.625 0.0
6.75 23.625 0.0
7.25 23.625 0.0
7.75 23.625 0.0
8.25 23.625 0.0
8.75 23.625 0.0
0.25 23.875 0.0
0.75 23.875 0.0
1.25 23.875 0.0
1.75 23.875 0.0
2.25 23.875 952.1712
2.75 23.875 5138.4906
3.25 23.875 4642.716599999999
3.75 23.875 1904.5851
4.25 23.875 1799.9367
4.75 23.875 325.6134
5.25 23.875 100.7694
5.75 23.875 0.09459999999999999
6.25 23.875 0.0
6.75 23.875 0.0
7.25 23.875 0.0
7.75 23.875 0.0
8.25 23.875 0.0
8.75 23.875 0.0
0.25 24.125 0.0
0.75 24.125 0.0
1.25 24.125 0.0
1.75 24.125 0.0
2.25 24.125 6185.1004
2.75 24.125 4315.254800000001
3.25 24.125 2392.2382000000002
3.75 24.125 2475.9211999999998
4.25 24.125 879.0159000000001
4.75 24.125 271.2045
5.25 24.125 103.4427
5.75 24.125 1.4303
6.25 24.125 0.0
6.75 24.125 0.0
7.25 24.125 0.0
7.75 24.125 0.0
8.25 24.125 0.0
8.75 24.125 0.0
0.25 24.375 0.0
0.75 24.375 0.0
1.25 24.375 0.0
1.75 24.375 0.0
2.25 24.375 0.0
2.75 24.375 0.0
3.25 24.375 825.6381
3.75 24.375 1196.2703999999999
4.25 24.375 695.2819
4.75 24.375 306.93850000000003
5.25 24.375 56.068000000000005
5.75 24.375 0.8392999999999999
6.25 24.375 0.0
6.75 24.375 0.0
7.25 24.375 0.0
7.75 24.375 0.0
8.25 24.375 0.0
8.75 24.375 0.0
0.25 24.625 0.0
0.75 24.625 0.0
1.25 24.625 0.0
1.75 24.625 0.0
2.25 24.625 5846.9711
2.75 24.625 7131.6673
3.25 24.625 1157.8145
3.75 24.625 2055.2204
4.25 24.625 1500.3795
4.75 24.625 294.97720000000004
5.25 24.625 68.7043
5.75 24.625 0.4048
6.25 24.625 0.0
6.75 24.625 0.0
7.25 24.625 0.0
7.75 24.625 0.0
8.25 24.625 0.0
8.75 24.625 0.0
0.25 24.875 0.0
0.75 24.875 0.0
1.25 24.875 0.0
1.75 24.875 0.0
2.25 24.875 3419.8011
2.75 24.875 3115.2751
3.25 24.875 2031.0151999999998
3.75 24.875 0.0
4.25 24.875 196.60930000000002
4.75 24.875 204.81550000000001
5.25 24.875 17.1644
5.75 24.875 0.0
6.25 24.875 0.0
6.75 24.875 0.0
7.25 24.875 0.0
7.75 24.875 0.0
8.25 24.875 0.0
8.75 24.875 0.0
0.25 25.125 0.0
0.75 25.125 0.0
1.25 25.125 0.0
1.75 25.125 0.0
2.25 25.125 1904.3424
2.75 25.125 4458.3549
3.25 25.125 0.0
3.75 25.125 0.0
4.25 25.125 688.7189000000001
4.75 25.125 551.8879000000001
5.25 25.125 71.758
5.75 25.125 0.7676000000000001
6.25 25.125 0.0
6.75 25.125 0.0
7.25 25.125 0.0
7.75 25.125 0.0
8.25 25.125 0.0
8.75 25.125 0.0
0.25 25.375 0.0
0.75 25.375 0.0
1.25 25.375 0.0
1.75 25.375 0.0
2.25 25.375 1915.8701
2.75 25.375 2015.7682000000002
3.25 25.375 1740.6389
3.75 25.375 1398.3992999999998
4.25 25.375 285.1253
4.75 25.375 224.66530000000003
5.25 25.375 33.975899999999996
5.75 25.375 0.0
6.25 25.375 0.0
6.75 25.375 0.0
7.25 25.375 0.0
7.75 25.375 0.0
8.25 25.375 0.0
8.75 25.375 0.0
0.25 25.625 0.0
0.75 25.625 0.0
1.25 25.625 0.0
1.75 25.625 0.0
2.25 25.625 2711.6466
2.75 25.625 1432.2550999999999
3.25 25.625 768.9093
3.75 25.625 351.0810000000001
4.25 25.625 698.0612
4.75 25.625 89.8456
5.25 25.625 35.4278
5.75 25.625 0.143
6.25 25.625 0.0
6.75 25.625 0.0
7.25 25.625 0.0
7.75 25.625 0.0
8.25 25.625 0.0
8.75 25.625 0.0
0.25 25.875 0.0
0.75 25.875 0.0
1.25 25.875 0.0
1.75 25.875 0.0
2.25 25.875 2353.0902
2.75 25.875 3140.922
3.25 25.875 1364.9126
3.75 25.875 515.426
4.25 25.875 207.5252
4.75 25.875 79.511
5.25 25.875 25.8879
5.75 25.875 0.0
6.25 25.875 0.0
6.75 25.875 0.0
7.25 25.875 0.0
7.75 25.875 0.0
8.25 25.875 0.0
8.75 25.875 0.0
0.25 26.125 0.0
0.75 26.125 0.0
1.25 26.125 0.0
1.75 26.125 0.0
2.25 26.125 1322.2553
2.75 26.125 909.6310000000001
3.25 26.125 0.0
3.75 26.125 969.0965
4.25 26.125 196.60930000000002
4.75 26.125 89.8456
5.25 26.125 26.648999999999997
5.75 26.125 0.12560000000000002
6.25 26.125 0.0
6.75 26.125 0.0
7.25 26.125 0.0
7.75 26.125 0.0
8.25 26.125 0.0
8.75 26.125 0.0
0.25 26.375 0.0
0.75 26.375 0.0
1.25 26.375 0.0
1.75 26.375 0.0
2.25 26.375 2082.5062000000003
2.75 26.375 1594.7009
3.25 26.375 778.283
3.75 26.375 1423.7068
4.25 26.375 196.60930000000002
4.75 26.375 78.88080000000001
5.25 26.375 11.3108
5.75 26.375 0.1571
6.25 26.375 0.0
6.75 26.375 0.0
7.25 26.375 0.0
7.75 26.375 0.0
8.25 26.375 0.0
8.75 26.375 0.0
0.25 26.625 0.0
0.75 26.625 0.0
1.25 26.625 0.0
1.75 26.625 0.0
2.25 26.625 0.0
2.75 26.625 679.3386
3.25 26.625 0.0
3.75 26.625 1143.8501
4.25 26.625 1149.1981
4.75 26.625 0.0
5.25 26.625 0.0
5.75 26.625 0.0998
6.25 26.625 0.0
6.75 26.625 0.0
7.25 26.625 0.0
7.75 26.625 0.0
8.25 26.625 0.0
8.75 26.625 0.0
0.25 26.875 0.0
0.75 26.875 0.0
1.25 26.875 0.0
1.75 26.875 0.0
2.25 26.875 952.1712
2.75 26.875 1915.4599999999998
3.25 26.875 0.0
3.75 26.875 524.2149000000001
4.25 26.875 418.7015
4.75 26.875 158.51919999999998
5.25 26.875 21.0285
5.75 26.875 0.1749
6.25 26.875 0.0
6.75 26.875 0.0
7.25 26.875 0.0
7.75 26.875 0.0
8.25 26.875 0.0
8.75 26.875 0.0
0.25 27.125 0.0
0.75 27.125 0.0
1.25 27.125 0.0
1.75 27.125 0.0
2.25 27.125 0.0
2.75 27.125 0.0
3.25 27.125 1382.6321
3.75 27.125 819.727
4.25 27.125 285.1253
4.75 27.125 0.0
5.25 27.125 0.0
5.75 27.125 0.0
6.25 27.125 0.0
6.75 27.125 0.0
7.25 27.125 0.0
7.75 27.125 0.0
8.25 27.125 0.0
8.75 27.125 0.0
0.25 27.375 0.0
0.75 27.375 0.0
1.25 27.375 0.0
1.75 27.375 0.0
2.25 27.375 2119.0458999999996
2.75 27.375 0.0
3.25 27.375 0.0
3.75 27.375 0.0
4.25 27.375 600.7438
4.75 27.375 0.0
5.25 27.375 11.0154
5.75 27.375 0.0
6.25 27.375 0.0
6.75 27.375 0.0
7.25 27.375 0.0
7.75 27.375 0.0
8.25 27.375 0.0
8.75 27.375 0.0
0.25 27.625 0.0
0.75 27.625 0.0
1.25 27.625 0.0
1.75 27.625 0.0
2.25 27.625 915.6315
2.75 27.625 0.0
3.25 27.625 0.0
3.75 27.625 0.0
4.25 27.625 196.60930000000002
4.75 27.625 78.88080000000001
5.25 27.625 0.0
5.75 27.625 0.0
6.25 27.625 0.0
6.75 27.625 0.0
7.25 27.625 0.0
7.75 27.625 0.0
8.25 27.625 0.0
8.75 27.625 0.0
0.25 27.875 0.0
0.75 27.875 0.0
1.25 27.875 0.0
1.75 27.875 0.0
2.25 27.875 0.0
2.75 27.875 0.0
3.25 27.875 592.2832999999999
3.75 27.875 0.0
4.25 27.875 0.0
4.75 27.875 78.88080000000001
5.25 27.875 8.5822
5.75 27.875 0.0
6.25 27.875 0.0
6.75 27.875 0.0
7.25 27.875 0.0
7.75 27.875 0.0
8.25 27.875 0.0
8.75 27.875 0.0
0.25 28.125 0.0
0.75 28.125 0.0
1.25 28.125 0.0
1.75 28.125 0.0
2.25 28.125 0.0
2.75 28.125 0.0
3.25 28.125 0.0
3.75 28.125 735.0156000000001
4.25 28.125 285.1253
4.75 28.125 0.0
5.25 28.125 0.0
5.75 28.125 0.0
6.25 28.125 0.0
6.75 28.125 0.0
7.25 28.125 0.0
7.75 28.125 0.0
8.25 28.125 0.0
8.75 28.125 0.0
0.25 28.375 0.0
0.75 28.375 0.0
1.25 28.375 0.0
1.75 28.375 0.0
2.25 28.375 0.0
2.75 28.375 0.0
3.25 28.375 0.0
3.75 28.375 0.0
4.25 28.375 0.0
4.75 28.375 0.0
5.25 28.375 0.0
5.75 28.375 0.0
6.25 28.375 0.0
6.75 28.375 0.0
7.25 28.375 0.0
7.75 28.375 0.0
8.25 28.375 0.0
8.75 28.375 0.0
0.25 28.625 0.0
0.75 28.625 0.0
1.25 28.625 0.0
1.75 28.625 0.0
2.25 28.625 0.0
2.75 28.625 0.0
3.25 28.625 0.0
3.75 28.625 0.0
4.25 28.625 196.60930000000002
4.75 28.625 0.0
5.25 28.625 0.0
5.75 28.625 0.0
6.25 28.625 0.0
6.75 28.625 0.0
7.25 28.625 0.0
7.75 28.625 0.0
8.25 28.625 0.0
8.75 28.625 0.0
0.25 28.875 0.0
0.75 28.875 0.0
1.25 28.875 0.0
1.75 28.875 0.0
2.25 28.875 0.0
2.75 28.875 0.0
3.25 28.875 0.0
3.75 28.875 0.0
4.25 28.875 196.60930000000002
4.75 28.875 0.0
5.25 28.875 0.0
5.75 28.875 0.0
6.25 28.875 0.0
6.75 28.875 0.0
7.25 28.875 0.0
7.75 28.875 0.0
8.25 28.875 0.0
8.75 28.875 0.0
0.25 29.125 0.0
0.75 29.125 0.0
1.25 29.125 0.0
1.75 29.125 0.0
2.25 29.125 0.0
2.75 29.125 0.0
3.25 29.125 0.0
3.75 29.125 0.0
4.25 29.125 0.0
4.75 29.125 0.0
5.25 29.125 0.0
5.75 29.125 0.0
6.25 29.125 0.0
6.75 29.125 0.0
7.25 29.125 0.0
7.75 29.125 0.0
8.25 29.125 0.0
8.75 29.125 0.0
0.25 29.375 0.0
0.75 29.375 0.0
1.25 29.375 0.0
1.75 29.375 0.0
2.25 29.375 0.0
2.75 29.375 0.0
3.25 29.375 0.0
3.75 29.375 0.0
4.25 29.375 0.0
4.75 29.375 0.0
5.25 29.375 0.0
5.75 29.375 0.0
6.25 29.375 0.0
6.75 29.375 0.0
7.25 29.375 0.0
7.75 29.375 0.0
8.25 29.375 0.0
8.75 29.375 0.0
0.25 29.625 0.0
0.75 29.625 0.0
1.25 29.625 0.0
1.75 29.625 0.0
2.25 29.625 0.0
2.75 29.625 0.0
3.25 29.625 0.0
3.75 29.625 0.0
4.25 29.625 0.0
4.75 29.625 0.0
5.25 29.625 0.0
5.75 29.625 0.0
6.25 29.625 0.0
6.75 29.625 0.0
7.25 29.625 0.0
7.75 29.625 0.0
8.25 29.625 0.0
8.75 29.625 0.0
0.25 29.875 0.0
0.75 29.875 0.0
1.25 29.875 0.0
1.75 29.875 0.0
2.25 29.875 0.0
2.75 29.875 0.0
3.25 29.875 0.0
3.75 29.875 0.0
4.25 29.875 0.0
4.75 29.875 0.0
5.25 29.875 0.0
5.75 29.875 0.0
6.25 29.875 0.0
6.75 29.875 0.0
7.25 29.875 0.0
7.75 29.875 0.0
8.25 29.875 0.0
8.75 29.875 0.0
