0.25 0.125 0.0
0.75 0.125 35114.4606
1.25 0.125 1528222.2028
1.75 0.125 931685.3756
2.25 0.125 1681024.2269
2.75 0.125 960621.2957000001
3.25 0.125 7394077.2676
3.75 0.125 1434487.8247999998
4.25 0.125 4585527.101600001
4.75 0.125 695562.7795999999
5.25 0.125 721128.6166999999
5.75 0.125 1371299.1893000002
6.25 0.125 739239.0007
6.75 0.125 621281.6817
7.25 0.125 262109.1446
7.75 0.125 17071.715099999998
8.25 0.125 1555.5611999999999
8.75 0.125 0.0
0.25 0.375 0.0
0.75 0.375 0.0
1.25 0.375 29162816.512900002
1.75 0.375 76098371.6478
2.25 0.375 15837199.833299998
2.75 0.375 30003963.5623
3.25 0.375 41995243.2459
3.75 0.375 19430879.7264
4.25 0.375 4313438.1619
4.75 0.375 13380519.1625
5.25 0.375 13583521.1098
5.75 0.375 12931195.5774
6.25 0.375 7042190.532699999
6.75 0.375 3569819.2476999997
7.25 0.375 3513761.6038999995
7.75 0.375 902412.7548999999
8.25 0.375 48718.103200000005
8.75 0.375 0.0
0.25 0.625 0.0
0.75 0.625 344975.9488
1.25 0.625 33192260.208699998
1.75 0.625 42304811.4228
2.25 0.625 82262042.72299999
2.75 0.625 57114161.61729999
3.25 0.625 24191406.240299996
3.75 0.625 41174596.6064
4.25 0.625 28953189.6626
4.75 0.625 44810387.3181
5.25 0.625 34729042.8956
5.75 0.625 39415463.40270001
6.25 0.625 12937727.96
6.75 0.625 11207902.6441
7.25 0.625 1816564.5712999997
7.75 0.625 1981060.8016
8.25 0.625 6496.915400000001
8.75 0.625 0.0
0.25 0.875 0.0
0.75 0.875 0.0
1.25 0.875 10116478.6151
1.75 0.875 60079009.478700005
2.25 0.875 63791553.328200005
2.75 0.875 69952022.41169998
3.25 0.875 71091148.0478
3.75 0.875 42034850.993
4.25 0.875 76890759.86899999
4.75 0.875 40650660.4426
5.25 0.875 45242463.8746
5.75 0.875 36577316.5768
6.25 0.875 13179806.578100001
6.75 0.875 8680332.6532
7.25 0.875 6291847.248099998
7.75 0.875 791514.4255999998
8.25 0.875 1155.1646
8.75 0.875 0.0
0.25 1.125 0.0
0.75 1.125 0.0
1.25 1.125 5113.748500000001
1.75 1.125 59944740.064600006
2.25 1.125 71649215.24120001
2.75 1.125 98193969.58229999
3.25 1.125 63231614.9878
3.75 1.125 40801377.7084
4.25 1.125 19274454.5179
4.75 1.125 15620762.3521
5.25 1.125 14953297.361299999
5.75 1.125 23986587.860099997
6.25 1.125 12761453.939900002
6.75 1.125 6649433.450099998
7.25 1.125 3894625.5570999994
7.75 1.125 178610.8817
8.25 1.125 0.0332
8.75 1.125 0.0
0.25 1.375 0.0
0.75 1.375 0.0
1.25 1.375 0.0
1.75 1.375 52232245.9857
2.25 1.375 63665449.071399994
2.75 1.375 39247388.5597
3.25 1.375 89603238.51689996
3.75 1.375 48153835.81200001
4.25 1.375 62181648.69689999
4.75 1.375 57824846.753
5.25 1.375 17196325.7129
5.75 1.375 13178779.427099999
6.25 1.375 18925823.8247
6.75 1.375 5020616.1057
7.25 1.375 995711.1732999999
7.75 1.375 97786.1964
8.25 1.375 0.0
8.75 1.375 0.0
0.25 1.625 0.0
0.75 1.625 0.0
1.25 1.625 0.0
1.75 1.625 46456053.508499995
2.25 1.625 50046866.1543
2.75 1.625 34449210.79320001
3.25 1.625 41887577.55750001
3.75 1.625 29074605.0167
4.25 1.625 26317942.370799996
4.75 1.625 39903042.241900004
5.25 1.625 17790148.4213
5.75 1.625 15128021.9082
6.25 1.625 5467315.1367
6.75 1.625 3913473.9782000002
7.25 1.625 568589.2478
7.75 1.625 15059.413700000001
8.25 1.625 0.0
8.75 1.625 0.0
0.25 1.875 0.0
0.75 1.875 0.0
1.25 1.875 0.0
1.75 1.875 38179128.70310002
2.25 1.875 43277551.38250001
2.75 1.875 59927051.67130001
3.25 1.875 18603934.1219
3.75 1.875 23231903.8567
4.25 1.875 32440363.185999993
4.75 1.875 11822849.6766
5.25 1.875 15175620.7089
5.75 1.875 12823435.3203
6.25 1.875 8216866.899599999
6.75 1.875 2675672.1960999994
7.25 1.875 222569.18920000002
7.75 1.875 95845.8414
8.25 1.875 422.0049
8.75 1.875 0.0
0.25 2.125 0.0
0.75 2.125 0.0
1.25 2.125 0.0
1.75 2.125 5580166.941099999
2.25 2.125 30687991.100300003
2.75 2.125 25920271.6433
3.25 2.125 30485686.9378
3.75 2.125 17525234.717299998
4.25 2.125 15530094.333600001
4.75 2.125 14208459.3491
5.25 2.125 11771962.6388
5.75 2.125 11009643.155
6.25 2.125 4571667.0348
6.75 2.125 3241484.153
7.25 2.125 772838.4943
7.75 2.125 122774.8487
8.25 2.125 83.1308
8.75 2.125 0.0
0.25 2.375 0.0
0.75 2.375 0.0
1.25 2.375 0.0
1.75 2.375 3406508.9438
2.25 2.375 27377955.105600007
2.75 2.375 21722874.611100003
3.25 2.375 25643052.5187
3.75 2.375 15346519.903799998
4.25 2.375 21827104.968599997
4.75 2.375 9419916.8657
5.25 2.375 12444397.3706
5.75 2.375 11738417.916299999
6.25 2.375 3516927.6119000004
6.75 2.375 995438.7105999999
7.25 2.375 681376.9889000001
7.75 2.375 35582.6303
8.25 2.375 3.8045999999999998
8.75 2.375 0.0
0.25 2.625 0.0
0.75 2.625 0.0
1.25 2.625 0.0
1.75 2.625 3509.7194
2.25 2.625 17666411.434
2.75 2.625 11399500.295699999
3.25 2.625 22216550.2408
3.75 2.625 29274189.604199998
4.25 2.625 5570885.3143
4.75 2.625 9606901.5337
5.25 2.625 6608463.1356
5.75 2.625 6116581.007300001
6.25 2.625 3326967.6726
6.75 2.625 700120.6409
7.25 2.625 265259.21140000003
7.75 2.625 1338.9418999999998
8.25 2.625 0.0009
8.75 2.625 0.0
0.25 2.875 0.0
0.75 2.875 0.0
1.25 2.875 0.0
1.75 2.875 0.0
2.25 2.875 10637471.6822
2.75 2.875 11738143.335800001
3.25 2.875 14927502.7456
3.75 2.875 7979451.5672
4.25 2.875 10709863.0424
4.75 2.875 4535183.0486
5.25 2.875 3742589.4299
5.75 2.875 4786617.903500001
6.25 2.875 1445830.8644
6.75 2.875 572479.2804
7.25 2.875 105256.3631
7.75 2.875 1926.0996
8.25 2.875 0.0
8.75 2.875 0.0
0.25 3.125 0.0
0.75 3.125 0.0
1.25 3.125 0.0
1.75 3.125 0.0
2.25 3.125 5221342.7584
2.75 3.125 7361140.8433
3.25 3.125 14954462.89
3.75 3.125 12819733.949000001
4.25 3.125 8492895.963399999
4.75 3.125 5486067.672300001
5.25 3.125 4198845.494
5.75 3.125 4585444.451800001
6.25 3.125 1014242.9768999999
6.75 3.125 685920.4180999999
7.25 3.125 121449.80470000001
7.75 3.125 2859.5459999999994
8.25 3.125 0.0
8.75 3.125 0.0
0.25 3.375 0.0
0.75 3.375 0.0
1.25 3.375 0.0
1.75 3.375 0.0
2.25 3.375 10630481.1234
2.75 3.375 11655025.387600003
3.25 3.375 7989831.404100002
3.75 3.375 13855191.9483
4.25 3.375 5772335.7425
4.75 3.375 3544275.6299
5.25 3.375 5114571.3347
5.75 3.375 1539295.806
6.25 3.375 365775.70499999996
6.75 3.375 368102.8284
7.25 3.375 20250.291100000002
7.75 3.375 2.5565
8.25 3.375 0.0
8.75 3.375 0.0
0.25 3.625 0.0
0.75 3.625 0.0
1.25 3.625 0.0
1.75 3.625 0.0
2.25 3.625 5888339.8034
2.75 3.625 11314814.3277
3.25 3.625 3697311.3992999992
3.75 3.625 4041774.4454000005
4.25 3.625 3975134.8441999997
4.75 3.625 3010812.2364000003
5.25 3.625 150847.96870000003
5.75 3.625 888244.0760000001
6.25 3.625 454600.3458
6.75 3.625 233103.08989999996
7.25 3.625 27997.1293
7.75 3.625 203.8583
8.25 3.625 0.0
8.75 3.625 0.0
0.25 3.875 0.0
0.75 3.875 0.0
1.25 3.875 0.0
1.75 3.875 0.0
2.25 3.875 8844331.421699999
2.75 3.875 3412698.4713000003
3.25 3.875 4157955.4416000005
3.75 3.875 2352489.1388000003
4.25 3.875 3222259.1323
4.75 3.875 4204893.5469
5.25 3.875 3203279.7879000003
5.75 3.875 123142.1078
6.25 3.875 608823.0956000001
6.75 3.875 270735.88200000004
7.25 3.875 14322.7204
7.75 3.875 3.712799999999999
8.25 3.875 0.0
8.75 3.875 0.0
0.25 4.125 0.0
0.75 4.125 0.0
1.25 4.125 0.0
1.75 4.125 0.0
2.25 4.125 5876567.932600001
2.75 4.125 5480581.5946
3.25 4.125 6177278.264700001
3.75 4.125 2909334.0322000002
4.25 4.125 3925610.0069999993
4.75 4.125 2229552.1743
5.25 4.125 1503398.3246000002
5.75 4.125 1099232.8602
6.25 4.125 624908.5373999999
6.75 4.125 98663.0106
7.25 4.125 11045.832000000002
7.75 4.125 0.0098
8.25 4.125 0.0
8.75 4.125 0.0
0.25 4.375 0.0
0.75 4.375 0.0
1.25 4.375 0.0
1.75 4.375 0.0
2.25 4.375 2244855.6002999996
2.75 4.375 5671217.220099999
3.25 4.375 5735020.259500001
3.75 4.375 2767728.5308999997
4.25 4.375 1962549.9219
4.75 4.375 2294535.5392000005
5.25 4.375 583629.3088000001
5.75 4.375 1155624.6696
6.25 4.375 127519.13940000001
6.75 4.375 129469.13769999999
7.25 4.375 7483.700500000001
7.75 4.375 0.010199999999999997
8.25 4.375 0.0
8.75 4.375 0.0
0.25 4.625 0.0
0.75 4.625 0.0
1.25 4.625 0.0
1.75 4.625 0.0
2.25 4.625 5766407.0693
2.75 4.625 5263600.3647
3.25 4.625 4824053.888000001
3.75 4.625 2093613.8749
4.25 4.625 848153.7544000002
4.75 4.625 444077.0557
5.25 4.625 1457962.9877000002
5.75 4.625 1311859.1151999997
6.25 4.625 179535.17190000004
6.75 4.625 31433.250600000003
7.25 4.625 1866.7736999999997
7.75 4.625 0.0
8.25 4.625 0.0
8.75 4.625 0.0
0.25 4.875 0.0
0.75 4.875 0.0
1.25 4.875 0.0
1.75 4.875 0.0
2.25 4.875 3335685.1842000005
2.75 4.875 1547282.8754
3.25 4.875 1073884.4686
3.75 4.875 951276.8401999999
4.25 4.875 1467688.3156
4.75 4.875 1506346.5627999997
5.25 4.875 674175.9974999999
5.75 4.875 800738.3085
6.25 4.875 116637.8477
6.75 4.875 53728.5155
7.25 4.875 128.50390000000002
7.75 4.875 0.0
8.25 4.875 0.0
8.75 4.875 0.0
0.25 5.125 0.0
0.75 5.125 0.0
1.25 5.125 0.0
1.75 5.125 0.0
2.25 5.125 3019133.3716000007
2.75 5.125 2659766.3966
3.25 5.125 497359.6605
3.75 5.125 2157991.6975
4.25 5.125 2002529.8783000002
4.75 5.125 756508.4839
5.25 5.125 446072.9926
5.75 5.125 436668.6717
6.25 5.125 230149.5437
6.75 5.125 30072.920000000002
7.25 5.125 336.5561
7.75 5.125 0.0
8.25 5.125 0.0
8.75 5.125 0.0
0.25 5.375 0.0
0.75 5.375 0.0
1.25 5.375 0.0
1.75 5.375 0.0
2.25 5.375 3247818.1881999997
2.75 5.375 1251176.7607
3.25 5.375 2565089.2091
3.75 5.375 1741361.6134000001
4.25 5.375 1679933.7804000003
4.75 5.375 1007299.9657000002
5.25 5.375 866668.1345999999
5.75 5.375 258591.96319999994
6.25 5.375 21733.139099999997
6.75 5.375 4001.5185999999994
7.25 5.375 228.91310000000004
7.75 5.375 0.0
8.25 5.375 0.0
8.75 5.375 0.0
0.25 5.625 0.0
0.75 5.625 0.0
1.25 5.625 0.0
1.75 5.625 0.0
2.25 5.625 2566610.1722
2.75 5.625 2268518.316100001
3.25 5.625 1095937.6558
3.75 5.625 1406218.1867999998
4.25 5.625 1354458.3804
4.75 5.625 388143.03409999993
5.25 5.625 336173.91620000004
5.75 5.625 265164.9397
6.25 5.625 83111.40419999999
6.75 5.625 3935.8529
7.25 5.625 33.352700000000006
7.75 5.625 0.0
8.25 5.625 0.0
8.75 5.625 0.0
0.25 5.875 0.0
0.75 5.875 0.0
1.25 5.875 0.0
1.75 5.875 0.0
2.25 5.875 1210964.2562
2.75 5.875 1310969.3790000002
3.25 5.875 842586.6181
3.75 5.875 1116496.7649
4.25 5.875 707445.2751000001
4.75 5.875 746738.2377
5.25 5.875 270055.126
5.75 5.875 218453.30989999993
6.25 5.875 24974.5904
6.75 5.875 14427.665199999998
7.25 5.875 0.0455
7.75 5.875 0.0
8.25 5.875 0.0
8.75 5.875 0.0
0.25 6.125 0.0
0.75 6.125 0.0
1.25 6.125 0.0
1.75 6.125 0.0
2.25 6.125 37675.538
2.75 6.125 1761225.9525000001
3.25 6.125 1781958.3753
3.75 6.125 582737.9766000002
4.25 6.125 602115.1103
4.75 6.125 100574.3559
5.25 6.125 219512.04249999998
5.75 6.125 174128.14250000002
6.25 6.125 59998.641200000005
6.75 6.125 3432.4069000000004
7.25 6.125 2.0436999999999994
7.75 6.125 0.0
8.25 6.125 0.0
8.75 6.125 0.0
0.25 6.375 0.0
0.75 6.375 0.0
1.25 6.375 0.0
1.75 6.375 0.0
2.25 6.375 1673063.7195000001
2.75 6.375 890182.4540000001
3.25 6.375 417886.807
3.75 6.375 616895.8993
4.25 6.375 1050826.2341
4.75 6.375 572984.3716999999
5.25 6.375 395371.21450000006
5.75 6.375 41476.748999999996
6.25 6.375 25425.4631
6.75 6.375 2767.8566
7.25 6.375 18.522200000000005
7.75 6.375 0.0
8.25 6.375 0.0
8.75 6.375 0.0
0.25 6.625 0.0
0.75 6.625 0.0
1.25 6.625 0.0
1.75 6.625 0.0
2.25 6.625 1971912.0943
2.75 6.625 552824.2731000001
3.25 6.625 808244.8971999998
3.75 6.625 1170683.2783
4.25 6.625 455378.03760000004
4.75 6.625 304345.9435000001
5.25 6.625 242238.9602
5.75 6.625 143965.48039999997
6.25 6.625 18259.1093
6.75 6.625 1098.6467
7.25 6.625 0.1589
7.75 6.625 0.0
8.25 6.625 0.0
8.75 6.625 0.0
0.25 6.875 0.0
0.75 6.875 0.0
1.25 6.875 0.0
1.75 6.875 0.0
2.25 6.875 628804.6625
2.75 6.875 416413.4682
3.25 6.875 462887.80279999995
3.75 6.875 176157.4552
4.25 6.875 509558.1416999999
4.75 6.875 246145.6894
5.25 6.875 135895.17200000002
5.75 6.875 154946.56479999996
6.25 6.875 6513.8919
6.75 6.875 1720.5493
7.25 6.875 0.0462
7.75 6.875 0.0
8.25 6.875 0.0
8.75 6.875 0.0
0.25 7.125 0.0
0.75 7.125 0.0
1.25 7.125 0.0
1.75 7.125 0.0
2.25 7.125 668255.1765999999
2.75 7.125 660103.0485
3.25 7.125 613133.1352000001
3.75 7.125 186323.7071
4.25 7.125 318407.6574000001
4.75 7.125 244634.23109999995
5.25 7.125 188891.3938
5.75 7.125 64928.801799999994
6.25 7.125 18329.0663
6.75 7.125 516.9159999999999
7.25 7.125 0.091
7.75 7.125 0.0
8.25 7.125 0.0
8.75 7.125 0.0
0.25 7.375 0.0
0.75 7.375 0.0
1.25 7.375 0.0
1.75 7.375 0.0
2.25 7.375 1104288.9996999996
2.75 7.375 396972.73329999996
3.25 7.375 371434.2625
3.75 7.375 325734.552
4.25 7.375 153163.9655
4.75 7.375 360608.0389
5.25 7.375 101314.67839999999
5.75 7.375 48863.3531
6.25 7.375 6608.864600000001
6.75 7.375 242.98329999999999
7.25 7.375 0.0
7.75 7.375 0.0
8.25 7.375 0.0
8.75 7.375 0.0
0.25 7.625 0.0
0.75 7.625 0.0
1.25 7.625 0.0
1.75 7.625 0.0
2.25 7.625 799918.5967999999
2.75 7.625 562545.2085
3.25 7.625 304688.761
3.75 7.625 364130.5072
4.25 7.625 442570.03309999994
4.75 7.625 211854.19900000002
5.25 7.625 146362.31690000003
5.75 7.625 47190.4986
6.25 7.625 5139.241500000001
6.75 7.625 1137.6987
7.25 7.625 0.0007000000000000001
7.75 7.625 0.0
8.25 7.625 0.0
8.75 7.625 0.0
0.25 7.875 0.0
0.75 7.875 0.0
1.25 7.875 0.0
1.75 7.875 0.0
2.25 7.875 461901.5405
2.75 7.875 452569.01509999996
3.25 7.875 397445.22469999996
3.75 7.875 233630.34159999996
4.25 7.875 158435.48119999995
4.75 7.875 19545.1274
5.25 7.875 13378.5238
5.75 7.875 47758.6342
6.25 7.875 3498.7555000000007
6.75 7.875 72.8995
7.25 7.875 0.0
7.75 7.875 0.0
8.25 7.875 0.0
8.75 7.875 0.0
0.25 8.125 0.0
0.75 8.125 0.0
1.25 8.125 0.0
1.75 8.125 0.0
2.25 8.125 227497.45130000002
2.75 8.125 578560.4414000001
3.25 8.125 221134.00579999998
3.75 8.125 311832.4615999999
4.25 8.125 153504.77229999998
4.75 8.125 122206.49759999999
5.25 8.125 53235.225099999996
5.75 8.125 83233.49499999998
6.25 8.125 4774.7622
6.75 8.125 85.53269999999999
7.25 8.125 0.0
7.75 8.125 0.0
8.25 8.125 0.0
8.75 8.125 0.0
0.25 8.375 0.0
0.75 8.375 0.0
1.25 8.375 0.0
1.75 8.375 0.0
2.25 8.375 491244.64240000007
2.75 8.375 302365.0138999999
3.25 8.375 491169.36740000005
3.75 8.375 139062.6325
4.25 8.375 180901.65709999998
4.75 8.375 80775.84479999999
5.25 8.375 84136.32179999999
5.75 8.375 34749.03310000001
6.25 8.375 4980.742499999999
6.75 8.375 61.012699999999995
7.25 8.375 0.0
7.75 8.375 0.0
8.25 8.375 0.0
8.75 8.375 0.0
0.25 8.625 0.0
0.75 8.625 0.0
1.25 8.625 0.0
1.75 8.625 0.0
2.25 8.625 1135666.9496
2.75 8.625 182623.5375
3.25 8.625 361046.5829
3.75 8.625 331343.98639999994
4.25 8.625 151510.88419999997
4.75 8.625 108101.827
5.25 8.625 45503.388900000005
5.75 8.625 16112.4252
6.25 8.625 3354.1472000000003
6.75 8.625 1.1651
7.25 8.625 0.0
7.75 8.625 0.0
8.25 8.625 0.0
8.75 8.625 0.0
0.25 8.875 0.0
0.75 8.875 0.0
1.25 8.875 0.0
1.75 8.875 0.0
2.25 8.875 279620.4683
2.75 8.875 285920.33109999995
3.25 8.875 404321.4917
3.75 8.875 141750.7435
4.25 8.875 193241.69619999998
4.75 8.875 152596.35129999998
5.25 8.875 34890.3682
5.75 8.875 14830.396599999996
6.25 8.875 388.4614
6.75 8.875 21.924000000000003
7.25 8.875 0.0
7.75 8.875 0.0
8.25 8.875 0.0
8.75 8.875 0.0
0.25 9.125 0.0
0.75 9.125 0.0
1.25 9.125 0.0
1.75 9.125 0.0
2.25 9.125 356915.61579999997
2.75 9.125 289339.58579999994
3.25 9.125 349661.4660999999
3.75 9.125 90528.046
4.25 9.125 121485.63410000001
4.75 9.125 80249.07960000001
5.25 9.125 34579.7274
5.75 9.125 11215.714899999999
6.25 9.125 1477.2264
6.75 9.125 13.8873
7.25 9.125 0.0
7.75 9.125 0.0
8.25 9.125 0.0
8.75 9.125 0.0
0.25 9.375 0.0
0.75 9.375 0.0
1.25 9.375 0.0
1.75 9.375 0.0
2.25 9.375 170207.4429
2.75 9.375 154401.4667
3.25 9.375 278959.0604
3.75 9.375 134158.3714
4.25 9.375 108243.64539999998
4.75 9.375 73155.91029999999
5.25 9.375 23132.821099999997
5.75 9.375 11941.3531
6.25 9.375 1818.137
6.75 9.375 2.6383
7.25 9.375 0.0
7.75 9.375 0.0
8.25 9.375 0.0
8.75 9.375 0.0
0.25 9.625 0.0
0.75 9.625 0.0
1.25 9.625 0.0
1.75 9.625 0.0
2.25 9.625 193258.16530000002
2.75 9.625 368851.1664
3.25 9.625 132721.4326
3.75 9.625 140085.3417
4.25 9.625 103342.38479999999
4.75 9.625 96052.3474
5.25 9.625 52108.7186
5.75 9.625 25049.022499999995
6.25 9.625 155.86769999999999
6.75 9.625 4.824599999999999
7.25 9.625 0.0
7.75 9.625 0.0
8.25 9.625 0.0
8.75 9.625 0.0
0.25 9.875 0.0
0.75 9.875 0.0
1.25 9.875 0.0
1.75 9.875 0.0
2.25 9.875 227536.2132
2.75 9.875 366376.3383999999
3.25 9.875 256292.45129999996
3.75 9.875 26318.555099999998
4.25 9.875 98461.63089999999
4.75 9.875 48080.764299999995
5.25 9.875 4912.143999999999
5.75 9.875 1066.9239
6.25 9.875 65.06000000000002
6.75 9.875 0.009099999999999999
7.25 9.875 0.0
7.75 9.875 0.0
8.25 9.875 0.0
8.75 9.875 0.0
0.25 10.125 0.0
0.75 10.125 0.0
1.25 10.125 0.0
1.75 10.125 0.0
2.25 10.125 239530.13079999998
2.75 10.125 253199.2387
3.25 10.125 145681.95149999997
3.75 10.125 122904.24109999998
4.25 10.125 78767.68930000001
4.75 10.125 59140.219000000005
5.25 10.125 16521.4491
5.75 10.125 5710.4948
6.25 10.125 672.0381000000002
6.75 10.125 2.8779999999999997
7.25 10.125 0.0
7.75 10.125 0.0
8.25 10.125 0.0
8.75 10.125 0.0
0.25 10.375 0.0
0.75 10.375 0.0
1.25 10.375 0.0
1.75 10.375 0.0
2.25 10.375 127317.85409999998
2.75 10.375 277005.1845
3.25 10.375 139333.6207
3.75 10.375 115324.06190000002
4.25 10.375 104901.0576
4.75 10.375 40661.42110000001
5.25 10.375 42493.052899999995
5.75 10.375 2567.7329
6.25 10.375 30.1952
6.75 10.375 0.041
7.25 10.375 0.0
7.75 10.375 0.0
8.25 10.375 0.0
8.75 10.375 0.0
0.25 10.625 0.0
0.75 10.625 0.0
1.25 10.625 0.0
1.75 10.625 0.0
2.25 10.625 48974.2232
2.75 10.625 99111.74019999999
3.25 10.625 136341.7345
3.75 10.625 61162.9488
4.25 10.625 23630.366899999997
4.75 10.625 39114.0721
5.25 10.625 16764.087700000004
5.75 10.625 4437.2358
6.25 10.625 241.0715
6.75 10.625 0.7081999999999999
7.25 10.625 0.0
7.75 10.625 0.0
8.25 10.625 0.0
8.75 10.625 0.0
0.25 10.875 0.0
0.75 10.875 0.0
1.25 10.875 0.0
1.75 10.875 0.0
2.25 10.875 180279.4084
2.75 10.875 45822.0924
3.25 10.875 108484.4375
3.75 10.875 84140.61249999999
4.25 10.875 108008.1236
4.75 10.875 24424.287899999996
5.25 10.875 29629.184500000003
5.75 10.875 6854.557400000001
6.25 10.875 176.24129999999997
6.75 10.875 0.0422
7.25 10.875 0.0
7.75 10.875 0.0
8.25 10.875 0.0
8.75 10.875 0.0
0.25 11.125 0.0
0.75 11.125 0.0
1.25 11.125 0.0
1.75 11.125 0.0
2.25 11.125 88633.4562
2.75 11.125 178777.90730000002
3.25 11.125 79651.7335
3.75 11.125 55510.222799999996
4.25 11.125 86395.7574
4.75 11.125 48635.2342
5.25 11.125 14297.938600000003
5.75 11.125 1080.5526999999997
6.25 11.125 103.9092
6.75 11.125 0.0159
7.25 11.125 0.0
7.75 11.125 0.0
8.25 11.125 0.0
8.75 11.125 0.0
0.25 11.375 0.0
0.75 11.375 0.0
1.25 11.375 0.0
1.75 11.375 0.0
2.25 11.375 181839.21910000002
2.75 11.375 25659.626200000002
3.25 11.375 168677.49929999997
3.75 11.375 31638.081499999997
4.25 11.375 59813.59730000001
4.75 11.375 17804.310300000005
5.25 11.375 10385.221099999999
5.75 11.375 2565.3097000000002
6.25 11.375 541.2136
6.75 11.375 0.0906
7.25 11.375 0.0
7.75 11.375 0.0
8.25 11.375 0.0
8.75 11.375 0.0
0.25 11.625 0.0
0.75 11.625 0.0
1.25 11.625 0.0
1.75 11.625 0.0
2.25 11.625 70141.9734
2.75 11.625 106813.6451
3.25 11.625 120334.32119999999
3.75 11.625 74406.36189999999
4.25 11.625 20120.3517
4.75 11.625 20379.4521
5.25 11.625 8590.476900000001
5.75 11.625 119.4748
6.25 11.625 50.281099999999995
6.75 11.625 0.0002
7.25 11.625 0.0
7.75 11.625 0.0
8.25 11.625 0.0
8.75 11.625 0.0
0.25 11.875 0.0
0.75 11.875 0.0
1.25 11.875 0.0
1.75 11.875 0.0
2.25 11.875 155015.0538
2.75 11.875 97082.5013
3.25 11.875 138780.49879999997
3.75 11.875 106875.7911
4.25 11.875 38327.58470000001
4.75 11.875 1617.6178
5.25 11.875 14696.9675
5.75 11.875 1248.2633999999998
6.25 11.875 112.20850000000002
6.75 11.875 0.018000000000000002
7.25 11.875 0.0
7.75 11.875 0.0
8.25 11.875 0.0
8.75 11.875 0.0
0.25 12.125 0.0
0.75 12.125 0.0
1.25 12.125 0.0
1.75 12.125 0.0
2.25 12.125 151885.2215
2.75 12.125 85606.13350000001
3.25 12.125 83367.46979999999
3.75 12.125 20116.196099999997
4.25 12.125 28902.037200000002
4.75 12.125 7069.4314
5.25 12.125 10736.4441
5.75 12.125 609.4701
6.25 12.125 94.0935
6.75 12.125 0.0
7.25 12.125 0.0
7.75 12.125 0.0
8.25 12.125 0.0
8.75 12.125 0.0
0.25 12.375 0.0
0.75 12.375 0.0
1.25 12.375 0.0
1.75 12.375 0.0
2.25 12.375 61711.7201
2.75 12.375 84839.83370000002
3.25 12.375 35955.13419999999
3.75 12.375 67145.4934
4.25 12.375 41608.02340000001
4.75 12.375 14524.062200000002
5.25 12.375 4941.449200000001
5.75 12.375 716.5289000000001
6.25 12.375 42.869
6.75 12.375 0.0001
7.25 12.375 0.0
7.75 12.375 0.0
8.25 12.375 0.0
8.75 12.375 0.0
0.25 12.625 0.0
0.75 12.625 0.0
1.25 12.625 0.0
1.75 12.625 0.0
2.25 12.625 70742.9029
2.75 12.625 103894.37620000003
3.25 12.625 49088.86519999999
3.75 12.625 23398.443199999998
4.25 12.625 66521.81200000002
4.75 12.625 26624.685400000002
5.25 12.625 626.7141
5.75 12.625 2024.7903999999999
6.25 12.625 55.364
6.75 12.625 0.0
7.25 12.625 0.0
7.75 12.625 0.0
8.25 12.625 0.0
8.75 12.625 0.0
0.25 12.875 0.0
0.75 12.875 0.0
1.25 12.875 0.0
1.75 12.875 0.0
2.25 12.875 67326.0882
2.75 12.875 42847.83150000001
3.25 12.875 77347.96310000001
3.75 12.875 22774.221100000002
4.25 12.875 28271.2754
4.75 12.875 15074.978799999997
5.25 12.875 5803.601699999999
5.75 12.875 1116.6378
6.25 12.875 14.170500000000002
6.75 12.875 0.0
7.25 12.875 0.0
7.75 12.875 0.0
8.25 12.875 0.0
8.75 12.875 0.0
0.25 13.125 0.0
0.75 13.125 0.0
1.25 13.125 0.0
1.75 13.125 0.0
2.25 13.125 63380.0887
2.75 13.125 69587.499
3.25 13.125 17122.0124
3.75 13.125 54071.52790000001
4.25 13.125 32292.803200000013
4.75 13.125 6666.9113
5.25 13.125 4175.4896
5.75 13.125 1311.81
6.25 13.125 12.3347
6.75 13.125 0.0
7.25 13.125 0.0
7.75 13.125 0.0
8.25 13.125 0.0
8.75 13.125 0.0
0.25 13.375 0.0
0.75 13.375 0.0
1.25 13.375 0.0
1.75 13.375 0.0
2.25 13.375 95701.35190000001
2.75 13.375 76076.02600000001
3.25 13.375 41041.3156
3.75 13.375 14484.667099999999
4.25 13.375 22126.663800000002
4.75 13.375 12533.165200000001
5.25 13.375 1358.209
5.75 13.375 2127.3224999999998
6.25 13.375 31.490399999999994
6.75 13.375 0.0
7.25 13.375 0.0
7.75 13.375 0.0
8.25 13.375 0.0
8.75 13.375 0.0
0.25 13.625 0.0
0.75 13.625 0.0
1.25 13.625 0.0
1.75 13.625 0.0
2.25 13.625 98964.54479999999
2.75 13.625 40207.6461
3.25 13.625 33278.4884
3.75 13.625 27813.0283
4.25 13.625 21203.046899999998
4.75 13.625 25611.8363
5.25 13.625 3444.6014
5.75 13.625 439.6797
6.25 13.625 3.1321
6.75 13.625 0.0
7.25 13.625 0.0
7.75 13.625 0.0
8.25 13.625 0.0
8.75 13.625 0.0
0.25 13.875 0.0
0.75 13.875 0.0
1.25 13.875 0.0
1.75 13.875 0.0
2.25 13.875 31513.305800000002
2.75 13.875 25081.3432
3.25 13.875 46996.03020000001
3.75 13.875 29796.397599999997
4.25 13.875 19301.877099999998
4.75 13.875 10121.366399999999
5.25 13.875 5697.988999999999
5.75 13.875 1157.3181000000004
6.25 13.875 0.8356999999999999
6.75 13.875 0.0
7.25 13.875 0.0
7.75 13.875 0.0
8.25 13.875 0.0
8.75 13.875 0.0
0.25 14.125 0.0
0.75 14.125 0.0
1.25 14.125 0.0
1.75 14.125 0.0
2.25 14.125 67568.56770000001
2.75 14.125 46732.6865
3.25 14.125 27056.1413
3.75 14.125 23439.879100000002
4.25 14.125 30601.783600000002
4.75 14.125 16126.648100000002
5.25 14.125 3514.6794999999997
5.75 14.125 172.0133
6.25 14.125 6.5407
6.75 14.125 0.0
7.25 14.125 0.0
7.75 14.125 0.0
8.25 14.125 0.0
8.75 14.125 0.0
0.25 14.375 0.0
0.75 14.375 0.0
1.25 14.375 0.0
1.75 14.375 0.0
2.25 14.375 35583.92050000001
2.75 14.375 40299.1969
3.25 14.375 27766.2644
3.75 14.375 3066.6152999999995
4.25 14.375 27401.442199999998
4.75 14.375 6324.542400000001
5.25 14.375 3831.0146
5.75 14.375 314.3312
6.25 14.375 8.055399999999997
6.75 14.375 0.0
7.25 14.375 0.0
7.75 14.375 0.0
8.25 14.375 0.0
8.75 14.375 0.0
0.25 14.625 0.0
0.75 14.625 0.0
1.25 14.625 0.0
1.75 14.625 0.0
2.25 14.625 37908.0161
2.75 14.625 14800.099999999999
3.25 14.625 16243.068700000002
3.75 14.625 26308.296900000005
4.25 14.625 15080.053399999999
4.75 14.625 14580.4497
5.25 14.625 1975.1893000000002
5.75 14.625 973.7819000000001
6.25 14.625 0.048100000000000004
6.75 14.625 0.0
7.25 14.625 0.0
7.75 14.625 0.0
8.25 14.625 0.0
8.75 14.625 0.0
0.25 14.875 0.0
0.75 14.875 0.0
1.25 14.875 0.0
1.75 14.875 0.0
2.25 14.875 37329.7488
2.75 14.875 46486.6396
3.25 14.875 16061.654499999999
3.75 14.875 7355.636699999999
4.25 14.875 12843.986400000002
4.75 14.875 8343.329599999997
5.25 14.875 1743.5705
5.75 14.875 375.47209999999995
6.25 14.875 6.051199999999999
6.75 14.875 0.0
7.25 14.875 0.0
7.75 14.875 0.0
8.25 14.875 0.0
8.75 14.875 0.0
0.25 15.125 0.0
0.75 15.125 0.0
1.25 15.125 0.0
1.75 15.125 0.0
2.25 15.125 36048.905
2.75 15.125 44167.3987
3.25 15.125 20062.7327
3.75 15.125 32265.359399999998
4.25 15.125 8581.369299999998
4.75 15.125 4350.2188
5.25 15.125 1350.6281000000001
5.75 15.125 171.3001
6.25 15.125 2.2221
6.75 15.125 0.0
7.25 15.125 0.0
7.75 15.125 0.0
8.25 15.125 0.0
8.75 15.125 0.0
0.25 15.375 0.0
0.75 15.375 0.0
1.25 15.375 0.0
1.75 15.375 0.0
2.25 15.375 33981.2042
2.75 15.375 29719.4021
3.25 15.375 20764.928200000002
3.75 15.375 18868.7071
4.25 15.375 6354.3055
4.75 15.375 3249.9810999999995
5.25 15.375 0.0
5.75 15.375 155.25770000000003
6.25 15.375 3.5534000000000003
6.75 15.375 0.0
7.25 15.375 0.0
7.75 15.375 0.0
8.25 15.375 0.0
8.75 15.375 0.0
0.25 15.625 0.0
0.75 15.625 0.0
1.25 15.625 0.0
1.75 15.625 0.0
2.25 15.625 32227.153599999994
2.75 15.625 32285.677300000003
3.25 15.625 14512.265
3.75 15.625 31509.03170000001
4.25 15.625 3320.6658
4.75 15.625 1094.7437
5.25 15.625 1566.2687999999998
5.75 15.625 384.65340000000003
6.25 15.625 1.0008000000000001
6.75 15.625 0.0
7.25 15.625 0.0
7.75 15.625 0.0
8.25 15.625 0.0
8.75 15.625 0.0
0.25 15.875 0.0
0.75 15.875 0.0
1.25 15.875 0.0
1.75 15.875 0.0
2.25 15.875 37294.099700000006
2.75 15.875 33053.091199999995
3.25 15.875 35502.7168
3.75 15.875 16644.29
4.25 15.875 21084.046
4.75 15.875 2125.2072
5.25 15.875 1267.9427999999998
5.75 15.875 332.9273
6.25 15.875 0.3901
6.75 15.875 0.0
7.25 15.875 0.0
7.75 15.875 0.0
8.25 15.875 0.0
8.75 15.875 0.0
0.25 16.125 0.0
0.75 16.125 0.0
1.25 16.125 0.0
1.75 16.125 0.0
2.25 16.125 12738.285500000002
2.75 16.125 37395.66390000001
3.25 16.125 19536.0305
3.75 16.125 5620.1601
4.25 16.125 7354.412399999999
4.75 16.125 6171.859099999999
5.25 16.125 2823.3292000000006
5.75 16.125 111.2447
6.25 16.125 1.8928999999999998
6.75 16.125 0.0
7.25 16.125 0.0
7.75 16.125 0.0
8.25 16.125 0.0
8.75 16.125 0.0
0.25 16.375 0.0
0.75 16.375 0.0
1.25 16.375 0.0
1.75 16.375 0.0
2.25 16.375 26631.666799999995
2.75 16.375 25020.774599999997
3.25 16.375 15155.936399999999
3.75 16.375 4938.8358
4.25 16.375 10656.0908
4.75 16.375 2193.2476
5.25 16.375 431.7638
5.75 16.375 82.9173
6.25 16.375 0.49840000000000007
6.75 16.375 0.0
7.25 16.375 0.0
7.75 16.375 0.0
8.25 16.375 0.0
8.75 16.375 0.0
0.25 16.625 0.0
0.75 16.625 0.0
1.25 16.625 0.0
1.75 16.625 0.0
2.25 16.625 46309.8744
2.75 16.625 24212.239999999998
3.25 16.625 11075.6198
3.75 16.625 16428.0742
4.25 16.625 7488.7606
4.75 16.625 9943.053
5.25 16.625 4539.993699999999
5.75 16.625 112.50519999999999
6.25 16.625 0.030600000000000002
6.75 16.625 0.0
7.25 16.625 0.0
7.75 16.625 0.0
8.25 16.625 0.0
8.75 16.625 0.0
0.25 16.875 0.0
0.75 16.875 0.0
1.25 16.875 0.0
1.75 16.875 0.0
2.25 16.875 37438.25070000001
2.75 16.875 27234.997099999997
3.25 16.875 6745.004900000001
3.75 16.875 7062.425799999999
4.25 16.875 10312.992999999999
4.75 16.875 2819.2638
5.25 16.875 762.3488
5.75 16.875 187.9754
6.25 16.875 0.393
6.75 16.875 0.0
7.25 16.875 0.0
7.75 16.875 0.0
8.25 16.875 0.0
8.75 16.875 0.0
0.25 17.125 0.0
0.75 17.125 0.0
1.25 17.125 0.0
1.75 17.125 0.0
2.25 17.125 40337.15380000001
2.75 17.125 15169.0176
3.25 17.125 16866.7563
3.75 17.125 25661.427400000004
4.25 17.125 7296.8838
4.75 17.125 3808.3102000000003
5.25 17.125 1270.8069999999998
5.75 17.125 35.19389999999999
6.25 17.125 0.0466
6.75 17.125 0.0
7.25 17.125 0.0
7.75 17.125 0.0
8.25 17.125 0.0
8.75 17.125 0.0
0.25 17.375 0.0
0.75 17.375 0.0
1.25 17.375 0.0
1.75 17.375 0.0
2.25 17.375 23702.622600000002
2.75 17.375 4315.133400000001
3.25 17.375 17265.3592
3.75 17.375 5139.164699999999
4.25 17.375 5349.532700000001
4.75 17.375 1236.3682999999999
5.25 17.375 470.00570000000005
5.75 17.375 51.942
6.25 17.375 0.0024
6.75 17.375 0.0
7.25 17.375 0.0
7.75 17.375 0.0
8.25 17.375 0.0
8.75 17.375 0.0
0.25 17.625 0.0
0.75 17.625 0.0
1.25 17.625 0.0
1.75 17.625 0.0
2.25 17.625 23399.9754
2.75 17.625 5255.3718
3.25 17.625 10843.4921
3.75 17.625 5540.4151999999995
4.25 17.625 4075.5587000000005
4.75 17.625 1790.8707
5.25 17.625 882.3883000000001
5.75 17.625 38.463
6.25 17.625 0.0419
6.75 17.625 0.0
7.25 17.625 0.0
7.75 17.625 0.0
8.25 17.625 0.0
8.75 17.625 0.0
0.25 17.875 0.0
0.75 17.875 0.0
1.25 17.875 0.0
1.75 17.875 0.0
2.25 17.875 25129.4043
2.75 17.875 14499.713700000002
3.25 17.875 4001.7198999999996
3.75 17.875 4577.1
4.25 17.875 4536.987900000001
4.75 17.875 6253.325600000001
5.25 17.875 1221.4515000000001
5.75 17.875 3.6264000000000003
6.25 17.875 0.1132
6.75 17.875 0.0
7.25 17.875 0.0
7.75 17.875 0.0
8.25 17.875 0.0
8.75 17.875 0.0
0.25 18.125 0.0
0.75 18.125 0.0
1.25 18.125 0.0
1.75 18.125 0.0
2.25 18.125 17586.383499999996
2.75 18.125 23568.704999999998
3.25 18.125 10394.0356
3.75 18.125 12088.437
4.25 18.125 3684.1174
4.75 18.125 1330.9688999999998
5.25 18.125 507.5886
5.75 18.125 101.1434
6.25 18.125 0.006900000000000001
6.75 18.125 0.0
7.25 18.125 0.0
7.75 18.125 0.0
8.25 18.125 0.0
8.75 18.125 0.0
0.25 18.375 0.0
0.75 18.375 0.0
1.25 18.375 0.0
1.75 18.375 0.0
2.25 18.375 16741.5988
2.75 18.375 14539.6687
3.25 18.375 6453.823599999999
3.75 18.375 9920.0085
4.25 18.375 6411.8478000000005
4.75 18.375 3874.1290000000004
5.25 18.375 721.1903
5.75 18.375 9.9555
6.25 18.375 0.0002
6.75 18.375 0.0
7.25 18.375 0.0
7.75 18.375 0.0
8.25 18.375 0.0
8.75 18.375 0.0
0.25 18.625 0.0
0.75 18.625 0.0
1.25 18.625 0.0
1.75 18.625 0.0
2.25 18.625 14617.3329
2.75 18.625 10899.4522
3.25 18.625 9483.0365
3.75 18.625 4665.8059
4.25 18.625 4129.3169
4.75 18.625 1297.8455999999999
5.25 18.625 860.7484
5.75 18.625 21.391800000000003
6.25 18.625 0.0037
6.75 18.625 0.0
7.25 18.625 0.0
7.75 18.625 0.0
8.25 18.625 0.0
8.75 18.625 0.0
0.25 18.875 0.0
0.75 18.875 0.0
1.25 18.875 0.0
1.75 18.875 0.0
2.25 18.875 19453.2658
2.75 18.875 10979.2866
3.25 18.875 12652.0731
3.75 18.875 7542.7724
4.25 18.875 3638.9680000000003
4.75 18.875 2803.4559000000004
5.25 18.875 217.5333
5.75 18.875 14.684800000000003
6.25 18.875 0.0304
6.75 18.875 0.0
7.25 18.875 0.0
7.75 18.875 0.0
8.25 18.875 0.0
8.75 18.875 0.0
0.25 19.125 0.0
0.75 19.125 0.0
1.25 19.125 0.0
1.75 19.125 0.0
2.25 19.125 13601.7369
2.75 19.125 5468.6019
3.25 19.125 8317.394099999998
3.75 19.125 7914.431099999999
4.25 19.125 3100.3758
4.75 19.125 1662.8722
5.25 19.125 344.8939
5.75 19.125 10.963500000000002
6.25 19.125 0.0002
6.75 19.125 0.0
7.25 19.125 0.0
7.75 19.125 0.0
8.25 19.125 0.0
8.75 19.125 0.0
0.25 19.375 0.0
0.75 19.375 0.0
1.25 19.375 0.0
1.75 19.375 0.0
2.25 19.375 3036.7911
2.75 19.375 14931.8576
3.25 19.375 10331.0235
3.75 19.375 6762.016199999999
4.25 19.375 4331.535099999999
4.75 19.375 2423.2276
5.25 19.375 853.6739
5.75 19.375 10.559799999999997
6.25 19.375 0.0
6.75 19.375 0.0
7.25 19.375 0.0
7.75 19.375 0.0
8.25 19.375 0.0
8.75 19.375 0.0
0.25 19.625 0.0
0.75 19.625 0.0
1.25 19.625 0.0
1.75 19.625 0.0
2.25 19.625 8154.802900000001
2.75 19.625 10037.9778
3.25 19.625 18471.2969
3.75 19.625 2455.71
4.25 19.625 1340.3906
4.75 19.625 2068.0391000000004
5.25 19.625 489.70329999999984
5.75 19.625 24.797
6.25 19.625 0.0
6.75 19.625 0.0
7.25 19.625 0.0
7.75 19.625 0.0
8.25 19.625 0.0
8.75 19.625 0.0
0.25 19.875 0.0
0.75 19.875 0.0
1.25 19.875 0.0
1.75 19.875 0.0
2.25 19.875 9946.276699999999
2.75 19.875 8133.0565000000015
3.25 19.875 3818.3212999999996
3.75 19.875 6069.4738
4.25 19.875 2756.5899
4.75 19.875 1096.183
5.25 19.875 303.5717
5.75 19.875 17.105100000000004
6.25 19.875 0.0006
6.75 19.875 0.0
7.25 19.875 0.0
7.75 19.875 0.0
8.25 19.875 0.0
8.75 19.875 0.0
0.25 20.125 0.0
0.75 20.125 0.0
1.25 20.125 0.0
1.75 20.125 0.0
2.25 20.125 12113.774800000001
2.75 20.125 15451.7662
3.25 20.125 4824.4847
3.75 20.125 1169.0685
4.25 20.125 1969.4267
4.75 20.125 1569.8908
5.25 20.125 404.48040000000003
5.75 20.125 12.959800000000001
6.25 20.125 0.0001
6.75 20.125 0.0
7.25 20.125 0.0
7.75 20.125 0.0
8.25 20.125 0.0
8.75 20.125 0.0
0.25 20.375 0.0
0.75 20.375 0.0
1.25 20.375 0.0
1.75 20.375 0.0
2.25 20.375 9704.228500000001
2.75 20.375 3047.243
3.25 20.375 4377.9742
3.75 20.375 2078.8838
4.25 20.375 4502.349900000001
4.75 20.375 757.0151
5.25 20.375 309.6988
5.75 20.375 4.6881
6.25 20.375 0.0
6.75 20.375 0.0
7.25 20.375 0.0
7.75 20.375 0.0
8.25 20.375 0.0
8.75 20.375 0.0
0.25 20.625 0.0
0.75 20.625 0.0
1.25 20.625 0.0
1.75 20.625 0.0
2.25 20.625 3921.7429000000006
2.75 20.625 1251.1321
3.25 20.625 4486.7873
3.75 20.625 7110.449100000001
4.25 20.625 4282.3403
4.75 20.625 545.7717
5.25 20.625 279.1073
5.75 20.625 20.361
6.25 20.625 0.0001
6.75 20.625 0.0
7.25 20.625 0.0
7.75 20.625 0.0
8.25 20.625 0.0
8.75 20.625 0.0
0.25 20.875 0.0
0.75 20.875 0.0
1.25 20.875 0.0
1.75 20.875 0.0
2.25 20.875 9201.548999999999
2.75 20.875 10079.9418
3.25 20.875 7048.3951
3.75 20.875 4287.169899999999
4.25 20.875 1575.5789000000002
4.75 20.875 1182.3928999999998
5.25 20.875 141.579
5.75 20.875 6.653099999999999
6.25 20.875 0.0
6.75 20.875 0.0
7.25 20.875 0.0
7.75 20.875 0.0
8.25 20.875 0.0
8.75 20.875 0.0
0.25 21.125 0.0
0.75 21.125 0.0
1.25 21.125 0.0
1.75 21.125 0.0
2.25 21.125 4466.1538
2.75 21.125 8403.6184
3.25 21.125 10280.461699999998
3.75 21.125 7083.5461
4.25 21.125 3042.8588
4.75 21.125 959.3474999999999
5.25 21.125 365.47990000000004
5.75 21.125 14.1194
6.25 21.125 0.0002
6.75 21.125 0.0
7.25 21.125 0.0
7.75 21.125 0.0
8.25 21.125 0.0
8.75 21.125 0.0
0.25 21.375 0.0
0.75 21.375 0.0
1.25 21.375 0.0
1.75 21.375 0.0
2.25 21.375 8152.521900000001
2.75 21.375 0.0
3.25 21.375 5132.906099999999
3.75 21.375 4910.516799999999
4.25 21.375 2455.2161
4.75 21.375 1003.3992
5.25 21.375 67.61689999999999
5.75 21.375 1.4127
6.25 21.375 0.0
6.75 21.375 0.0
7.25 21.375 0.0
7.75 21.375 0.0
8.25 21.375 0.0
8.75 21.375 0.0
0.25 21.625 0.0
0.75 21.625 0.0
1.25 21.625 0.0
1.75 21.625 0.0
2.25 21.625 12734.075
2.75 21.625 3493.2407999999996
3.25 21.625 6262.661899999999
3.75 21.625 5125.395500000001
4.25 21.625 2297.6601
4.75 21.625 599.7337
5.25 21.625 135.8916
5.75 21.625 3.5023999999999997
6.25 21.625 0.0
6.75 21.625 0.0
7.25 21.625 0.0
7.75 21.625 0.0
8.25 21.625 0.0
8.75 21.625 0.0
0.25 21.875 0.0
0.75 21.875 0.0
1.25 21.875 0.0
1.75 21.875 0.0
2.25 21.875 6367.047100000001
2.75 21.875 3359.491
3.25 21.875 5702.7079
3.75 21.875 1687.5006
4.25 21.875 2130.6474
4.75 21.875 465.5713
5.25 21.875 291.8615
5.75 21.875 3.1832000000000003
6.25 21.875 0.0
6.75 21.875 0.0
7.25 21.875 0.0
7.75 21.875 0.0
8.25 21.875 0.0
8.75 21.875 0.0
0.25 22.125 0.0
0.75 22.125 0.0
1.25 22.125 0.0
1.75 22.125 0.0
2.25 22.125 7722.0413
2.75 22.125 4367.836499999999
3.25 22.125 7345.671899999999
3.75 22.125 2509.1951
4.25 22.125 1881.4626
4.75 22.125 1243.0927
5.25 22.125 76.5695
5.75 22.125 2.2706000000000004
6.25 22.125 0.0
6.75 22.125 0.0
7.25 22.125 0.0
7.75 22.125 0.0
8.25 22.125 0.0
8.75 22.125 0.0
0.25 22.375 0.0
0.75 22.375 0.0
1.25 22.375 0.0
1.75 22.375 0.0
2.25 22.375 18387.849299999998
2.75 22.375 8758.458700000001
3.25 22.375 7641.2743
3.75 22.375 6256.3589999999995
4.25 22.375 538.5647000000001
4.75 22.375 561.9671999999999
5.25 22.375 28.4752
5.75 22.375 2.7473
6.25 22.375 0.0
6.75 22.375 0.0
7.25 22.375 0.0
7.75 22.375 0.0
8.25 22.375 0.0
8.75 22.375 0.0
0.25 22.625 0.0
0.75 22.625 0.0
1.25 22.625 0.0
1.75 22.625 0.0
2.25 22.625 6215.7312
2.75 22.625 6158.4121
3.25 22.625 5055.1766
3.75 22.625 2335.9561
4.25 22.625 484.1056
4.75 22.625 620.2219000000001
5.25 22.625 10.013100000000001
5.75 22.625 3.0085
6.25 22.625 0.0
6.75 22.625 0.0
7.25 22.625 0.0
7.75 22.625 0.0
8.25 22.625 0.0
8.75 22.625 0.0
0.25 22.875 0.0
0.75 22.875 0.0
1.25 22.875 0.0
1.75 22.875 0.0
2.25 22.875 8077.725399999999
2.75 22.875 1199.7789
3.25 22.875 1234.9756
3.75 22.875 584.8796
4.25 22.875 353.41949999999997
4.75 22.875 512.8186999999999
5.25 22.875 61.7894
5.75 22.875 4.2909
6.25 22.875 0.0
6.75 22.875 0.0
7.25 22.875 0.0
7.75 22.875 0.0
8.25 22.875 0.0
8.75 22.875 0.0
0.25 23.125 0.0
0.75 23.125 0.0
1.25 23.125 0.0
1.75 23.125 0.0
2.25 23.125 9407.132
2.75 23.125 5340.377399999999
3.25 23.125 5119.902099999999
3.75 23.125 1050.0497
4.25 23.125 734.44
4.75 23.125 659.3592000000001
5.25 23.125 162.05159999999998
5.75 23.125 1.307
6.25 23.125 0.0
6.75 23.125 0.0
7.25 23.125 0.0
7.75 23.125 0.0
8.25 23.125 0.0
8.75 23.125 0.0
0.25 23.375 0.0
0.75 23.375 0.0
1.25 23.375 0.0
1.75 23.375 0.0
2.25 23.375 4614.348
2.75 23.375 795.665
3.25 23.375 912.403
3.75 23.375 2319.6638
4.25 23.375 211.17629999999997
4.75 23.375 0.0
5.25 23.375 87.4778
5.75 23.375 0.0
6.25 23.375 0.0
6.75 23.375 0.0
7.25 23.375 0.0
7.75 23.375 0.0
8.25 23.375 0.0
8.75 23.375 0.0
0.25 23.625 0.0
0.75 23.625 0.0
1.25 23.625 0.0
1.75 23.625 0.0
2.25 23.625 3656.3336
2.75 23.625 5887.7798999999995
3.25 23.625 642.6922999999999
3.75 23.625 949.1889
4.25 23.625 1115.2745000000002
4.75 23.625 128.3382
5.25 23.625 37.375800000000005
5.75 23.625 0.25739999999999996
6.25 23.625 0.0
6.75 23.625 0.0
7.25 23.625 0.0
7.75 23.625 0.0
8.25 23.625 0.0
8.75 23.625 0.0
0.25 23.875 0.0
0.75 23.875 0.0
1.25 23.875 0.0
1.75 23.875 0.0
2.25 23.875 6922.951
2.75 23.875 5655.1612
3.25 23.875 828.2359
3.75 23.875 2384.6573
4.25 23.875 480.0998000000001
4.75 23.875 687.2122
5.25 23.875 86.3437
5.75 23.875 0.9450000000000001
6.25 23.875 0.0
6.75 23.875 0.0
7.25 23.875 0.0
7.75 23.875 0.0
8.25 23.875 0.0
8.75 23.875 0.0
0.25 24.125 0.0
0.75 24.125 0.0
1.25 24.125 0.0
1.75 24.125 0.0
2.25 24.125 2317.8705000000004
2.75 24.125 1774.2612
3.25 24.125 3030.3301999999994
3.75 24.125 611.3908
4.25 24.125 205.41070000000002
4.75 24.125 231.64669999999998
5.25 24.125 51.048300000000005
5.75 24.125 1.1989
6.25 24.125 0.0
6.75 24.125 0.0
7.25 24.125 0.0
7.75 24.125 0.0
8.25 24.125 0.0
8.75 24.125 0.0
0.25 24.375 0.0
0.75 24.375 0.0
1.25 24.375 0.0
1.75 24.375 0.0
2.25 24.375 1166.8747
2.75 24.375 0.0
3.25 24.375 1796.4152000000001
3.75 24.375 1988.6411999999998
4.25 24.375 1105.7550999999999
4.75 24.375 64.9443
5.25 24.375 37.0263
5.75 24.375 0.2695
6.25 24.375 0.0
6.75 24.375 0.0
7.25 24.375 0.0
7.75 24.375 0.0
8.25 24.375 0.0
8.75 24.375 0.0
0.25 24.625 0.0
0.75 24.625 0.0
1.25 24.625 0.0
1.75 24.625 0.0
2.25 24.625 2656.7223
2.75 24.625 0.0
3.25 24.625 572.792
3.75 24.625 2168.1121000000003
4.25 24.625 0.0
4.75 24.625 96.0171
5.25 24.625 28.1798
5.75 24.625 0.9578
6.25 24.625 0.0
6.75 24.625 0.0
7.25 24.625 0.0
7.75 24.625 0.0
8.25 24.625 0.0
8.75 24.625 0.0
0.25 24.875 0.0
0.75 24.875 0.0
1.25 24.875 0.0
1.75 24.875 0.0
2.25 24.875 5317.9526000000005
2.75 24.875 0.0
3.25 24.875 1506.5488
3.75 24.875 890.6006000000001
4.25 24.875 0.0
4.75 24.875 190.7938
5.25 24.875 0.0
5.75 24.875 0.46399999999999997
6.25 24.875 0.0
6.75 24.875 0.0
7.25 24.875 0.0
7.75 24.875 0.0
8.25 24.875 0.0
8.75 24.875 0.0
0.25 25.125 0.0
0.75 25.125 0.0
1.25 25.125 0.0
1.75 25.125 0.0
2.25 25.125 1343.4795
2.75 25.125 975.2253
3.25 25.125 1591.9385
3.75 25.125 935.9606
4.25 25.125 0.0
4.75 25.125 89.8456
5.25 25.125 54.155
5.75 25.125 0.49549999999999994
6.25 25.125 0.0
6.75 25.125 0.0
7.25 25.125 0.0
7.75 25.125 0.0
8.25 25.125 0.0
8.75 25.125 0.0
0.25 25.375 0.0
0.75 25.375 0.0
1.25 25.375 0.0
1.75 25.375 0.0
2.25 25.375 0.0
2.75 25.375 799.0359
3.25 25.375 1287.6849
3.75 25.375 383.9346
4.25 25.375 0.0
4.75 25.375 258.22679999999997
5.25 25.375 10.013100000000001
5.75 25.375 0.3731
6.25 25.375 0.0
6.75 25.375 0.0
7.25 25.375 0.0
7.75 25.375 0.0
8.25 25.375 0.0
8.75 25.375 0.0
0.25 25.625 0.0
0.75 25.625 0.0
1.25 25.625 0.0
1.75 25.625 0.0
2.25 25.625 0.0
2.75 25.625 1139.0815
3.25 25.625 0.0
3.75 25.625 506.666
4.25 25.625 306.2041
4.75 25.625 0.0
5.25 25.625 24.1934
5.75 25.625 0.36529999999999996
6.25 25.625 0.0
6.75 25.625 0.0
7.25 25.625 0.0
7.75 25.625 0.0
8.25 25.625 0.0
8.75 25.625 0.0
0.25 25.875 0.0
0.75 25.875 0.0
1.25 25.875 0.0
1.75 25.875 0.0
2.25 25.875 2619.2720000000004
2.75 25.875 0.0
3.25 25.875 0.0
3.75 25.875 1180.7571
4.25 25.875 196.60930000000002
4.75 25.875 184.6223
5.25 25.875 18.2634
5.75 25.875 0.0
6.25 25.875 0.0
6.75 25.875 0.0
7.25 25.875 0.0
7.75 25.875 0.0
8.25 25.875 0.0
8.75 25.875 0.0
0.25 26.125 0.0
0.75 26.125 0.0
1.25 26.125 0.0
1.75 26.125 0.0
2.25 26.125 2309.0624
2.75 26.125 0.0
3.25 26.125 1386.0226
3.75 26.125 0.0
4.25 26.125 0.0
4.75 26.125 64.9443
5.25 26.125 19.1124
5.75 26.125 0.0
6.25 26.125 0.0
6.75 26.125 0.0
7.25 26.125 0.0
7.75 26.125 0.0
8.25 26.125 0.0
8.75 26.125 0.0
0.25 26.375 0.0
0.75 26.375 0.0
1.25 26.375 0.0
1.75 26.375 0.0
2.25 26.375 0.0
2.75 26.375 0.0
3.25 26.375 572.792
3.75 26.375 817.669
4.25 26.375 0.0
4.75 26.375 0.0
5.25 26.375 0.0
5.75 26.375 0.0592
6.25 26.375 0.0
6.75 26.375 0.0
7.25 26.375 0.0
7.75 26.375 0.0
8.25 26.375 0.0
8.75 26.375 0.0
0.25 26.625 0.0
0.75 26.625 0.0
1.25 26.625 0.0
1.75 26.625 0.0
2.25 26.625 0.0
2.75 26.625 876.6867
3.25 26.625 0.0
3.75 26.625 351.0810000000001
4.25 26.625 237.6939
4.75 26.625 78.88080000000001
5.25 26.625 0.0
5.75 26.625 0.12560000000000002
6.25 26.625 0.0
6.75 26.625 0.0
7.25 26.625 0.0
7.75 26.625 0.0
8.25 26.625 0.0
8.75 26.625 0.0
0.25 26.875 0.0
0.75 26.875 0.0
1.25 26.875 0.0
1.75 26.875 0.0
2.25 26.875 2274.4265
2.75 26.875 0.0
3.25 26.875 0.0
3.75 26.875 0.0
4.25 26.875 0.0
4.75 26.875 102.123
5.25 26.875 0.0
5.75 26.875 0.0
6.25 26.875 0.0
6.75 26.875 0.0
7.25 26.875 0.0
7.75 26.875 0.0
8.25 26.875 0.0
8.75 26.875 0.0
0.25 27.125 0.0
0.75 27.125 0.0
1.25 27.125 0.0
1.75 27.125 0.0
2.25 27.125 0.0
2.75 27.125 0.0
3.25 27.125 0.0
3.75 27.125 351.0810000000001
4.25 27.125 0.0
4.75 27.125 0.0
5.25 27.125 22.0308
5.75 27.125 0.0
6.25 27.125 0.0
6.75 27.125 0.0
7.25 27.125 0.0
7.75 27.125 0.0
8.25 27.125 0.0
8.75 27.125 0.0
0.25 27.375 0.0
0.75 27.375 0.0
1.25 27.375 0.0
1.75 27.375 0.0
2.25 27.375 1166.8747
2.75 27.375 0.0
3.25 27.375 0.0
3.75 27.375 0.0
4.25 27.375 0.0
4.75 27.375 0.0
5.25 27.375 0.0
5.75 27.375 0.1183
6.25 27.375 0.0
6.75 27.375 0.0
7.25 27.375 0.0
7.75 27.375 0.0
8.25 27.375 0.0
8.75 27.375 0.0
0.25 27.625 0.0
0.75 27.625 0.0
1.25 27.625 0.0
1.75 27.625 0.0
2.25 27.625 952.1712
2.75 27.625 752.9165
3.25 27.625 539.2745
3.75 27.625 0.0
4.25 27.625 0.0
4.75 27.625 64.9443
5.25 27.625 11.0154
5.75 27.625 0.0
6.25 27.625 0.0
6.75 27.625 0.0
7.25 27.625 0.0
7.75 27.625 0.0
8.25 27.625 0.0
8.75 27.625 0.0
0.25 27.875 0.0
0.75 27.875 0.0
1.25 27.875 0.0
1.75 27.875 0.0
2.25 27.875 0.0
2.75 27.875 0.0
3.25 27.875 572.792
3.75 27.875 433.76289999999995
4.25 27.875 0.0
4.75 27.875 0.0
5.25 27.875 11.0154
5.75 27.875 0.0
6.25 27.875 0.0
6.75 27.875 0.0
7.25 27.875 0.0
7.75 27.875 0.0
8.25 27.875 0.0
8.75 27.875 0.0
0.25 28.125 0.0
0.75 28.125 0.0
1.25 28.125 0.0
1.75 28.125 0.0
2.25 28.125 0.0
2.75 28.125 0.0
3.25 28.125 0.0
3.75 28.125 0.0
4.25 28.125 0.0
4.75 28.125 0.0
5.25 28.125 9.3209
5.75 28.125 0.0
6.25 28.125 0.0
6.75 28.125 0.0
7.25 28.125 0.0
7.75 28.125 0.0
8.25 28.125 0.0
8.75 28.125 0.0
0.25 28.375 0.0
0.75 28.375 0.0
1.25 28.375 0.0
1.75 28.375 0.0
2.25 28.375 0.0
2.75 28.375 0.0
3.25 28.375 0.0
3.75 28.375 0.0
4.25 28.375 0.0
4.75 28.375 0.0
5.25 28.375 0.0
5.75 28.375 0.0
6.25 28.375 0.0
6.75 28.375 0.0
7.25 28.375 0.0
7.75 28.375 0.0
8.25 28.375 0.0
8.75 28.375 0.0
0.25 28.625 0.0
0.75 28.625 0.0
1.25 28.625 0.0
1.75 28.625 0.0
2.25 28.625 0.0
2.75 28.625 0.0
3.25 28.625 0.0
3.75 28.625 0.0
4.25 28.625 207.5252
4.75 28.625 0.0
5.25 28.625 0.0
5.75 28.625 0.0
6.25 28.625 0.0
6.75 28.625 0.0
7.25 28.625 0.0
7.75 28.625 0.0
8.25 28.625 0.0
8.75 28.625 0.0
0.25 28.875 0.0
0.75 28.875 0.0
1.25 28.875 0.0
1.75 28.875 0.0
2.25 28.875 0.0
2.75 28.875 0.0
3.25 28.875 0.0
3.75 28.875 0.0
4.25 28.875 0.0
4.75 28.875 0.0
5.25 28.875 0.0
5.75 28.875 0.0
6.25 28.875 0.0
6.75 28.875 0.0
7.25 28.875 0.0
7.75 28.875 0.0
8.25 28.875 0.0
8.75 28.875 0.0
0.25 29.125 0.0
0.75 29.125 0.0
1.25 29.125 0.0
1.75 29.125 0.0
2.25 29.125 0.0
2.75 29.125 0.0
3.25 29.125 0.0
3.75 29.125 0.0
4.25 29.125 0.0
4.75 29.125 0.0
5.25 29.125 0.0
5.75 29.125 0.0
6.25 29.125 0.0
6.75 29.125 0.0
7.25 29.125 0.0
7.75 29.125 0.0
8.25 29.125 0.0
8.75 29.125 0.0
0.25 29.375 0.0
0.75 29.375 0.0
1.25 29.375 0.0
1.75 29.375 0.0
2.25 29.375 0.0
2.75 29.375 0.0
3.25 29.375 0.0
3.75 29.375 0.0
4.25 29.375 0.0
4.75 29.375 0.0
5.25 29.375 0.0
5.75 29.375 0.0
6.25 29.375 0.0
6.75 29.375 0.0
7.25 29.375 0.0
7.75 29.375 0.0
8.25 29.375 0.0
8.75 29.375 0.0
0.25 29.625 0.0
0.75 29.625 0.0
1.25 29.625 0.0
1.75 29.625 0.0
2.25 29.625 0.0
2.75 29.625 0.0
3.25 29.625 0.0
3.75 29.625 0.0
4.25 29.625 0.0
4.75 29.625 0.0
5.25 29.625 0.0
5.75 29.625 0.0
6.25 29.625 0.0
6.75 29.625 0.0
7.25 29.625 0.0
7.75 29.625 0.0
8.25 29.625 0.0
8.75 29.625 0.0
0.25 29.875 0.0
0.75 29.875 0.0
1.25 29.875 0.0
1.75 29.875 0.0
2.25 29.875 0.0
2.75 29.875 0.0
3.25 29.875 0.0
3.75 29.875 0.0
4.25 29.875 0.0
4.75 29.875 0.0
5.25 29.875 0.0
5.75 29.875 0.0
6.25 29.875 0.0
6.75 29.875 0.0
7.25 29.875 0.0
7.75 29.875 0.0
8.25 29.875 0.0
8.75 29.875 0.0
