11.294627058970837 89.88745651320026
14.219093021276404 409.79532629705045
17.900777537149963 728.3939654858748
22.535743732392298 1496.3087549322
28.370820458389794 3793.853238185605
35.71674682851676 5856.410565195505
44.96472020903849 6187.675431785718
56.60722890537329 10521.395830770845
71.26427896022373 14495.352658098804
89.71641173621407 19029.473475922045
112.94627058970838 26956.386297627527
142.1909302127641 38350.08875768598
179.00777537149963 43367.769545653326
225.35743732392305 49463.99119422972
283.7082045838981 47603.7558486498
357.1674682851676 44761.25521914777
449.6472020903849 36579.08388212847
566.0722890537327 31403.720670191047
712.6427896022376 26756.24964441004
897.164117362141 26905.33867762907
1129.4627058970837 22118.68309736176
1421.9093021276408 15601.962978207273
1790.0777537149975 10002.126731351775
2253.5743732392316 5791.245728954149
2837.082045838981 1922.6637579676462
3571.674682851676 754.5168175663566
4496.47202090385 195.09917026461335
5660.72289053733 35.87112514360342
7126.427896022379 2.0857956575928256
8971.64117362141 0.0013649551547132432
