11.294627058970837 4499.949179832942
14.219093021276404 4584.251604703959
17.900777537149963 4992.221865351143
22.535743732392298 9904.934399830834
28.370820458389794 13694.588873904344
35.71674682851676 13449.04415104288
44.96472020903849 16104.898649546638
56.60722890537329 36002.22281222508
71.26427896022373 54378.588671959995
89.71641173621407 105574.82178251521
112.94627058970838 131358.35710631218
142.1909302127641 178259.93906900048
179.00777537149963 242901.60575615813
225.35743732392305 341098.52306172356
283.7082045838981 377662.9948602957
357.1674682851676 484323.35712921596
449.6472020903849 594914.7946481076
566.0722890537327 612230.6432065368
712.6427896022376 629786.0241347975
897.164117362141 576254.8913950473
1129.4627058970837 475818.37278418243
1421.9093021276408 373594.86187528446
1790.0777537149975 236538.06107930373
2253.5743732392316 107986.04764158558
2837.082045838981 64075.61660159752
3571.674682851676 20868.795298253186
4496.47202090385 7578.048758180812
5660.72289053733 1343.3065417297184
7126.427896022379 190.96680436935276
8971.64117362141 0.30065006390213966
