11.294627058970837 54.40008678164147
14.219093021276404 601.5720180424338
17.900777537149963 4611.477556605471
22.535743732392298 2241.190132425293
28.370820458389794 11299.334582023559
35.71674682851676 10308.740885629806
44.96472020903849 34105.57567679402
56.60722890537329 52893.78323860121
71.26427896022373 77369.77718530392
89.71641173621407 76227.32885845096
112.94627058970838 113228.93821798288
142.1909302127641 216946.74746544415
179.00777537149963 241871.03971911105
225.35743732392305 337649.7130520707
283.7082045838981 422562.0628820786
357.1674682851676 512007.4882283299
449.6472020903849 588932.0443571862
566.0722890537327 627775.0576169044
712.6427896022376 656274.2266017594
897.164117362141 630517.5309072151
1129.4627058970837 495132.5011264933
1421.9093021276408 365572.84274112526
1790.0777537149975 239793.5656058453
2253.5743732392316 131742.76599277742
2837.082045838981 62673.02721818723
3571.674682851676 24117.683515746146
4496.47202090385 7526.984564975835
5660.72289053733 1511.6233588829637
7126.427896022379 104.84209077246487
8971.64117362141 3.911999773234129
