11.294627058970837 0.0
14.219093021276404 335.89320665412544
17.900777537149963 4904.240391443579
22.535743732392298 1523.1584879164448
28.370820458389794 14106.685246884692
35.71674682851676 7514.303501085655
44.96472020903849 11444.375460863997
56.60722890537329 28218.617901406207
71.26427896022373 59956.303532235004
89.71641173621407 140629.77793913073
112.94627058970838 121880.32826735737
142.1909302127641 174487.59996702144
179.00777537149963 246383.09640330018
225.35743732392305 299350.4992495006
283.7082045838981 418119.32137669786
357.1674682851676 491803.139471143
449.6472020903849 606093.9032190093
566.0722890537327 691574.8276022547
712.6427896022376 705163.1850519939
897.164117362141 637146.2734350013
1129.4627058970837 559006.2490599854
1421.9093021276408 418420.4813693231
1790.0777537149975 264673.5324911475
2253.5743732392316 145192.44758263417
2837.082045838981 65898.0027677631
3571.674682851676 26388.36815818306
4496.47202090385 6399.577998708934
5660.72289053733 1578.4117459394038
7126.427896022379 194.9879554361105
8971.64117362141 3.9479741444811225
