0.25 0.125 33510624.638936058
0.75 0.125 34248420.32079987
1.25 0.125 35177572.770465076
1.75 0.125 36000889.32368322
2.25 0.125 36715114.865495645
2.75 0.125 35779547.45153672
3.25 0.125 35628445.77396325
3.75 0.125 34125689.90584618
4.25 0.125 32001363.53048193
4.75 0.125 27937020.378687523
5.25 0.125 22915342.573775206
5.75 0.125 17989210.83879391
6.25 0.125 15715184.67044105
6.75 0.125 14146429.448071096
7.25 0.125 9981318.255714683
7.75 0.125 5416200.92566872
8.25 0.125 1899539.972056894
8.75 0.125 79514.83803799392
0.25 0.375 108362853.25472282
0.75 0.375 110228189.85449864
1.25 0.375 109581180.41828635
1.75 0.375 112261073.55535084
2.25 0.375 113197535.84578767
2.75 0.375 115486123.33994564
3.25 0.375 111220952.44764173
3.75 0.375 105394189.06496434
4.25 0.375 100102251.47881827
4.75 0.375 86071127.90127367
5.25 0.375 72637662.09194168
5.75 0.375 57535258.54894975
6.25 0.375 47135016.57426078
6.75 0.375 39397134.18940562
7.25 0.375 29681599.430829875
7.75 0.375 16151485.284757037
8.25 0.375 4798229.581370603
8.75 0.375 150477.88699388073
0.25 0.625 187981785.3870769
0.75 0.625 187769606.80456638
1.25 0.625 188112265.4422032
1.75 0.625 185491368.371115
2.25 0.625 185631148.46745253
2.75 0.625 187657338.46666694
3.25 0.625 180882760.291176
3.75 0.625 171366450.3993391
4.25 0.625 158373574.8352386
4.75 0.625 140002925.86919618
5.25 0.625 120708965.0756153
5.75 0.625 95878960.04371543
6.25 0.625 75839125.16197197
6.75 0.625 59702045.448609
7.25 0.625 42760195.74989046
7.75 0.625 21127223.21068692
8.25 0.625 6230847.575558434
8.75 0.625 64502.05614879436
0.25 0.875 245555063.71201846
0.75 0.875 248220376.04052186
1.25 0.875 249068710.1473173
1.75 0.875 242949188.2703744
2.25 0.875 239484903.91942906
2.75 0.875 231180588.29459396
3.25 0.875 224523486.2617004
3.75 0.875 212850793.98019174
4.25 0.875 194499741.0779399
4.75 0.875 173086908.0682542
5.25 0.875 145319053.89832023
5.75 0.875 117558796.3573672
6.25 0.875 90586100.04034992
6.75 0.875 67546911.1801459
7.25 0.875 44185790.54494962
7.75 0.875 20424137.184902344
8.25 0.875 4406368.969320318
8.75 0.875 41237.806744262314
0.25 1.125 271836131.24283314
0.75 1.125 270536373.7411688
1.25 1.125 267748609.7783394
1.75 1.125 264749826.8490322
2.25 1.125 257471488.7321899
2.75 1.125 251708980.24019384
3.25 1.125 241239542.243468
3.75 1.125 223638186.600118
4.25 1.125 202378306.29980803
4.75 1.125 177767250.65139067
5.25 1.125 149155540.1257809
5.75 1.125 118009723.59432912
6.25 1.125 87340670.39738841
6.75 1.125 61360965.34212736
7.25 1.125 38069327.186567105
7.75 1.125 15906849.42502462
8.25 1.125 2854001.958691723
8.75 1.125 0.0
0.25 1.375 268512806.305619
0.75 1.375 265819997.291246
1.25 1.375 259054796.87061036
1.75 1.375 256242385.44360045
2.25 1.375 251128157.5036344
2.75 1.375 241839040.2793007
3.25 1.375 228380021.09508926
3.75 1.375 210994616.484872
4.25 1.375 188339283.1457793
4.75 1.375 163684664.19005033
5.25 1.375 134292542.91909477
5.75 1.375 105345871.80400264
6.25 1.375 75508407.90398903
6.75 1.375 50576699.454712816
7.25 1.375 28964976.430658687
7.75 1.375 11049954.982570931
8.25 1.375 1292728.1545848933
8.75 1.375 0.0
0.25 1.625 246449453.538185
0.75 1.625 249359190.2838919
1.25 1.625 241406287.3628897
1.75 1.625 236989506.6122534
2.25 1.625 231454156.8486116
2.75 1.625 224528454.08093983
3.25 1.625 206047208.94007745
3.75 1.625 185435807.48763537
4.25 1.625 166037473.9954639
4.75 1.625 142219666.5685285
5.25 1.625 111434644.589346
5.75 1.625 84189020.92024076
6.25 1.625 58183745.5104759
6.75 1.625 37064446.524318784
7.25 1.625 20301467.50767827
7.75 1.625 6681121.974924187
8.25 1.625 481606.22522735945
8.75 1.625 0.0
0.25 1.875 218040887.95738742
0.75 1.875 217022622.98826927
1.25 1.875 214516244.6108065
1.75 1.875 207149108.81497422
2.25 1.875 202158299.5173936
2.75 1.875 194206971.56978923
3.25 1.875 178905157.14121836
3.75 1.875 158840610.613095
4.25 1.875 140643695.7468584
4.75 1.875 115521218.10430223
5.25 1.875 87616819.09230992
5.75 1.875 66923547.66824229
6.25 1.875 44447346.62973308
6.75 1.875 27327394.328394923
7.25 1.875 13074814.412222555
7.75 1.875 3747270.4950304218
8.25 1.875 205314.62628732185
8.75 1.875 0.0
0.25 2.125 186370385.6931471
0.75 2.125 181761340.22504154
1.25 2.125 183624058.30953732
1.75 2.125 180157416.67071515
2.25 2.125 176279871.73877636
2.75 2.125 163615965.0609921
3.25 2.125 152491137.3737041
3.75 2.125 134760156.14607266
4.25 2.125 114953206.41633324
4.75 2.125 91384998.45185852
5.25 2.125 70909475.62973073
5.75 2.125 51239261.86711927
6.25 2.125 32880289.443956174
6.75 2.125 18611784.113617074
7.25 2.125 7932807.799556171
7.75 2.125 1861171.9007595805
8.25 2.125 21907.730745664623
8.75 2.125 0.0
0.25 2.375 158574620.29398245
0.75 2.375 155165217.14427546
1.25 2.375 156936424.69030702
1.75 2.375 149968731.18526304
2.25 2.375 144898525.90793508
2.75 2.375 138307926.33589464
3.25 2.375 126852487.4574511
3.75 2.375 109578731.18175468
4.25 2.375 92600035.11010934
4.75 2.375 75822941.73631723
5.25 2.375 54532067.02881631
5.75 2.375 38994293.85481231
6.25 2.375 24898174.752099104
6.75 2.375 13266394.7676549
7.25 2.375 5251326.662244882
7.75 2.375 1013972.3318888485
8.25 2.375 3176.5642425934598
8.75 2.375 0.0
0.25 2.625 133358046.98561496
0.75 2.625 133707300.10851617
1.25 2.625 128159456.78002137
1.75 2.625 126269872.14481205
2.25 2.625 120366102.7711946
2.75 2.625 114234448.43031223
3.25 2.625 104878492.69728549
3.75 2.625 91054565.17514841
4.25 2.625 77312701.75783595
4.75 2.625 60433604.184095114
5.25 2.625 43383707.58117046
5.75 2.625 28612377.216992006
6.25 2.625 17848769.55209964
6.75 2.625 8594917.659680685
7.25 2.625 2924883.296127685
7.75 2.625 361533.88010931853
8.25 2.625 13360.676686598632
8.75 2.625 0.0
0.25 2.875 109510756.8192565
0.75 2.875 110452184.15893428
1.25 2.875 107821214.3890358
1.75 2.875 104061311.59051517
2.25 2.875 102185970.87456827
2.75 2.875 95615853.9864334
3.25 2.875 85383137.42857593
3.75 2.875 77871319.12665676
4.25 2.875 62149384.823488414
4.75 2.875 48524373.70645192
5.25 2.875 34015349.007046215
5.75 2.875 22876456.57098504
6.25 2.875 13042134.112463027
6.75 2.875 6326677.566311434
7.25 2.875 1451328.3767932376
7.75 2.875 194471.83176786583
8.25 2.875 0.0
8.75 2.875 0.0
0.25 3.125 89591582.79989843
0.75 3.125 92597585.74467926
1.25 3.125 90115052.97676927
1.75 3.125 87097928.16646884
2.25 3.125 85590427.07382804
2.75 3.125 80156000.74126595
3.25 3.125 71087652.54259759
3.75 3.125 62231056.39089749
4.25 3.125 49936809.77424877
4.75 3.125 40117804.2024167
5.25 3.125 28353518.38593927
5.75 3.125 18166257.041217025
6.25 3.125 9622207.932217726
6.75 3.125 4297724.7018061485
7.25 3.125 1006421.182900501
7.75 3.125 72577.7425409368
8.25 3.125 0.0
8.75 3.125 0.0
0.25 3.375 76197399.93765774
0.75 3.375 75090805.65751942
1.25 3.375 73694669.39198264
1.75 3.375 74041245.68376356
2.25 3.375 68420527.06184319
2.75 3.375 62982998.6324296
3.25 3.375 57930727.89420481
3.75 3.375 51523119.12829115
4.25 3.375 40524274.87069524
4.75 3.375 32034841.378513705
5.25 3.375 22264994.909575764
5.75 3.375 12850246.136303175
6.25 3.375 7492616.868701414
6.75 3.375 2994454.1916947574
7.25 3.375 475382.09880263486
7.75 3.375 22502.25661539837
8.25 3.375 0.0
8.75 3.375 0.0
0.25 3.625 62287746.0336258
0.75 3.625 62207986.06711759
1.25 3.625 61351167.45735339
1.75 3.625 61166469.0864736
2.25 3.625 60153912.074076585
2.75 3.625 54711552.72018762
3.25 3.625 48860697.79835916
3.75 3.625 41849393.917223215
4.25 3.625 34094359.82434576
4.75 3.625 24808711.709777974
5.25 3.625 16815811.051827755
5.75 3.625 10228709.20143211
6.25 3.625 5706083.75994325
6.75 3.625 1931396.4380852594
7.25 3.625 358985.88450881065
7.75 3.625 24549.67812462925
8.25 3.625 0.0
8.75 3.625 0.0
0.25 3.875 53162994.01964479
0.75 3.875 53743968.68808951
1.25 3.875 52231050.17429358
1.75 3.875 51244010.79807695
2.25 3.875 47675503.31821027
2.75 3.875 45812133.2194337
3.25 3.875 40549895.19995315
3.75 3.875 34982007.020440266
4.25 3.875 27076908.176050786
4.75 3.875 19808661.85216587
5.25 3.875 13833981.28363267
5.75 3.875 9084943.04912571
6.25 3.875 4515392.096936238
6.75 3.875 1659320.7993955992
7.25 3.875 196364.194969216
7.75 3.875 0.0
8.25 3.875 0.0
8.75 3.875 0.0
0.25 4.125 42132183.1023308
0.75 4.125 44235212.03084695
1.25 4.125 43747369.08187691
1.75 4.125 42834454.29587184
2.25 4.125 41569116.801104404
2.75 4.125 40082239.48926837
3.25 4.125 34412807.075733066
3.75 4.125 28898268.75269479
4.25 4.125 21983995.419870272
4.75 4.125 16475910.319916144
5.25 4.125 11414562.185084963
5.75 4.125 6586656.369114568
6.25 4.125 3182503.2338463
6.75 4.125 986182.3307257473
7.25 4.125 111266.33975809522
7.75 4.125 0.0
8.25 4.125 0.0
8.75 4.125 0.0
0.25 4.375 37674605.33998336
0.75 4.375 34672975.11153884
1.25 4.375 37975068.19333991
1.75 4.375 35256681.891102485
2.25 4.375 34180204.890482925
2.75 4.375 31645084.28810878
3.25 4.375 28538081.96930432
3.75 4.375 24176689.7970237
4.25 4.375 19372971.401906345
4.75 4.375 13234344.94104662
5.25 4.375 8581587.851627499
5.75 4.375 5273521.356680038
6.25 4.375 2322016.4341045977
6.75 4.375 880627.4983419111
7.25 4.375 66917.13554536185
7.75 4.375 0.0
8.25 4.375 0.0
8.75 4.375 0.0
0.25 4.625 32868093.716118667
0.75 4.625 32113652.494192295
1.25 4.625 30206790.96118002
1.75 4.625 30770208.900756937
2.25 4.625 29512283.946019087
2.75 4.625 26871447.544077467
3.25 4.625 22134068.977083936
3.75 4.625 20765688.31528178
4.25 4.625 16275116.205600422
4.75 4.625 10566167.507648237
5.25 4.625 7131117.257945144
5.75 4.625 3866816.4267720296
6.25 4.625 1927110.7409055945
6.75 4.625 789739.5610717264
7.25 4.625 38274.59380304519
7.75 4.625 0.0
8.25 4.625 0.0
8.75 4.625 0.0
0.25 4.875 26113796.99624607
0.75 4.875 28205575.064636126
1.25 4.875 27156821.047579613
1.75 4.875 24057052.56359705
2.25 4.875 23780976.551529493
2.75 4.875 22122759.652930155
3.25 4.875 20607428.103716128
3.75 4.875 17612199.21448788
4.25 4.875 12661149.305019105
4.75 4.875 10241102.416219559
5.25 4.875 6628221.244171963
5.75 4.875 3189474.174627416
6.25 4.875 1412107.6717756833
6.75 4.875 383408.59683122614
7.25 4.875 15960.746152021171
7.75 4.875 0.0
8.25 4.875 0.0
8.75 4.875 0.0
0.25 5.125 23145974.52451511
0.75 5.125 23174061.090017024
1.25 5.125 22869160.689992037
1.75 5.125 19237083.155896228
2.25 5.125 21216377.029578924
2.75 5.125 17631260.811875325
3.25 5.125 15401972.079554278
3.75 5.125 13746492.651024796
4.25 5.125 11110656.628724176
4.75 5.125 7771177.471746702
5.25 5.125 4955938.721841076
5.75 5.125 2569297.5912170443
6.25 5.125 964746.4082196961
6.75 5.125 158652.90883134774
7.25 5.125 7368.3030329754
7.75 5.125 0.0
8.25 5.125 0.0
8.75 5.125 0.0
0.25 5.375 18030873.451411307
0.75 5.375 19690671.97943115
1.25 5.375 19167206.01207835
1.75 5.375 19060203.65268374
2.25 5.375 18059995.695776187
2.75 5.375 15787379.187420703
3.25 5.375 14151473.551636068
3.75 5.375 11884190.186249537
4.25 5.375 9342005.05468721
4.75 5.375 5852603.413110385
5.25 5.375 4127813.43499565
5.75 5.375 2153576.9471583595
6.25 5.375 969414.3971458388
6.75 5.375 275771.3546570461
7.25 5.375 3366.578883090754
7.75 5.375 0.0
8.25 5.375 0.0
8.75 5.375 0.0
0.25 5.625 16996931.573255647
0.75 5.625 18210068.316045783
1.25 5.625 15813612.156696584
1.75 5.625 16387370.148123065
2.25 5.625 14317500.77722823
2.75 5.625 14594449.848256271
3.25 5.625 10794185.98418935
3.75 5.625 9459611.139991714
4.25 5.625 7176959.249912067
4.75 5.625 5189198.520368131
5.25 5.625 3675695.7946460717
5.75 5.625 1369899.4760692979
6.25 5.625 638345.6226432393
6.75 5.625 119447.27213507272
7.25 5.625 0.0
7.75 5.625 0.0
8.25 5.625 0.0
8.75 5.625 0.0
0.25 5.875 15239293.527002506
0.75 5.875 15574492.376720032
1.25 5.875 14127149.277849402
1.75 5.875 13860140.438542634
2.25 5.875 11783246.324366085
2.75 5.875 11414500.254301324
3.25 5.875 10347271.075689407
3.75 5.875 8742069.534428205
4.25 5.875 6743546.304848987
4.75 5.875 3689440.687763627
5.25 5.875 2641673.583820585
5.75 5.875 1334175.8130706497
6.25 5.875 366152.9170094233
6.75 5.875 130965.6916291041
7.25 5.875 0.0
7.75 5.875 0.0
8.25 5.875 0.0
8.75 5.875 0.0
0.25 6.125 12729289.889236538
0.75 6.125 11491403.895159723
1.25 6.125 12285356.359602943
1.75 6.125 10363011.258478807
2.25 6.125 11194433.162437854
2.75 6.125 10096914.084790252
3.25 6.125 9953653.069187075
3.75 6.125 7206267.020121836
4.25 6.125 5231337.060911518
4.75 6.125 3974763.980252925
5.25 6.125 1829075.6497598414
5.75 6.125 1085214.5505915205
6.25 6.125 481569.60095746757
6.75 6.125 10809.029118039398
7.25 6.125 0.0
7.75 6.125 0.0
8.25 6.125 0.0
8.75 6.125 0.0
0.25 6.375 9984668.300068332
0.75 6.375 10663493.397140201
1.25 6.375 10074404.797683652
1.75 6.375 10813890.965794006
2.25 6.375 8597230.020795356
2.75 6.375 7976617.7487537265
3.25 6.375 8230274.614002177
3.75 6.375 6083726.782967577
4.25 6.375 3729041.646602593
4.75 6.375 3068671.2118330547
5.25 6.375 1735788.5798971897
5.75 6.375 896581.3325726283
6.25 6.375 294384.0875013409
6.75 6.375 91933.79662303472
7.25 6.375 0.0
7.75 6.375 0.0
8.25 6.375 0.0
8.75 6.375 0.0
0.25 6.625 8689053.47511722
0.75 6.625 8491954.734264638
1.25 6.625 8789938.882395985
1.75 6.625 7581990.967937289
2.25 6.625 8844488.912082974
2.75 6.625 8075681.506889465
3.25 6.625 5300082.836784761
3.75 6.625 4934615.857826152
4.25 6.625 3761409.947222318
4.75 6.625 2102067.5769679737
5.25 6.625 1376204.70744486
5.75 6.625 860213.8056614248
6.25 6.625 126552.56757773171
6.75 6.625 0.0
7.25 6.625 0.0
7.75 6.625 0.0
8.25 6.625 0.0
8.75 6.625 0.0
0.25 6.875 8473308.289831014
0.75 6.875 8090975.6303768875
1.25 6.875 8705138.380286891
1.75 6.875 7365445.801098181
2.25 6.875 8465046.910569286
2.75 6.875 6956205.098446811
3.25 6.875 5128946.040974888
3.75 6.875 5201183.081142809
4.25 6.875 2808031.8718297146
4.75 6.875 2266707.4934955756
5.25 6.875 1241270.8001292632
5.75 6.875 622944.243840339
6.25 6.875 251996.99882864565
6.75 6.875 51786.335346350046
7.25 6.875 0.0
7.75 6.875 0.0
8.25 6.875 0.0
8.75 6.875 0.0
0.25 7.125 6464825.047310839
0.75 7.125 6888536.442560999
1.25 7.125 6963436.791065281
1.75 7.125 6340513.101905608
2.25 7.125 6582516.594100191
2.75 7.125 6114298.520541341
3.25 7.125 4445225.828535945
3.75 7.125 3381674.392829043
4.25 7.125 2643749.8268352356
4.75 7.125 1716270.7746855118
5.25 7.125 937896.3612666224
5.75 7.125 809397.2600422441
6.25 7.125 129352.14952334053
6.75 7.125 27341.123481055645
7.25 7.125 0.0
7.75 7.125 0.0
8.25 7.125 0.0
8.75 7.125 0.0
0.25 7.375 5412953.067898915
0.75 7.375 6156664.501517847
1.25 7.375 5605246.8058402585
1.75 7.375 5742904.0739751225
2.25 7.375 5150747.756093365
2.75 7.375 4739073.117108398
3.25 7.375 3597659.557090932
3.75 7.375 3099263.280880524
4.25 7.375 2022502.7004360794
4.75 7.375 1731177.7939552076
5.25 7.375 749028.8281335754
5.75 7.375 349869.6427357747
6.25 7.375 67358.96609231918
6.75 7.375 0.0
7.25 7.375 0.0
7.75 7.375 0.0
8.25 7.375 0.0
8.75 7.375 0.0
0.25 7.625 5224677.100667401
0.75 7.625 5844780.935554246
1.25 7.625 5656370.346073496
1.75 7.625 5580630.524526778
2.25 7.625 4156287.529233054
2.75 7.625 3916738.29434028
3.25 7.625 3285269.4020897364
3.75 7.625 2991982.1997077824
4.25 7.625 2179212.3465785612
4.75 7.625 1033481.9639527295
5.25 7.625 493616.67872004706
5.75 7.625 370619.4640855827
6.25 7.625 101125.29882757617
6.75 7.625 0.0
7.25 7.625 0.0
7.75 7.625 0.0
8.25 7.625 0.0
8.75 7.625 0.0
0.25 7.875 3940338.452041912
0.75 7.875 4873908.229385348
1.25 7.875 4792601.590200536
1.75 7.875 4811555.395739842
2.25 7.875 4573615.323974876
2.75 7.875 4256025.055824607
3.25 7.875 3094521.288767972
3.75 7.875 2145605.513174355
4.25 7.875 2459066.008311158
4.75 7.875 1530107.5546168878
5.25 7.875 528212.597095332
5.75 7.875 217364.16065139868
6.25 7.875 65113.707396030746
6.75 7.875 0.0
7.25 7.875 0.0
7.75 7.875 0.0
8.25 7.875 0.0
8.75 7.875 0.0
0.25 8.125 4030121.5293551
0.75 8.125 4090006.3352120994
1.25 8.125 3999470.9338663626
1.75 8.125 4065921.270322602
2.25 8.125 4102836.7330227713
2.75 8.125 2571195.723285332
3.25 8.125 3220328.1048125816
3.75 8.125 2538931.9333761595
4.25 8.125 1671025.780069219
4.75 8.125 893564.2378439559
5.25 8.125 671621.9584494389
5.75 8.125 235602.06992320108
6.25 8.125 17736.57112652446
6.75 8.125 0.0
7.25 8.125 0.0
7.75 8.125 0.0
8.25 8.125 0.0
8.75 8.125 0.0
0.25 8.375 3444758.4564894913
0.75 8.375 3982522.4979864326
1.25 8.375 3141478.164719144
1.75 8.375 3019438.2259202953
2.25 8.375 3564413.3312816154
2.75 8.375 2863666.3753528567
3.25 8.375 2564617.379180435
3.75 8.375 2096381.5427199425
4.25 8.375 1560175.1781271074
4.75 8.375 702201.4842513311
5.25 8.375 450387.42088222597
5.75 8.375 29022.686587879052
6.25 8.375 59824.460620319755
6.75 8.375 0.0
7.25 8.375 0.0
7.75 8.375 0.0
8.25 8.375 0.0
8.75 8.375 0.0
0.25 8.625 3124052.218840351
0.75 8.625 3600917.492143197
1.25 8.625 3754558.1120435116
1.75 8.625 3100078.5559065496
2.25 8.625 2374539.123851088
2.75 8.625 2986009.076409887
3.25 8.625 1814905.5367064036
3.75 8.625 1953551.5597920937
4.25 8.625 1266665.2569168413
4.75 8.625 1031467.3901372675
5.25 8.625 359739.5061457905
5.75 8.625 151584.15559362862
6.25 8.625 13532.006262596657
6.75 8.625 0.0
7.25 8.625 0.0
7.75 8.625 0.0
8.25 8.625 0.0
8.75 8.625 0.0
0.25 8.875 2822008.3808518057
0.75 8.875 2665220.741994556
1.25 8.875 2642658.0040111183
1.75 8.875 2730743.7904188395
2.25 8.875 3316636.3226327864
2.75 8.875 2679408.020040397
3.25 8.875 1874412.401975798
3.75 8.875 1452475.3015842063
4.25 8.875 1405116.89078603
4.75 8.875 676149.7836506831
5.25 8.875 163468.27128493486
5.75 8.875 116275.96338571646
6.25 8.875 0.0
6.75 8.875 0.0
7.25 8.875 0.0
7.75 8.875 0.0
8.25 8.875 0.0
8.75 8.875 0.0
0.25 9.125 2885600.998961021
0.75 9.125 2583109.5057881773
1.25 9.125 2301432.7944062212
1.75 9.125 2624241.4998588264
2.25 9.125 2523284.9894698975
2.75 9.125 2160649.920012792
3.25 9.125 1619584.1996907082
3.75 9.125 1325623.3095266628
4.25 9.125 1078860.1151418653
4.75 9.125 597936.5995650814
5.25 9.125 322811.2034434619
5.75 9.125 73102.68194486479
6.25 9.125 52661.03825276231
6.75 9.125 0.0
7.25 9.125 0.0
7.75 9.125 0.0
8.25 9.125 0.0
8.75 9.125 0.0
0.25 9.375 2266445.913695207
0.75 9.375 2497147.6945453077
1.25 9.375 2622400.8446158096
1.75 9.375 2144935.01381069
2.25 9.375 2218723.997664789
2.75 9.375 1939641.3636950671
3.25 9.375 1679281.3758440781
3.75 9.375 1381755.5319044765
4.25 9.375 584054.8639249145
4.75 9.375 547653.193617267
5.25 9.375 281997.1490154339
5.75 9.375 151041.11495751506
6.25 9.375 0.0
6.75 9.375 0.0
7.25 9.375 0.0
7.75 9.375 0.0
8.25 9.375 0.0
8.75 9.375 0.0
0.25 9.625 1691626.4445715863
0.75 9.625 1916906.598839125
1.25 9.625 1886237.6256042626
1.75 9.625 2372640.8575411877
2.25 9.625 2250234.7379182833
2.75 9.625 1585107.6927248165
3.25 9.625 1043758.1836873824
3.75 9.625 1055322.5314137463
4.25 9.625 597639.4674362326
4.75 9.625 392361.0571860308
5.25 9.625 34197.08285350019
5.75 9.625 130006.63394035205
6.25 9.625 0.0
6.75 9.625 0.0
7.25 9.625 0.0
7.75 9.625 0.0
8.25 9.625 0.0
8.75 9.625 0.0
0.25 9.875 1939481.3924013316
0.75 9.875 2109697.2172928634
1.25 9.875 1666880.332165386
1.75 9.875 1481141.783877857
2.25 9.875 1655756.716115627
2.75 9.875 1559130.688620809
3.25 9.875 979679.7009920641
3.75 9.875 911524.8159865349
4.25 9.875 560923.8474047703
4.75 9.875 185984.93746655725
5.25 9.875 222428.10154567892
5.75 9.875 36728.892287857394
6.25 9.875 13007.564046461419
6.75 9.875 0.0
7.25 9.875 0.0
7.75 9.875 0.0
8.25 9.875 0.0
8.75 9.875 0.0
0.25 10.125 1624917.1270488256
0.75 10.125 1583006.0783858907
1.25 10.125 1835070.1880457983
1.75 10.125 1241304.7562469263
2.25 10.125 1875355.1447149767
2.75 10.125 1183641.630885718
3.25 10.125 1708377.0500438106
3.75 10.125 919778.8664075754
4.25 10.125 415548.4246260945
4.75 10.125 351312.58331072517
5.25 10.125 173456.80319522668
5.75 10.125 0.0
6.25 10.125 0.0
6.75 10.125 0.0
7.25 10.125 0.0
7.75 10.125 0.0
8.25 10.125 0.0
8.75 10.125 0.0
0.25 10.375 1477864.5367942648
0.75 10.375 1102906.379253704
1.25 10.375 1494809.6233362136
1.75 10.375 2075481.2613731343
2.25 10.375 1268036.6277853344
2.75 10.375 1369808.2752706527
3.25 10.375 639584.8243463162
3.75 10.375 592033.3871783661
4.25 10.375 592973.7188535525
4.75 10.375 182538.3502277312
5.25 10.375 178318.24015323014
5.75 10.375 51327.674966728446
6.25 10.375 0.0
6.75 10.375 0.0
7.25 10.375 0.0
7.75 10.375 0.0
8.25 10.375 0.0
8.75 10.375 0.0
0.25 10.625 1731343.1377321954
0.75 10.625 1403799.1264065339
1.25 10.625 1267289.6107638972
1.75 10.625 1624831.6889660321
2.25 10.625 1196132.1165709577
2.75 10.625 710066.9043544785
3.25 10.625 637304.6210192613
3.75 10.625 502597.27752815624
4.25 10.625 495798.3352827867
4.75 10.625 240542.07032286446
5.25 10.625 103613.71942419406
5.75 10.625 26259.022879155487
6.25 10.625 0.0
6.75 10.625 0.0
7.25 10.625 0.0
7.75 10.625 0.0
8.25 10.625 0.0
8.75 10.625 0.0
0.25 10.875 1658023.9993179978
0.75 10.875 1221818.7086923867
1.25 10.875 1249610.241077223
1.75 10.875 1185962.2987864458
2.25 10.875 882247.7033303509
2.75 10.875 828866.7151398452
3.25 10.875 833180.7301224124
3.75 10.875 477742.3521177972
4.25 10.875 378334.3497336278
4.75 10.875 162023.6544730781
5.25 10.875 66632.56754907394
5.75 10.875 0.0
6.25 10.875 0.0
6.75 10.875 0.0
7.25 10.875 0.0
7.75 10.875 0.0
8.25 10.875 0.0
8.75 10.875 0.0
0.25 11.125 1095790.4364479193
0.75 11.125 834721.7190439418
1.25 11.125 1060502.2831030616
1.75 11.125 989683.2641839223
2.25 11.125 1089462.9354886217
2.75 11.125 668184.1466859259
3.25 11.125 876051.0880082402
3.75 11.125 615904.8493035899
4.25 11.125 356284.54109619616
4.75 11.125 305075.24229175295
5.25 11.125 30807.48438385741
5.75 11.125 0.0
6.25 11.125 0.0
6.75 11.125 0.0
7.25 11.125 0.0
7.75 11.125 0.0
8.25 11.125 0.0
8.75 11.125 0.0
0.25 11.375 831403.6839415756
0.75 11.375 1544473.7123234225
1.25 11.375 1040428.6944699672
1.75 11.375 969412.7987600171
2.25 11.375 643946.9354193757
2.75 11.375 532054.0329850776
3.25 11.375 549308.2454404086
3.75 11.375 637134.9166272146
4.25 11.375 291794.7554231396
4.75 11.375 143837.71944450814
5.25 11.375 0.0
5.75 11.375 79743.59782700936
6.25 11.375 0.0
6.75 11.375 0.0
7.25 11.375 0.0
7.75 11.375 0.0
8.25 11.375 0.0
8.75 11.375 0.0
0.25 11.625 1012542.6749477853
0.75 11.625 996855.0746773316
1.25 11.625 1380322.5593019929
1.75 11.625 1046367.194466435
2.25 11.625 844927.7836390126
2.75 11.625 834815.4135805654
3.25 11.625 553941.3761249145
3.75 11.625 419136.4867421247
4.25 11.625 130307.50082443589
4.75 11.625 177447.60062505043
5.25 11.625 59872.04104397089
5.75 11.625 0.0
6.25 11.625 0.0
6.75 11.625 0.0
7.25 11.625 0.0
7.75 11.625 0.0
8.25 11.625 0.0
8.75 11.625 0.0
0.25 11.875 736686.2551814102
0.75 11.875 1030084.6734026178
1.25 11.875 1294790.2471189182
1.75 11.875 765518.4908125581
2.25 11.875 888513.6467768871
2.75 11.875 490678.62620219716
3.25 11.875 516245.04230040725
3.75 11.875 312409.5101757123
4.25 11.875 220427.6570670097
4.75 11.875 37055.38015053383
5.25 11.875 28351.612795505425
5.75 11.875 0.0
6.25 11.875 0.0
6.75 11.875 0.0
7.25 11.875 0.0
7.75 11.875 0.0
8.25 11.875 0.0
8.75 11.875 0.0
0.25 12.125 1153369.5254903596
0.75 12.125 656617.7067048496
1.25 12.125 522986.76808293205
1.75 12.125 852902.5704145505
2.25 12.125 772885.9121176795
2.75 12.125 559856.3688298335
3.25 12.125 808862.179548778
3.75 12.125 290952.0963332303
4.25 12.125 151741.60981118598
4.75 12.125 79426.13350416918
5.25 12.125 52608.82857238179
5.75 12.125 0.0
6.25 12.125 0.0
6.75 12.125 0.0
7.25 12.125 0.0
7.75 12.125 0.0
8.25 12.125 0.0
8.75 12.125 0.0
0.25 12.375 761867.8153212485
0.75 12.375 688644.4502076952
1.25 12.375 599046.0093366253
1.75 12.375 548066.0203688889
2.25 12.375 454885.7875935832
2.75 12.375 405616.00925257365
3.25 12.375 489216.2203239044
3.75 12.375 232452.78113384888
4.25 12.375 341912.36743363825
4.75 12.375 85317.38714366568
5.25 12.375 103001.90782874895
5.75 12.375 0.0
6.25 12.375 0.0
6.75 12.375 0.0
7.25 12.375 0.0
7.75 12.375 0.0
8.25 12.375 0.0
8.75 12.375 0.0
0.25 12.625 552180.8276683124
0.75 12.625 440896.0471638014
1.25 12.625 711821.3546171184
1.75 12.625 616052.2782789348
2.25 12.625 762638.9358890511
2.75 12.625 521045.80427359696
3.25 12.625 483500.16799616115
3.75 12.625 472328.42315644707
4.25 12.625 245660.7177826861
4.75 12.625 41582.67325184512
5.25 12.625 0.0
5.75 12.625 0.0
6.25 12.625 0.0
6.75 12.625 0.0
7.25 12.625 0.0
7.75 12.625 0.0
8.25 12.625 0.0
8.75 12.625 0.0
0.25 12.875 553834.3218804531
0.75 12.875 1073910.6609577818
1.25 12.875 754001.6756187907
1.75 12.875 350258.6136634047
2.25 12.875 411096.54837015783
2.75 12.875 870432.0767384494
3.25 12.875 392674.73107395583
3.75 12.875 365844.0841408047
4.25 12.875 190570.1131032433
4.75 12.875 68903.2364900016
5.25 12.875 34667.093954340526
5.75 12.875 36587.81596401691
6.25 12.875 0.0
6.75 12.875 0.0
7.25 12.875 0.0
7.75 12.875 0.0
8.25 12.875 0.0
8.75 12.875 0.0
0.25 13.125 410819.8007479255
0.75 13.125 733025.1893903762
1.25 13.125 962662.8009514324
1.75 13.125 289011.7552859798
2.25 13.125 661124.2537262443
2.75 13.125 633964.3097465775
3.25 13.125 323419.2650093027
3.75 13.125 329852.8657721022
4.25 13.125 0.0
4.75 13.125 33611.86007347854
5.25 13.125 36789.43342595793
5.75 13.125 42690.28021145558
6.25 13.125 0.0
6.75 13.125 0.0
7.25 13.125 0.0
7.75 13.125 0.0
8.25 13.125 0.0
8.75 13.125 0.0
0.25 13.375 608611.4976455893
0.75 13.375 608520.8405730968
1.25 13.375 434354.45501250314
1.75 13.375 409242.1284629886
2.25 13.375 511144.55339520145
2.75 13.375 487609.1158339932
3.25 13.375 203491.9937004094
3.75 13.375 81986.94750689421
4.25 13.375 160221.75114157217
4.75 13.375 136400.09447523468
5.25 13.375 76419.63213730702
5.75 13.375 0.0
6.25 13.375 5694.661379121526
6.75 13.375 0.0
7.25 13.375 0.0
7.75 13.375 0.0
8.25 13.375 0.0
8.75 13.375 0.0
0.25 13.625 362135.5659487456
0.75 13.625 361123.93201900134
1.25 13.625 303985.5013472506
1.75 13.625 373986.59241740115
2.25 13.625 259211.05061037958
2.75 13.625 194385.0166399555
3.25 13.625 326217.76584475546
3.75 13.625 126100.10187115235
4.25 13.625 111022.46092973242
4.75 13.625 34758.10915726032
5.25 13.625 0.0
5.75 13.625 0.0
6.25 13.625 0.0
6.75 13.625 0.0
7.25 13.625 0.0
7.75 13.625 0.0
8.25 13.625 0.0
8.75 13.625 0.0
0.25 13.875 599580.815736669
0.75 13.875 313486.50879541057
1.25 13.875 763830.1603359444
1.75 13.875 325617.52143369813
2.25 13.875 157014.0428434838
2.75 13.875 366211.7838600043
3.25 13.875 302506.82777843997
3.75 13.875 43550.35161362317
4.25 13.875 71970.49185546533
4.75 13.875 118496.90393624907
5.25 13.875 49784.08810716856
5.75 13.875 0.0
6.25 13.875 0.0
6.75 13.875 0.0
7.25 13.875 0.0
7.75 13.875 0.0
8.25 13.875 0.0
8.75 13.875 0.0
0.25 14.125 335768.25813134207
0.75 14.125 464908.3996450963
1.25 14.125 389132.9246265329
1.75 14.125 333326.39886391774
2.25 14.125 399288.98568141
2.75 14.125 143112.591108197
3.25 14.125 186522.48744875612
3.75 14.125 281692.22463956196
4.25 14.125 0.0
4.75 14.125 35349.39979431456
5.25 14.125 14823.348876227246
5.75 14.125 35008.55417328374
6.25 14.125 0.0
6.75 14.125 0.0
7.25 14.125 0.0
7.75 14.125 0.0
8.25 14.125 0.0
8.75 14.125 0.0
0.25 14.375 121599.7771586117
0.75 14.375 372065.6732891609
1.25 14.375 259460.03228789536
1.75 14.375 206853.87269523155
2.25 14.375 376420.6744476669
2.75 14.375 394574.8741252955
3.25 14.375 232011.37152227422
3.75 14.375 122479.07667322487
4.25 14.375 55473.85209850351
4.75 14.375 114074.34804122773
5.25 14.375 15661.504405934113
5.75 14.375 0.0
6.25 14.375 0.0
6.75 14.375 0.0
7.25 14.375 0.0
7.75 14.375 0.0
8.25 14.375 0.0
8.75 14.375 0.0
0.25 14.625 259642.02238562345
0.75 14.625 483256.4588934982
1.25 14.625 179440.73008224723
1.75 14.625 290659.49941153044
2.25 14.625 303549.5215747913
2.75 14.625 256632.01185564537
3.25 14.625 80383.66234892792
3.75 14.625 153692.11027102926
4.25 14.625 24858.064685113106
4.75 14.625 0.0
5.25 14.625 0.0
5.75 14.625 0.0
6.25 14.625 0.0
6.75 14.625 0.0
7.25 14.625 0.0
7.75 14.625 0.0
8.25 14.625 0.0
8.75 14.625 0.0
0.25 14.875 164343.62855459086
0.75 14.875 404695.31946543796
1.25 14.875 274680.83065661014
1.75 14.875 397073.02162060764
2.25 14.875 464486.27786949073
2.75 14.875 195148.72267902462
3.25 14.875 392757.25132139196
3.75 14.875 91045.95536277123
4.25 14.875 180782.63771813654
4.75 14.875 0.0
5.25 14.875 0.0
5.75 14.875 0.0
6.25 14.875 0.0
6.75 14.875 0.0
7.25 14.875 0.0
7.75 14.875 0.0
8.25 14.875 0.0
8.75 14.875 0.0
0.25 15.125 297122.1914300963
0.75 15.125 394375.0353668483
1.25 15.125 184781.20395807293
1.75 15.125 436631.17013786145
2.25 15.125 153905.8088591365
2.75 15.125 351406.80225171265
3.25 15.125 242373.49611260873
3.75 15.125 0.0
4.25 15.125 0.0
4.75 15.125 38207.10255662466
5.25 15.125 20311.802087816915
5.75 15.125 0.0
6.25 15.125 0.0
6.75 15.125 0.0
7.25 15.125 0.0
7.75 15.125 0.0
8.25 15.125 0.0
8.75 15.125 0.0
0.25 15.375 252224.73156855511
0.75 15.375 201987.96713206294
1.25 15.375 265410.4044414743
1.75 15.375 318129.97668458085
2.25 15.375 366096.7418669092
2.75 15.375 429146.3822986278
3.25 15.375 92492.99682867031
3.75 15.375 134403.23690473597
4.25 15.375 136596.61930506147
4.75 15.375 0.0
5.25 15.375 29704.72769860686
5.75 15.375 0.0
6.25 15.375 0.0
6.75 15.375 0.0
7.25 15.375 0.0
7.75 15.375 0.0
8.25 15.375 0.0
8.75 15.375 0.0
0.25 15.625 631232.1593658689
0.75 15.625 226648.0266561162
1.25 15.625 240334.7845686444
1.75 15.625 202230.9041432342
2.25 15.625 89493.25106832519
2.75 15.625 190626.8072560237
3.25 15.625 212181.7369316215
3.75 15.625 111470.92117344138
4.25 15.625 68224.2799147194
4.75 15.625 0.0
5.25 15.625 24999.390883795622
5.75 15.625 0.0
6.25 15.625 0.0
6.75 15.625 0.0
7.25 15.625 0.0
7.75 15.625 0.0
8.25 15.625 0.0
8.75 15.625 0.0
0.25 15.875 256740.26138222276
0.75 15.875 429517.7318062209
1.25 15.875 77559.3097509898
1.75 15.875 359498.6241398805
2.25 15.875 219720.09357091406
2.75 15.875 227122.13591436588
3.25 15.875 253455.59449297364
3.75 15.875 131308.14152188832
4.25 15.875 33373.73946471946
4.75 15.875 33771.49634734359
5.25 15.875 0.0
5.75 15.875 0.0
6.25 15.875 0.0
6.75 15.875 0.0
7.25 15.875 0.0
7.75 15.875 0.0
8.25 15.875 0.0
8.75 15.875 0.0
0.25 16.125 146420.43497595508
0.75 16.125 348153.24153511366
1.25 16.125 79596.86754561185
1.75 16.125 126015.70855413149
2.25 16.125 156474.9399648922
2.75 16.125 71395.51906553119
3.25 16.125 0.0
3.75 16.125 153811.44410291425
4.25 16.125 32123.314462444032
4.75 16.125 66478.07472885444
5.25 16.125 12521.454821617572
5.75 16.125 0.0
6.25 16.125 0.0
6.75 16.125 0.0
7.25 16.125 0.0
7.75 16.125 0.0
8.25 16.125 0.0
8.75 16.125 0.0
0.25 16.375 133483.7911116681
0.75 16.375 176304.88874348102
1.25 16.375 349664.39535060467
1.75 16.375 133104.98955382948
2.25 16.375 163237.92090464372
2.75 16.375 105750.47740438659
3.25 16.375 144097.27961613896
3.75 16.375 0.0
4.25 16.375 143801.24750927347
4.75 16.375 33612.860320119464
5.25 16.375 0.0
5.75 16.375 0.0
6.25 16.375 0.0
6.75 16.375 0.0
7.25 16.375 0.0
7.75 16.375 0.0
8.25 16.375 0.0
8.75 16.375 0.0
0.25 16.625 218939.15911573276
0.75 16.625 146361.0882539522
1.25 16.625 332141.37909828185
1.75 16.625 178095.40406912076
2.25 16.625 0.0
2.75 16.625 106950.90142199295
3.25 16.625 0.0
3.75 16.625 0.0
4.25 16.625 0.0
4.75 16.625 0.0
5.25 16.625 0.0
5.75 16.625 0.0
6.25 16.625 0.0
6.75 16.625 0.0
7.25 16.625 0.0
7.75 16.625 0.0
8.25 16.625 0.0
8.75 16.625 0.0
0.25 16.875 549092.8758916035
0.75 16.875 52910.50210217903
1.25 16.875 315210.5507387774
1.75 16.875 76820.42291667772
2.25 16.875 302568.950956164
2.75 16.875 0.0
3.25 16.875 172352.94958555914
3.75 16.875 58579.25089652256
4.25 16.875 0.0
4.75 16.875 0.0
5.25 16.875 0.0
5.75 16.875 0.0
6.25 16.875 0.0
6.75 16.875 0.0
7.25 16.875 0.0
7.75 16.875 0.0
8.25 16.875 0.0
8.75 16.875 0.0
0.25 17.125 167161.21102661794
0.75 17.125 284213.7162683042
1.25 17.125 36738.01490432269
1.75 17.125 188489.116391986
2.25 17.125 127982.75717161628
2.75 17.125 92171.39948380357
3.25 17.125 94180.94610310337
3.75 17.125 179060.95556353495
4.25 17.125 20963.10041362444
4.75 17.125 0.0
5.25 17.125 0.0
5.75 17.125 0.0
6.25 17.125 0.0
6.75 17.125 0.0
7.25 17.125 0.0
7.75 17.125 0.0
8.25 17.125 0.0
8.75 17.125 0.0
0.25 17.375 32509.909265085582
0.75 17.375 118921.1644294548
1.25 17.375 181742.976174063
1.75 17.375 149542.15952161283
2.25 17.375 88183.03509785581
2.75 17.375 251427.61333185702
3.25 17.375 0.0
3.75 17.375 26144.822730720505
4.25 17.375 0.0
4.75 17.375 46043.67821796241
5.25 17.375 14748.451002772943
5.75 17.375 0.0
6.25 17.375 0.0
6.75 17.375 0.0
7.25 17.375 0.0
7.75 17.375 0.0
8.25 17.375 0.0
8.75 17.375 0.0
0.25 17.625 36082.93446726529
0.75 17.625 166415.6978289789
1.25 17.625 129158.97581155154
1.75 17.625 35847.67731819915
2.25 17.625 128261.90951061099
2.75 17.625 167236.39629578733
3.25 17.625 119127.11397443067
3.75 17.625 43489.80500002454
4.25 17.625 40976.324935432895
4.75 17.625 0.0
5.25 17.625 41361.70954365903
5.75 17.625 0.0
6.25 17.625 0.0
6.75 17.625 0.0
7.25 17.625 0.0
7.75 17.625 0.0
8.25 17.625 0.0
8.75 17.625 0.0
0.25 17.875 206051.5450616464
0.75 17.875 175877.10928487784
1.25 17.875 187260.6617254956
1.75 17.875 28993.203333431495
2.25 17.875 93928.9672920978
2.75 17.875 128673.53468751347
3.25 17.875 111069.94006718711
3.75 17.875 0.0
4.25 17.875 0.0
4.75 17.875 0.0
5.25 17.875 0.0
5.75 17.875 0.0
6.25 17.875 0.0
6.75 17.875 0.0
7.25 17.875 0.0
7.75 17.875 0.0
8.25 17.875 0.0
8.75 17.875 0.0
0.25 18.125 173316.90101196498
0.75 18.125 131681.60463433256
1.25 18.125 73541.47340755085
1.75 18.125 164277.25455483346
2.25 18.125 33605.29141970488
2.75 18.125 135757.26380345135
3.25 18.125 0.0
3.75 18.125 99295.311257853
4.25 18.125 43815.267931661154
4.75 18.125 0.0
5.25 18.125 0.0
5.75 18.125 0.0
6.25 18.125 0.0
6.75 18.125 0.0
7.25 18.125 0.0
7.75 18.125 0.0
8.25 18.125 0.0
8.75 18.125 0.0
0.25 18.375 31426.234104617266
0.75 18.375 229214.96674324624
1.25 18.375 128768.44460844199
1.75 18.375 186973.90870949818
2.25 18.375 74203.66877614657
2.75 18.375 43489.80500002454
3.25 18.375 53429.06240857285
3.75 18.375 77345.84587644148
4.25 18.375 0.0
4.75 18.375 0.0
5.25 18.375 0.0
5.75 18.375 0.0
6.25 18.375 0.0
6.75 18.375 0.0
7.25 18.375 0.0
7.75 18.375 0.0
8.25 18.375 0.0
8.75 18.375 0.0
0.25 18.625 43489.80500002454
0.75 18.625 208435.29886513876
1.25 18.625 90940.04740474245
1.75 18.625 134170.4640219522
2.25 18.625 29875.3052019099
2.75 18.625 101002.67500894863
3.25 18.625 0.0
3.75 18.625 0.0
4.25 18.625 0.0
4.75 18.625 43123.646325057394
5.25 18.625 0.0
5.75 18.625 0.0
6.25 18.625 0.0
6.75 18.625 0.0
7.25 18.625 0.0
7.75 18.625 0.0
8.25 18.625 0.0
8.75 18.625 0.0
0.25 18.875 179000.60464269805
0.75 18.875 45617.95321869541
1.25 18.875 114753.60217543757
1.75 18.875 51927.39715490146
2.25 18.875 35522.1305891929
2.75 18.875 23792.33114994921
3.25 18.875 0.0
3.75 18.875 94340.28520379502
4.25 18.875 0.0
4.75 18.875 0.0
5.25 18.875 0.0
5.75 18.875 0.0
6.25 18.875 0.0
6.75 18.875 0.0
7.25 18.875 0.0
7.75 18.875 0.0
8.25 18.875 0.0
8.75 18.875 0.0
0.25 19.125 188222.88041857342
0.75 19.125 50138.542731820744
1.25 19.125 67610.89220799522
1.75 19.125 47354.849864798525
2.25 19.125 124353.84177643398
2.75 19.125 50322.05443389374
3.25 19.125 175735.26234961124
3.75 19.125 0.0
4.25 19.125 54829.788444311474
4.75 19.125 0.0
5.25 19.125 0.0
5.75 19.125 0.0
6.25 19.125 0.0
6.75 19.125 0.0
7.25 19.125 0.0
7.75 19.125 0.0
8.25 19.125 0.0
8.75 19.125 0.0
0.25 19.375 106386.39700337681
0.75 19.375 231789.86387827128
1.25 19.375 80910.02098365813
1.75 19.375 36825.2492468135
2.25 19.375 139089.39722471958
2.75 19.375 86103.49091528801
3.25 19.375 42369.67546078453
3.75 19.375 0.0
4.25 19.375 86321.06729939081
4.75 19.375 0.0
5.25 19.375 0.0
5.75 19.375 0.0
6.25 19.375 0.0
6.75 19.375 0.0
7.25 19.375 0.0
7.75 19.375 0.0
8.25 19.375 0.0
8.75 19.375 0.0
0.25 19.625 41403.343685601205
0.75 19.625 190410.70490378528
1.25 19.625 123703.23669568193
1.75 19.625 59056.63313321411
2.25 19.625 77256.78998154607
2.75 19.625 0.0
3.25 19.625 0.0
3.75 19.625 87797.46550362193
4.25 19.625 33333.21050314885
4.75 19.625 0.0
5.25 19.625 0.0
5.75 19.625 0.0
6.25 19.625 0.0
6.75 19.625 0.0
7.25 19.625 0.0
7.75 19.625 0.0
8.25 19.625 0.0
8.75 19.625 0.0
0.25 19.875 33614.49696078654
0.75 19.875 69234.88284285441
1.25 19.875 141190.87922912027
1.75 19.875 53093.059324499234
2.25 19.875 70346.14012275814
2.75 19.875 0.0
3.25 19.875 0.0
3.75 19.875 59184.46706681493
4.25 19.875 42466.453965323984
4.75 19.875 0.0
5.25 19.875 0.0
5.75 19.875 0.0
6.25 19.875 0.0
6.75 19.875 0.0
7.25 19.875 0.0
7.75 19.875 0.0
8.25 19.875 0.0
8.75 19.875 0.0
0.25 20.125 74276.45165150877
0.75 20.125 27081.81974721713
1.25 20.125 41690.31263452803
1.75 20.125 147444.87945226385
2.25 20.125 93503.7463508488
2.75 20.125 0.0
3.25 20.125 162946.62800840058
3.75 20.125 0.0
4.25 20.125 0.0
4.75 20.125 0.0
5.25 20.125 0.0
5.75 20.125 0.0
6.25 20.125 0.0
6.75 20.125 0.0
7.25 20.125 0.0
7.75 20.125 0.0
8.25 20.125 0.0
8.75 20.125 0.0
0.25 20.375 36826.07446010875
0.75 20.375 46199.948571584995
1.25 20.375 77462.22352095848
1.75 20.375 82925.10972578653
2.25 20.375 55802.727332150964
2.75 20.375 0.0
3.25 20.375 73133.71495905465
3.75 20.375 0.0
4.25 20.375 0.0
4.75 20.375 0.0
5.25 20.375 0.0
5.75 20.375 0.0
6.25 20.375 0.0
6.75 20.375 0.0
7.25 20.375 0.0
7.75 20.375 0.0
8.25 20.375 0.0
8.75 20.375 0.0
0.25 20.625 40353.65039578103
0.75 20.625 140688.62477254763
1.25 20.625 70169.42237917708
1.75 20.625 61815.144038643826
2.25 20.625 0.0
2.75 20.625 105400.73209325755
3.25 20.625 23961.19326113552
3.75 20.625 0.0
4.25 20.625 0.0
4.75 20.625 0.0
5.25 20.625 0.0
5.75 20.625 0.0
6.25 20.625 0.0
6.75 20.625 0.0
7.25 20.625 0.0
7.75 20.625 0.0
8.25 20.625 0.0
8.75 20.625 0.0
0.25 20.875 31627.116978094087
0.75 20.875 42229.14844995909
1.25 20.875 30962.97535206153
1.75 20.875 28993.203333431495
2.25 20.875 0.0
2.75 20.875 30354.378815118285
3.25 20.875 111925.21837644253
3.75 20.875 0.0
4.25 20.875 0.0
4.75 20.875 0.0
5.25 20.875 0.0
5.75 20.875 0.0
6.25 20.875 0.0
6.75 20.875 0.0
7.25 20.875 0.0
7.75 20.875 0.0
8.25 20.875 0.0
8.75 20.875 0.0
0.25 21.125 23172.11417198332
0.75 21.125 127391.22705312478
1.25 21.125 0.0
1.75 21.125 181274.88562180055
2.25 21.125 0.0
2.75 21.125 47607.77048829344
3.25 21.125 0.0
3.75 21.125 0.0
4.25 21.125 0.0
4.75 21.125 0.0
5.25 21.125 0.0
5.75 21.125 0.0
6.25 21.125 0.0
6.75 21.125 0.0
7.25 21.125 0.0
7.75 21.125 0.0
8.25 21.125 0.0
8.75 21.125 0.0
0.25 21.375 227210.22365389366
0.75 21.375 0.0
1.25 21.375 0.0
1.75 21.375 63754.94614111645
2.25 21.375 0.0
2.75 21.375 0.0
3.25 21.375 132667.69532237388
3.75 21.375 0.0
4.25 21.375 0.0
4.75 21.375 0.0
5.25 21.375 0.0
5.75 21.375 0.0
6.25 21.375 0.0
6.75 21.375 0.0
7.25 21.375 0.0
7.75 21.375 0.0
8.25 21.375 0.0
8.75 21.375 0.0
0.25 21.625 16739.581142678224
0.75 21.625 43958.47302077438
1.25 21.625 32824.97169606371
1.75 21.625 40506.12391264441
2.25 21.625 0.0
2.75 21.625 86979.61000004908
3.25 21.625 0.0
3.75 21.625 0.0
4.25 21.625 0.0
4.75 21.625 0.0
5.25 21.625 0.0
5.75 21.625 0.0
6.25 21.625 0.0
6.75 21.625 0.0
7.25 21.625 0.0
7.75 21.625 0.0
8.25 21.625 0.0
8.75 21.625 0.0
0.25 21.875 108789.99471002481
0.75 21.875 0.0
1.25 21.875 68338.56984875877
1.75 21.875 62601.681494230565
2.25 21.875 63333.70982738143
2.75 21.875 96711.33019036545
3.25 21.875 0.0
3.75 21.875 0.0
4.25 21.875 0.0
4.75 21.875 0.0
5.25 21.875 0.0
5.75 21.875 0.0
6.25 21.875 0.0
6.75 21.875 0.0
7.25 21.875 0.0
7.75 21.875 0.0
8.25 21.875 0.0
8.75 21.875 0.0
0.25 22.125 74187.83490935602
0.75 22.125 27538.01714180218
1.25 22.125 25407.845915446924
1.75 22.125 35271.25084151313
2.25 22.125 39664.28153165715
2.75 22.125 0.0
3.25 22.125 0.0
3.75 22.125 0.0
4.25 22.125 0.0
4.75 22.125 53644.437941181604
5.25 22.125 0.0
5.75 22.125 0.0
6.25 22.125 0.0
6.75 22.125 0.0
7.25 22.125 0.0
7.75 22.125 0.0
8.25 22.125 0.0
8.75 22.125 0.0
0.25 22.375 93830.60389919499
0.75 22.375 45535.04696956697
1.25 22.375 93021.71419539968
1.75 22.375 0.0
2.25 22.375 64360.92736105377
2.75 22.375 33714.91888935787
3.25 22.375 0.0
3.75 22.375 0.0
4.25 22.375 0.0
4.75 22.375 0.0
5.25 22.375 0.0
5.75 22.375 0.0
6.25 22.375 0.0
6.75 22.375 0.0
7.25 22.375 0.0
7.75 22.375 0.0
8.25 22.375 0.0
8.75 22.375 0.0
0.25 22.625 213408.07492812045
0.75 22.625 47006.783540858974
1.25 22.625 0.0
1.75 22.625 0.0
2.25 22.625 0.0
2.75 22.625 0.0
3.25 22.625 24260.581174145984
3.75 22.625 97118.80273626931
4.25 22.625 0.0
4.75 22.625 0.0
5.25 22.625 0.0
5.75 22.625 0.0
6.25 22.625 0.0
6.75 22.625 0.0
7.25 22.625 0.0
7.75 22.625 0.0
8.25 22.625 0.0
8.75 22.625 0.0
0.25 22.875 0.0
0.75 22.875 30420.30104405889
1.25 22.875 51644.65916843725
1.75 22.875 40169.58708633726
2.25 22.875 0.0
2.75 22.875 65701.62794355437
3.25 22.875 30246.18244525009
3.75 22.875 86422.95322568282
4.25 22.875 0.0
4.75 22.875 0.0
5.25 22.875 0.0
5.75 22.875 0.0
6.25 22.875 0.0
6.75 22.875 0.0
7.25 22.875 0.0
7.75 22.875 0.0
8.25 22.875 0.0
8.75 22.875 0.0
0.25 23.125 92762.31493840314
0.75 23.125 43489.80500002454
1.25 23.125 0.0
1.75 23.125 38045.15160628298
2.25 23.125 43489.80500002454
2.75 23.125 0.0
3.25 23.125 38983.63723520641
3.75 23.125 31987.539931783416
4.25 23.125 0.0
4.75 23.125 0.0
5.25 23.125 0.0
5.75 23.125 0.0
6.25 23.125 0.0
6.75 23.125 0.0
7.25 23.125 0.0
7.75 23.125 0.0
8.25 23.125 0.0
8.75 23.125 0.0
0.25 23.375 16461.611813899865
0.75 23.375 176287.62697721316
1.25 23.375 43489.80500002454
1.75 23.375 0.0
2.25 23.375 0.0
2.75 23.375 38352.058360976844
3.25 23.375 31712.077909888183
3.75 23.375 0.0
4.25 23.375 0.0
4.75 23.375 0.0
5.25 23.375 0.0
5.75 23.375 0.0
6.25 23.375 0.0
6.75 23.375 0.0
7.25 23.375 0.0
7.75 23.375 0.0
8.25 23.375 0.0
8.75 23.375 0.0
0.25 23.625 0.0
0.75 23.625 0.0
1.25 23.625 0.0
1.75 23.625 40983.29622338331
2.25 23.625 31077.981366056825
2.75 23.625 0.0
3.25 23.625 21191.024783673536
3.75 23.625 0.0
4.25 23.625 0.0
4.75 23.625 0.0
5.25 23.625 0.0
5.75 23.625 0.0
6.25 23.625 0.0
6.75 23.625 0.0
7.25 23.625 0.0
7.75 23.625 0.0
8.25 23.625 0.0
8.75 23.625 0.0
0.25 23.875 57735.81495680703
0.75 23.875 202733.45000353237
1.25 23.875 77931.04389412797
1.75 23.875 0.0
2.25 23.875 0.0
2.75 23.875 43489.80500002454
3.25 23.875 0.0
3.75 23.875 0.0
4.25 23.875 0.0
4.75 23.875 0.0
5.25 23.875 0.0
5.75 23.875 0.0
6.25 23.875 0.0
6.75 23.875 0.0
7.25 23.875 0.0
7.75 23.875 0.0
8.25 23.875 0.0
8.75 23.875 0.0
0.25 24.125 0.0
0.75 24.125 43489.80500002454
1.25 24.125 0.0
1.75 24.125 33954.50104787071
2.25 24.125 29551.011064670245
2.75 24.125 31792.985074908895
3.25 24.125 0.0
3.75 24.125 0.0
4.25 24.125 0.0
4.75 24.125 0.0
5.25 24.125 0.0
5.75 24.125 0.0
6.25 24.125 0.0
6.75 24.125 0.0
7.25 24.125 0.0
7.75 24.125 0.0
8.25 24.125 0.0
8.75 24.125 0.0
0.25 24.375 86979.61000004908
0.75 24.375 0.0
1.25 24.375 43489.80500002454
1.75 24.375 0.0
2.25 24.375 0.0
2.75 24.375 0.0
3.25 24.375 0.0
3.75 24.375 0.0
4.25 24.375 0.0
4.75 24.375 0.0
5.25 24.375 0.0
5.75 24.375 0.0
6.25 24.375 0.0
6.75 24.375 0.0
7.25 24.375 0.0
7.75 24.375 0.0
8.25 24.375 0.0
8.75 24.375 0.0
0.25 24.625 0.0
0.75 24.625 46223.46045110277
1.25 24.625 41850.52012667651
1.75 24.625 133826.19082952006
2.25 24.625 43489.80500002454
2.75 24.625 0.0
3.25 24.625 34738.64426054828
3.75 24.625 0.0
4.25 24.625 0.0
4.75 24.625 0.0
5.25 24.625 0.0
5.75 24.625 0.0
6.25 24.625 0.0
6.75 24.625 0.0
7.25 24.625 0.0
7.75 24.625 0.0
8.25 24.625 0.0
8.75 24.625 0.0
0.25 24.875 0.0
0.75 24.875 0.0
1.25 24.875 0.0
1.75 24.875 0.0
2.25 24.875 0.0
2.75 24.875 0.0
3.25 24.875 0.0
3.75 24.875 0.0
4.25 24.875 0.0
4.75 24.875 0.0
5.25 24.875 0.0
5.75 24.875 0.0
6.25 24.875 0.0
6.75 24.875 0.0
7.25 24.875 0.0
7.75 24.875 0.0
8.25 24.875 0.0
8.75 24.875 0.0
0.25 25.125 0.0
0.75 25.125 29308.125889892537
1.25 25.125 0.0
1.75 25.125 0.0
2.25 25.125 0.0
2.75 25.125 129444.90337378162
3.25 25.125 0.0
3.75 25.125 0.0
4.25 25.125 0.0
4.75 25.125 0.0
5.25 25.125 0.0
5.75 25.125 0.0
6.25 25.125 0.0
6.75 25.125 0.0
7.25 25.125 0.0
7.75 25.125 0.0
8.25 25.125 0.0
8.75 25.125 0.0
0.25 25.375 43489.80500002454
0.75 25.375 230294.87301701162
1.25 25.375 43521.008434613315
1.75 25.375 0.0
2.25 25.375 0.0
2.75 25.375 33224.22624639542
3.25 25.375 43489.80500002454
3.75 25.375 0.0
4.25 25.375 0.0
4.75 25.375 0.0
5.25 25.375 0.0
5.75 25.375 0.0
6.25 25.375 0.0
6.75 25.375 0.0
7.25 25.375 0.0
7.75 25.375 0.0
8.25 25.375 0.0
8.75 25.375 0.0
0.25 25.625 0.0
0.75 25.625 182223.41637975277
1.25 25.625 0.0
1.75 25.625 0.0
2.25 25.625 0.0
2.75 25.625 0.0
3.25 25.625 55757.21595813994
3.75 25.625 0.0
4.25 25.625 0.0
4.75 25.625 0.0
5.25 25.625 0.0
5.75 25.625 0.0
6.25 25.625 0.0
6.75 25.625 0.0
7.25 25.625 0.0
7.75 25.625 0.0
8.25 25.625 0.0
8.75 25.625 0.0
0.25 25.875 43489.80500002454
0.75 25.875 45545.243556025714
1.25 25.875 0.0
1.75 25.875 0.0
2.25 25.875 0.0
2.75 25.875 0.0
3.25 25.875 0.0
3.75 25.875 0.0
4.25 25.875 0.0
4.75 25.875 0.0
5.25 25.875 0.0
5.75 25.875 0.0
6.25 25.875 0.0
6.75 25.875 0.0
7.25 25.875 0.0
7.75 25.875 0.0
8.25 25.875 0.0
8.75 25.875 0.0
0.25 26.125 61487.01130645424
0.75 26.125 38157.33604245806
1.25 26.125 0.0
1.75 26.125 28993.203333431495
2.25 26.125 62054.43188722399
2.75 26.125 0.0
3.25 26.125 0.0
3.75 26.125 0.0
4.25 26.125 0.0
4.75 26.125 0.0
5.25 26.125 0.0
5.75 26.125 0.0
6.25 26.125 0.0
6.75 26.125 0.0
7.25 26.125 0.0
7.75 26.125 0.0
8.25 26.125 0.0
8.75 26.125 0.0
0.25 26.375 0.0
0.75 26.375 45838.314264025874
1.25 26.375 0.0
1.75 26.375 0.0
2.25 26.375 0.0
2.75 26.375 0.0
3.25 26.375 56763.073008231055
3.75 26.375 0.0
4.25 26.375 0.0
4.75 26.375 0.0
5.25 26.375 0.0
5.75 26.375 0.0
6.25 26.375 0.0
6.75 26.375 0.0
7.25 26.375 0.0
7.75 26.375 0.0
8.25 26.375 0.0
8.75 26.375 0.0
0.25 26.625 43489.80500002454
0.75 26.625 0.0
1.25 26.625 0.0
1.75 26.625 0.0
2.25 26.625 0.0
2.75 26.625 34576.29999546723
3.25 26.625 0.0
3.75 26.625 0.0
4.25 26.625 0.0
4.75 26.625 0.0
5.25 26.625 0.0
5.75 26.625 0.0
6.25 26.625 0.0
6.75 26.625 0.0
7.25 26.625 0.0
7.75 26.625 0.0
8.25 26.625 0.0
8.75 26.625 0.0
0.25 26.875 0.0
0.75 26.875 0.0
1.25 26.875 39694.24161667062
1.75 26.875 43489.80500002454
2.25 26.875 0.0
2.75 26.875 0.0
3.25 26.875 0.0
3.75 26.875 0.0
4.25 26.875 0.0
4.75 26.875 0.0
5.25 26.875 0.0
5.75 26.875 0.0
6.25 26.875 0.0
6.75 26.875 0.0
7.25 26.875 0.0
7.75 26.875 0.0
8.25 26.875 0.0
8.75 26.875 0.0
0.25 27.125 0.0
0.75 27.125 0.0
1.25 27.125 0.0
1.75 27.125 34825.840611295505
2.25 27.125 30173.007091444073
2.75 27.125 0.0
3.25 27.125 17908.903510102416
3.75 27.125 0.0
4.25 27.125 0.0
4.75 27.125 0.0
5.25 27.125 0.0
5.75 27.125 0.0
6.25 27.125 0.0
6.75 27.125 0.0
7.25 27.125 0.0
7.75 27.125 0.0
8.25 27.125 0.0
8.75 27.125 0.0
0.25 27.375 0.0
0.75 27.375 0.0
1.25 27.375 0.0
1.75 27.375 59532.267762409545
2.25 27.375 0.0
2.75 27.375 43489.80500002454
3.25 27.375 0.0
3.75 27.375 0.0
4.25 27.375 0.0
4.75 27.375 0.0
5.25 27.375 0.0
5.75 27.375 0.0
6.25 27.375 0.0
6.75 27.375 0.0
7.25 27.375 0.0
7.75 27.375 0.0
8.25 27.375 0.0
8.75 27.375 0.0
0.25 27.625 77018.2183814836
0.75 27.625 86979.61000004908
1.25 27.625 0.0
1.75 27.625 63008.71167850004
2.25 27.625 0.0
2.75 27.625 0.0
3.25 27.625 0.0
3.75 27.625 0.0
4.25 27.625 0.0
4.75 27.625 0.0
5.25 27.625 0.0
5.75 27.625 0.0
6.25 27.625 0.0
6.75 27.625 0.0
7.25 27.625 0.0
7.75 27.625 0.0
8.25 27.625 0.0
8.75 27.625 0.0
0.25 27.875 0.0
0.75 27.875 0.0
1.25 27.875 27668.425561548796
1.75 27.875 0.0
2.25 27.875 0.0
2.75 27.875 0.0
3.25 27.875 0.0
3.75 27.875 0.0
4.25 27.875 0.0
4.75 27.875 0.0
5.25 27.875 0.0
5.75 27.875 0.0
6.25 27.875 0.0
6.75 27.875 0.0
7.25 27.875 0.0
7.75 27.875 0.0
8.25 27.875 0.0
8.75 27.875 0.0
0.25 28.125 0.0
0.75 28.125 0.0
1.25 28.125 0.0
1.75 28.125 22271.36791973253
2.25 28.125 0.0
2.75 28.125 0.0
3.25 28.125 0.0
3.75 28.125 0.0
4.25 28.125 0.0
4.75 28.125 0.0
5.25 28.125 0.0
5.75 28.125 0.0
6.25 28.125 0.0
6.75 28.125 0.0
7.25 28.125 0.0
7.75 28.125 0.0
8.25 28.125 0.0
8.75 28.125 0.0
0.25 28.375 0.0
0.75 28.375 90641.54238472266
1.25 28.375 0.0
1.75 28.375 0.0
2.25 28.375 0.0
2.75 28.375 38047.84854299648
3.25 28.375 0.0
3.75 28.375 0.0
4.25 28.375 0.0
4.75 28.375 0.0
5.25 28.375 0.0
5.75 28.375 0.0
6.25 28.375 0.0
6.75 28.375 0.0
7.25 28.375 0.0
7.75 28.375 0.0
8.25 28.375 0.0
8.75 28.375 0.0
0.25 28.625 0.0
0.75 28.625 0.0
1.25 28.625 0.0
1.75 28.625 0.0
2.25 28.625 34282.141252363064
2.75 28.625 125725.73001607097
3.25 28.625 0.0
3.75 28.625 0.0
4.25 28.625 0.0
4.75 28.625 0.0
5.25 28.625 0.0
5.75 28.625 0.0
6.25 28.625 0.0
6.75 28.625 0.0
7.25 28.625 0.0
7.75 28.625 0.0
8.25 28.625 0.0
8.75 28.625 0.0
0.25 28.875 0.0
0.75 28.875 0.0
1.25 28.875 0.0
1.75 28.875 0.0
2.25 28.875 0.0
2.75 28.875 0.0
3.25 28.875 38894.84265786275
3.75 28.875 0.0
4.25 28.875 0.0
4.75 28.875 0.0
5.25 28.875 0.0
5.75 28.875 0.0
6.25 28.875 0.0
6.75 28.875 0.0
7.25 28.875 0.0
7.75 28.875 0.0
8.25 28.875 0.0
8.75 28.875 0.0
0.25 29.125 43489.80500002454
0.75 29.125 0.0
1.25 29.125 0.0
1.75 29.125 0.0
2.25 29.125 0.0
2.75 29.125 0.0
3.25 29.125 0.0
3.75 29.125 0.0
4.25 29.125 0.0
4.75 29.125 0.0
5.25 29.125 0.0
5.75 29.125 0.0
6.25 29.125 0.0
6.75 29.125 0.0
7.25 29.125 0.0
7.75 29.125 0.0
8.25 29.125 0.0
8.75 29.125 0.0
0.25 29.375 0.0
0.75 29.375 43489.80500002454
1.25 29.375 105321.30664928602
1.75 29.375 0.0
2.25 29.375 0.0
2.75 29.375 0.0
3.25 29.375 0.0
3.75 29.375 0.0
4.25 29.375 0.0
4.75 29.375 0.0
5.25 29.375 0.0
5.75 29.375 0.0
6.25 29.375 0.0
6.75 29.375 0.0
7.25 29.375 0.0
7.75 29.375 0.0
8.25 29.375 0.0
8.75 29.375 0.0
0.25 29.625 0.0
0.75 29.625 0.0
1.25 29.625 42869.06099679619
1.75 29.625 0.0
2.25 29.625 0.0
2.75 29.625 0.0
3.25 29.625 0.0
3.75 29.625 0.0
4.25 29.625 0.0
4.75 29.625 0.0
5.25 29.625 0.0
5.75 29.625 0.0
6.25 29.625 0.0
6.75 29.625 0.0
7.25 29.625 0.0
7.75 29.625 0.0
8.25 29.625 0.0
8.75 29.625 0.0
0.25 29.875 43489.80500002454
0.75 29.875 0.0
1.25 29.875 0.0
1.75 29.875 0.0
2.25 29.875 72483.00833345603
2.75 29.875 0.0
3.25 29.875 0.0
3.75 29.875 0.0
4.25 29.875 0.0
4.75 29.875 0.0
5.25 29.875 0.0
5.75 29.875 0.0
6.25 29.875 0.0
6.75 29.875 0.0
7.25 29.875 0.0
7.75 29.875 0.0
8.25 29.875 0.0
8.75 29.875 0.0
