11.294627058970837 263.948968264295
14.219093021276404 143.03550529410586
17.900777537149963 1316.9387232750566
22.535743732392298 1994.3922066372788
28.370820458389794 2667.309586926454
35.71674682851676 4471.994921877637
44.96472020903849 7510.687985047751
56.60722890537329 7388.488718808174
71.26427896022373 15916.601920556135
89.71641173621407 19531.61285147349
112.94627058970838 29619.908688906202
142.1909302127641 32953.30883862915
179.00777537149963 40716.570795049556
225.35743732392305 41437.680435963935
283.7082045838981 45700.88659090997
357.1674682851676 45313.10571745012
449.6472020903849 38421.311287015036
566.0722890537327 31351.80826646817
712.6427896022376 35423.84811484709
897.164117362141 33548.83463164716
1129.4627058970837 26829.379045813985
1421.9093021276408 19001.13552568399
1790.0777537149975 11325.31212493882
2253.5743732392316 6040.18828839669
2837.082045838981 2359.4015596835525
3571.674682851676 623.8871591574862
4496.47202090385 125.91397649346618
5660.72289053733 25.132769169285893
7126.427896022379 2.6913470724248327
8971.64117362141 0.00735938671277836
