11.294627058970837 174.29586143452224
14.219093021276404 0.4001056700620893
17.900777537149963 4901.138758234434
22.535743732392298 10639.186223728442
28.370820458389794 8414.842909051382
35.71674682851676 13894.597856609915
44.96472020903849 29834.931417991123
56.60722890537329 36006.57755799264
71.26427896022373 74868.93577872253
89.71641173621407 88533.57569020652
112.94627058970838 137743.04060950992
142.1909302127641 178790.20240930724
179.00777537149963 252214.3543922481
225.35743732392305 339564.2838920414
283.7082045838981 459902.9786368008
357.1674682851676 512427.902441195
449.6472020903849 641457.9942608476
566.0722890537327 679408.4214212042
712.6427896022376 682754.5424984358
897.164117362141 684191.9238066813
1129.4627058970837 594209.7082991283
1421.9093021276408 413162.19018768147
1790.0777537149975 276052.03225914855
2253.5743732392316 159338.73857434746
2837.082045838981 65821.89156697597
3571.674682851676 27642.05668071285
4496.47202090385 7751.986387625337
5660.72289053733 1628.2455297457054
7126.427896022379 79.01008491590619
8971.64117362141 0.1636109184473753
