0.25 0.125 10603614.857142856
0.75 0.125 10064448.0
1.25 0.125 9944633.142857144
1.75 0.125 8297178.857142857
2.25 0.125 6739585.714285715
2.75 0.125 5811020.571428572
3.25 0.125 4133612.5714285714
3.75 0.125 2995371.4285714286
4.25 0.125 1767269.142857143
4.75 0.125 1647454.2857142857
5.25 0.125 988472.5714285715
5.75 0.125 539166.8571428572
6.25 0.125 449305.71428571426
6.75 0.125 329490.85714285716
7.25 0.125 299537.14285714284
7.75 0.125 29953.714285714286
8.25 0.125 0.0
8.75 0.125 0.0
0.25 0.375 12969958.285714285
0.75 0.375 14228014.285714285
1.25 0.375 13658893.714285715
1.75 0.375 12850143.42857143
2.25 0.375 12101300.57142857
2.75 0.375 10124355.42857143
3.25 0.375 7188891.428571428
3.75 0.375 7009169.142857143
4.25 0.375 5661252.0
4.75 0.375 3834075.4285714286
5.25 0.375 2995371.4285714286
5.75 0.375 1737315.4285714286
6.25 0.375 1527639.4285714286
6.75 0.375 808750.2857142857
7.25 0.375 658981.7142857143
7.75 0.375 179722.2857142857
8.25 0.375 149768.57142857142
8.75 0.375 0.0
0.25 0.625 11112828.0
0.75 0.625 11382411.42857143
1.25 0.625 10993013.142857144
1.75 0.625 11801763.42857143
2.25 0.625 9585188.57142857
2.75 0.625 8626669.714285715
3.25 0.625 9075975.42857143
3.75 0.625 7758012.0
4.25 0.625 5811020.571428572
4.75 0.625 4552964.571428572
5.25 0.625 3864029.1428571427
5.75 0.625 3324862.285714286
6.25 0.625 2036852.5714285714
6.75 0.625 1138241.142857143
7.25 0.625 748842.8571428572
7.75 0.625 419352.0
8.25 0.625 59907.42857142857
8.75 0.625 0.0
0.25 0.875 9615142.285714285
0.75 0.875 10783337.142857144
1.25 0.875 10693476.0
1.75 0.875 10094401.714285715
2.25 0.875 9046021.714285715
2.75 0.875 8866299.42857143
3.25 0.875 8686577.142857144
3.75 0.875 8177364.0
4.25 0.875 7099030.285714285
4.75 0.875 5781066.857142857
5.25 0.875 4403196.0
5.75 0.875 3264954.8571428573
6.25 0.875 2546065.714285714
6.75 0.875 1467732.0
7.25 0.875 1048380.0
7.75 0.875 688935.4285714285
8.25 0.875 89861.14285714286
8.75 0.875 0.0
0.25 1.125 10004540.57142857
0.75 1.125 10483800.0
1.25 1.125 9465373.714285715
1.75 1.125 9075975.42857143
2.25 1.125 8956160.57142857
2.75 1.125 8446947.42857143
3.25 1.125 8596716.0
3.75 1.125 6949261.714285715
4.25 1.125 6619770.857142857
4.75 1.125 5811020.571428572
5.25 1.125 4762640.571428572
5.75 1.125 3205047.4285714286
6.25 1.125 2576019.4285714286
6.75 1.125 1857130.2857142857
7.25 1.125 1048380.0
7.75 1.125 569120.5714285715
8.25 1.125 59907.42857142857
8.75 1.125 0.0
0.25 1.375 9315605.142857144
0.75 1.375 10393938.857142856
1.25 1.375 9315605.142857144
1.75 1.375 9615142.285714285
2.25 1.375 9615142.285714285
2.75 1.375 8327132.571428572
3.25 1.375 7488428.571428572
3.75 1.375 7578289.714285715
4.25 1.375 5541437.142857143
4.75 1.375 5092131.428571428
5.25 1.375 3983844.0
5.75 1.375 3444677.1428571427
6.25 1.375 2186621.1428571427
6.75 1.375 1497685.7142857143
7.25 1.375 838704.0
7.75 1.375 449305.71428571426
8.25 1.375 0.0
8.75 1.375 0.0
0.25 1.625 8536808.57142857
0.75 1.625 9495327.42857143
1.25 1.625 8806392.0
1.75 1.625 7248798.857142857
2.25 1.625 8237271.428571428
2.75 1.625 7787965.714285715
3.25 1.625 7398567.428571428
3.75 1.625 6110557.714285715
4.25 1.625 5241900.0
4.75 1.625 4612872.0
5.25 1.625 3235001.1428571427
5.75 1.625 3055278.8571428573
6.25 1.625 2486158.285714286
6.75 1.625 1347917.142857143
7.25 1.625 808750.2857142857
7.75 1.625 179722.2857142857
8.25 1.625 0.0
8.75 1.625 0.0
0.25 1.875 8806392.0
0.75 1.875 9285651.42857143
1.25 1.875 9645096.0
1.75 1.875 8117456.571428572
2.25 1.875 8416993.714285715
2.75 1.875 7128984.0
3.25 1.875 6889354.285714285
3.75 1.875 5571390.857142857
4.25 1.875 5002270.285714285
4.75 1.875 4163566.285714286
5.25 1.875 3684306.8571428573
5.75 1.875 2875556.5714285714
6.25 1.875 1377870.857142857
6.75 1.875 1437778.2857142857
7.25 1.875 419352.0
7.75 1.875 119814.85714285714
8.25 1.875 29953.714285714286
8.75 1.875 0.0
0.25 2.125 7308706.285714285
0.75 2.125 8327132.571428572
1.25 2.125 7787965.714285715
1.75 2.125 7069076.571428572
2.25 2.125 6679678.285714285
2.75 2.125 6769539.428571428
3.25 2.125 6859400.571428572
3.75 2.125 5511483.428571428
4.25 2.125 4013797.714285714
4.75 2.125 3264954.8571428573
5.25 2.125 3354816.0
5.75 2.125 2306436.0
6.25 2.125 2126713.714285714
6.75 2.125 928565.1428571428
7.25 2.125 419352.0
7.75 2.125 119814.85714285714
8.25 2.125 0.0
8.75 2.125 0.0
0.25 2.375 7248798.857142857
0.75 2.375 6230372.571428572
1.25 2.375 6769539.428571428
1.75 2.375 6020696.571428572
2.25 2.375 6080604.0
2.75 2.375 6050650.285714285
3.25 2.375 5511483.428571428
3.75 2.375 4612872.0
4.25 2.375 3774168.0
4.75 2.375 2965417.714285714
5.25 2.375 2695834.285714286
5.75 2.375 2036852.5714285714
6.25 2.375 1377870.857142857
6.75 2.375 898611.4285714285
7.25 2.375 389398.28571428574
7.75 2.375 0.0
8.25 2.375 0.0
8.75 2.375 0.0
0.25 2.625 6559863.428571428
0.75 2.625 6440048.571428572
1.25 2.625 5990742.857142857
1.75 2.625 5421622.285714285
2.25 2.625 5361714.857142857
2.75 2.625 4612872.0
3.25 2.625 4283381.142857143
3.75 2.625 4433149.714285715
4.25 2.625 2995371.4285714286
4.75 2.625 2635926.8571428573
5.25 2.625 1677408.0
5.75 2.625 1317963.4285714286
6.25 2.625 898611.4285714285
6.75 2.625 748842.8571428572
7.25 2.625 149768.57142857142
7.75 2.625 29953.714285714286
8.25 2.625 0.0
8.75 2.625 0.0
0.25 2.875 5691205.714285715
0.75 2.875 5391668.571428572
1.25 2.875 4882455.428571428
1.75 2.875 5062177.714285715
2.25 2.875 4612872.0
2.75 2.875 4133612.5714285714
3.25 2.875 3474630.8571428573
3.75 2.875 3324862.285714286
4.25 2.875 2965417.714285714
4.75 2.875 2336389.714285714
5.25 2.875 2006898.857142857
5.75 2.875 988472.5714285715
6.25 2.875 808750.2857142857
6.75 2.875 449305.71428571426
7.25 2.875 149768.57142857142
7.75 2.875 0.0
8.25 2.875 29953.714285714286
8.75 2.875 0.0
0.25 3.125 4612872.0
0.75 3.125 4672779.428571428
1.25 3.125 4433149.714285715
1.75 3.125 4612872.0
2.25 3.125 3714260.5714285714
2.75 3.125 3534538.285714286
3.25 3.125 2995371.4285714286
3.75 3.125 3085232.5714285714
4.25 3.125 2006898.857142857
4.75 3.125 1557593.142857143
5.25 3.125 988472.5714285715
5.75 3.125 928565.1428571428
6.25 3.125 778796.5714285715
6.75 3.125 449305.71428571426
7.25 3.125 89861.14285714286
7.75 3.125 0.0
8.25 3.125 0.0
8.75 3.125 0.0
0.25 3.375 3834075.4285714286
0.75 3.375 4403196.0
1.25 3.375 3534538.285714286
1.75 3.375 3714260.5714285714
2.25 3.375 3145140.0
2.75 3.375 3055278.8571428573
3.25 3.375 3055278.8571428573
3.75 3.375 1976945.142857143
4.25 3.375 1677408.0
4.75 3.375 1617500.5714285714
5.25 3.375 748842.8571428572
5.75 3.375 658981.7142857143
6.25 3.375 658981.7142857143
6.75 3.375 239629.7142857143
7.25 3.375 29953.714285714286
7.75 3.375 59907.42857142857
8.25 3.375 0.0
8.75 3.375 0.0
0.25 3.625 3235001.1428571427
0.75 3.625 3264954.8571428573
1.25 3.625 3324862.285714286
1.75 3.625 3235001.1428571427
2.25 3.625 2426250.8571428573
2.75 3.625 2785695.4285714286
3.25 3.625 2096760.0
3.75 3.625 2096760.0
4.25 3.625 1317963.4285714286
4.75 3.625 1497685.7142857143
5.25 3.625 808750.2857142857
5.75 3.625 658981.7142857143
6.25 3.625 449305.71428571426
6.75 3.625 239629.7142857143
7.25 3.625 89861.14285714286
7.75 3.625 0.0
8.25 3.625 0.0
8.75 3.625 0.0
0.25 3.875 2635926.8571428573
0.75 3.875 2546065.714285714
1.25 3.875 2935464.0
1.75 3.875 2605973.1428571427
2.25 3.875 2785695.4285714286
2.75 3.875 2186621.1428571427
3.25 3.875 1827176.5714285714
3.75 3.875 1527639.4285714286
4.25 3.875 1048380.0
4.75 3.875 688935.4285714285
5.25 3.875 688935.4285714285
5.75 3.875 329490.85714285716
6.25 3.875 329490.85714285716
6.75 3.875 149768.57142857142
7.25 3.875 0.0
7.75 3.875 0.0
8.25 3.875 0.0
8.75 3.875 0.0
0.25 4.125 2635926.8571428573
0.75 4.125 2186621.1428571427
1.25 4.125 2516112.0
1.75 4.125 2036852.5714285714
2.25 4.125 1677408.0
2.75 4.125 1827176.5714285714
3.25 4.125 1677408.0
3.75 4.125 1018426.2857142857
4.25 4.125 988472.5714285715
4.75 4.125 688935.4285714285
5.25 4.125 718889.1428571428
5.75 4.125 509213.14285714284
6.25 4.125 269583.4285714286
6.75 4.125 239629.7142857143
7.25 4.125 29953.714285714286
7.75 4.125 0.0
8.25 4.125 0.0
8.75 4.125 0.0
0.25 4.375 2276482.285714286
0.75 4.375 2396297.1428571427
1.25 4.375 2156667.4285714286
1.75 4.375 1467732.0
2.25 4.375 1917037.7142857143
2.75 4.375 1767269.142857143
3.25 4.375 1617500.5714285714
3.75 4.375 988472.5714285715
4.25 4.375 509213.14285714284
4.75 4.375 658981.7142857143
5.25 4.375 778796.5714285715
5.75 4.375 269583.4285714286
6.25 4.375 149768.57142857142
6.75 4.375 179722.2857142857
7.25 4.375 29953.714285714286
7.75 4.375 0.0
8.25 4.375 0.0
8.75 4.375 0.0
0.25 4.625 1377870.857142857
0.75 4.625 1617500.5714285714
1.25 4.625 1647454.2857142857
1.75 4.625 1347917.142857143
2.25 4.625 1198148.5714285714
2.75 4.625 1198148.5714285714
3.25 4.625 898611.4285714285
3.75 4.625 898611.4285714285
4.25 4.625 688935.4285714285
4.75 4.625 599074.2857142857
5.25 4.625 89861.14285714286
5.75 4.625 209676.0
6.25 4.625 179722.2857142857
6.75 4.625 59907.42857142857
7.25 4.625 0.0
7.75 4.625 0.0
8.25 4.625 0.0
8.75 4.625 0.0
0.25 4.875 1467732.0
0.75 4.875 1587546.857142857
1.25 4.875 1767269.142857143
1.75 4.875 1497685.7142857143
2.25 4.875 1168194.857142857
2.75 4.875 1078333.7142857143
3.25 4.875 1018426.2857142857
3.75 4.875 658981.7142857143
4.25 4.875 419352.0
4.75 4.875 569120.5714285715
5.25 4.875 359444.5714285714
5.75 4.875 119814.85714285714
6.25 4.875 59907.42857142857
6.75 4.875 0.0
7.25 4.875 0.0
7.75 4.875 0.0
8.25 4.875 0.0
8.75 4.875 0.0
0.25 5.125 1437778.2857142857
0.75 5.125 1347917.142857143
1.25 5.125 718889.1428571428
1.75 5.125 1198148.5714285714
2.25 5.125 1288009.7142857143
2.75 5.125 808750.2857142857
3.25 5.125 898611.4285714285
3.75 5.125 569120.5714285715
4.25 5.125 449305.71428571426
4.75 5.125 359444.5714285714
5.25 5.125 299537.14285714284
5.75 5.125 209676.0
6.25 5.125 149768.57142857142
6.75 5.125 0.0
7.25 5.125 0.0
7.75 5.125 0.0
8.25 5.125 0.0
8.75 5.125 0.0
0.25 5.375 748842.8571428572
0.75 5.375 838704.0
1.25 5.375 808750.2857142857
1.75 5.375 688935.4285714285
2.25 5.375 988472.5714285715
2.75 5.375 658981.7142857143
3.25 5.375 688935.4285714285
3.75 5.375 449305.71428571426
4.25 5.375 89861.14285714286
4.75 5.375 299537.14285714284
5.25 5.375 119814.85714285714
5.75 5.375 59907.42857142857
6.25 5.375 29953.714285714286
6.75 5.375 0.0
7.25 5.375 0.0
7.75 5.375 0.0
8.25 5.375 0.0
8.75 5.375 0.0
0.25 5.625 958518.8571428572
0.75 5.625 1018426.2857142857
1.25 5.625 688935.4285714285
1.75 5.625 688935.4285714285
2.25 5.625 838704.0
2.75 5.625 838704.0
3.25 5.625 479259.4285714286
3.75 5.625 479259.4285714286
4.25 5.625 329490.85714285716
4.75 5.625 119814.85714285714
5.25 5.625 119814.85714285714
5.75 5.625 0.0
6.25 5.625 89861.14285714286
6.75 5.625 29953.714285714286
7.25 5.625 0.0
7.75 5.625 0.0
8.25 5.625 0.0
8.75 5.625 0.0
0.25 5.875 658981.7142857143
0.75 5.875 748842.8571428572
1.25 5.875 718889.1428571428
1.75 5.875 599074.2857142857
2.25 5.875 599074.2857142857
2.75 5.875 269583.4285714286
3.25 5.875 389398.28571428574
3.75 5.875 329490.85714285716
4.25 5.875 239629.7142857143
4.75 5.875 149768.57142857142
5.25 5.875 59907.42857142857
5.75 5.875 59907.42857142857
6.25 5.875 0.0
6.75 5.875 0.0
7.25 5.875 0.0
7.75 5.875 0.0
8.25 5.875 0.0
8.75 5.875 0.0
0.25 6.125 389398.28571428574
0.75 6.125 329490.85714285716
1.25 6.125 509213.14285714284
1.75 6.125 539166.8571428572
2.25 6.125 479259.4285714286
2.75 6.125 389398.28571428574
3.25 6.125 269583.4285714286
3.75 6.125 179722.2857142857
4.25 6.125 209676.0
4.75 6.125 239629.7142857143
5.25 6.125 149768.57142857142
5.75 6.125 179722.2857142857
6.25 6.125 0.0
6.75 6.125 0.0
7.25 6.125 0.0
7.75 6.125 0.0
8.25 6.125 0.0
8.75 6.125 0.0
0.25 6.375 299537.14285714284
0.75 6.375 359444.5714285714
1.25 6.375 479259.4285714286
1.75 6.375 449305.71428571426
2.25 6.375 509213.14285714284
2.75 6.375 569120.5714285715
3.25 6.375 299537.14285714284
3.75 6.375 209676.0
4.25 6.375 119814.85714285714
4.75 6.375 149768.57142857142
5.25 6.375 119814.85714285714
5.75 6.375 0.0
6.25 6.375 29953.714285714286
6.75 6.375 0.0
7.25 6.375 0.0
7.75 6.375 0.0
8.25 6.375 0.0
8.75 6.375 0.0
0.25 6.625 299537.14285714284
0.75 6.625 359444.5714285714
1.25 6.625 329490.85714285716
1.75 6.625 419352.0
2.25 6.625 479259.4285714286
2.75 6.625 329490.85714285716
3.25 6.625 179722.2857142857
3.75 6.625 209676.0
4.25 6.625 59907.42857142857
4.75 6.625 149768.57142857142
5.25 6.625 29953.714285714286
5.75 6.625 29953.714285714286
6.25 6.625 59907.42857142857
6.75 6.625 0.0
7.25 6.625 0.0
7.75 6.625 0.0
8.25 6.625 0.0
8.75 6.625 0.0
0.25 6.875 239629.7142857143
0.75 6.875 509213.14285714284
1.25 6.875 449305.71428571426
1.75 6.875 299537.14285714284
2.25 6.875 269583.4285714286
2.75 6.875 179722.2857142857
3.25 6.875 359444.5714285714
3.75 6.875 179722.2857142857
4.25 6.875 89861.14285714286
4.75 6.875 149768.57142857142
5.25 6.875 29953.714285714286
5.75 6.875 29953.714285714286
6.25 6.875 59907.42857142857
6.75 6.875 0.0
7.25 6.875 0.0
7.75 6.875 0.0
8.25 6.875 0.0
8.75 6.875 0.0
0.25 7.125 299537.14285714284
0.75 7.125 239629.7142857143
1.25 7.125 179722.2857142857
1.75 7.125 269583.4285714286
2.25 7.125 239629.7142857143
2.75 7.125 179722.2857142857
3.25 7.125 59907.42857142857
3.75 7.125 149768.57142857142
4.25 7.125 209676.0
4.75 7.125 29953.714285714286
5.25 7.125 59907.42857142857
5.75 7.125 29953.714285714286
6.25 7.125 0.0
6.75 7.125 0.0
7.25 7.125 0.0
7.75 7.125 0.0
8.25 7.125 0.0
8.75 7.125 0.0
0.25 7.375 149768.57142857142
0.75 7.375 329490.85714285716
1.25 7.375 209676.0
1.75 7.375 359444.5714285714
2.25 7.375 149768.57142857142
2.75 7.375 329490.85714285716
3.25 7.375 239629.7142857143
3.75 7.375 59907.42857142857
4.25 7.375 59907.42857142857
4.75 7.375 0.0
5.25 7.375 0.0
5.75 7.375 29953.714285714286
6.25 7.375 0.0
6.75 7.375 0.0
7.25 7.375 0.0
7.75 7.375 0.0
8.25 7.375 0.0
8.75 7.375 0.0
0.25 7.625 179722.2857142857
0.75 7.625 299537.14285714284
1.25 7.625 359444.5714285714
1.75 7.625 59907.42857142857
2.25 7.625 209676.0
2.75 7.625 149768.57142857142
3.25 7.625 179722.2857142857
3.75 7.625 119814.85714285714
4.25 7.625 29953.714285714286
4.75 7.625 59907.42857142857
5.25 7.625 29953.714285714286
5.75 7.625 0.0
6.25 7.625 29953.714285714286
6.75 7.625 0.0
7.25 7.625 0.0
7.75 7.625 0.0
8.25 7.625 0.0
8.75 7.625 0.0
0.25 7.875 119814.85714285714
0.75 7.875 119814.85714285714
1.25 7.875 59907.42857142857
1.75 7.875 89861.14285714286
2.25 7.875 149768.57142857142
2.75 7.875 179722.2857142857
3.25 7.875 119814.85714285714
3.75 7.875 29953.714285714286
4.25 7.875 29953.714285714286
4.75 7.875 29953.714285714286
5.25 7.875 29953.714285714286
5.75 7.875 29953.714285714286
6.25 7.875 29953.714285714286
6.75 7.875 0.0
7.25 7.875 0.0
7.75 7.875 0.0
8.25 7.875 0.0
8.75 7.875 0.0
0.25 8.125 329490.85714285716
0.75 8.125 119814.85714285714
1.25 8.125 59907.42857142857
1.75 8.125 209676.0
2.25 8.125 0.0
2.75 8.125 149768.57142857142
3.25 8.125 149768.57142857142
3.75 8.125 59907.42857142857
4.25 8.125 59907.42857142857
4.75 8.125 0.0
5.25 8.125 0.0
5.75 8.125 0.0
6.25 8.125 0.0
6.75 8.125 29953.714285714286
7.25 8.125 0.0
7.75 8.125 0.0
8.25 8.125 0.0
8.75 8.125 0.0
0.25 8.375 119814.85714285714
0.75 8.375 0.0
1.25 8.375 119814.85714285714
1.75 8.375 59907.42857142857
2.25 8.375 29953.714285714286
2.75 8.375 59907.42857142857
3.25 8.375 29953.714285714286
3.75 8.375 59907.42857142857
4.25 8.375 29953.714285714286
4.75 8.375 29953.714285714286
5.25 8.375 29953.714285714286
5.75 8.375 29953.714285714286
6.25 8.375 0.0
6.75 8.375 0.0
7.25 8.375 0.0
7.75 8.375 0.0
8.25 8.375 0.0
8.75 8.375 0.0
0.25 8.625 59907.42857142857
0.75 8.625 89861.14285714286
1.25 8.625 59907.42857142857
1.75 8.625 89861.14285714286
2.25 8.625 29953.714285714286
2.75 8.625 59907.42857142857
3.25 8.625 29953.714285714286
3.75 8.625 59907.42857142857
4.25 8.625 29953.714285714286
4.75 8.625 0.0
5.25 8.625 0.0
5.75 8.625 0.0
6.25 8.625 0.0
6.75 8.625 0.0
7.25 8.625 0.0
7.75 8.625 0.0
8.25 8.625 0.0
8.75 8.625 0.0
0.25 8.875 179722.2857142857
0.75 8.875 239629.7142857143
1.25 8.875 29953.714285714286
1.75 8.875 89861.14285714286
2.25 8.875 0.0
2.75 8.875 29953.714285714286
3.25 8.875 59907.42857142857
3.75 8.875 29953.714285714286
4.25 8.875 29953.714285714286
4.75 8.875 29953.714285714286
5.25 8.875 59907.42857142857
5.75 8.875 0.0
6.25 8.875 0.0
6.75 8.875 0.0
7.25 8.875 0.0
7.75 8.875 0.0
8.25 8.875 0.0
8.75 8.875 0.0
0.25 9.125 209676.0
0.75 9.125 59907.42857142857
1.25 9.125 59907.42857142857
1.75 9.125 119814.85714285714
2.25 9.125 29953.714285714286
2.75 9.125 29953.714285714286
3.25 9.125 59907.42857142857
3.75 9.125 89861.14285714286
4.25 9.125 0.0
4.75 9.125 0.0
5.25 9.125 0.0
5.75 9.125 0.0
6.25 9.125 0.0
6.75 9.125 0.0
7.25 9.125 0.0
7.75 9.125 0.0
8.25 9.125 0.0
8.75 9.125 0.0
0.25 9.375 59907.42857142857
0.75 9.375 89861.14285714286
1.25 9.375 119814.85714285714
1.75 9.375 29953.714285714286
2.25 9.375 89861.14285714286
2.75 9.375 29953.714285714286
3.25 9.375 29953.714285714286
3.75 9.375 0.0
4.25 9.375 29953.714285714286
4.75 9.375 29953.714285714286
5.25 9.375 29953.714285714286
5.75 9.375 0.0
6.25 9.375 0.0
6.75 9.375 0.0
7.25 9.375 0.0
7.75 9.375 0.0
8.25 9.375 0.0
8.75 9.375 0.0
0.25 9.625 29953.714285714286
0.75 9.625 89861.14285714286
1.25 9.625 0.0
1.75 9.625 89861.14285714286
2.25 9.625 0.0
2.75 9.625 29953.714285714286
3.25 9.625 29953.714285714286
3.75 9.625 89861.14285714286
4.25 9.625 0.0
4.75 9.625 0.0
5.25 9.625 0.0
5.75 9.625 0.0
6.25 9.625 0.0
6.75 9.625 0.0
7.25 9.625 0.0
7.75 9.625 0.0
8.25 9.625 0.0
8.75 9.625 0.0
0.25 9.875 29953.714285714286
0.75 9.875 89861.14285714286
1.25 9.875 59907.42857142857
1.75 9.875 29953.714285714286
2.25 9.875 29953.714285714286
2.75 9.875 29953.714285714286
3.25 9.875 29953.714285714286
3.75 9.875 59907.42857142857
4.25 9.875 59907.42857142857
4.75 9.875 29953.714285714286
5.25 9.875 0.0
5.75 9.875 0.0
6.25 9.875 0.0
6.75 9.875 0.0
7.25 9.875 0.0
7.75 9.875 0.0
8.25 9.875 0.0
8.75 9.875 0.0
0.25 10.125 29953.714285714286
0.75 10.125 89861.14285714286
1.25 10.125 59907.42857142857
1.75 10.125 29953.714285714286
2.25 10.125 59907.42857142857
2.75 10.125 29953.714285714286
3.25 10.125 29953.714285714286
3.75 10.125 29953.714285714286
4.25 10.125 0.0
4.75 10.125 0.0
5.25 10.125 0.0
5.75 10.125 0.0
6.25 10.125 0.0
6.75 10.125 0.0
7.25 10.125 0.0
7.75 10.125 0.0
8.25 10.125 0.0
8.75 10.125 0.0
0.25 10.375 89861.14285714286
0.75 10.375 59907.42857142857
1.25 10.375 0.0
1.75 10.375 29953.714285714286
2.25 10.375 0.0
2.75 10.375 59907.42857142857
3.25 10.375 29953.714285714286
3.75 10.375 0.0
4.25 10.375 0.0
4.75 10.375 0.0
5.25 10.375 0.0
5.75 10.375 29953.714285714286
6.25 10.375 0.0
6.75 10.375 0.0
7.25 10.375 0.0
7.75 10.375 0.0
8.25 10.375 0.0
8.75 10.375 0.0
0.25 10.625 59907.42857142857
0.75 10.625 59907.42857142857
1.25 10.625 149768.57142857142
1.75 10.625 29953.714285714286
2.25 10.625 59907.42857142857
2.75 10.625 59907.42857142857
3.25 10.625 89861.14285714286
3.75 10.625 0.0
4.25 10.625 0.0
4.75 10.625 0.0
5.25 10.625 29953.714285714286
5.75 10.625 0.0
6.25 10.625 0.0
6.75 10.625 0.0
7.25 10.625 0.0
7.75 10.625 0.0
8.25 10.625 0.0
8.75 10.625 0.0
0.25 10.875 0.0
0.75 10.875 89861.14285714286
1.25 10.875 0.0
1.75 10.875 59907.42857142857
2.25 10.875 0.0
2.75 10.875 0.0
3.25 10.875 0.0
3.75 10.875 0.0
4.25 10.875 0.0
4.75 10.875 0.0
5.25 10.875 0.0
5.75 10.875 0.0
6.25 10.875 0.0
6.75 10.875 0.0
7.25 10.875 0.0
7.75 10.875 0.0
8.25 10.875 0.0
8.75 10.875 0.0
0.25 11.125 29953.714285714286
0.75 11.125 29953.714285714286
1.25 11.125 59907.42857142857
1.75 11.125 0.0
2.25 11.125 59907.42857142857
2.75 11.125 59907.42857142857
3.25 11.125 0.0
3.75 11.125 0.0
4.25 11.125 0.0
4.75 11.125 0.0
5.25 11.125 0.0
5.75 11.125 0.0
6.25 11.125 0.0
6.75 11.125 0.0
7.25 11.125 0.0
7.75 11.125 0.0
8.25 11.125 0.0
8.75 11.125 0.0
0.25 11.375 0.0
0.75 11.375 0.0
1.25 11.375 29953.714285714286
1.75 11.375 89861.14285714286
2.25 11.375 29953.714285714286
2.75 11.375 0.0
3.25 11.375 59907.42857142857
3.75 11.375 0.0
4.25 11.375 0.0
4.75 11.375 0.0
5.25 11.375 0.0
5.75 11.375 0.0
6.25 11.375 0.0
6.75 11.375 0.0
7.25 11.375 0.0
7.75 11.375 0.0
8.25 11.375 0.0
8.75 11.375 0.0
0.25 11.625 0.0
0.75 11.625 0.0
1.25 11.625 0.0
1.75 11.625 0.0
2.25 11.625 0.0
2.75 11.625 0.0
3.25 11.625 29953.714285714286
3.75 11.625 29953.714285714286
4.25 11.625 29953.714285714286
4.75 11.625 0.0
5.25 11.625 0.0
5.75 11.625 0.0
6.25 11.625 0.0
6.75 11.625 0.0
7.25 11.625 0.0
7.75 11.625 0.0
8.25 11.625 0.0
8.75 11.625 0.0
0.25 11.875 59907.42857142857
0.75 11.875 59907.42857142857
1.25 11.875 29953.714285714286
1.75 11.875 29953.714285714286
2.25 11.875 0.0
2.75 11.875 0.0
3.25 11.875 29953.714285714286
3.75 11.875 0.0
4.25 11.875 0.0
4.75 11.875 0.0
5.25 11.875 0.0
5.75 11.875 0.0
6.25 11.875 0.0
6.75 11.875 0.0
7.25 11.875 0.0
7.75 11.875 0.0
8.25 11.875 0.0
8.75 11.875 0.0
0.25 12.125 0.0
0.75 12.125 0.0
1.25 12.125 0.0
1.75 12.125 29953.714285714286
2.25 12.125 29953.714285714286
2.75 12.125 29953.714285714286
3.25 12.125 0.0
3.75 12.125 0.0
4.25 12.125 0.0
4.75 12.125 0.0
5.25 12.125 0.0
5.75 12.125 0.0
6.25 12.125 0.0
6.75 12.125 0.0
7.25 12.125 0.0
7.75 12.125 0.0
8.25 12.125 0.0
8.75 12.125 0.0
0.25 12.375 0.0
0.75 12.375 0.0
1.25 12.375 0.0
1.75 12.375 0.0
2.25 12.375 0.0
2.75 12.375 59907.42857142857
3.25 12.375 0.0
3.75 12.375 0.0
4.25 12.375 0.0
4.75 12.375 0.0
5.25 12.375 0.0
5.75 12.375 0.0
6.25 12.375 0.0
6.75 12.375 0.0
7.25 12.375 0.0
7.75 12.375 0.0
8.25 12.375 0.0
8.75 12.375 0.0
0.25 12.625 0.0
0.75 12.625 0.0
1.25 12.625 89861.14285714286
1.75 12.625 0.0
2.25 12.625 0.0
2.75 12.625 0.0
3.25 12.625 29953.714285714286
3.75 12.625 0.0
4.25 12.625 29953.714285714286
4.75 12.625 0.0
5.25 12.625 0.0
5.75 12.625 0.0
6.25 12.625 0.0
6.75 12.625 0.0
7.25 12.625 0.0
7.75 12.625 0.0
8.25 12.625 0.0
8.75 12.625 0.0
0.25 12.875 0.0
0.75 12.875 29953.714285714286
1.25 12.875 0.0
1.75 12.875 29953.714285714286
2.25 12.875 29953.714285714286
2.75 12.875 0.0
3.25 12.875 29953.714285714286
3.75 12.875 0.0
4.25 12.875 0.0
4.75 12.875 0.0
5.25 12.875 0.0
5.75 12.875 0.0
6.25 12.875 0.0
6.75 12.875 0.0
7.25 12.875 0.0
7.75 12.875 0.0
8.25 12.875 0.0
8.75 12.875 0.0
0.25 13.125 0.0
0.75 13.125 0.0
1.25 13.125 0.0
1.75 13.125 29953.714285714286
2.25 13.125 0.0
2.75 13.125 0.0
3.25 13.125 29953.714285714286
3.75 13.125 0.0
4.25 13.125 0.0
4.75 13.125 0.0
5.25 13.125 0.0
5.75 13.125 0.0
6.25 13.125 0.0
6.75 13.125 0.0
7.25 13.125 0.0
7.75 13.125 0.0
8.25 13.125 0.0
8.75 13.125 0.0
0.25 13.375 0.0
0.75 13.375 0.0
1.25 13.375 29953.714285714286
1.75 13.375 29953.714285714286
2.25 13.375 29953.714285714286
2.75 13.375 0.0
3.25 13.375 0.0
3.75 13.375 0.0
4.25 13.375 0.0
4.75 13.375 0.0
5.25 13.375 0.0
5.75 13.375 0.0
6.25 13.375 0.0
6.75 13.375 0.0
7.25 13.375 0.0
7.75 13.375 0.0
8.25 13.375 0.0
8.75 13.375 0.0
0.25 13.625 0.0
0.75 13.625 29953.714285714286
1.25 13.625 0.0
1.75 13.625 29953.714285714286
2.25 13.625 29953.714285714286
2.75 13.625 0.0
3.25 13.625 0.0
3.75 13.625 0.0
4.25 13.625 0.0
4.75 13.625 0.0
5.25 13.625 0.0
5.75 13.625 0.0
6.25 13.625 0.0
6.75 13.625 0.0
7.25 13.625 0.0
7.75 13.625 0.0
8.25 13.625 0.0
8.75 13.625 0.0
0.25 13.875 29953.714285714286
0.75 13.875 0.0
1.25 13.875 0.0
1.75 13.875 0.0
2.25 13.875 0.0
2.75 13.875 0.0
3.25 13.875 0.0
3.75 13.875 0.0
4.25 13.875 0.0
4.75 13.875 0.0
5.25 13.875 0.0
5.75 13.875 0.0
6.25 13.875 0.0
6.75 13.875 0.0
7.25 13.875 0.0
7.75 13.875 0.0
8.25 13.875 0.0
8.75 13.875 0.0
0.25 14.125 0.0
0.75 14.125 29953.714285714286
1.25 14.125 29953.714285714286
1.75 14.125 0.0
2.25 14.125 0.0
2.75 14.125 0.0
3.25 14.125 0.0
3.75 14.125 0.0
4.25 14.125 0.0
4.75 14.125 0.0
5.25 14.125 0.0
5.75 14.125 0.0
6.25 14.125 0.0
6.75 14.125 0.0
7.25 14.125 0.0
7.75 14.125 0.0
8.25 14.125 0.0
8.75 14.125 0.0
0.25 14.375 0.0
0.75 14.375 0.0
1.25 14.375 29953.714285714286
1.75 14.375 0.0
2.25 14.375 0.0
2.75 14.375 0.0
3.25 14.375 0.0
3.75 14.375 0.0
4.25 14.375 29953.714285714286
4.75 14.375 0.0
5.25 14.375 0.0
5.75 14.375 0.0
6.25 14.375 0.0
6.75 14.375 0.0
7.25 14.375 0.0
7.75 14.375 0.0
8.25 14.375 0.0
8.75 14.375 0.0
0.25 14.625 0.0
0.75 14.625 0.0
1.25 14.625 0.0
1.75 14.625 0.0
2.25 14.625 0.0
2.75 14.625 0.0
3.25 14.625 0.0
3.75 14.625 29953.714285714286
4.25 14.625 0.0
4.75 14.625 0.0
5.25 14.625 0.0
5.75 14.625 0.0
6.25 14.625 0.0
6.75 14.625 0.0
7.25 14.625 0.0
7.75 14.625 0.0
8.25 14.625 0.0
8.75 14.625 0.0
0.25 14.875 0.0
0.75 14.875 29953.714285714286
1.25 14.875 0.0
1.75 14.875 0.0
2.25 14.875 0.0
2.75 14.875 29953.714285714286
3.25 14.875 0.0
3.75 14.875 29953.714285714286
4.25 14.875 0.0
4.75 14.875 0.0
5.25 14.875 0.0
5.75 14.875 0.0
6.25 14.875 0.0
6.75 14.875 0.0
7.25 14.875 0.0
7.75 14.875 0.0
8.25 14.875 0.0
8.75 14.875 0.0
0.25 15.125 0.0
0.75 15.125 0.0
1.25 15.125 0.0
1.75 15.125 59907.42857142857
2.25 15.125 0.0
2.75 15.125 0.0
3.25 15.125 0.0
3.75 15.125 0.0
4.25 15.125 0.0
4.75 15.125 0.0
5.25 15.125 0.0
5.75 15.125 0.0
6.25 15.125 0.0
6.75 15.125 0.0
7.25 15.125 0.0
7.75 15.125 0.0
8.25 15.125 0.0
8.75 15.125 0.0
0.25 15.375 0.0
0.75 15.375 0.0
1.25 15.375 0.0
1.75 15.375 0.0
2.25 15.375 0.0
2.75 15.375 0.0
3.25 15.375 0.0
3.75 15.375 0.0
4.25 15.375 0.0
4.75 15.375 0.0
5.25 15.375 0.0
5.75 15.375 0.0
6.25 15.375 29953.714285714286
6.75 15.375 0.0
7.25 15.375 0.0
7.75 15.375 0.0
8.25 15.375 0.0
8.75 15.375 0.0
0.25 15.625 0.0
0.75 15.625 0.0
1.25 15.625 0.0
1.75 15.625 0.0
2.25 15.625 0.0
2.75 15.625 29953.714285714286
3.25 15.625 0.0
3.75 15.625 29953.714285714286
4.25 15.625 0.0
4.75 15.625 0.0
5.25 15.625 0.0
5.75 15.625 0.0
6.25 15.625 0.0
6.75 15.625 0.0
7.25 15.625 0.0
7.75 15.625 0.0
8.25 15.625 0.0
8.75 15.625 0.0
0.25 15.875 0.0
0.75 15.875 0.0
1.25 15.875 0.0
1.75 15.875 29953.714285714286
2.25 15.875 0.0
2.75 15.875 0.0
3.25 15.875 0.0
3.75 15.875 0.0
4.25 15.875 0.0
4.75 15.875 0.0
5.25 15.875 0.0
5.75 15.875 0.0
6.25 15.875 0.0
6.75 15.875 0.0
7.25 15.875 0.0
7.75 15.875 0.0
8.25 15.875 0.0
8.75 15.875 0.0
0.25 16.125 29953.714285714286
0.75 16.125 0.0
1.25 16.125 0.0
1.75 16.125 0.0
2.25 16.125 0.0
2.75 16.125 0.0
3.25 16.125 0.0
3.75 16.125 0.0
4.25 16.125 0.0
4.75 16.125 0.0
5.25 16.125 0.0
5.75 16.125 0.0
6.25 16.125 0.0
6.75 16.125 0.0
7.25 16.125 0.0
7.75 16.125 0.0
8.25 16.125 0.0
8.75 16.125 0.0
0.25 16.375 0.0
0.75 16.375 0.0
1.25 16.375 0.0
1.75 16.375 0.0
2.25 16.375 0.0
2.75 16.375 0.0
3.25 16.375 0.0
3.75 16.375 0.0
4.25 16.375 0.0
4.75 16.375 0.0
5.25 16.375 0.0
5.75 16.375 0.0
6.25 16.375 0.0
6.75 16.375 0.0
7.25 16.375 0.0
7.75 16.375 0.0
8.25 16.375 0.0
8.75 16.375 0.0
0.25 16.625 0.0
0.75 16.625 0.0
1.25 16.625 0.0
1.75 16.625 0.0
2.25 16.625 29953.714285714286
2.75 16.625 0.0
3.25 16.625 0.0
3.75 16.625 0.0
4.25 16.625 0.0
4.75 16.625 0.0
5.25 16.625 0.0
5.75 16.625 0.0
6.25 16.625 0.0
6.75 16.625 0.0
7.25 16.625 0.0
7.75 16.625 0.0
8.25 16.625 0.0
8.75 16.625 0.0
0.25 16.875 0.0
0.75 16.875 0.0
1.25 16.875 0.0
1.75 16.875 0.0
2.25 16.875 0.0
2.75 16.875 0.0
3.25 16.875 29953.714285714286
3.75 16.875 0.0
4.25 16.875 0.0
4.75 16.875 0.0
5.25 16.875 0.0
5.75 16.875 0.0
6.25 16.875 0.0
6.75 16.875 0.0
7.25 16.875 0.0
7.75 16.875 0.0
8.25 16.875 0.0
8.75 16.875 0.0
0.25 17.125 0.0
0.75 17.125 0.0
1.25 17.125 0.0
1.75 17.125 0.0
2.25 17.125 0.0
2.75 17.125 0.0
3.25 17.125 0.0
3.75 17.125 0.0
4.25 17.125 0.0
4.75 17.125 0.0
5.25 17.125 0.0
5.75 17.125 0.0
6.25 17.125 0.0
6.75 17.125 0.0
7.25 17.125 0.0
7.75 17.125 0.0
8.25 17.125 0.0
8.75 17.125 0.0
0.25 17.375 0.0
0.75 17.375 0.0
1.25 17.375 0.0
1.75 17.375 0.0
2.25 17.375 0.0
2.75 17.375 0.0
3.25 17.375 0.0
3.75 17.375 0.0
4.25 17.375 0.0
4.75 17.375 0.0
5.25 17.375 0.0
5.75 17.375 0.0
6.25 17.375 0.0
6.75 17.375 0.0
7.25 17.375 0.0
7.75 17.375 0.0
8.25 17.375 0.0
8.75 17.375 0.0
0.25 17.625 0.0
0.75 17.625 0.0
1.25 17.625 0.0
1.75 17.625 0.0
2.25 17.625 0.0
2.75 17.625 0.0
3.25 17.625 0.0
3.75 17.625 0.0
4.25 17.625 0.0
4.75 17.625 0.0
5.25 17.625 0.0
5.75 17.625 0.0
6.25 17.625 0.0
6.75 17.625 0.0
7.25 17.625 0.0
7.75 17.625 0.0
8.25 17.625 0.0
8.75 17.625 0.0
0.25 17.875 0.0
0.75 17.875 0.0
1.25 17.875 0.0
1.75 17.875 0.0
2.25 17.875 0.0
2.75 17.875 0.0
3.25 17.875 0.0
3.75 17.875 0.0
4.25 17.875 0.0
4.75 17.875 0.0
5.25 17.875 0.0
5.75 17.875 0.0
6.25 17.875 0.0
6.75 17.875 0.0
7.25 17.875 0.0
7.75 17.875 0.0
8.25 17.875 0.0
8.75 17.875 0.0
0.25 18.125 0.0
0.75 18.125 0.0
1.25 18.125 0.0
1.75 18.125 0.0
2.25 18.125 0.0
2.75 18.125 0.0
3.25 18.125 0.0
3.75 18.125 0.0
4.25 18.125 0.0
4.75 18.125 0.0
5.25 18.125 0.0
5.75 18.125 0.0
6.25 18.125 0.0
6.75 18.125 0.0
7.25 18.125 0.0
7.75 18.125 0.0
8.25 18.125 0.0
8.75 18.125 0.0
0.25 18.375 29953.714285714286
0.75 18.375 0.0
1.25 18.375 29953.714285714286
1.75 18.375 0.0
2.25 18.375 0.0
2.75 18.375 0.0
3.25 18.375 0.0
3.75 18.375 0.0
4.25 18.375 0.0
4.75 18.375 0.0
5.25 18.375 0.0
5.75 18.375 0.0
6.25 18.375 0.0
6.75 18.375 0.0
7.25 18.375 0.0
7.75 18.375 0.0
8.25 18.375 0.0
8.75 18.375 0.0
0.25 18.625 0.0
0.75 18.625 0.0
1.25 18.625 0.0
1.75 18.625 29953.714285714286
2.25 18.625 0.0
2.75 18.625 0.0
3.25 18.625 0.0
3.75 18.625 0.0
4.25 18.625 0.0
4.75 18.625 0.0
5.25 18.625 0.0
5.75 18.625 0.0
6.25 18.625 0.0
6.75 18.625 0.0
7.25 18.625 0.0
7.75 18.625 0.0
8.25 18.625 0.0
8.75 18.625 0.0
0.25 18.875 0.0
0.75 18.875 0.0
1.25 18.875 0.0
1.75 18.875 29953.714285714286
2.25 18.875 0.0
2.75 18.875 0.0
3.25 18.875 0.0
3.75 18.875 0.0
4.25 18.875 0.0
4.75 18.875 0.0
5.25 18.875 0.0
5.75 18.875 0.0
6.25 18.875 0.0
6.75 18.875 0.0
7.25 18.875 0.0
7.75 18.875 0.0
8.25 18.875 0.0
8.75 18.875 0.0
0.25 19.125 0.0
0.75 19.125 0.0
1.25 19.125 0.0
1.75 19.125 0.0
2.25 19.125 0.0
2.75 19.125 0.0
3.25 19.125 0.0
3.75 19.125 0.0
4.25 19.125 0.0
4.75 19.125 0.0
5.25 19.125 0.0
5.75 19.125 0.0
6.25 19.125 0.0
6.75 19.125 0.0
7.25 19.125 0.0
7.75 19.125 0.0
8.25 19.125 0.0
8.75 19.125 0.0
0.25 19.375 0.0
0.75 19.375 0.0
1.25 19.375 0.0
1.75 19.375 29953.714285714286
2.25 19.375 29953.714285714286
2.75 19.375 0.0
3.25 19.375 0.0
3.75 19.375 0.0
4.25 19.375 0.0
4.75 19.375 0.0
5.25 19.375 0.0
5.75 19.375 0.0
6.25 19.375 0.0
6.75 19.375 0.0
7.25 19.375 0.0
7.75 19.375 0.0
8.25 19.375 0.0
8.75 19.375 0.0
0.25 19.625 0.0
0.75 19.625 0.0
1.25 19.625 0.0
1.75 19.625 0.0
2.25 19.625 0.0
2.75 19.625 0.0
3.25 19.625 0.0
3.75 19.625 0.0
4.25 19.625 0.0
4.75 19.625 0.0
5.25 19.625 0.0
5.75 19.625 0.0
6.25 19.625 0.0
6.75 19.625 0.0
7.25 19.625 0.0
7.75 19.625 0.0
8.25 19.625 0.0
8.75 19.625 0.0
0.25 19.875 0.0
0.75 19.875 0.0
1.25 19.875 0.0
1.75 19.875 0.0
2.25 19.875 0.0
2.75 19.875 0.0
3.25 19.875 0.0
3.75 19.875 0.0
4.25 19.875 0.0
4.75 19.875 0.0
5.25 19.875 0.0
5.75 19.875 0.0
6.25 19.875 0.0
6.75 19.875 0.0
7.25 19.875 0.0
7.75 19.875 0.0
8.25 19.875 0.0
8.75 19.875 0.0
0.25 20.125 0.0
0.75 20.125 29953.714285714286
1.25 20.125 0.0
1.75 20.125 0.0
2.25 20.125 0.0
2.75 20.125 0.0
3.25 20.125 0.0
3.75 20.125 0.0
4.25 20.125 0.0
4.75 20.125 0.0
5.25 20.125 0.0
5.75 20.125 0.0
6.25 20.125 0.0
6.75 20.125 0.0
7.25 20.125 0.0
7.75 20.125 0.0
8.25 20.125 0.0
8.75 20.125 0.0
0.25 20.375 0.0
0.75 20.375 0.0
1.25 20.375 0.0
1.75 20.375 0.0
2.25 20.375 0.0
2.75 20.375 0.0
3.25 20.375 0.0
3.75 20.375 0.0
4.25 20.375 0.0
4.75 20.375 0.0
5.25 20.375 0.0
5.75 20.375 0.0
6.25 20.375 0.0
6.75 20.375 0.0
7.25 20.375 0.0
7.75 20.375 0.0
8.25 20.375 0.0
8.75 20.375 0.0
0.25 20.625 0.0
0.75 20.625 0.0
1.25 20.625 0.0
1.75 20.625 0.0
2.25 20.625 0.0
2.75 20.625 0.0
3.25 20.625 0.0
3.75 20.625 0.0
4.25 20.625 0.0
4.75 20.625 0.0
5.25 20.625 0.0
5.75 20.625 0.0
6.25 20.625 0.0
6.75 20.625 0.0
7.25 20.625 0.0
7.75 20.625 0.0
8.25 20.625 0.0
8.75 20.625 0.0
0.25 20.875 0.0
0.75 20.875 0.0
1.25 20.875 0.0
1.75 20.875 0.0
2.25 20.875 0.0
2.75 20.875 0.0
3.25 20.875 0.0
3.75 20.875 0.0
4.25 20.875 0.0
4.75 20.875 0.0
5.25 20.875 0.0
5.75 20.875 0.0
6.25 20.875 0.0
6.75 20.875 0.0
7.25 20.875 0.0
7.75 20.875 0.0
8.25 20.875 0.0
8.75 20.875 0.0
0.25 21.125 0.0
0.75 21.125 0.0
1.25 21.125 0.0
1.75 21.125 0.0
2.25 21.125 0.0
2.75 21.125 0.0
3.25 21.125 0.0
3.75 21.125 0.0
4.25 21.125 0.0
4.75 21.125 0.0
5.25 21.125 0.0
5.75 21.125 0.0
6.25 21.125 0.0
6.75 21.125 0.0
7.25 21.125 0.0
7.75 21.125 0.0
8.25 21.125 0.0
8.75 21.125 0.0
0.25 21.375 0.0
0.75 21.375 0.0
1.25 21.375 0.0
1.75 21.375 0.0
2.25 21.375 0.0
2.75 21.375 0.0
3.25 21.375 0.0
3.75 21.375 0.0
4.25 21.375 0.0
4.75 21.375 0.0
5.25 21.375 0.0
5.75 21.375 0.0
6.25 21.375 0.0
6.75 21.375 0.0
7.25 21.375 0.0
7.75 21.375 0.0
8.25 21.375 0.0
8.75 21.375 0.0
0.25 21.625 0.0
0.75 21.625 0.0
1.25 21.625 0.0
1.75 21.625 0.0
2.25 21.625 0.0
2.75 21.625 0.0
3.25 21.625 0.0
3.75 21.625 0.0
4.25 21.625 0.0
4.75 21.625 0.0
5.25 21.625 0.0
5.75 21.625 0.0
6.25 21.625 0.0
6.75 21.625 0.0
7.25 21.625 0.0
7.75 21.625 0.0
8.25 21.625 0.0
8.75 21.625 0.0
0.25 21.875 0.0
0.75 21.875 0.0
1.25 21.875 0.0
1.75 21.875 0.0
2.25 21.875 0.0
2.75 21.875 0.0
3.25 21.875 0.0
3.75 21.875 0.0
4.25 21.875 0.0
4.75 21.875 0.0
5.25 21.875 0.0
5.75 21.875 0.0
6.25 21.875 0.0
6.75 21.875 0.0
7.25 21.875 0.0
7.75 21.875 0.0
8.25 21.875 0.0
8.75 21.875 0.0
0.25 22.125 0.0
0.75 22.125 0.0
1.25 22.125 0.0
1.75 22.125 0.0
2.25 22.125 0.0
2.75 22.125 0.0
3.25 22.125 0.0
3.75 22.125 0.0
4.25 22.125 0.0
4.75 22.125 0.0
5.25 22.125 0.0
5.75 22.125 0.0
6.25 22.125 0.0
6.75 22.125 0.0
7.25 22.125 0.0
7.75 22.125 0.0
8.25 22.125 0.0
8.75 22.125 0.0
0.25 22.375 0.0
0.75 22.375 0.0
1.25 22.375 0.0
1.75 22.375 0.0
2.25 22.375 0.0
2.75 22.375 0.0
3.25 22.375 0.0
3.75 22.375 0.0
4.25 22.375 0.0
4.75 22.375 0.0
5.25 22.375 0.0
5.75 22.375 0.0
6.25 22.375 0.0
6.75 22.375 0.0
7.25 22.375 0.0
7.75 22.375 0.0
8.25 22.375 0.0
8.75 22.375 0.0
0.25 22.625 0.0
0.75 22.625 0.0
1.25 22.625 0.0
1.75 22.625 0.0
2.25 22.625 0.0
2.75 22.625 0.0
3.25 22.625 0.0
3.75 22.625 0.0
4.25 22.625 0.0
4.75 22.625 0.0
5.25 22.625 0.0
5.75 22.625 0.0
6.25 22.625 0.0
6.75 22.625 0.0
7.25 22.625 0.0
7.75 22.625 0.0
8.25 22.625 0.0
8.75 22.625 0.0
0.25 22.875 0.0
0.75 22.875 0.0
1.25 22.875 0.0
1.75 22.875 0.0
2.25 22.875 0.0
2.75 22.875 0.0
3.25 22.875 0.0
3.75 22.875 0.0
4.25 22.875 0.0
4.75 22.875 0.0
5.25 22.875 0.0
5.75 22.875 0.0
6.25 22.875 0.0
6.75 22.875 0.0
7.25 22.875 0.0
7.75 22.875 0.0
8.25 22.875 0.0
8.75 22.875 0.0
0.25 23.125 0.0
0.75 23.125 0.0
1.25 23.125 0.0
1.75 23.125 0.0
2.25 23.125 0.0
2.75 23.125 0.0
3.25 23.125 0.0
3.75 23.125 0.0
4.25 23.125 0.0
4.75 23.125 0.0
5.25 23.125 0.0
5.75 23.125 0.0
6.25 23.125 0.0
6.75 23.125 0.0
7.25 23.125 0.0
7.75 23.125 0.0
8.25 23.125 0.0
8.75 23.125 0.0
0.25 23.375 0.0
0.75 23.375 0.0
1.25 23.375 0.0
1.75 23.375 0.0
2.25 23.375 0.0
2.75 23.375 0.0
3.25 23.375 0.0
3.75 23.375 0.0
4.25 23.375 0.0
4.75 23.375 0.0
5.25 23.375 0.0
5.75 23.375 0.0
6.25 23.375 0.0
6.75 23.375 0.0
7.25 23.375 0.0
7.75 23.375 0.0
8.25 23.375 0.0
8.75 23.375 0.0
0.25 23.625 0.0
0.75 23.625 0.0
1.25 23.625 0.0
1.75 23.625 0.0
2.25 23.625 0.0
2.75 23.625 0.0
3.25 23.625 0.0
3.75 23.625 0.0
4.25 23.625 0.0
4.75 23.625 0.0
5.25 23.625 0.0
5.75 23.625 0.0
6.25 23.625 0.0
6.75 23.625 0.0
7.25 23.625 0.0
7.75 23.625 0.0
8.25 23.625 0.0
8.75 23.625 0.0
0.25 23.875 0.0
0.75 23.875 0.0
1.25 23.875 0.0
1.75 23.875 0.0
2.25 23.875 0.0
2.75 23.875 0.0
3.25 23.875 0.0
3.75 23.875 0.0
4.25 23.875 0.0
4.75 23.875 0.0
5.25 23.875 0.0
5.75 23.875 0.0
6.25 23.875 0.0
6.75 23.875 0.0
7.25 23.875 0.0
7.75 23.875 0.0
8.25 23.875 0.0
8.75 23.875 0.0
0.25 24.125 0.0
0.75 24.125 0.0
1.25 24.125 0.0
1.75 24.125 0.0
2.25 24.125 0.0
2.75 24.125 29953.714285714286
3.25 24.125 0.0
3.75 24.125 0.0
4.25 24.125 0.0
4.75 24.125 0.0
5.25 24.125 0.0
5.75 24.125 0.0
6.25 24.125 0.0
6.75 24.125 0.0
7.25 24.125 0.0
7.75 24.125 0.0
8.25 24.125 0.0
8.75 24.125 0.0
0.25 24.375 0.0
0.75 24.375 0.0
1.25 24.375 0.0
1.75 24.375 0.0
2.25 24.375 0.0
2.75 24.375 0.0
3.25 24.375 0.0
3.75 24.375 0.0
4.25 24.375 0.0
4.75 24.375 0.0
5.25 24.375 0.0
5.75 24.375 0.0
6.25 24.375 0.0
6.75 24.375 0.0
7.25 24.375 0.0
7.75 24.375 0.0
8.25 24.375 0.0
8.75 24.375 0.0
0.25 24.625 0.0
0.75 24.625 0.0
1.25 24.625 0.0
1.75 24.625 0.0
2.25 24.625 0.0
2.75 24.625 0.0
3.25 24.625 0.0
3.75 24.625 0.0
4.25 24.625 0.0
4.75 24.625 0.0
5.25 24.625 0.0
5.75 24.625 0.0
6.25 24.625 0.0
6.75 24.625 0.0
7.25 24.625 0.0
7.75 24.625 0.0
8.25 24.625 0.0
8.75 24.625 0.0
0.25 24.875 0.0
0.75 24.875 0.0
1.25 24.875 0.0
1.75 24.875 0.0
2.25 24.875 0.0
2.75 24.875 0.0
3.25 24.875 29953.714285714286
3.75 24.875 0.0
4.25 24.875 0.0
4.75 24.875 0.0
5.25 24.875 0.0
5.75 24.875 0.0
6.25 24.875 0.0
6.75 24.875 0.0
7.25 24.875 0.0
7.75 24.875 0.0
8.25 24.875 0.0
8.75 24.875 0.0
0.25 25.125 0.0
0.75 25.125 0.0
1.25 25.125 0.0
1.75 25.125 0.0
2.25 25.125 0.0
2.75 25.125 0.0
3.25 25.125 0.0
3.75 25.125 0.0
4.25 25.125 0.0
4.75 25.125 0.0
5.25 25.125 0.0
5.75 25.125 0.0
6.25 25.125 0.0
6.75 25.125 0.0
7.25 25.125 0.0
7.75 25.125 0.0
8.25 25.125 0.0
8.75 25.125 0.0
0.25 25.375 0.0
0.75 25.375 0.0
1.25 25.375 0.0
1.75 25.375 0.0
2.25 25.375 0.0
2.75 25.375 0.0
3.25 25.375 0.0
3.75 25.375 29953.714285714286
4.25 25.375 0.0
4.75 25.375 0.0
5.25 25.375 0.0
5.75 25.375 0.0
6.25 25.375 0.0
6.75 25.375 0.0
7.25 25.375 0.0
7.75 25.375 0.0
8.25 25.375 0.0
8.75 25.375 0.0
0.25 25.625 0.0
0.75 25.625 0.0
1.25 25.625 0.0
1.75 25.625 0.0
2.25 25.625 0.0
2.75 25.625 0.0
3.25 25.625 0.0
3.75 25.625 0.0
4.25 25.625 0.0
4.75 25.625 0.0
5.25 25.625 0.0
5.75 25.625 0.0
6.25 25.625 0.0
6.75 25.625 0.0
7.25 25.625 0.0
7.75 25.625 0.0
8.25 25.625 0.0
8.75 25.625 0.0
0.25 25.875 0.0
0.75 25.875 0.0
1.25 25.875 0.0
1.75 25.875 0.0
2.25 25.875 0.0
2.75 25.875 0.0
3.25 25.875 0.0
3.75 25.875 0.0
4.25 25.875 0.0
4.75 25.875 0.0
5.25 25.875 0.0
5.75 25.875 0.0
6.25 25.875 0.0
6.75 25.875 0.0
7.25 25.875 0.0
7.75 25.875 0.0
8.25 25.875 0.0
8.75 25.875 0.0
0.25 26.125 0.0
0.75 26.125 0.0
1.25 26.125 0.0
1.75 26.125 0.0
2.25 26.125 29953.714285714286
2.75 26.125 0.0
3.25 26.125 0.0
3.75 26.125 0.0
4.25 26.125 0.0
4.75 26.125 0.0
5.25 26.125 0.0
5.75 26.125 0.0
6.25 26.125 0.0
6.75 26.125 0.0
7.25 26.125 0.0
7.75 26.125 0.0
8.25 26.125 0.0
8.75 26.125 0.0
0.25 26.375 0.0
0.75 26.375 0.0
1.25 26.375 0.0
1.75 26.375 0.0
2.25 26.375 0.0
2.75 26.375 0.0
3.25 26.375 0.0
3.75 26.375 0.0
4.25 26.375 0.0
4.75 26.375 0.0
5.25 26.375 0.0
5.75 26.375 0.0
6.25 26.375 0.0
6.75 26.375 0.0
7.25 26.375 0.0
7.75 26.375 0.0
8.25 26.375 0.0
8.75 26.375 0.0
0.25 26.625 0.0
0.75 26.625 0.0
1.25 26.625 0.0
1.75 26.625 0.0
2.25 26.625 0.0
2.75 26.625 0.0
3.25 26.625 0.0
3.75 26.625 0.0
4.25 26.625 0.0
4.75 26.625 0.0
5.25 26.625 0.0
5.75 26.625 0.0
6.25 26.625 0.0
6.75 26.625 0.0
7.25 26.625 0.0
7.75 26.625 0.0
8.25 26.625 0.0
8.75 26.625 0.0
0.25 26.875 0.0
0.75 26.875 0.0
1.25 26.875 0.0
1.75 26.875 0.0
2.25 26.875 0.0
2.75 26.875 0.0
3.25 26.875 0.0
3.75 26.875 0.0
4.25 26.875 0.0
4.75 26.875 0.0
5.25 26.875 0.0
5.75 26.875 0.0
6.25 26.875 0.0
6.75 26.875 0.0
7.25 26.875 0.0
7.75 26.875 0.0
8.25 26.875 0.0
8.75 26.875 0.0
0.25 27.125 0.0
0.75 27.125 0.0
1.25 27.125 0.0
1.75 27.125 0.0
2.25 27.125 0.0
2.75 27.125 0.0
3.25 27.125 0.0
3.75 27.125 0.0
4.25 27.125 0.0
4.75 27.125 0.0
5.25 27.125 0.0
5.75 27.125 0.0
6.25 27.125 0.0
6.75 27.125 0.0
7.25 27.125 0.0
7.75 27.125 0.0
8.25 27.125 0.0
8.75 27.125 0.0
0.25 27.375 0.0
0.75 27.375 0.0
1.25 27.375 0.0
1.75 27.375 0.0
2.25 27.375 0.0
2.75 27.375 0.0
3.25 27.375 0.0
3.75 27.375 0.0
4.25 27.375 0.0
4.75 27.375 0.0
5.25 27.375 0.0
5.75 27.375 0.0
6.25 27.375 0.0
6.75 27.375 0.0
7.25 27.375 0.0
7.75 27.375 0.0
8.25 27.375 0.0
8.75 27.375 0.0
0.25 27.625 0.0
0.75 27.625 0.0
1.25 27.625 0.0
1.75 27.625 0.0
2.25 27.625 0.0
2.75 27.625 0.0
3.25 27.625 0.0
3.75 27.625 0.0
4.25 27.625 0.0
4.75 27.625 0.0
5.25 27.625 0.0
5.75 27.625 0.0
6.25 27.625 0.0
6.75 27.625 0.0
7.25 27.625 0.0
7.75 27.625 0.0
8.25 27.625 0.0
8.75 27.625 0.0
0.25 27.875 0.0
0.75 27.875 0.0
1.25 27.875 0.0
1.75 27.875 0.0
2.25 27.875 0.0
2.75 27.875 0.0
3.25 27.875 0.0
3.75 27.875 0.0
4.25 27.875 0.0
4.75 27.875 0.0
5.25 27.875 0.0
5.75 27.875 0.0
6.25 27.875 0.0
6.75 27.875 0.0
7.25 27.875 0.0
7.75 27.875 0.0
8.25 27.875 0.0
8.75 27.875 0.0
0.25 28.125 0.0
0.75 28.125 0.0
1.25 28.125 0.0
1.75 28.125 0.0
2.25 28.125 0.0
2.75 28.125 0.0
3.25 28.125 0.0
3.75 28.125 0.0
4.25 28.125 0.0
4.75 28.125 0.0
5.25 28.125 0.0
5.75 28.125 0.0
6.25 28.125 0.0
6.75 28.125 0.0
7.25 28.125 0.0
7.75 28.125 0.0
8.25 28.125 0.0
8.75 28.125 0.0
0.25 28.375 0.0
0.75 28.375 0.0
1.25 28.375 0.0
1.75 28.375 0.0
2.25 28.375 0.0
2.75 28.375 0.0
3.25 28.375 0.0
3.75 28.375 0.0
4.25 28.375 0.0
4.75 28.375 0.0
5.25 28.375 0.0
5.75 28.375 0.0
6.25 28.375 0.0
6.75 28.375 0.0
7.25 28.375 0.0
7.75 28.375 0.0
8.25 28.375 0.0
8.75 28.375 0.0
0.25 28.625 0.0
0.75 28.625 0.0
1.25 28.625 0.0
1.75 28.625 0.0
2.25 28.625 0.0
2.75 28.625 0.0
3.25 28.625 0.0
3.75 28.625 0.0
4.25 28.625 0.0
4.75 28.625 0.0
5.25 28.625 0.0
5.75 28.625 0.0
6.25 28.625 0.0
6.75 28.625 0.0
7.25 28.625 0.0
7.75 28.625 0.0
8.25 28.625 0.0
8.75 28.625 0.0
0.25 28.875 0.0
0.75 28.875 0.0
1.25 28.875 0.0
1.75 28.875 0.0
2.25 28.875 0.0
2.75 28.875 0.0
3.25 28.875 0.0
3.75 28.875 0.0
4.25 28.875 0.0
4.75 28.875 0.0
5.25 28.875 0.0
5.75 28.875 0.0
6.25 28.875 0.0
6.75 28.875 0.0
7.25 28.875 0.0
7.75 28.875 0.0
8.25 28.875 0.0
8.75 28.875 0.0
0.25 29.125 0.0
0.75 29.125 0.0
1.25 29.125 0.0
1.75 29.125 0.0
2.25 29.125 29953.714285714286
2.75 29.125 0.0
3.25 29.125 0.0
3.75 29.125 0.0
4.25 29.125 0.0
4.75 29.125 0.0
5.25 29.125 0.0
5.75 29.125 0.0
6.25 29.125 0.0
6.75 29.125 0.0
7.25 29.125 0.0
7.75 29.125 0.0
8.25 29.125 0.0
8.75 29.125 0.0
0.25 29.375 0.0
0.75 29.375 0.0
1.25 29.375 0.0
1.75 29.375 0.0
2.25 29.375 0.0
2.75 29.375 0.0
3.25 29.375 0.0
3.75 29.375 0.0
4.25 29.375 0.0
4.75 29.375 0.0
5.25 29.375 0.0
5.75 29.375 0.0
6.25 29.375 0.0
6.75 29.375 0.0
7.25 29.375 0.0
7.75 29.375 0.0
8.25 29.375 0.0
8.75 29.375 0.0
0.25 29.625 0.0
0.75 29.625 0.0
1.25 29.625 0.0
1.75 29.625 0.0
2.25 29.625 0.0
2.75 29.625 0.0
3.25 29.625 0.0
3.75 29.625 0.0
4.25 29.625 0.0
4.75 29.625 0.0
5.25 29.625 0.0
5.75 29.625 0.0
6.25 29.625 0.0
6.75 29.625 0.0
7.25 29.625 0.0
7.75 29.625 0.0
8.25 29.625 0.0
8.75 29.625 0.0
0.25 29.875 0.0
0.75 29.875 0.0
1.25 29.875 0.0
1.75 29.875 0.0
2.25 29.875 0.0
2.75 29.875 0.0
3.25 29.875 0.0
3.75 29.875 0.0
4.25 29.875 0.0
4.75 29.875 0.0
5.25 29.875 0.0
5.75 29.875 0.0
6.25 29.875 0.0
6.75 29.875 0.0
7.25 29.875 0.0
7.75 29.875 0.0
8.25 29.875 0.0
8.75 29.875 0.0
