0.25 0.125 21986026.285714287
0.75 0.125 22285563.42857143
1.25 0.125 22674961.714285713
1.75 0.125 18062089.714285713
2.25 0.125 16893894.85714286
2.75 0.125 15545977.714285715
3.25 0.125 12460745.142857144
3.75 0.125 10274124.0
4.25 0.125 8536808.57142857
4.75 0.125 7428521.142857143
5.25 0.125 4702733.142857143
5.75 0.125 3744214.285714286
6.25 0.125 2576019.4285714286
6.75 0.125 1707361.7142857143
7.25 0.125 688935.4285714285
7.75 0.125 569120.5714285715
8.25 0.125 149768.57142857142
8.75 0.125 29953.714285714286
0.25 0.375 44271589.71428572
0.75 0.375 46038858.85714286
1.25 0.375 44002006.28571428
1.75 0.375 40257792.0
2.25 0.375 37232466.85714286
2.75 0.375 35525105.14285714
3.25 0.375 33458298.85714286
3.75 0.375 27527463.42857143
4.25 0.375 22315517.14285714
4.75 0.375 16444589.142857144
5.25 0.375 14168106.857142856
5.75 0.375 9794864.57142857
6.25 0.375 7368613.714285715
6.75 0.375 4552964.571428572
7.25 0.375 2126713.714285714
7.75 0.375 868657.7142857143
8.25 0.375 599074.2857142857
8.75 0.375 29953.714285714286
0.25 0.625 53137889.14285714
0.75 0.625 52988120.571428575
1.25 0.625 51909786.85714286
1.75 0.625 48135618.85714286
2.25 0.625 43612608.0
2.75 0.625 41515848.0
3.25 0.625 37442142.85714286
3.75 0.625 34177188.0
4.25 0.625 31151862.85714286
4.75 0.625 25191073.714285713
5.25 0.625 20428433.14285714
5.75 0.625 14946903.42857143
6.25 0.625 10963059.42857143
6.75 0.625 6919308.0
7.25 0.625 3474630.8571428573
7.75 0.625 1737315.4285714286
8.25 0.625 658981.7142857143
8.75 0.625 59907.42857142857
0.25 0.875 56193168.0
0.75 0.875 54545713.71428572
1.25 0.875 51999648.0
1.75 0.875 51400573.71428572
2.25 0.875 47476637.14285714
2.75 0.875 43762376.571428575
3.25 0.875 38550430.28571428
3.75 0.875 38849967.428571425
4.25 0.875 32529733.714285713
4.75 0.875 29025149.14285714
5.25 0.875 22225656.0
5.75 0.875 15845514.857142856
6.25 0.875 12520652.57142857
6.75 0.875 8087502.857142857
7.25 0.875 4612872.0
7.75 0.875 2006898.857142857
8.25 0.875 569120.5714285715
8.75 0.875 0.0
0.25 1.125 56432797.71428572
0.75 1.125 55564140.0
1.25 1.125 53736963.428571425
1.75 1.125 50142517.71428572
2.25 1.125 46757748.0
2.75 1.125 43492793.14285714
3.25 1.125 40916773.71428572
3.75 1.125 35585012.571428575
4.25 1.125 31181816.57142857
4.75 1.125 27587370.85714286
5.25 1.125 21686489.14285714
5.75 1.125 16115098.285714285
6.25 1.125 11622041.142857144
6.75 1.125 9615142.285714285
7.25 1.125 5002270.285714285
7.75 1.125 2336389.714285714
8.25 1.125 688935.4285714285
8.75 1.125 0.0
0.25 1.375 54905158.28571428
0.75 1.375 55683954.85714286
1.25 1.375 53796870.85714286
1.75 1.375 50771545.71428572
2.25 1.375 45349923.428571425
2.75 1.375 42264690.85714286
3.25 1.375 38909874.85714286
3.75 1.375 34806216.0
4.25 1.375 30403020.0
4.75 1.375 22794776.57142857
5.25 1.375 19739497.714285713
5.75 1.375 16983756.0
6.25 1.375 11831717.142857144
6.75 1.375 8087502.857142857
7.25 1.375 4373242.285714285
7.75 1.375 2306436.0
8.25 1.375 868657.7142857143
8.75 1.375 29953.714285714286
0.25 1.625 54036500.571428575
0.75 1.625 52718537.14285714
1.25 1.625 52658629.71428572
1.75 1.625 47836081.71428572
2.25 1.625 44720895.428571425
2.75 1.625 40467468.0
3.25 1.625 37172559.428571425
3.75 1.625 33308530.285714287
4.25 1.625 26808574.285714287
4.75 1.625 22135794.85714286
5.25 1.625 17343200.57142857
5.75 1.625 13449217.714285715
6.25 1.625 11202689.142857144
6.75 1.625 8327132.571428572
7.25 1.625 4852501.714285715
7.75 1.625 1917037.7142857143
8.25 1.625 479259.4285714286
8.75 1.625 0.0
0.25 1.875 48195526.28571428
0.75 1.875 49962795.428571425
1.25 1.875 48345294.85714286
1.75 1.875 44571126.85714286
2.25 1.875 42025061.14285714
2.75 1.875 36303901.71428572
3.25 1.875 31661076.0
3.75 1.875 30223297.714285713
4.25 1.875 24412277.14285714
4.75 1.875 20068988.57142857
5.25 1.875 15815561.142857144
5.75 1.875 11562133.714285715
6.25 1.875 8866299.42857143
6.75 1.875 7099030.285714285
7.25 1.875 3534538.285714286
7.75 1.875 1767269.142857143
8.25 1.875 509213.14285714284
8.75 1.875 0.0
0.25 2.125 45679414.28571428
0.75 2.125 44571126.85714286
1.25 2.125 41725524.0
1.75 2.125 40317699.428571425
2.25 2.125 36962883.428571425
2.75 2.125 32829270.85714286
3.25 2.125 28965241.714285713
3.75 2.125 24532092.0
4.25 2.125 22075887.42857143
4.75 2.125 15845514.857142856
5.25 2.125 12490698.857142856
5.75 2.125 10154309.142857144
6.25 2.125 7518382.285714285
6.75 2.125 5541437.142857143
7.25 2.125 3264954.8571428573
7.75 2.125 1497685.7142857143
8.25 2.125 299537.14285714284
8.75 2.125 0.0
0.25 2.375 41545801.71428572
0.75 2.375 38101124.571428575
1.25 2.375 38909874.85714286
1.75 2.375 36873022.28571428
2.25 2.375 33548160.0
2.75 2.375 29234825.14285714
3.25 2.375 26389222.285714287
3.75 2.375 23423804.57142857
4.25 2.375 17732598.85714286
4.75 2.375 13718801.142857144
5.25 2.375 11172735.42857143
5.75 2.375 9016068.0
6.25 2.375 5781066.857142857
6.75 2.375 4013797.714285714
7.25 2.375 2785695.4285714286
7.75 2.375 1317963.4285714286
8.25 2.375 0.0
8.75 2.375 0.0
0.25 2.625 33248622.85714286
0.75 2.625 32050474.285714287
1.25 2.625 32080428.0
1.75 2.625 29384593.714285713
2.25 2.625 27527463.42857143
2.75 2.625 24322416.0
3.25 2.625 21776350.285714287
3.75 2.625 18721071.42857143
4.25 2.625 14078245.714285715
4.75 2.625 11681948.57142857
5.25 2.625 7758012.0
5.75 2.625 6110557.714285715
6.25 2.625 4463103.428571428
6.75 2.625 3294908.5714285714
7.25 2.625 1767269.142857143
7.75 2.625 778796.5714285715
8.25 2.625 0.0
8.75 2.625 0.0
0.25 2.875 29055102.85714286
0.75 2.875 27078157.714285713
1.25 2.875 27827000.57142857
1.75 2.875 25760194.285714287
2.25 2.875 22824730.285714287
2.75 2.875 20698016.57142857
3.25 2.875 17792506.285714287
3.75 2.875 16474542.857142856
4.25 2.875 12790236.0
4.75 2.875 9794864.57142857
5.25 2.875 6499956.0
5.75 2.875 5271853.714285715
6.25 2.875 3055278.8571428573
6.75 2.875 2516112.0
7.25 2.875 838704.0
7.75 2.875 509213.14285714284
8.25 2.875 0.0
8.75 2.875 0.0
0.25 3.125 23962971.42857143
0.75 3.125 23513665.714285713
1.25 3.125 25340842.285714287
1.75 3.125 22405378.285714287
2.25 3.125 20997553.714285713
2.75 3.125 18271765.714285713
3.25 3.125 14257968.0
3.75 3.125 13748754.857142856
4.25 3.125 10933105.714285715
4.75 3.125 8057549.142857143
5.25 3.125 6230372.571428572
5.75 3.125 4313334.857142857
6.25 3.125 2635926.8571428573
6.75 3.125 2006898.857142857
7.25 3.125 1018426.2857142857
7.75 3.125 329490.85714285716
8.25 3.125 0.0
8.75 3.125 0.0
0.25 3.375 18721071.42857143
0.75 3.375 19679590.285714287
1.25 3.375 18421534.285714287
1.75 3.375 19380053.14285714
2.25 3.375 17343200.57142857
2.75 3.375 13688847.42857143
3.25 3.375 11801763.42857143
3.75 3.375 10513753.714285715
4.25 3.375 8207317.714285715
4.75 3.375 6110557.714285715
5.25 3.375 4343288.571428572
5.75 3.375 3294908.5714285714
6.25 3.375 2066806.2857142857
6.75 3.375 1407824.5714285714
7.25 3.375 419352.0
7.75 3.375 179722.2857142857
8.25 3.375 0.0
8.75 3.375 0.0
0.25 3.625 16654265.142857144
0.75 3.625 16654265.142857144
1.25 3.625 16564404.0
1.75 3.625 15815561.142857144
2.25 3.625 14198060.57142857
2.75 3.625 12999912.0
3.25 3.625 10903152.0
3.75 3.625 7907780.571428572
4.25 3.625 6020696.571428572
4.75 3.625 4373242.285714285
5.25 3.625 3414723.4285714286
5.75 3.625 2096760.0
6.25 3.625 1707361.7142857143
6.75 3.625 838704.0
7.25 3.625 479259.4285714286
7.75 3.625 149768.57142857142
8.25 3.625 0.0
8.75 3.625 0.0
0.25 3.875 14886996.0
0.75 3.875 14587458.857142856
1.25 3.875 12999912.0
1.75 3.875 12700374.857142856
2.25 3.875 11592087.42857143
2.75 3.875 10004540.57142857
3.25 3.875 9195790.285714285
3.75 3.875 6440048.571428572
4.25 3.875 5601344.571428572
4.75 3.875 4343288.571428572
5.25 3.875 3175093.714285714
5.75 3.875 1317963.4285714286
6.25 3.875 1377870.857142857
6.75 3.875 688935.4285714285
7.25 3.875 209676.0
7.75 3.875 89861.14285714286
8.25 3.875 0.0
8.75 3.875 0.0
0.25 4.125 11711902.285714285
0.75 4.125 10184262.857142856
1.25 4.125 10334031.42857143
1.75 4.125 11382411.42857143
2.25 4.125 10004540.57142857
2.75 4.125 9435420.0
3.25 4.125 7668150.857142857
3.75 4.125 5960789.142857143
4.25 4.125 4193520.0
4.75 4.125 3474630.8571428573
5.25 4.125 2546065.714285714
5.75 4.125 2156667.4285714286
6.25 4.125 449305.71428571426
6.75 4.125 479259.4285714286
7.25 4.125 179722.2857142857
7.75 4.125 0.0
8.25 4.125 0.0
8.75 4.125 0.0
0.25 4.375 10933105.714285715
0.75 4.375 9225744.0
1.25 4.375 9016068.0
1.75 4.375 9165836.57142857
2.25 4.375 8147410.285714285
2.75 4.375 7069076.571428572
3.25 4.375 6170465.142857143
3.75 4.375 4672779.428571428
4.25 4.375 3864029.1428571427
4.75 4.375 2516112.0
5.25 4.375 1497685.7142857143
5.75 4.375 1168194.857142857
6.25 4.375 269583.4285714286
6.75 4.375 239629.7142857143
7.25 4.375 89861.14285714286
7.75 4.375 0.0
8.25 4.375 0.0
8.75 4.375 0.0
0.25 4.625 8776438.285714285
0.75 4.625 8207317.714285715
1.25 4.625 7578289.714285715
1.75 4.625 7398567.428571428
2.25 4.625 7248798.857142857
2.75 4.625 5751113.142857143
3.25 4.625 5092131.428571428
3.75 4.625 4552964.571428572
4.25 4.625 3205047.4285714286
4.75 4.625 2396297.1428571427
5.25 4.625 1677408.0
5.75 4.625 1198148.5714285714
6.25 4.625 449305.71428571426
6.75 4.625 389398.28571428574
7.25 4.625 119814.85714285714
7.75 4.625 0.0
8.25 4.625 0.0
8.75 4.625 0.0
0.25 4.875 6200418.857142857
0.75 4.875 6410094.857142857
1.25 4.875 6889354.285714285
1.75 4.875 5751113.142857143
2.25 4.875 5361714.857142857
2.75 4.875 5122085.142857143
3.25 4.875 4133612.5714285714
3.75 4.875 2875556.5714285714
4.25 4.875 2156667.4285714286
4.75 4.875 1617500.5714285714
5.25 4.875 1198148.5714285714
5.75 4.875 778796.5714285715
6.25 4.875 539166.8571428572
6.75 4.875 149768.57142857142
7.25 4.875 0.0
7.75 4.875 0.0
8.25 4.875 0.0
8.75 4.875 0.0
0.25 5.125 5721159.428571428
0.75 5.125 5811020.571428572
1.25 5.125 4882455.428571428
1.75 5.125 5181992.571428572
2.25 5.125 4193520.0
2.75 5.125 3774168.0
3.25 5.125 3564492.0
3.75 5.125 2486158.285714286
4.25 5.125 1946991.4285714286
4.75 5.125 1138241.142857143
5.25 5.125 718889.1428571428
5.75 5.125 449305.71428571426
6.25 5.125 239629.7142857143
6.75 5.125 59907.42857142857
7.25 5.125 29953.714285714286
7.75 5.125 0.0
8.25 5.125 0.0
8.75 5.125 0.0
0.25 5.375 4043751.4285714286
0.75 5.375 4373242.285714285
1.25 5.375 4463103.428571428
1.75 5.375 3744214.285714286
2.25 5.375 3564492.0
2.75 5.375 3175093.714285714
3.25 5.375 2695834.285714286
3.75 5.375 2306436.0
4.25 5.375 1407824.5714285714
4.75 5.375 1018426.2857142857
5.25 5.375 958518.8571428572
5.75 5.375 599074.2857142857
6.25 5.375 149768.57142857142
6.75 5.375 149768.57142857142
7.25 5.375 59907.42857142857
7.75 5.375 0.0
8.25 5.375 0.0
8.75 5.375 0.0
0.25 5.625 3324862.285714286
0.75 5.625 3564492.0
1.25 5.625 3893982.8571428573
1.75 5.625 3864029.1428571427
2.25 5.625 3534538.285714286
2.75 5.625 2426250.8571428573
3.25 5.625 2516112.0
3.75 5.625 1647454.2857142857
4.25 5.625 1527639.4285714286
4.75 5.625 389398.28571428574
5.25 5.625 629028.0
5.75 5.625 419352.0
6.25 5.625 179722.2857142857
6.75 5.625 29953.714285714286
7.25 5.625 0.0
7.75 5.625 0.0
8.25 5.625 0.0
8.75 5.625 0.0
0.25 5.875 3714260.5714285714
0.75 5.875 3264954.8571428573
1.25 5.875 3025325.1428571427
1.75 5.875 2426250.8571428573
2.25 5.875 2665880.5714285714
2.75 5.875 2516112.0
3.25 5.875 1797222.857142857
3.75 5.875 1887084.0
4.25 5.875 808750.2857142857
4.75 5.875 778796.5714285715
5.25 5.875 329490.85714285716
5.75 5.875 209676.0
6.25 5.875 149768.57142857142
6.75 5.875 0.0
7.25 5.875 0.0
7.75 5.875 0.0
8.25 5.875 0.0
8.75 5.875 0.0
0.25 6.125 2935464.0
0.75 6.125 2725788.0
1.25 6.125 2456204.5714285714
1.75 6.125 2366343.4285714286
2.25 6.125 1976945.142857143
2.75 6.125 1887084.0
3.25 6.125 2156667.4285714286
3.75 6.125 1288009.7142857143
4.25 6.125 988472.5714285715
4.75 6.125 688935.4285714285
5.25 6.125 449305.71428571426
5.75 6.125 179722.2857142857
6.25 6.125 29953.714285714286
6.75 6.125 59907.42857142857
7.25 6.125 0.0
7.75 6.125 0.0
8.25 6.125 0.0
8.75 6.125 0.0
0.25 6.375 2216574.8571428573
0.75 6.375 1976945.142857143
1.25 6.375 2066806.2857142857
1.75 6.375 1767269.142857143
2.25 6.375 2036852.5714285714
2.75 6.375 2156667.4285714286
3.25 6.375 1108287.4285714286
3.75 6.375 838704.0
4.25 6.375 778796.5714285715
4.75 6.375 539166.8571428572
5.25 6.375 479259.4285714286
5.75 6.375 119814.85714285714
6.25 6.375 89861.14285714286
6.75 6.375 59907.42857142857
7.25 6.375 0.0
7.75 6.375 0.0
8.25 6.375 0.0
8.75 6.375 0.0
0.25 6.625 1797222.857142857
0.75 6.625 2036852.5714285714
1.25 6.625 1677408.0
1.75 6.625 1437778.2857142857
2.25 6.625 1228102.2857142857
2.75 6.625 1168194.857142857
3.25 6.625 1078333.7142857143
3.75 6.625 1138241.142857143
4.25 6.625 449305.71428571426
4.75 6.625 329490.85714285716
5.25 6.625 389398.28571428574
5.75 6.625 29953.714285714286
6.25 6.625 89861.14285714286
6.75 6.625 0.0
7.25 6.625 0.0
7.75 6.625 0.0
8.25 6.625 0.0
8.75 6.625 0.0
0.25 6.875 1317963.4285714286
0.75 6.875 1857130.2857142857
1.25 6.875 1617500.5714285714
1.75 6.875 1737315.4285714286
2.25 6.875 1168194.857142857
2.75 6.875 1018426.2857142857
3.25 6.875 1198148.5714285714
3.75 6.875 599074.2857142857
4.25 6.875 629028.0
4.75 6.875 179722.2857142857
5.25 6.875 359444.5714285714
5.75 6.875 0.0
6.25 6.875 89861.14285714286
6.75 6.875 0.0
7.25 6.875 0.0
7.75 6.875 0.0
8.25 6.875 0.0
8.75 6.875 0.0
0.25 7.125 1317963.4285714286
0.75 7.125 1377870.857142857
1.25 7.125 748842.8571428572
1.75 7.125 868657.7142857143
2.25 7.125 778796.5714285715
2.75 7.125 1048380.0
3.25 7.125 868657.7142857143
3.75 7.125 419352.0
4.25 7.125 419352.0
4.75 7.125 359444.5714285714
5.25 7.125 179722.2857142857
5.75 7.125 179722.2857142857
6.25 7.125 59907.42857142857
6.75 7.125 0.0
7.25 7.125 0.0
7.75 7.125 0.0
8.25 7.125 0.0
8.75 7.125 0.0
0.25 7.375 1078333.7142857143
0.75 7.375 1228102.2857142857
1.25 7.375 1138241.142857143
1.75 7.375 928565.1428571428
2.25 7.375 748842.8571428572
2.75 7.375 868657.7142857143
3.25 7.375 629028.0
3.75 7.375 569120.5714285715
4.25 7.375 359444.5714285714
4.75 7.375 209676.0
5.25 7.375 239629.7142857143
5.75 7.375 59907.42857142857
6.25 7.375 29953.714285714286
6.75 7.375 0.0
7.25 7.375 0.0
7.75 7.375 0.0
8.25 7.375 0.0
8.75 7.375 0.0
0.25 7.625 838704.0
0.75 7.625 958518.8571428572
1.25 7.625 1198148.5714285714
1.75 7.625 629028.0
2.25 7.625 509213.14285714284
2.75 7.625 838704.0
3.25 7.625 449305.71428571426
3.75 7.625 269583.4285714286
4.25 7.625 419352.0
4.75 7.625 209676.0
5.25 7.625 89861.14285714286
5.75 7.625 29953.714285714286
6.25 7.625 59907.42857142857
6.75 7.625 0.0
7.25 7.625 0.0
7.75 7.625 0.0
8.25 7.625 0.0
8.75 7.625 0.0
0.25 7.875 808750.2857142857
0.75 7.875 1168194.857142857
1.25 7.875 688935.4285714285
1.75 7.875 868657.7142857143
2.25 7.875 838704.0
2.75 7.875 629028.0
3.25 7.875 359444.5714285714
3.75 7.875 269583.4285714286
4.25 7.875 149768.57142857142
4.75 7.875 269583.4285714286
5.25 7.875 59907.42857142857
5.75 7.875 59907.42857142857
6.25 7.875 0.0
6.75 7.875 0.0
7.25 7.875 0.0
7.75 7.875 0.0
8.25 7.875 0.0
8.75 7.875 0.0
0.25 8.125 688935.4285714285
0.75 8.125 629028.0
1.25 8.125 658981.7142857143
1.75 8.125 748842.8571428572
2.25 8.125 599074.2857142857
2.75 8.125 449305.71428571426
3.25 8.125 389398.28571428574
3.75 8.125 299537.14285714284
4.25 8.125 269583.4285714286
4.75 8.125 119814.85714285714
5.25 8.125 59907.42857142857
5.75 8.125 0.0
6.25 8.125 0.0
6.75 8.125 0.0
7.25 8.125 0.0
7.75 8.125 0.0
8.25 8.125 0.0
8.75 8.125 0.0
0.25 8.375 898611.4285714285
0.75 8.375 569120.5714285715
1.25 8.375 419352.0
1.75 8.375 479259.4285714286
2.25 8.375 629028.0
2.75 8.375 359444.5714285714
3.25 8.375 209676.0
3.75 8.375 449305.71428571426
4.25 8.375 119814.85714285714
4.75 8.375 29953.714285714286
5.25 8.375 89861.14285714286
5.75 8.375 0.0
6.25 8.375 0.0
6.75 8.375 0.0
7.25 8.375 0.0
7.75 8.375 0.0
8.25 8.375 0.0
8.75 8.375 0.0
0.25 8.625 658981.7142857143
0.75 8.625 479259.4285714286
1.25 8.625 479259.4285714286
1.75 8.625 569120.5714285715
2.25 8.625 299537.14285714284
2.75 8.625 479259.4285714286
3.25 8.625 299537.14285714284
3.75 8.625 239629.7142857143
4.25 8.625 149768.57142857142
4.75 8.625 119814.85714285714
5.25 8.625 89861.14285714286
5.75 8.625 29953.714285714286
6.25 8.625 0.0
6.75 8.625 0.0
7.25 8.625 0.0
7.75 8.625 0.0
8.25 8.625 0.0
8.75 8.625 0.0
0.25 8.875 479259.4285714286
0.75 8.875 569120.5714285715
1.25 8.875 479259.4285714286
1.75 8.875 299537.14285714284
2.25 8.875 299537.14285714284
2.75 8.875 269583.4285714286
3.25 8.875 269583.4285714286
3.75 8.875 179722.2857142857
4.25 8.875 209676.0
4.75 8.875 149768.57142857142
5.25 8.875 59907.42857142857
5.75 8.875 29953.714285714286
6.25 8.875 0.0
6.75 8.875 0.0
7.25 8.875 0.0
7.75 8.875 0.0
8.25 8.875 0.0
8.75 8.875 0.0
0.25 9.125 269583.4285714286
0.75 9.125 389398.28571428574
1.25 9.125 449305.71428571426
1.75 9.125 419352.0
2.25 9.125 299537.14285714284
2.75 9.125 329490.85714285716
3.25 9.125 449305.71428571426
3.75 9.125 59907.42857142857
4.25 9.125 29953.714285714286
4.75 9.125 59907.42857142857
5.25 9.125 0.0
5.75 9.125 59907.42857142857
6.25 9.125 0.0
6.75 9.125 0.0
7.25 9.125 0.0
7.75 9.125 0.0
8.25 9.125 0.0
8.75 9.125 0.0
0.25 9.375 359444.5714285714
0.75 9.375 269583.4285714286
1.25 9.375 389398.28571428574
1.75 9.375 299537.14285714284
2.25 9.375 389398.28571428574
2.75 9.375 269583.4285714286
3.25 9.375 269583.4285714286
3.75 9.375 239629.7142857143
4.25 9.375 89861.14285714286
4.75 9.375 59907.42857142857
5.25 9.375 0.0
5.75 9.375 0.0
6.25 9.375 0.0
6.75 9.375 0.0
7.25 9.375 0.0
7.75 9.375 0.0
8.25 9.375 0.0
8.75 9.375 0.0
0.25 9.625 329490.85714285716
0.75 9.625 299537.14285714284
1.25 9.625 419352.0
1.75 9.625 329490.85714285716
2.25 9.625 239629.7142857143
2.75 9.625 179722.2857142857
3.25 9.625 149768.57142857142
3.75 9.625 119814.85714285714
4.25 9.625 119814.85714285714
4.75 9.625 29953.714285714286
5.25 9.625 29953.714285714286
5.75 9.625 0.0
6.25 9.625 0.0
6.75 9.625 0.0
7.25 9.625 0.0
7.75 9.625 0.0
8.25 9.625 0.0
8.75 9.625 0.0
0.25 9.875 419352.0
0.75 9.875 299537.14285714284
1.25 9.875 239629.7142857143
1.75 9.875 209676.0
2.25 9.875 149768.57142857142
2.75 9.875 209676.0
3.25 9.875 0.0
3.75 9.875 29953.714285714286
4.25 9.875 59907.42857142857
4.75 9.875 119814.85714285714
5.25 9.875 0.0
5.75 9.875 29953.714285714286
6.25 9.875 59907.42857142857
6.75 9.875 0.0
7.25 9.875 0.0
7.75 9.875 0.0
8.25 9.875 0.0
8.75 9.875 0.0
0.25 10.125 359444.5714285714
0.75 10.125 389398.28571428574
1.25 10.125 179722.2857142857
1.75 10.125 209676.0
2.25 10.125 149768.57142857142
2.75 10.125 119814.85714285714
3.25 10.125 29953.714285714286
3.75 10.125 89861.14285714286
4.25 10.125 59907.42857142857
4.75 10.125 29953.714285714286
5.25 10.125 29953.714285714286
5.75 10.125 0.0
6.25 10.125 29953.714285714286
6.75 10.125 0.0
7.25 10.125 0.0
7.75 10.125 0.0
8.25 10.125 0.0
8.75 10.125 0.0
0.25 10.375 269583.4285714286
0.75 10.375 149768.57142857142
1.25 10.375 149768.57142857142
1.75 10.375 119814.85714285714
2.25 10.375 269583.4285714286
2.75 10.375 179722.2857142857
3.25 10.375 59907.42857142857
3.75 10.375 149768.57142857142
4.25 10.375 29953.714285714286
4.75 10.375 59907.42857142857
5.25 10.375 0.0
5.75 10.375 89861.14285714286
6.25 10.375 0.0
6.75 10.375 0.0
7.25 10.375 0.0
7.75 10.375 0.0
8.25 10.375 0.0
8.75 10.375 0.0
0.25 10.625 119814.85714285714
0.75 10.625 89861.14285714286
1.25 10.625 269583.4285714286
1.75 10.625 179722.2857142857
2.25 10.625 149768.57142857142
2.75 10.625 29953.714285714286
3.25 10.625 59907.42857142857
3.75 10.625 29953.714285714286
4.25 10.625 59907.42857142857
4.75 10.625 59907.42857142857
5.25 10.625 0.0
5.75 10.625 0.0
6.25 10.625 0.0
6.75 10.625 0.0
7.25 10.625 0.0
7.75 10.625 0.0
8.25 10.625 0.0
8.75 10.625 0.0
0.25 10.875 209676.0
0.75 10.875 209676.0
1.25 10.875 239629.7142857143
1.75 10.875 149768.57142857142
2.25 10.875 149768.57142857142
2.75 10.875 89861.14285714286
3.25 10.875 89861.14285714286
3.75 10.875 59907.42857142857
4.25 10.875 59907.42857142857
4.75 10.875 0.0
5.25 10.875 89861.14285714286
5.75 10.875 0.0
6.25 10.875 0.0
6.75 10.875 0.0
7.25 10.875 0.0
7.75 10.875 0.0
8.25 10.875 0.0
8.75 10.875 0.0
0.25 11.125 149768.57142857142
0.75 11.125 209676.0
1.25 11.125 209676.0
1.75 11.125 149768.57142857142
2.25 11.125 89861.14285714286
2.75 11.125 119814.85714285714
3.25 11.125 89861.14285714286
3.75 11.125 59907.42857142857
4.25 11.125 89861.14285714286
4.75 11.125 29953.714285714286
5.25 11.125 0.0
5.75 11.125 0.0
6.25 11.125 0.0
6.75 11.125 0.0
7.25 11.125 0.0
7.75 11.125 0.0
8.25 11.125 0.0
8.75 11.125 0.0
0.25 11.375 119814.85714285714
0.75 11.375 179722.2857142857
1.25 11.375 179722.2857142857
1.75 11.375 149768.57142857142
2.25 11.375 209676.0
2.75 11.375 89861.14285714286
3.25 11.375 119814.85714285714
3.75 11.375 59907.42857142857
4.25 11.375 59907.42857142857
4.75 11.375 59907.42857142857
5.25 11.375 0.0
5.75 11.375 0.0
6.25 11.375 0.0
6.75 11.375 0.0
7.25 11.375 0.0
7.75 11.375 0.0
8.25 11.375 0.0
8.75 11.375 0.0
0.25 11.625 119814.85714285714
0.75 11.625 179722.2857142857
1.25 11.625 149768.57142857142
1.75 11.625 29953.714285714286
2.25 11.625 119814.85714285714
2.75 11.625 119814.85714285714
3.25 11.625 29953.714285714286
3.75 11.625 59907.42857142857
4.25 11.625 29953.714285714286
4.75 11.625 0.0
5.25 11.625 0.0
5.75 11.625 0.0
6.25 11.625 0.0
6.75 11.625 0.0
7.25 11.625 0.0
7.75 11.625 0.0
8.25 11.625 0.0
8.75 11.625 0.0
0.25 11.875 119814.85714285714
0.75 11.875 89861.14285714286
1.25 11.875 89861.14285714286
1.75 11.875 89861.14285714286
2.25 11.875 59907.42857142857
2.75 11.875 59907.42857142857
3.25 11.875 59907.42857142857
3.75 11.875 29953.714285714286
4.25 11.875 0.0
4.75 11.875 0.0
5.25 11.875 0.0
5.75 11.875 0.0
6.25 11.875 0.0
6.75 11.875 0.0
7.25 11.875 0.0
7.75 11.875 0.0
8.25 11.875 0.0
8.75 11.875 0.0
0.25 12.125 59907.42857142857
0.75 12.125 149768.57142857142
1.25 12.125 149768.57142857142
1.75 12.125 59907.42857142857
2.25 12.125 29953.714285714286
2.75 12.125 0.0
3.25 12.125 59907.42857142857
3.75 12.125 29953.714285714286
4.25 12.125 29953.714285714286
4.75 12.125 29953.714285714286
5.25 12.125 29953.714285714286
5.75 12.125 0.0
6.25 12.125 0.0
6.75 12.125 0.0
7.25 12.125 0.0
7.75 12.125 0.0
8.25 12.125 0.0
8.75 12.125 0.0
0.25 12.375 89861.14285714286
0.75 12.375 29953.714285714286
1.25 12.375 179722.2857142857
1.75 12.375 29953.714285714286
2.25 12.375 89861.14285714286
2.75 12.375 29953.714285714286
3.25 12.375 29953.714285714286
3.75 12.375 0.0
4.25 12.375 0.0
4.75 12.375 0.0
5.25 12.375 0.0
5.75 12.375 0.0
6.25 12.375 0.0
6.75 12.375 0.0
7.25 12.375 0.0
7.75 12.375 0.0
8.25 12.375 0.0
8.75 12.375 0.0
0.25 12.625 179722.2857142857
0.75 12.625 89861.14285714286
1.25 12.625 119814.85714285714
1.75 12.625 29953.714285714286
2.25 12.625 59907.42857142857
2.75 12.625 89861.14285714286
3.25 12.625 29953.714285714286
3.75 12.625 0.0
4.25 12.625 0.0
4.75 12.625 0.0
5.25 12.625 0.0
5.75 12.625 29953.714285714286
6.25 12.625 0.0
6.75 12.625 0.0
7.25 12.625 0.0
7.75 12.625 0.0
8.25 12.625 0.0
8.75 12.625 0.0
0.25 12.875 89861.14285714286
0.75 12.875 29953.714285714286
1.25 12.875 59907.42857142857
1.75 12.875 29953.714285714286
2.25 12.875 29953.714285714286
2.75 12.875 29953.714285714286
3.25 12.875 0.0
3.75 12.875 29953.714285714286
4.25 12.875 0.0
4.75 12.875 0.0
5.25 12.875 0.0
5.75 12.875 0.0
6.25 12.875 0.0
6.75 12.875 0.0
7.25 12.875 0.0
7.75 12.875 0.0
8.25 12.875 0.0
8.75 12.875 0.0
0.25 13.125 209676.0
0.75 13.125 119814.85714285714
1.25 13.125 0.0
1.75 13.125 59907.42857142857
2.25 13.125 0.0
2.75 13.125 89861.14285714286
3.25 13.125 0.0
3.75 13.125 29953.714285714286
4.25 13.125 0.0
4.75 13.125 0.0
5.25 13.125 0.0
5.75 13.125 0.0
6.25 13.125 0.0
6.75 13.125 0.0
7.25 13.125 0.0
7.75 13.125 0.0
8.25 13.125 0.0
8.75 13.125 0.0
0.25 13.375 119814.85714285714
0.75 13.375 59907.42857142857
1.25 13.375 59907.42857142857
1.75 13.375 0.0
2.25 13.375 59907.42857142857
2.75 13.375 29953.714285714286
3.25 13.375 0.0
3.75 13.375 59907.42857142857
4.25 13.375 0.0
4.75 13.375 0.0
5.25 13.375 0.0
5.75 13.375 0.0
6.25 13.375 0.0
6.75 13.375 0.0
7.25 13.375 0.0
7.75 13.375 0.0
8.25 13.375 0.0
8.75 13.375 0.0
0.25 13.625 0.0
0.75 13.625 59907.42857142857
1.25 13.625 29953.714285714286
1.75 13.625 29953.714285714286
2.25 13.625 0.0
2.75 13.625 59907.42857142857
3.25 13.625 29953.714285714286
3.75 13.625 0.0
4.25 13.625 59907.42857142857
4.75 13.625 0.0
5.25 13.625 0.0
5.75 13.625 0.0
6.25 13.625 0.0
6.75 13.625 0.0
7.25 13.625 0.0
7.75 13.625 0.0
8.25 13.625 0.0
8.75 13.625 0.0
0.25 13.875 119814.85714285714
0.75 13.875 59907.42857142857
1.25 13.875 29953.714285714286
1.75 13.875 59907.42857142857
2.25 13.875 59907.42857142857
2.75 13.875 29953.714285714286
3.25 13.875 59907.42857142857
3.75 13.875 0.0
4.25 13.875 29953.714285714286
4.75 13.875 0.0
5.25 13.875 0.0
5.75 13.875 0.0
6.25 13.875 0.0
6.75 13.875 0.0
7.25 13.875 0.0
7.75 13.875 0.0
8.25 13.875 0.0
8.75 13.875 0.0
0.25 14.125 59907.42857142857
0.75 14.125 29953.714285714286
1.25 14.125 29953.714285714286
1.75 14.125 59907.42857142857
2.25 14.125 59907.42857142857
2.75 14.125 89861.14285714286
3.25 14.125 29953.714285714286
3.75 14.125 0.0
4.25 14.125 0.0
4.75 14.125 0.0
5.25 14.125 29953.714285714286
5.75 14.125 0.0
6.25 14.125 0.0
6.75 14.125 0.0
7.25 14.125 0.0
7.75 14.125 0.0
8.25 14.125 0.0
8.75 14.125 0.0
0.25 14.375 59907.42857142857
0.75 14.375 89861.14285714286
1.25 14.375 0.0
1.75 14.375 209676.0
2.25 14.375 29953.714285714286
2.75 14.375 59907.42857142857
3.25 14.375 29953.714285714286
3.75 14.375 29953.714285714286
4.25 14.375 0.0
4.75 14.375 0.0
5.25 14.375 0.0
5.75 14.375 0.0
6.25 14.375 0.0
6.75 14.375 0.0
7.25 14.375 0.0
7.75 14.375 0.0
8.25 14.375 0.0
8.75 14.375 0.0
0.25 14.625 29953.714285714286
0.75 14.625 59907.42857142857
1.25 14.625 29953.714285714286
1.75 14.625 29953.714285714286
2.25 14.625 29953.714285714286
2.75 14.625 0.0
3.25 14.625 29953.714285714286
3.75 14.625 0.0
4.25 14.625 0.0
4.75 14.625 0.0
5.25 14.625 0.0
5.75 14.625 0.0
6.25 14.625 0.0
6.75 14.625 0.0
7.25 14.625 0.0
7.75 14.625 0.0
8.25 14.625 0.0
8.75 14.625 0.0
0.25 14.875 59907.42857142857
0.75 14.875 0.0
1.25 14.875 0.0
1.75 14.875 29953.714285714286
2.25 14.875 0.0
2.75 14.875 0.0
3.25 14.875 29953.714285714286
3.75 14.875 29953.714285714286
4.25 14.875 0.0
4.75 14.875 0.0
5.25 14.875 0.0
5.75 14.875 0.0
6.25 14.875 0.0
6.75 14.875 0.0
7.25 14.875 0.0
7.75 14.875 0.0
8.25 14.875 0.0
8.75 14.875 0.0
0.25 15.125 29953.714285714286
0.75 15.125 59907.42857142857
1.25 15.125 59907.42857142857
1.75 15.125 0.0
2.25 15.125 29953.714285714286
2.75 15.125 0.0
3.25 15.125 0.0
3.75 15.125 59907.42857142857
4.25 15.125 59907.42857142857
4.75 15.125 0.0
5.25 15.125 0.0
5.75 15.125 0.0
6.25 15.125 0.0
6.75 15.125 0.0
7.25 15.125 0.0
7.75 15.125 0.0
8.25 15.125 0.0
8.75 15.125 0.0
0.25 15.375 89861.14285714286
0.75 15.375 29953.714285714286
1.25 15.375 0.0
1.75 15.375 59907.42857142857
2.25 15.375 0.0
2.75 15.375 0.0
3.25 15.375 29953.714285714286
3.75 15.375 0.0
4.25 15.375 0.0
4.75 15.375 0.0
5.25 15.375 0.0
5.75 15.375 0.0
6.25 15.375 0.0
6.75 15.375 0.0
7.25 15.375 0.0
7.75 15.375 0.0
8.25 15.375 0.0
8.75 15.375 0.0
0.25 15.625 0.0
0.75 15.625 29953.714285714286
1.25 15.625 149768.57142857142
1.75 15.625 0.0
2.25 15.625 29953.714285714286
2.75 15.625 0.0
3.25 15.625 29953.714285714286
3.75 15.625 0.0
4.25 15.625 0.0
4.75 15.625 0.0
5.25 15.625 0.0
5.75 15.625 0.0
6.25 15.625 0.0
6.75 15.625 0.0
7.25 15.625 0.0
7.75 15.625 0.0
8.25 15.625 0.0
8.75 15.625 0.0
0.25 15.875 29953.714285714286
0.75 15.875 0.0
1.25 15.875 29953.714285714286
1.75 15.875 29953.714285714286
2.25 15.875 59907.42857142857
2.75 15.875 0.0
3.25 15.875 0.0
3.75 15.875 0.0
4.25 15.875 0.0
4.75 15.875 0.0
5.25 15.875 0.0
5.75 15.875 0.0
6.25 15.875 0.0
6.75 15.875 0.0
7.25 15.875 0.0
7.75 15.875 0.0
8.25 15.875 0.0
8.75 15.875 0.0
0.25 16.125 59907.42857142857
0.75 16.125 59907.42857142857
1.25 16.125 59907.42857142857
1.75 16.125 0.0
2.25 16.125 29953.714285714286
2.75 16.125 89861.14285714286
3.25 16.125 0.0
3.75 16.125 29953.714285714286
4.25 16.125 0.0
4.75 16.125 0.0
5.25 16.125 0.0
5.75 16.125 0.0
6.25 16.125 0.0
6.75 16.125 0.0
7.25 16.125 0.0
7.75 16.125 0.0
8.25 16.125 0.0
8.75 16.125 0.0
0.25 16.375 29953.714285714286
0.75 16.375 119814.85714285714
1.25 16.375 29953.714285714286
1.75 16.375 29953.714285714286
2.25 16.375 29953.714285714286
2.75 16.375 0.0
3.25 16.375 0.0
3.75 16.375 0.0
4.25 16.375 0.0
4.75 16.375 0.0
5.25 16.375 0.0
5.75 16.375 0.0
6.25 16.375 0.0
6.75 16.375 0.0
7.25 16.375 0.0
7.75 16.375 0.0
8.25 16.375 0.0
8.75 16.375 0.0
0.25 16.625 0.0
0.75 16.625 0.0
1.25 16.625 0.0
1.75 16.625 0.0
2.25 16.625 0.0
2.75 16.625 29953.714285714286
3.25 16.625 29953.714285714286
3.75 16.625 0.0
4.25 16.625 0.0
4.75 16.625 0.0
5.25 16.625 0.0
5.75 16.625 0.0
6.25 16.625 0.0
6.75 16.625 0.0
7.25 16.625 0.0
7.75 16.625 0.0
8.25 16.625 0.0
8.75 16.625 0.0
0.25 16.875 0.0
0.75 16.875 29953.714285714286
1.25 16.875 0.0
1.75 16.875 0.0
2.25 16.875 0.0
2.75 16.875 0.0
3.25 16.875 0.0
3.75 16.875 0.0
4.25 16.875 29953.714285714286
4.75 16.875 0.0
5.25 16.875 0.0
5.75 16.875 0.0
6.25 16.875 0.0
6.75 16.875 0.0
7.25 16.875 0.0
7.75 16.875 0.0
8.25 16.875 0.0
8.75 16.875 0.0
0.25 17.125 0.0
0.75 17.125 0.0
1.25 17.125 29953.714285714286
1.75 17.125 29953.714285714286
2.25 17.125 29953.714285714286
2.75 17.125 0.0
3.25 17.125 0.0
3.75 17.125 0.0
4.25 17.125 0.0
4.75 17.125 0.0
5.25 17.125 0.0
5.75 17.125 0.0
6.25 17.125 0.0
6.75 17.125 0.0
7.25 17.125 0.0
7.75 17.125 0.0
8.25 17.125 0.0
8.75 17.125 0.0
0.25 17.375 0.0
0.75 17.375 59907.42857142857
1.25 17.375 29953.714285714286
1.75 17.375 0.0
2.25 17.375 0.0
2.75 17.375 0.0
3.25 17.375 29953.714285714286
3.75 17.375 0.0
4.25 17.375 0.0
4.75 17.375 0.0
5.25 17.375 0.0
5.75 17.375 0.0
6.25 17.375 0.0
6.75 17.375 0.0
7.25 17.375 0.0
7.75 17.375 0.0
8.25 17.375 0.0
8.75 17.375 0.0
0.25 17.625 0.0
0.75 17.625 59907.42857142857
1.25 17.625 0.0
1.75 17.625 29953.714285714286
2.25 17.625 29953.714285714286
2.75 17.625 0.0
3.25 17.625 0.0
3.75 17.625 0.0
4.25 17.625 0.0
4.75 17.625 0.0
5.25 17.625 0.0
5.75 17.625 0.0
6.25 17.625 0.0
6.75 17.625 0.0
7.25 17.625 0.0
7.75 17.625 0.0
8.25 17.625 0.0
8.75 17.625 0.0
0.25 17.875 0.0
0.75 17.875 29953.714285714286
1.25 17.875 29953.714285714286
1.75 17.875 29953.714285714286
2.25 17.875 0.0
2.75 17.875 0.0
3.25 17.875 59907.42857142857
3.75 17.875 0.0
4.25 17.875 0.0
4.75 17.875 0.0
5.25 17.875 0.0
5.75 17.875 0.0
6.25 17.875 0.0
6.75 17.875 0.0
7.25 17.875 0.0
7.75 17.875 0.0
8.25 17.875 0.0
8.75 17.875 0.0
0.25 18.125 0.0
0.75 18.125 0.0
1.25 18.125 59907.42857142857
1.75 18.125 0.0
2.25 18.125 0.0
2.75 18.125 29953.714285714286
3.25 18.125 0.0
3.75 18.125 0.0
4.25 18.125 0.0
4.75 18.125 0.0
5.25 18.125 0.0
5.75 18.125 0.0
6.25 18.125 0.0
6.75 18.125 0.0
7.25 18.125 0.0
7.75 18.125 0.0
8.25 18.125 0.0
8.75 18.125 0.0
0.25 18.375 0.0
0.75 18.375 29953.714285714286
1.25 18.375 29953.714285714286
1.75 18.375 29953.714285714286
2.25 18.375 0.0
2.75 18.375 0.0
3.25 18.375 0.0
3.75 18.375 0.0
4.25 18.375 0.0
4.75 18.375 0.0
5.25 18.375 0.0
5.75 18.375 0.0
6.25 18.375 0.0
6.75 18.375 0.0
7.25 18.375 0.0
7.75 18.375 0.0
8.25 18.375 0.0
8.75 18.375 0.0
0.25 18.625 29953.714285714286
0.75 18.625 0.0
1.25 18.625 0.0
1.75 18.625 0.0
2.25 18.625 0.0
2.75 18.625 0.0
3.25 18.625 0.0
3.75 18.625 0.0
4.25 18.625 0.0
4.75 18.625 0.0
5.25 18.625 0.0
5.75 18.625 0.0
6.25 18.625 0.0
6.75 18.625 0.0
7.25 18.625 0.0
7.75 18.625 0.0
8.25 18.625 0.0
8.75 18.625 0.0
0.25 18.875 59907.42857142857
0.75 18.875 0.0
1.25 18.875 29953.714285714286
1.75 18.875 0.0
2.25 18.875 0.0
2.75 18.875 0.0
3.25 18.875 59907.42857142857
3.75 18.875 0.0
4.25 18.875 0.0
4.75 18.875 0.0
5.25 18.875 0.0
5.75 18.875 0.0
6.25 18.875 0.0
6.75 18.875 0.0
7.25 18.875 0.0
7.75 18.875 0.0
8.25 18.875 0.0
8.75 18.875 0.0
0.25 19.125 0.0
0.75 19.125 0.0
1.25 19.125 0.0
1.75 19.125 0.0
2.25 19.125 0.0
2.75 19.125 29953.714285714286
3.25 19.125 0.0
3.75 19.125 0.0
4.25 19.125 0.0
4.75 19.125 0.0
5.25 19.125 0.0
5.75 19.125 0.0
6.25 19.125 0.0
6.75 19.125 0.0
7.25 19.125 0.0
7.75 19.125 0.0
8.25 19.125 0.0
8.75 19.125 0.0
0.25 19.375 0.0
0.75 19.375 0.0
1.25 19.375 0.0
1.75 19.375 0.0
2.25 19.375 0.0
2.75 19.375 0.0
3.25 19.375 0.0
3.75 19.375 0.0
4.25 19.375 0.0
4.75 19.375 0.0
5.25 19.375 0.0
5.75 19.375 0.0
6.25 19.375 0.0
6.75 19.375 0.0
7.25 19.375 0.0
7.75 19.375 0.0
8.25 19.375 0.0
8.75 19.375 0.0
0.25 19.625 29953.714285714286
0.75 19.625 0.0
1.25 19.625 0.0
1.75 19.625 0.0
2.25 19.625 0.0
2.75 19.625 0.0
3.25 19.625 0.0
3.75 19.625 0.0
4.25 19.625 0.0
4.75 19.625 0.0
5.25 19.625 0.0
5.75 19.625 0.0
6.25 19.625 0.0
6.75 19.625 0.0
7.25 19.625 0.0
7.75 19.625 0.0
8.25 19.625 0.0
8.75 19.625 0.0
0.25 19.875 0.0
0.75 19.875 59907.42857142857
1.25 19.875 0.0
1.75 19.875 0.0
2.25 19.875 0.0
2.75 19.875 0.0
3.25 19.875 0.0
3.75 19.875 0.0
4.25 19.875 0.0
4.75 19.875 0.0
5.25 19.875 0.0
5.75 19.875 0.0
6.25 19.875 0.0
6.75 19.875 0.0
7.25 19.875 0.0
7.75 19.875 0.0
8.25 19.875 0.0
8.75 19.875 0.0
0.25 20.125 29953.714285714286
0.75 20.125 0.0
1.25 20.125 0.0
1.75 20.125 0.0
2.25 20.125 0.0
2.75 20.125 0.0
3.25 20.125 0.0
3.75 20.125 0.0
4.25 20.125 0.0
4.75 20.125 0.0
5.25 20.125 0.0
5.75 20.125 0.0
6.25 20.125 0.0
6.75 20.125 0.0
7.25 20.125 0.0
7.75 20.125 0.0
8.25 20.125 0.0
8.75 20.125 0.0
0.25 20.375 0.0
0.75 20.375 29953.714285714286
1.25 20.375 0.0
1.75 20.375 29953.714285714286
2.25 20.375 0.0
2.75 20.375 0.0
3.25 20.375 0.0
3.75 20.375 0.0
4.25 20.375 0.0
4.75 20.375 0.0
5.25 20.375 0.0
5.75 20.375 0.0
6.25 20.375 0.0
6.75 20.375 0.0
7.25 20.375 0.0
7.75 20.375 0.0
8.25 20.375 0.0
8.75 20.375 0.0
0.25 20.625 0.0
0.75 20.625 0.0
1.25 20.625 0.0
1.75 20.625 0.0
2.25 20.625 0.0
2.75 20.625 0.0
3.25 20.625 0.0
3.75 20.625 0.0
4.25 20.625 0.0
4.75 20.625 0.0
5.25 20.625 0.0
5.75 20.625 0.0
6.25 20.625 0.0
6.75 20.625 0.0
7.25 20.625 0.0
7.75 20.625 0.0
8.25 20.625 0.0
8.75 20.625 0.0
0.25 20.875 0.0
0.75 20.875 29953.714285714286
1.25 20.875 29953.714285714286
1.75 20.875 0.0
2.25 20.875 0.0
2.75 20.875 0.0
3.25 20.875 0.0
3.75 20.875 0.0
4.25 20.875 0.0
4.75 20.875 0.0
5.25 20.875 0.0
5.75 20.875 0.0
6.25 20.875 0.0
6.75 20.875 0.0
7.25 20.875 0.0
7.75 20.875 0.0
8.25 20.875 0.0
8.75 20.875 0.0
0.25 21.125 29953.714285714286
0.75 21.125 0.0
1.25 21.125 0.0
1.75 21.125 0.0
2.25 21.125 0.0
2.75 21.125 0.0
3.25 21.125 0.0
3.75 21.125 0.0
4.25 21.125 0.0
4.75 21.125 0.0
5.25 21.125 0.0
5.75 21.125 0.0
6.25 21.125 0.0
6.75 21.125 0.0
7.25 21.125 0.0
7.75 21.125 0.0
8.25 21.125 0.0
8.75 21.125 0.0
0.25 21.375 0.0
0.75 21.375 0.0
1.25 21.375 0.0
1.75 21.375 0.0
2.25 21.375 0.0
2.75 21.375 0.0
3.25 21.375 0.0
3.75 21.375 0.0
4.25 21.375 0.0
4.75 21.375 0.0
5.25 21.375 0.0
5.75 21.375 0.0
6.25 21.375 0.0
6.75 21.375 0.0
7.25 21.375 0.0
7.75 21.375 0.0
8.25 21.375 0.0
8.75 21.375 0.0
0.25 21.625 0.0
0.75 21.625 29953.714285714286
1.25 21.625 0.0
1.75 21.625 0.0
2.25 21.625 0.0
2.75 21.625 0.0
3.25 21.625 29953.714285714286
3.75 21.625 0.0
4.25 21.625 0.0
4.75 21.625 29953.714285714286
5.25 21.625 0.0
5.75 21.625 0.0
6.25 21.625 0.0
6.75 21.625 0.0
7.25 21.625 0.0
7.75 21.625 0.0
8.25 21.625 0.0
8.75 21.625 0.0
0.25 21.875 29953.714285714286
0.75 21.875 0.0
1.25 21.875 0.0
1.75 21.875 0.0
2.25 21.875 29953.714285714286
2.75 21.875 0.0
3.25 21.875 0.0
3.75 21.875 0.0
4.25 21.875 0.0
4.75 21.875 0.0
5.25 21.875 0.0
5.75 21.875 0.0
6.25 21.875 0.0
6.75 21.875 0.0
7.25 21.875 0.0
7.75 21.875 0.0
8.25 21.875 0.0
8.75 21.875 0.0
0.25 22.125 0.0
0.75 22.125 0.0
1.25 22.125 0.0
1.75 22.125 0.0
2.25 22.125 0.0
2.75 22.125 0.0
3.25 22.125 0.0
3.75 22.125 0.0
4.25 22.125 0.0
4.75 22.125 0.0
5.25 22.125 0.0
5.75 22.125 0.0
6.25 22.125 0.0
6.75 22.125 0.0
7.25 22.125 0.0
7.75 22.125 0.0
8.25 22.125 0.0
8.75 22.125 0.0
0.25 22.375 0.0
0.75 22.375 29953.714285714286
1.25 22.375 0.0
1.75 22.375 0.0
2.25 22.375 0.0
2.75 22.375 0.0
3.25 22.375 0.0
3.75 22.375 0.0
4.25 22.375 0.0
4.75 22.375 0.0
5.25 22.375 0.0
5.75 22.375 0.0
6.25 22.375 0.0
6.75 22.375 0.0
7.25 22.375 0.0
7.75 22.375 0.0
8.25 22.375 0.0
8.75 22.375 0.0
0.25 22.625 0.0
0.75 22.625 0.0
1.25 22.625 0.0
1.75 22.625 0.0
2.25 22.625 0.0
2.75 22.625 0.0
3.25 22.625 0.0
3.75 22.625 0.0
4.25 22.625 0.0
4.75 22.625 0.0
5.25 22.625 0.0
5.75 22.625 0.0
6.25 22.625 0.0
6.75 22.625 0.0
7.25 22.625 0.0
7.75 22.625 0.0
8.25 22.625 0.0
8.75 22.625 0.0
0.25 22.875 29953.714285714286
0.75 22.875 0.0
1.25 22.875 0.0
1.75 22.875 0.0
2.25 22.875 0.0
2.75 22.875 0.0
3.25 22.875 29953.714285714286
3.75 22.875 0.0
4.25 22.875 0.0
4.75 22.875 0.0
5.25 22.875 0.0
5.75 22.875 0.0
6.25 22.875 0.0
6.75 22.875 0.0
7.25 22.875 0.0
7.75 22.875 0.0
8.25 22.875 0.0
8.75 22.875 0.0
0.25 23.125 0.0
0.75 23.125 0.0
1.25 23.125 0.0
1.75 23.125 0.0
2.25 23.125 0.0
2.75 23.125 0.0
3.25 23.125 0.0
3.75 23.125 0.0
4.25 23.125 0.0
4.75 23.125 0.0
5.25 23.125 0.0
5.75 23.125 0.0
6.25 23.125 0.0
6.75 23.125 0.0
7.25 23.125 0.0
7.75 23.125 0.0
8.25 23.125 0.0
8.75 23.125 0.0
0.25 23.375 0.0
0.75 23.375 0.0
1.25 23.375 29953.714285714286
1.75 23.375 0.0
2.25 23.375 0.0
2.75 23.375 0.0
3.25 23.375 29953.714285714286
3.75 23.375 0.0
4.25 23.375 0.0
4.75 23.375 0.0
5.25 23.375 0.0
5.75 23.375 0.0
6.25 23.375 0.0
6.75 23.375 0.0
7.25 23.375 0.0
7.75 23.375 0.0
8.25 23.375 0.0
8.75 23.375 0.0
0.25 23.625 0.0
0.75 23.625 29953.714285714286
1.25 23.625 29953.714285714286
1.75 23.625 0.0
2.25 23.625 0.0
2.75 23.625 0.0
3.25 23.625 0.0
3.75 23.625 0.0
4.25 23.625 0.0
4.75 23.625 0.0
5.25 23.625 0.0
5.75 23.625 0.0
6.25 23.625 0.0
6.75 23.625 0.0
7.25 23.625 0.0
7.75 23.625 0.0
8.25 23.625 0.0
8.75 23.625 0.0
0.25 23.875 0.0
0.75 23.875 0.0
1.25 23.875 0.0
1.75 23.875 29953.714285714286
2.25 23.875 0.0
2.75 23.875 0.0
3.25 23.875 0.0
3.75 23.875 0.0
4.25 23.875 0.0
4.75 23.875 0.0
5.25 23.875 0.0
5.75 23.875 0.0
6.25 23.875 0.0
6.75 23.875 0.0
7.25 23.875 0.0
7.75 23.875 0.0
8.25 23.875 0.0
8.75 23.875 0.0
0.25 24.125 0.0
0.75 24.125 0.0
1.25 24.125 0.0
1.75 24.125 0.0
2.25 24.125 0.0
2.75 24.125 0.0
3.25 24.125 0.0
3.75 24.125 0.0
4.25 24.125 0.0
4.75 24.125 0.0
5.25 24.125 0.0
5.75 24.125 0.0
6.25 24.125 0.0
6.75 24.125 0.0
7.25 24.125 0.0
7.75 24.125 0.0
8.25 24.125 0.0
8.75 24.125 0.0
0.25 24.375 0.0
0.75 24.375 0.0
1.25 24.375 0.0
1.75 24.375 0.0
2.25 24.375 0.0
2.75 24.375 29953.714285714286
3.25 24.375 0.0
3.75 24.375 0.0
4.25 24.375 0.0
4.75 24.375 0.0
5.25 24.375 0.0
5.75 24.375 0.0
6.25 24.375 0.0
6.75 24.375 0.0
7.25 24.375 0.0
7.75 24.375 0.0
8.25 24.375 0.0
8.75 24.375 0.0
0.25 24.625 0.0
0.75 24.625 0.0
1.25 24.625 0.0
1.75 24.625 0.0
2.25 24.625 0.0
2.75 24.625 0.0
3.25 24.625 0.0
3.75 24.625 0.0
4.25 24.625 0.0
4.75 24.625 0.0
5.25 24.625 0.0
5.75 24.625 0.0
6.25 24.625 0.0
6.75 24.625 0.0
7.25 24.625 0.0
7.75 24.625 0.0
8.25 24.625 0.0
8.75 24.625 0.0
0.25 24.875 0.0
0.75 24.875 0.0
1.25 24.875 0.0
1.75 24.875 0.0
2.25 24.875 0.0
2.75 24.875 0.0
3.25 24.875 0.0
3.75 24.875 0.0
4.25 24.875 0.0
4.75 24.875 0.0
5.25 24.875 0.0
5.75 24.875 0.0
6.25 24.875 0.0
6.75 24.875 0.0
7.25 24.875 0.0
7.75 24.875 0.0
8.25 24.875 0.0
8.75 24.875 0.0
0.25 25.125 0.0
0.75 25.125 29953.714285714286
1.25 25.125 0.0
1.75 25.125 0.0
2.25 25.125 0.0
2.75 25.125 0.0
3.25 25.125 0.0
3.75 25.125 0.0
4.25 25.125 0.0
4.75 25.125 0.0
5.25 25.125 0.0
5.75 25.125 0.0
6.25 25.125 0.0
6.75 25.125 0.0
7.25 25.125 0.0
7.75 25.125 0.0
8.25 25.125 0.0
8.75 25.125 0.0
0.25 25.375 0.0
0.75 25.375 0.0
1.25 25.375 0.0
1.75 25.375 0.0
2.25 25.375 0.0
2.75 25.375 0.0
3.25 25.375 0.0
3.75 25.375 0.0
4.25 25.375 0.0
4.75 25.375 0.0
5.25 25.375 0.0
5.75 25.375 0.0
6.25 25.375 0.0
6.75 25.375 0.0
7.25 25.375 0.0
7.75 25.375 0.0
8.25 25.375 0.0
8.75 25.375 0.0
0.25 25.625 0.0
0.75 25.625 0.0
1.25 25.625 0.0
1.75 25.625 0.0
2.25 25.625 0.0
2.75 25.625 0.0
3.25 25.625 0.0
3.75 25.625 0.0
4.25 25.625 0.0
4.75 25.625 0.0
5.25 25.625 0.0
5.75 25.625 0.0
6.25 25.625 0.0
6.75 25.625 0.0
7.25 25.625 0.0
7.75 25.625 0.0
8.25 25.625 0.0
8.75 25.625 0.0
0.25 25.875 0.0
0.75 25.875 0.0
1.25 25.875 29953.714285714286
1.75 25.875 0.0
2.25 25.875 0.0
2.75 25.875 0.0
3.25 25.875 0.0
3.75 25.875 0.0
4.25 25.875 0.0
4.75 25.875 0.0
5.25 25.875 0.0
5.75 25.875 0.0
6.25 25.875 0.0
6.75 25.875 0.0
7.25 25.875 0.0
7.75 25.875 0.0
8.25 25.875 0.0
8.75 25.875 0.0
0.25 26.125 0.0
0.75 26.125 29953.714285714286
1.25 26.125 0.0
1.75 26.125 0.0
2.25 26.125 0.0
2.75 26.125 0.0
3.25 26.125 0.0
3.75 26.125 0.0
4.25 26.125 0.0
4.75 26.125 0.0
5.25 26.125 0.0
5.75 26.125 0.0
6.25 26.125 0.0
6.75 26.125 0.0
7.25 26.125 0.0
7.75 26.125 0.0
8.25 26.125 0.0
8.75 26.125 0.0
0.25 26.375 0.0
0.75 26.375 0.0
1.25 26.375 29953.714285714286
1.75 26.375 0.0
2.25 26.375 0.0
2.75 26.375 0.0
3.25 26.375 0.0
3.75 26.375 0.0
4.25 26.375 0.0
4.75 26.375 0.0
5.25 26.375 0.0
5.75 26.375 0.0
6.25 26.375 0.0
6.75 26.375 0.0
7.25 26.375 0.0
7.75 26.375 0.0
8.25 26.375 0.0
8.75 26.375 0.0
0.25 26.625 0.0
0.75 26.625 0.0
1.25 26.625 0.0
1.75 26.625 0.0
2.25 26.625 0.0
2.75 26.625 0.0
3.25 26.625 0.0
3.75 26.625 0.0
4.25 26.625 0.0
4.75 26.625 0.0
5.25 26.625 0.0
5.75 26.625 0.0
6.25 26.625 0.0
6.75 26.625 0.0
7.25 26.625 0.0
7.75 26.625 0.0
8.25 26.625 0.0
8.75 26.625 0.0
0.25 26.875 0.0
0.75 26.875 0.0
1.25 26.875 0.0
1.75 26.875 0.0
2.25 26.875 0.0
2.75 26.875 0.0
3.25 26.875 0.0
3.75 26.875 0.0
4.25 26.875 0.0
4.75 26.875 0.0
5.25 26.875 0.0
5.75 26.875 0.0
6.25 26.875 0.0
6.75 26.875 0.0
7.25 26.875 0.0
7.75 26.875 0.0
8.25 26.875 0.0
8.75 26.875 0.0
0.25 27.125 0.0
0.75 27.125 0.0
1.25 27.125 0.0
1.75 27.125 0.0
2.25 27.125 0.0
2.75 27.125 0.0
3.25 27.125 0.0
3.75 27.125 0.0
4.25 27.125 0.0
4.75 27.125 0.0
5.25 27.125 0.0
5.75 27.125 0.0
6.25 27.125 0.0
6.75 27.125 0.0
7.25 27.125 0.0
7.75 27.125 0.0
8.25 27.125 0.0
8.75 27.125 0.0
0.25 27.375 29953.714285714286
0.75 27.375 29953.714285714286
1.25 27.375 0.0
1.75 27.375 0.0
2.25 27.375 0.0
2.75 27.375 0.0
3.25 27.375 0.0
3.75 27.375 0.0
4.25 27.375 0.0
4.75 27.375 0.0
5.25 27.375 0.0
5.75 27.375 0.0
6.25 27.375 0.0
6.75 27.375 0.0
7.25 27.375 0.0
7.75 27.375 0.0
8.25 27.375 0.0
8.75 27.375 0.0
0.25 27.625 0.0
0.75 27.625 0.0
1.25 27.625 0.0
1.75 27.625 0.0
2.25 27.625 0.0
2.75 27.625 0.0
3.25 27.625 0.0
3.75 27.625 0.0
4.25 27.625 0.0
4.75 27.625 0.0
5.25 27.625 0.0
5.75 27.625 0.0
6.25 27.625 0.0
6.75 27.625 0.0
7.25 27.625 0.0
7.75 27.625 0.0
8.25 27.625 0.0
8.75 27.625 0.0
0.25 27.875 0.0
0.75 27.875 0.0
1.25 27.875 29953.714285714286
1.75 27.875 0.0
2.25 27.875 0.0
2.75 27.875 0.0
3.25 27.875 0.0
3.75 27.875 0.0
4.25 27.875 0.0
4.75 27.875 0.0
5.25 27.875 0.0
5.75 27.875 0.0
6.25 27.875 0.0
6.75 27.875 0.0
7.25 27.875 0.0
7.75 27.875 0.0
8.25 27.875 0.0
8.75 27.875 0.0
0.25 28.125 0.0
0.75 28.125 0.0
1.25 28.125 0.0
1.75 28.125 0.0
2.25 28.125 0.0
2.75 28.125 0.0
3.25 28.125 0.0
3.75 28.125 0.0
4.25 28.125 0.0
4.75 28.125 0.0
5.25 28.125 0.0
5.75 28.125 0.0
6.25 28.125 0.0
6.75 28.125 0.0
7.25 28.125 0.0
7.75 28.125 0.0
8.25 28.125 0.0
8.75 28.125 0.0
0.25 28.375 0.0
0.75 28.375 0.0
1.25 28.375 0.0
1.75 28.375 0.0
2.25 28.375 0.0
2.75 28.375 0.0
3.25 28.375 0.0
3.75 28.375 0.0
4.25 28.375 0.0
4.75 28.375 0.0
5.25 28.375 0.0
5.75 28.375 0.0
6.25 28.375 0.0
6.75 28.375 0.0
7.25 28.375 0.0
7.75 28.375 0.0
8.25 28.375 0.0
8.75 28.375 0.0
0.25 28.625 0.0
0.75 28.625 0.0
1.25 28.625 0.0
1.75 28.625 0.0
2.25 28.625 0.0
2.75 28.625 0.0
3.25 28.625 0.0
3.75 28.625 0.0
4.25 28.625 0.0
4.75 28.625 0.0
5.25 28.625 0.0
5.75 28.625 0.0
6.25 28.625 0.0
6.75 28.625 0.0
7.25 28.625 0.0
7.75 28.625 0.0
8.25 28.625 0.0
8.75 28.625 0.0
0.25 28.875 29953.714285714286
0.75 28.875 0.0
1.25 28.875 0.0
1.75 28.875 0.0
2.25 28.875 0.0
2.75 28.875 0.0
3.25 28.875 0.0
3.75 28.875 0.0
4.25 28.875 0.0
4.75 28.875 0.0
5.25 28.875 0.0
5.75 28.875 0.0
6.25 28.875 0.0
6.75 28.875 0.0
7.25 28.875 0.0
7.75 28.875 0.0
8.25 28.875 0.0
8.75 28.875 0.0
0.25 29.125 0.0
0.75 29.125 0.0
1.25 29.125 0.0
1.75 29.125 0.0
2.25 29.125 0.0
2.75 29.125 0.0
3.25 29.125 0.0
3.75 29.125 0.0
4.25 29.125 0.0
4.75 29.125 0.0
5.25 29.125 0.0
5.75 29.125 0.0
6.25 29.125 0.0
6.75 29.125 0.0
7.25 29.125 0.0
7.75 29.125 0.0
8.25 29.125 0.0
8.75 29.125 0.0
0.25 29.375 29953.714285714286
0.75 29.375 0.0
1.25 29.375 0.0
1.75 29.375 29953.714285714286
2.25 29.375 0.0
2.75 29.375 0.0
3.25 29.375 0.0
3.75 29.375 0.0
4.25 29.375 0.0
4.75 29.375 0.0
5.25 29.375 0.0
5.75 29.375 0.0
6.25 29.375 0.0
6.75 29.375 0.0
7.25 29.375 0.0
7.75 29.375 0.0
8.25 29.375 0.0
8.75 29.375 0.0
0.25 29.625 0.0
0.75 29.625 0.0
1.25 29.625 0.0
1.75 29.625 0.0
2.25 29.625 0.0
2.75 29.625 0.0
3.25 29.625 0.0
3.75 29.625 0.0
4.25 29.625 0.0
4.75 29.625 0.0
5.25 29.625 0.0
5.75 29.625 0.0
6.25 29.625 0.0
6.75 29.625 0.0
7.25 29.625 0.0
7.75 29.625 0.0
8.25 29.625 0.0
8.75 29.625 0.0
0.25 29.875 0.0
0.75 29.875 0.0
1.25 29.875 0.0
1.75 29.875 0.0
2.25 29.875 0.0
2.75 29.875 0.0
3.25 29.875 0.0
3.75 29.875 0.0
4.25 29.875 0.0
4.75 29.875 0.0
5.25 29.875 0.0
5.75 29.875 0.0
6.25 29.875 0.0
6.75 29.875 0.0
7.25 29.875 0.0
7.75 29.875 0.0
8.25 29.875 0.0
8.75 29.875 0.0
