11.294627058970837 1103.4402298627172
14.219093021276404 24.769469061843665
17.900777537149963 672.0638526927421
22.535743732392298 315.87805979855875
28.370820458389794 924.8287193328188
35.71674682851676 2844.1992167724807
44.96472020903849 8677.69231485965
56.60722890537329 10755.759073360421
71.26427896022373 17658.96415784942
89.71641173621407 25444.38866904022
112.94627058970838 43802.02414755912
142.1909302127641 45338.47735298598
179.00777537149963 64771.66847218416
225.35743732392305 73693.0376449828
283.7082045838981 93636.84654160636
357.1674682851676 107508.7927991185
449.6472020903849 120638.93143262289
566.0722890537327 111659.92759980715
712.6427896022376 109067.73011011397
897.164117362141 96155.5911183051
1129.4627058970837 72036.7341253336
1421.9093021276408 50175.43365681241
1790.0777537149975 28261.31356402184
2253.5743732392316 13680.968352052383
2837.082045838981 4725.452249961207
3571.674682851676 1359.0391107366886
4496.47202090385 296.938124835724
5660.72289053733 38.56151515827514
7126.427896022379 2.328599086496979
8971.64117362141 0.0
