0.25 0.125 9345558.857142856
0.75 0.125 9435420.0
1.25 0.125 8416993.714285715
1.75 0.125 7158937.714285715
2.25 0.125 6649724.571428572
2.75 0.125 5032224.0
3.25 0.125 3774168.0
3.75 0.125 2755741.714285714
4.25 0.125 1857130.2857142857
4.75 0.125 1737315.4285714286
5.25 0.125 509213.14285714284
5.75 0.125 479259.4285714286
6.25 0.125 449305.71428571426
6.75 0.125 209676.0
7.25 0.125 209676.0
7.75 0.125 0.0
8.25 0.125 0.0
8.75 0.125 0.0
0.25 0.375 11082874.285714285
0.75 0.375 12850143.42857143
1.25 0.375 12221115.42857143
1.75 0.375 11322504.0
2.25 0.375 10513753.714285715
2.75 0.375 8416993.714285715
3.25 0.375 7218845.142857143
3.75 0.375 6320233.714285715
4.25 0.375 4822548.0
4.75 0.375 3294908.5714285714
5.25 0.375 2276482.285714286
5.75 0.375 1917037.7142857143
6.25 0.375 1108287.4285714286
6.75 0.375 599074.2857142857
7.25 0.375 269583.4285714286
7.75 0.375 59907.42857142857
8.25 0.375 0.0
8.75 0.375 0.0
0.25 0.625 10633568.57142857
0.75 0.625 10543707.42857143
1.25 0.625 10513753.714285715
1.75 0.625 10543707.42857143
2.25 0.625 9465373.714285715
2.75 0.625 9225744.0
3.25 0.625 7308706.285714285
3.75 0.625 7248798.857142857
4.25 0.625 6020696.571428572
4.75 0.625 4852501.714285715
5.25 0.625 3504584.5714285714
5.75 0.625 2036852.5714285714
6.25 0.625 1857130.2857142857
6.75 0.625 1108287.4285714286
7.25 0.625 359444.5714285714
7.75 0.625 179722.2857142857
8.25 0.625 0.0
8.75 0.625 0.0
0.25 0.875 10453846.285714285
0.75 0.875 10513753.714285715
1.25 0.875 10513753.714285715
1.75 0.875 9615142.285714285
2.25 0.875 9705003.42857143
2.75 0.875 8387040.0
3.25 0.875 7877826.857142857
3.75 0.875 7069076.571428572
4.25 0.875 6529909.714285715
4.75 0.875 4942362.857142857
5.25 0.875 4582918.285714285
5.75 0.875 2995371.4285714286
6.25 0.875 2126713.714285714
6.75 0.875 1108287.4285714286
7.25 0.875 658981.7142857143
7.75 0.875 389398.28571428574
8.25 0.875 59907.42857142857
8.75 0.875 0.0
0.25 1.125 12520652.57142857
0.75 1.125 11262596.57142857
1.25 1.125 10603614.857142856
1.75 1.125 10693476.0
2.25 1.125 9375512.57142857
2.75 1.125 8956160.57142857
3.25 1.125 8476901.142857144
3.75 1.125 7218845.142857143
4.25 1.125 6230372.571428572
4.75 1.125 5271853.714285715
5.25 1.125 4373242.285714285
5.75 1.125 3115186.285714286
6.25 1.125 2216574.8571428573
6.75 1.125 1467732.0
7.25 1.125 1108287.4285714286
7.75 1.125 269583.4285714286
8.25 1.125 29953.714285714286
8.75 1.125 0.0
0.25 1.375 12790236.0
0.75 1.375 11292550.285714285
1.25 1.375 10423892.57142857
1.75 1.375 10873198.285714285
2.25 1.375 8566762.285714285
2.75 1.375 8776438.285714285
3.25 1.375 7128984.0
3.75 1.375 7188891.428571428
4.25 1.375 5691205.714285715
4.75 1.375 4523010.857142857
5.25 1.375 3474630.8571428573
5.75 1.375 2905510.285714286
6.25 1.375 1946991.4285714286
6.75 1.375 1497685.7142857143
7.25 1.375 688935.4285714285
7.75 1.375 299537.14285714284
8.25 1.375 29953.714285714286
8.75 1.375 0.0
0.25 1.625 12310976.57142857
0.75 1.625 11921578.285714285
1.25 1.625 11532180.0
1.75 1.625 11711902.285714285
2.25 1.625 10214216.57142857
2.75 1.625 8806392.0
3.25 1.625 8177364.0
3.75 1.625 7218845.142857143
4.25 1.625 5751113.142857143
4.75 1.625 5331761.142857143
5.25 1.625 4043751.4285714286
5.75 1.625 2635926.8571428573
6.25 1.625 1946991.4285714286
6.75 1.625 1437778.2857142857
7.25 1.625 629028.0
7.75 1.625 29953.714285714286
8.25 1.625 29953.714285714286
8.75 1.625 0.0
0.25 1.875 10603614.857142856
0.75 1.875 10423892.57142857
1.25 1.875 10843244.57142857
1.75 1.875 8926206.857142856
2.25 1.875 9075975.42857143
2.75 1.875 8237271.428571428
3.25 1.875 7158937.714285715
3.75 1.875 7039122.857142857
4.25 1.875 5571390.857142857
4.75 1.875 4253427.428571428
5.25 1.875 3264954.8571428573
5.75 1.875 2725788.0
6.25 1.875 2126713.714285714
6.75 1.875 1228102.2857142857
7.25 1.875 569120.5714285715
7.75 1.875 239629.7142857143
8.25 1.875 29953.714285714286
8.75 1.875 0.0
0.25 2.125 9854772.0
0.75 2.125 10453846.285714285
1.25 2.125 10124355.42857143
1.75 2.125 8387040.0
2.25 2.125 7997641.714285715
2.75 2.125 7758012.0
3.25 2.125 7248798.857142857
3.75 2.125 6290280.0
4.25 2.125 5122085.142857143
4.75 2.125 3804121.714285714
5.25 2.125 2695834.285714286
5.75 2.125 2306436.0
6.25 2.125 1677408.0
6.75 2.125 748842.8571428572
7.25 2.125 419352.0
7.75 2.125 29953.714285714286
8.25 2.125 0.0
8.75 2.125 0.0
0.25 2.375 9435420.0
0.75 2.375 9345558.857142856
1.25 2.375 9525281.142857144
1.75 2.375 8536808.57142857
2.25 2.375 7608243.428571428
2.75 2.375 7668150.857142857
3.25 2.375 6380141.142857143
3.75 2.375 5361714.857142857
4.25 2.375 5032224.0
4.75 2.375 3624399.4285714286
5.25 2.375 2845602.8571428573
5.75 2.375 2306436.0
6.25 2.375 1168194.857142857
6.75 2.375 958518.8571428572
7.25 2.375 479259.4285714286
7.75 2.375 0.0
8.25 2.375 0.0
8.75 2.375 0.0
0.25 2.625 7787965.714285715
0.75 2.625 8446947.42857143
1.25 2.625 8147410.285714285
1.75 2.625 7698104.571428572
2.25 2.625 7548336.0
2.75 2.625 5241900.0
3.25 2.625 5541437.142857143
3.75 2.625 4852501.714285715
4.25 2.625 4073705.1428571427
4.75 2.625 3025325.1428571427
5.25 2.625 2156667.4285714286
5.75 2.625 2036852.5714285714
6.25 2.625 1108287.4285714286
6.75 2.625 629028.0
7.25 2.625 299537.14285714284
7.75 2.625 0.0
8.25 2.625 0.0
8.75 2.625 0.0
0.25 2.875 7698104.571428572
0.75 2.875 7398567.428571428
1.25 2.875 7877826.857142857
1.75 2.875 7069076.571428572
2.25 2.875 6230372.571428572
2.75 2.875 5571390.857142857
3.25 2.875 5361714.857142857
3.75 2.875 3804121.714285714
4.25 2.875 3504584.5714285714
4.75 2.875 2546065.714285714
5.25 2.875 1707361.7142857143
5.75 2.875 1198148.5714285714
6.25 2.875 688935.4285714285
6.75 2.875 599074.2857142857
7.25 2.875 239629.7142857143
7.75 2.875 29953.714285714286
8.25 2.875 0.0
8.75 2.875 0.0
0.25 3.125 6140511.428571428
0.75 3.125 6709632.0
1.25 3.125 6260326.285714285
1.75 3.125 5391668.571428572
2.25 3.125 5211946.285714285
2.75 3.125 4672779.428571428
3.25 3.125 4193520.0
3.75 3.125 3834075.4285714286
4.25 3.125 2725788.0
4.75 3.125 2066806.2857142857
5.25 3.125 1677408.0
5.75 3.125 1108287.4285714286
6.25 3.125 688935.4285714285
6.75 3.125 359444.5714285714
7.25 3.125 59907.42857142857
7.75 3.125 0.0
8.25 3.125 0.0
8.75 3.125 0.0
0.25 3.375 5511483.428571428
0.75 3.375 5271853.714285715
1.25 3.375 6260326.285714285
1.75 3.375 4822548.0
2.25 3.375 5211946.285714285
2.75 3.375 4493057.142857143
3.25 3.375 3205047.4285714286
3.75 3.375 2576019.4285714286
4.25 3.375 2156667.4285714286
4.75 3.375 1887084.0
5.25 3.375 1198148.5714285714
5.75 3.375 1108287.4285714286
6.25 3.375 718889.1428571428
6.75 3.375 299537.14285714284
7.25 3.375 0.0
7.75 3.375 0.0
8.25 3.375 0.0
8.75 3.375 0.0
0.25 3.625 4283381.142857143
0.75 3.625 4852501.714285715
1.25 3.625 4732686.857142857
1.75 3.625 3684306.8571428573
2.25 3.625 3684306.8571428573
2.75 3.625 3354816.0
3.25 3.625 2995371.4285714286
3.75 3.625 2096760.0
4.25 3.625 2366343.4285714286
4.75 3.625 1437778.2857142857
5.25 3.625 1168194.857142857
5.75 3.625 658981.7142857143
6.25 3.625 539166.8571428572
6.75 3.625 149768.57142857142
7.25 3.625 89861.14285714286
7.75 3.625 0.0
8.25 3.625 0.0
8.75 3.625 0.0
0.25 3.875 4403196.0
0.75 3.875 3444677.1428571427
1.25 3.875 4373242.285714285
1.75 3.875 3654353.1428571427
2.25 3.875 3145140.0
2.75 3.875 2875556.5714285714
3.25 3.875 2456204.5714285714
3.75 3.875 2725788.0
4.25 3.875 1347917.142857143
4.75 3.875 1228102.2857142857
5.25 3.875 808750.2857142857
5.75 3.875 599074.2857142857
6.25 3.875 389398.28571428574
6.75 3.875 299537.14285714284
7.25 3.875 59907.42857142857
7.75 3.875 0.0
8.25 3.875 0.0
8.75 3.875 0.0
0.25 4.125 3444677.1428571427
0.75 4.125 3384769.714285714
1.25 4.125 3444677.1428571427
1.75 4.125 3145140.0
2.25 4.125 2635926.8571428573
2.75 4.125 2186621.1428571427
3.25 4.125 1887084.0
3.75 4.125 1647454.2857142857
4.25 4.125 1407824.5714285714
4.75 4.125 898611.4285714285
5.25 4.125 688935.4285714285
5.75 4.125 389398.28571428574
6.25 4.125 179722.2857142857
6.75 4.125 209676.0
7.25 4.125 0.0
7.75 4.125 0.0
8.25 4.125 0.0
8.75 4.125 0.0
0.25 4.375 2845602.8571428573
0.75 4.375 2905510.285714286
1.25 4.375 2096760.0
1.75 4.375 2216574.8571428573
2.25 4.375 2456204.5714285714
2.75 4.375 1887084.0
3.25 4.375 1228102.2857142857
3.75 4.375 1557593.142857143
4.25 4.375 1347917.142857143
4.75 4.375 748842.8571428572
5.25 4.375 539166.8571428572
5.75 4.375 419352.0
6.25 4.375 209676.0
6.75 4.375 0.0
7.25 4.375 0.0
7.75 4.375 0.0
8.25 4.375 0.0
8.75 4.375 0.0
0.25 4.625 1827176.5714285714
0.75 4.625 2665880.5714285714
1.25 4.625 2186621.1428571427
1.75 4.625 2156667.4285714286
2.25 4.625 2276482.285714286
2.75 4.625 1347917.142857143
3.25 4.625 1108287.4285714286
3.75 4.625 1258056.0
4.25 4.625 868657.7142857143
4.75 4.625 569120.5714285715
5.25 4.625 299537.14285714284
5.75 4.625 239629.7142857143
6.25 4.625 149768.57142857142
6.75 4.625 119814.85714285714
7.25 4.625 0.0
7.75 4.625 0.0
8.25 4.625 0.0
8.75 4.625 0.0
0.25 4.875 1797222.857142857
0.75 4.875 2036852.5714285714
1.25 4.875 2066806.2857142857
1.75 4.875 1737315.4285714286
2.25 4.875 1917037.7142857143
2.75 4.875 1168194.857142857
3.25 4.875 1168194.857142857
3.75 4.875 808750.2857142857
4.25 4.875 658981.7142857143
4.75 4.875 778796.5714285715
5.25 4.875 479259.4285714286
5.75 4.875 179722.2857142857
6.25 4.875 149768.57142857142
6.75 4.875 89861.14285714286
7.25 4.875 29953.714285714286
7.75 4.875 0.0
8.25 4.875 0.0
8.75 4.875 0.0
0.25 5.125 1557593.142857143
0.75 5.125 1228102.2857142857
1.25 5.125 1497685.7142857143
1.75 5.125 1587546.857142857
2.25 5.125 1347917.142857143
2.75 5.125 1228102.2857142857
3.25 5.125 1138241.142857143
3.75 5.125 1048380.0
4.25 5.125 329490.85714285716
4.75 5.125 509213.14285714284
5.25 5.125 569120.5714285715
5.75 5.125 359444.5714285714
6.25 5.125 89861.14285714286
6.75 5.125 0.0
7.25 5.125 0.0
7.75 5.125 0.0
8.25 5.125 0.0
8.75 5.125 0.0
0.25 5.375 1497685.7142857143
0.75 5.375 1767269.142857143
1.25 5.375 1198148.5714285714
1.75 5.375 1317963.4285714286
2.25 5.375 1527639.4285714286
2.75 5.375 1078333.7142857143
3.25 5.375 658981.7142857143
3.75 5.375 778796.5714285715
4.25 5.375 629028.0
4.75 5.375 299537.14285714284
5.25 5.375 179722.2857142857
5.75 5.375 179722.2857142857
6.25 5.375 59907.42857142857
6.75 5.375 0.0
7.25 5.375 0.0
7.75 5.375 0.0
8.25 5.375 0.0
8.75 5.375 0.0
0.25 5.625 958518.8571428572
0.75 5.625 808750.2857142857
1.25 5.625 988472.5714285715
1.75 5.625 898611.4285714285
2.25 5.625 1078333.7142857143
2.75 5.625 629028.0
3.25 5.625 1078333.7142857143
3.75 5.625 569120.5714285715
4.25 5.625 419352.0
4.75 5.625 179722.2857142857
5.25 5.625 209676.0
5.75 5.625 59907.42857142857
6.25 5.625 0.0
6.75 5.625 0.0
7.25 5.625 0.0
7.75 5.625 0.0
8.25 5.625 0.0
8.75 5.625 0.0
0.25 5.875 1048380.0
0.75 5.875 1168194.857142857
1.25 5.875 778796.5714285715
1.75 5.875 928565.1428571428
2.25 5.875 838704.0
2.75 5.875 688935.4285714285
3.25 5.875 688935.4285714285
3.75 5.875 419352.0
4.25 5.875 419352.0
4.75 5.875 149768.57142857142
5.25 5.875 209676.0
5.75 5.875 59907.42857142857
6.25 5.875 29953.714285714286
6.75 5.875 0.0
7.25 5.875 0.0
7.75 5.875 0.0
8.25 5.875 0.0
8.75 5.875 0.0
0.25 6.125 658981.7142857143
0.75 6.125 718889.1428571428
1.25 6.125 868657.7142857143
1.75 6.125 748842.8571428572
2.25 6.125 868657.7142857143
2.75 6.125 539166.8571428572
3.25 6.125 539166.8571428572
3.75 6.125 389398.28571428574
4.25 6.125 239629.7142857143
4.75 6.125 149768.57142857142
5.25 6.125 179722.2857142857
5.75 6.125 0.0
6.25 6.125 59907.42857142857
6.75 6.125 0.0
7.25 6.125 29953.714285714286
7.75 6.125 0.0
8.25 6.125 0.0
8.75 6.125 0.0
0.25 6.375 539166.8571428572
0.75 6.375 539166.8571428572
1.25 6.375 928565.1428571428
1.75 6.375 868657.7142857143
2.25 6.375 479259.4285714286
2.75 6.375 419352.0
3.25 6.375 389398.28571428574
3.75 6.375 479259.4285714286
4.25 6.375 179722.2857142857
4.75 6.375 269583.4285714286
5.25 6.375 149768.57142857142
5.75 6.375 59907.42857142857
6.25 6.375 29953.714285714286
6.75 6.375 0.0
7.25 6.375 0.0
7.75 6.375 0.0
8.25 6.375 0.0
8.75 6.375 0.0
0.25 6.625 599074.2857142857
0.75 6.625 359444.5714285714
1.25 6.625 359444.5714285714
1.75 6.625 599074.2857142857
2.25 6.625 569120.5714285715
2.75 6.625 329490.85714285716
3.25 6.625 509213.14285714284
3.75 6.625 299537.14285714284
4.25 6.625 209676.0
4.75 6.625 59907.42857142857
5.25 6.625 29953.714285714286
5.75 6.625 0.0
6.25 6.625 0.0
6.75 6.625 0.0
7.25 6.625 0.0
7.75 6.625 0.0
8.25 6.625 0.0
8.75 6.625 0.0
0.25 6.875 299537.14285714284
0.75 6.875 509213.14285714284
1.25 6.875 509213.14285714284
1.75 6.875 449305.71428571426
2.25 6.875 359444.5714285714
2.75 6.875 299537.14285714284
3.25 6.875 329490.85714285716
3.75 6.875 179722.2857142857
4.25 6.875 119814.85714285714
4.75 6.875 89861.14285714286
5.25 6.875 0.0
5.75 6.875 0.0
6.25 6.875 0.0
6.75 6.875 0.0
7.25 6.875 0.0
7.75 6.875 0.0
8.25 6.875 0.0
8.75 6.875 0.0
0.25 7.125 359444.5714285714
0.75 7.125 359444.5714285714
1.25 7.125 209676.0
1.75 7.125 389398.28571428574
2.25 7.125 359444.5714285714
2.75 7.125 209676.0
3.25 7.125 239629.7142857143
3.75 7.125 119814.85714285714
4.25 7.125 179722.2857142857
4.75 7.125 89861.14285714286
5.25 7.125 59907.42857142857
5.75 7.125 0.0
6.25 7.125 0.0
6.75 7.125 0.0
7.25 7.125 0.0
7.75 7.125 0.0
8.25 7.125 0.0
8.75 7.125 0.0
0.25 7.375 359444.5714285714
0.75 7.375 539166.8571428572
1.25 7.375 209676.0
1.75 7.375 359444.5714285714
2.25 7.375 329490.85714285716
2.75 7.375 179722.2857142857
3.25 7.375 209676.0
3.75 7.375 179722.2857142857
4.25 7.375 59907.42857142857
4.75 7.375 59907.42857142857
5.25 7.375 179722.2857142857
5.75 7.375 0.0
6.25 7.375 0.0
6.75 7.375 0.0
7.25 7.375 0.0
7.75 7.375 0.0
8.25 7.375 0.0
8.75 7.375 0.0
0.25 7.625 149768.57142857142
0.75 7.625 179722.2857142857
1.25 7.625 299537.14285714284
1.75 7.625 209676.0
2.25 7.625 239629.7142857143
2.75 7.625 269583.4285714286
3.25 7.625 179722.2857142857
3.75 7.625 119814.85714285714
4.25 7.625 179722.2857142857
4.75 7.625 59907.42857142857
5.25 7.625 29953.714285714286
5.75 7.625 0.0
6.25 7.625 0.0
6.75 7.625 0.0
7.25 7.625 0.0
7.75 7.625 0.0
8.25 7.625 0.0
8.75 7.625 0.0
0.25 7.875 299537.14285714284
0.75 7.875 299537.14285714284
1.25 7.875 419352.0
1.75 7.875 209676.0
2.25 7.875 239629.7142857143
2.75 7.875 209676.0
3.25 7.875 119814.85714285714
3.75 7.875 119814.85714285714
4.25 7.875 59907.42857142857
4.75 7.875 29953.714285714286
5.25 7.875 0.0
5.75 7.875 29953.714285714286
6.25 7.875 0.0
6.75 7.875 29953.714285714286
7.25 7.875 0.0
7.75 7.875 0.0
8.25 7.875 0.0
8.75 7.875 0.0
0.25 8.125 269583.4285714286
0.75 8.125 239629.7142857143
1.25 8.125 119814.85714285714
1.75 8.125 179722.2857142857
2.25 8.125 209676.0
2.75 8.125 239629.7142857143
3.25 8.125 29953.714285714286
3.75 8.125 119814.85714285714
4.25 8.125 89861.14285714286
4.75 8.125 29953.714285714286
5.25 8.125 59907.42857142857
5.75 8.125 0.0
6.25 8.125 29953.714285714286
6.75 8.125 0.0
7.25 8.125 0.0
7.75 8.125 0.0
8.25 8.125 0.0
8.75 8.125 0.0
0.25 8.375 239629.7142857143
0.75 8.375 419352.0
1.25 8.375 59907.42857142857
1.75 8.375 59907.42857142857
2.25 8.375 149768.57142857142
2.75 8.375 119814.85714285714
3.25 8.375 119814.85714285714
3.75 8.375 89861.14285714286
4.25 8.375 29953.714285714286
4.75 8.375 0.0
5.25 8.375 59907.42857142857
5.75 8.375 0.0
6.25 8.375 0.0
6.75 8.375 0.0
7.25 8.375 0.0
7.75 8.375 0.0
8.25 8.375 0.0
8.75 8.375 0.0
0.25 8.625 179722.2857142857
0.75 8.625 119814.85714285714
1.25 8.625 239629.7142857143
1.75 8.625 149768.57142857142
2.25 8.625 0.0
2.75 8.625 119814.85714285714
3.25 8.625 59907.42857142857
3.75 8.625 59907.42857142857
4.25 8.625 149768.57142857142
4.75 8.625 29953.714285714286
5.25 8.625 0.0
5.75 8.625 59907.42857142857
6.25 8.625 0.0
6.75 8.625 0.0
7.25 8.625 0.0
7.75 8.625 0.0
8.25 8.625 0.0
8.75 8.625 0.0
0.25 8.875 179722.2857142857
0.75 8.875 119814.85714285714
1.25 8.875 119814.85714285714
1.75 8.875 59907.42857142857
2.25 8.875 119814.85714285714
2.75 8.875 179722.2857142857
3.25 8.875 29953.714285714286
3.75 8.875 149768.57142857142
4.25 8.875 29953.714285714286
4.75 8.875 29953.714285714286
5.25 8.875 0.0
5.75 8.875 0.0
6.25 8.875 0.0
6.75 8.875 0.0
7.25 8.875 0.0
7.75 8.875 0.0
8.25 8.875 0.0
8.75 8.875 0.0
0.25 9.125 149768.57142857142
0.75 9.125 59907.42857142857
1.25 9.125 59907.42857142857
1.75 9.125 119814.85714285714
2.25 9.125 29953.714285714286
2.75 9.125 59907.42857142857
3.25 9.125 29953.714285714286
3.75 9.125 59907.42857142857
4.25 9.125 29953.714285714286
4.75 9.125 59907.42857142857
5.25 9.125 0.0
5.75 9.125 0.0
6.25 9.125 0.0
6.75 9.125 0.0
7.25 9.125 0.0
7.75 9.125 0.0
8.25 9.125 0.0
8.75 9.125 0.0
0.25 9.375 89861.14285714286
0.75 9.375 149768.57142857142
1.25 9.375 119814.85714285714
1.75 9.375 0.0
2.25 9.375 89861.14285714286
2.75 9.375 59907.42857142857
3.25 9.375 59907.42857142857
3.75 9.375 0.0
4.25 9.375 59907.42857142857
4.75 9.375 0.0
5.25 9.375 0.0
5.75 9.375 0.0
6.25 9.375 29953.714285714286
6.75 9.375 29953.714285714286
7.25 9.375 0.0
7.75 9.375 0.0
8.25 9.375 0.0
8.75 9.375 0.0
0.25 9.625 0.0
0.75 9.625 29953.714285714286
1.25 9.625 89861.14285714286
1.75 9.625 29953.714285714286
2.25 9.625 89861.14285714286
2.75 9.625 29953.714285714286
3.25 9.625 59907.42857142857
3.75 9.625 89861.14285714286
4.25 9.625 29953.714285714286
4.75 9.625 29953.714285714286
5.25 9.625 0.0
5.75 9.625 0.0
6.25 9.625 0.0
6.75 9.625 0.0
7.25 9.625 0.0
7.75 9.625 0.0
8.25 9.625 0.0
8.75 9.625 0.0
0.25 9.875 29953.714285714286
0.75 9.875 119814.85714285714
1.25 9.875 59907.42857142857
1.75 9.875 89861.14285714286
2.25 9.875 29953.714285714286
2.75 9.875 0.0
3.25 9.875 29953.714285714286
3.75 9.875 0.0
4.25 9.875 0.0
4.75 9.875 29953.714285714286
5.25 9.875 29953.714285714286
5.75 9.875 0.0
6.25 9.875 0.0
6.75 9.875 0.0
7.25 9.875 0.0
7.75 9.875 0.0
8.25 9.875 0.0
8.75 9.875 0.0
0.25 10.125 59907.42857142857
0.75 10.125 59907.42857142857
1.25 10.125 29953.714285714286
1.75 10.125 59907.42857142857
2.25 10.125 29953.714285714286
2.75 10.125 29953.714285714286
3.25 10.125 29953.714285714286
3.75 10.125 29953.714285714286
4.25 10.125 29953.714285714286
4.75 10.125 59907.42857142857
5.25 10.125 0.0
5.75 10.125 0.0
6.25 10.125 0.0
6.75 10.125 0.0
7.25 10.125 0.0
7.75 10.125 0.0
8.25 10.125 0.0
8.75 10.125 0.0
0.25 10.375 59907.42857142857
0.75 10.375 29953.714285714286
1.25 10.375 59907.42857142857
1.75 10.375 59907.42857142857
2.25 10.375 89861.14285714286
2.75 10.375 29953.714285714286
3.25 10.375 0.0
3.75 10.375 0.0
4.25 10.375 29953.714285714286
4.75 10.375 0.0
5.25 10.375 0.0
5.75 10.375 0.0
6.25 10.375 0.0
6.75 10.375 0.0
7.25 10.375 0.0
7.75 10.375 0.0
8.25 10.375 0.0
8.75 10.375 0.0
0.25 10.625 89861.14285714286
0.75 10.625 119814.85714285714
1.25 10.625 59907.42857142857
1.75 10.625 0.0
2.25 10.625 59907.42857142857
2.75 10.625 29953.714285714286
3.25 10.625 29953.714285714286
3.75 10.625 0.0
4.25 10.625 0.0
4.75 10.625 0.0
5.25 10.625 59907.42857142857
5.75 10.625 0.0
6.25 10.625 0.0
6.75 10.625 0.0
7.25 10.625 0.0
7.75 10.625 0.0
8.25 10.625 0.0
8.75 10.625 0.0
0.25 10.875 89861.14285714286
0.75 10.875 29953.714285714286
1.25 10.875 59907.42857142857
1.75 10.875 29953.714285714286
2.25 10.875 89861.14285714286
2.75 10.875 29953.714285714286
3.25 10.875 0.0
3.75 10.875 0.0
4.25 10.875 0.0
4.75 10.875 0.0
5.25 10.875 0.0
5.75 10.875 0.0
6.25 10.875 0.0
6.75 10.875 0.0
7.25 10.875 0.0
7.75 10.875 0.0
8.25 10.875 0.0
8.75 10.875 0.0
0.25 11.125 59907.42857142857
0.75 11.125 59907.42857142857
1.25 11.125 0.0
1.75 11.125 29953.714285714286
2.25 11.125 29953.714285714286
2.75 11.125 29953.714285714286
3.25 11.125 29953.714285714286
3.75 11.125 0.0
4.25 11.125 0.0
4.75 11.125 0.0
5.25 11.125 0.0
5.75 11.125 0.0
6.25 11.125 0.0
6.75 11.125 0.0
7.25 11.125 0.0
7.75 11.125 0.0
8.25 11.125 0.0
8.75 11.125 0.0
0.25 11.375 0.0
0.75 11.375 0.0
1.25 11.375 29953.714285714286
1.75 11.375 29953.714285714286
2.25 11.375 0.0
2.75 11.375 0.0
3.25 11.375 0.0
3.75 11.375 29953.714285714286
4.25 11.375 0.0
4.75 11.375 0.0
5.25 11.375 0.0
5.75 11.375 0.0
6.25 11.375 0.0
6.75 11.375 0.0
7.25 11.375 0.0
7.75 11.375 0.0
8.25 11.375 0.0
8.75 11.375 0.0
0.25 11.625 29953.714285714286
0.75 11.625 59907.42857142857
1.25 11.625 29953.714285714286
1.75 11.625 119814.85714285714
2.25 11.625 29953.714285714286
2.75 11.625 0.0
3.25 11.625 0.0
3.75 11.625 0.0
4.25 11.625 0.0
4.75 11.625 29953.714285714286
5.25 11.625 0.0
5.75 11.625 0.0
6.25 11.625 0.0
6.75 11.625 0.0
7.25 11.625 0.0
7.75 11.625 0.0
8.25 11.625 0.0
8.75 11.625 0.0
0.25 11.875 59907.42857142857
0.75 11.875 29953.714285714286
1.25 11.875 0.0
1.75 11.875 29953.714285714286
2.25 11.875 0.0
2.75 11.875 29953.714285714286
3.25 11.875 0.0
3.75 11.875 0.0
4.25 11.875 29953.714285714286
4.75 11.875 0.0
5.25 11.875 0.0
5.75 11.875 0.0
6.25 11.875 0.0
6.75 11.875 0.0
7.25 11.875 0.0
7.75 11.875 0.0
8.25 11.875 0.0
8.75 11.875 0.0
0.25 12.125 29953.714285714286
0.75 12.125 0.0
1.25 12.125 59907.42857142857
1.75 12.125 29953.714285714286
2.25 12.125 59907.42857142857
2.75 12.125 29953.714285714286
3.25 12.125 0.0
3.75 12.125 0.0
4.25 12.125 59907.42857142857
4.75 12.125 0.0
5.25 12.125 0.0
5.75 12.125 0.0
6.25 12.125 0.0
6.75 12.125 0.0
7.25 12.125 0.0
7.75 12.125 0.0
8.25 12.125 0.0
8.75 12.125 0.0
0.25 12.375 29953.714285714286
0.75 12.375 0.0
1.25 12.375 29953.714285714286
1.75 12.375 29953.714285714286
2.25 12.375 29953.714285714286
2.75 12.375 0.0
3.25 12.375 0.0
3.75 12.375 0.0
4.25 12.375 0.0
4.75 12.375 0.0
5.25 12.375 0.0
5.75 12.375 0.0
6.25 12.375 0.0
6.75 12.375 0.0
7.25 12.375 0.0
7.75 12.375 0.0
8.25 12.375 0.0
8.75 12.375 0.0
0.25 12.625 29953.714285714286
0.75 12.625 29953.714285714286
1.25 12.625 59907.42857142857
1.75 12.625 59907.42857142857
2.25 12.625 0.0
2.75 12.625 0.0
3.25 12.625 0.0
3.75 12.625 0.0
4.25 12.625 0.0
4.75 12.625 0.0
5.25 12.625 0.0
5.75 12.625 0.0
6.25 12.625 0.0
6.75 12.625 0.0
7.25 12.625 0.0
7.75 12.625 0.0
8.25 12.625 0.0
8.75 12.625 0.0
0.25 12.875 0.0
0.75 12.875 0.0
1.25 12.875 0.0
1.75 12.875 0.0
2.25 12.875 0.0
2.75 12.875 0.0
3.25 12.875 0.0
3.75 12.875 0.0
4.25 12.875 0.0
4.75 12.875 0.0
5.25 12.875 0.0
5.75 12.875 0.0
6.25 12.875 0.0
6.75 12.875 0.0
7.25 12.875 0.0
7.75 12.875 0.0
8.25 12.875 0.0
8.75 12.875 0.0
0.25 13.125 0.0
0.75 13.125 0.0
1.25 13.125 0.0
1.75 13.125 29953.714285714286
2.25 13.125 0.0
2.75 13.125 0.0
3.25 13.125 0.0
3.75 13.125 0.0
4.25 13.125 0.0
4.75 13.125 0.0
5.25 13.125 0.0
5.75 13.125 0.0
6.25 13.125 0.0
6.75 13.125 0.0
7.25 13.125 0.0
7.75 13.125 0.0
8.25 13.125 0.0
8.75 13.125 0.0
0.25 13.375 0.0
0.75 13.375 0.0
1.25 13.375 0.0
1.75 13.375 29953.714285714286
2.25 13.375 0.0
2.75 13.375 0.0
3.25 13.375 0.0
3.75 13.375 0.0
4.25 13.375 29953.714285714286
4.75 13.375 0.0
5.25 13.375 0.0
5.75 13.375 0.0
6.25 13.375 0.0
6.75 13.375 0.0
7.25 13.375 0.0
7.75 13.375 0.0
8.25 13.375 0.0
8.75 13.375 0.0
0.25 13.625 29953.714285714286
0.75 13.625 0.0
1.25 13.625 0.0
1.75 13.625 29953.714285714286
2.25 13.625 0.0
2.75 13.625 0.0
3.25 13.625 0.0
3.75 13.625 0.0
4.25 13.625 0.0
4.75 13.625 0.0
5.25 13.625 0.0
5.75 13.625 0.0
6.25 13.625 0.0
6.75 13.625 0.0
7.25 13.625 0.0
7.75 13.625 0.0
8.25 13.625 0.0
8.75 13.625 0.0
0.25 13.875 29953.714285714286
0.75 13.875 0.0
1.25 13.875 0.0
1.75 13.875 0.0
2.25 13.875 0.0
2.75 13.875 0.0
3.25 13.875 0.0
3.75 13.875 0.0
4.25 13.875 0.0
4.75 13.875 0.0
5.25 13.875 0.0
5.75 13.875 0.0
6.25 13.875 0.0
6.75 13.875 0.0
7.25 13.875 0.0
7.75 13.875 0.0
8.25 13.875 0.0
8.75 13.875 0.0
0.25 14.125 29953.714285714286
0.75 14.125 0.0
1.25 14.125 0.0
1.75 14.125 0.0
2.25 14.125 29953.714285714286
2.75 14.125 0.0
3.25 14.125 0.0
3.75 14.125 29953.714285714286
4.25 14.125 0.0
4.75 14.125 29953.714285714286
5.25 14.125 0.0
5.75 14.125 0.0
6.25 14.125 0.0
6.75 14.125 0.0
7.25 14.125 0.0
7.75 14.125 0.0
8.25 14.125 0.0
8.75 14.125 0.0
0.25 14.375 0.0
0.75 14.375 29953.714285714286
1.25 14.375 29953.714285714286
1.75 14.375 0.0
2.25 14.375 0.0
2.75 14.375 0.0
3.25 14.375 29953.714285714286
3.75 14.375 0.0
4.25 14.375 0.0
4.75 14.375 0.0
5.25 14.375 0.0
5.75 14.375 29953.714285714286
6.25 14.375 0.0
6.75 14.375 0.0
7.25 14.375 0.0
7.75 14.375 0.0
8.25 14.375 0.0
8.75 14.375 0.0
0.25 14.625 29953.714285714286
0.75 14.625 0.0
1.25 14.625 0.0
1.75 14.625 0.0
2.25 14.625 0.0
2.75 14.625 0.0
3.25 14.625 0.0
3.75 14.625 0.0
4.25 14.625 0.0
4.75 14.625 0.0
5.25 14.625 0.0
5.75 14.625 0.0
6.25 14.625 0.0
6.75 14.625 0.0
7.25 14.625 0.0
7.75 14.625 0.0
8.25 14.625 0.0
8.75 14.625 0.0
0.25 14.875 0.0
0.75 14.875 0.0
1.25 14.875 0.0
1.75 14.875 29953.714285714286
2.25 14.875 0.0
2.75 14.875 0.0
3.25 14.875 0.0
3.75 14.875 0.0
4.25 14.875 0.0
4.75 14.875 0.0
5.25 14.875 0.0
5.75 14.875 0.0
6.25 14.875 0.0
6.75 14.875 0.0
7.25 14.875 0.0
7.75 14.875 0.0
8.25 14.875 0.0
8.75 14.875 0.0
0.25 15.125 0.0
0.75 15.125 29953.714285714286
1.25 15.125 0.0
1.75 15.125 0.0
2.25 15.125 0.0
2.75 15.125 29953.714285714286
3.25 15.125 0.0
3.75 15.125 0.0
4.25 15.125 0.0
4.75 15.125 0.0
5.25 15.125 0.0
5.75 15.125 0.0
6.25 15.125 0.0
6.75 15.125 0.0
7.25 15.125 0.0
7.75 15.125 0.0
8.25 15.125 0.0
8.75 15.125 0.0
0.25 15.375 0.0
0.75 15.375 59907.42857142857
1.25 15.375 29953.714285714286
1.75 15.375 0.0
2.25 15.375 0.0
2.75 15.375 0.0
3.25 15.375 0.0
3.75 15.375 29953.714285714286
4.25 15.375 0.0
4.75 15.375 0.0
5.25 15.375 0.0
5.75 15.375 0.0
6.25 15.375 0.0
6.75 15.375 0.0
7.25 15.375 0.0
7.75 15.375 0.0
8.25 15.375 0.0
8.75 15.375 0.0
0.25 15.625 0.0
0.75 15.625 0.0
1.25 15.625 0.0
1.75 15.625 0.0
2.25 15.625 0.0
2.75 15.625 29953.714285714286
3.25 15.625 29953.714285714286
3.75 15.625 0.0
4.25 15.625 0.0
4.75 15.625 0.0
5.25 15.625 0.0
5.75 15.625 0.0
6.25 15.625 0.0
6.75 15.625 0.0
7.25 15.625 0.0
7.75 15.625 0.0
8.25 15.625 0.0
8.75 15.625 0.0
0.25 15.875 0.0
0.75 15.875 29953.714285714286
1.25 15.875 0.0
1.75 15.875 0.0
2.25 15.875 0.0
2.75 15.875 0.0
3.25 15.875 29953.714285714286
3.75 15.875 0.0
4.25 15.875 0.0
4.75 15.875 0.0
5.25 15.875 0.0
5.75 15.875 0.0
6.25 15.875 0.0
6.75 15.875 0.0
7.25 15.875 0.0
7.75 15.875 0.0
8.25 15.875 0.0
8.75 15.875 0.0
0.25 16.125 0.0
0.75 16.125 0.0
1.25 16.125 0.0
1.75 16.125 0.0
2.25 16.125 0.0
2.75 16.125 0.0
3.25 16.125 0.0
3.75 16.125 0.0
4.25 16.125 0.0
4.75 16.125 0.0
5.25 16.125 0.0
5.75 16.125 0.0
6.25 16.125 0.0
6.75 16.125 0.0
7.25 16.125 0.0
7.75 16.125 0.0
8.25 16.125 0.0
8.75 16.125 0.0
0.25 16.375 0.0
0.75 16.375 0.0
1.25 16.375 0.0
1.75 16.375 0.0
2.25 16.375 0.0
2.75 16.375 0.0
3.25 16.375 0.0
3.75 16.375 0.0
4.25 16.375 0.0
4.75 16.375 0.0
5.25 16.375 0.0
5.75 16.375 0.0
6.25 16.375 0.0
6.75 16.375 0.0
7.25 16.375 0.0
7.75 16.375 0.0
8.25 16.375 0.0
8.75 16.375 0.0
0.25 16.625 0.0
0.75 16.625 0.0
1.25 16.625 0.0
1.75 16.625 0.0
2.25 16.625 0.0
2.75 16.625 0.0
3.25 16.625 0.0
3.75 16.625 0.0
4.25 16.625 0.0
4.75 16.625 0.0
5.25 16.625 0.0
5.75 16.625 0.0
6.25 16.625 0.0
6.75 16.625 0.0
7.25 16.625 0.0
7.75 16.625 0.0
8.25 16.625 0.0
8.75 16.625 0.0
0.25 16.875 0.0
0.75 16.875 0.0
1.25 16.875 0.0
1.75 16.875 0.0
2.25 16.875 0.0
2.75 16.875 0.0
3.25 16.875 29953.714285714286
3.75 16.875 0.0
4.25 16.875 0.0
4.75 16.875 0.0
5.25 16.875 0.0
5.75 16.875 0.0
6.25 16.875 0.0
6.75 16.875 0.0
7.25 16.875 0.0
7.75 16.875 0.0
8.25 16.875 0.0
8.75 16.875 0.0
0.25 17.125 0.0
0.75 17.125 0.0
1.25 17.125 0.0
1.75 17.125 0.0
2.25 17.125 0.0
2.75 17.125 0.0
3.25 17.125 29953.714285714286
3.75 17.125 0.0
4.25 17.125 0.0
4.75 17.125 0.0
5.25 17.125 0.0
5.75 17.125 0.0
6.25 17.125 0.0
6.75 17.125 0.0
7.25 17.125 0.0
7.75 17.125 0.0
8.25 17.125 0.0
8.75 17.125 0.0
0.25 17.375 0.0
0.75 17.375 0.0
1.25 17.375 0.0
1.75 17.375 0.0
2.25 17.375 0.0
2.75 17.375 0.0
3.25 17.375 0.0
3.75 17.375 0.0
4.25 17.375 0.0
4.75 17.375 0.0
5.25 17.375 0.0
5.75 17.375 0.0
6.25 17.375 0.0
6.75 17.375 0.0
7.25 17.375 0.0
7.75 17.375 0.0
8.25 17.375 0.0
8.75 17.375 0.0
0.25 17.625 0.0
0.75 17.625 0.0
1.25 17.625 29953.714285714286
1.75 17.625 0.0
2.25 17.625 0.0
2.75 17.625 0.0
3.25 17.625 0.0
3.75 17.625 0.0
4.25 17.625 0.0
4.75 17.625 0.0
5.25 17.625 0.0
5.75 17.625 0.0
6.25 17.625 0.0
6.75 17.625 0.0
7.25 17.625 0.0
7.75 17.625 0.0
8.25 17.625 0.0
8.75 17.625 0.0
0.25 17.875 29953.714285714286
0.75 17.875 0.0
1.25 17.875 0.0
1.75 17.875 0.0
2.25 17.875 0.0
2.75 17.875 0.0
3.25 17.875 0.0
3.75 17.875 0.0
4.25 17.875 0.0
4.75 17.875 0.0
5.25 17.875 0.0
5.75 17.875 0.0
6.25 17.875 0.0
6.75 17.875 0.0
7.25 17.875 0.0
7.75 17.875 0.0
8.25 17.875 0.0
8.75 17.875 0.0
0.25 18.125 0.0
0.75 18.125 0.0
1.25 18.125 29953.714285714286
1.75 18.125 0.0
2.25 18.125 29953.714285714286
2.75 18.125 0.0
3.25 18.125 0.0
3.75 18.125 0.0
4.25 18.125 0.0
4.75 18.125 0.0
5.25 18.125 0.0
5.75 18.125 0.0
6.25 18.125 0.0
6.75 18.125 0.0
7.25 18.125 0.0
7.75 18.125 0.0
8.25 18.125 0.0
8.75 18.125 0.0
0.25 18.375 0.0
0.75 18.375 0.0
1.25 18.375 0.0
1.75 18.375 0.0
2.25 18.375 0.0
2.75 18.375 0.0
3.25 18.375 0.0
3.75 18.375 0.0
4.25 18.375 0.0
4.75 18.375 0.0
5.25 18.375 0.0
5.75 18.375 0.0
6.25 18.375 0.0
6.75 18.375 0.0
7.25 18.375 0.0
7.75 18.375 0.0
8.25 18.375 0.0
8.75 18.375 0.0
0.25 18.625 0.0
0.75 18.625 0.0
1.25 18.625 0.0
1.75 18.625 0.0
2.25 18.625 0.0
2.75 18.625 29953.714285714286
3.25 18.625 0.0
3.75 18.625 0.0
4.25 18.625 0.0
4.75 18.625 0.0
5.25 18.625 0.0
5.75 18.625 0.0
6.25 18.625 0.0
6.75 18.625 0.0
7.25 18.625 0.0
7.75 18.625 0.0
8.25 18.625 0.0
8.75 18.625 0.0
0.25 18.875 0.0
0.75 18.875 0.0
1.25 18.875 0.0
1.75 18.875 0.0
2.25 18.875 0.0
2.75 18.875 0.0
3.25 18.875 0.0
3.75 18.875 0.0
4.25 18.875 0.0
4.75 18.875 0.0
5.25 18.875 0.0
5.75 18.875 0.0
6.25 18.875 0.0
6.75 18.875 0.0
7.25 18.875 0.0
7.75 18.875 0.0
8.25 18.875 0.0
8.75 18.875 0.0
0.25 19.125 0.0
0.75 19.125 0.0
1.25 19.125 0.0
1.75 19.125 0.0
2.25 19.125 0.0
2.75 19.125 0.0
3.25 19.125 0.0
3.75 19.125 0.0
4.25 19.125 29953.714285714286
4.75 19.125 0.0
5.25 19.125 0.0
5.75 19.125 0.0
6.25 19.125 0.0
6.75 19.125 0.0
7.25 19.125 0.0
7.75 19.125 0.0
8.25 19.125 0.0
8.75 19.125 0.0
0.25 19.375 0.0
0.75 19.375 0.0
1.25 19.375 0.0
1.75 19.375 0.0
2.25 19.375 0.0
2.75 19.375 0.0
3.25 19.375 0.0
3.75 19.375 0.0
4.25 19.375 0.0
4.75 19.375 0.0
5.25 19.375 0.0
5.75 19.375 0.0
6.25 19.375 0.0
6.75 19.375 0.0
7.25 19.375 0.0
7.75 19.375 0.0
8.25 19.375 0.0
8.75 19.375 0.0
0.25 19.625 29953.714285714286
0.75 19.625 0.0
1.25 19.625 0.0
1.75 19.625 0.0
2.25 19.625 0.0
2.75 19.625 0.0
3.25 19.625 0.0
3.75 19.625 0.0
4.25 19.625 0.0
4.75 19.625 0.0
5.25 19.625 0.0
5.75 19.625 0.0
6.25 19.625 0.0
6.75 19.625 0.0
7.25 19.625 0.0
7.75 19.625 0.0
8.25 19.625 0.0
8.75 19.625 0.0
0.25 19.875 0.0
0.75 19.875 0.0
1.25 19.875 0.0
1.75 19.875 0.0
2.25 19.875 0.0
2.75 19.875 0.0
3.25 19.875 0.0
3.75 19.875 0.0
4.25 19.875 0.0
4.75 19.875 0.0
5.25 19.875 0.0
5.75 19.875 0.0
6.25 19.875 0.0
6.75 19.875 0.0
7.25 19.875 0.0
7.75 19.875 0.0
8.25 19.875 0.0
8.75 19.875 0.0
0.25 20.125 0.0
0.75 20.125 0.0
1.25 20.125 0.0
1.75 20.125 0.0
2.25 20.125 0.0
2.75 20.125 0.0
3.25 20.125 0.0
3.75 20.125 0.0
4.25 20.125 0.0
4.75 20.125 0.0
5.25 20.125 0.0
5.75 20.125 0.0
6.25 20.125 0.0
6.75 20.125 0.0
7.25 20.125 0.0
7.75 20.125 0.0
8.25 20.125 0.0
8.75 20.125 0.0
0.25 20.375 0.0
0.75 20.375 0.0
1.25 20.375 0.0
1.75 20.375 0.0
2.25 20.375 0.0
2.75 20.375 0.0
3.25 20.375 0.0
3.75 20.375 0.0
4.25 20.375 0.0
4.75 20.375 0.0
5.25 20.375 0.0
5.75 20.375 0.0
6.25 20.375 0.0
6.75 20.375 0.0
7.25 20.375 0.0
7.75 20.375 0.0
8.25 20.375 0.0
8.75 20.375 0.0
0.25 20.625 0.0
0.75 20.625 0.0
1.25 20.625 0.0
1.75 20.625 0.0
2.25 20.625 0.0
2.75 20.625 0.0
3.25 20.625 0.0
3.75 20.625 0.0
4.25 20.625 0.0
4.75 20.625 0.0
5.25 20.625 0.0
5.75 20.625 0.0
6.25 20.625 0.0
6.75 20.625 0.0
7.25 20.625 0.0
7.75 20.625 0.0
8.25 20.625 0.0
8.75 20.625 0.0
0.25 20.875 0.0
0.75 20.875 0.0
1.25 20.875 0.0
1.75 20.875 0.0
2.25 20.875 0.0
2.75 20.875 0.0
3.25 20.875 0.0
3.75 20.875 0.0
4.25 20.875 0.0
4.75 20.875 0.0
5.25 20.875 0.0
5.75 20.875 0.0
6.25 20.875 0.0
6.75 20.875 0.0
7.25 20.875 0.0
7.75 20.875 0.0
8.25 20.875 0.0
8.75 20.875 0.0
0.25 21.125 0.0
0.75 21.125 0.0
1.25 21.125 0.0
1.75 21.125 29953.714285714286
2.25 21.125 0.0
2.75 21.125 0.0
3.25 21.125 0.0
3.75 21.125 0.0
4.25 21.125 0.0
4.75 21.125 0.0
5.25 21.125 0.0
5.75 21.125 0.0
6.25 21.125 0.0
6.75 21.125 0.0
7.25 21.125 0.0
7.75 21.125 0.0
8.25 21.125 0.0
8.75 21.125 0.0
0.25 21.375 0.0
0.75 21.375 0.0
1.25 21.375 0.0
1.75 21.375 0.0
2.25 21.375 0.0
2.75 21.375 0.0
3.25 21.375 0.0
3.75 21.375 29953.714285714286
4.25 21.375 0.0
4.75 21.375 0.0
5.25 21.375 0.0
5.75 21.375 0.0
6.25 21.375 0.0
6.75 21.375 0.0
7.25 21.375 0.0
7.75 21.375 0.0
8.25 21.375 0.0
8.75 21.375 0.0
0.25 21.625 0.0
0.75 21.625 0.0
1.25 21.625 0.0
1.75 21.625 0.0
2.25 21.625 29953.714285714286
2.75 21.625 0.0
3.25 21.625 0.0
3.75 21.625 0.0
4.25 21.625 0.0
4.75 21.625 0.0
5.25 21.625 0.0
5.75 21.625 0.0
6.25 21.625 0.0
6.75 21.625 0.0
7.25 21.625 0.0
7.75 21.625 0.0
8.25 21.625 0.0
8.75 21.625 0.0
0.25 21.875 0.0
0.75 21.875 0.0
1.25 21.875 0.0
1.75 21.875 0.0
2.25 21.875 0.0
2.75 21.875 0.0
3.25 21.875 0.0
3.75 21.875 0.0
4.25 21.875 0.0
4.75 21.875 0.0
5.25 21.875 0.0
5.75 21.875 0.0
6.25 21.875 0.0
6.75 21.875 0.0
7.25 21.875 0.0
7.75 21.875 0.0
8.25 21.875 0.0
8.75 21.875 0.0
0.25 22.125 0.0
0.75 22.125 0.0
1.25 22.125 0.0
1.75 22.125 0.0
2.25 22.125 0.0
2.75 22.125 0.0
3.25 22.125 0.0
3.75 22.125 0.0
4.25 22.125 0.0
4.75 22.125 0.0
5.25 22.125 0.0
5.75 22.125 0.0
6.25 22.125 0.0
6.75 22.125 0.0
7.25 22.125 0.0
7.75 22.125 0.0
8.25 22.125 0.0
8.75 22.125 0.0
0.25 22.375 0.0
0.75 22.375 0.0
1.25 22.375 0.0
1.75 22.375 0.0
2.25 22.375 0.0
2.75 22.375 0.0
3.25 22.375 0.0
3.75 22.375 0.0
4.25 22.375 0.0
4.75 22.375 0.0
5.25 22.375 0.0
5.75 22.375 0.0
6.25 22.375 0.0
6.75 22.375 0.0
7.25 22.375 0.0
7.75 22.375 0.0
8.25 22.375 0.0
8.75 22.375 0.0
0.25 22.625 29953.714285714286
0.75 22.625 0.0
1.25 22.625 0.0
1.75 22.625 0.0
2.25 22.625 0.0
2.75 22.625 0.0
3.25 22.625 0.0
3.75 22.625 0.0
4.25 22.625 0.0
4.75 22.625 0.0
5.25 22.625 0.0
5.75 22.625 0.0
6.25 22.625 0.0
6.75 22.625 0.0
7.25 22.625 0.0
7.75 22.625 0.0
8.25 22.625 0.0
8.75 22.625 0.0
0.25 22.875 0.0
0.75 22.875 0.0
1.25 22.875 0.0
1.75 22.875 0.0
2.25 22.875 0.0
2.75 22.875 0.0
3.25 22.875 0.0
3.75 22.875 0.0
4.25 22.875 0.0
4.75 22.875 0.0
5.25 22.875 0.0
5.75 22.875 0.0
6.25 22.875 0.0
6.75 22.875 0.0
7.25 22.875 0.0
7.75 22.875 0.0
8.25 22.875 0.0
8.75 22.875 0.0
0.25 23.125 0.0
0.75 23.125 0.0
1.25 23.125 0.0
1.75 23.125 0.0
2.25 23.125 0.0
2.75 23.125 0.0
3.25 23.125 0.0
3.75 23.125 0.0
4.25 23.125 0.0
4.75 23.125 0.0
5.25 23.125 0.0
5.75 23.125 0.0
6.25 23.125 0.0
6.75 23.125 0.0
7.25 23.125 0.0
7.75 23.125 0.0
8.25 23.125 0.0
8.75 23.125 0.0
0.25 23.375 0.0
0.75 23.375 0.0
1.25 23.375 0.0
1.75 23.375 0.0
2.25 23.375 0.0
2.75 23.375 0.0
3.25 23.375 0.0
3.75 23.375 0.0
4.25 23.375 0.0
4.75 23.375 0.0
5.25 23.375 0.0
5.75 23.375 0.0
6.25 23.375 0.0
6.75 23.375 0.0
7.25 23.375 0.0
7.75 23.375 0.0
8.25 23.375 0.0
8.75 23.375 0.0
0.25 23.625 0.0
0.75 23.625 0.0
1.25 23.625 0.0
1.75 23.625 0.0
2.25 23.625 0.0
2.75 23.625 0.0
3.25 23.625 0.0
3.75 23.625 0.0
4.25 23.625 0.0
4.75 23.625 0.0
5.25 23.625 0.0
5.75 23.625 0.0
6.25 23.625 0.0
6.75 23.625 0.0
7.25 23.625 0.0
7.75 23.625 0.0
8.25 23.625 0.0
8.75 23.625 0.0
0.25 23.875 0.0
0.75 23.875 0.0
1.25 23.875 0.0
1.75 23.875 0.0
2.25 23.875 0.0
2.75 23.875 0.0
3.25 23.875 0.0
3.75 23.875 0.0
4.25 23.875 0.0
4.75 23.875 0.0
5.25 23.875 0.0
5.75 23.875 0.0
6.25 23.875 0.0
6.75 23.875 0.0
7.25 23.875 0.0
7.75 23.875 0.0
8.25 23.875 0.0
8.75 23.875 0.0
0.25 24.125 0.0
0.75 24.125 0.0
1.25 24.125 0.0
1.75 24.125 0.0
2.25 24.125 0.0
2.75 24.125 29953.714285714286
3.25 24.125 0.0
3.75 24.125 0.0
4.25 24.125 0.0
4.75 24.125 29953.714285714286
5.25 24.125 0.0
5.75 24.125 0.0
6.25 24.125 0.0
6.75 24.125 0.0
7.25 24.125 0.0
7.75 24.125 0.0
8.25 24.125 0.0
8.75 24.125 0.0
0.25 24.375 0.0
0.75 24.375 0.0
1.25 24.375 0.0
1.75 24.375 0.0
2.25 24.375 29953.714285714286
2.75 24.375 0.0
3.25 24.375 0.0
3.75 24.375 29953.714285714286
4.25 24.375 0.0
4.75 24.375 0.0
5.25 24.375 0.0
5.75 24.375 0.0
6.25 24.375 0.0
6.75 24.375 0.0
7.25 24.375 0.0
7.75 24.375 0.0
8.25 24.375 0.0
8.75 24.375 0.0
0.25 24.625 0.0
0.75 24.625 0.0
1.25 24.625 0.0
1.75 24.625 0.0
2.25 24.625 0.0
2.75 24.625 0.0
3.25 24.625 0.0
3.75 24.625 0.0
4.25 24.625 0.0
4.75 24.625 0.0
5.25 24.625 0.0
5.75 24.625 0.0
6.25 24.625 0.0
6.75 24.625 0.0
7.25 24.625 0.0
7.75 24.625 0.0
8.25 24.625 0.0
8.75 24.625 0.0
0.25 24.875 0.0
0.75 24.875 0.0
1.25 24.875 0.0
1.75 24.875 0.0
2.25 24.875 0.0
2.75 24.875 0.0
3.25 24.875 0.0
3.75 24.875 0.0
4.25 24.875 0.0
4.75 24.875 0.0
5.25 24.875 0.0
5.75 24.875 0.0
6.25 24.875 0.0
6.75 24.875 0.0
7.25 24.875 0.0
7.75 24.875 0.0
8.25 24.875 0.0
8.75 24.875 0.0
0.25 25.125 0.0
0.75 25.125 0.0
1.25 25.125 0.0
1.75 25.125 0.0
2.25 25.125 0.0
2.75 25.125 0.0
3.25 25.125 0.0
3.75 25.125 0.0
4.25 25.125 0.0
4.75 25.125 0.0
5.25 25.125 0.0
5.75 25.125 0.0
6.25 25.125 0.0
6.75 25.125 0.0
7.25 25.125 0.0
7.75 25.125 0.0
8.25 25.125 0.0
8.75 25.125 0.0
0.25 25.375 29953.714285714286
0.75 25.375 0.0
1.25 25.375 0.0
1.75 25.375 0.0
2.25 25.375 0.0
2.75 25.375 0.0
3.25 25.375 0.0
3.75 25.375 0.0
4.25 25.375 0.0
4.75 25.375 0.0
5.25 25.375 0.0
5.75 25.375 0.0
6.25 25.375 0.0
6.75 25.375 0.0
7.25 25.375 0.0
7.75 25.375 0.0
8.25 25.375 0.0
8.75 25.375 0.0
0.25 25.625 0.0
0.75 25.625 0.0
1.25 25.625 0.0
1.75 25.625 0.0
2.25 25.625 0.0
2.75 25.625 0.0
3.25 25.625 0.0
3.75 25.625 0.0
4.25 25.625 0.0
4.75 25.625 0.0
5.25 25.625 0.0
5.75 25.625 0.0
6.25 25.625 0.0
6.75 25.625 0.0
7.25 25.625 0.0
7.75 25.625 0.0
8.25 25.625 0.0
8.75 25.625 0.0
0.25 25.875 0.0
0.75 25.875 0.0
1.25 25.875 0.0
1.75 25.875 0.0
2.25 25.875 0.0
2.75 25.875 0.0
3.25 25.875 0.0
3.75 25.875 0.0
4.25 25.875 0.0
4.75 25.875 0.0
5.25 25.875 0.0
5.75 25.875 0.0
6.25 25.875 0.0
6.75 25.875 0.0
7.25 25.875 0.0
7.75 25.875 0.0
8.25 25.875 0.0
8.75 25.875 0.0
0.25 26.125 0.0
0.75 26.125 29953.714285714286
1.25 26.125 0.0
1.75 26.125 0.0
2.25 26.125 0.0
2.75 26.125 0.0
3.25 26.125 0.0
3.75 26.125 0.0
4.25 26.125 0.0
4.75 26.125 0.0
5.25 26.125 0.0
5.75 26.125 0.0
6.25 26.125 0.0
6.75 26.125 0.0
7.25 26.125 0.0
7.75 26.125 0.0
8.25 26.125 0.0
8.75 26.125 0.0
0.25 26.375 0.0
0.75 26.375 0.0
1.25 26.375 0.0
1.75 26.375 0.0
2.25 26.375 0.0
2.75 26.375 0.0
3.25 26.375 0.0
3.75 26.375 0.0
4.25 26.375 0.0
4.75 26.375 0.0
5.25 26.375 0.0
5.75 26.375 0.0
6.25 26.375 0.0
6.75 26.375 0.0
7.25 26.375 0.0
7.75 26.375 0.0
8.25 26.375 0.0
8.75 26.375 0.0
0.25 26.625 0.0
0.75 26.625 29953.714285714286
1.25 26.625 0.0
1.75 26.625 0.0
2.25 26.625 0.0
2.75 26.625 0.0
3.25 26.625 0.0
3.75 26.625 0.0
4.25 26.625 0.0
4.75 26.625 0.0
5.25 26.625 0.0
5.75 26.625 0.0
6.25 26.625 0.0
6.75 26.625 0.0
7.25 26.625 0.0
7.75 26.625 0.0
8.25 26.625 0.0
8.75 26.625 0.0
0.25 26.875 0.0
0.75 26.875 0.0
1.25 26.875 0.0
1.75 26.875 0.0
2.25 26.875 0.0
2.75 26.875 0.0
3.25 26.875 0.0
3.75 26.875 0.0
4.25 26.875 0.0
4.75 26.875 0.0
5.25 26.875 0.0
5.75 26.875 0.0
6.25 26.875 0.0
6.75 26.875 0.0
7.25 26.875 0.0
7.75 26.875 0.0
8.25 26.875 0.0
8.75 26.875 0.0
0.25 27.125 0.0
0.75 27.125 0.0
1.25 27.125 0.0
1.75 27.125 0.0
2.25 27.125 0.0
2.75 27.125 0.0
3.25 27.125 0.0
3.75 27.125 0.0
4.25 27.125 0.0
4.75 27.125 0.0
5.25 27.125 0.0
5.75 27.125 0.0
6.25 27.125 0.0
6.75 27.125 0.0
7.25 27.125 0.0
7.75 27.125 0.0
8.25 27.125 0.0
8.75 27.125 0.0
0.25 27.375 0.0
0.75 27.375 0.0
1.25 27.375 0.0
1.75 27.375 0.0
2.25 27.375 0.0
2.75 27.375 0.0
3.25 27.375 0.0
3.75 27.375 0.0
4.25 27.375 0.0
4.75 27.375 0.0
5.25 27.375 0.0
5.75 27.375 0.0
6.25 27.375 0.0
6.75 27.375 0.0
7.25 27.375 0.0
7.75 27.375 0.0
8.25 27.375 0.0
8.75 27.375 0.0
0.25 27.625 0.0
0.75 27.625 0.0
1.25 27.625 0.0
1.75 27.625 0.0
2.25 27.625 0.0
2.75 27.625 0.0
3.25 27.625 0.0
3.75 27.625 0.0
4.25 27.625 0.0
4.75 27.625 0.0
5.25 27.625 0.0
5.75 27.625 0.0
6.25 27.625 0.0
6.75 27.625 0.0
7.25 27.625 0.0
7.75 27.625 0.0
8.25 27.625 0.0
8.75 27.625 0.0
0.25 27.875 0.0
0.75 27.875 0.0
1.25 27.875 0.0
1.75 27.875 0.0
2.25 27.875 0.0
2.75 27.875 0.0
3.25 27.875 0.0
3.75 27.875 0.0
4.25 27.875 0.0
4.75 27.875 0.0
5.25 27.875 0.0
5.75 27.875 0.0
6.25 27.875 0.0
6.75 27.875 0.0
7.25 27.875 0.0
7.75 27.875 0.0
8.25 27.875 0.0
8.75 27.875 0.0
0.25 28.125 0.0
0.75 28.125 0.0
1.25 28.125 0.0
1.75 28.125 0.0
2.25 28.125 0.0
2.75 28.125 0.0
3.25 28.125 0.0
3.75 28.125 0.0
4.25 28.125 0.0
4.75 28.125 0.0
5.25 28.125 0.0
5.75 28.125 0.0
6.25 28.125 0.0
6.75 28.125 0.0
7.25 28.125 0.0
7.75 28.125 0.0
8.25 28.125 0.0
8.75 28.125 0.0
0.25 28.375 0.0
0.75 28.375 0.0
1.25 28.375 0.0
1.75 28.375 0.0
2.25 28.375 0.0
2.75 28.375 0.0
3.25 28.375 0.0
3.75 28.375 0.0
4.25 28.375 0.0
4.75 28.375 0.0
5.25 28.375 0.0
5.75 28.375 0.0
6.25 28.375 0.0
6.75 28.375 0.0
7.25 28.375 0.0
7.75 28.375 0.0
8.25 28.375 0.0
8.75 28.375 0.0
0.25 28.625 0.0
0.75 28.625 0.0
1.25 28.625 0.0
1.75 28.625 0.0
2.25 28.625 0.0
2.75 28.625 0.0
3.25 28.625 0.0
3.75 28.625 0.0
4.25 28.625 0.0
4.75 28.625 0.0
5.25 28.625 0.0
5.75 28.625 0.0
6.25 28.625 0.0
6.75 28.625 0.0
7.25 28.625 0.0
7.75 28.625 0.0
8.25 28.625 0.0
8.75 28.625 0.0
0.25 28.875 0.0
0.75 28.875 0.0
1.25 28.875 0.0
1.75 28.875 0.0
2.25 28.875 0.0
2.75 28.875 0.0
3.25 28.875 0.0
3.75 28.875 0.0
4.25 28.875 0.0
4.75 28.875 0.0
5.25 28.875 0.0
5.75 28.875 0.0
6.25 28.875 0.0
6.75 28.875 0.0
7.25 28.875 0.0
7.75 28.875 0.0
8.25 28.875 0.0
8.75 28.875 0.0
0.25 29.125 0.0
0.75 29.125 0.0
1.25 29.125 0.0
1.75 29.125 0.0
2.25 29.125 0.0
2.75 29.125 0.0
3.25 29.125 0.0
3.75 29.125 0.0
4.25 29.125 0.0
4.75 29.125 0.0
5.25 29.125 0.0
5.75 29.125 0.0
6.25 29.125 0.0
6.75 29.125 0.0
7.25 29.125 0.0
7.75 29.125 0.0
8.25 29.125 0.0
8.75 29.125 0.0
0.25 29.375 0.0
0.75 29.375 0.0
1.25 29.375 0.0
1.75 29.375 0.0
2.25 29.375 0.0
2.75 29.375 0.0
3.25 29.375 0.0
3.75 29.375 0.0
4.25 29.375 0.0
4.75 29.375 0.0
5.25 29.375 0.0
5.75 29.375 0.0
6.25 29.375 0.0
6.75 29.375 0.0
7.25 29.375 0.0
7.75 29.375 0.0
8.25 29.375 0.0
8.75 29.375 0.0
0.25 29.625 0.0
0.75 29.625 0.0
1.25 29.625 0.0
1.75 29.625 0.0
2.25 29.625 0.0
2.75 29.625 0.0
3.25 29.625 29953.714285714286
3.75 29.625 0.0
4.25 29.625 0.0
4.75 29.625 0.0
5.25 29.625 0.0
5.75 29.625 0.0
6.25 29.625 0.0
6.75 29.625 0.0
7.25 29.625 0.0
7.75 29.625 0.0
8.25 29.625 0.0
8.75 29.625 0.0
0.25 29.875 0.0
0.75 29.875 0.0
1.25 29.875 0.0
1.75 29.875 0.0
2.25 29.875 0.0
2.75 29.875 0.0
3.25 29.875 0.0
3.75 29.875 0.0
4.25 29.875 0.0
4.75 29.875 0.0
5.25 29.875 0.0
5.75 29.875 0.0
6.25 29.875 0.0
6.75 29.875 0.0
7.25 29.875 0.0
7.75 29.875 0.0
8.25 29.875 0.0
8.75 29.875 0.0
