0.25 0.125 45140247.428571425
0.75 0.125 45919044.0
1.25 0.125 40587282.85714286
1.75 0.125 36303901.71428572
2.25 0.125 29144964.0
2.75 0.125 23573573.14285714
3.25 0.125 16893894.85714286
3.75 0.125 12999912.0
4.25 0.125 9375512.57142857
4.75 0.125 7099030.285714285
5.25 0.125 4253427.428571428
5.75 0.125 2845602.8571428573
6.25 0.125 1857130.2857142857
6.75 0.125 1288009.7142857143
7.25 0.125 688935.4285714285
7.75 0.125 299537.14285714284
8.25 0.125 89861.14285714286
8.75 0.125 0.0
0.25 0.375 60117104.571428575
0.75 0.375 59158585.71428572
1.25 0.375 57451224.0
1.75 0.375 51250805.14285714
2.25 0.375 49333767.428571425
2.75 0.375 40677144.0
3.25 0.375 35255521.71428572
3.75 0.375 27976769.14285714
4.25 0.375 22495239.42857143
4.75 0.375 16923848.57142857
5.25 0.375 13359356.57142857
5.75 0.375 8986114.285714285
6.25 0.375 6260326.285714285
6.75 0.375 3864029.1428571427
7.25 0.375 2066806.2857142857
7.75 0.375 539166.8571428572
8.25 0.375 59907.42857142857
8.75 0.375 0.0
0.25 0.625 53107935.428571425
0.75 0.625 53077981.71428572
1.25 0.625 49813026.85714286
1.75 0.625 47686313.14285714
2.25 0.625 47087238.85714286
2.75 0.625 40048116.0
3.25 0.625 38400661.71428572
3.75 0.625 32290104.0
4.25 0.625 28096584.0
4.75 0.625 22555146.85714286
5.25 0.625 16025237.142857144
5.75 0.625 11891624.57142857
6.25 0.625 8057549.142857143
6.75 0.625 5301807.428571428
7.25 0.625 2755741.714285714
7.75 0.625 1258056.0
8.25 0.625 89861.14285714286
8.75 0.625 0.0
0.25 0.875 48914415.428571425
0.75 0.875 49273860.0
1.25 0.875 47446683.428571425
1.75 0.875 45559599.428571425
2.25 0.875 45290016.0
2.75 0.875 42594181.71428572
3.25 0.875 40257792.0
3.75 0.875 34926030.85714286
4.25 0.875 28875380.57142857
4.75 0.875 23933017.714285713
5.25 0.875 18121997.14285714
5.75 0.875 12820189.714285715
6.25 0.875 10154309.142857144
6.75 0.875 6170465.142857143
7.25 0.875 3324862.285714286
7.75 0.875 1317963.4285714286
8.25 0.875 119814.85714285714
8.75 0.875 0.0
0.25 1.125 51460481.14285714
0.75 1.125 47925942.85714286
1.25 1.125 49273860.0
1.75 1.125 45439784.571428575
2.25 1.125 45170201.14285714
2.75 1.125 41246264.571428575
3.25 1.125 38490522.85714286
3.75 1.125 34476725.14285714
4.25 1.125 28216398.85714286
4.75 1.125 23873110.285714287
5.25 1.125 20668062.85714286
5.75 1.125 14647366.285714285
6.25 1.125 10873198.285714285
6.75 1.125 7278752.571428572
7.25 1.125 3804121.714285714
7.75 1.125 1467732.0
8.25 1.125 119814.85714285714
8.75 1.125 0.0
0.25 1.375 49004276.571428575
0.75 1.375 48554970.85714286
1.25 1.375 48854508.0
1.75 1.375 47207053.71428572
2.25 1.375 41935200.0
2.75 1.375 38280846.85714286
3.25 1.375 36124179.428571425
3.75 1.375 31750937.14285714
4.25 1.375 28635750.85714286
4.75 1.375 22914591.42857143
5.25 1.375 17163478.285714287
5.75 1.375 15516024.0
6.25 1.375 10543707.42857143
6.75 1.375 7099030.285714285
7.25 1.375 3864029.1428571427
7.75 1.375 1527639.4285714286
8.25 1.375 29953.714285714286
8.75 1.375 0.0
0.25 1.625 49183998.85714286
0.75 1.625 50292286.28571428
1.25 1.625 47386776.0
1.75 1.625 45050386.28571428
2.25 1.625 41126449.71428572
2.75 1.625 40976681.14285714
3.25 1.625 34237095.428571425
3.75 1.625 29923760.57142857
4.25 1.625 25101212.57142857
4.75 1.625 21836257.714285713
5.25 1.625 16085144.57142857
5.75 1.625 14587458.857142856
6.25 1.625 10723429.714285715
6.75 1.625 6709632.0
7.25 1.625 3354816.0
7.75 1.625 988472.5714285715
8.25 1.625 59907.42857142857
8.75 1.625 0.0
0.25 1.875 45439784.571428575
0.75 1.875 47925942.85714286
1.25 1.875 45200154.85714286
1.75 1.875 40317699.428571425
2.25 1.875 37142605.71428572
2.75 1.875 35585012.571428575
3.25 1.875 31750937.14285714
3.75 1.875 29953714.285714287
4.25 1.875 23843156.57142857
4.75 1.875 18810932.57142857
5.25 1.875 15785607.42857143
5.75 1.875 11172735.42857143
6.25 1.875 7847873.142857143
6.75 1.875 4882455.428571428
7.25 1.875 3025325.1428571427
7.75 1.875 629028.0
8.25 1.875 0.0
8.75 1.875 0.0
0.25 2.125 40946727.428571425
0.75 2.125 42863765.14285714
1.25 2.125 39329226.85714286
1.75 2.125 38550430.28571428
2.25 2.125 35555058.85714286
2.75 2.125 33488252.57142857
3.25 2.125 29025149.14285714
3.75 2.125 24232554.85714286
4.25 2.125 20398479.42857143
4.75 2.125 16714172.57142857
5.25 2.125 12790236.0
5.75 2.125 10304077.714285715
6.25 2.125 7518382.285714285
6.75 2.125 4762640.571428572
7.25 2.125 2036852.5714285714
7.75 2.125 299537.14285714284
8.25 2.125 59907.42857142857
8.75 2.125 0.0
0.25 2.375 36393762.85714286
0.75 2.375 37052744.571428575
1.25 2.375 36633392.571428575
1.75 2.375 33008993.14285714
2.25 2.375 31840798.285714287
2.75 2.375 27557417.14285714
3.25 2.375 25310888.57142857
3.75 2.375 22585100.57142857
4.25 2.375 18960701.14285714
4.75 2.375 15815561.142857144
5.25 2.375 10873198.285714285
5.75 2.375 8746484.57142857
6.25 2.375 6290280.0
6.75 2.375 3953890.285714286
7.25 2.375 1647454.2857142857
7.75 2.375 209676.0
8.25 2.375 29953.714285714286
8.75 2.375 0.0
0.25 2.625 29684130.85714286
0.75 2.625 33667974.85714286
1.25 2.625 32020520.57142857
1.75 2.625 29983668.0
2.25 2.625 27197972.57142857
2.75 2.625 24322416.0
3.25 2.625 22854684.0
3.75 2.625 19020608.57142857
4.25 2.625 16534450.285714285
4.75 2.625 13209588.0
5.25 2.625 8686577.142857144
5.75 2.625 6440048.571428572
6.25 2.625 4463103.428571428
6.75 2.625 2815649.1428571427
7.25 2.625 1647454.2857142857
7.75 2.625 299537.14285714284
8.25 2.625 0.0
8.75 2.625 0.0
0.25 2.875 24921490.285714287
0.75 2.875 28485982.285714287
1.25 2.875 25790148.0
1.75 2.875 25760194.285714287
2.25 2.875 23663434.285714287
2.75 2.875 21446859.42857143
3.25 2.875 18900793.714285713
3.75 2.875 16294820.57142857
4.25 2.875 11921578.285714285
4.75 2.875 9824818.285714285
5.25 2.875 7368613.714285715
5.75 2.875 5870928.0
6.25 2.875 3774168.0
6.75 2.875 2576019.4285714286
7.25 2.875 688935.4285714285
7.75 2.875 149768.57142857142
8.25 2.875 0.0
8.75 2.875 0.0
0.25 3.125 22465285.714285713
0.75 3.125 23753295.42857143
1.25 3.125 23363897.14285714
1.75 3.125 21476813.14285714
2.25 3.125 19799405.14285714
2.75 3.125 17433061.714285713
3.25 3.125 15336301.714285715
3.75 3.125 12850143.42857143
4.25 3.125 10573661.142857144
4.75 3.125 9105929.142857144
5.25 3.125 6440048.571428572
5.75 3.125 3864029.1428571427
6.25 3.125 2486158.285714286
6.75 3.125 2186621.1428571427
7.25 3.125 599074.2857142857
7.75 3.125 179722.2857142857
8.25 3.125 0.0
8.75 3.125 0.0
0.25 3.375 18361626.85714286
0.75 3.375 20068988.57142857
1.25 3.375 20338572.0
1.75 3.375 17283293.14285714
2.25 3.375 15695746.285714285
2.75 3.375 14857042.285714285
3.25 3.375 13688847.42857143
3.75 3.375 11052920.57142857
4.25 3.375 8866299.42857143
4.75 3.375 6140511.428571428
5.25 3.375 4612872.0
5.75 3.375 3804121.714285714
6.25 3.375 2036852.5714285714
6.75 3.375 1497685.7142857143
7.25 3.375 299537.14285714284
7.75 3.375 0.0
8.25 3.375 0.0
8.75 3.375 0.0
0.25 3.625 16893894.85714286
0.75 3.625 16833987.42857143
1.25 3.625 15845514.857142856
1.75 3.625 15605885.142857144
2.25 3.625 14827088.57142857
2.75 3.625 11202689.142857144
3.25 3.625 11831717.142857144
3.75 3.625 8776438.285714285
4.25 3.625 7758012.0
4.75 3.625 5122085.142857143
5.25 3.625 4373242.285714285
5.75 3.625 2935464.0
6.25 3.625 1677408.0
6.75 3.625 1018426.2857142857
7.25 3.625 299537.14285714284
7.75 3.625 0.0
8.25 3.625 0.0
8.75 3.625 0.0
0.25 3.875 13569032.57142857
0.75 3.875 12730328.57142857
1.25 3.875 12700374.857142856
1.75 3.875 13359356.57142857
2.25 3.875 11322504.0
2.75 3.875 10393938.857142856
3.25 3.875 10184262.857142856
3.75 3.875 7608243.428571428
4.25 3.875 6230372.571428572
4.75 3.875 4403196.0
5.25 3.875 2725788.0
5.75 3.875 2126713.714285714
6.25 3.875 1407824.5714285714
6.75 3.875 688935.4285714285
7.25 3.875 329490.85714285716
7.75 3.875 29953.714285714286
8.25 3.875 0.0
8.75 3.875 0.0
0.25 4.125 10693476.0
0.75 4.125 11891624.57142857
1.25 4.125 12430791.42857143
1.75 4.125 10843244.57142857
2.25 4.125 9345558.857142856
2.75 4.125 8566762.285714285
3.25 4.125 7338660.0
3.75 4.125 5331761.142857143
4.25 4.125 4493057.142857143
4.75 4.125 3953890.285714286
5.25 4.125 2186621.1428571427
5.75 4.125 1946991.4285714286
6.25 4.125 958518.8571428572
6.75 4.125 479259.4285714286
7.25 4.125 119814.85714285714
7.75 4.125 0.0
8.25 4.125 0.0
8.75 4.125 0.0
0.25 4.375 9465373.714285715
0.75 4.375 9974586.857142856
1.25 4.375 9465373.714285715
1.75 4.375 8566762.285714285
2.25 4.375 8836345.714285715
2.75 4.375 7099030.285714285
3.25 4.375 6050650.285714285
3.75 4.375 5032224.0
4.25 4.375 3444677.1428571427
4.75 4.375 2995371.4285714286
5.25 4.375 1647454.2857142857
5.75 4.375 1497685.7142857143
6.25 4.375 1078333.7142857143
6.75 4.375 359444.5714285714
7.25 4.375 59907.42857142857
7.75 4.375 0.0
8.25 4.375 0.0
8.75 4.375 0.0
0.25 4.625 7847873.142857143
0.75 4.625 8836345.714285715
1.25 4.625 7548336.0
1.75 4.625 7188891.428571428
2.25 4.625 5571390.857142857
2.75 4.625 6170465.142857143
3.25 4.625 5451576.0
3.75 4.625 4702733.142857143
4.25 4.625 2875556.5714285714
4.75 4.625 2336389.714285714
5.25 4.625 1737315.4285714286
5.75 4.625 748842.8571428572
6.25 4.625 778796.5714285715
6.75 4.625 269583.4285714286
7.25 4.625 119814.85714285714
7.75 4.625 0.0
8.25 4.625 0.0
8.75 4.625 0.0
0.25 4.875 6350187.428571428
0.75 4.875 6679678.285714285
1.25 4.875 6499956.0
1.75 4.875 6230372.571428572
2.25 4.875 5032224.0
2.75 4.875 4523010.857142857
3.25 4.875 4463103.428571428
3.75 4.875 2306436.0
4.25 4.875 2186621.1428571427
4.75 4.875 1946991.4285714286
5.25 4.875 1347917.142857143
5.75 4.875 898611.4285714285
6.25 4.875 569120.5714285715
6.75 4.875 299537.14285714284
7.25 4.875 29953.714285714286
7.75 4.875 0.0
8.25 4.875 0.0
8.75 4.875 0.0
0.25 5.125 5062177.714285715
0.75 5.125 6350187.428571428
1.25 5.125 4972316.571428572
1.75 5.125 5062177.714285715
2.25 5.125 4373242.285714285
2.75 5.125 4373242.285714285
3.25 5.125 3804121.714285714
3.75 5.125 2426250.8571428573
4.25 5.125 2306436.0
4.75 5.125 1677408.0
5.25 5.125 868657.7142857143
5.75 5.125 898611.4285714285
6.25 5.125 449305.71428571426
6.75 5.125 149768.57142857142
7.25 5.125 89861.14285714286
7.75 5.125 0.0
8.25 5.125 0.0
8.75 5.125 0.0
0.25 5.375 4283381.142857143
0.75 5.375 4972316.571428572
1.25 5.375 4403196.0
1.75 5.375 3864029.1428571427
2.25 5.375 4403196.0
2.75 5.375 3324862.285714286
3.25 5.375 2635926.8571428573
3.75 5.375 2126713.714285714
4.25 5.375 1797222.857142857
4.75 5.375 1138241.142857143
5.25 5.375 958518.8571428572
5.75 5.375 479259.4285714286
6.25 5.375 479259.4285714286
6.75 5.375 89861.14285714286
7.25 5.375 0.0
7.75 5.375 0.0
8.25 5.375 0.0
8.75 5.375 0.0
0.25 5.625 3744214.285714286
0.75 5.625 3624399.4285714286
1.25 5.625 3774168.0
1.75 5.625 3444677.1428571427
2.25 5.625 3324862.285714286
2.75 5.625 2635926.8571428573
3.25 5.625 2396297.1428571427
3.75 5.625 1617500.5714285714
4.25 5.625 1377870.857142857
4.75 5.625 958518.8571428572
5.25 5.625 718889.1428571428
5.75 5.625 658981.7142857143
6.25 5.625 209676.0
6.75 5.625 59907.42857142857
7.25 5.625 0.0
7.75 5.625 0.0
8.25 5.625 0.0
8.75 5.625 0.0
0.25 5.875 3115186.285714286
0.75 5.875 3085232.5714285714
1.25 5.875 2516112.0
1.75 5.875 3235001.1428571427
2.25 5.875 2995371.4285714286
2.75 5.875 2426250.8571428573
3.25 5.875 1976945.142857143
3.75 5.875 1797222.857142857
4.25 5.875 1228102.2857142857
4.75 5.875 748842.8571428572
5.25 5.875 629028.0
5.75 5.875 389398.28571428574
6.25 5.875 359444.5714285714
6.75 5.875 29953.714285714286
7.25 5.875 0.0
7.75 5.875 0.0
8.25 5.875 0.0
8.75 5.875 0.0
0.25 6.125 2546065.714285714
0.75 6.125 2635926.8571428573
1.25 6.125 2486158.285714286
1.75 6.125 2126713.714285714
2.25 6.125 2216574.8571428573
2.75 6.125 1737315.4285714286
3.25 6.125 1437778.2857142857
3.75 6.125 1347917.142857143
4.25 6.125 958518.8571428572
4.75 6.125 838704.0
5.25 6.125 329490.85714285716
5.75 6.125 299537.14285714284
6.25 6.125 179722.2857142857
6.75 6.125 59907.42857142857
7.25 6.125 0.0
7.75 6.125 0.0
8.25 6.125 0.0
8.75 6.125 0.0
0.25 6.375 2156667.4285714286
0.75 6.375 2635926.8571428573
1.25 6.375 2156667.4285714286
1.75 6.375 2096760.0
2.25 6.375 1887084.0
2.75 6.375 1677408.0
3.25 6.375 1048380.0
3.75 6.375 928565.1428571428
4.25 6.375 569120.5714285715
4.75 6.375 629028.0
5.25 6.375 299537.14285714284
5.75 6.375 269583.4285714286
6.25 6.375 59907.42857142857
6.75 6.375 0.0
7.25 6.375 0.0
7.75 6.375 0.0
8.25 6.375 0.0
8.75 6.375 0.0
0.25 6.625 1857130.2857142857
0.75 6.625 2126713.714285714
1.25 6.625 1617500.5714285714
1.75 6.625 1587546.857142857
2.25 6.625 1527639.4285714286
2.75 6.625 1587546.857142857
3.25 6.625 1198148.5714285714
3.75 6.625 1048380.0
4.25 6.625 599074.2857142857
4.75 6.625 748842.8571428572
5.25 6.625 299537.14285714284
5.75 6.625 239629.7142857143
6.25 6.625 59907.42857142857
6.75 6.625 59907.42857142857
7.25 6.625 0.0
7.75 6.625 0.0
8.25 6.625 0.0
8.75 6.625 0.0
0.25 6.875 1377870.857142857
0.75 6.875 1797222.857142857
1.25 6.875 1797222.857142857
1.75 6.875 1347917.142857143
2.25 6.875 1198148.5714285714
2.75 6.875 1258056.0
3.25 6.875 1078333.7142857143
3.75 6.875 509213.14285714284
4.25 6.875 359444.5714285714
4.75 6.875 389398.28571428574
5.25 6.875 239629.7142857143
5.75 6.875 239629.7142857143
6.25 6.875 0.0
6.75 6.875 0.0
7.25 6.875 0.0
7.75 6.875 0.0
8.25 6.875 0.0
8.75 6.875 0.0
0.25 7.125 1258056.0
0.75 7.125 1707361.7142857143
1.25 7.125 1527639.4285714286
1.75 7.125 1407824.5714285714
2.25 7.125 1168194.857142857
2.75 7.125 1168194.857142857
3.25 7.125 838704.0
3.75 7.125 748842.8571428572
4.25 7.125 329490.85714285716
4.75 7.125 449305.71428571426
5.25 7.125 209676.0
5.75 7.125 149768.57142857142
6.25 7.125 89861.14285714286
6.75 7.125 29953.714285714286
7.25 7.125 0.0
7.75 7.125 0.0
8.25 7.125 0.0
8.75 7.125 0.0
0.25 7.375 928565.1428571428
0.75 7.375 778796.5714285715
1.25 7.375 1467732.0
1.75 7.375 898611.4285714285
2.25 7.375 928565.1428571428
2.75 7.375 1228102.2857142857
3.25 7.375 688935.4285714285
3.75 7.375 539166.8571428572
4.25 7.375 329490.85714285716
4.75 7.375 269583.4285714286
5.25 7.375 239629.7142857143
5.75 7.375 119814.85714285714
6.25 7.375 119814.85714285714
6.75 7.375 29953.714285714286
7.25 7.375 0.0
7.75 7.375 0.0
8.25 7.375 0.0
8.75 7.375 0.0
0.25 7.625 1138241.142857143
0.75 7.625 928565.1428571428
1.25 7.625 1138241.142857143
1.75 7.625 1168194.857142857
2.25 7.625 658981.7142857143
2.75 7.625 748842.8571428572
3.25 7.625 688935.4285714285
3.75 7.625 389398.28571428574
4.25 7.625 239629.7142857143
4.75 7.625 239629.7142857143
5.25 7.625 209676.0
5.75 7.625 59907.42857142857
6.25 7.625 0.0
6.75 7.625 0.0
7.25 7.625 0.0
7.75 7.625 0.0
8.25 7.625 0.0
8.75 7.625 0.0
0.25 7.875 808750.2857142857
0.75 7.875 898611.4285714285
1.25 7.875 718889.1428571428
1.75 7.875 569120.5714285715
2.25 7.875 599074.2857142857
2.75 7.875 658981.7142857143
3.25 7.875 688935.4285714285
3.75 7.875 239629.7142857143
4.25 7.875 209676.0
4.75 7.875 119814.85714285714
5.25 7.875 299537.14285714284
5.75 7.875 89861.14285714286
6.25 7.875 29953.714285714286
6.75 7.875 0.0
7.25 7.875 0.0
7.75 7.875 0.0
8.25 7.875 0.0
8.75 7.875 0.0
0.25 8.125 658981.7142857143
0.75 8.125 898611.4285714285
1.25 8.125 898611.4285714285
1.75 8.125 658981.7142857143
2.25 8.125 509213.14285714284
2.75 8.125 359444.5714285714
3.25 8.125 599074.2857142857
3.75 8.125 389398.28571428574
4.25 8.125 269583.4285714286
4.75 8.125 29953.714285714286
5.25 8.125 119814.85714285714
5.75 8.125 0.0
6.25 8.125 0.0
6.75 8.125 0.0
7.25 8.125 0.0
7.75 8.125 0.0
8.25 8.125 0.0
8.75 8.125 0.0
0.25 8.375 868657.7142857143
0.75 8.375 509213.14285714284
1.25 8.375 599074.2857142857
1.75 8.375 479259.4285714286
2.25 8.375 389398.28571428574
2.75 8.375 539166.8571428572
3.25 8.375 329490.85714285716
3.75 8.375 269583.4285714286
4.25 8.375 209676.0
4.75 8.375 89861.14285714286
5.25 8.375 89861.14285714286
5.75 8.375 0.0
6.25 8.375 0.0
6.75 8.375 0.0
7.25 8.375 0.0
7.75 8.375 0.0
8.25 8.375 0.0
8.75 8.375 0.0
0.25 8.625 539166.8571428572
0.75 8.625 569120.5714285715
1.25 8.625 569120.5714285715
1.75 8.625 539166.8571428572
2.25 8.625 449305.71428571426
2.75 8.625 599074.2857142857
3.25 8.625 479259.4285714286
3.75 8.625 269583.4285714286
4.25 8.625 119814.85714285714
4.75 8.625 149768.57142857142
5.25 8.625 119814.85714285714
5.75 8.625 59907.42857142857
6.25 8.625 0.0
6.75 8.625 0.0
7.25 8.625 0.0
7.75 8.625 0.0
8.25 8.625 0.0
8.75 8.625 0.0
0.25 8.875 539166.8571428572
0.75 8.875 269583.4285714286
1.25 8.875 269583.4285714286
1.75 8.875 629028.0
2.25 8.875 329490.85714285716
2.75 8.875 329490.85714285716
3.25 8.875 209676.0
3.75 8.875 179722.2857142857
4.25 8.875 149768.57142857142
4.75 8.875 29953.714285714286
5.25 8.875 29953.714285714286
5.75 8.875 149768.57142857142
6.25 8.875 29953.714285714286
6.75 8.875 0.0
7.25 8.875 0.0
7.75 8.875 0.0
8.25 8.875 0.0
8.75 8.875 0.0
0.25 9.125 449305.71428571426
0.75 9.125 539166.8571428572
1.25 9.125 419352.0
1.75 9.125 209676.0
2.25 9.125 509213.14285714284
2.75 9.125 149768.57142857142
3.25 9.125 269583.4285714286
3.75 9.125 179722.2857142857
4.25 9.125 179722.2857142857
4.75 9.125 89861.14285714286
5.25 9.125 119814.85714285714
5.75 9.125 0.0
6.25 9.125 29953.714285714286
6.75 9.125 0.0
7.25 9.125 0.0
7.75 9.125 0.0
8.25 9.125 0.0
8.75 9.125 0.0
0.25 9.375 419352.0
0.75 9.375 389398.28571428574
1.25 9.375 299537.14285714284
1.75 9.375 329490.85714285716
2.25 9.375 389398.28571428574
2.75 9.375 299537.14285714284
3.25 9.375 149768.57142857142
3.75 9.375 119814.85714285714
4.25 9.375 209676.0
4.75 9.375 29953.714285714286
5.25 9.375 0.0
5.75 9.375 0.0
6.25 9.375 0.0
6.75 9.375 0.0
7.25 9.375 0.0
7.75 9.375 0.0
8.25 9.375 0.0
8.75 9.375 0.0
0.25 9.625 509213.14285714284
0.75 9.625 419352.0
1.25 9.625 569120.5714285715
1.75 9.625 119814.85714285714
2.25 9.625 299537.14285714284
2.75 9.625 179722.2857142857
3.25 9.625 59907.42857142857
3.75 9.625 149768.57142857142
4.25 9.625 119814.85714285714
4.75 9.625 149768.57142857142
5.25 9.625 0.0
5.75 9.625 0.0
6.25 9.625 0.0
6.75 9.625 0.0
7.25 9.625 0.0
7.75 9.625 0.0
8.25 9.625 0.0
8.75 9.625 0.0
0.25 9.875 329490.85714285716
0.75 9.875 269583.4285714286
1.25 9.875 269583.4285714286
1.75 9.875 149768.57142857142
2.25 9.875 299537.14285714284
2.75 9.875 149768.57142857142
3.25 9.875 119814.85714285714
3.75 9.875 149768.57142857142
4.25 9.875 89861.14285714286
4.75 9.875 29953.714285714286
5.25 9.875 59907.42857142857
5.75 9.875 0.0
6.25 9.875 0.0
6.75 9.875 0.0
7.25 9.875 0.0
7.75 9.875 0.0
8.25 9.875 0.0
8.75 9.875 0.0
0.25 10.125 299537.14285714284
0.75 10.125 119814.85714285714
1.25 10.125 239629.7142857143
1.75 10.125 179722.2857142857
2.25 10.125 239629.7142857143
2.75 10.125 149768.57142857142
3.25 10.125 119814.85714285714
3.75 10.125 29953.714285714286
4.25 10.125 59907.42857142857
4.75 10.125 29953.714285714286
5.25 10.125 59907.42857142857
5.75 10.125 0.0
6.25 10.125 0.0
6.75 10.125 0.0
7.25 10.125 0.0
7.75 10.125 0.0
8.25 10.125 0.0
8.75 10.125 0.0
0.25 10.375 149768.57142857142
0.75 10.375 89861.14285714286
1.25 10.375 149768.57142857142
1.75 10.375 179722.2857142857
2.25 10.375 179722.2857142857
2.75 10.375 149768.57142857142
3.25 10.375 149768.57142857142
3.75 10.375 149768.57142857142
4.25 10.375 89861.14285714286
4.75 10.375 119814.85714285714
5.25 10.375 59907.42857142857
5.75 10.375 0.0
6.25 10.375 0.0
6.75 10.375 0.0
7.25 10.375 0.0
7.75 10.375 0.0
8.25 10.375 0.0
8.75 10.375 0.0
0.25 10.625 149768.57142857142
0.75 10.625 179722.2857142857
1.25 10.625 239629.7142857143
1.75 10.625 149768.57142857142
2.25 10.625 149768.57142857142
2.75 10.625 179722.2857142857
3.25 10.625 119814.85714285714
3.75 10.625 59907.42857142857
4.25 10.625 89861.14285714286
4.75 10.625 0.0
5.25 10.625 29953.714285714286
5.75 10.625 59907.42857142857
6.25 10.625 0.0
6.75 10.625 0.0
7.25 10.625 0.0
7.75 10.625 0.0
8.25 10.625 0.0
8.75 10.625 0.0
0.25 10.875 119814.85714285714
0.75 10.875 179722.2857142857
1.25 10.875 149768.57142857142
1.75 10.875 59907.42857142857
2.25 10.875 119814.85714285714
2.75 10.875 89861.14285714286
3.25 10.875 89861.14285714286
3.75 10.875 59907.42857142857
4.25 10.875 119814.85714285714
4.75 10.875 0.0
5.25 10.875 0.0
5.75 10.875 0.0
6.25 10.875 0.0
6.75 10.875 0.0
7.25 10.875 0.0
7.75 10.875 0.0
8.25 10.875 0.0
8.75 10.875 0.0
0.25 11.125 119814.85714285714
0.75 11.125 89861.14285714286
1.25 11.125 179722.2857142857
1.75 11.125 149768.57142857142
2.25 11.125 119814.85714285714
2.75 11.125 89861.14285714286
3.25 11.125 119814.85714285714
3.75 11.125 119814.85714285714
4.25 11.125 29953.714285714286
4.75 11.125 29953.714285714286
5.25 11.125 29953.714285714286
5.75 11.125 0.0
6.25 11.125 0.0
6.75 11.125 0.0
7.25 11.125 0.0
7.75 11.125 0.0
8.25 11.125 0.0
8.75 11.125 0.0
0.25 11.375 299537.14285714284
0.75 11.375 269583.4285714286
1.25 11.375 149768.57142857142
1.75 11.375 179722.2857142857
2.25 11.375 119814.85714285714
2.75 11.375 0.0
3.25 11.375 59907.42857142857
3.75 11.375 0.0
4.25 11.375 0.0
4.75 11.375 59907.42857142857
5.25 11.375 0.0
5.75 11.375 29953.714285714286
6.25 11.375 0.0
6.75 11.375 0.0
7.25 11.375 0.0
7.75 11.375 0.0
8.25 11.375 0.0
8.75 11.375 0.0
0.25 11.625 119814.85714285714
0.75 11.625 29953.714285714286
1.25 11.625 269583.4285714286
1.75 11.625 89861.14285714286
2.25 11.625 119814.85714285714
2.75 11.625 179722.2857142857
3.25 11.625 29953.714285714286
3.75 11.625 59907.42857142857
4.25 11.625 0.0
4.75 11.625 29953.714285714286
5.25 11.625 29953.714285714286
5.75 11.625 29953.714285714286
6.25 11.625 29953.714285714286
6.75 11.625 0.0
7.25 11.625 0.0
7.75 11.625 0.0
8.25 11.625 0.0
8.75 11.625 0.0
0.25 11.875 119814.85714285714
0.75 11.875 59907.42857142857
1.25 11.875 89861.14285714286
1.75 11.875 89861.14285714286
2.25 11.875 59907.42857142857
2.75 11.875 89861.14285714286
3.25 11.875 29953.714285714286
3.75 11.875 29953.714285714286
4.25 11.875 0.0
4.75 11.875 59907.42857142857
5.25 11.875 29953.714285714286
5.75 11.875 0.0
6.25 11.875 0.0
6.75 11.875 0.0
7.25 11.875 0.0
7.75 11.875 0.0
8.25 11.875 0.0
8.75 11.875 0.0
0.25 12.125 119814.85714285714
0.75 12.125 119814.85714285714
1.25 12.125 209676.0
1.75 12.125 149768.57142857142
2.25 12.125 0.0
2.75 12.125 89861.14285714286
3.25 12.125 0.0
3.75 12.125 0.0
4.25 12.125 0.0
4.75 12.125 0.0
5.25 12.125 29953.714285714286
5.75 12.125 0.0
6.25 12.125 0.0
6.75 12.125 0.0
7.25 12.125 0.0
7.75 12.125 0.0
8.25 12.125 0.0
8.75 12.125 0.0
0.25 12.375 59907.42857142857
0.75 12.375 59907.42857142857
1.25 12.375 59907.42857142857
1.75 12.375 89861.14285714286
2.25 12.375 59907.42857142857
2.75 12.375 59907.42857142857
3.25 12.375 29953.714285714286
3.75 12.375 29953.714285714286
4.25 12.375 29953.714285714286
4.75 12.375 0.0
5.25 12.375 29953.714285714286
5.75 12.375 0.0
6.25 12.375 0.0
6.75 12.375 0.0
7.25 12.375 0.0
7.75 12.375 0.0
8.25 12.375 0.0
8.75 12.375 0.0
0.25 12.625 89861.14285714286
0.75 12.625 149768.57142857142
1.25 12.625 119814.85714285714
1.75 12.625 29953.714285714286
2.25 12.625 0.0
2.75 12.625 29953.714285714286
3.25 12.625 0.0
3.75 12.625 0.0
4.25 12.625 0.0
4.75 12.625 0.0
5.25 12.625 0.0
5.75 12.625 0.0
6.25 12.625 0.0
6.75 12.625 0.0
7.25 12.625 0.0
7.75 12.625 0.0
8.25 12.625 0.0
8.75 12.625 0.0
0.25 12.875 59907.42857142857
0.75 12.875 29953.714285714286
1.25 12.875 59907.42857142857
1.75 12.875 89861.14285714286
2.25 12.875 29953.714285714286
2.75 12.875 59907.42857142857
3.25 12.875 0.0
3.75 12.875 59907.42857142857
4.25 12.875 0.0
4.75 12.875 0.0
5.25 12.875 29953.714285714286
5.75 12.875 0.0
6.25 12.875 0.0
6.75 12.875 0.0
7.25 12.875 0.0
7.75 12.875 0.0
8.25 12.875 0.0
8.75 12.875 0.0
0.25 13.125 119814.85714285714
0.75 13.125 59907.42857142857
1.25 13.125 29953.714285714286
1.75 13.125 29953.714285714286
2.25 13.125 59907.42857142857
2.75 13.125 0.0
3.25 13.125 0.0
3.75 13.125 59907.42857142857
4.25 13.125 59907.42857142857
4.75 13.125 0.0
5.25 13.125 29953.714285714286
5.75 13.125 0.0
6.25 13.125 0.0
6.75 13.125 0.0
7.25 13.125 0.0
7.75 13.125 0.0
8.25 13.125 0.0
8.75 13.125 0.0
0.25 13.375 0.0
0.75 13.375 89861.14285714286
1.25 13.375 0.0
1.75 13.375 89861.14285714286
2.25 13.375 29953.714285714286
2.75 13.375 29953.714285714286
3.25 13.375 29953.714285714286
3.75 13.375 29953.714285714286
4.25 13.375 0.0
4.75 13.375 0.0
5.25 13.375 0.0
5.75 13.375 0.0
6.25 13.375 0.0
6.75 13.375 0.0
7.25 13.375 0.0
7.75 13.375 0.0
8.25 13.375 0.0
8.75 13.375 0.0
0.25 13.625 119814.85714285714
0.75 13.625 29953.714285714286
1.25 13.625 59907.42857142857
1.75 13.625 0.0
2.25 13.625 89861.14285714286
2.75 13.625 29953.714285714286
3.25 13.625 29953.714285714286
3.75 13.625 29953.714285714286
4.25 13.625 0.0
4.75 13.625 0.0
5.25 13.625 0.0
5.75 13.625 0.0
6.25 13.625 0.0
6.75 13.625 0.0
7.25 13.625 0.0
7.75 13.625 0.0
8.25 13.625 0.0
8.75 13.625 0.0
0.25 13.875 29953.714285714286
0.75 13.875 0.0
1.25 13.875 59907.42857142857
1.75 13.875 0.0
2.25 13.875 59907.42857142857
2.75 13.875 29953.714285714286
3.25 13.875 29953.714285714286
3.75 13.875 29953.714285714286
4.25 13.875 0.0
4.75 13.875 0.0
5.25 13.875 0.0
5.75 13.875 0.0
6.25 13.875 0.0
6.75 13.875 0.0
7.25 13.875 0.0
7.75 13.875 0.0
8.25 13.875 0.0
8.75 13.875 0.0
0.25 14.125 89861.14285714286
0.75 14.125 29953.714285714286
1.25 14.125 29953.714285714286
1.75 14.125 0.0
2.25 14.125 29953.714285714286
2.75 14.125 29953.714285714286
3.25 14.125 59907.42857142857
3.75 14.125 0.0
4.25 14.125 0.0
4.75 14.125 0.0
5.25 14.125 0.0
5.75 14.125 0.0
6.25 14.125 0.0
6.75 14.125 0.0
7.25 14.125 0.0
7.75 14.125 0.0
8.25 14.125 0.0
8.75 14.125 0.0
0.25 14.375 89861.14285714286
0.75 14.375 89861.14285714286
1.25 14.375 29953.714285714286
1.75 14.375 29953.714285714286
2.25 14.375 29953.714285714286
2.75 14.375 0.0
3.25 14.375 89861.14285714286
3.75 14.375 0.0
4.25 14.375 59907.42857142857
4.75 14.375 0.0
5.25 14.375 0.0
5.75 14.375 0.0
6.25 14.375 0.0
6.75 14.375 0.0
7.25 14.375 0.0
7.75 14.375 0.0
8.25 14.375 0.0
8.75 14.375 0.0
0.25 14.625 29953.714285714286
0.75 14.625 29953.714285714286
1.25 14.625 29953.714285714286
1.75 14.625 29953.714285714286
2.25 14.625 0.0
2.75 14.625 29953.714285714286
3.25 14.625 29953.714285714286
3.75 14.625 0.0
4.25 14.625 0.0
4.75 14.625 29953.714285714286
5.25 14.625 0.0
5.75 14.625 0.0
6.25 14.625 0.0
6.75 14.625 0.0
7.25 14.625 0.0
7.75 14.625 0.0
8.25 14.625 0.0
8.75 14.625 0.0
0.25 14.875 59907.42857142857
0.75 14.875 29953.714285714286
1.25 14.875 29953.714285714286
1.75 14.875 29953.714285714286
2.25 14.875 0.0
2.75 14.875 0.0
3.25 14.875 0.0
3.75 14.875 0.0
4.25 14.875 29953.714285714286
4.75 14.875 0.0
5.25 14.875 0.0
5.75 14.875 0.0
6.25 14.875 0.0
6.75 14.875 0.0
7.25 14.875 0.0
7.75 14.875 0.0
8.25 14.875 0.0
8.75 14.875 0.0
0.25 15.125 0.0
0.75 15.125 0.0
1.25 15.125 59907.42857142857
1.75 15.125 0.0
2.25 15.125 29953.714285714286
2.75 15.125 29953.714285714286
3.25 15.125 0.0
3.75 15.125 0.0
4.25 15.125 0.0
4.75 15.125 29953.714285714286
5.25 15.125 0.0
5.75 15.125 0.0
6.25 15.125 0.0
6.75 15.125 0.0
7.25 15.125 0.0
7.75 15.125 0.0
8.25 15.125 0.0
8.75 15.125 0.0
0.25 15.375 29953.714285714286
0.75 15.375 89861.14285714286
1.25 15.375 29953.714285714286
1.75 15.375 29953.714285714286
2.25 15.375 0.0
2.75 15.375 0.0
3.25 15.375 0.0
3.75 15.375 0.0
4.25 15.375 0.0
4.75 15.375 0.0
5.25 15.375 0.0
5.75 15.375 0.0
6.25 15.375 0.0
6.75 15.375 0.0
7.25 15.375 0.0
7.75 15.375 0.0
8.25 15.375 0.0
8.75 15.375 0.0
0.25 15.625 89861.14285714286
0.75 15.625 0.0
1.25 15.625 59907.42857142857
1.75 15.625 0.0
2.25 15.625 29953.714285714286
2.75 15.625 59907.42857142857
3.25 15.625 29953.714285714286
3.75 15.625 0.0
4.25 15.625 0.0
4.75 15.625 0.0
5.25 15.625 0.0
5.75 15.625 0.0
6.25 15.625 0.0
6.75 15.625 0.0
7.25 15.625 0.0
7.75 15.625 0.0
8.25 15.625 0.0
8.75 15.625 0.0
0.25 15.875 29953.714285714286
0.75 15.875 29953.714285714286
1.25 15.875 59907.42857142857
1.75 15.875 29953.714285714286
2.25 15.875 0.0
2.75 15.875 0.0
3.25 15.875 29953.714285714286
3.75 15.875 0.0
4.25 15.875 0.0
4.75 15.875 29953.714285714286
5.25 15.875 0.0
5.75 15.875 0.0
6.25 15.875 0.0
6.75 15.875 0.0
7.25 15.875 0.0
7.75 15.875 0.0
8.25 15.875 0.0
8.75 15.875 0.0
0.25 16.125 29953.714285714286
0.75 16.125 59907.42857142857
1.25 16.125 59907.42857142857
1.75 16.125 0.0
2.25 16.125 0.0
2.75 16.125 0.0
3.25 16.125 0.0
3.75 16.125 0.0
4.25 16.125 0.0
4.75 16.125 0.0
5.25 16.125 0.0
5.75 16.125 0.0
6.25 16.125 0.0
6.75 16.125 0.0
7.25 16.125 0.0
7.75 16.125 0.0
8.25 16.125 0.0
8.75 16.125 0.0
0.25 16.375 0.0
0.75 16.375 0.0
1.25 16.375 89861.14285714286
1.75 16.375 0.0
2.25 16.375 29953.714285714286
2.75 16.375 0.0
3.25 16.375 0.0
3.75 16.375 119814.85714285714
4.25 16.375 29953.714285714286
4.75 16.375 0.0
5.25 16.375 0.0
5.75 16.375 29953.714285714286
6.25 16.375 0.0
6.75 16.375 0.0
7.25 16.375 0.0
7.75 16.375 0.0
8.25 16.375 0.0
8.75 16.375 0.0
0.25 16.625 0.0
0.75 16.625 29953.714285714286
1.25 16.625 0.0
1.75 16.625 89861.14285714286
2.25 16.625 0.0
2.75 16.625 0.0
3.25 16.625 0.0
3.75 16.625 0.0
4.25 16.625 0.0
4.75 16.625 0.0
5.25 16.625 0.0
5.75 16.625 0.0
6.25 16.625 0.0
6.75 16.625 0.0
7.25 16.625 0.0
7.75 16.625 0.0
8.25 16.625 0.0
8.75 16.625 0.0
0.25 16.875 0.0
0.75 16.875 29953.714285714286
1.25 16.875 0.0
1.75 16.875 59907.42857142857
2.25 16.875 0.0
2.75 16.875 0.0
3.25 16.875 0.0
3.75 16.875 0.0
4.25 16.875 0.0
4.75 16.875 29953.714285714286
5.25 16.875 0.0
5.75 16.875 0.0
6.25 16.875 0.0
6.75 16.875 0.0
7.25 16.875 0.0
7.75 16.875 0.0
8.25 16.875 0.0
8.75 16.875 0.0
0.25 17.125 59907.42857142857
0.75 17.125 0.0
1.25 17.125 0.0
1.75 17.125 29953.714285714286
2.25 17.125 59907.42857142857
2.75 17.125 29953.714285714286
3.25 17.125 0.0
3.75 17.125 0.0
4.25 17.125 0.0
4.75 17.125 0.0
5.25 17.125 0.0
5.75 17.125 0.0
6.25 17.125 0.0
6.75 17.125 0.0
7.25 17.125 0.0
7.75 17.125 0.0
8.25 17.125 0.0
8.75 17.125 0.0
0.25 17.375 0.0
0.75 17.375 0.0
1.25 17.375 0.0
1.75 17.375 29953.714285714286
2.25 17.375 0.0
2.75 17.375 0.0
3.25 17.375 0.0
3.75 17.375 0.0
4.25 17.375 0.0
4.75 17.375 0.0
5.25 17.375 0.0
5.75 17.375 0.0
6.25 17.375 0.0
6.75 17.375 0.0
7.25 17.375 0.0
7.75 17.375 0.0
8.25 17.375 0.0
8.75 17.375 0.0
0.25 17.625 29953.714285714286
0.75 17.625 0.0
1.25 17.625 0.0
1.75 17.625 0.0
2.25 17.625 0.0
2.75 17.625 29953.714285714286
3.25 17.625 0.0
3.75 17.625 0.0
4.25 17.625 0.0
4.75 17.625 0.0
5.25 17.625 0.0
5.75 17.625 0.0
6.25 17.625 0.0
6.75 17.625 0.0
7.25 17.625 0.0
7.75 17.625 0.0
8.25 17.625 0.0
8.75 17.625 0.0
0.25 17.875 29953.714285714286
0.75 17.875 59907.42857142857
1.25 17.875 0.0
1.75 17.875 0.0
2.25 17.875 59907.42857142857
2.75 17.875 0.0
3.25 17.875 29953.714285714286
3.75 17.875 29953.714285714286
4.25 17.875 0.0
4.75 17.875 0.0
5.25 17.875 0.0
5.75 17.875 0.0
6.25 17.875 0.0
6.75 17.875 0.0
7.25 17.875 0.0
7.75 17.875 0.0
8.25 17.875 0.0
8.75 17.875 0.0
0.25 18.125 0.0
0.75 18.125 0.0
1.25 18.125 0.0
1.75 18.125 0.0
2.25 18.125 0.0
2.75 18.125 0.0
3.25 18.125 0.0
3.75 18.125 0.0
4.25 18.125 0.0
4.75 18.125 0.0
5.25 18.125 0.0
5.75 18.125 0.0
6.25 18.125 0.0
6.75 18.125 0.0
7.25 18.125 0.0
7.75 18.125 0.0
8.25 18.125 0.0
8.75 18.125 0.0
0.25 18.375 0.0
0.75 18.375 0.0
1.25 18.375 29953.714285714286
1.75 18.375 0.0
2.25 18.375 0.0
2.75 18.375 29953.714285714286
3.25 18.375 0.0
3.75 18.375 0.0
4.25 18.375 0.0
4.75 18.375 0.0
5.25 18.375 0.0
5.75 18.375 0.0
6.25 18.375 0.0
6.75 18.375 0.0
7.25 18.375 0.0
7.75 18.375 0.0
8.25 18.375 0.0
8.75 18.375 0.0
0.25 18.625 29953.714285714286
0.75 18.625 29953.714285714286
1.25 18.625 29953.714285714286
1.75 18.625 0.0
2.25 18.625 0.0
2.75 18.625 0.0
3.25 18.625 0.0
3.75 18.625 29953.714285714286
4.25 18.625 0.0
4.75 18.625 0.0
5.25 18.625 0.0
5.75 18.625 0.0
6.25 18.625 0.0
6.75 18.625 0.0
7.25 18.625 0.0
7.75 18.625 0.0
8.25 18.625 0.0
8.75 18.625 0.0
0.25 18.875 29953.714285714286
0.75 18.875 0.0
1.25 18.875 0.0
1.75 18.875 29953.714285714286
2.25 18.875 0.0
2.75 18.875 0.0
3.25 18.875 0.0
3.75 18.875 0.0
4.25 18.875 29953.714285714286
4.75 18.875 0.0
5.25 18.875 0.0
5.75 18.875 0.0
6.25 18.875 0.0
6.75 18.875 0.0
7.25 18.875 0.0
7.75 18.875 0.0
8.25 18.875 0.0
8.75 18.875 0.0
0.25 19.125 29953.714285714286
0.75 19.125 0.0
1.25 19.125 0.0
1.75 19.125 0.0
2.25 19.125 0.0
2.75 19.125 29953.714285714286
3.25 19.125 29953.714285714286
3.75 19.125 0.0
4.25 19.125 0.0
4.75 19.125 0.0
5.25 19.125 0.0
5.75 19.125 0.0
6.25 19.125 0.0
6.75 19.125 0.0
7.25 19.125 0.0
7.75 19.125 0.0
8.25 19.125 0.0
8.75 19.125 0.0
0.25 19.375 0.0
0.75 19.375 0.0
1.25 19.375 0.0
1.75 19.375 59907.42857142857
2.25 19.375 0.0
2.75 19.375 0.0
3.25 19.375 0.0
3.75 19.375 59907.42857142857
4.25 19.375 0.0
4.75 19.375 0.0
5.25 19.375 0.0
5.75 19.375 0.0
6.25 19.375 0.0
6.75 19.375 0.0
7.25 19.375 0.0
7.75 19.375 0.0
8.25 19.375 0.0
8.75 19.375 0.0
0.25 19.625 0.0
0.75 19.625 0.0
1.25 19.625 29953.714285714286
1.75 19.625 29953.714285714286
2.25 19.625 0.0
2.75 19.625 0.0
3.25 19.625 0.0
3.75 19.625 0.0
4.25 19.625 0.0
4.75 19.625 29953.714285714286
5.25 19.625 0.0
5.75 19.625 0.0
6.25 19.625 0.0
6.75 19.625 0.0
7.25 19.625 0.0
7.75 19.625 0.0
8.25 19.625 0.0
8.75 19.625 0.0
0.25 19.875 0.0
0.75 19.875 0.0
1.25 19.875 0.0
1.75 19.875 0.0
2.25 19.875 0.0
2.75 19.875 0.0
3.25 19.875 0.0
3.75 19.875 0.0
4.25 19.875 0.0
4.75 19.875 0.0
5.25 19.875 0.0
5.75 19.875 0.0
6.25 19.875 0.0
6.75 19.875 0.0
7.25 19.875 0.0
7.75 19.875 0.0
8.25 19.875 0.0
8.75 19.875 0.0
0.25 20.125 0.0
0.75 20.125 29953.714285714286
1.25 20.125 0.0
1.75 20.125 29953.714285714286
2.25 20.125 29953.714285714286
2.75 20.125 29953.714285714286
3.25 20.125 0.0
3.75 20.125 0.0
4.25 20.125 0.0
4.75 20.125 0.0
5.25 20.125 0.0
5.75 20.125 0.0
6.25 20.125 0.0
6.75 20.125 0.0
7.25 20.125 0.0
7.75 20.125 0.0
8.25 20.125 0.0
8.75 20.125 0.0
0.25 20.375 0.0
0.75 20.375 29953.714285714286
1.25 20.375 29953.714285714286
1.75 20.375 0.0
2.25 20.375 0.0
2.75 20.375 0.0
3.25 20.375 0.0
3.75 20.375 0.0
4.25 20.375 29953.714285714286
4.75 20.375 0.0
5.25 20.375 0.0
5.75 20.375 0.0
6.25 20.375 0.0
6.75 20.375 0.0
7.25 20.375 0.0
7.75 20.375 0.0
8.25 20.375 0.0
8.75 20.375 0.0
0.25 20.625 0.0
0.75 20.625 0.0
1.25 20.625 0.0
1.75 20.625 0.0
2.25 20.625 29953.714285714286
2.75 20.625 0.0
3.25 20.625 0.0
3.75 20.625 59907.42857142857
4.25 20.625 0.0
4.75 20.625 0.0
5.25 20.625 0.0
5.75 20.625 0.0
6.25 20.625 0.0
6.75 20.625 0.0
7.25 20.625 0.0
7.75 20.625 0.0
8.25 20.625 0.0
8.75 20.625 0.0
0.25 20.875 0.0
0.75 20.875 0.0
1.25 20.875 0.0
1.75 20.875 0.0
2.25 20.875 0.0
2.75 20.875 59907.42857142857
3.25 20.875 0.0
3.75 20.875 29953.714285714286
4.25 20.875 0.0
4.75 20.875 0.0
5.25 20.875 0.0
5.75 20.875 0.0
6.25 20.875 0.0
6.75 20.875 0.0
7.25 20.875 0.0
7.75 20.875 0.0
8.25 20.875 0.0
8.75 20.875 0.0
0.25 21.125 0.0
0.75 21.125 0.0
1.25 21.125 0.0
1.75 21.125 0.0
2.25 21.125 0.0
2.75 21.125 0.0
3.25 21.125 0.0
3.75 21.125 0.0
4.25 21.125 0.0
4.75 21.125 0.0
5.25 21.125 0.0
5.75 21.125 29953.714285714286
6.25 21.125 0.0
6.75 21.125 0.0
7.25 21.125 0.0
7.75 21.125 0.0
8.25 21.125 0.0
8.75 21.125 0.0
0.25 21.375 0.0
0.75 21.375 0.0
1.25 21.375 0.0
1.75 21.375 0.0
2.25 21.375 29953.714285714286
2.75 21.375 29953.714285714286
3.25 21.375 29953.714285714286
3.75 21.375 0.0
4.25 21.375 0.0
4.75 21.375 0.0
5.25 21.375 0.0
5.75 21.375 0.0
6.25 21.375 0.0
6.75 21.375 0.0
7.25 21.375 0.0
7.75 21.375 0.0
8.25 21.375 0.0
8.75 21.375 0.0
0.25 21.625 29953.714285714286
0.75 21.625 0.0
1.25 21.625 0.0
1.75 21.625 29953.714285714286
2.25 21.625 0.0
2.75 21.625 0.0
3.25 21.625 0.0
3.75 21.625 0.0
4.25 21.625 0.0
4.75 21.625 0.0
5.25 21.625 0.0
5.75 21.625 0.0
6.25 21.625 0.0
6.75 21.625 0.0
7.25 21.625 0.0
7.75 21.625 0.0
8.25 21.625 0.0
8.75 21.625 0.0
0.25 21.875 0.0
0.75 21.875 0.0
1.25 21.875 0.0
1.75 21.875 29953.714285714286
2.25 21.875 0.0
2.75 21.875 29953.714285714286
3.25 21.875 0.0
3.75 21.875 29953.714285714286
4.25 21.875 0.0
4.75 21.875 29953.714285714286
5.25 21.875 0.0
5.75 21.875 0.0
6.25 21.875 0.0
6.75 21.875 0.0
7.25 21.875 0.0
7.75 21.875 0.0
8.25 21.875 0.0
8.75 21.875 0.0
0.25 22.125 29953.714285714286
0.75 22.125 0.0
1.25 22.125 29953.714285714286
1.75 22.125 0.0
2.25 22.125 0.0
2.75 22.125 0.0
3.25 22.125 0.0
3.75 22.125 0.0
4.25 22.125 29953.714285714286
4.75 22.125 0.0
5.25 22.125 0.0
5.75 22.125 0.0
6.25 22.125 0.0
6.75 22.125 0.0
7.25 22.125 0.0
7.75 22.125 0.0
8.25 22.125 0.0
8.75 22.125 0.0
0.25 22.375 0.0
0.75 22.375 0.0
1.25 22.375 0.0
1.75 22.375 0.0
2.25 22.375 0.0
2.75 22.375 0.0
3.25 22.375 0.0
3.75 22.375 0.0
4.25 22.375 0.0
4.75 22.375 0.0
5.25 22.375 0.0
5.75 22.375 0.0
6.25 22.375 0.0
6.75 22.375 0.0
7.25 22.375 0.0
7.75 22.375 0.0
8.25 22.375 0.0
8.75 22.375 0.0
0.25 22.625 0.0
0.75 22.625 0.0
1.25 22.625 0.0
1.75 22.625 0.0
2.25 22.625 0.0
2.75 22.625 89861.14285714286
3.25 22.625 0.0
3.75 22.625 0.0
4.25 22.625 0.0
4.75 22.625 0.0
5.25 22.625 0.0
5.75 22.625 0.0
6.25 22.625 0.0
6.75 22.625 0.0
7.25 22.625 0.0
7.75 22.625 0.0
8.25 22.625 0.0
8.75 22.625 0.0
0.25 22.875 0.0
0.75 22.875 0.0
1.25 22.875 0.0
1.75 22.875 0.0
2.25 22.875 0.0
2.75 22.875 0.0
3.25 22.875 0.0
3.75 22.875 0.0
4.25 22.875 0.0
4.75 22.875 0.0
5.25 22.875 0.0
5.75 22.875 0.0
6.25 22.875 0.0
6.75 22.875 0.0
7.25 22.875 0.0
7.75 22.875 0.0
8.25 22.875 0.0
8.75 22.875 0.0
0.25 23.125 0.0
0.75 23.125 0.0
1.25 23.125 0.0
1.75 23.125 0.0
2.25 23.125 0.0
2.75 23.125 0.0
3.25 23.125 0.0
3.75 23.125 0.0
4.25 23.125 0.0
4.75 23.125 0.0
5.25 23.125 0.0
5.75 23.125 0.0
6.25 23.125 0.0
6.75 23.125 0.0
7.25 23.125 0.0
7.75 23.125 0.0
8.25 23.125 0.0
8.75 23.125 0.0
0.25 23.375 0.0
0.75 23.375 0.0
1.25 23.375 0.0
1.75 23.375 0.0
2.25 23.375 0.0
2.75 23.375 0.0
3.25 23.375 29953.714285714286
3.75 23.375 0.0
4.25 23.375 0.0
4.75 23.375 0.0
5.25 23.375 0.0
5.75 23.375 0.0
6.25 23.375 0.0
6.75 23.375 0.0
7.25 23.375 0.0
7.75 23.375 0.0
8.25 23.375 0.0
8.75 23.375 0.0
0.25 23.625 29953.714285714286
0.75 23.625 29953.714285714286
1.25 23.625 0.0
1.75 23.625 0.0
2.25 23.625 0.0
2.75 23.625 0.0
3.25 23.625 0.0
3.75 23.625 0.0
4.25 23.625 0.0
4.75 23.625 0.0
5.25 23.625 0.0
5.75 23.625 0.0
6.25 23.625 0.0
6.75 23.625 0.0
7.25 23.625 0.0
7.75 23.625 0.0
8.25 23.625 0.0
8.75 23.625 0.0
0.25 23.875 0.0
0.75 23.875 0.0
1.25 23.875 0.0
1.75 23.875 0.0
2.25 23.875 0.0
2.75 23.875 0.0
3.25 23.875 0.0
3.75 23.875 0.0
4.25 23.875 0.0
4.75 23.875 0.0
5.25 23.875 0.0
5.75 23.875 0.0
6.25 23.875 0.0
6.75 23.875 0.0
7.25 23.875 0.0
7.75 23.875 0.0
8.25 23.875 0.0
8.75 23.875 0.0
0.25 24.125 0.0
0.75 24.125 0.0
1.25 24.125 0.0
1.75 24.125 0.0
2.25 24.125 0.0
2.75 24.125 0.0
3.25 24.125 0.0
3.75 24.125 0.0
4.25 24.125 29953.714285714286
4.75 24.125 0.0
5.25 24.125 0.0
5.75 24.125 0.0
6.25 24.125 0.0
6.75 24.125 0.0
7.25 24.125 0.0
7.75 24.125 0.0
8.25 24.125 0.0
8.75 24.125 0.0
0.25 24.375 0.0
0.75 24.375 29953.714285714286
1.25 24.375 0.0
1.75 24.375 0.0
2.25 24.375 0.0
2.75 24.375 0.0
3.25 24.375 0.0
3.75 24.375 0.0
4.25 24.375 0.0
4.75 24.375 0.0
5.25 24.375 0.0
5.75 24.375 0.0
6.25 24.375 0.0
6.75 24.375 0.0
7.25 24.375 0.0
7.75 24.375 0.0
8.25 24.375 0.0
8.75 24.375 0.0
0.25 24.625 0.0
0.75 24.625 0.0
1.25 24.625 0.0
1.75 24.625 0.0
2.25 24.625 0.0
2.75 24.625 0.0
3.25 24.625 0.0
3.75 24.625 0.0
4.25 24.625 0.0
4.75 24.625 0.0
5.25 24.625 0.0
5.75 24.625 0.0
6.25 24.625 0.0
6.75 24.625 0.0
7.25 24.625 0.0
7.75 24.625 0.0
8.25 24.625 0.0
8.75 24.625 0.0
0.25 24.875 0.0
0.75 24.875 0.0
1.25 24.875 0.0
1.75 24.875 0.0
2.25 24.875 0.0
2.75 24.875 0.0
3.25 24.875 0.0
3.75 24.875 0.0
4.25 24.875 0.0
4.75 24.875 0.0
5.25 24.875 0.0
5.75 24.875 0.0
6.25 24.875 0.0
6.75 24.875 0.0
7.25 24.875 0.0
7.75 24.875 0.0
8.25 24.875 0.0
8.75 24.875 0.0
0.25 25.125 0.0
0.75 25.125 0.0
1.25 25.125 29953.714285714286
1.75 25.125 0.0
2.25 25.125 0.0
2.75 25.125 0.0
3.25 25.125 0.0
3.75 25.125 0.0
4.25 25.125 0.0
4.75 25.125 29953.714285714286
5.25 25.125 0.0
5.75 25.125 0.0
6.25 25.125 0.0
6.75 25.125 0.0
7.25 25.125 0.0
7.75 25.125 0.0
8.25 25.125 0.0
8.75 25.125 0.0
0.25 25.375 0.0
0.75 25.375 0.0
1.25 25.375 0.0
1.75 25.375 0.0
2.25 25.375 0.0
2.75 25.375 0.0
3.25 25.375 0.0
3.75 25.375 0.0
4.25 25.375 0.0
4.75 25.375 0.0
5.25 25.375 0.0
5.75 25.375 0.0
6.25 25.375 0.0
6.75 25.375 0.0
7.25 25.375 0.0
7.75 25.375 0.0
8.25 25.375 0.0
8.75 25.375 0.0
0.25 25.625 0.0
0.75 25.625 0.0
1.25 25.625 0.0
1.75 25.625 0.0
2.25 25.625 0.0
2.75 25.625 0.0
3.25 25.625 0.0
3.75 25.625 0.0
4.25 25.625 0.0
4.75 25.625 0.0
5.25 25.625 0.0
5.75 25.625 0.0
6.25 25.625 0.0
6.75 25.625 0.0
7.25 25.625 0.0
7.75 25.625 0.0
8.25 25.625 0.0
8.75 25.625 0.0
0.25 25.875 0.0
0.75 25.875 0.0
1.25 25.875 29953.714285714286
1.75 25.875 0.0
2.25 25.875 0.0
2.75 25.875 0.0
3.25 25.875 0.0
3.75 25.875 0.0
4.25 25.875 0.0
4.75 25.875 0.0
5.25 25.875 0.0
5.75 25.875 0.0
6.25 25.875 0.0
6.75 25.875 0.0
7.25 25.875 0.0
7.75 25.875 0.0
8.25 25.875 0.0
8.75 25.875 0.0
0.25 26.125 0.0
0.75 26.125 0.0
1.25 26.125 0.0
1.75 26.125 0.0
2.25 26.125 0.0
2.75 26.125 0.0
3.25 26.125 0.0
3.75 26.125 29953.714285714286
4.25 26.125 0.0
4.75 26.125 0.0
5.25 26.125 0.0
5.75 26.125 0.0
6.25 26.125 0.0
6.75 26.125 0.0
7.25 26.125 0.0
7.75 26.125 0.0
8.25 26.125 0.0
8.75 26.125 0.0
0.25 26.375 0.0
0.75 26.375 0.0
1.25 26.375 0.0
1.75 26.375 0.0
2.25 26.375 0.0
2.75 26.375 0.0
3.25 26.375 0.0
3.75 26.375 0.0
4.25 26.375 0.0
4.75 26.375 0.0
5.25 26.375 29953.714285714286
5.75 26.375 0.0
6.25 26.375 0.0
6.75 26.375 0.0
7.25 26.375 0.0
7.75 26.375 0.0
8.25 26.375 0.0
8.75 26.375 0.0
0.25 26.625 0.0
0.75 26.625 29953.714285714286
1.25 26.625 0.0
1.75 26.625 0.0
2.25 26.625 0.0
2.75 26.625 0.0
3.25 26.625 0.0
3.75 26.625 0.0
4.25 26.625 0.0
4.75 26.625 0.0
5.25 26.625 0.0
5.75 26.625 0.0
6.25 26.625 0.0
6.75 26.625 0.0
7.25 26.625 0.0
7.75 26.625 0.0
8.25 26.625 0.0
8.75 26.625 0.0
0.25 26.875 0.0
0.75 26.875 0.0
1.25 26.875 0.0
1.75 26.875 0.0
2.25 26.875 0.0
2.75 26.875 29953.714285714286
3.25 26.875 0.0
3.75 26.875 0.0
4.25 26.875 0.0
4.75 26.875 0.0
5.25 26.875 0.0
5.75 26.875 0.0
6.25 26.875 0.0
6.75 26.875 0.0
7.25 26.875 0.0
7.75 26.875 0.0
8.25 26.875 0.0
8.75 26.875 0.0
0.25 27.125 0.0
0.75 27.125 0.0
1.25 27.125 0.0
1.75 27.125 0.0
2.25 27.125 0.0
2.75 27.125 0.0
3.25 27.125 29953.714285714286
3.75 27.125 0.0
4.25 27.125 0.0
4.75 27.125 0.0
5.25 27.125 0.0
5.75 27.125 0.0
6.25 27.125 0.0
6.75 27.125 0.0
7.25 27.125 0.0
7.75 27.125 0.0
8.25 27.125 0.0
8.75 27.125 0.0
0.25 27.375 0.0
0.75 27.375 0.0
1.25 27.375 0.0
1.75 27.375 0.0
2.25 27.375 0.0
2.75 27.375 0.0
3.25 27.375 0.0
3.75 27.375 0.0
4.25 27.375 0.0
4.75 27.375 0.0
5.25 27.375 0.0
5.75 27.375 0.0
6.25 27.375 0.0
6.75 27.375 0.0
7.25 27.375 0.0
7.75 27.375 0.0
8.25 27.375 0.0
8.75 27.375 0.0
0.25 27.625 0.0
0.75 27.625 0.0
1.25 27.625 0.0
1.75 27.625 0.0
2.25 27.625 0.0
2.75 27.625 0.0
3.25 27.625 0.0
3.75 27.625 0.0
4.25 27.625 0.0
4.75 27.625 0.0
5.25 27.625 0.0
5.75 27.625 0.0
6.25 27.625 0.0
6.75 27.625 0.0
7.25 27.625 0.0
7.75 27.625 0.0
8.25 27.625 0.0
8.75 27.625 0.0
0.25 27.875 0.0
0.75 27.875 0.0
1.25 27.875 0.0
1.75 27.875 0.0
2.25 27.875 0.0
2.75 27.875 0.0
3.25 27.875 0.0
3.75 27.875 0.0
4.25 27.875 0.0
4.75 27.875 0.0
5.25 27.875 0.0
5.75 27.875 0.0
6.25 27.875 0.0
6.75 27.875 0.0
7.25 27.875 0.0
7.75 27.875 0.0
8.25 27.875 0.0
8.75 27.875 0.0
0.25 28.125 0.0
0.75 28.125 0.0
1.25 28.125 0.0
1.75 28.125 0.0
2.25 28.125 0.0
2.75 28.125 0.0
3.25 28.125 0.0
3.75 28.125 29953.714285714286
4.25 28.125 0.0
4.75 28.125 0.0
5.25 28.125 0.0
5.75 28.125 0.0
6.25 28.125 0.0
6.75 28.125 0.0
7.25 28.125 0.0
7.75 28.125 0.0
8.25 28.125 0.0
8.75 28.125 0.0
0.25 28.375 0.0
0.75 28.375 29953.714285714286
1.25 28.375 0.0
1.75 28.375 0.0
2.25 28.375 0.0
2.75 28.375 0.0
3.25 28.375 29953.714285714286
3.75 28.375 0.0
4.25 28.375 0.0
4.75 28.375 0.0
5.25 28.375 0.0
5.75 28.375 0.0
6.25 28.375 0.0
6.75 28.375 0.0
7.25 28.375 0.0
7.75 28.375 0.0
8.25 28.375 0.0
8.75 28.375 0.0
0.25 28.625 0.0
0.75 28.625 0.0
1.25 28.625 0.0
1.75 28.625 0.0
2.25 28.625 0.0
2.75 28.625 0.0
3.25 28.625 0.0
3.75 28.625 0.0
4.25 28.625 0.0
4.75 28.625 0.0
5.25 28.625 0.0
5.75 28.625 0.0
6.25 28.625 0.0
6.75 28.625 0.0
7.25 28.625 0.0
7.75 28.625 0.0
8.25 28.625 0.0
8.75 28.625 0.0
0.25 28.875 0.0
0.75 28.875 0.0
1.25 28.875 0.0
1.75 28.875 0.0
2.25 28.875 0.0
2.75 28.875 0.0
3.25 28.875 0.0
3.75 28.875 0.0
4.25 28.875 0.0
4.75 28.875 0.0
5.25 28.875 0.0
5.75 28.875 0.0
6.25 28.875 0.0
6.75 28.875 0.0
7.25 28.875 0.0
7.75 28.875 0.0
8.25 28.875 0.0
8.75 28.875 0.0
0.25 29.125 0.0
0.75 29.125 0.0
1.25 29.125 0.0
1.75 29.125 0.0
2.25 29.125 0.0
2.75 29.125 0.0
3.25 29.125 0.0
3.75 29.125 0.0
4.25 29.125 0.0
4.75 29.125 0.0
5.25 29.125 0.0
5.75 29.125 0.0
6.25 29.125 0.0
6.75 29.125 0.0
7.25 29.125 0.0
7.75 29.125 0.0
8.25 29.125 0.0
8.75 29.125 0.0
0.25 29.375 0.0
0.75 29.375 0.0
1.25 29.375 0.0
1.75 29.375 0.0
2.25 29.375 0.0
2.75 29.375 0.0
3.25 29.375 0.0
3.75 29.375 29953.714285714286
4.25 29.375 0.0
4.75 29.375 0.0
5.25 29.375 0.0
5.75 29.375 0.0
6.25 29.375 0.0
6.75 29.375 0.0
7.25 29.375 0.0
7.75 29.375 0.0
8.25 29.375 0.0
8.75 29.375 0.0
0.25 29.625 0.0
0.75 29.625 29953.714285714286
1.25 29.625 0.0
1.75 29.625 0.0
2.25 29.625 0.0
2.75 29.625 0.0
3.25 29.625 0.0
3.75 29.625 0.0
4.25 29.625 0.0
4.75 29.625 0.0
5.25 29.625 0.0
5.75 29.625 0.0
6.25 29.625 0.0
6.75 29.625 0.0
7.25 29.625 0.0
7.75 29.625 0.0
8.25 29.625 0.0
8.75 29.625 0.0
0.25 29.875 0.0
0.75 29.875 0.0
1.25 29.875 0.0
1.75 29.875 0.0
2.25 29.875 0.0
2.75 29.875 29953.714285714286
3.25 29.875 0.0
3.75 29.875 0.0
4.25 29.875 0.0
4.75 29.875 0.0
5.25 29.875 0.0
5.75 29.875 0.0
6.25 29.875 0.0
6.75 29.875 0.0
7.25 29.875 0.0
7.75 29.875 0.0
8.25 29.875 0.0
8.75 29.875 0.0
