0.25 0.125 5181992.571428572
0.75 0.125 4972316.571428572
1.25 0.125 4702733.142857143
1.75 0.125 4163566.285714286
2.25 0.125 3235001.1428571427
2.75 0.125 3115186.285714286
3.25 0.125 2456204.5714285714
3.75 0.125 2036852.5714285714
4.25 0.125 2036852.5714285714
4.75 0.125 1437778.2857142857
5.25 0.125 1258056.0
5.75 0.125 808750.2857142857
6.25 0.125 359444.5714285714
6.75 0.125 299537.14285714284
7.25 0.125 149768.57142857142
7.75 0.125 59907.42857142857
8.25 0.125 0.0
8.75 0.125 0.0
0.25 0.375 9794864.57142857
0.75 0.375 9645096.0
1.25 0.375 9914679.42857143
1.75 0.375 8926206.857142856
2.25 0.375 8776438.285714285
2.75 0.375 6949261.714285715
3.25 0.375 6649724.571428572
3.75 0.375 5601344.571428572
4.25 0.375 4343288.571428572
4.75 0.375 3834075.4285714286
5.25 0.375 2546065.714285714
5.75 0.375 1857130.2857142857
6.25 0.375 898611.4285714285
6.75 0.375 958518.8571428572
7.25 0.375 329490.85714285716
7.75 0.375 179722.2857142857
8.25 0.375 0.0
8.75 0.375 0.0
0.25 0.625 10903152.0
0.75 0.625 10873198.285714285
1.25 0.625 10334031.42857143
1.75 0.625 9465373.714285715
2.25 0.625 9375512.57142857
2.75 0.625 7218845.142857143
3.25 0.625 7668150.857142857
3.75 0.625 6110557.714285715
4.25 0.625 5661252.0
4.75 0.625 4672779.428571428
5.25 0.625 3504584.5714285714
5.75 0.625 3744214.285714286
6.25 0.625 2156667.4285714286
6.75 0.625 1377870.857142857
7.25 0.625 808750.2857142857
7.75 0.625 239629.7142857143
8.25 0.625 59907.42857142857
8.75 0.625 0.0
0.25 0.875 11951532.0
0.75 0.875 11981485.714285715
1.25 0.875 12041393.142857144
1.75 0.875 9884725.714285715
2.25 0.875 9495327.42857143
2.75 0.875 9495327.42857143
3.25 0.875 8626669.714285715
3.75 0.875 7548336.0
4.25 0.875 6889354.285714285
4.75 0.875 5241900.0
5.25 0.875 4073705.1428571427
5.75 0.875 3534538.285714286
6.25 0.875 2126713.714285714
6.75 0.875 2066806.2857142857
7.25 0.875 1018426.2857142857
7.75 0.875 449305.71428571426
8.25 0.875 29953.714285714286
8.75 0.875 0.0
0.25 1.125 12880097.142857144
0.75 1.125 12850143.42857143
1.25 1.125 11562133.714285715
1.75 1.125 11651994.857142856
2.25 1.125 9944633.142857144
2.75 1.125 9135882.857142856
3.25 1.125 9225744.0
3.75 1.125 7218845.142857143
4.25 1.125 6499956.0
4.75 1.125 5930835.428571428
5.25 1.125 4343288.571428572
5.75 1.125 3774168.0
6.25 1.125 2755741.714285714
6.75 1.125 1587546.857142857
7.25 1.125 838704.0
7.75 1.125 299537.14285714284
8.25 1.125 119814.85714285714
8.75 1.125 0.0
0.25 1.375 13688847.42857143
0.75 1.375 12610513.714285715
1.25 1.375 11562133.714285715
1.75 1.375 11532180.0
2.25 1.375 9914679.42857143
2.75 1.375 9046021.714285715
3.25 1.375 7817919.428571428
3.75 1.375 7458474.857142857
4.25 1.375 6470002.285714285
4.75 1.375 4852501.714285715
5.25 1.375 4313334.857142857
5.75 1.375 3235001.1428571427
6.25 1.375 2126713.714285714
6.75 1.375 1976945.142857143
7.25 1.375 1168194.857142857
7.75 1.375 149768.57142857142
8.25 1.375 29953.714285714286
8.75 1.375 0.0
0.25 1.625 12999912.0
0.75 1.625 12281022.857142856
1.25 1.625 12281022.857142856
1.75 1.625 10483800.0
2.25 1.625 10004540.57142857
2.75 1.625 9854772.0
3.25 1.625 8716530.857142856
3.75 1.625 7009169.142857143
4.25 1.625 6020696.571428572
4.75 1.625 5421622.285714285
5.25 1.625 4373242.285714285
5.75 1.625 3025325.1428571427
6.25 1.625 2336389.714285714
6.75 1.625 1497685.7142857143
7.25 1.625 898611.4285714285
7.75 1.625 209676.0
8.25 1.625 59907.42857142857
8.75 1.625 0.0
0.25 1.875 12131254.285714285
0.75 1.875 12670421.142857144
1.25 1.875 12131254.285714285
1.75 1.875 10363985.142857144
2.25 1.875 10064448.0
2.75 1.875 9435420.0
3.25 1.875 7668150.857142857
3.75 1.875 6200418.857142857
4.25 1.875 5990742.857142857
4.75 1.875 4073705.1428571427
5.25 1.875 4103658.8571428573
5.75 1.875 2006898.857142857
6.25 1.875 1946991.4285714286
6.75 1.875 1467732.0
7.25 1.875 629028.0
7.75 1.875 299537.14285714284
8.25 1.875 0.0
8.75 1.875 0.0
0.25 2.125 10753383.42857143
0.75 2.125 10334031.42857143
1.25 2.125 10723429.714285715
1.75 2.125 10723429.714285715
2.25 2.125 9285651.42857143
2.75 2.125 8686577.142857144
3.25 2.125 7278752.571428572
3.75 2.125 6499956.0
4.25 2.125 4403196.0
4.75 2.125 3235001.1428571427
5.25 2.125 2516112.0
5.75 2.125 1946991.4285714286
6.25 2.125 1048380.0
6.75 2.125 1108287.4285714286
7.25 2.125 748842.8571428572
7.75 2.125 209676.0
8.25 2.125 29953.714285714286
8.75 2.125 0.0
0.25 2.375 9764910.857142856
0.75 2.375 9525281.142857144
1.25 2.375 8746484.57142857
1.75 2.375 9105929.142857144
2.25 2.375 8177364.0
2.75 2.375 7039122.857142857
3.25 2.375 5900881.714285715
3.75 2.375 5092131.428571428
4.25 2.375 4523010.857142857
4.75 2.375 3414723.4285714286
5.25 2.375 2426250.8571428573
5.75 2.375 1407824.5714285714
6.25 2.375 1407824.5714285714
6.75 2.375 988472.5714285715
7.25 2.375 479259.4285714286
7.75 2.375 89861.14285714286
8.25 2.375 0.0
8.75 2.375 0.0
0.25 2.625 9345558.857142856
0.75 2.625 8446947.42857143
1.25 2.625 8327132.571428572
1.75 2.625 6829446.857142857
2.25 2.625 7278752.571428572
2.75 2.625 7128984.0
3.25 2.625 5631298.285714285
3.75 2.625 4433149.714285715
4.25 2.625 3774168.0
4.75 2.625 2845602.8571428573
5.25 2.625 1767269.142857143
5.75 2.625 1198148.5714285714
6.25 2.625 1347917.142857143
6.75 2.625 718889.1428571428
7.25 2.625 239629.7142857143
7.75 2.625 29953.714285714286
8.25 2.625 0.0
8.75 2.625 0.0
0.25 2.875 7278752.571428572
0.75 2.875 6769539.428571428
1.25 2.875 7188891.428571428
1.75 2.875 6499956.0
2.25 2.875 6140511.428571428
2.75 2.875 5152038.857142857
3.25 2.875 4852501.714285715
3.75 2.875 4193520.0
4.25 2.875 3025325.1428571427
4.75 2.875 2426250.8571428573
5.25 2.875 1827176.5714285714
5.75 2.875 1018426.2857142857
6.25 2.875 509213.14285714284
6.75 2.875 419352.0
7.25 2.875 149768.57142857142
7.75 2.875 0.0
8.25 2.875 0.0
8.75 2.875 0.0
0.25 3.125 6230372.571428572
0.75 3.125 6589817.142857143
1.25 3.125 5900881.714285715
1.75 3.125 6499956.0
2.25 3.125 5451576.0
2.75 3.125 5361714.857142857
3.25 3.125 3983844.0
3.75 3.125 3774168.0
4.25 3.125 2426250.8571428573
4.75 3.125 2396297.1428571427
5.25 3.125 1288009.7142857143
5.75 3.125 808750.2857142857
6.25 3.125 389398.28571428574
6.75 3.125 209676.0
7.25 3.125 269583.4285714286
7.75 3.125 0.0
8.25 3.125 0.0
8.75 3.125 0.0
0.25 3.375 5930835.428571428
0.75 3.375 6110557.714285715
1.25 3.375 5301807.428571428
1.75 3.375 4672779.428571428
2.25 3.375 4672779.428571428
2.75 3.375 4073705.1428571427
3.25 3.375 3804121.714285714
3.75 3.375 2665880.5714285714
4.25 3.375 2276482.285714286
4.75 3.375 1857130.2857142857
5.25 3.375 1138241.142857143
5.75 3.375 539166.8571428572
6.25 3.375 389398.28571428574
6.75 3.375 149768.57142857142
7.25 3.375 89861.14285714286
7.75 3.375 29953.714285714286
8.25 3.375 0.0
8.75 3.375 0.0
0.25 3.625 4762640.571428572
0.75 3.625 4762640.571428572
1.25 3.625 4822548.0
1.75 3.625 4523010.857142857
2.25 3.625 4193520.0
2.75 3.625 3564492.0
3.25 3.625 2845602.8571428573
3.75 3.625 2456204.5714285714
4.25 3.625 1617500.5714285714
4.75 3.625 1437778.2857142857
5.25 3.625 1168194.857142857
5.75 3.625 389398.28571428574
6.25 3.625 389398.28571428574
6.75 3.625 119814.85714285714
7.25 3.625 29953.714285714286
7.75 3.625 0.0
8.25 3.625 0.0
8.75 3.625 0.0
0.25 3.875 3893982.8571428573
0.75 3.875 4223473.714285715
1.25 3.875 3624399.4285714286
1.75 3.875 4133612.5714285714
2.25 3.875 2995371.4285714286
2.75 3.875 2935464.0
3.25 3.875 2815649.1428571427
3.75 3.875 2576019.4285714286
4.25 3.875 2156667.4285714286
4.75 3.875 658981.7142857143
5.25 3.875 658981.7142857143
5.75 3.875 389398.28571428574
6.25 3.875 179722.2857142857
6.75 3.875 179722.2857142857
7.25 3.875 59907.42857142857
7.75 3.875 0.0
8.25 3.875 0.0
8.75 3.875 0.0
0.25 4.125 3384769.714285714
0.75 4.125 3774168.0
1.25 4.125 3025325.1428571427
1.75 4.125 2755741.714285714
2.25 4.125 2456204.5714285714
2.75 4.125 2576019.4285714286
3.25 4.125 2516112.0
3.75 4.125 1647454.2857142857
4.25 4.125 1707361.7142857143
4.75 4.125 838704.0
5.25 4.125 748842.8571428572
5.75 4.125 299537.14285714284
6.25 4.125 239629.7142857143
6.75 4.125 59907.42857142857
7.25 4.125 59907.42857142857
7.75 4.125 0.0
8.25 4.125 0.0
8.75 4.125 0.0
0.25 4.375 2126713.714285714
0.75 4.375 2695834.285714286
1.25 4.375 2665880.5714285714
1.75 4.375 2576019.4285714286
2.25 4.375 2246528.5714285714
2.75 4.375 2546065.714285714
3.25 4.375 1557593.142857143
3.75 4.375 1617500.5714285714
4.25 4.375 1228102.2857142857
4.75 4.375 778796.5714285715
5.25 4.375 539166.8571428572
5.75 4.375 239629.7142857143
6.25 4.375 29953.714285714286
6.75 4.375 119814.85714285714
7.25 4.375 29953.714285714286
7.75 4.375 0.0
8.25 4.375 0.0
8.75 4.375 0.0
0.25 4.625 2036852.5714285714
0.75 4.625 2665880.5714285714
1.25 4.625 2126713.714285714
1.75 4.625 2126713.714285714
2.25 4.625 1946991.4285714286
2.75 4.625 1527639.4285714286
3.25 4.625 1198148.5714285714
3.75 4.625 838704.0
4.25 4.625 958518.8571428572
4.75 4.625 569120.5714285715
5.25 4.625 419352.0
5.75 4.625 359444.5714285714
6.25 4.625 149768.57142857142
6.75 4.625 59907.42857142857
7.25 4.625 0.0
7.75 4.625 0.0
8.25 4.625 0.0
8.75 4.625 0.0
0.25 4.875 1467732.0
0.75 4.875 1887084.0
1.25 4.875 1737315.4285714286
1.75 4.875 1557593.142857143
2.25 4.875 1497685.7142857143
2.75 4.875 1437778.2857142857
3.25 4.875 1018426.2857142857
3.75 4.875 718889.1428571428
4.25 4.875 688935.4285714285
4.75 4.875 449305.71428571426
5.25 4.875 179722.2857142857
5.75 4.875 89861.14285714286
6.25 4.875 119814.85714285714
6.75 4.875 0.0
7.25 4.875 0.0
7.75 4.875 0.0
8.25 4.875 0.0
8.75 4.875 0.0
0.25 5.125 1617500.5714285714
0.75 5.125 1527639.4285714286
1.25 5.125 1587546.857142857
1.75 5.125 1168194.857142857
2.25 5.125 1347917.142857143
2.75 5.125 1108287.4285714286
3.25 5.125 1078333.7142857143
3.75 5.125 658981.7142857143
4.25 5.125 449305.71428571426
4.75 5.125 449305.71428571426
5.25 5.125 269583.4285714286
5.75 5.125 149768.57142857142
6.25 5.125 59907.42857142857
6.75 5.125 29953.714285714286
7.25 5.125 0.0
7.75 5.125 0.0
8.25 5.125 0.0
8.75 5.125 0.0
0.25 5.375 1138241.142857143
0.75 5.375 1198148.5714285714
1.25 5.375 1347917.142857143
1.75 5.375 1317963.4285714286
2.25 5.375 1347917.142857143
2.75 5.375 1317963.4285714286
3.25 5.375 599074.2857142857
3.75 5.375 868657.7142857143
4.25 5.375 629028.0
4.75 5.375 269583.4285714286
5.25 5.375 149768.57142857142
5.75 5.375 29953.714285714286
6.25 5.375 0.0
6.75 5.375 0.0
7.25 5.375 0.0
7.75 5.375 0.0
8.25 5.375 0.0
8.75 5.375 0.0
0.25 5.625 1168194.857142857
0.75 5.625 958518.8571428572
1.25 5.625 1317963.4285714286
1.75 5.625 808750.2857142857
2.25 5.625 808750.2857142857
2.75 5.625 778796.5714285715
3.25 5.625 778796.5714285715
3.75 5.625 479259.4285714286
4.25 5.625 329490.85714285716
4.75 5.625 179722.2857142857
5.25 5.625 179722.2857142857
5.75 5.625 59907.42857142857
6.25 5.625 59907.42857142857
6.75 5.625 29953.714285714286
7.25 5.625 0.0
7.75 5.625 0.0
8.25 5.625 0.0
8.75 5.625 0.0
0.25 5.875 1018426.2857142857
0.75 5.875 928565.1428571428
1.25 5.875 808750.2857142857
1.75 5.875 838704.0
2.25 5.875 928565.1428571428
2.75 5.875 778796.5714285715
3.25 5.875 748842.8571428572
3.75 5.875 359444.5714285714
4.25 5.875 239629.7142857143
4.75 5.875 269583.4285714286
5.25 5.875 269583.4285714286
5.75 5.875 89861.14285714286
6.25 5.875 29953.714285714286
6.75 5.875 0.0
7.25 5.875 0.0
7.75 5.875 0.0
8.25 5.875 0.0
8.75 5.875 0.0
0.25 6.125 658981.7142857143
0.75 6.125 658981.7142857143
1.25 6.125 658981.7142857143
1.75 6.125 928565.1428571428
2.25 6.125 808750.2857142857
2.75 6.125 539166.8571428572
3.25 6.125 329490.85714285716
3.75 6.125 389398.28571428574
4.25 6.125 299537.14285714284
4.75 6.125 209676.0
5.25 6.125 149768.57142857142
5.75 6.125 0.0
6.25 6.125 29953.714285714286
6.75 6.125 0.0
7.25 6.125 0.0
7.75 6.125 0.0
8.25 6.125 0.0
8.75 6.125 0.0
0.25 6.375 299537.14285714284
0.75 6.375 658981.7142857143
1.25 6.375 629028.0
1.75 6.375 718889.1428571428
2.25 6.375 359444.5714285714
2.75 6.375 539166.8571428572
3.25 6.375 389398.28571428574
3.75 6.375 239629.7142857143
4.25 6.375 179722.2857142857
4.75 6.375 119814.85714285714
5.25 6.375 59907.42857142857
5.75 6.375 89861.14285714286
6.25 6.375 0.0
6.75 6.375 0.0
7.25 6.375 0.0
7.75 6.375 0.0
8.25 6.375 0.0
8.75 6.375 0.0
0.25 6.625 329490.85714285716
0.75 6.625 389398.28571428574
1.25 6.625 329490.85714285716
1.75 6.625 299537.14285714284
2.25 6.625 539166.8571428572
2.75 6.625 449305.71428571426
3.25 6.625 299537.14285714284
3.75 6.625 149768.57142857142
4.25 6.625 89861.14285714286
4.75 6.625 179722.2857142857
5.25 6.625 59907.42857142857
5.75 6.625 59907.42857142857
6.25 6.625 0.0
6.75 6.625 0.0
7.25 6.625 0.0
7.75 6.625 0.0
8.25 6.625 0.0
8.75 6.625 0.0
0.25 6.875 239629.7142857143
0.75 6.875 599074.2857142857
1.25 6.875 449305.71428571426
1.75 6.875 449305.71428571426
2.25 6.875 359444.5714285714
2.75 6.875 449305.71428571426
3.25 6.875 299537.14285714284
3.75 6.875 179722.2857142857
4.25 6.875 59907.42857142857
4.75 6.875 59907.42857142857
5.25 6.875 29953.714285714286
5.75 6.875 0.0
6.25 6.875 0.0
6.75 6.875 0.0
7.25 6.875 0.0
7.75 6.875 0.0
8.25 6.875 0.0
8.75 6.875 0.0
0.25 7.125 329490.85714285716
0.75 7.125 269583.4285714286
1.25 7.125 389398.28571428574
1.75 7.125 269583.4285714286
2.25 7.125 269583.4285714286
2.75 7.125 329490.85714285716
3.25 7.125 209676.0
3.75 7.125 239629.7142857143
4.25 7.125 89861.14285714286
4.75 7.125 59907.42857142857
5.25 7.125 89861.14285714286
5.75 7.125 29953.714285714286
6.25 7.125 0.0
6.75 7.125 0.0
7.25 7.125 0.0
7.75 7.125 0.0
8.25 7.125 0.0
8.75 7.125 0.0
0.25 7.375 419352.0
0.75 7.375 269583.4285714286
1.25 7.375 269583.4285714286
1.75 7.375 149768.57142857142
2.25 7.375 269583.4285714286
2.75 7.375 149768.57142857142
3.25 7.375 149768.57142857142
3.75 7.375 149768.57142857142
4.25 7.375 89861.14285714286
4.75 7.375 119814.85714285714
5.25 7.375 59907.42857142857
5.75 7.375 0.0
6.25 7.375 0.0
6.75 7.375 0.0
7.25 7.375 0.0
7.75 7.375 0.0
8.25 7.375 0.0
8.75 7.375 0.0
0.25 7.625 299537.14285714284
0.75 7.625 239629.7142857143
1.25 7.625 269583.4285714286
1.75 7.625 299537.14285714284
2.25 7.625 269583.4285714286
2.75 7.625 179722.2857142857
3.25 7.625 59907.42857142857
3.75 7.625 209676.0
4.25 7.625 89861.14285714286
4.75 7.625 59907.42857142857
5.25 7.625 0.0
5.75 7.625 0.0
6.25 7.625 0.0
6.75 7.625 0.0
7.25 7.625 0.0
7.75 7.625 0.0
8.25 7.625 0.0
8.75 7.625 0.0
0.25 7.875 239629.7142857143
0.75 7.875 149768.57142857142
1.25 7.875 329490.85714285716
1.75 7.875 239629.7142857143
2.25 7.875 179722.2857142857
2.75 7.875 119814.85714285714
3.25 7.875 29953.714285714286
3.75 7.875 59907.42857142857
4.25 7.875 29953.714285714286
4.75 7.875 0.0
5.25 7.875 29953.714285714286
5.75 7.875 0.0
6.25 7.875 29953.714285714286
6.75 7.875 29953.714285714286
7.25 7.875 0.0
7.75 7.875 0.0
8.25 7.875 0.0
8.75 7.875 0.0
0.25 8.125 119814.85714285714
0.75 8.125 239629.7142857143
1.25 8.125 89861.14285714286
1.75 8.125 179722.2857142857
2.25 8.125 119814.85714285714
2.75 8.125 149768.57142857142
3.25 8.125 239629.7142857143
3.75 8.125 89861.14285714286
4.25 8.125 89861.14285714286
4.75 8.125 59907.42857142857
5.25 8.125 0.0
5.75 8.125 0.0
6.25 8.125 0.0
6.75 8.125 0.0
7.25 8.125 0.0
7.75 8.125 0.0
8.25 8.125 0.0
8.75 8.125 0.0
0.25 8.375 89861.14285714286
0.75 8.375 119814.85714285714
1.25 8.375 239629.7142857143
1.75 8.375 89861.14285714286
2.25 8.375 89861.14285714286
2.75 8.375 59907.42857142857
3.25 8.375 59907.42857142857
3.75 8.375 29953.714285714286
4.25 8.375 0.0
4.75 8.375 0.0
5.25 8.375 0.0
5.75 8.375 0.0
6.25 8.375 0.0
6.75 8.375 0.0
7.25 8.375 0.0
7.75 8.375 0.0
8.25 8.375 0.0
8.75 8.375 0.0
0.25 8.625 179722.2857142857
0.75 8.625 89861.14285714286
1.25 8.625 89861.14285714286
1.75 8.625 119814.85714285714
2.25 8.625 89861.14285714286
2.75 8.625 89861.14285714286
3.25 8.625 89861.14285714286
3.75 8.625 59907.42857142857
4.25 8.625 119814.85714285714
4.75 8.625 29953.714285714286
5.25 8.625 0.0
5.75 8.625 0.0
6.25 8.625 0.0
6.75 8.625 0.0
7.25 8.625 0.0
7.75 8.625 0.0
8.25 8.625 0.0
8.75 8.625 0.0
0.25 8.875 119814.85714285714
0.75 8.875 209676.0
1.25 8.875 59907.42857142857
1.75 8.875 149768.57142857142
2.25 8.875 119814.85714285714
2.75 8.875 89861.14285714286
3.25 8.875 59907.42857142857
3.75 8.875 119814.85714285714
4.25 8.875 29953.714285714286
4.75 8.875 0.0
5.25 8.875 0.0
5.75 8.875 0.0
6.25 8.875 0.0
6.75 8.875 0.0
7.25 8.875 0.0
7.75 8.875 0.0
8.25 8.875 0.0
8.75 8.875 0.0
0.25 9.125 59907.42857142857
0.75 9.125 119814.85714285714
1.25 9.125 29953.714285714286
1.75 9.125 59907.42857142857
2.25 9.125 0.0
2.75 9.125 59907.42857142857
3.25 9.125 59907.42857142857
3.75 9.125 29953.714285714286
4.25 9.125 0.0
4.75 9.125 29953.714285714286
5.25 9.125 0.0
5.75 9.125 0.0
6.25 9.125 0.0
6.75 9.125 0.0
7.25 9.125 0.0
7.75 9.125 0.0
8.25 9.125 0.0
8.75 9.125 0.0
0.25 9.375 149768.57142857142
0.75 9.375 89861.14285714286
1.25 9.375 149768.57142857142
1.75 9.375 149768.57142857142
2.25 9.375 29953.714285714286
2.75 9.375 0.0
3.25 9.375 29953.714285714286
3.75 9.375 29953.714285714286
4.25 9.375 29953.714285714286
4.75 9.375 0.0
5.25 9.375 29953.714285714286
5.75 9.375 0.0
6.25 9.375 0.0
6.75 9.375 0.0
7.25 9.375 0.0
7.75 9.375 0.0
8.25 9.375 0.0
8.75 9.375 0.0
0.25 9.625 89861.14285714286
0.75 9.625 89861.14285714286
1.25 9.625 149768.57142857142
1.75 9.625 89861.14285714286
2.25 9.625 119814.85714285714
2.75 9.625 89861.14285714286
3.25 9.625 59907.42857142857
3.75 9.625 29953.714285714286
4.25 9.625 59907.42857142857
4.75 9.625 29953.714285714286
5.25 9.625 0.0
5.75 9.625 0.0
6.25 9.625 0.0
6.75 9.625 0.0
7.25 9.625 0.0
7.75 9.625 0.0
8.25 9.625 0.0
8.75 9.625 0.0
0.25 9.875 0.0
0.75 9.875 29953.714285714286
1.25 9.875 59907.42857142857
1.75 9.875 29953.714285714286
2.25 9.875 59907.42857142857
2.75 9.875 89861.14285714286
3.25 9.875 0.0
3.75 9.875 29953.714285714286
4.25 9.875 0.0
4.75 9.875 29953.714285714286
5.25 9.875 0.0
5.75 9.875 29953.714285714286
6.25 9.875 0.0
6.75 9.875 0.0
7.25 9.875 0.0
7.75 9.875 0.0
8.25 9.875 0.0
8.75 9.875 0.0
0.25 10.125 59907.42857142857
0.75 10.125 59907.42857142857
1.25 10.125 89861.14285714286
1.75 10.125 29953.714285714286
2.25 10.125 29953.714285714286
2.75 10.125 59907.42857142857
3.25 10.125 0.0
3.75 10.125 29953.714285714286
4.25 10.125 0.0
4.75 10.125 0.0
5.25 10.125 29953.714285714286
5.75 10.125 0.0
6.25 10.125 0.0
6.75 10.125 0.0
7.25 10.125 0.0
7.75 10.125 0.0
8.25 10.125 0.0
8.75 10.125 0.0
0.25 10.375 59907.42857142857
0.75 10.375 0.0
1.25 10.375 59907.42857142857
1.75 10.375 59907.42857142857
2.25 10.375 0.0
2.75 10.375 29953.714285714286
3.25 10.375 59907.42857142857
3.75 10.375 0.0
4.25 10.375 0.0
4.75 10.375 29953.714285714286
5.25 10.375 0.0
5.75 10.375 0.0
6.25 10.375 0.0
6.75 10.375 0.0
7.25 10.375 0.0
7.75 10.375 0.0
8.25 10.375 0.0
8.75 10.375 0.0
0.25 10.625 0.0
0.75 10.625 29953.714285714286
1.25 10.625 59907.42857142857
1.75 10.625 89861.14285714286
2.25 10.625 119814.85714285714
2.75 10.625 59907.42857142857
3.25 10.625 0.0
3.75 10.625 0.0
4.25 10.625 0.0
4.75 10.625 0.0
5.25 10.625 0.0
5.75 10.625 0.0
6.25 10.625 0.0
6.75 10.625 0.0
7.25 10.625 0.0
7.75 10.625 0.0
8.25 10.625 0.0
8.75 10.625 0.0
0.25 10.875 59907.42857142857
0.75 10.875 29953.714285714286
1.25 10.875 29953.714285714286
1.75 10.875 149768.57142857142
2.25 10.875 0.0
2.75 10.875 0.0
3.25 10.875 0.0
3.75 10.875 0.0
4.25 10.875 0.0
4.75 10.875 0.0
5.25 10.875 0.0
5.75 10.875 0.0
6.25 10.875 0.0
6.75 10.875 0.0
7.25 10.875 0.0
7.75 10.875 0.0
8.25 10.875 0.0
8.75 10.875 0.0
0.25 11.125 0.0
0.75 11.125 29953.714285714286
1.25 11.125 89861.14285714286
1.75 11.125 0.0
2.25 11.125 59907.42857142857
2.75 11.125 0.0
3.25 11.125 0.0
3.75 11.125 29953.714285714286
4.25 11.125 0.0
4.75 11.125 0.0
5.25 11.125 0.0
5.75 11.125 0.0
6.25 11.125 0.0
6.75 11.125 0.0
7.25 11.125 0.0
7.75 11.125 0.0
8.25 11.125 0.0
8.75 11.125 0.0
0.25 11.375 29953.714285714286
0.75 11.375 0.0
1.25 11.375 89861.14285714286
1.75 11.375 59907.42857142857
2.25 11.375 59907.42857142857
2.75 11.375 0.0
3.25 11.375 29953.714285714286
3.75 11.375 0.0
4.25 11.375 0.0
4.75 11.375 0.0
5.25 11.375 0.0
5.75 11.375 0.0
6.25 11.375 0.0
6.75 11.375 0.0
7.25 11.375 0.0
7.75 11.375 0.0
8.25 11.375 0.0
8.75 11.375 0.0
0.25 11.625 0.0
0.75 11.625 0.0
1.25 11.625 59907.42857142857
1.75 11.625 0.0
2.25 11.625 0.0
2.75 11.625 29953.714285714286
3.25 11.625 29953.714285714286
3.75 11.625 29953.714285714286
4.25 11.625 0.0
4.75 11.625 0.0
5.25 11.625 0.0
5.75 11.625 0.0
6.25 11.625 0.0
6.75 11.625 0.0
7.25 11.625 0.0
7.75 11.625 0.0
8.25 11.625 0.0
8.75 11.625 0.0
0.25 11.875 0.0
0.75 11.875 0.0
1.25 11.875 0.0
1.75 11.875 29953.714285714286
2.25 11.875 59907.42857142857
2.75 11.875 0.0
3.25 11.875 0.0
3.75 11.875 0.0
4.25 11.875 0.0
4.75 11.875 0.0
5.25 11.875 0.0
5.75 11.875 0.0
6.25 11.875 0.0
6.75 11.875 0.0
7.25 11.875 0.0
7.75 11.875 0.0
8.25 11.875 0.0
8.75 11.875 0.0
0.25 12.125 29953.714285714286
0.75 12.125 29953.714285714286
1.25 12.125 59907.42857142857
1.75 12.125 0.0
2.25 12.125 0.0
2.75 12.125 0.0
3.25 12.125 0.0
3.75 12.125 0.0
4.25 12.125 0.0
4.75 12.125 0.0
5.25 12.125 0.0
5.75 12.125 0.0
6.25 12.125 0.0
6.75 12.125 0.0
7.25 12.125 0.0
7.75 12.125 0.0
8.25 12.125 0.0
8.75 12.125 0.0
0.25 12.375 29953.714285714286
0.75 12.375 0.0
1.25 12.375 29953.714285714286
1.75 12.375 0.0
2.25 12.375 29953.714285714286
2.75 12.375 29953.714285714286
3.25 12.375 0.0
3.75 12.375 59907.42857142857
4.25 12.375 0.0
4.75 12.375 0.0
5.25 12.375 0.0
5.75 12.375 0.0
6.25 12.375 0.0
6.75 12.375 0.0
7.25 12.375 0.0
7.75 12.375 0.0
8.25 12.375 0.0
8.75 12.375 0.0
0.25 12.625 29953.714285714286
0.75 12.625 0.0
1.25 12.625 0.0
1.75 12.625 0.0
2.25 12.625 0.0
2.75 12.625 0.0
3.25 12.625 29953.714285714286
3.75 12.625 29953.714285714286
4.25 12.625 0.0
4.75 12.625 0.0
5.25 12.625 0.0
5.75 12.625 0.0
6.25 12.625 0.0
6.75 12.625 0.0
7.25 12.625 0.0
7.75 12.625 0.0
8.25 12.625 0.0
8.75 12.625 0.0
0.25 12.875 0.0
0.75 12.875 59907.42857142857
1.25 12.875 0.0
1.75 12.875 0.0
2.25 12.875 0.0
2.75 12.875 0.0
3.25 12.875 29953.714285714286
3.75 12.875 0.0
4.25 12.875 0.0
4.75 12.875 0.0
5.25 12.875 0.0
5.75 12.875 0.0
6.25 12.875 0.0
6.75 12.875 0.0
7.25 12.875 0.0
7.75 12.875 0.0
8.25 12.875 0.0
8.75 12.875 0.0
0.25 13.125 0.0
0.75 13.125 29953.714285714286
1.25 13.125 0.0
1.75 13.125 0.0
2.25 13.125 0.0
2.75 13.125 0.0
3.25 13.125 0.0
3.75 13.125 0.0
4.25 13.125 0.0
4.75 13.125 0.0
5.25 13.125 0.0
5.75 13.125 0.0
6.25 13.125 0.0
6.75 13.125 0.0
7.25 13.125 0.0
7.75 13.125 0.0
8.25 13.125 0.0
8.75 13.125 0.0
0.25 13.375 29953.714285714286
0.75 13.375 0.0
1.25 13.375 89861.14285714286
1.75 13.375 29953.714285714286
2.25 13.375 0.0
2.75 13.375 0.0
3.25 13.375 0.0
3.75 13.375 0.0
4.25 13.375 0.0
4.75 13.375 0.0
5.25 13.375 0.0
5.75 13.375 0.0
6.25 13.375 0.0
6.75 13.375 0.0
7.25 13.375 0.0
7.75 13.375 0.0
8.25 13.375 0.0
8.75 13.375 0.0
0.25 13.625 0.0
0.75 13.625 59907.42857142857
1.25 13.625 29953.714285714286
1.75 13.625 0.0
2.25 13.625 0.0
2.75 13.625 0.0
3.25 13.625 0.0
3.75 13.625 0.0
4.25 13.625 29953.714285714286
4.75 13.625 0.0
5.25 13.625 0.0
5.75 13.625 0.0
6.25 13.625 0.0
6.75 13.625 0.0
7.25 13.625 0.0
7.75 13.625 0.0
8.25 13.625 0.0
8.75 13.625 0.0
0.25 13.875 0.0
0.75 13.875 0.0
1.25 13.875 0.0
1.75 13.875 0.0
2.25 13.875 0.0
2.75 13.875 0.0
3.25 13.875 29953.714285714286
3.75 13.875 0.0
4.25 13.875 0.0
4.75 13.875 29953.714285714286
5.25 13.875 0.0
5.75 13.875 0.0
6.25 13.875 0.0
6.75 13.875 0.0
7.25 13.875 0.0
7.75 13.875 0.0
8.25 13.875 0.0
8.75 13.875 0.0
0.25 14.125 29953.714285714286
0.75 14.125 0.0
1.25 14.125 29953.714285714286
1.75 14.125 0.0
2.25 14.125 0.0
2.75 14.125 0.0
3.25 14.125 0.0
3.75 14.125 0.0
4.25 14.125 0.0
4.75 14.125 0.0
5.25 14.125 0.0
5.75 14.125 0.0
6.25 14.125 0.0
6.75 14.125 0.0
7.25 14.125 0.0
7.75 14.125 0.0
8.25 14.125 0.0
8.75 14.125 0.0
0.25 14.375 29953.714285714286
0.75 14.375 89861.14285714286
1.25 14.375 0.0
1.75 14.375 0.0
2.25 14.375 0.0
2.75 14.375 0.0
3.25 14.375 0.0
3.75 14.375 0.0
4.25 14.375 0.0
4.75 14.375 0.0
5.25 14.375 0.0
5.75 14.375 0.0
6.25 14.375 0.0
6.75 14.375 0.0
7.25 14.375 0.0
7.75 14.375 0.0
8.25 14.375 0.0
8.75 14.375 0.0
0.25 14.625 0.0
0.75 14.625 0.0
1.25 14.625 0.0
1.75 14.625 29953.714285714286
2.25 14.625 0.0
2.75 14.625 0.0
3.25 14.625 0.0
3.75 14.625 0.0
4.25 14.625 0.0
4.75 14.625 0.0
5.25 14.625 0.0
5.75 14.625 0.0
6.25 14.625 0.0
6.75 14.625 0.0
7.25 14.625 0.0
7.75 14.625 0.0
8.25 14.625 0.0
8.75 14.625 0.0
0.25 14.875 59907.42857142857
0.75 14.875 0.0
1.25 14.875 0.0
1.75 14.875 29953.714285714286
2.25 14.875 29953.714285714286
2.75 14.875 29953.714285714286
3.25 14.875 0.0
3.75 14.875 0.0
4.25 14.875 0.0
4.75 14.875 29953.714285714286
5.25 14.875 0.0
5.75 14.875 0.0
6.25 14.875 0.0
6.75 14.875 0.0
7.25 14.875 0.0
7.75 14.875 0.0
8.25 14.875 0.0
8.75 14.875 0.0
0.25 15.125 0.0
0.75 15.125 0.0
1.25 15.125 0.0
1.75 15.125 0.0
2.25 15.125 0.0
2.75 15.125 0.0
3.25 15.125 0.0
3.75 15.125 29953.714285714286
4.25 15.125 0.0
4.75 15.125 0.0
5.25 15.125 0.0
5.75 15.125 0.0
6.25 15.125 0.0
6.75 15.125 0.0
7.25 15.125 0.0
7.75 15.125 0.0
8.25 15.125 0.0
8.75 15.125 0.0
0.25 15.375 0.0
0.75 15.375 0.0
1.25 15.375 0.0
1.75 15.375 0.0
2.25 15.375 0.0
2.75 15.375 0.0
3.25 15.375 0.0
3.75 15.375 0.0
4.25 15.375 0.0
4.75 15.375 0.0
5.25 15.375 0.0
5.75 15.375 0.0
6.25 15.375 0.0
6.75 15.375 0.0
7.25 15.375 0.0
7.75 15.375 0.0
8.25 15.375 0.0
8.75 15.375 0.0
0.25 15.625 0.0
0.75 15.625 0.0
1.25 15.625 0.0
1.75 15.625 29953.714285714286
2.25 15.625 0.0
2.75 15.625 0.0
3.25 15.625 0.0
3.75 15.625 0.0
4.25 15.625 0.0
4.75 15.625 0.0
5.25 15.625 0.0
5.75 15.625 0.0
6.25 15.625 0.0
6.75 15.625 0.0
7.25 15.625 0.0
7.75 15.625 0.0
8.25 15.625 0.0
8.75 15.625 0.0
0.25 15.875 0.0
0.75 15.875 29953.714285714286
1.25 15.875 0.0
1.75 15.875 0.0
2.25 15.875 0.0
2.75 15.875 0.0
3.25 15.875 0.0
3.75 15.875 0.0
4.25 15.875 0.0
4.75 15.875 0.0
5.25 15.875 0.0
5.75 15.875 0.0
6.25 15.875 0.0
6.75 15.875 0.0
7.25 15.875 0.0
7.75 15.875 0.0
8.25 15.875 0.0
8.75 15.875 0.0
0.25 16.125 0.0
0.75 16.125 29953.714285714286
1.25 16.125 29953.714285714286
1.75 16.125 0.0
2.25 16.125 29953.714285714286
2.75 16.125 0.0
3.25 16.125 0.0
3.75 16.125 0.0
4.25 16.125 0.0
4.75 16.125 0.0
5.25 16.125 0.0
5.75 16.125 0.0
6.25 16.125 0.0
6.75 16.125 0.0
7.25 16.125 0.0
7.75 16.125 0.0
8.25 16.125 0.0
8.75 16.125 0.0
0.25 16.375 0.0
0.75 16.375 29953.714285714286
1.25 16.375 0.0
1.75 16.375 0.0
2.25 16.375 0.0
2.75 16.375 0.0
3.25 16.375 0.0
3.75 16.375 0.0
4.25 16.375 0.0
4.75 16.375 0.0
5.25 16.375 0.0
5.75 16.375 0.0
6.25 16.375 0.0
6.75 16.375 0.0
7.25 16.375 0.0
7.75 16.375 0.0
8.25 16.375 0.0
8.75 16.375 0.0
0.25 16.625 0.0
0.75 16.625 0.0
1.25 16.625 0.0
1.75 16.625 0.0
2.25 16.625 0.0
2.75 16.625 0.0
3.25 16.625 0.0
3.75 16.625 0.0
4.25 16.625 0.0
4.75 16.625 0.0
5.25 16.625 0.0
5.75 16.625 0.0
6.25 16.625 0.0
6.75 16.625 0.0
7.25 16.625 0.0
7.75 16.625 0.0
8.25 16.625 0.0
8.75 16.625 0.0
0.25 16.875 29953.714285714286
0.75 16.875 0.0
1.25 16.875 0.0
1.75 16.875 0.0
2.25 16.875 0.0
2.75 16.875 0.0
3.25 16.875 0.0
3.75 16.875 29953.714285714286
4.25 16.875 0.0
4.75 16.875 0.0
5.25 16.875 0.0
5.75 16.875 0.0
6.25 16.875 0.0
6.75 16.875 0.0
7.25 16.875 0.0
7.75 16.875 0.0
8.25 16.875 0.0
8.75 16.875 0.0
0.25 17.125 0.0
0.75 17.125 0.0
1.25 17.125 0.0
1.75 17.125 0.0
2.25 17.125 0.0
2.75 17.125 0.0
3.25 17.125 0.0
3.75 17.125 0.0
4.25 17.125 0.0
4.75 17.125 0.0
5.25 17.125 0.0
5.75 17.125 0.0
6.25 17.125 0.0
6.75 17.125 0.0
7.25 17.125 0.0
7.75 17.125 0.0
8.25 17.125 0.0
8.75 17.125 0.0
0.25 17.375 29953.714285714286
0.75 17.375 0.0
1.25 17.375 0.0
1.75 17.375 0.0
2.25 17.375 0.0
2.75 17.375 0.0
3.25 17.375 0.0
3.75 17.375 0.0
4.25 17.375 0.0
4.75 17.375 0.0
5.25 17.375 0.0
5.75 17.375 0.0
6.25 17.375 0.0
6.75 17.375 0.0
7.25 17.375 0.0
7.75 17.375 0.0
8.25 17.375 0.0
8.75 17.375 0.0
0.25 17.625 0.0
0.75 17.625 0.0
1.25 17.625 0.0
1.75 17.625 0.0
2.25 17.625 0.0
2.75 17.625 0.0
3.25 17.625 0.0
3.75 17.625 0.0
4.25 17.625 0.0
4.75 17.625 0.0
5.25 17.625 0.0
5.75 17.625 0.0
6.25 17.625 0.0
6.75 17.625 0.0
7.25 17.625 0.0
7.75 17.625 0.0
8.25 17.625 0.0
8.75 17.625 0.0
0.25 17.875 0.0
0.75 17.875 0.0
1.25 17.875 0.0
1.75 17.875 0.0
2.25 17.875 0.0
2.75 17.875 0.0
3.25 17.875 0.0
3.75 17.875 0.0
4.25 17.875 0.0
4.75 17.875 0.0
5.25 17.875 0.0
5.75 17.875 0.0
6.25 17.875 0.0
6.75 17.875 0.0
7.25 17.875 0.0
7.75 17.875 0.0
8.25 17.875 0.0
8.75 17.875 0.0
0.25 18.125 0.0
0.75 18.125 0.0
1.25 18.125 0.0
1.75 18.125 0.0
2.25 18.125 0.0
2.75 18.125 0.0
3.25 18.125 0.0
3.75 18.125 0.0
4.25 18.125 0.0
4.75 18.125 0.0
5.25 18.125 0.0
5.75 18.125 0.0
6.25 18.125 0.0
6.75 18.125 0.0
7.25 18.125 0.0
7.75 18.125 0.0
8.25 18.125 0.0
8.75 18.125 0.0
0.25 18.375 0.0
0.75 18.375 0.0
1.25 18.375 0.0
1.75 18.375 0.0
2.25 18.375 29953.714285714286
2.75 18.375 0.0
3.25 18.375 29953.714285714286
3.75 18.375 0.0
4.25 18.375 0.0
4.75 18.375 0.0
5.25 18.375 0.0
5.75 18.375 0.0
6.25 18.375 0.0
6.75 18.375 0.0
7.25 18.375 0.0
7.75 18.375 0.0
8.25 18.375 0.0
8.75 18.375 0.0
0.25 18.625 0.0
0.75 18.625 0.0
1.25 18.625 0.0
1.75 18.625 0.0
2.25 18.625 0.0
2.75 18.625 0.0
3.25 18.625 0.0
3.75 18.625 0.0
4.25 18.625 0.0
4.75 18.625 0.0
5.25 18.625 0.0
5.75 18.625 0.0
6.25 18.625 0.0
6.75 18.625 0.0
7.25 18.625 0.0
7.75 18.625 0.0
8.25 18.625 0.0
8.75 18.625 0.0
0.25 18.875 0.0
0.75 18.875 29953.714285714286
1.25 18.875 0.0
1.75 18.875 29953.714285714286
2.25 18.875 29953.714285714286
2.75 18.875 0.0
3.25 18.875 0.0
3.75 18.875 0.0
4.25 18.875 0.0
4.75 18.875 0.0
5.25 18.875 0.0
5.75 18.875 0.0
6.25 18.875 0.0
6.75 18.875 0.0
7.25 18.875 0.0
7.75 18.875 0.0
8.25 18.875 0.0
8.75 18.875 0.0
0.25 19.125 0.0
0.75 19.125 0.0
1.25 19.125 0.0
1.75 19.125 0.0
2.25 19.125 0.0
2.75 19.125 0.0
3.25 19.125 0.0
3.75 19.125 0.0
4.25 19.125 0.0
4.75 19.125 0.0
5.25 19.125 0.0
5.75 19.125 0.0
6.25 19.125 0.0
6.75 19.125 0.0
7.25 19.125 0.0
7.75 19.125 0.0
8.25 19.125 0.0
8.75 19.125 0.0
0.25 19.375 0.0
0.75 19.375 0.0
1.25 19.375 0.0
1.75 19.375 0.0
2.25 19.375 0.0
2.75 19.375 0.0
3.25 19.375 0.0
3.75 19.375 0.0
4.25 19.375 0.0
4.75 19.375 0.0
5.25 19.375 0.0
5.75 19.375 0.0
6.25 19.375 0.0
6.75 19.375 0.0
7.25 19.375 0.0
7.75 19.375 0.0
8.25 19.375 0.0
8.75 19.375 0.0
0.25 19.625 0.0
0.75 19.625 0.0
1.25 19.625 0.0
1.75 19.625 0.0
2.25 19.625 0.0
2.75 19.625 0.0
3.25 19.625 0.0
3.75 19.625 0.0
4.25 19.625 0.0
4.75 19.625 29953.714285714286
5.25 19.625 0.0
5.75 19.625 0.0
6.25 19.625 0.0
6.75 19.625 0.0
7.25 19.625 0.0
7.75 19.625 0.0
8.25 19.625 0.0
8.75 19.625 0.0
0.25 19.875 0.0
0.75 19.875 0.0
1.25 19.875 0.0
1.75 19.875 0.0
2.25 19.875 0.0
2.75 19.875 0.0
3.25 19.875 0.0
3.75 19.875 0.0
4.25 19.875 0.0
4.75 19.875 0.0
5.25 19.875 0.0
5.75 19.875 0.0
6.25 19.875 0.0
6.75 19.875 0.0
7.25 19.875 0.0
7.75 19.875 0.0
8.25 19.875 0.0
8.75 19.875 0.0
0.25 20.125 0.0
0.75 20.125 0.0
1.25 20.125 29953.714285714286
1.75 20.125 0.0
2.25 20.125 0.0
2.75 20.125 0.0
3.25 20.125 0.0
3.75 20.125 29953.714285714286
4.25 20.125 0.0
4.75 20.125 0.0
5.25 20.125 0.0
5.75 20.125 0.0
6.25 20.125 0.0
6.75 20.125 0.0
7.25 20.125 0.0
7.75 20.125 0.0
8.25 20.125 0.0
8.75 20.125 0.0
0.25 20.375 29953.714285714286
0.75 20.375 0.0
1.25 20.375 0.0
1.75 20.375 0.0
2.25 20.375 0.0
2.75 20.375 0.0
3.25 20.375 0.0
3.75 20.375 0.0
4.25 20.375 0.0
4.75 20.375 0.0
5.25 20.375 0.0
5.75 20.375 0.0
6.25 20.375 0.0
6.75 20.375 0.0
7.25 20.375 0.0
7.75 20.375 0.0
8.25 20.375 0.0
8.75 20.375 0.0
0.25 20.625 0.0
0.75 20.625 0.0
1.25 20.625 0.0
1.75 20.625 0.0
2.25 20.625 0.0
2.75 20.625 0.0
3.25 20.625 0.0
3.75 20.625 0.0
4.25 20.625 0.0
4.75 20.625 0.0
5.25 20.625 0.0
5.75 20.625 0.0
6.25 20.625 0.0
6.75 20.625 0.0
7.25 20.625 0.0
7.75 20.625 0.0
8.25 20.625 0.0
8.75 20.625 0.0
0.25 20.875 0.0
0.75 20.875 0.0
1.25 20.875 0.0
1.75 20.875 0.0
2.25 20.875 0.0
2.75 20.875 0.0
3.25 20.875 0.0
3.75 20.875 0.0
4.25 20.875 0.0
4.75 20.875 0.0
5.25 20.875 0.0
5.75 20.875 0.0
6.25 20.875 0.0
6.75 20.875 0.0
7.25 20.875 0.0
7.75 20.875 0.0
8.25 20.875 0.0
8.75 20.875 0.0
0.25 21.125 0.0
0.75 21.125 0.0
1.25 21.125 29953.714285714286
1.75 21.125 0.0
2.25 21.125 0.0
2.75 21.125 0.0
3.25 21.125 0.0
3.75 21.125 0.0
4.25 21.125 0.0
4.75 21.125 0.0
5.25 21.125 0.0
5.75 21.125 0.0
6.25 21.125 0.0
6.75 21.125 0.0
7.25 21.125 0.0
7.75 21.125 0.0
8.25 21.125 0.0
8.75 21.125 0.0
0.25 21.375 0.0
0.75 21.375 0.0
1.25 21.375 0.0
1.75 21.375 0.0
2.25 21.375 0.0
2.75 21.375 0.0
3.25 21.375 0.0
3.75 21.375 0.0
4.25 21.375 0.0
4.75 21.375 0.0
5.25 21.375 0.0
5.75 21.375 0.0
6.25 21.375 0.0
6.75 21.375 0.0
7.25 21.375 0.0
7.75 21.375 0.0
8.25 21.375 0.0
8.75 21.375 0.0
0.25 21.625 0.0
0.75 21.625 0.0
1.25 21.625 0.0
1.75 21.625 0.0
2.25 21.625 0.0
2.75 21.625 0.0
3.25 21.625 0.0
3.75 21.625 0.0
4.25 21.625 0.0
4.75 21.625 0.0
5.25 21.625 0.0
5.75 21.625 0.0
6.25 21.625 0.0
6.75 21.625 0.0
7.25 21.625 0.0
7.75 21.625 0.0
8.25 21.625 0.0
8.75 21.625 0.0
0.25 21.875 0.0
0.75 21.875 0.0
1.25 21.875 0.0
1.75 21.875 0.0
2.25 21.875 0.0
2.75 21.875 0.0
3.25 21.875 0.0
3.75 21.875 0.0
4.25 21.875 0.0
4.75 21.875 0.0
5.25 21.875 0.0
5.75 21.875 0.0
6.25 21.875 0.0
6.75 21.875 0.0
7.25 21.875 0.0
7.75 21.875 0.0
8.25 21.875 0.0
8.75 21.875 0.0
0.25 22.125 0.0
0.75 22.125 0.0
1.25 22.125 29953.714285714286
1.75 22.125 0.0
2.25 22.125 0.0
2.75 22.125 0.0
3.25 22.125 0.0
3.75 22.125 0.0
4.25 22.125 0.0
4.75 22.125 0.0
5.25 22.125 0.0
5.75 22.125 0.0
6.25 22.125 0.0
6.75 22.125 0.0
7.25 22.125 0.0
7.75 22.125 0.0
8.25 22.125 0.0
8.75 22.125 0.0
0.25 22.375 0.0
0.75 22.375 0.0
1.25 22.375 0.0
1.75 22.375 0.0
2.25 22.375 0.0
2.75 22.375 0.0
3.25 22.375 0.0
3.75 22.375 0.0
4.25 22.375 0.0
4.75 22.375 0.0
5.25 22.375 0.0
5.75 22.375 0.0
6.25 22.375 0.0
6.75 22.375 0.0
7.25 22.375 0.0
7.75 22.375 0.0
8.25 22.375 0.0
8.75 22.375 0.0
0.25 22.625 0.0
0.75 22.625 0.0
1.25 22.625 0.0
1.75 22.625 0.0
2.25 22.625 0.0
2.75 22.625 0.0
3.25 22.625 0.0
3.75 22.625 0.0
4.25 22.625 0.0
4.75 22.625 0.0
5.25 22.625 0.0
5.75 22.625 0.0
6.25 22.625 0.0
6.75 22.625 0.0
7.25 22.625 0.0
7.75 22.625 0.0
8.25 22.625 0.0
8.75 22.625 0.0
0.25 22.875 0.0
0.75 22.875 0.0
1.25 22.875 29953.714285714286
1.75 22.875 0.0
2.25 22.875 0.0
2.75 22.875 0.0
3.25 22.875 0.0
3.75 22.875 0.0
4.25 22.875 0.0
4.75 22.875 0.0
5.25 22.875 0.0
5.75 22.875 0.0
6.25 22.875 0.0
6.75 22.875 0.0
7.25 22.875 0.0
7.75 22.875 0.0
8.25 22.875 0.0
8.75 22.875 0.0
0.25 23.125 0.0
0.75 23.125 0.0
1.25 23.125 0.0
1.75 23.125 0.0
2.25 23.125 0.0
2.75 23.125 0.0
3.25 23.125 0.0
3.75 23.125 0.0
4.25 23.125 0.0
4.75 23.125 0.0
5.25 23.125 0.0
5.75 23.125 0.0
6.25 23.125 0.0
6.75 23.125 0.0
7.25 23.125 0.0
7.75 23.125 0.0
8.25 23.125 0.0
8.75 23.125 0.0
0.25 23.375 0.0
0.75 23.375 0.0
1.25 23.375 0.0
1.75 23.375 0.0
2.25 23.375 0.0
2.75 23.375 0.0
3.25 23.375 0.0
3.75 23.375 0.0
4.25 23.375 0.0
4.75 23.375 0.0
5.25 23.375 0.0
5.75 23.375 0.0
6.25 23.375 0.0
6.75 23.375 0.0
7.25 23.375 0.0
7.75 23.375 0.0
8.25 23.375 0.0
8.75 23.375 0.0
0.25 23.625 0.0
0.75 23.625 0.0
1.25 23.625 29953.714285714286
1.75 23.625 0.0
2.25 23.625 0.0
2.75 23.625 0.0
3.25 23.625 0.0
3.75 23.625 0.0
4.25 23.625 0.0
4.75 23.625 0.0
5.25 23.625 0.0
5.75 23.625 0.0
6.25 23.625 0.0
6.75 23.625 0.0
7.25 23.625 0.0
7.75 23.625 0.0
8.25 23.625 0.0
8.75 23.625 0.0
0.25 23.875 0.0
0.75 23.875 0.0
1.25 23.875 0.0
1.75 23.875 0.0
2.25 23.875 0.0
2.75 23.875 0.0
3.25 23.875 0.0
3.75 23.875 0.0
4.25 23.875 0.0
4.75 23.875 0.0
5.25 23.875 0.0
5.75 23.875 0.0
6.25 23.875 0.0
6.75 23.875 0.0
7.25 23.875 0.0
7.75 23.875 0.0
8.25 23.875 0.0
8.75 23.875 0.0
0.25 24.125 0.0
0.75 24.125 0.0
1.25 24.125 0.0
1.75 24.125 0.0
2.25 24.125 0.0
2.75 24.125 0.0
3.25 24.125 0.0
3.75 24.125 0.0
4.25 24.125 0.0
4.75 24.125 0.0
5.25 24.125 0.0
5.75 24.125 0.0
6.25 24.125 0.0
6.75 24.125 0.0
7.25 24.125 0.0
7.75 24.125 0.0
8.25 24.125 0.0
8.75 24.125 0.0
0.25 24.375 0.0
0.75 24.375 0.0
1.25 24.375 0.0
1.75 24.375 0.0
2.25 24.375 0.0
2.75 24.375 0.0
3.25 24.375 0.0
3.75 24.375 0.0
4.25 24.375 0.0
4.75 24.375 0.0
5.25 24.375 0.0
5.75 24.375 0.0
6.25 24.375 0.0
6.75 24.375 0.0
7.25 24.375 0.0
7.75 24.375 0.0
8.25 24.375 0.0
8.75 24.375 0.0
0.25 24.625 0.0
0.75 24.625 0.0
1.25 24.625 0.0
1.75 24.625 0.0
2.25 24.625 0.0
2.75 24.625 29953.714285714286
3.25 24.625 0.0
3.75 24.625 0.0
4.25 24.625 0.0
4.75 24.625 0.0
5.25 24.625 0.0
5.75 24.625 0.0
6.25 24.625 0.0
6.75 24.625 0.0
7.25 24.625 0.0
7.75 24.625 0.0
8.25 24.625 0.0
8.75 24.625 0.0
0.25 24.875 0.0
0.75 24.875 0.0
1.25 24.875 0.0
1.75 24.875 0.0
2.25 24.875 0.0
2.75 24.875 0.0
3.25 24.875 0.0
3.75 24.875 0.0
4.25 24.875 0.0
4.75 24.875 0.0
5.25 24.875 0.0
5.75 24.875 0.0
6.25 24.875 0.0
6.75 24.875 0.0
7.25 24.875 0.0
7.75 24.875 0.0
8.25 24.875 0.0
8.75 24.875 0.0
0.25 25.125 0.0
0.75 25.125 0.0
1.25 25.125 0.0
1.75 25.125 0.0
2.25 25.125 0.0
2.75 25.125 0.0
3.25 25.125 0.0
3.75 25.125 0.0
4.25 25.125 0.0
4.75 25.125 0.0
5.25 25.125 0.0
5.75 25.125 0.0
6.25 25.125 0.0
6.75 25.125 0.0
7.25 25.125 0.0
7.75 25.125 0.0
8.25 25.125 0.0
8.75 25.125 0.0
0.25 25.375 0.0
0.75 25.375 0.0
1.25 25.375 0.0
1.75 25.375 0.0
2.25 25.375 0.0
2.75 25.375 0.0
3.25 25.375 0.0
3.75 25.375 0.0
4.25 25.375 0.0
4.75 25.375 0.0
5.25 25.375 0.0
5.75 25.375 0.0
6.25 25.375 0.0
6.75 25.375 0.0
7.25 25.375 0.0
7.75 25.375 0.0
8.25 25.375 0.0
8.75 25.375 0.0
0.25 25.625 0.0
0.75 25.625 0.0
1.25 25.625 0.0
1.75 25.625 0.0
2.25 25.625 0.0
2.75 25.625 0.0
3.25 25.625 0.0
3.75 25.625 0.0
4.25 25.625 0.0
4.75 25.625 0.0
5.25 25.625 0.0
5.75 25.625 0.0
6.25 25.625 0.0
6.75 25.625 0.0
7.25 25.625 0.0
7.75 25.625 0.0
8.25 25.625 0.0
8.75 25.625 0.0
0.25 25.875 0.0
0.75 25.875 0.0
1.25 25.875 0.0
1.75 25.875 0.0
2.25 25.875 0.0
2.75 25.875 0.0
3.25 25.875 0.0
3.75 25.875 0.0
4.25 25.875 0.0
4.75 25.875 0.0
5.25 25.875 0.0
5.75 25.875 0.0
6.25 25.875 0.0
6.75 25.875 0.0
7.25 25.875 0.0
7.75 25.875 0.0
8.25 25.875 0.0
8.75 25.875 0.0
0.25 26.125 0.0
0.75 26.125 0.0
1.25 26.125 0.0
1.75 26.125 0.0
2.25 26.125 29953.714285714286
2.75 26.125 0.0
3.25 26.125 0.0
3.75 26.125 0.0
4.25 26.125 0.0
4.75 26.125 0.0
5.25 26.125 0.0
5.75 26.125 0.0
6.25 26.125 0.0
6.75 26.125 0.0
7.25 26.125 0.0
7.75 26.125 0.0
8.25 26.125 0.0
8.75 26.125 0.0
0.25 26.375 0.0
0.75 26.375 0.0
1.25 26.375 0.0
1.75 26.375 0.0
2.25 26.375 0.0
2.75 26.375 0.0
3.25 26.375 0.0
3.75 26.375 0.0
4.25 26.375 0.0
4.75 26.375 0.0
5.25 26.375 0.0
5.75 26.375 0.0
6.25 26.375 0.0
6.75 26.375 0.0
7.25 26.375 0.0
7.75 26.375 0.0
8.25 26.375 0.0
8.75 26.375 0.0
0.25 26.625 0.0
0.75 26.625 0.0
1.25 26.625 0.0
1.75 26.625 0.0
2.25 26.625 0.0
2.75 26.625 0.0
3.25 26.625 0.0
3.75 26.625 0.0
4.25 26.625 0.0
4.75 26.625 0.0
5.25 26.625 0.0
5.75 26.625 0.0
6.25 26.625 0.0
6.75 26.625 0.0
7.25 26.625 0.0
7.75 26.625 0.0
8.25 26.625 0.0
8.75 26.625 0.0
0.25 26.875 0.0
0.75 26.875 0.0
1.25 26.875 0.0
1.75 26.875 0.0
2.25 26.875 0.0
2.75 26.875 0.0
3.25 26.875 0.0
3.75 26.875 0.0
4.25 26.875 0.0
4.75 26.875 0.0
5.25 26.875 0.0
5.75 26.875 0.0
6.25 26.875 0.0
6.75 26.875 0.0
7.25 26.875 0.0
7.75 26.875 0.0
8.25 26.875 0.0
8.75 26.875 0.0
0.25 27.125 0.0
0.75 27.125 0.0
1.25 27.125 0.0
1.75 27.125 0.0
2.25 27.125 0.0
2.75 27.125 0.0
3.25 27.125 0.0
3.75 27.125 0.0
4.25 27.125 0.0
4.75 27.125 0.0
5.25 27.125 0.0
5.75 27.125 0.0
6.25 27.125 0.0
6.75 27.125 0.0
7.25 27.125 0.0
7.75 27.125 0.0
8.25 27.125 0.0
8.75 27.125 0.0
0.25 27.375 0.0
0.75 27.375 0.0
1.25 27.375 0.0
1.75 27.375 0.0
2.25 27.375 0.0
2.75 27.375 0.0
3.25 27.375 0.0
3.75 27.375 0.0
4.25 27.375 0.0
4.75 27.375 0.0
5.25 27.375 0.0
5.75 27.375 0.0
6.25 27.375 0.0
6.75 27.375 0.0
7.25 27.375 0.0
7.75 27.375 0.0
8.25 27.375 0.0
8.75 27.375 0.0
0.25 27.625 0.0
0.75 27.625 0.0
1.25 27.625 0.0
1.75 27.625 0.0
2.25 27.625 0.0
2.75 27.625 0.0
3.25 27.625 0.0
3.75 27.625 0.0
4.25 27.625 0.0
4.75 27.625 0.0
5.25 27.625 0.0
5.75 27.625 0.0
6.25 27.625 0.0
6.75 27.625 0.0
7.25 27.625 0.0
7.75 27.625 0.0
8.25 27.625 0.0
8.75 27.625 0.0
0.25 27.875 0.0
0.75 27.875 29953.714285714286
1.25 27.875 0.0
1.75 27.875 0.0
2.25 27.875 0.0
2.75 27.875 0.0
3.25 27.875 0.0
3.75 27.875 0.0
4.25 27.875 0.0
4.75 27.875 0.0
5.25 27.875 0.0
5.75 27.875 0.0
6.25 27.875 0.0
6.75 27.875 0.0
7.25 27.875 0.0
7.75 27.875 0.0
8.25 27.875 0.0
8.75 27.875 0.0
0.25 28.125 0.0
0.75 28.125 0.0
1.25 28.125 0.0
1.75 28.125 0.0
2.25 28.125 0.0
2.75 28.125 0.0
3.25 28.125 0.0
3.75 28.125 0.0
4.25 28.125 0.0
4.75 28.125 0.0
5.25 28.125 0.0
5.75 28.125 0.0
6.25 28.125 0.0
6.75 28.125 0.0
7.25 28.125 0.0
7.75 28.125 0.0
8.25 28.125 0.0
8.75 28.125 0.0
0.25 28.375 0.0
0.75 28.375 0.0
1.25 28.375 0.0
1.75 28.375 0.0
2.25 28.375 0.0
2.75 28.375 0.0
3.25 28.375 0.0
3.75 28.375 0.0
4.25 28.375 0.0
4.75 28.375 0.0
5.25 28.375 0.0
5.75 28.375 0.0
6.25 28.375 0.0
6.75 28.375 0.0
7.25 28.375 0.0
7.75 28.375 0.0
8.25 28.375 0.0
8.75 28.375 0.0
0.25 28.625 0.0
0.75 28.625 0.0
1.25 28.625 0.0
1.75 28.625 0.0
2.25 28.625 0.0
2.75 28.625 0.0
3.25 28.625 0.0
3.75 28.625 0.0
4.25 28.625 0.0
4.75 28.625 0.0
5.25 28.625 0.0
5.75 28.625 0.0
6.25 28.625 0.0
6.75 28.625 0.0
7.25 28.625 0.0
7.75 28.625 0.0
8.25 28.625 0.0
8.75 28.625 0.0
0.25 28.875 0.0
0.75 28.875 0.0
1.25 28.875 0.0
1.75 28.875 0.0
2.25 28.875 0.0
2.75 28.875 0.0
3.25 28.875 29953.714285714286
3.75 28.875 0.0
4.25 28.875 0.0
4.75 28.875 0.0
5.25 28.875 0.0
5.75 28.875 0.0
6.25 28.875 0.0
6.75 28.875 0.0
7.25 28.875 0.0
7.75 28.875 0.0
8.25 28.875 0.0
8.75 28.875 0.0
0.25 29.125 0.0
0.75 29.125 0.0
1.25 29.125 0.0
1.75 29.125 0.0
2.25 29.125 0.0
2.75 29.125 0.0
3.25 29.125 0.0
3.75 29.125 0.0
4.25 29.125 0.0
4.75 29.125 0.0
5.25 29.125 0.0
5.75 29.125 0.0
6.25 29.125 0.0
6.75 29.125 0.0
7.25 29.125 0.0
7.75 29.125 0.0
8.25 29.125 0.0
8.75 29.125 0.0
0.25 29.375 0.0
0.75 29.375 0.0
1.25 29.375 0.0
1.75 29.375 0.0
2.25 29.375 0.0
2.75 29.375 0.0
3.25 29.375 0.0
3.75 29.375 0.0
4.25 29.375 0.0
4.75 29.375 0.0
5.25 29.375 0.0
5.75 29.375 0.0
6.25 29.375 0.0
6.75 29.375 0.0
7.25 29.375 0.0
7.75 29.375 0.0
8.25 29.375 0.0
8.75 29.375 0.0
0.25 29.625 0.0
0.75 29.625 0.0
1.25 29.625 0.0
1.75 29.625 0.0
2.25 29.625 0.0
2.75 29.625 0.0
3.25 29.625 0.0
3.75 29.625 0.0
4.25 29.625 0.0
4.75 29.625 0.0
5.25 29.625 0.0
5.75 29.625 0.0
6.25 29.625 0.0
6.75 29.625 0.0
7.25 29.625 0.0
7.75 29.625 0.0
8.25 29.625 0.0
8.75 29.625 0.0
0.25 29.875 0.0
0.75 29.875 0.0
1.25 29.875 0.0
1.75 29.875 0.0
2.25 29.875 0.0
2.75 29.875 0.0
3.25 29.875 0.0
3.75 29.875 0.0
4.25 29.875 0.0
4.75 29.875 0.0
5.25 29.875 0.0
5.75 29.875 0.0
6.25 29.875 0.0
6.75 29.875 0.0
7.25 29.875 0.0
7.75 29.875 0.0
8.25 29.875 0.0
8.75 29.875 0.0
