11.294627058970837 110.78969520149923
14.219093021276404 395.2762889285973
17.900777537149963 739.1472201344948
22.535743732392298 994.0786745924966
28.370820458389794 1067.740254802644
35.71674682851676 2424.920010113543
44.96472020903849 6609.956107227712
56.60722890537329 10046.315752769475
71.26427896022373 17935.663292069556
89.71641173621407 30462.402506358412
112.94627058970838 41484.86497935797
142.1909302127641 82458.912456541
179.00777537149963 122746.54058004587
225.35743732392305 161404.91854516935
283.7082045838981 250514.96928232757
357.1674682851676 310148.5609730723
449.6472020903849 381591.605119147
566.0722890537327 423126.68966204603
712.6427896022376 394221.8831362659
897.164117362141 376618.72513513174
1129.4627058970837 233913.75381312286
1421.9093021276408 150014.64133068547
1790.0777537149975 60167.969437809195
2253.5743732392316 17437.689164334908
2837.082045838981 4388.466661208309
3571.674682851676 238.1472308561206
4496.47202090385 4.140637745615095
5660.72289053733 0.0004829615354537964
7126.427896022379 0.0
8971.64117362141 0.0
