11.294627058970837 145.269360971249
14.219093021276404 198.23627179409863
17.900777537149963 941.3082806714963
22.535743732392298 2616.497345552991
28.370820458389794 1290.6513900330415
35.71674682851676 5339.238292126536
44.96472020903849 7912.35520101293
56.60722890537329 10320.563292377603
71.26427896022373 13465.720542098043
89.71641173621407 33458.34764517959
112.94627058970838 40929.55569272404
142.1909302127641 75312.02671402105
179.00777537149963 129824.07771640204
225.35743732392305 168412.28190254635
283.7082045838981 244852.10482722847
357.1674682851676 328204.002753227
449.6472020903849 368452.3079277745
566.0722890537327 413205.8751031959
712.6427896022376 373856.7026458243
897.164117362141 315621.9373783432
1129.4627058970837 253460.12313934276
1421.9093021276408 147824.50153274834
1790.0777537149975 60035.82170517091
2253.5743732392316 18479.606042572297
2837.082045838981 3543.513746223878
3571.674682851676 244.12547901412472
4496.47202090385 8.84254471771419
5660.72289053733 0.04157201712951064
7126.427896022379 0.0
8971.64117362141 0.0
