11.294627058970837 0.3314211373999976
14.219093021276404 0.6423009639999953
17.900777537149963 12.779130511049923
22.535743732392298 12.784637922237335
28.370820458389794 23.31527622299985
35.71674682851676 116.79279131861699
44.96472020903849 207.7083706497158
56.60722890537329 542.8674781737154
71.26427896022373 644.8790623760209
89.71641173621407 1430.2750677151641
112.94627058970838 4624.110053375306
142.1909302127641 5008.614121435867
179.00777537149963 6801.657321035862
225.35743732392305 8194.654422394378
283.7082045838981 10220.546326894724
357.1674682851676 8042.002402321938
449.6472020903849 6813.513789183649
566.0722890537327 6469.920747777971
712.6427896022376 4888.334307318699
897.164117362141 6202.513300590028
1129.4627058970837 5138.59249414083
1421.9093021276408 4947.070755247565
1790.0777537149975 3186.71802456156
2253.5743732392316 919.5096870509587
2837.082045838981 162.65523062221473
3571.674682851676 39.44282259519969
4496.47202090385 0.02875136125658173
5660.72289053733 0.0
7126.427896022379 0.0
8971.64117362141 0.0
