11.294627058970837 0.5348559299999962
14.219093021276404 1.6511233559999952
17.900777537149963 1.992210992599996
22.535743732392298 19.12987042649985
28.370820458389794 73.9741696050996
35.71674682851676 250.08656879614477
44.96472020903849 167.48143117629854
56.60722890537329 680.6281869125946
71.26427896022373 938.1088406301137
89.71641173621407 2021.8249099505974
112.94627058970838 3203.6171391880844
142.1909302127641 4234.260718577775
179.00777537149963 6209.966345730996
225.35743732392305 7118.388901693688
283.7082045838981 11965.553892981243
357.1674682851676 8892.616905030438
449.6472020903849 7088.075632673979
566.0722890537327 7281.588217298253
712.6427896022376 7354.071745063593
897.164117362141 6974.652115890494
1129.4627058970837 7094.312249615206
1421.9093021276408 4693.205611847108
1790.0777537149975 2322.3054207953974
2253.5743732392316 539.9987048764888
2837.082045838981 230.45806527411332
3571.674682851676 24.377615715828142
4496.47202090385 0.2117619687487604
5660.72289053733 1.8659819033928216e-05
7126.427896022379 0.0
8971.64117362141 0.0
