11.294627058970837 54.2888070449996
14.219093021276404 0.0
17.900777537149963 680.5475808599981
22.535743732392298 51.92390830199963
28.370820458389794 848.1898240529939
35.71674682851676 242.8468125374991
44.96472020903849 409.4446068470163
56.60722890537329 1118.6887495898336
71.26427896022373 547.0841823200362
89.71641173621407 4399.944089230242
112.94627058970838 4979.133700037588
142.1909302127641 11529.434449052864
179.00777537149963 19081.211415412065
225.35743732392305 34702.28020761762
283.7082045838981 42735.34566381833
357.1674682851676 59942.07885333957
449.6472020903849 97311.13431617248
566.0722890537327 92375.35517287033
712.6427896022376 102127.14826380822
897.164117362141 77807.70210619079
1129.4627058970837 63839.800786442356
1421.9093021276408 42558.622002421995
1790.0777537149975 20037.80960676726
2253.5743732392316 3643.507055756403
2837.082045838981 1234.6712445210433
3571.674682851676 79.74235424085055
4496.47202090385 4.445723709883168
5660.72289053733 0.007378060254268348
7126.427896022379 0.0
8971.64117362141 0.0
