11.294627058970837 0.0
14.219093021276404 140.79400544999908
17.900777537149963 144.0396551999986
22.535743732392298 0.0
28.370820458389794 14.852752961999897
35.71674682851676 698.2254551489966
44.96472020903849 1344.2706602719707
56.60722890537329 165.75144270119927
71.26427896022373 1057.5877358909938
89.71641173621407 3906.8796325565495
112.94627058970838 11252.795333848371
142.1909302127641 14691.499787509048
179.00777537149963 23976.35124784654
225.35743732392305 17499.885296567394
283.7082045838981 58540.773867819895
357.1674682851676 60969.07950405637
449.6472020903849 77008.06578095077
566.0722890537327 93933.39975588309
712.6427896022376 95649.09348966734
897.164117362141 65142.63849048584
1129.4627058970837 68010.66222971224
1421.9093021276408 40510.83931628964
1790.0777537149975 17591.832547619008
2253.5743732392316 4096.279313078732
2837.082045838981 959.5226442486746
3571.674682851676 32.65888968342915
4496.47202090385 1.404343324713409
5660.72289053733 0.0032093373592942953
7126.427896022379 0.0
8971.64117362141 0.0
