11.294627058970837 0.0
14.219093021276404 3.4621927379999793
17.900777537149963 24.97544665199984
22.535743732392298 2214.9781769999927
28.370820458389794 9.458158274999732
35.71674682851676 489.1380655634962
44.96472020903849 102.64921871999923
56.60722890537329 475.0712941679967
71.26427896022373 2372.918729108236
89.71641173621407 5308.048544232932
112.94627058970838 8705.816018196178
142.1909302127641 12395.72156862649
179.00777537149963 24018.145899708576
225.35743732392305 29604.804480820414
283.7082045838981 49734.4865989096
357.1674682851676 49638.240488120675
449.6472020903849 99044.08139361639
566.0722890537327 96203.12624355924
712.6427896022376 85032.47850528429
897.164117362141 86621.78053342877
1129.4627058970837 76432.44816239947
1421.9093021276408 40037.90407434001
1790.0777537149975 13825.748660509707
2253.5743732392316 4264.833335828967
2837.082045838981 556.4576628590003
3571.674682851676 118.452114655287
4496.47202090385 2.5316504697548226
5660.72289053733 4.217005334794521e-05
7126.427896022379 0.0
8971.64117362141 0.0
