11.294627058970837 226.05723459899934
14.219093021276404 314.82725835599774
17.900777537149963 927.0490060379968
22.535743732392298 795.8799540374971
28.370820458389794 3058.4445728688765
35.71674682851676 2495.001097042288
44.96472020903849 5912.5979995064135
56.60722890537329 21274.30570442338
71.26427896022373 39215.67048097078
89.71641173621407 49754.500965063606
112.94627058970838 103611.82290230776
142.1909302127641 158275.92374487207
179.00777537149963 217378.60337896622
225.35743732392305 347261.3958757011
283.7082045838981 475752.7089780958
357.1674682851676 567322.2257448065
449.6472020903849 676619.4588954793
566.0722890537327 799806.7978819064
712.6427896022376 756062.0604363251
897.164117362141 634221.9728082074
1129.4627058970837 480436.7558162203
1421.9093021276408 303442.73198119085
1790.0777537149975 113812.69269204512
2253.5743732392316 34544.01550758444
2837.082045838981 7009.753898241557
3571.674682851676 360.16691495105624
4496.47202090385 6.796647814102471
5660.72289053733 0.00017469283193349838
7126.427896022379 0.0
8971.64117362141 0.0
