0.25 0.125 38264371.34639575
0.75 0.125 38232239.54160742
1.25 0.125 39166638.67943311
1.75 0.125 42018676.470805205
2.25 0.125 42469032.53596862
2.75 0.125 45424051.02810111
3.25 0.125 46272414.30576038
3.75 0.125 50299657.69773112
4.25 0.125 46415235.20916733
4.75 0.125 44084904.13268812
5.25 0.125 37247077.2451288
5.75 0.125 30025373.263063844
6.25 0.125 24875081.469691627
6.75 0.125 20320272.439688317
7.25 0.125 15534321.385549571
7.75 0.125 7530282.917481149
8.25 0.125 2781746.3986188523
8.75 0.125 284763.7544697156
0.25 0.375 126454061.45605758
0.75 0.375 127908522.94074543
1.25 0.375 128744504.83472542
1.75 0.375 132036449.1719937
2.25 0.375 133927671.44695403
2.75 0.375 140640821.44706488
3.25 0.375 146744568.16862664
3.75 0.375 146961706.30307347
4.25 0.375 140581648.06007534
4.75 0.375 128904961.19780223
5.25 0.375 112403794.68527882
5.75 0.375 91405592.9995135
6.25 0.375 74943536.44162177
6.75 0.375 58894685.08969459
7.25 0.375 42098089.29523003
7.75 0.375 21632547.32284701
8.25 0.375 6978605.250702282
8.75 0.375 739682.7052923167
0.25 0.625 228568563.461174
0.75 0.625 229522339.69753256
1.25 0.625 231173584.19024494
1.75 0.625 226269691.7492061
2.25 0.625 231304234.70341635
2.75 0.625 234190946.954264
3.25 0.625 236108215.08276835
3.75 0.625 236847359.200248
4.25 0.625 226180853.56671336
4.75 0.625 203699504.79355076
5.25 0.625 176295521.9489482
5.75 0.625 143691817.39053565
6.25 0.625 115043285.98086452
6.75 0.625 87535710.23547967
7.25 0.625 58162923.07405657
7.75 0.625 30307014.068307888
8.25 0.625 10055002.93607422
8.75 0.625 718281.5325140707
0.25 0.875 318606501.2940053
0.75 0.875 314575664.5021366
1.25 0.875 311178155.30485046
1.75 0.875 306482757.5895791
2.25 0.875 303060673.2077204
2.75 0.875 298907405.9305251
3.25 0.875 296610991.5251096
3.75 0.875 284818184.2989411
4.25 0.875 269383902.82607204
4.75 0.875 245697081.9518826
5.25 0.875 212440078.2510648
5.75 0.875 173524186.9992808
6.25 0.875 136733044.86323935
6.75 0.875 99194753.97177924
7.25 0.875 67805785.30108261
7.75 0.875 34764268.65610507
8.25 0.875 10736468.781114727
8.75 0.875 563406.1732220863
0.25 1.125 356793721.1482591
0.75 1.125 357590746.6766823
1.25 1.125 343912071.13137543
1.75 1.125 343276205.9669309
2.25 1.125 330112446.8315678
2.75 1.125 319042629.0970776
3.25 1.125 308820289.0090876
3.75 1.125 283763009.0580608
4.25 1.125 272482506.4532936
4.75 1.125 245501946.381642
5.25 1.125 212603277.68978855
5.75 1.125 174358023.4218937
6.25 1.125 137246188.56238973
6.75 1.125 98209340.62788549
7.25 1.125 65014886.05626058
7.75 1.125 33654821.991062276
8.25 1.125 9248364.863332873
8.75 1.125 255559.77840572587
0.25 1.375 355766000.28323615
0.75 1.375 348053646.0795498
1.25 1.375 345323083.34554976
1.75 1.375 334023067.1291761
2.25 1.375 321735834.3613178
2.75 1.375 304462297.2370365
3.25 1.375 291304922.88524884
3.75 1.375 270144802.31756765
4.25 1.375 246758359.40247825
4.75 1.375 215201842.8781005
5.25 1.375 187473001.7236656
5.75 1.375 153203262.61759847
6.25 1.375 115526703.15370412
6.75 1.375 83896835.72040008
7.25 1.375 54695201.3608917
7.75 1.375 27127179.41894358
8.25 1.375 6278056.1389356395
8.75 1.375 44892.153656698654
0.25 1.625 321593422.43135613
0.75 1.625 318115735.5704444
1.25 1.625 308962309.18558604
1.75 1.625 300538346.7552536
2.25 1.625 284956844.32205707
2.75 1.625 268829274.33913434
3.25 1.625 252177167.4266644
3.75 1.625 229414076.59497356
4.25 1.625 207663899.23693928
4.75 1.625 180233837.939374
5.25 1.625 152971635.5330886
5.75 1.625 122378849.1460743
6.25 1.625 91523255.15397489
6.75 1.625 65465328.500637226
7.25 1.625 40459719.73691987
7.75 1.625 18244726.554178998
8.25 1.625 2771080.1473923097
8.75 1.625 17230.69259682111
0.25 1.875 271763525.6667616
0.75 1.875 272213898.7956576
1.25 1.875 262548238.72474265
1.75 1.875 252006769.5521965
2.25 1.875 244428728.9466625
2.75 1.875 224547781.93907475
3.25 1.875 210644906.9393053
3.75 1.875 188311658.30296826
4.25 1.875 165811561.2365897
4.75 1.875 139071763.79296806
5.25 1.875 116012104.58952785
5.75 1.875 92718798.34760568
6.25 1.875 68720001.92401594
6.75 1.875 45427427.20344208
7.25 1.875 27356257.93268623
7.75 1.875 10734012.00419049
8.25 1.875 1089122.53600308
8.75 1.875 0.0
0.25 2.125 224476696.78748208
0.75 2.125 222340881.8845502
1.25 2.125 215839493.73368472
1.75 2.125 208445709.68470016
2.25 2.125 199164556.47381955
2.75 2.125 186692693.78312546
3.25 2.125 168043128.33708006
3.75 2.125 146787225.0683509
4.25 2.125 129589492.05719988
4.75 2.125 107648002.78672013
5.25 2.125 89039035.78465734
5.75 2.125 67725088.00502954
6.25 2.125 47314223.98802492
6.75 2.125 30646206.13716285
7.25 2.125 16919688.741436016
7.75 2.125 5208502.697163008
8.25 2.125 524577.1803962643
8.75 2.125 0.0
0.25 2.375 184777926.5671997
0.75 2.375 180161991.19336224
1.25 2.375 175963597.71545914
1.75 2.375 166740475.97201732
2.25 2.375 158339639.8820176
2.75 2.375 149268504.3655635
3.25 2.375 132099710.45959473
3.75 2.375 116373054.9330213
4.25 2.375 99765844.83263652
4.75 2.375 82942574.23020956
5.25 2.375 65398453.089968465
5.75 2.375 47105538.51084732
6.25 2.375 32522208.909906544
6.75 2.375 21254350.22934754
7.25 2.375 11566672.522376701
7.75 2.375 2467981.7007557102
8.25 2.375 146326.9298924477
8.75 2.375 0.0
0.25 2.625 150443371.955537
0.75 2.625 142739135.36928293
1.25 2.625 142100389.95111078
1.75 2.625 134541107.8657545
2.25 2.625 127778027.97813377
2.75 2.625 118365417.24083653
3.25 2.625 107782938.779877
3.75 2.625 93615928.517656
4.25 2.625 77377220.53348394
4.75 2.625 64882476.795660436
5.25 2.625 47417423.15621815
5.75 2.625 34442319.28763131
6.25 2.625 23145969.48059947
6.75 2.625 14261784.814589316
7.25 2.625 6534695.922494812
7.75 2.625 1317305.567759846
8.25 2.625 8476.099039056297
8.75 2.625 0.0
0.25 2.875 119298452.15131155
0.75 2.875 113591464.75058074
1.25 2.875 112784661.77556282
1.75 2.875 108503100.87663892
2.25 2.875 101778458.32686384
2.75 2.875 95834570.62020738
3.25 2.875 83395829.86257222
3.75 2.875 71403519.25126971
4.25 2.875 60500225.1544371
4.75 2.875 47249693.60922798
5.25 2.875 36506573.8188533
5.75 2.875 24166446.83939128
6.25 2.875 16419833.103557244
6.75 2.875 8735646.507798934
7.25 2.875 3704880.326964637
7.75 2.875 603315.7998672738
8.25 2.875 1765.26166574595
8.75 2.875 0.0
0.25 3.125 96215886.08298507
0.75 3.125 93086084.43818152
1.25 3.125 92020100.29707141
1.75 3.125 86919714.1820548
2.25 3.125 80701826.62139055
2.75 3.125 73731037.95056255
3.25 3.125 65869136.5844973
3.75 3.125 56754509.26820237
4.25 3.125 45747563.048596434
4.75 3.125 36128720.634952135
5.25 3.125 27478652.432354704
5.75 3.125 18216470.79359495
6.25 3.125 10608880.022849206
6.75 3.125 6422237.893496176
7.25 3.125 2169842.85042361
7.75 3.125 260203.07871491593
8.25 3.125 0.0
8.75 3.125 0.0
0.25 3.375 74396662.57598421
0.75 3.375 75670943.52165775
1.25 3.375 70854699.30874139
1.75 3.375 66907160.9330073
2.25 3.375 65162659.86462819
2.75 3.375 59322971.515577324
3.25 3.375 50840529.770540826
3.75 3.375 43902855.80791948
4.25 3.375 37842082.08399379
4.75 3.375 28061671.87208098
5.25 3.375 20286528.498616327
5.75 3.375 13605495.537862582
6.25 3.375 8346531.5943314405
6.75 3.375 4260577.958283074
7.25 3.375 1173119.3139125595
7.75 3.375 133873.45799612947
8.25 3.375 0.0
8.75 3.375 0.0
0.25 3.625 61160718.43727749
0.75 3.625 60553531.5729916
1.25 3.625 59197417.774769485
1.75 3.625 55793300.28807272
2.25 3.625 53157050.19192375
2.75 3.625 45723484.32874847
3.25 3.625 41880831.0377988
3.75 3.625 33088607.212229114
4.25 3.625 29238261.42908873
4.75 3.625 21410384.890224945
5.25 3.625 14984601.412408063
5.75 3.625 9664188.838382429
6.25 3.625 6133572.918593202
6.75 3.625 2249873.2989874613
7.25 3.625 798199.4483961397
7.75 3.625 54725.76282253229
8.25 3.625 0.0
8.75 3.625 0.0
0.25 3.875 51016074.62836822
0.75 3.875 50298554.126890495
1.25 3.875 48322000.07505531
1.75 3.875 45268139.483796984
2.25 3.875 42466179.63114564
2.75 3.875 38939426.38741011
3.25 3.875 34229999.363620535
3.75 3.875 27219920.8700948
4.25 3.875 22518182.713841975
4.75 3.875 16993617.98373692
5.25 3.875 11799853.954358578
5.75 3.875 7828655.539908375
6.25 3.875 4337616.749779331
6.75 3.875 1890495.4115464722
7.25 3.875 460135.0235195583
7.75 3.875 34662.76323344933
8.25 3.875 0.0
8.75 3.875 0.0
0.25 4.125 43006913.6444506
0.75 4.125 40180734.182402134
1.25 4.125 39355741.10704881
1.75 4.125 37314208.83385789
2.25 4.125 33387251.539663494
2.75 4.125 31490150.70991338
3.25 4.125 28171373.286926057
3.75 4.125 22801070.7222285
4.25 4.125 19028025.12794554
4.75 4.125 12974919.71134951
5.25 4.125 9298762.947291743
5.75 4.125 6054222.963737911
6.25 4.125 3152343.7688711043
6.75 4.125 1509370.2783001214
7.25 4.125 223638.21905785444
7.75 4.125 0.0
8.25 4.125 0.0
8.75 4.125 0.0
0.25 4.375 35197517.086499065
0.75 4.375 33679261.13762432
1.25 4.375 31841365.138048176
1.75 4.375 30168059.018213544
2.25 4.375 28284136.770360433
2.75 4.375 25872129.56073117
3.25 4.375 22884366.154303946
3.75 4.375 19161914.01154449
4.25 4.375 13398781.26237117
4.75 4.375 10104564.250922447
5.25 4.375 6758992.764907424
5.75 4.375 4391786.839364757
6.25 4.375 2800741.5094990684
6.75 4.375 944647.3708705025
7.25 4.375 168322.16958769457
7.75 4.375 16468.30197712861
8.25 4.375 0.0
8.75 4.375 0.0
0.25 4.625 28178641.770468358
0.75 4.625 26995908.155936845
1.25 4.625 27238228.145150676
1.75 4.625 24798786.5897734
2.25 4.625 23397421.69060786
2.75 4.625 19369305.10926088
3.25 4.625 16982187.507492144
3.75 4.625 14809356.617012262
4.25 4.625 11080408.178862099
4.75 4.625 7984685.515898448
5.25 4.625 5681145.094704653
5.75 4.625 3704844.071190082
6.25 4.625 2010104.1079349457
6.75 4.625 531964.2273012181
7.25 4.625 90139.27644470701
7.75 4.625 0.0
8.25 4.625 0.0
8.75 4.625 0.0
0.25 4.875 23264467.188275687
0.75 4.875 23095136.62644571
1.25 4.875 21246498.995266534
1.75 4.875 21111744.26133748
2.25 4.875 18826465.19741374
2.75 4.875 17407468.963162683
3.25 4.875 14668670.700118143
3.75 4.875 12851125.132838948
4.25 4.875 8853877.712117143
4.75 4.875 6787418.938552104
5.25 4.875 4156877.3291331804
5.75 4.875 2386985.7973929
6.25 4.875 1230759.8745468836
6.75 4.875 350728.9541002291
7.25 4.875 35725.34665036334
7.75 4.875 0.0
8.25 4.875 0.0
8.75 4.875 0.0
0.25 5.125 20409595.118632168
0.75 5.125 18115608.090261914
1.25 5.125 19297557.56649643
1.75 5.125 16465229.014372928
2.25 5.125 15865531.61548604
2.75 5.125 13810054.852338057
3.25 5.125 12255803.847901007
3.75 5.125 9387971.988746788
4.25 5.125 7232444.4698096905
4.75 5.125 5306890.15318534
5.25 5.125 3964914.853710249
5.75 5.125 2125347.447841686
6.25 5.125 881807.9316745752
6.75 5.125 202851.61164030214
7.25 5.125 22538.91545537681
7.75 5.125 0.0
8.25 5.125 0.0
8.75 5.125 0.0
0.25 5.375 16418536.289331295
0.75 5.375 15946070.821334882
1.25 5.375 15576487.820461871
1.75 5.375 15261206.572402973
2.25 5.375 13994163.57416158
2.75 5.375 11470576.362735521
3.25 5.375 9978292.293204978
3.75 5.375 8455094.153451886
4.25 5.375 6314049.548355938
4.75 5.375 3771925.455303319
5.25 5.375 2892377.9992477084
5.75 5.375 1826876.9529401609
6.25 5.375 938809.104974542
6.75 5.375 133477.82421668194
7.25 5.375 0.0
7.75 5.375 0.0
8.25 5.375 0.0
8.75 5.375 0.0
0.25 5.625 13553106.287414363
0.75 5.625 12803087.259954402
1.25 5.625 13217428.002594542
1.75 5.625 11901825.59799244
2.25 5.625 10596260.917374967
2.75 5.625 9712833.807187727
3.25 5.625 8324940.422703537
3.75 5.625 6561657.839286107
4.25 5.625 4933884.597122232
4.75 5.625 3738004.8817506735
5.25 5.625 1973437.2861734347
5.75 5.625 1577704.4982593737
6.25 5.625 574647.0038695461
6.75 5.625 137047.90642386017
7.25 5.625 0.0
7.75 5.625 0.0
8.25 5.625 0.0
8.75 5.625 0.0
0.25 5.875 11361283.09061953
0.75 5.875 12066458.570623659
1.25 5.875 10975758.67144799
1.75 5.875 11596396.286257276
2.25 5.875 9466472.570943447
2.75 5.875 7794640.424698202
3.25 5.875 7587683.954065772
3.75 5.875 5992926.532335869
4.25 5.875 3658984.984577631
4.75 5.875 3012490.499012243
5.25 5.875 1860432.6741308477
5.75 5.875 1164176.1033802514
6.25 5.875 426649.88613673096
6.75 5.875 38220.229160449875
7.25 5.875 3046.6618049076083
7.75 5.875 0.0
8.25 5.875 0.0
8.75 5.875 0.0
0.25 6.125 10331941.916392885
0.75 6.125 10159722.342663174
1.25 6.125 9167478.439132059
1.75 6.125 8549978.775444396
2.25 6.125 7945432.554416138
2.75 6.125 6869064.192116138
3.25 6.125 6023616.262519968
3.75 6.125 4202728.856187192
4.25 6.125 3423760.293961448
4.75 6.125 2124579.3155562826
5.25 6.125 1634873.49322435
5.75 6.125 724033.6634499654
6.25 6.125 279273.19514658913
6.75 6.125 10094.736488692019
7.25 6.125 0.0
7.75 6.125 0.0
8.25 6.125 0.0
8.75 6.125 0.0
0.25 6.375 9188590.362138845
0.75 6.375 8943555.367025804
1.25 6.375 8366044.720785381
1.75 6.375 7596171.247821075
2.25 6.375 7381090.524967106
2.75 6.375 6514023.149798635
3.25 6.375 4274620.893189638
3.75 6.375 3365624.9994745837
4.25 6.375 2593557.222721565
4.75 6.375 1994403.3161464124
5.25 6.375 1191819.2608512102
5.75 6.375 608436.5190481519
6.25 6.375 214621.63904233958
6.75 6.375 79838.43530366158
7.25 6.375 0.0
7.75 6.375 0.0
8.25 6.375 0.0
8.75 6.375 0.0
0.25 6.625 7511869.292382274
0.75 6.625 7988738.204472167
1.25 6.625 6064643.3746202905
1.75 6.625 6832189.739548331
2.25 6.625 6574665.766801668
2.75 6.625 4665427.540146
3.25 6.625 4019201.7351002307
3.75 6.625 3147713.965350062
4.25 6.625 2310574.9310565675
4.75 6.625 1931784.9127314454
5.25 6.625 1050041.1330958505
5.75 6.625 404244.18164521136
6.25 6.625 247223.6456257023
6.75 6.625 6161.164995621609
7.25 6.625 0.0
7.75 6.625 0.0
8.25 6.625 0.0
8.75 6.625 0.0
0.25 6.875 6379976.853581249
0.75 6.875 6477625.134104898
1.25 6.875 6389854.241360321
1.75 6.875 5894040.399559795
2.25 6.875 4543536.948378392
2.75 6.875 4357942.632576264
3.25 6.875 2834549.7006725627
3.75 6.875 2722837.877264435
4.25 6.875 2278808.118007036
4.75 6.875 1270851.6192718984
5.25 6.875 540032.9366805849
5.75 6.875 354978.11423623504
6.25 6.875 175861.0455488162
6.75 6.875 32617.299171472107
7.25 6.875 0.0
7.75 6.875 0.0
8.25 6.875 0.0
8.75 6.875 0.0
0.25 7.125 5440375.619686715
0.75 7.125 5688864.278365651
1.25 7.125 5433362.437035574
1.75 7.125 5291529.109899319
2.25 7.125 4154943.2807253976
2.75 7.125 4073388.140624095
3.25 7.125 3044024.749613185
3.75 7.125 2153243.218566629
4.25 7.125 1592006.3316647592
4.75 7.125 1334176.0685210293
5.25 7.125 594743.7304399835
5.75 7.125 169122.38321589623
6.25 7.125 172615.306251056
6.75 7.125 11722.97693231101
7.25 7.125 0.0
7.75 7.125 0.0
8.25 7.125 0.0
8.75 7.125 0.0
0.25 7.375 4710193.321061799
0.75 7.375 4227756.233528125
1.25 7.375 4739575.794150959
1.75 7.375 4373773.716257693
2.25 7.375 3383954.4694807883
2.75 7.375 3047854.9131290936
3.25 7.375 2867297.8298796765
3.75 7.375 2187455.9521989888
4.25 7.375 1509719.1720552866
4.75 7.375 773302.3217999093
5.25 7.375 530680.7950629457
5.75 7.375 311800.40182016673
6.25 7.375 13556.116787477818
6.75 7.375 4806.8293403278185
7.25 7.375 4653.738838592156
7.75 7.375 0.0
8.25 7.375 0.0
8.75 7.375 0.0
0.25 7.625 4274908.5502303215
0.75 7.625 4116561.7277949913
1.25 7.625 3545095.0994273983
1.75 7.625 3858676.266515032
2.25 7.625 3838144.0622950117
2.75 7.625 2540469.957647561
3.25 7.625 2352986.9880877915
3.75 7.625 1461231.5941559281
4.25 7.625 1115954.7181669425
4.75 7.625 832565.9752009003
5.25 7.625 326060.69647031184
5.75 7.625 280854.34186780447
6.25 7.625 77324.00044301772
6.75 7.625 21351.879809153
7.25 7.625 0.0
7.75 7.625 0.0
8.25 7.625 0.0
8.75 7.625 0.0
0.25 7.875 3805891.058511182
0.75 7.875 4676508.974114942
1.25 7.875 3773521.1947301296
1.75 7.875 2855865.947682137
2.25 7.875 3283707.9105521524
2.75 7.875 2882658.29984376
3.25 7.875 1877022.2549208472
3.75 7.875 1140534.0996889046
4.25 7.875 1081731.769770467
4.75 7.875 457023.7275546383
5.25 7.875 445440.7094151681
5.75 7.875 130608.88190861506
6.25 7.875 32555.991292398718
6.75 7.875 0.0
7.25 7.875 0.0
7.75 7.875 0.0
8.25 7.875 0.0
8.75 7.875 0.0
0.25 8.125 3146192.730042551
0.75 8.125 3105200.901099567
1.25 8.125 3179050.9097738857
1.75 8.125 2579941.8006028803
2.25 8.125 2505409.627377631
2.75 8.125 2154291.8307866207
3.25 8.125 2034005.9712327055
3.75 8.125 1737980.8505631154
4.25 8.125 745268.8174336203
4.75 8.125 700070.2305360306
5.25 8.125 299167.98180586705
5.75 8.125 91896.29044954041
6.25 8.125 0.0
6.75 8.125 0.0
7.25 8.125 0.0
7.75 8.125 0.0
8.25 8.125 0.0
8.75 8.125 0.0
0.25 8.375 2673223.04961643
0.75 8.375 2788799.9524434404
1.25 8.375 2546016.3353125853
1.75 8.375 2347444.5514701433
2.25 8.375 1881449.9599720691
2.75 8.375 1643165.2303336647
3.25 8.375 1212779.3218256976
3.75 8.375 1216940.277595387
4.25 8.375 900052.9546052088
4.75 8.375 660710.7003543874
5.25 8.375 403469.11274830427
5.75 8.375 67307.84226809062
6.25 8.375 8256.106885880845
6.75 8.375 0.0
7.25 8.375 0.0
7.75 8.375 0.0
8.25 8.375 0.0
8.75 8.375 0.0
0.25 8.625 2910724.036654996
0.75 8.625 2475727.469379026
1.25 8.625 1901782.8975440972
1.75 8.625 2278388.639741576
2.25 8.625 2131542.392086712
2.75 8.625 1522180.2006624704
3.25 8.625 1289811.7670459503
3.75 8.625 850645.7380531484
4.25 8.625 636227.4271474583
4.75 8.625 491468.5755588973
5.25 8.625 291174.08119722083
5.75 8.625 119742.64956027207
6.25 8.625 5266.4064897316175
6.75 8.625 0.0
7.25 8.625 0.0
7.75 8.625 0.0
8.25 8.625 0.0
8.75 8.625 0.0
0.25 8.875 2358069.132238206
0.75 8.875 2103597.7014552555
1.25 8.875 2220512.0404722625
1.75 8.875 1782711.8105873738
2.25 8.875 2077761.1253232653
2.75 8.875 1385321.4174363439
3.25 8.875 873205.710895788
3.75 8.875 835890.4212611294
4.25 8.875 578544.3342118568
4.75 8.875 205705.1375183951
5.25 8.875 290965.7065217627
5.75 8.875 31587.936110461
6.25 8.875 35517.89146915009
6.75 8.875 0.0
7.25 8.875 0.0
7.75 8.875 0.0
8.25 8.875 0.0
8.75 8.875 0.0
0.25 9.125 2153829.51965178
0.75 9.125 2259995.999881992
1.25 9.125 1535735.1770767244
1.75 9.125 1901506.707537698
2.25 9.125 1551967.8604821938
2.75 9.125 1289210.2054426824
3.25 9.125 959053.2867877494
3.75 9.125 654574.5785397193
4.25 9.125 517388.3373470988
4.75 9.125 325687.09172995493
5.25 9.125 131297.07974683546
5.75 9.125 10422.647195563648
6.25 9.125 31260.57923040257
6.75 9.125 0.0
7.25 9.125 0.0
7.75 9.125 0.0
8.25 9.125 0.0
8.75 9.125 0.0
0.25 9.375 1715755.3545138142
0.75 9.375 1645017.0472535996
1.25 9.375 1572131.2499715157
1.75 9.375 1554617.8948978372
2.25 9.375 1467842.052291428
2.75 9.375 999383.5470907683
3.25 9.375 809624.5887451274
3.75 9.375 962950.4361057674
4.25 9.375 484800.6708232831
4.75 9.375 203206.33680115372
5.25 9.375 105033.68562761089
5.75 9.375 73297.13527525585
6.25 9.375 0.0
6.75 9.375 3169.822898092555
7.25 9.375 0.0
7.75 9.375 0.0
8.25 9.375 0.0
8.75 9.375 0.0
0.25 9.625 1837753.6123933496
0.75 9.625 1274204.870847667
1.25 9.625 1992584.9955375083
1.75 9.625 1534742.6908021886
2.25 9.625 1392549.7699872465
2.75 9.625 715345.7180294131
3.25 9.625 922783.1493962627
3.75 9.625 594863.5331172276
4.25 9.625 448219.4385602873
4.75 9.625 180818.89505596153
5.25 9.625 102089.90877175458
5.75 9.625 59838.38383556761
6.25 9.625 0.0
6.75 9.625 0.0
7.25 9.625 0.0
7.75 9.625 0.0
8.25 9.625 0.0
8.75 9.625 0.0
0.25 9.875 1538177.9808723677
0.75 9.875 1144826.708119168
1.25 9.875 1341241.4594026075
1.75 9.875 1357471.1883991214
2.25 9.875 1354719.2390655929
2.75 9.875 1025602.590753842
3.25 9.875 735845.209348065
3.75 9.875 712578.7911332492
4.25 9.875 349994.7757649597
4.75 9.875 212200.95786029394
5.25 9.875 131869.9196384351
5.75 9.875 0.0
6.25 9.875 0.0
6.75 9.875 0.0
7.25 9.875 0.0
7.75 9.875 0.0
8.25 9.875 0.0
8.75 9.875 0.0
0.25 10.125 1212503.9898847206
0.75 10.125 1282526.4161947023
1.25 10.125 1157879.3475108128
1.75 10.125 712505.7632220961
2.25 10.125 884722.6531423198
2.75 10.125 868834.4454690133
3.25 10.125 376618.43142981996
3.75 10.125 391128.1764381123
4.25 10.125 152920.3438994087
4.75 10.125 88819.26928711601
5.25 10.125 51358.29026235372
5.75 10.125 37922.70547384265
6.25 10.125 0.0
6.75 10.125 0.0
7.25 10.125 0.0
7.75 10.125 0.0
8.25 10.125 0.0
8.75 10.125 0.0
0.25 10.375 1483013.449195754
0.75 10.375 1407853.5387427614
1.25 10.375 1354572.2788438094
1.75 10.375 1010189.7314059731
2.25 10.375 1145742.6302321968
2.75 10.375 720671.9838611104
3.25 10.375 754497.4664493747
3.75 10.375 274200.62680628884
4.25 10.375 242982.00274844302
4.75 10.375 156318.94326348236
5.25 10.375 93153.0930614945
5.75 10.375 56900.14632259765
6.25 10.375 0.0
6.75 10.375 0.0
7.25 10.375 0.0
7.75 10.375 0.0
8.25 10.375 0.0
8.75 10.375 0.0
0.25 10.625 1396086.9143293118
0.75 10.625 988577.1309625432
1.25 10.625 838432.5789904618
1.75 10.625 855850.4056080976
2.25 10.625 872562.5462486459
2.75 10.625 929731.6364175564
3.25 10.625 513212.0916356547
3.75 10.625 173103.5319488108
4.25 10.625 334748.9261242844
4.75 10.625 204727.3192576047
5.25 10.625 49202.57379447892
5.75 10.625 27361.621072963913
6.25 10.625 0.0
6.75 10.625 0.0
7.25 10.625 0.0
7.75 10.625 0.0
8.25 10.625 0.0
8.75 10.625 0.0
0.25 10.875 1054250.2322283853
0.75 10.875 988181.7465436026
1.25 10.875 894741.8799413602
1.75 10.875 1159600.3152965286
2.25 10.875 978857.081235909
2.75 10.875 538553.0903895766
3.25 10.875 295169.0335669029
3.75 10.875 296638.8996344622
4.25 10.875 238969.4320866999
4.75 10.875 112628.45432364666
5.25 10.875 82273.99300686552
5.75 10.875 0.0
6.25 10.875 0.0
6.75 10.875 0.0
7.25 10.875 0.0
7.75 10.875 0.0
8.25 10.875 0.0
8.75 10.875 0.0
0.25 11.125 852956.871612689
0.75 11.125 1391369.2254193462
1.25 11.125 842298.1189285652
1.75 11.125 1116109.1150329735
2.25 11.125 590084.5973170595
2.75 11.125 739487.3213179801
3.25 11.125 376030.72369214304
3.75 11.125 316242.9606969213
4.25 11.125 126375.50754985127
4.75 11.125 89235.7512877083
5.25 11.125 57987.29279902027
5.75 11.125 0.0
6.25 11.125 0.0
6.75 11.125 0.0
7.25 11.125 0.0
7.75 11.125 0.0
8.25 11.125 0.0
8.75 11.125 0.0
0.25 11.375 825669.4444732858
0.75 11.375 880539.217789222
1.25 11.375 589655.3762072414
1.75 11.375 662888.2215722505
2.25 11.375 666928.668775371
2.75 11.375 380272.49428812356
3.25 11.375 426982.3134832634
3.75 11.375 252259.89519967628
4.25 11.375 66048.56658628082
4.75 11.375 131272.81378071345
5.25 11.375 32081.628571415953
5.75 11.375 0.0
6.25 11.375 0.0
6.75 11.375 0.0
7.25 11.375 0.0
7.75 11.375 0.0
8.25 11.375 0.0
8.75 11.375 0.0
0.25 11.625 899049.7233602313
0.75 11.625 879139.0615284486
1.25 11.625 321780.65011635056
1.75 11.625 653066.2807395505
2.25 11.625 445029.4547471754
2.75 11.625 478718.49072110147
3.25 11.625 315321.6203816991
3.75 11.625 221312.35013128124
4.25 11.625 397997.6059271597
4.75 11.625 154620.04654348755
5.25 11.625 34517.4020217858
5.75 11.625 0.0
6.25 11.625 0.0
6.75 11.625 0.0
7.25 11.625 0.0
7.75 11.625 0.0
8.25 11.625 0.0
8.75 11.625 0.0
0.25 11.875 720395.6139064671
0.75 11.875 611150.5962484336
1.25 11.875 467003.08724684286
1.75 11.875 672111.2305192593
2.25 11.875 698222.3162604815
2.75 11.875 303969.1048279668
3.25 11.875 341930.3210039897
3.75 11.875 67763.34636069118
4.25 11.875 191349.09704653634
4.75 11.875 82548.99219056928
5.25 11.875 59207.387016760316
5.75 11.875 0.0
6.25 11.875 0.0
6.75 11.875 0.0
7.25 11.875 0.0
7.75 11.875 0.0
8.25 11.875 0.0
8.75 11.875 0.0
0.25 12.125 795919.5607298422
0.75 12.125 556298.9739835206
1.25 12.125 453454.17773737776
1.75 12.125 509215.72780124453
2.25 12.125 325527.3441188513
2.75 12.125 407754.9195657255
3.25 12.125 220747.75588122246
3.75 12.125 155633.90990932108
4.25 12.125 175860.35222305616
4.75 12.125 35655.99511498419
5.25 12.125 26505.16287496701
5.75 12.125 50233.23087149383
6.25 12.125 0.0
6.75 12.125 0.0
7.25 12.125 0.0
7.75 12.125 0.0
8.25 12.125 0.0
8.75 12.125 0.0
0.25 12.375 588520.1197320056
0.75 12.375 785276.5500087288
1.25 12.375 445037.82466311875
1.75 12.375 483324.3152604757
2.25 12.375 270645.0729564687
2.75 12.375 467362.82460055215
3.25 12.375 209677.10774551012
3.75 12.375 341150.08478652587
4.25 12.375 86574.08491463953
4.75 12.375 39027.620418162645
5.25 12.375 6308.978578835236
5.75 12.375 0.0
6.25 12.375 0.0
6.75 12.375 0.0
7.25 12.375 0.0
7.75 12.375 0.0
8.25 12.375 0.0
8.75 12.375 0.0
0.25 12.625 565442.3877437427
0.75 12.625 338945.8178897627
1.25 12.625 504019.0223242081
1.75 12.625 329534.38046674477
2.25 12.625 297393.70429980697
2.75 12.625 146065.31321973095
3.25 12.625 293589.7036370255
3.75 12.625 131871.32829564696
4.25 12.625 93705.3066766149
4.75 12.625 18916.68789169788
5.25 12.625 9024.948190003177
5.75 12.625 0.0
6.25 12.625 0.0
6.75 12.625 0.0
7.25 12.625 0.0
7.75 12.625 0.0
8.25 12.625 0.0
8.75 12.625 0.0
0.25 12.875 490307.19300375995
0.75 12.875 449381.37848230137
1.25 12.875 313232.6258149563
1.75 12.875 549378.3565450907
2.25 12.875 311086.5343841043
2.75 12.875 286082.95921280753
3.25 12.875 160550.902818478
3.75 12.875 226668.89851385172
4.25 12.875 86420.73064352588
4.75 12.875 88331.51534593829
5.25 12.875 0.0
5.75 12.875 0.0
6.25 12.875 0.0
6.75 12.875 0.0
7.25 12.875 0.0
7.75 12.875 0.0
8.25 12.875 0.0
8.75 12.875 0.0
0.25 13.125 506061.82669548603
0.75 13.125 554027.2441484046
1.25 13.125 304616.1883158033
1.75 13.125 517451.8089556458
2.25 13.125 259419.48516309966
2.75 13.125 238391.55437508764
3.25 13.125 205254.73327607475
3.75 13.125 139865.48023181263
4.25 13.125 221154.99771591078
4.75 13.125 64257.37393542328
5.25 13.125 35652.49013678608
5.75 13.125 32774.895729815486
6.25 13.125 0.0
6.75 13.125 0.0
7.25 13.125 0.0
7.75 13.125 0.0
8.25 13.125 0.0
8.75 13.125 0.0
0.25 13.375 466281.68231266935
0.75 13.375 386963.2384517287
1.25 13.375 324857.74149470526
1.75 13.375 73969.83345163577
2.25 13.375 137273.7228959006
2.75 13.375 100659.24440488836
3.25 13.375 157701.86164463023
3.75 13.375 86060.14794468292
4.25 13.375 216612.0074686579
4.75 13.375 15197.396198314776
5.25 13.375 0.0
5.75 13.375 0.0
6.25 13.375 0.0
6.75 13.375 0.0
7.25 13.375 0.0
7.75 13.375 0.0
8.25 13.375 0.0
8.75 13.375 0.0
0.25 13.625 430105.3041339683
0.75 13.625 421125.34589915106
1.25 13.625 294498.19236947957
1.75 13.625 236144.52944167441
2.25 13.625 48584.318921397586
2.75 13.625 284422.68609835824
3.25 13.625 173909.18072365952
3.75 13.625 171530.03772241
4.25 13.625 36880.49242002082
4.75 13.625 29298.24301008017
5.25 13.625 19149.153941786277
5.75 13.625 0.0
6.25 13.625 0.0
6.75 13.625 0.0
7.25 13.625 0.0
7.75 13.625 0.0
8.25 13.625 0.0
8.75 13.625 0.0
0.25 13.875 517829.2157777708
0.75 13.875 471496.20091086545
1.25 13.875 232151.6661140812
1.75 13.875 148702.7031060677
2.25 13.875 197820.8037365408
2.75 13.875 187863.32079998477
3.25 13.875 111614.51017073481
3.75 13.875 107636.31636306396
4.25 13.875 116074.32304434292
4.75 13.875 0.0
5.25 13.875 0.0
5.75 13.875 28710.47377882403
6.25 13.875 0.0
6.75 13.875 0.0
7.25 13.875 0.0
7.75 13.875 0.0
8.25 13.875 0.0
8.75 13.875 0.0
0.25 14.125 158625.93400441925
0.75 14.125 271053.7923907408
1.25 14.125 158404.24387844236
1.75 14.125 236534.79186363672
2.25 14.125 194852.36252906086
2.75 14.125 187888.99946156278
3.25 14.125 151554.2118208784
3.75 14.125 115742.10498430894
4.25 14.125 36973.14291339947
4.75 14.125 19239.41152905881
5.25 14.125 0.0
5.75 14.125 31325.157529874574
6.25 14.125 0.0
6.75 14.125 0.0
7.25 14.125 0.0
7.75 14.125 0.0
8.25 14.125 0.0
8.75 14.125 0.0
0.25 14.375 454059.1412287713
0.75 14.375 228917.03245094037
1.25 14.375 278605.92712930037
1.75 14.375 177633.23685850602
2.25 14.375 258953.65122011173
2.75 14.375 169600.20916081316
3.25 14.375 56675.61553048802
3.75 14.375 31173.93905429567
4.25 14.375 81754.42593601924
4.75 14.375 144452.53231079772
5.25 14.375 0.0
5.75 14.375 9187.677133488949
6.25 14.375 0.0
6.75 14.375 0.0
7.25 14.375 0.0
7.75 14.375 0.0
8.25 14.375 0.0
8.75 14.375 0.0
0.25 14.625 205525.09709415294
0.75 14.625 361513.356435012
1.25 14.625 273409.82199069636
1.75 14.625 114549.15887574648
2.25 14.625 271848.4329505799
2.75 14.625 77766.41535733288
3.25 14.625 102380.81751400222
3.75 14.625 34756.11416557324
4.25 14.625 42707.318356122465
4.75 14.625 0.0
5.25 14.625 0.0
5.75 14.625 0.0
6.25 14.625 0.0
6.75 14.625 0.0
7.25 14.625 0.0
7.75 14.625 0.0
8.25 14.625 0.0
8.75 14.625 0.0
0.25 14.875 260947.21117734897
0.75 14.875 189911.5519008477
1.25 14.875 179773.78388715247
1.75 14.875 236871.18817340233
2.25 14.875 165951.86654094938
2.75 14.875 140956.28062747154
3.25 14.875 72666.72971169217
3.75 14.875 79433.57448432008
4.25 14.875 69658.90332684306
4.75 14.875 49933.98243088424
5.25 14.875 13813.882083201834
5.75 14.875 0.0
6.25 14.875 0.0
6.75 14.875 0.0
7.25 14.875 0.0
7.75 14.875 0.0
8.25 14.875 0.0
8.75 14.875 0.0
0.25 15.125 186269.956400897
0.75 15.125 215634.372513924
1.25 15.125 111301.86548789724
1.75 15.125 227148.33647397617
2.25 15.125 130300.08121660748
2.75 15.125 106484.74072073774
3.25 15.125 234399.69744371393
3.75 15.125 161587.59463470805
4.25 15.125 99376.71829007882
4.75 15.125 0.0
5.25 15.125 0.0
5.75 15.125 27233.90431176802
6.25 15.125 0.0
6.75 15.125 0.0
7.25 15.125 0.0
7.75 15.125 0.0
8.25 15.125 0.0
8.75 15.125 0.0
0.25 15.375 126182.53041665861
0.75 15.375 139637.53277311777
1.25 15.375 114612.74299978274
1.75 15.375 175713.4887863152
2.25 15.375 189651.51080551522
2.75 15.375 238171.80948786554
3.25 15.375 118235.19053387598
3.75 15.375 0.0
4.25 15.375 32763.854696140694
4.75 15.375 33507.60920372766
5.25 15.375 0.0
5.75 15.375 0.0
6.25 15.375 0.0
6.75 15.375 0.0
7.25 15.375 0.0
7.75 15.375 0.0
8.25 15.375 0.0
8.75 15.375 0.0
0.25 15.625 190007.81183393707
0.75 15.625 255371.55204231205
1.25 15.625 248663.7677521003
1.75 15.625 251523.07038681308
2.25 15.625 0.0
2.75 15.625 281158.2991214029
3.25 15.625 417423.1322692522
3.75 15.625 36919.53271829702
4.25 15.625 37310.26366002106
4.75 15.625 11813.243036477093
5.25 15.625 0.0
5.75 15.625 0.0
6.25 15.625 0.0
6.75 15.625 0.0
7.25 15.625 0.0
7.75 15.625 0.0
8.25 15.625 0.0
8.75 15.625 0.0
0.25 15.875 96969.0380013863
0.75 15.875 201530.88469302346
1.25 15.875 300679.2210271042
1.75 15.875 338215.4853189587
2.25 15.875 148863.43034617094
2.75 15.875 49319.65008394961
3.25 15.875 100619.12597569507
3.75 15.875 48144.48675403883
4.25 15.875 21587.899952407493
4.75 15.875 9775.9658848011
5.25 15.875 34718.54141756995
5.75 15.875 0.0
6.25 15.875 0.0
6.75 15.875 0.0
7.25 15.875 0.0
7.75 15.875 0.0
8.25 15.875 0.0
8.75 15.875 0.0
0.25 16.125 181792.4598295908
0.75 16.125 148296.27422393148
1.25 16.125 187305.3007152048
1.75 16.125 102893.7448151781
2.25 16.125 71776.36534068688
2.75 16.125 65532.118017578025
3.25 16.125 96457.88675441791
3.75 16.125 17473.13501196727
4.25 16.125 14939.724978802957
4.75 16.125 0.0
5.25 16.125 0.0
5.75 16.125 0.0
6.25 16.125 0.0
6.75 16.125 0.0
7.25 16.125 0.0
7.75 16.125 0.0
8.25 16.125 0.0
8.75 16.125 0.0
0.25 16.375 115724.64277288115
0.75 16.375 53289.71154997538
1.25 16.375 156677.27984526468
1.75 16.375 248422.48754525062
2.25 16.375 57080.42271547276
2.75 16.375 138817.47955922826
3.25 16.375 27621.42637000411
3.75 16.375 32013.624628229863
4.25 16.375 20919.9082955414
4.75 16.375 0.0
5.25 16.375 0.0
5.75 16.375 0.0
6.25 16.375 0.0
6.75 16.375 0.0
7.25 16.375 0.0
7.75 16.375 0.0
8.25 16.375 0.0
8.75 16.375 0.0
0.25 16.625 179332.82441152845
0.75 16.625 122354.69967353003
1.25 16.625 110763.03205800122
1.75 16.625 91169.82260461063
2.25 16.625 64641.41367816869
2.75 16.625 38067.432172837216
3.25 16.625 70781.84099895357
3.75 16.625 34741.30806979132
4.25 16.625 0.0
4.75 16.625 0.0
5.25 16.625 0.0
5.75 16.625 0.0
6.25 16.625 0.0
6.75 16.625 0.0
7.25 16.625 0.0
7.75 16.625 0.0
8.25 16.625 0.0
8.75 16.625 0.0
0.25 16.875 209976.21204159592
0.75 16.875 126199.88892284471
1.25 16.875 108886.47598500445
1.75 16.875 194957.7632213809
2.25 16.875 39180.79919408351
2.75 16.875 68324.406335988
3.25 16.875 47558.43690996743
3.75 16.875 74574.51402206547
4.25 16.875 0.0
4.75 16.875 13381.979477695233
5.25 16.875 0.0
5.75 16.875 0.0
6.25 16.875 0.0
6.75 16.875 0.0
7.25 16.875 0.0
7.75 16.875 0.0
8.25 16.875 0.0
8.75 16.875 0.0
0.25 17.125 239293.29620342955
0.75 17.125 97817.1804741917
1.25 17.125 75746.57856422046
1.75 17.125 58664.65966343451
2.25 17.125 127107.50658690813
2.75 17.125 0.0
3.25 17.125 32634.43962855038
3.75 17.125 26959.491700704275
4.25 17.125 0.0
4.75 17.125 0.0
5.25 17.125 0.0
5.75 17.125 0.0
6.25 17.125 0.0
6.75 17.125 0.0
7.25 17.125 0.0
7.75 17.125 0.0
8.25 17.125 0.0
8.75 17.125 0.0
0.25 17.375 0.0
0.75 17.375 238915.55927767095
1.25 17.375 103491.94569756639
1.75 17.375 117955.84552609947
2.25 17.375 24323.666047964925
2.75 17.375 31968.110029369793
3.25 17.375 34687.90971136166
3.75 17.375 88180.48277709639
4.25 17.375 67707.84190233225
4.75 17.375 0.0
5.25 17.375 0.0
5.75 17.375 0.0
6.25 17.375 0.0
6.75 17.375 0.0
7.25 17.375 0.0
7.75 17.375 0.0
8.25 17.375 0.0
8.75 17.375 0.0
0.25 17.625 108761.7914941597
0.75 17.625 68004.56285755619
1.25 17.625 226532.25870901166
1.75 17.625 113076.38458069305
2.25 17.625 53408.23977095745
2.75 17.625 63501.425810422435
3.25 17.625 42760.99229074977
3.75 17.625 45741.7710950212
4.25 17.625 0.0
4.75 17.625 0.0
5.25 17.625 12723.05151845164
5.75 17.625 0.0
6.25 17.625 0.0
6.75 17.625 0.0
7.25 17.625 0.0
7.75 17.625 0.0
8.25 17.625 0.0
8.75 17.625 0.0
0.25 17.875 158901.63130504434
0.75 17.875 81358.45336572999
1.25 17.875 32444.00217997
1.75 17.875 110570.3966773656
2.25 17.875 36576.830877030356
2.75 17.875 34872.45415432834
3.25 17.875 62854.08390263589
3.75 17.875 50409.67561944179
4.25 17.875 21705.935282338338
4.75 17.875 0.0
5.25 17.875 0.0
5.75 17.875 0.0
6.25 17.875 0.0
6.75 17.875 0.0
7.25 17.875 0.0
7.75 17.875 0.0
8.25 17.875 0.0
8.75 17.875 0.0
0.25 18.125 154150.75849329788
0.75 18.125 114842.90008323957
1.25 18.125 28525.538244357973
1.75 18.125 103535.80617011638
2.25 18.125 0.0
2.75 18.125 115206.59748084002
3.25 18.125 28429.161058962676
3.75 18.125 29074.906741435145
4.25 18.125 0.0
4.75 18.125 0.0
5.25 18.125 0.0
5.75 18.125 0.0
6.25 18.125 0.0
6.75 18.125 0.0
7.25 18.125 0.0
7.75 18.125 0.0
8.25 18.125 0.0
8.75 18.125 0.0
0.25 18.375 183117.36727217128
0.75 18.375 284810.43254355254
1.25 18.375 0.0
1.75 18.375 29217.314383305085
2.25 18.375 22393.445159988296
2.75 18.375 73080.38322173146
3.25 18.375 168129.2488090615
3.75 18.375 0.0
4.25 18.375 195385.24928781466
4.75 18.375 0.0
5.25 18.375 0.0
5.75 18.375 0.0
6.25 18.375 0.0
6.75 18.375 0.0
7.25 18.375 0.0
7.75 18.375 0.0
8.25 18.375 0.0
8.75 18.375 0.0
0.25 18.625 131972.1946240292
0.75 18.625 55609.196379824134
1.25 18.625 24851.844089307553
1.75 18.625 0.0
2.25 18.625 81016.08474113488
2.75 18.625 78936.46348909989
3.25 18.625 45414.84134247858
3.75 18.625 0.0
4.25 18.625 53042.208133729284
4.75 18.625 0.0
5.25 18.625 0.0
5.75 18.625 0.0
6.25 18.625 0.0
6.75 18.625 0.0
7.25 18.625 0.0
7.75 18.625 0.0
8.25 18.625 0.0
8.75 18.625 0.0
0.25 18.875 33415.05000001887
0.75 18.875 33674.648352620956
1.25 18.875 133646.7168917584
1.75 18.875 436974.6858388236
2.25 18.875 86485.77627841718
2.75 18.875 33415.05000001887
3.25 18.875 0.0
3.75 18.875 0.0
4.25 18.875 0.0
4.75 18.875 39840.22463960058
5.25 18.875 0.0
5.75 18.875 0.0
6.25 18.875 0.0
6.75 18.875 0.0
7.25 18.875 0.0
7.75 18.875 0.0
8.25 18.875 0.0
8.75 18.875 0.0
0.25 19.125 172580.38517779487
0.75 19.125 439032.18548617064
1.25 19.125 56186.13010457439
1.75 19.125 146479.62321361553
2.25 19.125 120042.80336006774
2.75 19.125 80539.62561238345
3.25 19.125 75186.5899404151
3.75 19.125 25215.522871598652
4.25 19.125 0.0
4.75 19.125 31377.221680270068
5.25 19.125 0.0
5.75 19.125 0.0
6.25 19.125 0.0
6.75 19.125 0.0
7.25 19.125 0.0
7.75 19.125 0.0
8.25 19.125 0.0
8.75 19.125 0.0
0.25 19.375 32055.779973901423
0.75 19.375 221995.75285162148
1.25 19.375 0.0
1.75 19.375 0.0
2.25 19.375 13443.917384057148
2.75 19.375 90718.22543600806
3.25 19.375 36614.872934803985
3.75 19.375 61204.29937567106
4.25 19.375 30938.24708157851
4.75 19.375 0.0
5.25 19.375 0.0
5.75 19.375 0.0
6.25 19.375 0.0
6.75 19.375 0.0
7.25 19.375 0.0
7.75 19.375 0.0
8.25 19.375 0.0
8.75 19.375 0.0
0.25 19.625 0.0
0.75 19.625 131918.57647347983
1.25 19.625 15146.948135181103
1.75 19.625 65609.79510123622
2.25 19.625 137952.06438102433
2.75 19.625 0.0
3.25 19.625 56285.67581797965
3.75 19.625 0.0
4.25 19.625 14212.87655872949
4.75 19.625 0.0
5.25 19.625 0.0
5.75 19.625 0.0
6.25 19.625 0.0
6.75 19.625 0.0
7.25 19.625 0.0
7.75 19.625 0.0
8.25 19.625 0.0
8.75 19.625 0.0
0.25 19.875 0.0
0.75 19.875 44549.396727008476
1.25 19.875 30078.574308485546
1.75 19.875 0.0
2.25 19.875 0.0
2.75 19.875 110622.74370721585
3.25 19.875 0.0
3.75 19.875 69640.18500001376
4.25 19.875 0.0
4.75 19.875 19121.53394926188
5.25 19.875 0.0
5.75 19.875 0.0
6.25 19.875 0.0
6.75 19.875 0.0
7.25 19.875 0.0
7.75 19.875 0.0
8.25 19.875 0.0
8.75 19.875 0.0
0.25 20.125 131520.4883282217
0.75 20.125 100418.28775875438
1.25 20.125 21662.49900871136
1.75 20.125 0.0
2.25 20.125 73083.82148554859
2.75 20.125 34946.218234184766
3.25 20.125 31088.477225919847
3.75 20.125 0.0
4.25 20.125 0.0
4.75 20.125 0.0
5.25 20.125 0.0
5.75 20.125 0.0
6.25 20.125 0.0
6.75 20.125 0.0
7.25 20.125 0.0
7.75 20.125 0.0
8.25 20.125 0.0
8.75 20.125 0.0
0.25 20.375 25493.781983618694
0.75 20.375 0.0
1.25 20.375 0.0
1.75 20.375 27984.534840028908
2.25 20.375 0.0
2.75 20.375 96647.35333141952
3.25 20.375 0.0
3.75 20.375 31580.01862641652
4.25 20.375 85170.78832004809
4.75 20.375 0.0
5.25 20.375 0.0
5.75 20.375 0.0
6.25 20.375 0.0
6.75 20.375 0.0
7.25 20.375 0.0
7.75 20.375 0.0
8.25 20.375 0.0
8.75 20.375 0.0
0.25 20.625 69640.78613717116
0.75 20.625 78620.64227760343
1.25 20.625 33415.05000001887
1.75 20.625 15977.331936054092
2.25 20.625 44427.70191612575
2.75 20.625 15383.456346315457
3.25 20.625 0.0
3.75 20.625 0.0
4.25 20.625 0.0
4.75 20.625 0.0
5.25 20.625 0.0
5.75 20.625 0.0
6.25 20.625 0.0
6.75 20.625 0.0
7.25 20.625 0.0
7.75 20.625 0.0
8.25 20.625 0.0
8.75 20.625 0.0
0.25 20.875 56443.72101949393
0.75 20.875 0.0
1.25 20.875 55418.54211902719
1.75 20.875 45980.87527136329
2.25 20.875 30541.552204797816
2.75 20.875 33632.46260659316
3.25 20.875 26945.87412024507
3.75 20.875 0.0
4.25 20.875 0.0
4.75 20.875 0.0
5.25 20.875 0.0
5.75 20.875 0.0
6.25 20.875 0.0
6.75 20.875 0.0
7.25 20.875 0.0
7.75 20.875 0.0
8.25 20.875 0.0
8.75 20.875 0.0
0.25 21.125 33415.05000001887
0.75 21.125 31564.233054174434
1.25 21.125 30983.545694025623
1.75 21.125 31741.374733253095
2.25 21.125 0.0
2.75 21.125 0.0
3.25 21.125 18887.421308875444
3.75 21.125 30495.0488876545
4.25 21.125 0.0
4.75 21.125 0.0
5.25 21.125 0.0
5.75 21.125 0.0
6.25 21.125 0.0
6.75 21.125 0.0
7.25 21.125 0.0
7.75 21.125 0.0
8.25 21.125 0.0
8.75 21.125 0.0
0.25 21.375 60451.46988678108
0.75 21.375 34962.24755205305
1.25 21.375 0.0
1.75 21.375 33415.05000001887
2.25 21.375 0.0
2.75 21.375 53673.33883607666
3.25 21.375 20595.151320078203
3.75 21.375 0.0
4.25 21.375 0.0
4.75 21.375 0.0
5.25 21.375 28769.374348037592
5.75 21.375 0.0
6.25 21.375 0.0
6.75 21.375 0.0
7.25 21.375 0.0
7.75 21.375 0.0
8.25 21.375 0.0
8.75 21.375 0.0
0.25 21.625 87716.74277571459
0.75 21.625 0.0
1.25 21.625 0.0
1.75 21.625 39481.59432267394
2.25 21.625 49807.87912962984
2.75 21.625 50688.34370416968
3.25 21.625 0.0
3.75 21.625 4379931.820505243
4.25 21.625 46851.138551198186
4.75 21.625 0.0
5.25 21.625 0.0
5.75 21.625 0.0
6.25 21.625 0.0
6.75 21.625 0.0
7.25 21.625 0.0
7.75 21.625 0.0
8.25 21.625 0.0
8.75 21.625 0.0
0.25 21.875 0.0
0.75 21.875 27029.61617126185
1.25 21.875 29943.560479405256
1.75 21.875 76086.52062701742
2.25 21.875 0.0
2.75 21.875 0.0
3.25 21.875 21784.595169328877
3.75 21.875 84362.8471200476
4.25 21.875 0.0
4.75 21.875 0.0
5.25 21.875 0.0
5.75 21.875 0.0
6.25 21.875 0.0
6.75 21.875 0.0
7.25 21.875 0.0
7.75 21.875 0.0
8.25 21.875 0.0
8.75 21.875 0.0
0.25 22.125 47829.405538889594
0.75 22.125 0.0
1.25 22.125 83149.77883162454
1.75 22.125 0.0
2.25 22.125 31714.09270714565
2.75 22.125 21137.871980568845
3.25 22.125 33415.05000001887
3.75 22.125 33415.05000001887
4.25 22.125 0.0
4.75 22.125 0.0
5.25 22.125 0.0
5.75 22.125 0.0
6.25 22.125 0.0
6.75 22.125 0.0
7.25 22.125 0.0
7.75 22.125 0.0
8.25 22.125 0.0
8.75 22.125 0.0
0.25 22.375 0.0
0.75 22.375 0.0
1.25 22.375 95073.56640027362
1.75 22.375 87491.69872705158
2.25 22.375 34377.60423217092
2.75 22.375 36499.651641255405
3.25 22.375 0.0
3.75 22.375 16718.297378595264
4.25 22.375 0.0
4.75 22.375 0.0
5.25 22.375 0.0
5.75 22.375 0.0
6.25 22.375 0.0
6.75 22.375 0.0
7.25 22.375 0.0
7.75 22.375 0.0
8.25 22.375 0.0
8.75 22.375 0.0
0.25 22.625 100245.15000005659
0.75 22.625 46168.84961445015
1.25 22.625 0.0
1.75 22.625 49102.70372428711
2.25 22.625 0.0
2.75 22.625 81773.93400988038
3.25 22.625 22614.285746696867
3.75 22.625 0.0
4.25 22.625 0.0
4.75 22.625 20828.273807705777
5.25 22.625 0.0
5.75 22.625 0.0
6.25 22.625 0.0
6.75 22.625 0.0
7.25 22.625 0.0
7.75 22.625 0.0
8.25 22.625 0.0
8.75 22.625 0.0
0.25 22.875 0.0
0.75 22.875 31022.37304872113
1.25 22.875 0.0
1.75 22.875 29305.88288623506
2.25 22.875 15079.967384051057
2.75 22.875 40663.0213262942
3.25 22.875 0.0
3.75 22.875 0.0
4.25 22.875 0.0
4.75 22.875 0.0
5.25 22.875 0.0
5.75 22.875 0.0
6.25 22.875 0.0
6.75 22.875 0.0
7.25 22.875 0.0
7.75 22.875 0.0
8.25 22.875 0.0
8.75 22.875 0.0
0.25 23.125 0.0
0.75 23.125 100161.60279100446
1.25 23.125 25901.166283361003
1.75 23.125 13342.798169146936
2.25 23.125 0.0
2.75 23.125 0.0
3.25 23.125 0.0
3.75 23.125 0.0
4.25 23.125 0.0
4.75 23.125 0.0
5.25 23.125 0.0
5.75 23.125 0.0
6.25 23.125 0.0
6.75 23.125 0.0
7.25 23.125 0.0
7.75 23.125 0.0
8.25 23.125 0.0
8.75 23.125 0.0
0.25 23.375 79203.46707668038
0.75 23.375 90116.34793389234
1.25 23.375 33415.05000001887
1.75 23.375 13664.020007965151
2.25 23.375 0.0
2.75 23.375 0.0
3.25 23.375 0.0
3.75 23.375 33415.05000001887
4.25 23.375 0.0
4.75 23.375 0.0
5.25 23.375 0.0
5.75 23.375 0.0
6.25 23.375 0.0
6.75 23.375 0.0
7.25 23.375 0.0
7.75 23.375 0.0
8.25 23.375 0.0
8.75 23.375 0.0
0.25 23.625 13092.973923517357
0.75 23.625 0.0
1.25 23.625 159435.9438290531
1.75 23.625 0.0
2.25 23.625 0.0
2.75 23.625 0.0
3.25 23.625 0.0
3.75 23.625 29673.329595953455
4.25 23.625 0.0
4.75 23.625 0.0
5.25 23.625 0.0
5.75 23.625 0.0
6.25 23.625 0.0
6.75 23.625 0.0
7.25 23.625 0.0
7.75 23.625 0.0
8.25 23.625 0.0
8.75 23.625 0.0
0.25 23.875 180187.3686612321
0.75 23.875 74637.46015455031
1.25 23.875 25925.01410548096
1.75 23.875 19596.351424601064
2.25 23.875 0.0
2.75 23.875 0.0
3.25 23.875 0.0
3.75 23.875 0.0
4.25 23.875 0.0
4.75 23.875 0.0
5.25 23.875 0.0
5.75 23.875 0.0
6.25 23.875 0.0
6.75 23.875 0.0
7.25 23.875 0.0
7.75 23.875 0.0
8.25 23.875 0.0
8.75 23.875 0.0
0.25 24.125 33415.05000001887
0.75 24.125 0.0
1.25 24.125 51757.03790419618
1.75 24.125 0.0
2.25 24.125 0.0
2.75 24.125 37026.27761709157
3.25 24.125 0.0
3.75 24.125 0.0
4.25 24.125 0.0
4.75 24.125 0.0
5.25 24.125 0.0
5.75 24.125 0.0
6.25 24.125 0.0
6.75 24.125 0.0
7.25 24.125 0.0
7.75 24.125 0.0
8.25 24.125 0.0
8.75 24.125 0.0
0.25 24.375 0.0
0.75 24.375 0.0
1.25 24.375 0.0
1.75 24.375 21648.599247406488
2.25 24.375 0.0
2.75 24.375 0.0
3.25 24.375 0.0
3.75 24.375 0.0
4.25 24.375 0.0
4.75 24.375 0.0
5.25 24.375 0.0
5.75 24.375 0.0
6.25 24.375 0.0
6.75 24.375 0.0
7.25 24.375 0.0
7.75 24.375 0.0
8.25 24.375 0.0
8.75 24.375 0.0
0.25 24.625 0.0
0.75 24.625 0.0
1.25 24.625 55644.34995907356
1.75 24.625 33415.05000001887
2.25 24.625 23778.990062247954
2.75 24.625 0.0
3.25 24.625 0.0
3.75 24.625 0.0
4.25 24.625 0.0
4.75 24.625 0.0
5.25 24.625 0.0
5.75 24.625 0.0
6.25 24.625 0.0
6.75 24.625 0.0
7.25 24.625 0.0
7.75 24.625 0.0
8.25 24.625 0.0
8.75 24.625 0.0
0.25 24.875 0.0
0.75 24.875 0.0
1.25 24.875 0.0
1.75 24.875 0.0
2.25 24.875 0.0
2.75 24.875 0.0
3.25 24.875 0.0
3.75 24.875 0.0
4.25 24.875 0.0
4.75 24.875 0.0
5.25 24.875 0.0
5.75 24.875 0.0
6.25 24.875 0.0
6.75 24.875 0.0
7.25 24.875 0.0
7.75 24.875 0.0
8.25 24.875 0.0
8.75 24.875 0.0
0.25 25.125 33415.05000001887
0.75 25.125 151037.51789842936
1.25 25.125 19138.508254538658
1.75 25.125 0.0
2.25 25.125 0.0
2.75 25.125 15099.158164232294
3.25 25.125 0.0
3.75 25.125 0.0
4.25 25.125 0.0
4.75 25.125 0.0
5.25 25.125 0.0
5.75 25.125 0.0
6.25 25.125 0.0
6.75 25.125 0.0
7.25 25.125 0.0
7.75 25.125 0.0
8.25 25.125 0.0
8.75 25.125 0.0
0.25 25.375 0.0
0.75 25.375 0.0
1.25 25.375 0.0
1.75 25.375 39259.21806731294
2.25 25.375 0.0
2.75 25.375 0.0
3.25 25.375 23662.67587406824
3.75 25.375 0.0
4.25 25.375 0.0
4.75 25.375 0.0
5.25 25.375 0.0
5.75 25.375 0.0
6.25 25.375 0.0
6.75 25.375 0.0
7.25 25.375 0.0
7.75 25.375 0.0
8.25 25.375 0.0
8.75 25.375 0.0
0.25 25.625 56585.19732773574
0.75 25.625 0.0
1.25 25.625 33415.05000001887
1.75 25.625 0.0
2.25 25.625 0.0
2.75 25.625 0.0
3.25 25.625 0.0
3.75 25.625 0.0
4.25 25.625 0.0
4.75 25.625 0.0
5.25 25.625 0.0
5.75 25.625 0.0
6.25 25.625 0.0
6.75 25.625 0.0
7.25 25.625 0.0
7.75 25.625 0.0
8.25 25.625 0.0
8.75 25.625 0.0
0.25 25.875 33690.537655047294
0.75 25.875 0.0
1.25 25.875 46598.33510328025
1.75 25.875 33415.05000001887
2.25 25.875 0.0
2.75 25.875 0.0
3.25 25.875 0.0
3.75 25.875 0.0
4.25 25.875 0.0
4.75 25.875 0.0
5.25 25.875 0.0
5.75 25.875 0.0
6.25 25.875 0.0
6.75 25.875 0.0
7.25 25.875 0.0
7.75 25.875 0.0
8.25 25.875 0.0
8.75 25.875 0.0
0.25 26.125 0.0
0.75 26.125 0.0
1.25 26.125 0.0
1.75 26.125 0.0
2.25 26.125 0.0
2.75 26.125 0.0
3.25 26.125 0.0
3.75 26.125 0.0
4.25 26.125 0.0
4.75 26.125 0.0
5.25 26.125 0.0
5.75 26.125 0.0
6.25 26.125 0.0
6.75 26.125 0.0
7.25 26.125 0.0
7.75 26.125 0.0
8.25 26.125 0.0
8.75 26.125 0.0
0.25 26.375 0.0
0.75 26.375 73390.64588951413
1.25 26.375 0.0
1.75 26.375 0.0
2.25 26.375 0.0
2.75 26.375 0.0
3.25 26.375 0.0
3.75 26.375 0.0
4.25 26.375 0.0
4.75 26.375 0.0
5.25 26.375 0.0
5.75 26.375 0.0
6.25 26.375 0.0
6.75 26.375 0.0
7.25 26.375 0.0
7.75 26.375 0.0
8.25 26.375 0.0
8.75 26.375 0.0
0.25 26.625 0.0
0.75 26.625 0.0
1.25 26.625 19294.923634791874
1.75 26.625 0.0
2.25 26.625 15793.49410605347
2.75 26.625 0.0
3.25 26.625 0.0
3.75 26.625 0.0
4.25 26.625 0.0
4.75 26.625 0.0
5.25 26.625 0.0
5.75 26.625 0.0
6.25 26.625 0.0
6.75 26.625 0.0
7.25 26.625 0.0
7.75 26.625 0.0
8.25 26.625 0.0
8.75 26.625 0.0
0.25 26.875 33415.05000001887
0.75 26.875 0.0
1.25 26.875 0.0
1.75 26.875 0.0
2.25 26.875 0.0
2.75 26.875 0.0
3.25 26.875 0.0
3.75 26.875 0.0
4.25 26.875 0.0
4.75 26.875 0.0
5.25 26.875 0.0
5.75 26.875 0.0
6.25 26.875 0.0
6.75 26.875 0.0
7.25 26.875 0.0
7.75 26.875 0.0
8.25 26.875 0.0
8.75 26.875 0.0
0.25 27.125 0.0
0.75 27.125 0.0
1.25 27.125 0.0
1.75 27.125 0.0
2.25 27.125 0.0
2.75 27.125 0.0
3.25 27.125 0.0
3.75 27.125 0.0
4.25 27.125 0.0
4.75 27.125 0.0
5.25 27.125 0.0
5.75 27.125 0.0
6.25 27.125 0.0
6.75 27.125 0.0
7.25 27.125 0.0
7.75 27.125 0.0
8.25 27.125 0.0
8.75 27.125 0.0
0.25 27.375 33415.05000001887
0.75 27.375 0.0
1.25 27.375 0.0
1.75 27.375 0.0
2.25 27.375 13303.916990045042
2.75 27.375 0.0
3.25 27.375 0.0
3.75 27.375 0.0
4.25 27.375 0.0
4.75 27.375 0.0
5.25 27.375 0.0
5.75 27.375 0.0
6.25 27.375 0.0
6.75 27.375 0.0
7.25 27.375 0.0
7.75 27.375 0.0
8.25 27.375 0.0
8.75 27.375 0.0
0.25 27.625 0.0
0.75 27.625 24138.048464341937
1.25 27.625 0.0
1.75 27.625 0.0
2.25 27.625 0.0
2.75 27.625 0.0
3.25 27.625 0.0
3.75 27.625 0.0
4.25 27.625 0.0
4.75 27.625 0.0
5.25 27.625 0.0
5.75 27.625 0.0
6.25 27.625 0.0
6.75 27.625 0.0
7.25 27.625 0.0
7.75 27.625 0.0
8.25 27.625 0.0
8.75 27.625 0.0
0.25 27.875 33415.05000001887
0.75 27.875 0.0
1.25 27.875 0.0
1.75 27.875 0.0
2.25 27.875 0.0
2.75 27.875 0.0
3.25 27.875 0.0
3.75 27.875 0.0
4.25 27.875 0.0
4.75 27.875 0.0
5.25 27.875 0.0
5.75 27.875 0.0
6.25 27.875 0.0
6.75 27.875 0.0
7.25 27.875 0.0
7.75 27.875 0.0
8.25 27.875 0.0
8.75 27.875 0.0
0.25 28.125 0.0
0.75 28.125 0.0
1.25 28.125 0.0
1.75 28.125 15859.426675387023
2.25 28.125 0.0
2.75 28.125 0.0
3.25 28.125 0.0
3.75 28.125 0.0
4.25 28.125 0.0
4.75 28.125 0.0
5.25 28.125 0.0
5.75 28.125 0.0
6.25 28.125 0.0
6.75 28.125 0.0
7.25 28.125 0.0
7.75 28.125 0.0
8.25 28.125 0.0
8.75 28.125 0.0
0.25 28.375 42222.77104005365
0.75 28.375 199990.49458341018
1.25 28.375 0.0
1.75 28.375 0.0
2.25 28.375 33415.05000001887
2.75 28.375 14391.051074430197
3.25 28.375 0.0
3.75 28.375 0.0
4.25 28.375 0.0
4.75 28.375 0.0
5.25 28.375 0.0
5.75 28.375 0.0
6.25 28.375 0.0
6.75 28.375 0.0
7.25 28.375 0.0
7.75 28.375 0.0
8.25 28.375 0.0
8.75 28.375 0.0
0.25 28.625 0.0
0.75 28.625 0.0
1.25 28.625 0.0
1.75 28.625 0.0
2.25 28.625 33415.05000001887
2.75 28.625 14861.53472518237
3.25 28.625 0.0
3.75 28.625 0.0
4.25 28.625 0.0
4.75 28.625 0.0
5.25 28.625 0.0
5.75 28.625 0.0
6.25 28.625 0.0
6.75 28.625 0.0
7.25 28.625 0.0
7.75 28.625 0.0
8.25 28.625 0.0
8.75 28.625 0.0
0.25 28.875 12554.990093898385
0.75 28.875 12945.959404814266
1.25 28.875 0.0
1.75 28.875 33415.05000001887
2.25 28.875 33415.05000001887
2.75 28.875 0.0
3.25 28.875 0.0
3.75 28.875 0.0
4.25 28.875 0.0
4.75 28.875 0.0
5.25 28.875 0.0
5.75 28.875 0.0
6.25 28.875 0.0
6.75 28.875 0.0
7.25 28.875 0.0
7.75 28.875 0.0
8.25 28.875 0.0
8.75 28.875 0.0
0.25 29.125 0.0
0.75 29.125 0.0
1.25 29.125 0.0
1.75 29.125 0.0
2.25 29.125 0.0
2.75 29.125 0.0
3.25 29.125 0.0
3.75 29.125 0.0
4.25 29.125 0.0
4.75 29.125 0.0
5.25 29.125 0.0
5.75 29.125 0.0
6.25 29.125 0.0
6.75 29.125 0.0
7.25 29.125 0.0
7.75 29.125 0.0
8.25 29.125 0.0
8.75 29.125 0.0
0.25 29.375 0.0
0.75 29.375 0.0
1.25 29.375 0.0
1.75 29.375 0.0
2.25 29.375 0.0
2.75 29.375 0.0
3.25 29.375 0.0
3.75 29.375 0.0
4.25 29.375 0.0
4.75 29.375 0.0
5.25 29.375 0.0
5.75 29.375 0.0
6.25 29.375 0.0
6.75 29.375 0.0
7.25 29.375 0.0
7.75 29.375 0.0
8.25 29.375 0.0
8.75 29.375 0.0
0.25 29.625 83160.1954756351
0.75 29.625 0.0
1.25 29.625 0.0
1.75 29.625 0.0
2.25 29.625 0.0
2.75 29.625 15459.678461410682
3.25 29.625 0.0
3.75 29.625 0.0
4.25 29.625 0.0
4.75 29.625 0.0
5.25 29.625 0.0
5.75 29.625 0.0
6.25 29.625 0.0
6.75 29.625 0.0
7.25 29.625 0.0
7.75 29.625 0.0
8.25 29.625 0.0
8.75 29.625 0.0
0.25 29.875 0.0
0.75 29.875 66368.85126096892
1.25 29.875 33415.05000001887
1.75 29.875 0.0
2.25 29.875 0.0
2.75 29.875 14528.665505373527
3.25 29.875 0.0
3.75 29.875 0.0
4.25 29.875 0.0
4.75 29.875 0.0
5.25 29.875 0.0
5.75 29.875 0.0
6.25 29.875 0.0
6.75 29.875 0.0
7.25 29.875 0.0
7.75 29.875 0.0
8.25 29.875 0.0
8.75 29.875 0.0
