11.294627058970837 71.7046115611984
14.219093021276404 595.5295644813062
17.900777537149963 496.2935914343051
22.535743732392298 1379.35092932764
28.370820458389794 6893.058702964716
35.71674682851676 7544.6475012989795
44.96472020903849 8174.278381815053
56.60722890537329 11259.947365095693
71.26427896022373 15903.65218596212
89.71641173621407 25758.514421248285
112.94627058970838 38808.61260695828
142.1909302127641 57743.096129850484
179.00777537149963 70388.7454541497
225.35743732392305 74139.98037799457
283.7082045838981 69600.25533646008
357.1674682851676 64658.58507902903
449.6472020903849 54586.96603900194
566.0722890537327 41804.133093686134
712.6427896022376 41874.35227840324
897.164117362141 35244.014290253166
1129.4627058970837 29512.744843896013
1421.9093021276408 22597.999399817316
1790.0777537149975 13381.007338483585
2253.5743732392316 7794.966425864259
2837.082045838981 3049.4761126347585
3571.674682851676 996.2706799610751
4496.47202090385 320.15096906456165
5660.72289053733 39.88312442379538
7126.427896022379 6.3022077169734985
8971.64117362141 0.004695456358604133
