0.25 0.125 5205315.12700595
0.75 0.125 4667466.73601794
1.25 0.125 4446859.625657991
1.75 0.125 5954882.5368946185
2.25 0.125 5593475.542178809
2.75 0.125 6232949.593002493
3.25 0.125 6725139.750182092
3.75 0.125 6754268.48653538
4.25 0.125 5947389.88228209
4.75 0.125 6028618.427717522
5.25 0.125 4681634.428169565
5.75 0.125 4246023.387544615
6.25 0.125 3829161.069859469
6.75 0.125 3358797.213561404
7.25 0.125 2381894.593094257
7.75 0.125 1339033.2434551376
8.25 0.125 249084.27028642822
8.75 0.125 0.0
0.25 0.375 16232192.552668775
0.75 0.375 16773832.303773185
1.25 0.375 16729586.118217533
1.75 0.375 17973915.4497819
2.25 0.375 18721093.77038511
2.75 0.375 19657472.763307817
3.25 0.375 20324169.848328892
3.75 0.375 20334967.116204087
4.25 0.375 18967165.98468937
4.75 0.375 17919403.162923984
5.25 0.375 15197390.35822924
5.75 0.375 12736616.019578567
6.25 0.375 9910752.42522067
6.75 0.375 8997902.305121906
7.25 0.375 6902033.441931033
7.75 0.375 2920117.160784892
8.25 0.375 497683.8032891715
8.75 0.375 18062.891447414368
0.25 0.625 32276949.236511387
0.75 0.625 31337368.4174821
1.25 0.625 30282556.210291125
1.75 0.625 31132944.309564818
2.25 0.625 32632534.631492093
2.75 0.625 33778660.78257967
3.25 0.625 32872820.974618357
3.75 0.625 32595397.762274913
4.25 0.625 32567871.706510324
4.75 0.625 27185899.509046756
5.25 0.625 24425980.97816357
5.75 0.625 21008630.06170868
6.25 0.625 16942559.76431314
6.75 0.625 13615742.62305104
7.25 0.625 9523084.149801794
7.75 0.625 3911584.053073194
8.25 0.625 691530.6211090259
8.75 0.625 0.0
0.25 0.875 44359114.014837734
0.75 0.875 44397757.86290535
1.25 0.875 45008045.54059141
1.75 0.875 43341142.111599304
2.25 0.875 42785966.926512405
2.75 0.875 43295653.98207034
3.25 0.875 41603577.900105864
3.75 0.875 41263760.28896552
4.25 0.875 37438238.078693636
4.75 0.875 33409775.576744244
5.25 0.875 30347363.747749586
5.75 0.875 24133545.4306455
6.25 0.875 20680929.683698468
6.75 0.875 15116988.61736413
7.25 0.875 10951927.080126593
7.75 0.875 3370907.213184746
8.25 0.875 528251.605844
8.75 0.875 7668.079223392755
0.25 1.125 51306686.15229878
0.75 1.125 50637293.55177767
1.25 1.125 50850221.15626847
1.75 1.125 49246202.83531031
2.25 1.125 48118097.26329714
2.75 1.125 45738097.28985645
3.25 1.125 43603306.34114346
3.75 1.125 42553026.16979594
4.25 1.125 38467503.91352905
4.75 1.125 34730675.96137895
5.25 1.125 30444083.23663048
5.75 1.125 24801133.692634538
6.25 1.125 19361859.791895185
6.75 1.125 14383158.499551479
7.25 1.125 8752709.766259428
7.75 1.125 3056282.1886419263
8.25 1.125 158487.2287038784
8.75 1.125 0.0
0.25 1.375 53578516.61926751
0.75 1.375 52428884.19973844
1.25 1.375 50091474.77262483
1.75 1.375 50471423.8339935
2.25 1.375 49138722.85339336
2.75 1.375 46466631.96148856
3.25 1.375 43251338.50851634
3.75 1.375 39899376.79132155
4.25 1.375 35969042.0161849
4.75 1.375 31920451.202410124
5.25 1.375 26812013.477358982
5.75 1.375 21763814.041284453
6.25 1.375 15462354.859622244
6.75 1.375 10989911.99816309
7.25 1.375 6616008.610211542
7.75 1.375 2119080.364456482
8.25 1.375 96049.55269771468
8.75 1.375 0.0
0.25 1.625 49436420.69338135
0.75 1.625 48259566.86706459
1.25 1.625 46330040.33053586
1.75 1.625 45432942.99079744
2.25 1.625 43871297.11485041
2.75 1.625 39291868.90317531
3.25 1.625 38914061.34988885
3.75 1.625 34323074.18213189
4.25 1.625 31626290.341716558
4.75 1.625 27384092.04094738
5.25 1.625 21935691.196576495
5.75 1.625 17375026.771369558
6.25 1.625 11370119.468364188
6.75 1.625 8693687.069658354
7.25 1.625 4609190.22329839
7.75 1.625 1127994.122203725
8.25 1.625 16867.939705403893
8.75 1.625 0.0
0.25 1.875 40824119.619725905
0.75 1.875 43161712.19776267
1.25 1.875 40288700.6809786
1.75 1.875 37503409.24068288
2.25 1.875 36870885.67808174
2.75 1.875 34469868.69986764
3.25 1.875 30241600.501401145
3.75 1.875 28498763.847478386
4.25 1.875 25148881.71170084
4.75 1.875 21430101.079336703
5.25 1.875 16340981.686503505
5.75 1.875 12389277.389225308
6.25 1.875 9646149.919685002
6.75 1.875 5514916.961680564
7.25 1.875 2754990.1708414056
7.75 1.875 758021.5712816402
8.25 1.875 32301.967694709296
8.75 1.875 0.0
0.25 2.125 36646811.66263462
0.75 2.125 35571382.611048065
1.25 2.125 34675129.15568457
1.75 2.125 33057398.097348694
2.25 2.125 32102752.182715807
2.75 2.125 28392846.42879938
3.25 2.125 26624652.895055745
3.75 2.125 22914229.509890977
4.25 2.125 19244585.185154274
4.75 2.125 16348510.883753363
5.25 2.125 12568975.77455315
5.75 2.125 10129527.426541675
6.25 2.125 6401807.910200958
6.75 2.125 3811052.2471852014
7.25 2.125 1693341.6240241867
7.75 2.125 327335.6831484373
8.25 2.125 2132.672294540207
8.75 2.125 0.0
0.25 2.375 29572026.671210982
0.75 2.375 28933055.966450468
1.25 2.375 27340656.1434209
1.75 2.375 27156447.344371647
2.25 2.375 26078034.802474692
2.75 2.375 24326164.978888147
3.25 2.375 21697143.2064122
3.75 2.375 19782699.920448415
4.25 2.375 15065902.382870013
4.75 2.375 12059093.954464406
5.25 2.375 8876801.547201121
5.75 2.375 6447251.1298054345
6.25 2.375 4246282.922754871
6.75 2.375 2640425.190362126
7.25 2.375 1236410.0526372346
7.75 2.375 258339.54501487568
8.25 2.375 0.0
8.75 2.375 0.0
0.25 2.625 23009111.953163795
0.75 2.625 22531898.7794747
1.25 2.625 22029494.360651836
1.75 2.625 21914132.79820632
2.25 2.625 21598767.627671003
2.75 2.625 18467343.694645688
3.25 2.625 15848618.307357378
3.75 2.625 14003069.745207375
4.25 2.625 12016234.424542066
4.75 2.625 9933939.098384092
5.25 2.625 7622705.442150126
5.75 2.625 5157662.261935234
6.25 2.625 2811216.4692460466
6.75 2.625 1943164.509831873
7.25 2.625 698960.1866679146
7.75 2.625 25472.33954036848
8.25 2.625 0.0
8.75 2.625 0.0
0.25 2.875 18891433.467446614
0.75 2.875 19160445.156909883
1.25 2.875 18872610.39215296
1.75 2.875 17898143.01963831
2.25 2.875 16996352.855945602
2.75 2.875 15035743.662284609
3.25 2.875 12177968.695850713
3.75 2.875 12365226.070630575
4.25 2.875 9925965.808372358
4.75 2.875 7611416.089034941
5.25 2.875 5068581.643779065
5.75 2.875 3359198.7662107553
6.25 2.875 2439534.4114091005
6.75 2.875 1232066.337764006
7.25 2.875 266106.77519875974
7.75 2.875 41789.084938638705
8.25 2.875 0.0
8.75 2.875 0.0
0.25 3.125 15394954.127137547
0.75 3.125 15939723.158120185
1.25 3.125 14455883.82127106
1.75 3.125 12759879.217351088
2.25 3.125 12554714.518340923
2.75 3.125 12253139.32187591
3.25 3.125 10499121.767223302
3.75 3.125 9246674.884813376
4.25 3.125 7660694.7730959
4.75 3.125 6056296.353388835
5.25 3.125 4331405.075568037
5.75 3.125 2723538.892939536
6.25 3.125 1674851.029578789
6.75 3.125 1013577.9851705614
7.25 3.125 212440.41972814902
7.75 3.125 2583.5420571599216
8.25 3.125 0.0
8.75 3.125 0.0
0.25 3.375 11906823.02270206
0.75 3.375 11839726.575005546
1.25 3.375 12297730.982188107
1.75 3.375 12104277.987218384
2.25 3.375 10823999.78323412
2.75 3.375 9883504.85261608
3.25 3.375 8541349.751049614
3.75 3.375 7275359.278689636
4.25 3.375 5510283.870458999
4.75 3.375 4404942.594481836
5.25 3.375 3294273.5917788395
5.75 3.375 2206040.9271869585
6.25 3.375 1098080.605316525
6.75 3.375 469994.5090764709
7.25 3.375 171154.704797966
7.75 3.375 2309.580910429354
8.25 3.375 0.0
8.75 3.375 0.0
0.25 3.625 9834258.340908699
0.75 3.625 10168684.052633595
1.25 3.625 9700933.362640323
1.75 3.625 9342807.091303669
2.25 3.625 9018740.20603804
2.75 3.625 7956399.7344232155
3.25 3.625 7126670.244011933
3.75 3.625 5583187.991224669
4.25 3.625 4921597.211440765
4.75 3.625 3741808.912880221
5.25 3.625 2567695.9336026255
5.75 3.625 1479422.429113968
6.25 3.625 773928.4176514
6.75 3.625 200665.90403651458
7.25 3.625 105266.46654808328
7.75 3.625 0.0
8.25 3.625 0.0
8.75 3.625 0.0
0.25 3.875 8704435.63215565
0.75 3.875 8267261.629908109
1.25 3.875 7875388.035324725
1.75 3.875 7479992.132504637
2.25 3.875 6896304.814793557
2.75 3.875 6363472.181297718
3.25 3.875 5305320.086919122
3.75 3.875 4936293.242855077
4.25 3.875 3838591.169501294
4.75 3.875 2675296.0151064224
5.25 3.875 2043352.6908482313
5.75 3.875 1106869.4409809376
6.25 3.875 655041.8833249591
6.75 3.875 288423.6350335517
7.25 3.875 41705.207109888644
7.75 3.875 0.0
8.25 3.875 0.0
8.75 3.875 0.0
0.25 4.125 6657852.84342268
0.75 4.125 6946554.424481475
1.25 4.125 6700947.462990541
1.75 4.125 6187350.071669938
2.25 4.125 5879446.3935953295
2.75 4.125 4862014.353667844
3.25 4.125 4015203.9967584107
3.75 4.125 3764592.0548279
4.25 4.125 3008456.864657329
4.75 4.125 2189685.039129857
5.25 4.125 1423304.8345978835
5.75 4.125 643471.9755554827
6.25 4.125 394595.4346259441
6.75 4.125 200174.35348535795
7.25 4.125 0.0
7.75 4.125 0.0
8.25 4.125 0.0
8.75 4.125 0.0
0.25 4.375 5508663.544808626
0.75 4.375 5342413.202285972
1.25 4.375 6458338.091670443
1.75 4.375 5044644.454749503
2.25 4.375 5374590.193686937
2.75 4.375 4337384.567412697
3.25 4.375 3979144.4006441054
3.75 4.375 3402458.371646819
4.25 4.375 2321753.86137528
4.75 4.375 1730360.063849224
5.25 4.375 1181491.9921704924
5.75 4.375 500831.65228872804
6.25 4.375 345350.68483677116
6.75 4.375 113227.91613602049
7.25 4.375 3417.2202465444093
7.75 4.375 0.0
8.25 4.375 0.0
8.75 4.375 0.0
0.25 4.625 5262923.752276962
0.75 4.625 4714586.760894012
1.25 4.625 4475728.063151094
1.75 4.625 4343157.121601995
2.25 4.625 3945135.8697788906
2.75 4.625 3477084.159069378
3.25 4.625 3333273.8434898225
3.75 4.625 2252096.619797164
4.25 4.625 2224495.374436026
4.75 4.625 1522856.3193232708
5.25 4.625 1029167.5148479315
5.75 4.625 409912.3900849376
6.25 4.625 267621.6897310216
6.75 4.625 124717.5881255718
7.25 4.625 0.0
7.75 4.625 0.0
8.25 4.625 0.0
8.75 4.625 0.0
0.25 4.875 4051563.675746992
0.75 4.875 4189608.7859471133
1.25 4.875 4078000.910144979
1.75 4.875 2906390.1986473794
2.25 4.875 3131910.5370356794
2.75 4.875 2776819.291084993
3.25 4.875 2292902.674361764
3.75 4.875 2227980.61424074
4.25 4.875 1865284.3954429352
4.75 4.875 926669.9318290985
5.25 4.875 837678.1469879862
5.75 4.875 344232.43517561426
6.25 4.875 233409.2556774844
6.75 4.875 71237.94415771781
7.25 4.875 0.0
7.75 4.875 0.0
8.25 4.875 0.0
8.75 4.875 0.0
0.25 5.125 3072935.7547617876
0.75 5.125 3589844.2563894186
1.25 5.125 3031554.4679097086
1.75 5.125 2762720.826069331
2.25 5.125 2505199.823749559
2.75 5.125 3082299.027026986
3.25 5.125 2082546.3773634438
3.75 5.125 1678017.6444554597
4.25 5.125 1267480.7167997223
4.75 5.125 848147.6607878191
5.25 5.125 582680.5867089331
5.75 5.125 353302.9197976631
6.25 5.125 128329.1005157084
6.75 5.125 34179.46975350236
7.25 5.125 0.0
7.75 5.125 0.0
8.25 5.125 0.0
8.75 5.125 0.0
0.25 5.375 3534427.8451334634
0.75 5.375 2827140.785882738
1.25 5.375 2661735.127934407
1.75 5.375 2652944.556323373
2.25 5.375 2254713.9929409013
2.75 5.375 2398425.508594751
3.25 5.375 1725758.1037139294
3.75 5.375 1186432.3596508515
4.25 5.375 971218.0440928804
4.75 5.375 736164.7623812903
5.25 5.375 491932.64006756514
5.75 5.375 228124.58036080492
6.25 5.375 179963.72879876127
6.75 5.375 9949.79056118172
7.25 5.375 0.0
7.75 5.375 0.0
8.25 5.375 0.0
8.75 5.375 0.0
0.25 5.625 2122667.446866286
0.75 5.625 2342287.8293342963
1.25 5.625 2519038.4352424378
1.75 5.625 1935092.1264744094
2.25 5.625 2109819.2641999437
2.75 5.625 1625402.2328269887
3.25 5.625 1427322.6328674115
3.75 5.625 1439181.1793192432
4.25 5.625 754085.5983931632
4.75 5.625 645390.1875773324
5.25 5.625 436782.92888052843
5.75 5.625 160123.19690429058
6.25 5.625 119707.72813183887
6.75 5.625 38166.707090896365
7.25 5.625 0.0
7.75 5.625 0.0
8.25 5.625 0.0
8.75 5.625 0.0
0.25 5.875 2234355.4491438204
0.75 5.875 2092180.290234876
1.25 5.875 1619621.4018017147
1.75 5.875 2214130.15495468
2.25 5.875 1963831.8596741406
2.75 5.875 1371987.4453680445
3.25 5.875 1047240.0727299942
3.75 5.875 968221.2318610494
4.25 5.875 865736.2823457905
4.75 5.875 496561.6940078937
5.25 5.875 435595.5861190099
5.75 5.875 151479.0905324113
6.25 5.875 65447.23904152876
6.75 5.875 22684.432560975736
7.25 5.875 0.0
7.75 5.875 0.0
8.25 5.875 0.0
8.75 5.875 0.0
0.25 6.125 1655931.6825538375
0.75 6.125 1673529.9872406248
1.25 6.125 1545247.3473243073
1.75 6.125 1438308.6451975696
2.25 6.125 1533787.9418544439
2.75 6.125 1076690.918694607
3.25 6.125 920605.2248535784
3.75 6.125 806616.1653283641
4.25 6.125 600901.0970879055
4.75 6.125 379780.39479976956
5.25 6.125 245045.74076134962
5.75 6.125 141296.09396515763
6.25 6.125 72438.54177173795
6.75 6.125 0.0
7.25 6.125 0.0
7.75 6.125 0.0
8.25 6.125 0.0
8.75 6.125 0.0
0.25 6.375 1385188.5738057836
0.75 6.375 1653885.5407663425
1.25 6.375 1444660.0517057232
1.75 6.375 1475198.3960564788
2.25 6.375 1097415.418444807
2.75 6.375 1059747.4605526445
3.25 6.375 868780.0169590215
3.75 6.375 696804.1654722267
4.25 6.375 583991.603533683
4.75 6.375 215467.83338030966
5.25 6.375 210385.24347180137
5.75 6.375 124361.48330909968
6.25 6.375 31910.614799435578
6.75 6.375 0.0
7.25 6.375 0.0
7.75 6.375 0.0
8.25 6.375 0.0
8.75 6.375 0.0
0.25 6.625 1243036.766689699
0.75 6.625 1309371.5935857436
1.25 6.625 1525738.7592711055
1.75 6.625 1174783.1855773171
2.25 6.625 720051.7974926679
2.75 6.625 839748.4866066104
3.25 6.625 608844.2617123527
3.75 6.625 595439.7647988732
4.25 6.625 292463.9163347774
4.75 6.625 207000.75863616334
5.25 6.625 173140.44316937143
5.75 6.625 92351.49955500878
6.25 6.625 49109.90797379793
6.75 6.625 0.0
7.25 6.625 0.0
7.75 6.625 0.0
8.25 6.625 0.0
8.75 6.625 0.0
0.25 6.875 1134398.8595422856
0.75 6.875 927576.2707796625
1.25 6.875 935573.9561181483
1.75 6.875 963759.5189585703
2.25 6.875 822341.745189303
2.75 6.875 814782.2014618063
3.25 6.875 629820.1814799975
3.75 6.875 458848.5455199109
4.25 6.875 392465.68507868797
4.75 6.875 146732.62610398102
5.25 6.875 116203.26636096658
5.75 6.875 75761.64935230634
6.25 6.875 19274.707779176428
6.75 6.875 0.0
7.25 6.875 0.0
7.75 6.875 0.0
8.25 6.875 0.0
8.75 6.875 0.0
0.25 7.125 1088106.4943958486
0.75 7.125 610822.5694547183
1.25 7.125 758047.8271768991
1.75 7.125 991510.4858159951
2.25 7.125 827227.9142773091
2.75 7.125 638010.944539327
3.25 7.125 601875.3627453074
3.75 7.125 318844.9621936254
4.25 7.125 373510.071091172
4.75 7.125 259608.71403544408
5.25 7.125 139918.80826748846
5.75 7.125 58438.16780371371
6.25 7.125 0.0
6.75 7.125 0.0
7.25 7.125 0.0
7.75 7.125 0.0
8.25 7.125 0.0
8.75 7.125 0.0
0.25 7.375 691137.1923105387
0.75 7.375 876628.8288373825
1.25 7.375 881008.0061555994
1.75 7.375 637365.2019701237
2.25 7.375 1070346.6864256614
2.75 7.375 539679.9508598177
3.25 7.375 436592.4904318288
3.75 7.375 403234.6496099613
4.25 7.375 275205.45163634233
4.75 7.375 241204.52587033497
5.25 7.375 160857.74122877853
5.75 7.375 104587.97944250616
6.25 7.375 8052.523866177139
6.75 7.375 0.0
7.25 7.375 0.0
7.75 7.375 0.0
8.25 7.375 0.0
8.75 7.375 0.0
0.25 7.625 702018.9127727344
0.75 7.625 476112.0315868486
1.25 7.625 659056.1186967803
1.75 7.625 472866.8601487923
2.25 7.625 643153.1090884327
2.75 7.625 508778.4876910347
3.25 7.625 456503.9879917365
3.75 7.625 248971.97910275226
4.25 7.625 251172.59786194502
4.75 7.625 126850.65269170483
5.25 7.625 181479.78617392443
5.75 7.625 37468.59079435475
6.25 7.625 0.0
6.75 7.625 5988.109010592043
7.25 7.625 0.0
7.75 7.625 0.0
8.25 7.625 0.0
8.75 7.625 0.0
0.25 7.875 547946.852364204
0.75 7.875 559635.7949817581
1.25 7.875 760613.1019944312
1.75 7.875 821329.7144563285
2.25 7.875 535524.9643908581
2.75 7.875 311280.6510902127
3.25 7.875 219562.3704929761
3.75 7.875 284927.84790994436
4.25 7.875 232245.2512890653
4.75 7.875 196821.975676749
5.25 7.875 112591.17016933489
5.75 7.875 0.0
6.25 7.875 23928.29368019057
6.75 7.875 0.0
7.25 7.875 0.0
7.75 7.875 0.0
8.25 7.875 0.0
8.75 7.875 0.0
0.25 8.125 574879.5311447124
0.75 8.125 685114.5583989065
1.25 8.125 469515.8633516577
1.75 8.125 547985.9583996559
2.25 8.125 503115.93163564237
2.75 8.125 122522.9832930961
3.25 8.125 194546.23531242012
3.75 8.125 158296.80715942557
4.25 8.125 168773.6400788599
4.75 8.125 70195.98501898543
5.25 8.125 73286.80614850609
5.75 8.125 7764.236449092395
6.25 8.125 0.0
6.75 8.125 0.0
7.25 8.125 0.0
7.75 8.125 0.0
8.25 8.125 0.0
8.75 8.125 0.0
0.25 8.375 664380.6956425912
0.75 8.375 623955.3730828206
1.25 8.375 603452.3066495043
1.75 8.375 210525.10571294252
2.25 8.375 275472.2331220209
2.75 8.375 312529.810487157
3.25 8.375 216351.20009855996
3.75 8.375 217103.49973970707
4.25 8.375 99335.88955422278
4.75 8.375 0.0
5.25 8.375 32110.673195126732
5.75 8.375 10365.230267556672
6.25 8.375 8061.770295256834
6.75 8.375 0.0
7.25 8.375 0.0
7.75 8.375 0.0
8.25 8.375 0.0
8.75 8.375 0.0
0.25 8.625 772011.6767583794
0.75 8.625 381084.694914096
1.25 8.625 302899.1549503759
1.75 8.625 363273.75085479085
2.25 8.625 365363.2197799448
2.75 8.625 247720.2016169521
3.25 8.625 226196.2506174684
3.75 8.625 132892.65515729686
4.25 8.625 122930.7284006093
4.75 8.625 58802.71556635459
5.25 8.625 16804.805394824572
5.75 8.625 26053.54057842146
6.25 8.625 37258.76691141184
6.75 8.625 0.0
7.25 8.625 0.0
7.75 8.625 0.0
8.25 8.625 0.0
8.75 8.625 0.0
0.25 8.875 437016.7235540151
0.75 8.875 393532.6252393267
1.25 8.875 472365.08998220664
1.75 8.875 438145.4004872617
2.25 8.875 412760.69301856187
2.75 8.875 406109.3058852591
3.25 8.875 269555.6337628034
3.75 8.875 167209.4716320715
4.25 8.875 112823.2239750259
4.75 8.875 13651.870436086449
5.25 8.875 65544.70906163233
5.75 8.875 0.0
6.25 8.875 0.0
6.75 8.875 0.0
7.25 8.875 0.0
7.75 8.875 0.0
8.25 8.875 0.0
8.75 8.875 0.0
0.25 9.125 492263.76645018
0.75 9.125 316611.8565630339
1.25 9.125 278367.0038398211
1.75 9.125 231777.7050358513
2.25 9.125 231492.65361296837
2.75 9.125 285954.9245192717
3.25 9.125 240952.86809670468
3.75 9.125 129565.51099521885
4.25 9.125 116101.84594298662
4.75 9.125 54187.161500551796
5.25 9.125 88744.25764963673
5.75 9.125 29590.764267515955
6.25 9.125 0.0
6.75 9.125 0.0
7.25 9.125 0.0
7.75 9.125 0.0
8.25 9.125 0.0
8.75 9.125 0.0
0.25 9.375 403954.3808747524
0.75 9.375 177001.89663382657
1.25 9.375 163529.1507633635
1.75 9.375 460648.25814377615
2.25 9.375 152780.066635425
2.75 9.375 83728.1351783623
3.25 9.375 288927.58080895786
3.75 9.375 123719.74142879377
4.25 9.375 64070.0367900373
4.75 9.375 41455.76432557453
5.25 9.375 0.0
5.75 9.375 27971.51271517187
6.25 9.375 0.0
6.75 9.375 0.0
7.25 9.375 0.0
7.75 9.375 0.0
8.25 9.375 0.0
8.75 9.375 0.0
0.25 9.625 378547.7466118845
0.75 9.625 173051.89194869564
1.25 9.625 321393.75090129505
1.75 9.625 206219.3018155821
2.25 9.625 221806.47519393486
2.75 9.625 142259.21298706473
3.25 9.625 166301.88585709367
3.75 9.625 157696.44734682134
4.25 9.625 44937.98678457262
4.75 9.625 23763.464812321276
5.25 9.625 11574.533330641298
5.75 9.625 26587.332406696296
6.25 9.625 0.0
6.75 9.625 0.0
7.25 9.625 0.0
7.75 9.625 0.0
8.25 9.625 0.0
8.75 9.625 0.0
0.25 9.875 296683.28606705886
0.75 9.875 287732.4653895137
1.25 9.875 345825.11943695764
1.75 9.875 176309.87597287906
2.25 9.875 148683.1866271991
2.75 9.875 81851.8478192413
3.25 9.875 136328.80302474782
3.75 9.875 52717.16366552138
4.25 9.875 103498.05860730495
4.75 9.875 38134.726960839085
5.25 9.875 0.0
5.75 9.875 27295.199290302615
6.25 9.875 0.0
6.75 9.875 0.0
7.25 9.875 0.0
7.75 9.875 0.0
8.25 9.875 0.0
8.75 9.875 0.0
0.25 10.125 145554.2747332587
0.75 10.125 325519.0977222993
1.25 10.125 238745.50000957915
1.75 10.125 285367.99782052066
2.25 10.125 201723.9177275382
2.75 10.125 82061.96278343018
3.25 10.125 25955.338259319
3.75 10.125 93366.40351247709
4.25 10.125 70254.83830835127
4.75 10.125 26786.28681412484
5.25 10.125 0.0
5.75 10.125 0.0
6.25 10.125 0.0
6.75 10.125 0.0
7.25 10.125 0.0
7.75 10.125 0.0
8.25 10.125 0.0
8.75 10.125 0.0
0.25 10.375 287278.53861819825
0.75 10.375 205610.63313251903
1.25 10.375 256464.23625009824
1.75 10.375 211418.65558033573
2.25 10.375 231782.7551143987
2.75 10.375 83381.3742606307
3.25 10.375 163150.82303791074
3.75 10.375 72596.28173405744
4.25 10.375 30151.728678673146
4.75 10.375 0.0
5.25 10.375 0.0
5.75 10.375 0.0
6.25 10.375 0.0
6.75 10.375 0.0
7.25 10.375 0.0
7.75 10.375 0.0
8.25 10.375 0.0
8.75 10.375 0.0
0.25 10.625 106401.11706054932
0.75 10.625 292975.21218304744
1.25 10.625 50313.68327398666
1.75 10.625 296456.200328174
2.25 10.625 182457.8329690687
2.75 10.625 178380.34223065895
3.25 10.625 46644.164569651046
3.75 10.625 82791.29727920514
4.25 10.625 87718.5905360521
4.75 10.625 55364.85273522246
5.25 10.625 31160.97775415962
5.75 10.625 0.0
6.25 10.625 0.0
6.75 10.625 0.0
7.25 10.625 0.0
7.75 10.625 0.0
8.25 10.625 0.0
8.75 10.625 0.0
0.25 10.875 136816.2322753222
0.75 10.875 157046.60522486205
1.25 10.875 199461.61850711965
1.75 10.875 158932.7940825576
2.25 10.875 50484.25772485966
2.75 10.875 195867.58912285688
3.25 10.875 76915.75627611131
3.75 10.875 127881.4995387038
4.25 10.875 53671.17687746507
4.75 10.875 0.0
5.25 10.875 35722.185483592795
5.75 10.875 0.0
6.25 10.875 8216.16274660008
6.75 10.875 0.0
7.25 10.875 0.0
7.75 10.875 0.0
8.25 10.875 0.0
8.75 10.875 0.0
0.25 11.125 131964.96029886385
0.75 11.125 160795.26194639786
1.25 11.125 103274.45612802978
1.75 11.125 168428.97212407563
2.25 11.125 113227.04373061855
2.75 11.125 74048.60619870764
3.25 11.125 95554.37699174286
3.75 11.125 80461.16557473456
4.25 11.125 54303.73581298992
4.75 11.125 23858.90877099086
5.25 11.125 10421.908592723621
5.75 11.125 0.0
6.25 11.125 0.0
6.75 11.125 0.0
7.25 11.125 0.0
7.75 11.125 0.0
8.25 11.125 0.0
8.75 11.125 0.0
0.25 11.375 320971.1217882345
0.75 11.375 200233.7569954208
1.25 11.375 53701.224626022165
1.75 11.375 114258.50004422966
2.25 11.375 84409.26794729894
2.75 11.375 195037.48396980093
3.25 11.375 48739.425356058826
3.75 11.375 18792.70231576904
4.25 11.375 26990.598769461714
4.75 11.375 0.0
5.25 11.375 0.0
5.75 11.375 14834.015374555103
6.25 11.375 0.0
6.75 11.375 0.0
7.25 11.375 0.0
7.75 11.375 0.0
8.25 11.375 0.0
8.75 11.375 0.0
0.25 11.625 73484.25930635039
0.75 11.625 105868.15993846946
1.25 11.625 118901.0831707423
1.75 11.625 250027.92358546093
2.25 11.625 136889.3743693805
2.75 11.625 77860.11884130524
3.25 11.625 28672.28398721226
3.75 11.625 0.0
4.25 11.625 54157.477891726885
4.75 11.625 18224.920816446338
5.25 11.625 0.0
5.75 11.625 0.0
6.25 11.625 0.0
6.75 11.625 0.0
7.25 11.625 0.0
7.75 11.625 0.0
8.25 11.625 0.0
8.75 11.625 0.0
0.25 11.875 197606.6259074538
0.75 11.875 117475.78220320582
1.25 11.875 60409.807927131784
1.75 11.875 94967.40338789948
2.25 11.875 102283.91876266357
2.75 11.875 51060.54642260387
3.25 11.875 45684.51643986267
3.75 11.875 39259.953625859416
4.25 11.875 0.0
4.75 11.875 0.0
5.25 11.875 0.0
5.75 11.875 38178.946869325715
6.25 11.875 0.0
6.75 11.875 0.0
7.25 11.875 0.0
7.75 11.875 0.0
8.25 11.875 0.0
8.75 11.875 0.0
0.25 12.125 0.0
0.75 12.125 158254.3799926429
1.25 12.125 157036.22076810795
1.75 12.125 124768.24155991363
2.25 12.125 0.0
2.75 12.125 62707.874873504115
3.25 12.125 0.0
3.75 12.125 48107.97869032995
4.25 12.125 0.0
4.75 12.125 0.0
5.25 12.125 0.0
5.75 12.125 0.0
6.25 12.125 0.0
6.75 12.125 0.0
7.25 12.125 0.0
7.75 12.125 0.0
8.25 12.125 0.0
8.75 12.125 0.0
0.25 12.375 55950.828247770885
0.75 12.375 87216.1058844291
1.25 12.375 134731.61755834002
1.75 12.375 107660.83631240902
2.25 12.375 59916.881157135605
2.75 12.375 99116.27527278759
3.25 12.375 27055.050068051314
3.75 12.375 0.0
4.25 12.375 57403.030773098755
4.75 12.375 0.0
5.25 12.375 0.0
5.75 12.375 0.0
6.25 12.375 0.0
6.75 12.375 0.0
7.25 12.375 0.0
7.75 12.375 0.0
8.25 12.375 0.0
8.75 12.375 0.0
0.25 12.625 89915.41032736567
0.75 12.625 24923.926259856962
1.25 12.625 161304.856774024
1.75 12.625 129310.68243593545
2.25 12.625 47937.48019689709
2.75 12.625 85313.7342052348
3.25 12.625 15359.12187966282
3.75 12.625 0.0
4.25 12.625 0.0
4.75 12.625 0.0
5.25 12.625 0.0
5.75 12.625 0.0
6.25 12.625 0.0
6.75 12.625 0.0
7.25 12.625 0.0
7.75 12.625 0.0
8.25 12.625 0.0
8.75 12.625 0.0
0.25 12.875 28735.21152111408
0.75 12.875 79573.46691233359
1.25 12.875 146777.75000381737
1.75 12.875 128952.6864629544
2.25 12.875 28878.23124213058
2.75 12.875 0.0
3.25 12.875 90762.01788314339
3.75 12.875 28082.742538361163
4.25 12.875 14445.9408052374
4.75 12.875 0.0
5.25 12.875 11796.697714178557
5.75 12.875 0.0
6.25 12.875 0.0
6.75 12.875 0.0
7.25 12.875 0.0
7.75 12.875 0.0
8.25 12.875 0.0
8.75 12.875 0.0
0.25 13.125 51788.85497231337
0.75 13.125 82879.86686478813
1.25 13.125 29545.94140053379
1.75 13.125 56772.13678427893
2.25 13.125 31124.80539080741
2.75 13.125 23507.56221782955
3.25 13.125 0.0
3.75 13.125 18175.938382198925
4.25 13.125 0.0
4.75 13.125 0.0
5.25 13.125 0.0
5.75 13.125 0.0
6.25 13.125 0.0
6.75 13.125 0.0
7.25 13.125 0.0
7.75 13.125 0.0
8.25 13.125 0.0
8.75 13.125 0.0
0.25 13.375 74337.2555797829
0.75 13.375 24423.199646692665
1.25 13.375 101986.88774790465
1.75 13.375 27358.804029319723
2.25 13.375 96748.32177436625
2.75 13.375 0.0
3.25 13.375 0.0
3.75 13.375 0.0
4.25 13.375 0.0
4.75 13.375 0.0
5.25 13.375 0.0
5.75 13.375 0.0
6.25 13.375 0.0
6.75 13.375 0.0
7.25 13.375 0.0
7.75 13.375 0.0
8.25 13.375 0.0
8.75 13.375 0.0
0.25 13.625 151834.6406027255
0.75 13.625 93352.40789616854
1.25 13.625 66485.43338399343
1.75 13.625 78484.35176148944
2.25 13.625 30445.637734183165
2.75 13.625 0.0
3.25 13.625 21216.54354818315
3.75 13.625 0.0
4.25 13.625 0.0
4.75 13.625 0.0
5.25 13.625 0.0
5.75 13.625 0.0
6.25 13.625 0.0
6.75 13.625 0.0
7.25 13.625 0.0
7.75 13.625 0.0
8.25 13.625 0.0
8.75 13.625 0.0
0.25 13.875 0.0
0.75 13.875 53454.62931807547
1.25 13.875 51806.75161497586
1.75 13.875 0.0
2.25 13.875 59066.97043815205
2.75 13.875 0.0
3.25 13.875 25634.572525552274
3.75 13.875 18664.93011546568
4.25 13.875 33019.41157437884
4.75 13.875 0.0
5.25 13.875 0.0
5.75 13.875 0.0
6.25 13.875 0.0
6.75 13.875 0.0
7.25 13.875 0.0
7.75 13.875 0.0
8.25 13.875 0.0
8.75 13.875 0.0
0.25 14.125 0.0
0.75 14.125 49926.85056341086
1.25 14.125 0.0
1.75 14.125 51684.678419895536
2.25 14.125 27353.09097407264
2.75 14.125 0.0
3.25 14.125 19639.675510663048
3.75 14.125 0.0
4.25 14.125 0.0
4.75 14.125 0.0
5.25 14.125 0.0
5.75 14.125 0.0
6.25 14.125 0.0
6.75 14.125 0.0
7.25 14.125 0.0
7.75 14.125 0.0
8.25 14.125 0.0
8.75 14.125 0.0
0.25 14.375 45723.44726140388
0.75 14.375 79604.98292039313
1.25 14.375 56440.79129151257
1.75 14.375 0.0
2.25 14.375 53880.7720888824
2.75 14.375 58615.94006604363
3.25 14.375 19199.54440142196
3.75 14.375 0.0
4.25 14.375 0.0
4.75 14.375 0.0
5.25 14.375 0.0
5.75 14.375 0.0
6.25 14.375 0.0
6.75 14.375 0.0
7.25 14.375 0.0
7.75 14.375 0.0
8.25 14.375 0.0
8.75 14.375 0.0
0.25 14.625 31567.06700457605
0.75 14.625 25549.817447274232
1.25 14.625 63032.76216642841
1.75 14.625 33808.23285965264
2.25 14.625 70479.35501898946
2.75 14.625 87762.20826304743
3.25 14.625 0.0
3.75 14.625 0.0
4.25 14.625 0.0
4.75 14.625 0.0
5.25 14.625 0.0
5.75 14.625 0.0
6.25 14.625 0.0
6.75 14.625 0.0
7.25 14.625 0.0
7.75 14.625 0.0
8.25 14.625 0.0
8.75 14.625 0.0
0.25 14.875 0.0
0.75 14.875 95466.38815567282
1.25 14.875 54989.349316194835
1.75 14.875 47002.83260482807
2.25 14.875 55111.53708973156
2.75 14.875 28406.05558541408
3.25 14.875 0.0
3.75 14.875 0.0
4.25 14.875 0.0
4.75 14.875 0.0
5.25 14.875 0.0
5.75 14.875 0.0
6.25 14.875 0.0
6.75 14.875 0.0
7.25 14.875 0.0
7.75 14.875 0.0
8.25 14.875 0.0
8.75 14.875 0.0
0.25 15.125 28216.23581580276
0.75 15.125 76050.65725499071
1.25 15.125 28751.863016182524
1.75 15.125 0.0
2.25 15.125 24668.871590962637
2.75 15.125 0.0
3.25 15.125 25325.20070702725
3.75 15.125 0.0
4.25 15.125 28443.00766672816
4.75 15.125 0.0
5.25 15.125 0.0
5.75 15.125 0.0
6.25 15.125 0.0
6.75 15.125 0.0
7.25 15.125 0.0
7.75 15.125 0.0
8.25 15.125 0.0
8.75 15.125 0.0
0.25 15.375 0.0
0.75 15.375 68182.75080388958
1.25 15.375 58896.625406822255
1.75 15.375 26579.358752760294
2.25 15.375 17894.774311925896
2.75 15.375 53824.32197332199
3.25 15.375 16625.24405762349
3.75 15.375 0.0
4.25 15.375 0.0
4.75 15.375 0.0
5.25 15.375 0.0
5.75 15.375 0.0
6.25 15.375 0.0
6.75 15.375 0.0
7.25 15.375 0.0
7.75 15.375 0.0
8.25 15.375 0.0
8.75 15.375 0.0
0.25 15.625 32084.460444854274
0.75 15.625 0.0
1.25 15.625 0.0
1.75 15.625 26187.79265421447
2.25 15.625 73245.48007312999
2.75 15.625 0.0
3.25 15.625 0.0
3.75 15.625 0.0
4.25 15.625 0.0
4.75 15.625 0.0
5.25 15.625 0.0
5.75 15.625 0.0
6.25 15.625 0.0
6.75 15.625 0.0
7.25 15.625 0.0
7.75 15.625 0.0
8.25 15.625 0.0
8.75 15.625 0.0
0.25 15.875 0.0
0.75 15.875 28982.242092450317
1.25 15.875 0.0
1.75 15.875 57270.38343359373
2.25 15.875 47403.5198430887
2.75 15.875 0.0
3.25 15.875 0.0
3.75 15.875 0.0
4.25 15.875 0.0
4.75 15.875 0.0
5.25 15.875 29969.818418819257
5.75 15.875 0.0
6.25 15.875 0.0
6.75 15.875 0.0
7.25 15.875 0.0
7.75 15.875 0.0
8.25 15.875 0.0
8.75 15.875 0.0
0.25 16.125 60512.504783831515
0.75 16.125 44334.770348913975
1.25 16.125 0.0
1.75 16.125 0.0
2.25 16.125 0.0
2.75 16.125 23126.69837721319
3.25 16.125 0.0
3.75 16.125 0.0
4.25 16.125 0.0
4.75 16.125 0.0
5.25 16.125 0.0
5.75 16.125 0.0
6.25 16.125 0.0
6.75 16.125 0.0
7.25 16.125 0.0
7.75 16.125 0.0
8.25 16.125 0.0
8.75 16.125 0.0
0.25 16.375 48824.68453168852
0.75 16.375 0.0
1.25 16.375 74829.77581710361
1.75 16.375 0.0
2.25 16.375 68378.89308941468
2.75 16.375 0.0
3.25 16.375 47773.09381718962
3.75 16.375 0.0
4.25 16.375 0.0
4.75 16.375 0.0
5.25 16.375 0.0
5.75 16.375 0.0
6.25 16.375 0.0
6.75 16.375 0.0
7.25 16.375 0.0
7.75 16.375 0.0
8.25 16.375 0.0
8.75 16.375 0.0
0.25 16.625 40466.07028206475
0.75 16.625 28605.685707506484
1.25 16.625 0.0
1.75 16.625 0.0
2.25 16.625 25235.808665201097
2.75 16.625 0.0
3.25 16.625 0.0
3.75 16.625 0.0
4.25 16.625 0.0
4.75 16.625 0.0
5.25 16.625 0.0
5.75 16.625 0.0
6.25 16.625 0.0
6.75 16.625 0.0
7.25 16.625 0.0
7.75 16.625 0.0
8.25 16.625 0.0
8.75 16.625 0.0
0.25 16.875 31084.08140648047
0.75 16.875 28385.122797117205
1.25 16.875 28385.44787075647
1.75 16.875 0.0
2.25 16.875 0.0
2.75 16.875 0.0
3.25 16.875 57795.36876428831
3.75 16.875 0.0
4.25 16.875 16423.086403654528
4.75 16.875 0.0
5.25 16.875 0.0
5.75 16.875 0.0
6.25 16.875 0.0
6.75 16.875 0.0
7.25 16.875 0.0
7.75 16.875 0.0
8.25 16.875 0.0
8.75 16.875 0.0
0.25 17.125 104552.58386656737
0.75 17.125 0.0
1.25 17.125 34066.58234667959
1.75 17.125 30579.23517559344
2.25 17.125 18840.86435022757
2.75 17.125 0.0
3.25 17.125 0.0
3.75 17.125 21493.46347110938
4.25 17.125 0.0
4.75 17.125 0.0
5.25 17.125 0.0
5.75 17.125 0.0
6.25 17.125 0.0
6.75 17.125 0.0
7.25 17.125 0.0
7.75 17.125 0.0
8.25 17.125 0.0
8.75 17.125 0.0
0.25 17.375 33415.05000001887
0.75 17.375 0.0
1.25 17.375 0.0
1.75 17.375 23441.518243656086
2.25 17.375 0.0
2.75 17.375 0.0
3.25 17.375 0.0
3.75 17.375 0.0
4.25 17.375 0.0
4.75 17.375 0.0
5.25 17.375 0.0
5.75 17.375 0.0
6.25 17.375 0.0
6.75 17.375 0.0
7.25 17.375 0.0
7.75 17.375 0.0
8.25 17.375 0.0
8.75 17.375 0.0
0.25 17.625 0.0
0.75 17.625 0.0
1.25 17.625 0.0
1.75 17.625 0.0
2.25 17.625 33415.05000001887
2.75 17.625 0.0
3.25 17.625 31026.067755341308
3.75 17.625 30745.720686115266
4.25 17.625 0.0
4.75 17.625 0.0
5.25 17.625 0.0
5.75 17.625 0.0
6.25 17.625 0.0
6.75 17.625 0.0
7.25 17.625 0.0
7.75 17.625 0.0
8.25 17.625 0.0
8.75 17.625 0.0
0.25 17.875 0.0
0.75 17.875 26655.874454590645
1.25 17.875 36569.39385503512
1.75 17.875 0.0
2.25 17.875 33504.511465745854
2.75 17.875 0.0
3.25 17.875 23345.636055269028
3.75 17.875 0.0
4.25 17.875 0.0
4.75 17.875 0.0
5.25 17.875 0.0
5.75 17.875 0.0
6.25 17.875 0.0
6.75 17.875 0.0
7.25 17.875 0.0
7.75 17.875 0.0
8.25 17.875 0.0
8.75 17.875 0.0
0.25 18.125 0.0
0.75 18.125 0.0
1.25 18.125 28769.865120070936
1.75 18.125 0.0
2.25 18.125 0.0
2.75 18.125 0.0
3.25 18.125 0.0
3.75 18.125 0.0
4.25 18.125 10783.158873116205
4.75 18.125 0.0
5.25 18.125 0.0
5.75 18.125 0.0
6.25 18.125 0.0
6.75 18.125 0.0
7.25 18.125 0.0
7.75 18.125 0.0
8.25 18.125 0.0
8.75 18.125 0.0
0.25 18.375 0.0
0.75 18.375 46465.614261056566
1.25 18.375 0.0
1.75 18.375 0.0
2.25 18.375 0.0
2.75 18.375 34143.53452044847
3.25 18.375 0.0
3.75 18.375 0.0
4.25 18.375 0.0
4.75 18.375 0.0
5.25 18.375 0.0
5.75 18.375 0.0
6.25 18.375 0.0
6.75 18.375 0.0
7.25 18.375 0.0
7.75 18.375 0.0
8.25 18.375 0.0
8.75 18.375 0.0
0.25 18.625 90061.89642380159
0.75 18.625 0.0
1.25 18.625 0.0
1.75 18.625 0.0
2.25 18.625 25941.954329430377
2.75 18.625 0.0
3.25 18.625 23292.70548437137
3.75 18.625 0.0
4.25 18.625 0.0
4.75 18.625 0.0
5.25 18.625 0.0
5.75 18.625 0.0
6.25 18.625 0.0
6.75 18.625 0.0
7.25 18.625 0.0
7.75 18.625 0.0
8.25 18.625 0.0
8.75 18.625 0.0
0.25 18.875 0.0
0.75 18.875 0.0
1.25 18.875 68352.57733122628
1.75 18.875 21822.557724381535
2.25 18.875 0.0
2.75 18.875 0.0
3.25 18.875 33415.05000001887
3.75 18.875 0.0
4.25 18.875 0.0
4.75 18.875 0.0
5.25 18.875 0.0
5.75 18.875 0.0
6.25 18.875 0.0
6.75 18.875 0.0
7.25 18.875 0.0
7.75 18.875 0.0
8.25 18.875 0.0
8.75 18.875 0.0
0.25 19.125 0.0
0.75 19.125 0.0
1.25 19.125 23060.23491619547
1.75 19.125 0.0
2.25 19.125 30475.008921746983
2.75 19.125 27875.377028859337
3.25 19.125 0.0
3.75 19.125 0.0
4.25 19.125 0.0
4.75 19.125 0.0
5.25 19.125 0.0
5.75 19.125 0.0
6.25 19.125 0.0
6.75 19.125 0.0
7.25 19.125 0.0
7.75 19.125 0.0
8.25 19.125 0.0
8.75 19.125 0.0
0.25 19.375 0.0
0.75 19.375 34464.165804674834
1.25 19.375 48435.481543153524
1.75 19.375 18722.93143409764
2.25 19.375 0.0
2.75 19.375 0.0
3.25 19.375 0.0
3.75 19.375 0.0
4.25 19.375 0.0
4.75 19.375 0.0
5.25 19.375 0.0
5.75 19.375 0.0
6.25 19.375 0.0
6.75 19.375 0.0
7.25 19.375 0.0
7.75 19.375 0.0
8.25 19.375 0.0
8.75 19.375 0.0
0.25 19.625 29276.266986399944
0.75 19.625 26937.990478490712
1.25 19.625 0.0
1.75 19.625 0.0
2.25 19.625 0.0
2.75 19.625 0.0
3.25 19.625 0.0
3.75 19.625 0.0
4.25 19.625 0.0
4.75 19.625 0.0
5.25 19.625 0.0
5.75 19.625 0.0
6.25 19.625 0.0
6.75 19.625 0.0
7.25 19.625 0.0
7.75 19.625 0.0
8.25 19.625 0.0
8.75 19.625 0.0
0.25 19.875 0.0
0.75 19.875 0.0
1.25 19.875 34715.22648804914
1.75 19.875 0.0
2.25 19.875 0.0
2.75 19.875 0.0
3.25 19.875 0.0
3.75 19.875 22497.909490755344
4.25 19.875 0.0
4.75 19.875 0.0
5.25 19.875 0.0
5.75 19.875 0.0
6.25 19.875 0.0
6.75 19.875 0.0
7.25 19.875 0.0
7.75 19.875 0.0
8.25 19.875 0.0
8.75 19.875 0.0
0.25 20.125 0.0
0.75 20.125 0.0
1.25 20.125 235079.54272574894
1.75 20.125 0.0
2.25 20.125 0.0
2.75 20.125 0.0
3.25 20.125 0.0
3.75 20.125 0.0
4.25 20.125 0.0
4.75 20.125 0.0
5.25 20.125 0.0
5.75 20.125 0.0
6.25 20.125 0.0
6.75 20.125 0.0
7.25 20.125 0.0
7.75 20.125 0.0
8.25 20.125 0.0
8.75 20.125 0.0
0.25 20.375 0.0
0.75 20.375 0.0
1.25 20.375 0.0
1.75 20.375 0.0
2.25 20.375 0.0
2.75 20.375 0.0
3.25 20.375 28536.952750620385
3.75 20.375 0.0
4.25 20.375 0.0
4.75 20.375 0.0
5.25 20.375 0.0
5.75 20.375 0.0
6.25 20.375 0.0
6.75 20.375 0.0
7.25 20.375 0.0
7.75 20.375 0.0
8.25 20.375 0.0
8.75 20.375 0.0
0.25 20.625 54570.6166878568
0.75 20.625 26681.693186785156
1.25 20.625 72411.64355753381
1.75 20.625 0.0
2.25 20.625 30378.84423686294
2.75 20.625 0.0
3.25 20.625 16743.051296839418
3.75 20.625 0.0
4.25 20.625 0.0
4.75 20.625 0.0
5.25 20.625 0.0
5.75 20.625 0.0
6.25 20.625 0.0
6.75 20.625 0.0
7.25 20.625 0.0
7.75 20.625 0.0
8.25 20.625 0.0
8.75 20.625 0.0
0.25 20.875 0.0
0.75 20.875 0.0
1.25 20.875 0.0
1.75 20.875 0.0
2.25 20.875 33739.07207205765
2.75 20.875 0.0
3.25 20.875 0.0
3.75 20.875 0.0
4.25 20.875 0.0
4.75 20.875 0.0
5.25 20.875 0.0
5.75 20.875 0.0
6.25 20.875 0.0
6.75 20.875 0.0
7.25 20.875 0.0
7.75 20.875 0.0
8.25 20.875 0.0
8.75 20.875 0.0
0.25 21.125 51660.56499342868
0.75 21.125 0.0
1.25 21.125 0.0
1.75 21.125 0.0
2.25 21.125 0.0
2.75 21.125 0.0
3.25 21.125 0.0
3.75 21.125 0.0
4.25 21.125 0.0
4.75 21.125 0.0
5.25 21.125 0.0
5.75 21.125 0.0
6.25 21.125 0.0
6.75 21.125 0.0
7.25 21.125 0.0
7.75 21.125 0.0
8.25 21.125 0.0
8.75 21.125 0.0
0.25 21.375 0.0
0.75 21.375 0.0
1.25 21.375 0.0
1.75 21.375 27592.169246076355
2.25 21.375 0.0
2.75 21.375 0.0
3.25 21.375 0.0
3.75 21.375 0.0
4.25 21.375 0.0
4.75 21.375 0.0
5.25 21.375 0.0
5.75 21.375 0.0
6.25 21.375 0.0
6.75 21.375 0.0
7.25 21.375 0.0
7.75 21.375 0.0
8.25 21.375 0.0
8.75 21.375 0.0
0.25 21.625 34914.11240664161
0.75 21.625 0.0
1.25 21.625 0.0
1.75 21.625 33415.05000001887
2.25 21.625 0.0
2.75 21.625 0.0
3.25 21.625 0.0
3.75 21.625 0.0
4.25 21.625 0.0
4.75 21.625 0.0
5.25 21.625 0.0
5.75 21.625 0.0
6.25 21.625 0.0
6.75 21.625 0.0
7.25 21.625 0.0
7.75 21.625 0.0
8.25 21.625 0.0
8.75 21.625 0.0
0.25 21.875 0.0
0.75 21.875 33415.05000001887
1.25 21.875 0.0
1.75 21.875 0.0
2.25 21.875 0.0
2.75 21.875 0.0
3.25 21.875 0.0
3.75 21.875 0.0
4.25 21.875 0.0
4.75 21.875 0.0
5.25 21.875 0.0
5.75 21.875 0.0
6.25 21.875 0.0
6.75 21.875 0.0
7.25 21.875 0.0
7.75 21.875 0.0
8.25 21.875 0.0
8.75 21.875 0.0
0.25 22.125 19028.62251642403
0.75 22.125 0.0
1.25 22.125 0.0
1.75 22.125 0.0
2.25 22.125 0.0
2.75 22.125 0.0
3.25 22.125 0.0
3.75 22.125 0.0
4.25 22.125 0.0
4.75 22.125 0.0
5.25 22.125 0.0
5.75 22.125 0.0
6.25 22.125 0.0
6.75 22.125 0.0
7.25 22.125 0.0
7.75 22.125 0.0
8.25 22.125 0.0
8.75 22.125 0.0
0.25 22.375 33415.05000001887
0.75 22.375 0.0
1.25 22.375 0.0
1.75 22.375 0.0
2.25 22.375 0.0
2.75 22.375 0.0
3.25 22.375 0.0
3.75 22.375 0.0
4.25 22.375 0.0
4.75 22.375 0.0
5.25 22.375 0.0
5.75 22.375 0.0
6.25 22.375 0.0
6.75 22.375 0.0
7.25 22.375 0.0
7.75 22.375 0.0
8.25 22.375 0.0
8.75 22.375 0.0
0.25 22.625 33415.05000001887
0.75 22.625 52110.164061825424
1.25 22.625 0.0
1.75 22.625 0.0
2.25 22.625 0.0
2.75 22.625 0.0
3.25 22.625 0.0
3.75 22.625 0.0
4.25 22.625 0.0
4.75 22.625 0.0
5.25 22.625 0.0
5.75 22.625 0.0
6.25 22.625 0.0
6.75 22.625 0.0
7.25 22.625 0.0
7.75 22.625 0.0
8.25 22.625 0.0
8.75 22.625 0.0
0.25 22.875 0.0
0.75 22.875 0.0
1.25 22.875 0.0
1.75 22.875 0.0
2.25 22.875 0.0
2.75 22.875 0.0
3.25 22.875 0.0
3.75 22.875 0.0
4.25 22.875 0.0
4.75 22.875 0.0
5.25 22.875 0.0
5.75 22.875 0.0
6.25 22.875 0.0
6.75 22.875 0.0
7.25 22.875 0.0
7.75 22.875 0.0
8.25 22.875 0.0
8.75 22.875 0.0
0.25 23.125 0.0
0.75 23.125 0.0
1.25 23.125 0.0
1.75 23.125 0.0
2.25 23.125 0.0
2.75 23.125 0.0
3.25 23.125 0.0
3.75 23.125 0.0
4.25 23.125 0.0
4.75 23.125 0.0
5.25 23.125 0.0
5.75 23.125 0.0
6.25 23.125 0.0
6.75 23.125 0.0
7.25 23.125 0.0
7.75 23.125 0.0
8.25 23.125 0.0
8.75 23.125 0.0
0.25 23.375 0.0
0.75 23.375 35089.30596663032
1.25 23.375 0.0
1.75 23.375 0.0
2.25 23.375 58571.72734480709
2.75 23.375 0.0
3.25 23.375 0.0
3.75 23.375 0.0
4.25 23.375 0.0
4.75 23.375 0.0
5.25 23.375 0.0
5.75 23.375 0.0
6.25 23.375 0.0
6.75 23.375 0.0
7.25 23.375 0.0
7.75 23.375 0.0
8.25 23.375 0.0
8.75 23.375 0.0
0.25 23.625 0.0
0.75 23.625 0.0
1.25 23.625 0.0
1.75 23.625 39817.43453874886
2.25 23.625 0.0
2.75 23.625 0.0
3.25 23.625 0.0
3.75 23.625 0.0
4.25 23.625 0.0
4.75 23.625 0.0
5.25 23.625 0.0
5.75 23.625 0.0
6.25 23.625 0.0
6.75 23.625 0.0
7.25 23.625 0.0
7.75 23.625 0.0
8.25 23.625 0.0
8.75 23.625 0.0
0.25 23.875 0.0
0.75 23.875 0.0
1.25 23.875 0.0
1.75 23.875 0.0
2.25 23.875 0.0
2.75 23.875 0.0
3.25 23.875 0.0
3.75 23.875 0.0
4.25 23.875 0.0
4.75 23.875 0.0
5.25 23.875 0.0
5.75 23.875 0.0
6.25 23.875 0.0
6.75 23.875 0.0
7.25 23.875 0.0
7.75 23.875 0.0
8.25 23.875 0.0
8.75 23.875 0.0
0.25 24.125 0.0
0.75 24.125 0.0
1.25 24.125 0.0
1.75 24.125 0.0
2.25 24.125 0.0
2.75 24.125 0.0
3.25 24.125 0.0
3.75 24.125 0.0
4.25 24.125 0.0
4.75 24.125 0.0
5.25 24.125 0.0
5.75 24.125 0.0
6.25 24.125 0.0
6.75 24.125 0.0
7.25 24.125 0.0
7.75 24.125 0.0
8.25 24.125 0.0
8.75 24.125 0.0
0.25 24.375 0.0
0.75 24.375 25196.98161532814
1.25 24.375 33415.05000001887
1.75 24.375 0.0
2.25 24.375 0.0
2.75 24.375 0.0
3.25 24.375 0.0
3.75 24.375 0.0
4.25 24.375 0.0
4.75 24.375 0.0
5.25 24.375 0.0
5.75 24.375 0.0
6.25 24.375 0.0
6.75 24.375 0.0
7.25 24.375 0.0
7.75 24.375 0.0
8.25 24.375 0.0
8.75 24.375 0.0
0.25 24.625 0.0
0.75 24.625 0.0
1.25 24.625 0.0
1.75 24.625 0.0
2.25 24.625 0.0
2.75 24.625 0.0
3.25 24.625 0.0
3.75 24.625 0.0
4.25 24.625 0.0
4.75 24.625 0.0
5.25 24.625 0.0
5.75 24.625 0.0
6.25 24.625 0.0
6.75 24.625 0.0
7.25 24.625 0.0
7.75 24.625 0.0
8.25 24.625 0.0
8.75 24.625 0.0
0.25 24.875 0.0
0.75 24.875 0.0
1.25 24.875 0.0
1.75 24.875 0.0
2.25 24.875 0.0
2.75 24.875 0.0
3.25 24.875 0.0
3.75 24.875 0.0
4.25 24.875 0.0
4.75 24.875 0.0
5.25 24.875 0.0
5.75 24.875 0.0
6.25 24.875 0.0
6.75 24.875 0.0
7.25 24.875 0.0
7.75 24.875 0.0
8.25 24.875 0.0
8.75 24.875 0.0
0.25 25.125 0.0
0.75 25.125 0.0
1.25 25.125 0.0
1.75 25.125 33415.05000001887
2.25 25.125 0.0
2.75 25.125 0.0
3.25 25.125 0.0
3.75 25.125 0.0
4.25 25.125 0.0
4.75 25.125 0.0
5.25 25.125 0.0
5.75 25.125 0.0
6.25 25.125 0.0
6.75 25.125 0.0
7.25 25.125 0.0
7.75 25.125 0.0
8.25 25.125 0.0
8.75 25.125 0.0
0.25 25.375 0.0
0.75 25.375 0.0
1.25 25.375 0.0
1.75 25.375 0.0
2.25 25.375 0.0
2.75 25.375 0.0
3.25 25.375 0.0
3.75 25.375 0.0
4.25 25.375 0.0
4.75 25.375 0.0
5.25 25.375 0.0
5.75 25.375 0.0
6.25 25.375 0.0
6.75 25.375 0.0
7.25 25.375 0.0
7.75 25.375 0.0
8.25 25.375 0.0
8.75 25.375 0.0
0.25 25.625 0.0
0.75 25.625 37998.8654075871
1.25 25.625 0.0
1.75 25.625 0.0
2.25 25.625 0.0
2.75 25.625 0.0
3.25 25.625 0.0
3.75 25.625 0.0
4.25 25.625 0.0
4.75 25.625 0.0
5.25 25.625 0.0
5.75 25.625 0.0
6.25 25.625 0.0
6.75 25.625 0.0
7.25 25.625 0.0
7.75 25.625 0.0
8.25 25.625 0.0
8.75 25.625 0.0
0.25 25.875 0.0
0.75 25.875 0.0
1.25 25.875 0.0
1.75 25.875 19901.552363996936
2.25 25.875 0.0
2.75 25.875 0.0
3.25 25.875 0.0
3.75 25.875 0.0
4.25 25.875 0.0
4.75 25.875 0.0
5.25 25.875 0.0
5.75 25.875 0.0
6.25 25.875 0.0
6.75 25.875 0.0
7.25 25.875 0.0
7.75 25.875 0.0
8.25 25.875 0.0
8.75 25.875 0.0
0.25 26.125 0.0
0.75 26.125 0.0
1.25 26.125 0.0
1.75 26.125 0.0
2.25 26.125 0.0
2.75 26.125 0.0
3.25 26.125 0.0
3.75 26.125 0.0
4.25 26.125 0.0
4.75 26.125 0.0
5.25 26.125 0.0
5.75 26.125 0.0
6.25 26.125 0.0
6.75 26.125 0.0
7.25 26.125 0.0
7.75 26.125 0.0
8.25 26.125 0.0
8.75 26.125 0.0
0.25 26.375 0.0
0.75 26.375 0.0
1.25 26.375 18314.90292071531
1.75 26.375 0.0
2.25 26.375 0.0
2.75 26.375 0.0
3.25 26.375 0.0
3.75 26.375 0.0
4.25 26.375 0.0
4.75 26.375 0.0
5.25 26.375 0.0
5.75 26.375 0.0
6.25 26.375 0.0
6.75 26.375 0.0
7.25 26.375 0.0
7.75 26.375 0.0
8.25 26.375 0.0
8.75 26.375 0.0
0.25 26.625 0.0
0.75 26.625 0.0
1.25 26.625 0.0
1.75 26.625 0.0
2.25 26.625 0.0
2.75 26.625 0.0
3.25 26.625 0.0
3.75 26.625 0.0
4.25 26.625 0.0
4.75 26.625 0.0
5.25 26.625 0.0
5.75 26.625 0.0
6.25 26.625 0.0
6.75 26.625 0.0
7.25 26.625 0.0
7.75 26.625 0.0
8.25 26.625 0.0
8.75 26.625 0.0
0.25 26.875 0.0
0.75 26.875 0.0
1.25 26.875 0.0
1.75 26.875 0.0
2.25 26.875 0.0
2.75 26.875 0.0
3.25 26.875 0.0
3.75 26.875 0.0
4.25 26.875 0.0
4.75 26.875 0.0
5.25 26.875 0.0
5.75 26.875 0.0
6.25 26.875 0.0
6.75 26.875 0.0
7.25 26.875 0.0
7.75 26.875 0.0
8.25 26.875 0.0
8.75 26.875 0.0
0.25 27.125 0.0
0.75 27.125 0.0
1.25 27.125 0.0
1.75 27.125 0.0
2.25 27.125 0.0
2.75 27.125 0.0
3.25 27.125 0.0
3.75 27.125 0.0
4.25 27.125 0.0
4.75 27.125 0.0
5.25 27.125 0.0
5.75 27.125 0.0
6.25 27.125 0.0
6.75 27.125 0.0
7.25 27.125 0.0
7.75 27.125 0.0
8.25 27.125 0.0
8.75 27.125 0.0
0.25 27.375 33415.05000001887
0.75 27.375 0.0
1.25 27.375 0.0
1.75 27.375 0.0
2.25 27.375 0.0
2.75 27.375 0.0
3.25 27.375 0.0
3.75 27.375 0.0
4.25 27.375 0.0
4.75 27.375 0.0
5.25 27.375 0.0
5.75 27.375 0.0
6.25 27.375 0.0
6.75 27.375 0.0
7.25 27.375 0.0
7.75 27.375 0.0
8.25 27.375 0.0
8.75 27.375 0.0
0.25 27.625 34624.486601903234
0.75 27.625 0.0
1.25 27.625 0.0
1.75 27.625 0.0
2.25 27.625 0.0
2.75 27.625 0.0
3.25 27.625 0.0
3.75 27.625 0.0
4.25 27.625 0.0
4.75 27.625 0.0
5.25 27.625 0.0
5.75 27.625 0.0
6.25 27.625 0.0
6.75 27.625 0.0
7.25 27.625 0.0
7.75 27.625 0.0
8.25 27.625 0.0
8.75 27.625 0.0
0.25 27.875 0.0
0.75 27.875 0.0
1.25 27.875 0.0
1.75 27.875 0.0
2.25 27.875 0.0
2.75 27.875 0.0
3.25 27.875 0.0
3.75 27.875 0.0
4.25 27.875 0.0
4.75 27.875 0.0
5.25 27.875 0.0
5.75 27.875 0.0
6.25 27.875 0.0
6.75 27.875 0.0
7.25 27.875 0.0
7.75 27.875 0.0
8.25 27.875 0.0
8.75 27.875 0.0
0.25 28.125 0.0
0.75 28.125 0.0
1.25 28.125 0.0
1.75 28.125 0.0
2.25 28.125 0.0
2.75 28.125 0.0
3.25 28.125 0.0
3.75 28.125 0.0
4.25 28.125 0.0
4.75 28.125 0.0
5.25 28.125 0.0
5.75 28.125 0.0
6.25 28.125 0.0
6.75 28.125 0.0
7.25 28.125 0.0
7.75 28.125 0.0
8.25 28.125 0.0
8.75 28.125 0.0
0.25 28.375 13881.943038860534
0.75 28.375 0.0
1.25 28.375 0.0
1.75 28.375 0.0
2.25 28.375 0.0
2.75 28.375 0.0
3.25 28.375 0.0
3.75 28.375 0.0
4.25 28.375 0.0
4.75 28.375 0.0
5.25 28.375 0.0
5.75 28.375 0.0
6.25 28.375 0.0
6.75 28.375 0.0
7.25 28.375 0.0
7.75 28.375 0.0
8.25 28.375 0.0
8.75 28.375 0.0
0.25 28.625 0.0
0.75 28.625 0.0
1.25 28.625 0.0
1.75 28.625 0.0
2.25 28.625 0.0
2.75 28.625 0.0
3.25 28.625 0.0
3.75 28.625 0.0
4.25 28.625 0.0
4.75 28.625 0.0
5.25 28.625 0.0
5.75 28.625 0.0
6.25 28.625 0.0
6.75 28.625 0.0
7.25 28.625 0.0
7.75 28.625 0.0
8.25 28.625 0.0
8.75 28.625 0.0
0.25 28.875 0.0
0.75 28.875 0.0
1.25 28.875 0.0
1.75 28.875 0.0
2.25 28.875 0.0
2.75 28.875 0.0
3.25 28.875 0.0
3.75 28.875 0.0
4.25 28.875 0.0
4.75 28.875 0.0
5.25 28.875 0.0
5.75 28.875 0.0
6.25 28.875 0.0
6.75 28.875 0.0
7.25 28.875 0.0
7.75 28.875 0.0
8.25 28.875 0.0
8.75 28.875 0.0
0.25 29.125 0.0
0.75 29.125 0.0
1.25 29.125 0.0
1.75 29.125 0.0
2.25 29.125 0.0
2.75 29.125 0.0
3.25 29.125 0.0
3.75 29.125 0.0
4.25 29.125 0.0
4.75 29.125 0.0
5.25 29.125 0.0
5.75 29.125 0.0
6.25 29.125 0.0
6.75 29.125 0.0
7.25 29.125 0.0
7.75 29.125 0.0
8.25 29.125 0.0
8.75 29.125 0.0
0.25 29.375 0.0
0.75 29.375 0.0
1.25 29.375 0.0
1.75 29.375 0.0
2.25 29.375 0.0
2.75 29.375 0.0
3.25 29.375 0.0
3.75 29.375 0.0
4.25 29.375 0.0
4.75 29.375 0.0
5.25 29.375 0.0
5.75 29.375 0.0
6.25 29.375 0.0
6.75 29.375 0.0
7.25 29.375 0.0
7.75 29.375 0.0
8.25 29.375 0.0
8.75 29.375 0.0
0.25 29.625 0.0
0.75 29.625 0.0
1.25 29.625 0.0
1.75 29.625 0.0
2.25 29.625 0.0
2.75 29.625 0.0
3.25 29.625 0.0
3.75 29.625 0.0
4.25 29.625 0.0
4.75 29.625 0.0
5.25 29.625 0.0
5.75 29.625 0.0
6.25 29.625 0.0
6.75 29.625 0.0
7.25 29.625 0.0
7.75 29.625 0.0
8.25 29.625 0.0
8.75 29.625 0.0
0.25 29.875 0.0
0.75 29.875 0.0
1.25 29.875 0.0
1.75 29.875 0.0
2.25 29.875 0.0
2.75 29.875 0.0
3.25 29.875 0.0
3.75 29.875 0.0
4.25 29.875 0.0
4.75 29.875 0.0
5.25 29.875 0.0
5.75 29.875 0.0
6.25 29.875 0.0
6.75 29.875 0.0
7.25 29.875 0.0
7.75 29.875 0.0
8.25 29.875 0.0
8.75 29.875 0.0
