0.25 0.125 36778338.923206
0.75 0.125 37491112.255376056
1.25 0.125 38704538.96487762
1.75 0.125 40728758.077184685
2.25 0.125 43451750.985006295
2.75 0.125 44555337.686130874
3.25 0.125 47404429.70828088
3.75 0.125 48611746.51124092
4.25 0.125 48168470.33022815
4.75 0.125 44274196.3135969
5.25 0.125 37047963.86660822
5.75 0.125 30624645.07273501
6.25 0.125 26352592.271242753
6.75 0.125 24184420.61237196
7.25 0.125 17375845.873331618
7.75 0.125 8708546.188636817
8.25 0.125 2842149.103403915
8.75 0.125 88429.75039070573
0.25 0.375 124380893.23765202
0.75 0.375 126563944.25414723
1.25 0.375 126711238.28494805
1.75 0.375 130795040.42209958
2.25 0.375 136867830.1975341
2.75 0.375 144067242.0562912
3.25 0.375 146291547.92472538
3.75 0.375 146245362.049795
4.25 0.375 145078131.7283073
4.75 0.375 128319253.82022205
5.25 0.375 109416667.4679215
5.75 0.375 88597514.38894098
6.25 0.375 75974269.51757598
6.75 0.375 65216300.43757294
7.25 0.375 48333859.2911027
7.75 0.375 24447357.994929217
8.25 0.375 6769352.378249366
8.75 0.375 264736.7449487392
0.25 0.625 229485437.4342952
0.75 0.625 229235183.4729835
1.25 0.625 228495642.56581435
1.75 0.625 227089170.08076784
2.25 0.625 230705100.2976253
2.75 0.625 237261638.0364462
3.25 0.625 236151982.3054763
3.75 0.625 231224886.5710026
4.25 0.625 219725223.42482927
4.75 0.625 200107595.04250318
5.25 0.625 175355238.4052645
5.75 0.625 143340729.84286144
6.25 0.625 115935701.565887
6.75 0.625 92355214.68322246
7.25 0.625 65354135.69264631
7.75 0.625 29988128.843644325
8.25 0.625 8114249.531059017
8.75 0.625 123946.25064977126
0.25 0.875 313794271.21471775
0.75 0.875 315856485.0042646
1.25 0.875 315719844.6776325
1.75 0.875 307979727.1317654
2.25 0.875 304812017.5431278
2.75 0.875 296368550.4208878
3.25 0.875 291601931.907891
3.75 0.875 280404176.5305668
4.25 0.875 262310039.22013244
4.75 0.875 238386300.6772036
5.25 0.875 205164678.32506177
5.75 0.875 169268601.54674697
6.25 0.875 133722125.033424
6.75 0.875 100734698.72345766
7.25 0.875 65500045.30981562
7.75 0.875 29183589.200485256
8.25 0.875 5891417.44676557
8.75 0.875 68850.26130330826
0.25 1.125 354330018.1511426
0.75 1.125 351663156.14171416
1.25 1.125 346046630.9800264
1.75 1.125 340039824.9605767
2.25 1.125 328751408.5747035
2.75 1.125 321099993.0901555
3.25 1.125 308346190.5400271
3.75 1.125 288104199.29156536
4.25 1.125 264877820.4626613
4.75 1.125 236415829.62755424
5.25 1.125 202131357.12882814
5.75 1.125 163870695.6213796
6.25 1.125 124357025.28622007
6.75 1.125 89190763.01896326
7.25 1.125 56428065.58165789
7.75 1.125 22896391.15483975
8.25 1.125 3866895.2173691615
8.75 1.125 0.0
0.25 1.375 350944723.41250974
0.75 1.375 345115383.4904976
1.25 1.375 334654865.9038011
1.75 1.375 327310640.2966009
2.25 1.375 316737469.1371688
2.75 1.375 302285214.5548296
3.25 1.375 284291267.8532475
3.75 1.375 264332212.15191826
4.25 1.375 237854855.0915513
4.75 1.375 209213438.42218587
5.25 1.375 174629206.20429882
5.75 1.375 141305095.8683738
6.25 1.375 103334592.67456092
6.75 1.375 71039353.55989954
7.25 1.375 41706603.58077907
7.75 1.375 16053989.219092004
8.25 1.375 1860591.5319309542
8.75 1.375 0.0
0.25 1.625 317756564.4105939
0.75 1.625 319115488.8960123
1.25 1.625 305998754.27139527
1.75 1.625 296018264.0159421
2.25 1.625 285222439.74503684
2.75 1.625 271991127.0653058
3.25 1.625 247987593.79950404
3.75 1.625 222434475.3026147
4.25 1.625 199762667.2533203
4.75 1.625 173299160.05183858
5.25 1.625 138087168.66109452
5.75 1.625 106917489.41222957
6.25 1.625 75723437.34507033
6.75 1.625 50125631.796940275
7.25 1.625 28210655.7847252
7.75 1.625 9496579.245822381
8.25 1.625 676012.0702521927
8.75 1.625 0.0
0.25 1.875 273322828.2373518
0.75 1.875 269776210.9599765
1.25 1.875 263710074.23415774
1.75 1.875 250701905.91438916
2.25 1.875 239820217.9355027
2.75 1.875 226079770.103022
3.25 1.875 205318305.9091359
3.75 1.875 181734850.01243404
4.25 1.875 160508114.5379091
4.75 1.875 133539559.54467277
5.25 1.875 102560197.66673255
5.75 1.875 79840526.54339421
6.25 1.875 55005884.39421521
6.75 1.875 34726545.54123952
7.25 1.875 17622045.101874772
7.75 1.875 5158284.01380977
8.25 1.875 299044.0248662149
8.75 1.875 0.0
0.25 2.125 225552476.9641117
0.75 2.125 218509163.96770713
1.25 2.125 218585129.62959373
1.75 2.125 209265345.64505103
2.25 2.125 199430993.07573152
2.75 2.125 181965842.69391346
3.25 2.125 166800040.27996174
3.75 2.125 145850703.69495666
4.25 2.125 124061555.21141285
4.75 2.125 99245329.81101331
5.25 2.125 78759069.8119061
5.75 2.125 58067064.87944071
6.25 2.125 38094325.45587824
6.75 2.125 22565754.243970856
7.25 2.125 10118008.465506732
7.75 2.125 2556901.326470187
8.25 2.125 30648.94944599714
8.75 2.125 0.0
0.25 2.375 184523370.61730582
0.75 2.375 178968034.7979146
1.25 2.375 178687756.5153899
1.75 2.375 167391201.55395997
2.25 2.375 158037785.6666977
2.75 2.375 146291864.57683215
3.25 2.375 131956822.25298157
3.75 2.375 112998470.80959642
4.25 2.375 94645933.0335403
4.75 2.375 77672520.50427505
5.25 2.375 57095593.72322641
5.75 2.375 41447704.135115474
6.25 2.375 27358284.790555455
6.75 2.375 14982244.6416071
7.25 2.375 6388952.60375069
7.75 2.375 1330396.0604638117
8.25 2.375 2776.5272136696644
8.75 2.375 0.0
0.25 2.625 148780438.56326076
0.75 2.625 148107818.2627251
1.25 2.625 139624655.11525583
1.75 2.625 135097592.62852404
2.25 2.625 125181945.03602155
2.75 2.625 115944974.82402307
3.25 2.625 104248205.22116348
3.75 2.625 89428410.42484039
4.25 2.625 75039569.308561
4.75 2.625 58517819.393749334
5.25 2.625 42649223.27322508
5.75 2.625 28880878.78739338
6.25 2.625 18509547.92151128
6.75 2.625 9399154.030983904
7.25 2.625 3449900.876782344
7.75 2.625 455252.1585664229
8.25 2.625 16779.249366719036
8.75 2.625 0.0
0.25 2.875 117905395.21072125
0.75 2.875 117792571.39811635
1.25 2.875 113418951.58914515
1.75 2.875 106771527.19571367
2.25 2.875 101402156.79190826
2.75 2.875 92565917.10731223
3.25 2.875 80699686.60766993
3.75 2.875 72025583.0114664
4.25 2.875 58039369.0131698
4.75 2.875 44966991.31636003
5.25 2.875 31825919.04056967
5.75 2.875 21980305.466923982
6.25 2.875 12718519.421214279
6.75 2.875 6590438.214294179
7.25 2.875 1587298.8241034714
7.75 2.875 235095.02449593818
8.25 2.875 0.0
8.75 2.875 0.0
0.25 3.125 93142677.91626619
0.75 3.125 94821415.71032603
1.25 3.125 91234202.71535018
1.75 3.125 85371058.51331156
2.25 3.125 81537948.2975633
2.75 3.125 73996976.57585861
3.25 3.125 64672340.35643445
3.75 3.125 55541897.8241137
4.25 3.125 44010094.14318167
4.75 3.125 35358045.63410752
5.25 3.125 25277595.59689909
5.75 3.125 16208955.000643859
6.25 3.125 9080237.948215121
6.75 3.125 4254975.272122398
7.25 3.125 1078996.6492215414
7.75 3.125 96336.63462232144
8.25 3.125 0.0
8.75 3.125 0.0
0.25 3.375 76378632.59136388
0.75 3.375 74773577.83437704
1.25 3.375 71957590.32492942
1.75 3.375 70653081.63125019
2.25 3.375 62793741.5252615
2.75 3.375 56149621.46033511
3.25 3.375 50157207.920339435
3.75 3.375 44344613.19479303
4.25 3.375 34572847.855895095
4.75 3.375 27011609.31061249
5.25 3.375 18934603.701641552
5.75 3.375 11094841.739943516
6.25 3.375 6773933.126800182
6.75 3.375 2854074.1361189145
7.25 3.375 480775.55578061624
7.75 3.375 21983.50439734046
8.25 3.375 0.0
8.75 3.375 0.0
0.25 3.625 60809871.878830515
0.75 3.625 60132708.87134269
1.25 3.625 57900972.5677031
1.75 3.625 56374018.87349429
2.25 3.625 53533954.915483914
2.75 3.625 46980414.43137783
3.25 3.625 40913851.54947731
3.75 3.625 34615992.163811594
4.25 3.625 27526701.562960427
4.75 3.625 20400307.526078098
5.25 3.625 13826227.674430026
5.75 3.625 8706015.621318474
6.25 3.625 4903228.991003666
6.75 3.625 1789943.2387857288
7.25 3.625 365710.9224704142
7.75 3.625 21537.180581362496
8.25 3.625 0.0
8.75 3.625 0.0
0.25 3.875 50339742.760675035
0.75 3.875 50581524.167922005
1.25 3.875 47809157.446559705
1.75 3.875 45618952.12206603
2.25 3.875 40975454.36283439
2.75 3.875 38490135.53266646
3.25 3.875 32941747.58463335
3.75 3.875 27736011.811672345
4.25 3.875 21615882.417816307
4.75 3.875 15600486.266437791
5.25 3.875 10912665.215824882
5.75 3.875 7451310.7946536485
6.25 3.875 3893824.1132393815
6.75 3.875 1496777.7127730108
7.25 3.875 178974.13208891932
7.75 3.875 0.0
8.25 3.875 0.0
8.75 3.875 0.0
0.25 4.125 39167769.42063893
0.75 4.125 40383440.14172348
1.25 4.125 39445147.941389814
1.75 4.125 37365512.19092116
2.25 4.125 34750880.5736492
2.75 4.125 32605573.23037629
3.25 4.125 27152844.108726565
3.75 4.125 22182133.942692645
4.25 4.125 17026207.5180184
4.75 4.125 12604388.09031008
5.25 4.125 8672410.833291305
5.75 4.125 5123838.832884869
6.25 4.125 2643088.0693027633
6.75 4.125 853853.0874707542
7.25 4.125 104176.27922534951
7.75 4.125 0.0
8.25 4.125 0.0
8.75 4.125 0.0
0.25 4.375 34344722.83919926
0.75 4.375 31291027.555661913
1.25 4.375 33312786.77095679
1.75 4.375 29942042.486464757
2.25 4.375 27727965.261127688
2.75 4.375 24852659.24545611
3.25 4.375 22103413.825535383
3.75 4.375 18259176.537266232
4.25 4.375 14371485.450409966
4.75 4.375 9902908.351864668
5.25 4.375 6451400.584518374
5.75 4.375 4037502.704840025
6.25 4.375 1747675.178493493
6.75 4.375 745616.56462637
7.25 4.375 62249.855027870275
7.75 4.375 0.0
8.25 4.375 0.0
8.75 4.375 0.0
0.25 4.625 29333260.870394092
0.75 4.625 28360126.49062729
1.25 4.625 26003759.58202226
1.75 4.625 25607158.126337938
2.25 4.625 23236483.278651275
2.75 4.625 20656974.486265857
3.25 4.625 16485901.811410537
3.75 4.625 15102486.138837041
4.25 4.625 11968018.58713238
4.75 4.625 7586940.792492803
5.25 4.625 5240803.840096664
5.75 4.625 2772819.516840102
6.25 4.625 1511279.0606183698
6.75 4.625 626281.5319114819
7.25 4.625 38946.41877852909
7.75 4.625 0.0
8.25 4.625 0.0
8.75 4.625 0.0
0.25 4.875 22987794.182520255
0.75 4.875 24544481.368924405
1.25 4.875 22991802.100607783
1.75 4.875 19689660.667271566
2.25 4.875 18539383.78285563
2.75 4.875 16618649.813418347
3.25 4.875 15071257.968239825
3.75 4.875 12628038.933412312
4.25 4.875 8870198.84716539
4.75 4.875 7217999.033246392
5.25 4.875 4736747.068233368
5.75 4.875 2345470.0381661826
6.25 4.875 1079407.0779960637
6.75 4.875 299030.92802126164
7.25 4.875 17836.23409026624
7.75 4.875 0.0
8.25 4.875 0.0
8.75 4.875 0.0
0.25 5.125 20047506.619125914
0.75 5.125 19811031.13723929
1.25 5.125 19014897.89435129
1.75 5.125 15421207.917515872
2.25 5.125 16113814.197668506
2.75 5.125 13089467.699556597
3.25 5.125 11132946.271494336
3.75 5.125 9622399.589057783
4.25 5.125 7450580.765016569
4.75 5.125 5493279.67222727
5.25 5.125 3387917.250467989
5.75 5.125 1874295.5201676567
6.25 5.125 700457.6730322219
6.75 5.125 130082.16181668558
7.25 5.125 3185.840170742775
7.75 5.125 0.0
8.25 5.125 0.0
8.75 5.125 0.0
0.25 5.375 15333024.236616738
0.75 5.375 16598743.193384843
1.25 5.375 15773218.558820575
1.75 5.375 14950003.587546522
2.25 5.375 13651845.070991864
2.75 5.375 11518473.636317912
3.25 5.375 9818705.625417648
3.75 5.375 8129422.436538041
4.25 5.375 6362702.579031742
4.75 5.375 3999830.053177814
5.25 5.375 2831524.0527887475
5.75 5.375 1519142.1819989812
6.25 5.375 705193.9958964447
6.75 5.375 247202.02870955845
7.25 5.375 2170.382086675024
7.75 5.375 0.0
8.25 5.375 0.0
8.75 5.375 0.0
0.25 5.625 14302410.873579169
0.75 5.625 15139960.750032004
1.25 5.625 12800881.4990903
1.75 5.625 12717370.804859856
2.25 5.625 10680124.785884654
2.75 5.625 10419300.965879822
3.25 5.625 7433415.893218441
3.75 5.625 6391478.812028747
4.25 5.625 4913375.874748338
4.75 5.625 3527614.3591084923
5.25 5.625 2410936.395740824
5.75 5.625 994761.7715380144
6.25 5.625 460776.5889365787
6.75 5.625 108192.99718735172
7.25 5.625 0.0
7.75 5.625 0.0
8.25 5.625 0.0
8.75 5.625 0.0
0.25 5.875 12666680.74309799
0.75 5.875 12834905.268684737
1.25 5.875 11278952.20130703
1.75 5.875 10693956.481851274
2.25 5.875 8733345.65511654
2.75 5.875 7974554.076167102
3.25 5.875 7200094.300071132
3.75 5.875 5818810.71398961
4.25 5.875 4483092.581224268
4.75 5.875 2432483.7294567283
5.25 5.875 1789143.1160140692
5.75 5.875 907803.9533821068
6.25 5.875 254300.06476182345
6.75 5.875 103497.66166422906
7.25 5.875 0.0
7.75 5.875 0.0
8.25 5.875 0.0
8.75 5.875 0.0
0.25 6.125 10430387.170631666
0.75 6.125 9359240.34451485
1.25 6.125 9678636.222920552
1.75 6.125 7902932.673193344
2.25 6.125 8257349.014340001
2.75 6.125 7012531.559411359
3.25 6.125 6701422.64239596
3.75 6.125 4676985.216480841
4.25 6.125 3496219.5661381353
4.75 6.125 2538006.370741044
5.25 6.125 1179693.826758189
5.75 6.125 753532.4336576882
6.25 6.125 383739.0178661468
6.75 6.125 5437.498512452016
7.25 6.125 0.0
7.75 6.125 0.0
8.25 6.125 0.0
8.75 6.125 0.0
0.25 6.375 8141973.10142015
0.75 6.375 8624950.639546769
1.25 6.375 7866488.015047647
1.75 6.375 8151485.985109649
2.25 6.375 6156962.127213402
2.75 6.375 5468430.318330605
3.25 6.375 5573199.801551212
3.75 6.375 3820612.0762514584
4.25 6.375 2359870.513121999
4.75 6.375 2063009.894207436
5.25 6.375 1142725.2181676559
5.75 6.375 570201.0075276399
6.25 6.375 207954.28198305902
6.75 6.375 73736.46579155131
7.25 6.375 0.0
7.75 6.375 0.0
8.25 6.375 0.0
8.75 6.375 0.0
0.25 6.625 7060798.380801317
0.75 6.625 6799190.695382969
1.25 6.625 6912219.204461693
1.75 6.625 5589130.752952945
2.25 6.625 6270232.333271762
2.75 6.625 5564338.531738169
3.25 6.625 3553741.2076374195
3.75 6.625 3057991.4561370052
4.25 6.625 2428378.5466156513
4.75 6.625 1342313.3612910907
5.25 6.625 790378.3948063982
5.75 6.625 556570.6245198776
6.25 6.625 99907.89825028178
6.75 6.625 0.0
7.25 6.625 0.0
7.75 6.625 0.0
8.25 6.625 0.0
8.75 6.625 0.0
0.25 6.875 6804894.930425216
0.75 6.875 6441404.2302049035
1.25 6.875 6670803.292570949
1.75 6.875 5445447.497960223
2.25 6.875 6029450.701124138
2.75 6.875 4629664.016120294
3.25 6.875 3349398.901980867
3.75 6.875 3311159.344559703
4.25 6.875 1854715.9949963058
4.75 6.875 1437372.796233366
5.25 6.875 775298.4723292243
5.75 6.875 433297.3016451382
6.25 6.875 165835.91851110943
6.75 6.875 32591.442837002338
7.25 6.875 0.0
7.75 6.875 0.0
8.25 6.875 0.0
8.75 6.875 0.0
0.25 7.125 5163793.014841865
0.75 7.125 5411208.835353402
1.25 7.125 5323788.820102271
1.75 7.125 4700128.223854186
2.25 7.125 4632903.003585804
2.75 7.125 4075626.6523750797
3.25 7.125 2854510.9523801263
3.75 7.125 2145070.6607157225
4.25 7.125 1667512.8531601469
4.75 7.125 1048698.1459537097
5.25 7.125 575431.2271171771
5.75 7.125 494947.6895259239
6.25 7.125 94073.80955093022
6.75 7.125 23385.88919316301
7.25 7.125 0.0
7.75 7.125 0.0
8.25 7.125 0.0
8.75 7.125 0.0
0.25 7.375 4334083.492771003
0.75 7.375 4819291.864056029
1.25 7.375 4244012.181547017
1.75 7.375 4209681.475091886
2.25 7.375 3442291.439446288
2.75 7.375 3117184.426575957
3.25 7.375 2321641.3264972586
3.75 7.375 2035658.351846902
4.25 7.375 1284955.9189945215
4.75 7.375 1066314.448892183
5.25 7.375 401013.1926860833
5.75 7.375 217185.35865365848
6.25 7.375 51399.32841888939
6.75 7.375 0.0
7.25 7.375 0.0
7.75 7.375 0.0
8.25 7.375 0.0
8.75 7.375 0.0
0.25 7.625 4094596.7942013256
0.75 7.625 4545435.515440669
1.25 7.625 4295979.404870122
1.75 7.625 4010523.2635558303
2.25 7.625 2963452.8174314797
2.75 7.625 2415801.7879749904
3.25 7.625 2111214.366385664
3.75 7.625 1831047.9182381195
4.25 7.625 1325892.7784400808
4.75 7.625 651318.2536555416
5.25 7.625 297183.41207680746
5.75 7.625 230535.38688405868
6.25 7.625 64940.03340577073
6.75 7.625 0.0
7.25 7.625 0.0
7.75 7.625 0.0
8.25 7.625 0.0
8.75 7.625 0.0
0.25 7.875 3099601.2558988538
0.75 7.875 3764359.4019753993
1.25 7.875 3561831.4973988994
1.75 7.875 3434654.401308173
2.25 7.875 3038683.4041883643
2.75 7.875 2738909.372289405
3.25 7.875 1866889.8051789235
3.75 7.875 1355776.610570373
4.25 7.875 1534695.2403883962
4.75 7.875 929290.2112086685
5.25 7.875 356518.77966408525
5.75 7.875 139403.0630672332
6.25 7.875 52143.89970107311
6.75 7.875 0.0
7.25 7.875 0.0
7.75 7.875 0.0
8.25 7.875 0.0
8.75 7.875 0.0
0.25 8.125 3161367.2833415903
0.75 8.125 3167544.174945292
1.25 8.125 3015392.4368117913
1.75 8.125 2881558.8598096096
2.25 8.125 2742222.2028689464
2.75 8.125 1648549.9993559548
3.25 8.125 2022913.5680708175
3.75 8.125 1482919.7107070829
4.25 8.125 1059421.0494232923
4.75 8.125 566648.3374919448
5.25 8.125 466796.8062424116
5.75 8.125 146811.03978029723
6.25 8.125 6047.048439794653
6.75 8.125 0.0
7.25 8.125 0.0
7.75 8.125 0.0
8.25 8.125 0.0
8.75 8.125 0.0
0.25 8.375 2680215.524893205
0.75 8.375 3065636.2476611524
1.25 8.375 2307554.8786189896
1.75 8.375 2186703.676184554
2.25 8.375 2476540.7175005656
2.75 8.375 1895012.0437644392
3.25 8.375 1557074.6487630748
3.75 8.375 1318063.3686759882
4.25 8.375 889844.8992852938
4.75 8.375 504984.7902355067
5.25 8.375 297355.0982626452
5.75 8.375 23718.26167935098
6.25 8.375 37054.92999580583
6.75 8.375 0.0
7.25 8.375 0.0
7.75 8.375 0.0
8.25 8.375 0.0
8.75 8.375 0.0
0.25 8.625 2452540.8211655747
0.75 8.625 2783196.7148173233
1.25 8.625 2807441.668417208
1.75 8.625 2156436.0030444358
2.25 8.625 1582363.2555356664
2.75 8.625 1932775.821380828
3.25 8.625 1129160.2604925255
3.75 8.625 1196850.7282854044
4.25 8.625 723550.0661871532
4.75 8.625 640478.9381768216
5.25 8.625 192078.00500423397
5.75 8.625 100869.98600559543
6.25 8.625 5266.610503472534
6.75 8.625 0.0
7.25 8.625 0.0
7.75 8.625 0.0
8.25 8.625 0.0
8.75 8.625 0.0
0.25 8.875 2205803.207750676
0.75 8.875 2023636.6678316242
1.25 8.875 1962015.2423511487
1.75 8.875 1956999.4728922157
2.25 8.875 2183489.7904860163
2.75 8.875 1724780.6756362
3.25 8.875 1210101.7587548352
3.75 8.875 915443.301631462
4.25 8.875 807503.4073500131
4.75 8.875 424385.3951463588
5.25 8.875 108019.31596237395
5.75 8.875 58121.41172456605
6.25 8.875 0.0
6.75 8.875 0.0
7.25 8.875 0.0
7.75 8.875 0.0
8.25 8.875 0.0
8.75 8.875 0.0
0.25 9.125 2228943.699640086
0.75 9.125 1978401.686093684
1.25 9.125 1689881.8785717294
1.75 9.125 1838693.0282115417
2.25 9.125 1705903.0448505871
2.75 9.125 1370952.8460074791
3.25 9.125 986948.421951307
3.75 9.125 874102.0593736843
4.25 9.125 724831.9238618335
4.75 9.125 298880.3906071161
5.25 9.125 205032.9230732262
5.75 9.125 27375.36730873814
6.25 9.125 31209.827126181226
6.75 9.125 0.0
7.25 9.125 0.0
7.75 9.125 0.0
8.25 9.125 0.0
8.75 9.125 0.0
0.25 9.375 1764945.3901019585
0.75 9.375 1891214.6942740083
1.25 9.375 1924526.5654024414
1.75 9.375 1524678.2646845344
2.25 9.375 1480836.6225644136
2.75 9.375 1181503.1770575263
3.25 9.375 1075482.6201600833
3.75 9.375 873948.7326731889
4.25 9.375 358719.3054855271
4.75 9.375 341304.8250873484
5.25 9.375 177946.6398241027
5.75 9.375 99643.1301548744
6.25 9.375 0.0
6.75 9.375 0.0
7.25 9.375 0.0
7.75 9.375 0.0
8.25 9.375 0.0
8.75 9.375 0.0
0.25 9.625 1304020.7383425229
0.75 9.625 1457955.8699071067
1.25 9.625 1363672.4436575226
1.75 9.625 1662532.7555966708
2.25 9.625 1491729.1324107915
2.75 9.625 989399.0912821359
3.25 9.625 649713.7673558084
3.75 9.625 703250.6441103569
4.25 9.625 317350.0471214314
4.75 9.625 225558.3080329619
5.25 9.625 26833.392208834124
5.75 9.625 75356.27035788691
6.25 9.625 0.0
6.75 9.625 0.0
7.25 9.625 0.0
7.75 9.625 0.0
8.25 9.625 0.0
8.75 9.625 0.0
0.25 9.875 1480181.2283512831
0.75 9.875 1601346.640160356
1.25 9.875 1241544.7820771986
1.75 9.875 1033155.6796085925
2.25 9.875 1052066.631687401
2.75 9.875 966783.2237427691
3.25 9.875 610527.8975284357
3.75 9.875 583179.3917657792
4.25 9.875 319984.4264530526
4.75 9.875 141958.8680678298
5.25 9.875 116935.93627080112
5.75 9.875 13679.444856989521
6.25 9.875 5996.173387657823
6.75 9.875 0.0
7.25 9.875 0.0
7.75 9.875 0.0
8.25 9.875 0.0
8.75 9.875 0.0
0.25 10.125 1255063.1693082154
0.75 10.125 1201293.055418941
1.25 10.125 1334583.1327751793
1.75 10.125 885634.3738363705
2.25 10.125 1220676.9730956324
2.75 10.125 720979.8244083973
3.25 10.125 941835.0071648002
3.75 10.125 541129.3373288349
4.25 10.125 223288.28963350304
4.75 10.125 183057.8784768244
5.25 10.125 96920.18403511356
5.75 10.125 0.0
6.25 10.125 0.0
6.75 10.125 0.0
7.25 10.125 0.0
7.75 10.125 0.0
8.25 10.125 0.0
8.75 10.125 0.0
0.25 10.375 1143964.5045454989
0.75 10.375 832160.8602161597
1.25 10.375 1095556.6637682847
1.75 10.375 1420062.96183131
2.25 10.375 822476.3535809189
2.75 10.375 842638.4119382096
3.25 10.375 374038.933676613
3.75 10.375 397323.0030111382
4.25 10.375 342203.602460456
4.75 10.375 102112.12511997939
5.25 10.375 111246.58713297876
5.75 10.375 22486.996459952057
6.25 10.375 0.0
6.75 10.375 0.0
7.25 10.375 0.0
7.75 10.375 0.0
8.25 10.375 0.0
8.75 10.375 0.0
0.25 10.625 1317577.565967342
0.75 10.625 1063837.4993566375
1.25 10.625 948184.6830870785
1.75 10.625 1099162.0358038987
2.25 10.625 765656.0148518432
2.75 10.625 459943.6606109867
3.25 10.625 357014.42183746345
3.75 10.625 285113.34086679
4.25 10.625 281070.4367293975
4.75 10.625 140519.7287974857
5.25 10.625 66859.37506568016
5.75 10.625 11515.036057936602
6.25 10.625 0.0
6.75 10.625 0.0
7.25 10.625 0.0
7.75 10.625 0.0
8.25 10.625 0.0
8.75 10.625 0.0
0.25 10.875 1265065.9975235343
0.75 10.875 918198.2684788253
1.25 10.875 904383.802753967
1.75 10.875 851530.1106525072
2.25 10.875 608517.9799067524
2.75 10.875 512337.1102880989
3.25 10.875 515340.22315814823
3.75 10.875 289067.4092327891
4.25 10.875 211015.98128699994
4.75 10.875 95566.33383354021
5.25 10.875 40231.36149004462
5.75 10.875 0.0
6.25 10.875 0.0
6.75 10.875 0.0
7.25 10.875 0.0
7.75 10.875 0.0
8.25 10.875 0.0
8.75 10.875 0.0
0.25 11.125 849721.6225270743
0.75 11.125 625493.5051951429
1.25 11.125 777823.4858337358
1.75 11.125 662837.6066451316
2.25 11.125 658574.7553137067
2.75 11.125 418829.08961769217
3.25 11.125 524996.4508544492
3.75 11.125 330095.2076256344
4.25 11.125 227578.24314890197
4.75 11.125 195584.08722131964
5.25 11.125 25137.639071646965
5.75 11.125 0.0
6.25 11.125 0.0
6.75 11.125 0.0
7.25 11.125 0.0
7.75 11.125 0.0
8.25 11.125 0.0
8.75 11.125 0.0
0.25 11.375 647369.1367133696
0.75 11.375 1147129.0290064227
1.25 11.375 744527.3373120525
1.75 11.375 671865.078604891
2.25 11.375 415160.13841997454
2.75 11.375 301708.869274437
3.25 11.375 343456.2761219996
3.75 11.375 333076.45649733965
4.25 11.375 166352.01495594933
4.75 11.375 81457.75515783684
5.25 11.375 0.0
5.75 11.375 52147.86299688167
6.25 11.375 0.0
6.75 11.375 0.0
7.25 11.375 0.0
7.75 11.375 0.0
8.25 11.375 0.0
8.75 11.375 0.0
0.25 11.625 767315.3377642343
0.75 11.625 740160.6290423941
1.25 11.625 1018458.8314504933
1.75 11.625 724128.4047006185
2.25 11.625 561256.4698577056
2.75 11.625 545531.8655692515
3.25 11.625 321601.68092048523
3.75 11.625 234764.59394172998
4.25 11.625 81924.55254830286
4.75 11.625 101581.98572382418
5.25 11.625 23148.330725928572
5.75 11.625 0.0
6.25 11.625 0.0
6.75 11.625 0.0
7.25 11.625 0.0
7.75 11.625 0.0
8.25 11.625 0.0
8.75 11.625 0.0
0.25 11.875 566623.8482252491
0.75 11.875 768237.2417453374
1.25 11.875 949169.7444558837
1.75 11.875 523833.1631337756
2.25 11.875 543325.7838269848
2.75 11.875 300275.2641447519
3.25 11.875 287515.3320529141
3.75 11.875 176773.89737777965
4.25 11.875 114454.17156916005
4.75 11.875 29550.84906822425
5.25 11.875 10599.640332184914
5.75 11.875 0.0
6.25 11.875 0.0
6.75 11.875 0.0
7.25 11.875 0.0
7.75 11.875 0.0
8.25 11.875 0.0
8.75 11.875 0.0
0.25 12.125 875149.9410439641
0.75 12.125 483717.1902376033
1.25 12.125 372882.9264739772
1.75 12.125 585612.9846325304
2.25 12.125 502785.5879788278
2.75 12.125 349379.58707608166
3.25 12.125 467618.6004563529
3.75 12.125 173110.24108807385
4.25 12.125 68017.23659219465
4.75 12.125 30469.10312202774
5.25 12.125 35961.182884511654
5.75 12.125 0.0
6.25 12.125 0.0
6.75 12.125 0.0
7.25 12.125 0.0
7.75 12.125 0.0
8.25 12.125 0.0
8.75 12.125 0.0
0.25 12.375 583819.4010514495
0.75 12.375 521958.8907679121
1.25 12.375 417218.74069012736
1.75 12.375 362561.7483119205
2.25 12.375 318765.54498052195
2.75 12.375 243367.92651292033
3.25 12.375 258795.72020484332
3.75 12.375 127054.25253729317
4.25 12.375 201176.20679303395
4.75 12.375 50160.313947237206
5.25 12.375 51934.622220111836
5.75 12.375 0.0
6.25 12.375 0.0
6.75 12.375 0.0
7.25 12.375 0.0
7.75 12.375 0.0
8.25 12.375 0.0
8.75 12.375 0.0
0.25 12.625 413588.86288047634
0.75 12.625 333314.9741190746
1.25 12.625 514193.81362632854
1.75 12.625 420594.72817545466
2.25 12.625 472244.4719438338
2.75 12.625 332501.6525599696
3.25 12.625 294550.9217169723
3.75 12.625 239526.1454334586
4.25 12.625 113355.49513844661
4.75 12.625 30792.676702002307
5.25 12.625 0.0
5.75 12.625 0.0
6.25 12.625 0.0
6.75 12.625 0.0
7.25 12.625 0.0
7.75 12.625 0.0
8.25 12.625 0.0
8.75 12.625 0.0
0.25 12.875 417427.8176222018
0.75 12.875 801358.9827902401
1.25 12.875 527888.8372283998
1.75 12.875 240593.15242185502
2.25 12.875 280035.57812633406
2.75 12.875 590116.1623384292
3.25 12.875 226922.40719591323
3.75 12.875 241713.28863695078
4.25 12.875 119056.55803690082
4.75 12.875 38143.82421331396
5.25 12.875 27244.349933396876
5.75 12.875 29056.504884245787
6.25 12.875 0.0
6.75 12.875 0.0
7.25 12.875 0.0
7.75 12.875 0.0
8.25 12.875 0.0
8.75 12.875 0.0
0.25 13.125 321301.21348785196
0.75 13.125 545239.7725974688
1.25 13.125 680346.9151776917
1.75 13.125 203635.8352131062
2.25 13.125 392758.5576391213
2.75 13.125 345295.3168244136
3.25 13.125 166399.69555591332
3.75 13.125 199666.20493541937
4.25 13.125 0.0
4.75 13.125 27333.063942466957
5.25 13.125 29450.240210423584
5.75 13.125 33231.72709862511
6.25 13.125 0.0
6.75 13.125 0.0
7.25 13.125 0.0
7.75 13.125 0.0
8.25 13.125 0.0
8.75 13.125 0.0
0.25 13.375 455795.20157181565
0.75 13.375 457455.7671339284
1.25 13.375 314117.1388896738
1.75 13.375 287190.41753038514
2.25 13.375 304906.8000515518
2.75 13.375 280822.99744760414
3.25 13.375 113945.83949459878
3.75 13.375 60573.7326764515
4.25 13.375 79896.14670380623
4.75 13.375 64685.331851947805
5.25 13.375 58393.24185511326
5.75 13.375 0.0
6.25 13.375 1888.4611428595801
6.75 13.375 0.0
7.25 13.375 0.0
7.75 13.375 0.0
8.25 13.375 0.0
8.75 13.375 0.0
0.25 13.625 278451.154509825
0.75 13.625 270456.17670224723
1.25 13.625 204186.78641592964
1.75 13.625 269328.14810178307
2.25 13.625 161554.7554234005
2.75 13.625 123321.69290379938
3.25 13.625 183872.01134845763
3.75 13.625 77936.1556039913
4.25 13.625 86235.76026922278
4.75 13.625 27462.57038282764
5.25 13.625 0.0
5.75 13.625 0.0
6.25 13.625 0.0
6.75 13.625 0.0
7.25 13.625 0.0
7.75 13.625 0.0
8.25 13.625 0.0
8.75 13.625 0.0
0.25 13.875 451047.2526173836
0.75 13.875 232605.92893823603
1.25 13.875 543777.4431741306
1.75 13.875 202755.0025994147
2.25 13.875 83887.43617015283
2.75 13.875 198723.46340530558
3.25 13.875 186822.96057762462
3.75 13.875 17727.13874804128
4.25 13.875 56921.19897132079
4.75 13.875 62072.31447394423
5.25 13.875 38285.85660012962
5.75 13.875 0.0
6.25 13.875 0.0
6.75 13.875 0.0
7.25 13.875 0.0
7.75 13.875 0.0
8.25 13.875 0.0
8.75 13.875 0.0
0.25 14.125 261394.41808295524
0.75 14.125 346715.9461673497
1.25 14.125 272474.8054661419
1.75 14.125 228581.01804744784
2.25 14.125 248575.65008787866
2.75 14.125 109566.82364872469
3.25 14.125 110797.59131134233
3.75 14.125 146850.30213655997
4.25 14.125 0.0
4.75 14.125 13085.754802197383
5.25 14.125 4628.892619893068
5.75 14.125 25561.845951234023
6.25 14.125 0.0
6.75 14.125 0.0
7.25 14.125 0.0
7.75 14.125 0.0
8.25 14.125 0.0
8.75 14.125 0.0
0.25 14.375 90873.18962385115
0.75 14.375 269356.4789367173
1.25 14.375 191926.5661555827
1.75 14.375 145612.6651001025
2.25 14.375 250565.46688217157
2.75 14.375 233455.14644675126
3.25 14.375 127528.36920493403
3.75 14.375 65512.90911731289
4.25 14.375 40372.61416636823
4.75 14.375 85609.61095543898
5.25 14.375 5571.082924190379
5.75 14.375 0.0
6.25 14.375 0.0
6.75 14.375 0.0
7.25 14.375 0.0
7.75 14.375 0.0
8.25 14.375 0.0
8.75 14.375 0.0
0.25 14.625 189397.81263940065
0.75 14.625 367400.3825310358
1.25 14.625 136163.9719194038
1.75 14.625 199965.52949863384
2.25 14.625 209624.32027770625
2.75 14.625 137991.26154431095
3.25 14.625 47803.74816403928
3.75 14.625 66935.01690732228
4.25 14.625 9294.180555684565
4.75 14.625 0.0
5.25 14.625 0.0
5.75 14.625 0.0
6.25 14.625 0.0
6.75 14.625 0.0
7.25 14.625 0.0
7.75 14.625 0.0
8.25 14.625 0.0
8.75 14.625 0.0
0.25 14.875 125196.33872593072
0.75 14.875 294112.1144782172
1.25 14.875 201736.83723678463
1.75 14.875 248710.06591447466
2.25 14.875 321930.9014000586
2.75 14.875 90938.91793274459
3.25 14.875 235683.70064784365
3.75 14.875 55760.497417981984
4.25 14.875 90122.11824917246
4.75 14.875 0.0
5.25 14.875 0.0
5.75 14.875 0.0
6.25 14.875 0.0
6.75 14.875 0.0
7.25 14.875 0.0
7.75 14.875 0.0
8.25 14.875 0.0
8.75 14.875 0.0
0.25 15.125 231887.6332591455
0.75 15.125 294942.258838893
1.25 15.125 128314.95587481603
1.75 15.125 299936.4933848268
2.25 15.125 108180.74792217017
2.75 15.125 169170.62782182702
3.25 15.125 125311.20669361501
3.75 15.125 0.0
4.25 15.125 0.0
4.75 15.125 12576.494863785894
5.25 15.125 7686.836781207839
5.75 15.125 0.0
6.25 15.125 0.0
6.75 15.125 0.0
7.25 15.125 0.0
7.75 15.125 0.0
8.25 15.125 0.0
8.75 15.125 0.0
0.25 15.375 189344.03241432126
0.75 15.375 149020.47803797378
1.25 15.375 188227.17388021975
1.75 15.375 218556.98323219488
2.25 15.375 214115.1473452122
2.75 15.375 221238.36262617286
3.25 15.375 63207.513522769186
3.75 15.375 72007.14335627427
4.25 15.375 86675.6085958054
4.75 15.375 0.0
5.25 15.375 10853.675267818982
5.75 15.375 0.0
6.25 15.375 0.0
6.75 15.375 0.0
7.25 15.375 0.0
7.75 15.375 0.0
8.25 15.375 0.0
8.75 15.375 0.0
0.25 15.625 462488.4052851172
0.75 15.625 166359.79428103942
1.25 15.625 174897.15766663256
1.75 15.625 134448.46235122313
2.25 15.625 69491.24531088686
2.75 15.625 149212.24327934056
3.25 15.625 151275.3006536936
3.75 15.625 49409.8979426068
4.25 15.625 39907.357486477464
4.75 15.625 0.0
5.25 15.625 6886.9766006590535
5.75 15.625 0.0
6.25 15.625 0.0
6.75 15.625 0.0
7.25 15.625 0.0
7.75 15.625 0.0
8.25 15.625 0.0
8.75 15.625 0.0
0.25 15.875 193739.5464513924
0.75 15.875 314257.37688163324
1.25 15.875 59369.84036028086
1.75 15.875 222391.486973867
2.25 15.875 139162.42370684005
2.75 15.875 127277.89055440716
3.25 15.875 162711.4471978936
3.75 15.875 78172.18290334023
4.25 15.875 26637.540153037346
4.75 15.875 11675.308460637916
5.25 15.875 0.0
5.75 15.875 0.0
6.25 15.875 0.0
6.75 15.875 0.0
7.25 15.875 0.0
7.75 15.875 0.0
8.25 15.875 0.0
8.75 15.875 0.0
0.25 16.125 110645.39298580254
0.75 16.125 262138.4947440219
1.25 16.125 54385.32842711195
1.75 16.125 91847.73799935849
2.25 16.125 86826.15244022309
2.75 16.125 30981.80122243192
3.25 16.125 0.0
3.75 16.125 98218.45060590626
4.25 16.125 11957.364989449594
4.75 16.125 51144.23853204371
5.25 16.125 4294.559276734085
5.75 16.125 0.0
6.25 16.125 0.0
6.75 16.125 0.0
7.25 16.125 0.0
7.75 16.125 0.0
8.25 16.125 0.0
8.75 16.125 0.0
0.25 16.375 103161.46776366967
0.75 16.375 134095.15489952528
1.25 16.375 254095.26889867574
1.75 16.375 88206.04892580336
2.25 16.375 113741.88060918413
2.75 16.375 71150.15751997982
3.25 16.375 65984.23093564271
3.75 16.375 0.0
4.25 16.375 92576.4550873926
4.75 16.375 27326.91836575002
5.25 16.375 0.0
5.75 16.375 0.0
6.25 16.375 0.0
6.75 16.375 0.0
7.25 16.375 0.0
7.75 16.375 0.0
8.25 16.375 0.0
8.75 16.375 0.0
0.25 16.625 156476.981160486
0.75 16.625 107320.99739561301
1.25 16.625 238067.61886514496
1.75 16.625 119480.46060968499
2.25 16.625 0.0
2.75 16.625 46015.78580916857
3.25 16.625 0.0
3.75 16.625 0.0
4.25 16.625 0.0
4.75 16.625 0.0
5.25 16.625 0.0
5.75 16.625 0.0
6.25 16.625 0.0
6.75 16.625 0.0
7.25 16.625 0.0
7.75 16.625 0.0
8.25 16.625 0.0
8.75 16.625 0.0
0.25 16.875 412479.1051301496
0.75 16.875 40754.54264000281
1.25 16.875 222278.829195209
1.75 16.875 46679.181365895325
2.25 16.875 168312.17289459927
2.75 16.875 0.0
3.25 16.875 117733.10813792405
3.75 16.875 48296.72220470867
4.25 16.875 0.0
4.75 16.875 0.0
5.25 16.875 0.0
5.75 16.875 0.0
6.25 16.875 0.0
6.75 16.875 0.0
7.25 16.875 0.0
7.75 16.875 0.0
8.25 16.875 0.0
8.75 16.875 0.0
0.25 17.125 126193.6992136825
0.75 17.125 221002.07637500556
1.25 17.125 26354.088200868977
1.75 17.125 148085.10844691697
2.25 17.125 86831.57073347649
2.75 17.125 41053.37350231276
3.25 17.125 73697.38311658539
3.75 17.125 108468.1521463762
4.25 17.125 7402.473857193395
4.75 17.125 0.0
5.25 17.125 0.0
5.75 17.125 0.0
6.25 17.125 0.0
6.75 17.125 0.0
7.25 17.125 0.0
7.75 17.125 0.0
8.25 17.125 0.0
8.75 17.125 0.0
0.25 17.375 23082.89288061954
0.75 17.375 86966.53153719915
1.25 17.375 134897.30799990753
1.75 17.375 105923.90996265401
2.25 17.375 65786.93932518477
2.75 17.375 138166.11225938294
3.25 17.375 0.0
3.75 17.375 10197.677022919099
4.25 17.375 0.0
4.75 17.375 15735.83999910613
5.25 17.375 5123.202164999129
5.75 17.375 0.0
6.25 17.375 0.0
6.75 17.375 0.0
7.25 17.375 0.0
7.75 17.375 0.0
8.25 17.375 0.0
8.75 17.375 0.0
0.25 17.625 27673.05621928124
0.75 17.625 119780.78847034829
1.25 17.625 91992.91079001751
1.75 17.625 19967.870858084796
2.25 17.625 74677.48237800853
2.75 17.625 79559.2394588944
3.25 17.625 50936.84446972045
3.75 17.625 33415.05000001887
4.25 17.625 32518.218989101246
4.75 17.625 0.0
5.25 17.625 28754.987649247374
5.75 17.625 0.0
6.25 17.625 0.0
6.75 17.625 0.0
7.25 17.625 0.0
7.75 17.625 0.0
8.25 17.625 0.0
8.75 17.625 0.0
0.25 17.875 153705.60330973563
0.75 17.875 128027.20104658596
1.25 17.875 143832.32638853742
1.75 17.875 14094.124732047718
2.25 17.875 63606.0634889618
2.75 17.875 84512.72557809454
3.25 17.875 68898.5277085173
3.75 17.875 0.0
4.25 17.875 0.0
4.75 17.875 0.0
5.25 17.875 0.0
5.75 17.875 0.0
6.25 17.875 0.0
6.75 17.875 0.0
7.25 17.875 0.0
7.75 17.875 0.0
8.25 17.875 0.0
8.75 17.875 0.0
0.25 18.125 130426.93678470711
0.75 18.125 101168.96588012678
1.25 18.125 55631.60933638749
1.75 18.125 108500.36878162783
2.25 18.125 27373.422154173935
2.75 18.125 75647.01105755262
3.25 18.125 0.0
3.75 18.125 52929.45636222104
4.25 18.125 34626.036812122366
4.75 18.125 0.0
5.25 18.125 0.0
5.75 18.125 0.0
6.25 18.125 0.0
6.75 18.125 0.0
7.25 18.125 0.0
7.75 18.125 0.0
8.25 18.125 0.0
8.75 18.125 0.0
0.25 18.375 21728.355612024825
0.75 18.375 173845.6992629743
1.25 18.375 94197.58286018195
1.75 18.375 132684.3890212785
2.25 18.375 55685.6153215104
2.75 18.375 33415.05000001887
3.25 18.375 26604.88288131516
3.75 18.375 45964.588259318494
4.25 18.375 0.0
4.75 18.375 0.0
5.25 18.375 0.0
5.75 18.375 0.0
6.25 18.375 0.0
6.75 18.375 0.0
7.25 18.375 0.0
7.75 18.375 0.0
8.25 18.375 0.0
8.75 18.375 0.0
0.25 18.625 33415.05000001887
0.75 18.625 152904.37725692496
1.25 18.625 70590.76657457997
1.75 18.625 79082.15714615546
2.25 18.625 13694.055520956748
2.75 18.625 43594.143758145634
3.25 18.625 0.0
3.75 18.625 0.0
4.25 18.625 0.0
4.75 18.625 33634.50162378655
5.25 18.625 0.0
5.75 18.625 0.0
6.25 18.625 0.0
6.75 18.625 0.0
7.25 18.625 0.0
7.75 18.625 0.0
8.25 18.625 0.0
8.75 18.625 0.0
0.25 18.875 137700.7532218173
0.75 18.875 35185.47869279913
1.25 18.875 84111.48940812235
1.75 18.875 34088.5690440651
2.25 18.875 27805.07920300241
2.75 18.875 18637.183977537734
3.25 18.875 0.0
3.75 18.875 35648.05217032761
4.25 18.875 0.0
4.75 18.875 0.0
5.25 18.875 0.0
5.75 18.875 0.0
6.25 18.875 0.0
6.75 18.875 0.0
7.25 18.875 0.0
7.75 18.875 0.0
8.25 18.875 0.0
8.75 18.875 0.0
0.25 19.125 142758.15995194172
0.75 19.125 39086.4228875747
1.25 19.125 45114.129340034335
1.75 19.125 37205.50175031549
2.25 19.125 91777.20310269001
2.75 19.125 20670.78014530314
3.25 19.125 108476.2878818636
3.75 19.125 0.0
4.25 19.125 19531.27245040226
4.75 19.125 0.0
5.25 19.125 0.0
5.75 19.125 0.0
6.25 19.125 0.0
6.75 19.125 0.0
7.25 19.125 0.0
7.75 19.125 0.0
8.25 19.125 0.0
8.75 19.125 0.0
0.25 19.375 83093.09684315212
0.75 19.375 171437.14407234677
1.25 19.375 57043.872459074686
1.75 19.375 29463.78949866249
2.25 19.375 94885.17337253591
2.75 19.375 65015.39523564471
3.25 19.375 32056.91989144235
3.75 19.375 0.0
4.25 19.375 51427.49052292951
4.75 19.375 0.0
5.25 19.375 0.0
5.75 19.375 0.0
6.25 19.375 0.0
6.75 19.375 0.0
7.25 19.375 0.0
7.75 19.375 0.0
8.25 19.375 0.0
8.75 19.375 0.0
0.25 19.625 31438.779222004454
0.75 19.625 136617.62688273916
1.25 19.625 82527.62921996308
1.75 19.625 40430.87385804679
2.25 19.625 47206.25083934371
2.75 19.625 0.0
3.25 19.625 0.0
3.75 19.625 68880.45558388197
4.25 19.625 27548.425271205128
4.75 19.625 0.0
5.25 19.625 0.0
5.75 19.625 0.0
6.25 19.625 0.0
6.75 19.625 0.0
7.25 19.625 0.0
7.75 19.625 0.0
8.25 19.625 0.0
8.75 19.625 0.0
0.25 19.875 27316.86274509986
0.75 19.875 54729.64427386034
1.25 19.875 105647.63725902156
1.75 19.875 26578.01509014087
2.25 19.875 48738.15884301257
2.75 19.875 0.0
3.25 19.875 0.0
3.75 19.875 46047.190284822245
4.25 19.875 31481.868488505457
4.75 19.875 0.0
5.25 19.875 0.0
5.75 19.875 0.0
6.25 19.875 0.0
6.75 19.875 0.0
7.25 19.875 0.0
7.75 19.875 0.0
8.25 19.875 0.0
8.75 19.875 0.0
0.25 20.125 55888.60299237576
0.75 20.125 20587.514944540744
1.25 20.125 30059.201838397785
1.75 20.125 97558.19862224685
2.25 20.125 46124.14945435802
2.75 20.125 0.0
3.25 20.125 98104.20673922714
3.75 20.125 0.0
4.25 20.125 0.0
4.75 20.125 0.0
5.25 20.125 0.0
5.75 20.125 0.0
6.25 20.125 0.0
6.75 20.125 0.0
7.25 20.125 0.0
7.75 20.125 0.0
8.25 20.125 0.0
8.75 20.125 0.0
0.25 20.375 29292.128157111267
0.75 20.375 35656.98468440643
1.25 20.375 60210.745667319774
1.75 20.375 55816.13631632002
2.25 20.375 42648.23543218584
2.75 20.375 0.0
3.25 20.375 57503.68983627379
3.75 20.375 0.0
4.25 20.375 0.0
4.75 20.375 0.0
5.25 20.375 0.0
5.75 20.375 0.0
6.25 20.375 0.0
6.75 20.375 0.0
7.25 20.375 0.0
7.75 20.375 0.0
8.25 20.375 0.0
8.75 20.375 0.0
0.25 20.625 30767.31406941665
0.75 20.625 106722.3967913706
1.25 20.625 55180.51323742018
1.75 20.625 33857.61714505025
2.25 20.625 0.0
2.75 20.625 65752.93359227484
3.25 20.625 19535.54194855616
3.75 20.625 0.0
4.25 20.625 0.0
4.75 20.625 0.0
5.25 20.625 0.0
5.75 20.625 0.0
6.25 20.625 0.0
6.75 20.625 0.0
7.25 20.625 0.0
7.75 20.625 0.0
8.25 20.625 0.0
8.75 20.625 0.0
0.25 20.875 23707.745761770486
0.75 20.875 33328.09984246703
1.25 20.875 22080.957880232345
1.75 20.875 15426.342760718893
2.25 20.875 0.0
2.75 20.875 21644.85973527114
3.25 20.875 60799.9319318704
3.75 20.875 0.0
4.25 20.875 0.0
4.75 20.875 0.0
5.25 20.875 0.0
5.75 20.875 0.0
6.25 20.875 0.0
6.75 20.875 0.0
7.25 20.875 0.0
7.75 20.875 0.0
8.25 20.875 0.0
8.75 20.875 0.0
0.25 21.125 17687.913041022755
0.75 21.125 97619.17082095328
1.25 21.125 0.0
1.75 21.125 125916.85743445478
2.25 21.125 0.0
2.75 21.125 23382.772018200645
3.25 21.125 0.0
3.75 21.125 0.0
4.25 21.125 0.0
4.75 21.125 0.0
5.25 21.125 0.0
5.75 21.125 0.0
6.25 21.125 0.0
6.75 21.125 0.0
7.25 21.125 0.0
7.75 21.125 0.0
8.25 21.125 0.0
8.75 21.125 0.0
0.25 21.375 166829.43976535695
0.75 21.375 0.0
1.25 21.375 0.0
1.75 21.375 45987.43669951745
2.25 21.375 0.0
2.75 21.375 0.0
3.25 21.375 50109.046435378674
3.75 21.375 0.0
4.25 21.375 0.0
4.75 21.375 0.0
5.25 21.375 0.0
5.75 21.375 0.0
6.25 21.375 0.0
6.75 21.375 0.0
7.25 21.375 0.0
7.75 21.375 0.0
8.25 21.375 0.0
8.75 21.375 0.0
0.25 21.625 12586.935036791978
0.75 21.625 32366.089308850707
1.25 21.625 19811.9171409686
1.75 21.625 26376.205566038057
2.25 21.625 0.0
2.75 21.625 66830.10000003774
3.25 21.625 0.0
3.75 21.625 0.0
4.25 21.625 0.0
4.75 21.625 0.0
5.25 21.625 0.0
5.75 21.625 0.0
6.25 21.625 0.0
6.75 21.625 0.0
7.25 21.625 0.0
7.75 21.625 0.0
8.25 21.625 0.0
8.75 21.625 0.0
0.25 21.875 81414.81015045276
0.75 21.875 0.0
1.25 21.875 51447.03581421083
1.75 21.875 43163.59048213649
2.25 21.875 28324.33286346348
2.75 21.875 56015.079808291346
3.25 21.875 0.0
3.75 21.875 0.0
4.25 21.875 0.0
4.75 21.875 0.0
5.25 21.875 0.0
5.75 21.875 0.0
6.25 21.875 0.0
6.75 21.875 0.0
7.25 21.875 0.0
7.75 21.875 0.0
8.25 21.875 0.0
8.75 21.875 0.0
0.25 22.125 56565.752209962695
0.75 22.125 18239.449202301115
1.25 22.125 18943.484597050567
1.75 22.125 21902.499572638048
2.25 22.125 32327.496237278003
2.75 22.125 0.0
3.25 22.125 0.0
3.75 22.125 0.0
4.25 22.125 0.0
4.75 22.125 38991.82580013201
5.25 22.125 0.0
5.75 22.125 0.0
6.25 22.125 0.0
6.75 22.125 0.0
7.25 22.125 0.0
7.75 22.125 0.0
8.25 22.125 0.0
8.75 22.125 0.0
0.25 22.375 71802.71620014883
0.75 22.375 32008.58990017843
1.25 22.375 63704.60169098258
1.75 22.375 0.0
2.25 22.375 31154.99654801504
2.75 22.375 15109.80855214328
3.25 22.375 0.0
3.75 22.375 0.0
4.25 22.375 0.0
4.75 22.375 0.0
5.25 22.375 0.0
5.75 22.375 0.0
6.25 22.375 0.0
6.75 22.375 0.0
7.25 22.375 0.0
7.75 22.375 0.0
8.25 22.375 0.0
8.75 22.375 0.0
0.25 22.625 150907.16296008517
0.75 22.625 33892.178961759564
1.25 22.625 0.0
1.75 22.625 0.0
2.25 22.625 0.0
2.75 22.625 0.0
3.25 22.625 10045.484340559799
3.75 22.625 56123.57020552262
4.25 22.625 0.0
4.75 22.625 0.0
5.25 22.625 0.0
5.75 22.625 0.0
6.25 22.625 0.0
6.75 22.625 0.0
7.25 22.625 0.0
7.75 22.625 0.0
8.25 22.625 0.0
8.75 22.625 0.0
0.25 22.875 0.0
0.75 22.875 22437.493316862558
1.25 22.875 39411.18763325749
1.75 22.875 27479.6085831564
2.25 22.875 0.0
2.75 22.875 29151.17275662931
3.25 22.875 21564.54863916818
3.75 22.875 52640.26391916635
4.25 22.875 0.0
4.75 22.875 0.0
5.25 22.875 0.0
5.75 22.875 0.0
6.25 22.875 0.0
6.75 22.875 0.0
7.25 22.875 0.0
7.75 22.875 0.0
8.25 22.875 0.0
8.75 22.875 0.0
0.25 23.125 69462.72679857477
0.75 23.125 33415.05000001887
1.25 23.125 0.0
1.75 23.125 29201.996373107173
2.25 23.125 33415.05000001887
2.75 23.125 0.0
3.25 23.125 16508.58001263587
3.75 23.125 12245.29678086669
4.25 23.125 0.0
4.75 23.125 0.0
5.25 23.125 0.0
5.75 23.125 0.0
6.25 23.125 0.0
6.75 23.125 0.0
7.25 23.125 0.0
7.75 23.125 0.0
8.25 23.125 0.0
8.75 23.125 0.0
0.25 23.375 12480.61798557194
0.75 23.375 130754.54944960315
1.25 23.375 33415.05000001887
1.75 23.375 0.0
2.25 23.375 0.0
2.75 23.375 15924.010181729349
3.25 23.375 12506.78212561875
3.75 23.375 0.0
4.25 23.375 0.0
4.75 23.375 0.0
5.25 23.375 0.0
5.75 23.375 0.0
6.25 23.375 0.0
6.75 23.375 0.0
7.25 23.375 0.0
7.75 23.375 0.0
8.25 23.375 0.0
8.75 23.375 0.0
0.25 23.625 0.0
0.75 23.625 0.0
1.25 23.625 0.0
1.75 23.625 32188.28216925047
2.25 23.625 21993.422823056353
2.75 23.625 0.0
3.25 23.625 15459.678461410682
3.75 23.625 0.0
4.25 23.625 0.0
4.75 23.625 0.0
5.25 23.625 0.0
5.75 23.625 0.0
6.25 23.625 0.0
6.75 23.625 0.0
7.25 23.625 0.0
7.75 23.625 0.0
8.25 23.625 0.0
8.75 23.625 0.0
0.25 23.875 44851.658557305556
0.75 23.875 153084.59072187493
1.25 23.875 59623.2631348978
1.75 23.875 0.0
2.25 23.875 0.0
2.75 23.875 33415.05000001887
3.25 23.875 0.0
3.75 23.875 0.0
4.25 23.875 0.0
4.75 23.875 0.0
5.25 23.875 0.0
5.75 23.875 0.0
6.25 23.875 0.0
6.75 23.875 0.0
7.25 23.875 0.0
7.75 23.875 0.0
8.25 23.875 0.0
8.75 23.875 0.0
0.25 24.125 0.0
0.75 24.125 33415.05000001887
1.25 24.125 0.0
1.75 24.125 27149.902903687966
2.25 24.125 13534.602777856799
2.75 24.125 23951.315581291627
3.25 24.125 0.0
3.75 24.125 0.0
4.25 24.125 0.0
4.75 24.125 0.0
5.25 24.125 0.0
5.75 24.125 0.0
6.25 24.125 0.0
6.75 24.125 0.0
7.25 24.125 0.0
7.75 24.125 0.0
8.25 24.125 0.0
8.75 24.125 0.0
0.25 24.375 66830.10000003774
0.75 24.375 0.0
1.25 24.375 33415.05000001887
1.75 24.375 0.0
2.25 24.375 0.0
2.75 24.375 0.0
3.25 24.375 0.0
3.75 24.375 0.0
4.25 24.375 0.0
4.75 24.375 0.0
5.25 24.375 0.0
5.75 24.375 0.0
6.25 24.375 0.0
6.75 24.375 0.0
7.25 24.375 0.0
7.75 24.375 0.0
8.25 24.375 0.0
8.75 24.375 0.0
0.25 24.625 0.0
0.75 24.625 30929.7926014672
1.25 24.625 27525.122324571796
1.75 24.625 93919.40914852032
2.25 24.625 33415.05000001887
2.75 24.625 0.0
3.25 24.625 15354.123148178043
3.75 24.625 0.0
4.25 24.625 0.0
4.75 24.625 0.0
5.25 24.625 0.0
5.75 24.625 0.0
6.25 24.625 0.0
6.75 24.625 0.0
7.25 24.625 0.0
7.75 24.625 0.0
8.25 24.625 0.0
8.75 24.625 0.0
0.25 24.875 0.0
0.75 24.875 0.0
1.25 24.875 0.0
1.75 24.875 0.0
2.25 24.875 0.0
2.75 24.875 0.0
3.25 24.875 0.0
3.75 24.875 0.0
4.25 24.875 0.0
4.75 24.875 0.0
5.25 24.875 0.0
5.75 24.875 0.0
6.25 24.875 0.0
6.75 24.875 0.0
7.25 24.875 0.0
7.75 24.875 0.0
8.25 24.875 0.0
8.75 24.875 0.0
0.25 25.125 0.0
0.75 25.125 23868.913901661308
1.25 25.125 0.0
1.75 25.125 0.0
2.25 25.125 0.0
2.75 25.125 87664.48691052574
3.25 25.125 0.0
3.75 25.125 0.0
4.25 25.125 0.0
4.75 25.125 0.0
5.25 25.125 0.0
5.75 25.125 0.0
6.25 25.125 0.0
6.75 25.125 0.0
7.25 25.125 0.0
7.75 25.125 0.0
8.25 25.125 0.0
8.75 25.125 0.0
0.25 25.375 33415.05000001887
0.75 25.375 170341.33045168582
1.25 25.375 26457.964230830763
1.75 25.375 0.0
2.25 25.375 0.0
2.75 25.375 14992.703537247346
3.25 25.375 33415.05000001887
3.75 25.375 0.0
4.25 25.375 0.0
4.75 25.375 0.0
5.25 25.375 0.0
5.75 25.375 0.0
6.25 25.375 0.0
6.75 25.375 0.0
7.25 25.375 0.0
7.75 25.375 0.0
8.25 25.375 0.0
8.75 25.375 0.0
0.25 25.625 0.0
0.75 25.625 135105.4247928795
1.25 25.625 0.0
1.75 25.625 0.0
2.25 25.625 0.0
2.75 25.625 0.0
3.25 25.625 20953.769669818827
3.75 25.625 0.0
4.25 25.625 0.0
4.75 25.625 0.0
5.25 25.625 0.0
5.75 25.625 0.0
6.25 25.625 0.0
6.75 25.625 0.0
7.25 25.625 0.0
7.75 25.625 0.0
8.25 25.625 0.0
8.75 25.625 0.0
0.25 25.875 33415.05000001887
0.75 25.875 35310.71549698568
1.25 25.875 0.0
1.75 25.875 0.0
2.25 25.875 0.0
2.75 25.875 0.0
3.25 25.875 0.0
3.75 25.875 0.0
4.25 25.875 0.0
4.75 25.875 0.0
5.25 25.875 0.0
5.75 25.875 0.0
6.25 25.875 0.0
6.75 25.875 0.0
7.25 25.875 0.0
7.75 25.875 0.0
8.25 25.875 0.0
8.75 25.875 0.0
0.25 26.125 49501.22014557575
0.75 26.125 26139.647403188002
1.25 26.125 0.0
1.75 26.125 15100.612274051124
2.25 26.125 40305.484666198136
2.75 26.125 0.0
3.25 26.125 0.0
3.75 26.125 0.0
4.25 26.125 0.0
4.75 26.125 0.0
5.25 26.125 0.0
5.75 26.125 0.0
6.25 26.125 0.0
6.75 26.125 0.0
7.25 26.125 0.0
7.75 26.125 0.0
8.25 26.125 0.0
8.75 26.125 0.0
0.25 26.375 0.0
0.75 26.375 36101.46264002038
1.25 26.375 0.0
1.75 26.375 0.0
2.25 26.375 0.0
2.75 26.375 0.0
3.25 26.375 21335.070643683695
3.75 26.375 0.0
4.25 26.375 0.0
4.75 26.375 0.0
5.25 26.375 0.0
5.75 26.375 0.0
6.25 26.375 0.0
6.75 26.375 0.0
7.25 26.375 0.0
7.75 26.375 0.0
8.25 26.375 0.0
8.75 26.375 0.0
0.25 26.625 33415.05000001887
0.75 26.625 0.0
1.25 26.625 0.0
1.75 26.625 0.0
2.25 26.625 0.0
2.75 26.625 15315.379287121128
3.25 26.625 0.0
3.75 26.625 0.0
4.25 26.625 0.0
4.75 26.625 0.0
5.25 26.625 0.0
5.75 26.625 0.0
6.25 26.625 0.0
6.75 26.625 0.0
7.25 26.625 0.0
7.75 26.625 0.0
8.25 26.625 0.0
8.75 26.625 0.0
0.25 26.875 0.0
0.75 26.875 0.0
1.25 26.875 25682.373520049525
1.75 26.875 33415.05000001887
2.25 26.875 0.0
2.75 26.875 0.0
3.25 26.875 0.0
3.75 26.875 0.0
4.25 26.875 0.0
4.75 26.875 0.0
5.25 26.875 0.0
5.75 26.875 0.0
6.25 26.875 0.0
6.75 26.875 0.0
7.25 26.875 0.0
7.75 26.875 0.0
8.25 26.875 0.0
8.75 26.875 0.0
0.25 27.125 0.0
0.75 27.125 0.0
1.25 27.125 0.0
1.75 27.125 26945.87412024507
2.25 27.125 13840.4330759638
2.75 27.125 0.0
3.25 27.125 13514.20391344013
3.75 27.125 0.0
4.25 27.125 0.0
4.75 27.125 0.0
5.25 27.125 0.0
5.75 27.125 0.0
6.25 27.125 0.0
6.75 27.125 0.0
7.25 27.125 0.0
7.75 27.125 0.0
8.25 27.125 0.0
8.75 27.125 0.0
0.25 27.375 0.0
0.75 27.375 0.0
1.25 27.375 0.0
1.75 27.375 45756.6426901663
2.25 27.375 0.0
2.75 27.375 33415.05000001887
3.25 27.375 0.0
3.75 27.375 0.0
4.25 27.375 0.0
4.75 27.375 0.0
5.25 27.375 0.0
5.75 27.375 0.0
6.25 27.375 0.0
6.75 27.375 0.0
7.25 27.375 0.0
7.75 27.375 0.0
8.25 27.375 0.0
8.75 27.375 0.0
0.25 27.625 60169.295437174376
0.75 27.625 66830.10000003774
1.25 27.625 0.0
1.75 27.625 42378.37615460512
2.25 27.625 0.0
2.75 27.625 0.0
3.25 27.625 0.0
3.75 27.625 0.0
4.25 27.625 0.0
4.75 27.625 0.0
5.25 27.625 0.0
5.75 27.625 0.0
6.25 27.625 0.0
6.75 27.625 0.0
7.25 27.625 0.0
7.75 27.625 0.0
8.25 27.625 0.0
8.75 27.625 0.0
0.25 27.875 0.0
0.75 27.875 0.0
1.25 27.875 17128.66204231719
1.75 27.875 0.0
2.25 27.875 0.0
2.75 27.875 0.0
3.25 27.875 0.0
3.75 27.875 0.0
4.25 27.875 0.0
4.75 27.875 0.0
5.25 27.875 0.0
5.75 27.875 0.0
6.25 27.875 0.0
6.75 27.875 0.0
7.25 27.875 0.0
7.75 27.875 0.0
8.25 27.875 0.0
8.75 27.875 0.0
0.25 28.125 0.0
0.75 28.125 0.0
1.25 28.125 0.0
1.75 28.125 16300.860278456335
2.25 28.125 0.0
2.75 28.125 0.0
3.25 28.125 0.0
3.75 28.125 0.0
4.25 28.125 0.0
4.75 28.125 0.0
5.25 28.125 0.0
5.75 28.125 0.0
6.25 28.125 0.0
6.75 28.125 0.0
7.25 28.125 0.0
7.75 28.125 0.0
8.25 28.125 0.0
8.75 28.125 0.0
0.25 28.375 0.0
0.75 28.375 61143.323052389904
1.25 28.375 0.0
1.75 28.375 0.0
2.25 28.375 0.0
2.75 28.375 16143.872948481137
3.25 28.375 0.0
3.75 28.375 0.0
4.25 28.375 0.0
4.75 28.375 0.0
5.25 28.375 0.0
5.75 28.375 0.0
6.25 28.375 0.0
6.75 28.375 0.0
7.25 28.375 0.0
7.75 28.375 0.0
8.25 28.375 0.0
8.75 28.375 0.0
0.25 28.625 0.0
0.75 28.625 0.0
1.25 28.625 0.0
1.75 28.625 0.0
2.25 28.625 27660.359060143004
2.75 28.625 84362.8471200476
3.25 28.625 0.0
3.75 28.625 0.0
4.25 28.625 0.0
4.75 28.625 0.0
5.25 28.625 0.0
5.75 28.625 0.0
6.25 28.625 0.0
6.75 28.625 0.0
7.25 28.625 0.0
7.75 28.625 0.0
8.25 28.625 0.0
8.75 28.625 0.0
0.25 28.875 0.0
0.75 28.875 0.0
1.25 28.875 0.0
1.75 28.875 0.0
2.25 28.875 0.0
2.75 28.875 0.0
3.25 28.875 31545.679042320575
3.75 28.875 0.0
4.25 28.875 0.0
4.75 28.875 0.0
5.25 28.875 0.0
5.75 28.875 0.0
6.25 28.875 0.0
6.75 28.875 0.0
7.25 28.875 0.0
7.75 28.875 0.0
8.25 28.875 0.0
8.75 28.875 0.0
0.25 29.125 33415.05000001887
0.75 29.125 0.0
1.25 29.125 0.0
1.75 29.125 0.0
2.25 29.125 0.0
2.75 29.125 0.0
3.25 29.125 0.0
3.75 29.125 0.0
4.25 29.125 0.0
4.75 29.125 0.0
5.25 29.125 0.0
5.75 29.125 0.0
6.25 29.125 0.0
6.75 29.125 0.0
7.25 29.125 0.0
7.75 29.125 0.0
8.25 29.125 0.0
8.75 29.125 0.0
0.25 29.375 0.0
0.75 29.375 33415.05000001887
1.25 29.375 75785.38353052502
1.75 29.375 0.0
2.25 29.375 0.0
2.75 29.375 0.0
3.25 29.375 0.0
3.75 29.375 0.0
4.25 29.375 0.0
4.75 29.375 0.0
5.25 29.375 0.0
5.75 29.375 0.0
6.25 29.375 0.0
6.75 29.375 0.0
7.25 29.375 0.0
7.75 29.375 0.0
8.25 29.375 0.0
8.75 29.375 0.0
0.25 29.625 0.0
0.75 29.625 0.0
1.25 29.625 28395.56413534001
1.75 29.625 0.0
2.25 29.625 0.0
2.75 29.625 0.0
3.25 29.625 0.0
3.75 29.625 0.0
4.25 29.625 0.0
4.75 29.625 0.0
5.25 29.625 0.0
5.75 29.625 0.0
6.25 29.625 0.0
6.75 29.625 0.0
7.25 29.625 0.0
7.75 29.625 0.0
8.25 29.625 0.0
8.75 29.625 0.0
0.25 29.875 33415.05000001887
0.75 29.875 0.0
1.25 29.875 0.0
1.75 29.875 0.0
2.25 29.875 47751.6047260674
2.75 29.875 0.0
3.25 29.875 0.0
3.75 29.875 0.0
4.25 29.875 0.0
4.75 29.875 0.0
5.25 29.875 0.0
5.75 29.875 0.0
6.25 29.875 0.0
6.75 29.875 0.0
7.25 29.875 0.0
7.75 29.875 0.0
8.25 29.875 0.0
8.75 29.875 0.0
