11.294627058970837 52.133211464646635
14.219093021276404 422.1788719476118
17.900777537149963 426.215997310296
22.535743732392298 400.17746843948953
28.370820458389794 5719.755468601717
35.71674682851676 5654.13760067139
44.96472020903849 9419.929580074515
56.60722890537329 16295.120363297749
71.26427896022373 18942.865161290458
89.71641173621407 27693.61808831492
112.94627058970838 40330.80620192563
142.1909302127641 43779.305359186605
179.00777537149963 54903.738199776824
225.35743732392305 65310.79774336555
283.7082045838981 62083.833091077744
357.1674682851676 52818.10418453725
449.6472020903849 51714.510210881475
566.0722890537327 54517.90999971627
712.6427896022376 46553.1639817807
897.164117362141 47196.153816062375
1129.4627058970837 37746.79176487203
1421.9093021276408 28729.032767731813
1790.0777537149975 16764.59149024752
2253.5743732392316 8585.923562819138
2837.082045838981 3175.901356039569
3571.674682851676 952.7920952175045
4496.47202090385 204.59109411225654
5660.72289053733 35.33432225615252
7126.427896022379 2.038116057869047
8971.64117362141 0.0
