11.294627058970837 160.6801583263356
14.219093021276404 203.41496779087768
17.900777537149963 3908.416880497124
22.535743732392298 2146.069757134923
28.370820458389794 7343.6085595875575
35.71674682851676 26889.560722437196
44.96472020903849 38163.46980132065
56.60722890537329 61402.844566200976
71.26427896022373 81054.9276130602
89.71641173621407 149062.82438565433
112.94627058970838 154230.6411613603
142.1909302127641 293094.51528800675
179.00777537149963 354637.43231598916
225.35743732392305 450051.7842201737
283.7082045838981 558169.9237387818
357.1674682851676 725151.2088604439
449.6472020903849 840101.3615419371
566.0722890537327 971222.742581802
712.6427896022376 1020610.5148802679
897.164117362141 985116.5000921553
1129.4627058970837 766755.7512963805
1421.9093021276408 544288.370432375
1790.0777537149975 363629.4991328297
2253.5743732392316 190716.85129543766
2837.082045838981 89660.43037621118
3571.674682851676 34798.58597622439
4496.47202090385 7739.5530332401395
5660.72289053733 1326.8304635472596
7126.427896022379 27.680814331397414
8971.64117362141 0.18772419728338718
