0.25 0.125 14383640.616283406
0.75 0.125 14119364.112890096
1.25 0.125 14705748.904231826
1.75 0.125 14167059.339575328
2.25 0.125 14312402.665649038
2.75 0.125 15290396.588929888
3.25 0.125 15946742.209306752
3.75 0.125 15368961.501978178
4.25 0.125 13870752.388291303
4.75 0.125 13382079.276809024
5.25 0.125 11713982.788612934
5.75 0.125 10228987.763123015
6.25 0.125 8840034.08167277
6.75 0.125 7587576.554029078
7.25 0.125 7230896.197135087
7.75 0.125 5961446.834681412
8.25 0.125 6111863.051253837
8.75 0.125 1759514.3086465003
0.25 0.375 40016978.985763766
0.75 0.375 37290513.488983855
1.25 0.375 38810621.721386306
1.75 0.375 39491847.32223687
2.25 0.375 39853865.78986707
2.75 0.375 39934329.38022232
3.25 0.375 40959970.15430128
3.75 0.375 40822700.08191809
4.25 0.375 37829442.75789599
4.75 0.375 34027019.44875147
5.25 0.375 32236003.14327369
5.75 0.375 27095934.075071342
6.25 0.375 22672231.99323765
6.75 0.375 19594962.954712663
7.25 0.375 19209743.683556035
7.75 0.375 16551271.156282993
8.25 0.375 17217416.424351692
8.75 0.375 4100806.0410663905
0.25 0.625 60818021.16628285
0.75 0.625 57732277.74132245
1.25 0.625 57399448.79033741
1.75 0.625 56849427.650299914
2.25 0.625 56941926.49751236
2.75 0.625 56416836.8834879
3.25 0.625 55250874.144777045
3.75 0.625 53517564.40315443
4.25 0.625 52098564.50335609
4.75 0.625 49293488.00135075
5.25 0.625 44735596.16747377
5.75 0.625 37570222.00731276
6.25 0.625 31577277.013134655
6.75 0.625 27391691.823148206
7.25 0.625 27168832.631437108
7.75 0.625 24645284.752938636
8.25 0.625 27079015.217219148
8.75 0.625 4479200.663393316
0.25 0.875 70876627.08059064
0.75 0.875 71243693.69251108
1.25 0.875 71682706.31482954
1.75 0.875 69348153.02566868
2.25 0.875 65116743.83761555
2.75 0.875 66285514.42114122
3.25 0.875 64613196.00610701
3.75 0.875 62649323.61539873
4.25 0.875 58817984.868787885
4.75 0.875 55512529.26176644
5.25 0.875 49463330.11884316
5.75 0.875 41985910.62632991
6.25 0.875 35384066.830303885
6.75 0.875 30872274.80123292
7.25 0.875 30294797.56444465
7.75 0.875 28250655.479765564
8.25 0.875 33472900.44290527
8.75 0.875 3230000.9082964463
0.25 1.125 74214852.78447075
0.75 1.125 76016715.86502834
1.25 1.125 73335585.50073709
1.75 1.125 70650548.78845306
2.25 1.125 71065904.87300768
2.75 1.125 67927437.46994464
3.25 1.125 64869857.41190981
3.75 1.125 63967542.62703876
4.25 1.125 56849525.49492194
4.75 1.125 53313270.82894997
5.25 1.125 46955290.21798578
5.75 1.125 41057689.85273574
6.25 1.125 33988785.0816982
6.75 1.125 29038722.49854907
7.25 1.125 32419143.308528677
7.75 1.125 31656050.139009733
8.25 1.125 34939965.67961014
8.75 1.125 854254.2974867481
0.25 1.375 71590133.41080286
0.75 1.375 72673517.46960904
1.25 1.375 69216705.96117607
1.75 1.375 67188685.92821854
2.25 1.375 63293486.06144289
2.75 1.375 61325005.63782909
3.25 1.375 62112865.700828716
3.75 1.375 55660964.69269996
4.25 1.375 50538958.56939811
4.75 1.375 47522798.542253554
5.25 1.375 39983885.478162
5.75 1.375 33655906.579449505
6.25 1.375 27532323.590350017
6.75 1.375 25480420.508320197
7.25 1.375 27556374.182329655
7.75 1.375 26012359.441038582
8.25 1.375 27361530.027203817
8.75 1.375 15703.339727266879
0.25 1.625 62337102.539917074
0.75 1.625 63161719.97243623
1.25 1.625 62708780.88881725
1.75 1.625 58305328.32588562
2.25 1.625 56716428.919298336
2.75 1.625 52693510.03302062
3.25 1.625 52670095.97264417
3.75 1.625 47602963.53316704
4.25 1.625 43193501.10643422
4.75 1.625 39026450.98316501
5.25 1.625 32076352.62801429
5.75 1.625 26024139.597200006
6.25 1.625 20607120.67167625
6.75 1.625 19258516.12366411
7.25 1.625 22038428.35963094
7.75 1.625 19572856.346187904
8.25 1.625 14981450.202096978
8.75 1.625 0.0
0.25 1.875 53923274.511238106
0.75 1.875 53357195.779563196
1.25 1.875 51990794.201759465
1.75 1.875 48326309.389306396
2.25 1.875 47182990.989853255
2.75 1.875 43103941.866107255
3.25 1.875 42594516.06381343
3.75 1.875 38484428.703883104
4.25 1.875 32898250.10615385
4.75 1.875 28978712.81751858
5.25 1.875 23747769.227369267
5.75 1.875 20035615.0028514
6.25 1.875 16236882.5915829
6.75 1.875 12876420.692492029
7.25 1.875 15712181.340664543
7.75 1.875 13086659.69872492
8.25 1.875 6695853.087933928
8.75 1.875 0.0
0.25 2.125 44438411.096360184
0.75 2.125 43194517.1583644
1.25 2.125 42153889.86070722
1.75 2.125 38624596.55440461
2.25 2.125 37285745.263158366
2.75 2.125 35147439.76334373
3.25 2.125 34783173.29778727
3.75 2.125 31300759.119501155
4.25 2.125 26963928.71990157
4.75 2.125 21554888.240807563
5.25 2.125 18341219.80286491
5.75 2.125 14571172.8292507
6.25 2.125 11546843.354405966
6.75 2.125 9163643.312489474
7.25 2.125 9218592.3743531
7.75 2.125 7350156.224563804
8.25 2.125 2707312.567308217
8.75 2.125 0.0
0.25 2.375 35817748.51583218
0.75 2.375 34715861.37040632
1.25 2.375 33100563.26087413
1.75 2.375 32675670.169994306
2.25 2.375 32704561.569892406
2.75 2.375 27642943.751832392
3.25 2.375 26408827.101227358
3.75 2.375 25015506.323452808
4.25 2.375 19716508.737259235
4.75 2.375 17021556.516304642
5.25 2.375 13255700.670456797
5.75 2.375 10096413.73090722
6.25 2.375 7615386.644790427
6.75 2.375 6263057.672315339
7.25 2.375 5903428.36088826
7.75 2.375 4546017.511526633
8.25 2.375 1170199.5241638948
8.75 2.375 0.0
0.25 2.625 27964676.588900805
0.75 2.625 27769218.349036403
1.25 2.625 26419873.985372663
1.75 2.625 25264062.419114806
2.25 2.625 24717358.25323334
2.75 2.625 22462239.290262733
3.25 2.625 20762521.175227113
3.75 2.625 19098708.405281458
4.25 2.625 15891175.89876012
4.75 2.625 12760707.290915456
5.25 2.625 9892031.155713677
5.75 2.625 7248136.786321409
6.25 2.625 5294518.1146128625
6.75 2.625 3972755.3389526163
7.25 2.625 3891865.0584471435
7.75 2.625 2230445.5009451243
8.25 2.625 351719.65660676366
8.75 2.625 0.0
0.25 2.875 23757522.74209869
0.75 2.875 22718623.95835616
1.25 2.875 21647241.510880362
1.75 2.875 20187906.49366544
2.25 2.875 18565260.127218917
2.75 2.875 18492272.383227658
3.25 2.875 16194841.376821347
3.75 2.875 15770774.6062006
4.25 2.875 11910808.729030142
4.75 2.875 9171901.561797734
5.25 2.875 7663005.9333203845
5.75 2.875 5360047.393211856
6.25 2.875 3925864.8193495306
6.75 2.875 2957604.002147695
7.25 2.875 2125149.094213023
7.75 2.875 1031350.5963278944
8.25 2.875 32185.03612730876
8.75 2.875 0.0
0.25 3.125 18751380.831875756
0.75 3.125 18261947.364232972
1.25 3.125 17511622.236337498
1.75 3.125 17843578.34123148
2.25 3.125 15477874.924026428
2.75 3.125 14545406.637325019
3.25 3.125 13241844.9449056
3.75 3.125 12319747.455088492
4.25 3.125 10376490.026202487
4.75 3.125 7526647.06826892
5.25 3.125 5562646.30541874
5.75 3.125 3932572.9945800593
6.25 3.125 2397023.4673201805
6.75 3.125 1696216.1220118087
7.25 3.125 1304654.5857230953
7.75 3.125 583768.5213427212
8.25 3.125 75322.84031319493
8.75 3.125 0.0
0.25 3.375 14589222.396549987
0.75 3.375 15138282.091310516
1.25 3.375 14869478.957603922
1.75 3.375 13901315.356125684
2.25 3.375 13196850.27885477
2.75 3.375 11910049.612032803
3.25 3.375 10826040.877530396
3.75 3.375 9050586.313975394
4.25 3.375 7586329.070977992
4.75 3.375 5248715.407028865
5.25 3.375 4152729.7778198826
5.75 3.375 2722207.5755519182
6.25 3.375 2191264.029093905
6.75 3.375 1210325.261487654
7.25 3.375 737380.0514034186
7.75 3.375 331427.4689874416
8.25 3.375 0.0
8.75 3.375 0.0
0.25 3.625 12391955.469582079
0.75 3.625 12651833.72241907
1.25 3.625 12614330.250617629
1.75 3.625 11281069.150464606
2.25 3.625 11322510.657481527
2.75 3.625 9457505.10702147
3.25 3.625 8746805.78193734
3.75 3.625 7776617.836613093
4.25 3.625 5488587.372397614
4.75 3.625 4481001.622856337
5.25 3.625 3242454.1403386192
5.75 3.625 2287527.847733187
6.25 3.625 1463021.0708450552
6.75 3.625 886125.4757715133
7.25 3.625 400507.1041931022
7.75 3.625 214927.43062495234
8.25 3.625 0.0
8.75 3.625 0.0
0.25 3.875 10460253.011921976
0.75 3.875 10054108.785627265
1.25 3.875 9794666.436805785
1.75 3.875 8997858.213018632
2.25 3.875 8047745.0184602095
2.75 3.875 7195427.049775924
3.25 3.875 6417203.771428196
3.75 3.875 5839033.67608908
4.25 3.875 4460618.992762655
4.75 3.875 3531115.8396803006
5.25 3.875 2604278.9002370494
5.75 3.875 1578460.9590382813
6.25 3.875 845368.1197305734
6.75 3.875 554680.9735529454
7.25 3.875 265501.72839511244
7.75 3.875 4425.863921135844
8.25 3.875 0.0
8.75 3.875 0.0
0.25 4.125 8628160.628796333
0.75 4.125 7749366.601450405
1.25 4.125 7817335.262905546
1.75 4.125 7977543.503765938
2.25 4.125 6926565.264678253
2.75 4.125 6267496.085678388
3.25 4.125 5883048.176304863
3.75 4.125 4291763.634853663
4.25 4.125 3832284.8108385163
4.75 4.125 2500244.8017892977
5.25 4.125 1634610.4586012587
5.75 4.125 1186363.5177594863
6.25 4.125 727698.5082728085
6.75 4.125 331229.3649958843
7.25 4.125 242503.04841310738
7.75 4.125 24748.20658504019
8.25 4.125 0.0
8.75 4.125 0.0
0.25 4.375 7280996.883684389
0.75 4.375 6640120.738021857
1.25 4.375 6276660.374234126
1.75 4.375 5771952.193756896
2.25 4.375 5748873.919345688
2.75 4.375 4843228.345749834
3.25 4.375 4307019.9715722175
3.75 4.375 3845636.3296817634
4.25 4.375 3166031.4004643974
4.75 4.375 2334837.691836574
5.25 4.375 1562920.3120039527
5.75 4.375 1119616.8839950252
6.25 4.375 438217.93028904026
6.75 4.375 210289.46593128165
7.25 4.375 91665.14005073915
7.75 4.375 0.0
8.25 4.375 0.0
8.75 4.375 0.0
0.25 4.625 5667165.591277067
0.75 4.625 6508354.789701541
1.25 4.625 5825591.216385375
1.75 4.625 4960834.040483735
2.25 4.625 4631608.213357479
2.75 4.625 4192127.4267701725
3.25 4.625 3621325.8794267233
3.75 4.625 2729056.6540770256
4.25 4.625 2097117.0797797793
4.75 4.625 1755590.035999021
5.25 4.625 1201867.607903065
5.75 4.625 869759.990300906
6.25 4.625 465428.8080188078
6.75 4.625 192262.03217501004
7.25 4.625 65634.56374934134
7.75 4.625 0.0
8.25 4.625 0.0
8.75 4.625 0.0
0.25 4.875 4921838.858008495
0.75 4.875 4877849.705264991
1.25 4.875 3969657.8359133196
1.75 4.875 3919988.4608728336
2.25 4.875 3970958.6114944555
2.75 4.875 3674315.9069922436
3.25 4.875 2992813.3363201795
3.75 4.875 2795587.2111844877
4.25 4.875 2112633.390958745
4.75 4.875 1302074.1093427981
5.25 4.875 890406.6563867547
5.75 4.875 494387.3403900252
6.25 4.875 403660.082146231
6.75 4.875 72889.69432158454
7.25 4.875 44840.4560349551
7.75 4.875 0.0
8.25 4.875 0.0
8.75 4.875 0.0
0.25 5.125 4268305.41495884
0.75 5.125 4090819.230060212
1.25 5.125 4043721.3806442725
1.75 5.125 3447802.731888503
2.25 5.125 3539483.478918549
2.75 5.125 2828205.150925091
3.25 5.125 2433913.7033979297
3.75 5.125 1562292.4876581128
4.25 5.125 1498378.1464635185
4.75 5.125 893865.7937575309
5.25 5.125 753096.3813381747
5.75 5.125 421989.66271312756
6.25 5.125 143164.25039593785
6.75 5.125 83640.7032860947
7.25 5.125 20456.128021432924
7.75 5.125 0.0
8.25 5.125 0.0
8.75 5.125 0.0
0.25 5.375 3362688.458645191
0.75 5.375 3697978.5918314094
1.25 5.375 3516597.4707136694
1.75 5.375 2605667.446592211
2.25 5.375 2868641.6052670525
2.75 5.375 2602573.9525911366
3.25 5.375 1879565.1981782683
3.75 5.375 2050912.8727632177
4.25 5.375 1442150.483417868
4.75 5.375 978538.0090256154
5.25 5.375 413259.26201602665
5.75 5.375 394853.94904934906
6.25 5.375 225735.69870714136
6.75 5.375 0.0
7.25 5.375 0.0
7.75 5.375 0.0
8.25 5.375 0.0
8.75 5.375 0.0
0.25 5.625 3056200.6936365645
0.75 5.625 3021748.1335891187
1.25 5.625 2509683.1296483274
1.75 5.625 2430889.2125433753
2.25 5.625 1831978.2165149485
2.75 5.625 2287679.062867849
3.25 5.625 1808965.712362684
3.75 5.625 1538404.2118459826
4.25 5.625 1089823.0310313744
4.75 5.625 643433.4363481912
5.25 5.625 385150.11113112787
5.75 5.625 296214.0611315753
6.25 5.625 104996.83496562559
6.75 5.625 5113.457767763628
7.25 5.625 0.0
7.75 5.625 0.0
8.25 5.625 0.0
8.75 5.625 0.0
0.25 5.875 2416383.514520182
0.75 5.875 2705355.0929842596
1.25 5.875 2263781.0985317733
1.75 5.875 2017385.2277917694
2.25 5.875 2140881.524609964
2.75 5.875 1613742.2693903032
3.25 5.875 1258716.0472795868
3.75 5.875 1206566.2818864828
4.25 5.875 708240.5360577917
4.75 5.875 533494.0368921299
5.25 5.875 434618.04305102635
5.75 5.875 179784.2664314221
6.25 5.875 89070.3433831001
6.75 5.875 39391.93715915189
7.25 5.875 0.0
7.75 5.875 0.0
8.25 5.875 0.0
8.75 5.875 0.0
0.25 6.125 2597679.529855434
0.75 6.125 1764120.293062402
1.25 6.125 2224731.7546058223
1.75 6.125 1716929.447895933
2.25 6.125 1783280.0041662923
2.75 6.125 1508147.5351101458
3.25 6.125 1145927.829214704
3.75 6.125 631436.5982961036
4.25 6.125 664877.5108730337
4.75 6.125 425695.58484097
5.25 6.125 194637.23185748083
5.75 6.125 177313.72426680033
6.25 6.125 100471.0910666206
6.75 6.125 10938.140335466851
7.25 6.125 0.0
7.75 6.125 0.0
8.25 6.125 0.0
8.75 6.125 0.0
0.25 6.375 1436400.7821188653
0.75 6.375 1664952.4909201872
1.25 6.375 1619436.5280582276
1.75 6.375 1424257.1310666883
2.25 6.375 1332558.885918756
2.75 6.375 1030355.639365692
3.25 6.375 913209.9576640574
3.75 6.375 699107.7396042142
4.25 6.375 647370.9349774305
4.75 6.375 490854.1599705209
5.25 6.375 245762.8086328413
5.75 6.375 146335.09126759818
6.25 6.375 36061.36813771996
6.75 6.375 0.0
7.25 6.375 0.0
7.75 6.375 0.0
8.25 6.375 0.0
8.75 6.375 0.0
0.25 6.625 1325533.282177027
0.75 6.625 1276455.6728777436
1.25 6.625 1357475.2636820334
1.75 6.625 1057790.0563049307
2.25 6.625 767140.8510601124
2.75 6.625 901424.0426017396
3.25 6.625 788412.7550678137
3.75 6.625 619680.0929942376
4.25 6.625 508440.88675008016
4.75 6.625 320805.5693932169
5.25 6.625 246551.05793658408
5.75 6.625 117994.51271872068
6.25 6.625 13603.253726266516
6.75 6.625 0.0
7.25 6.625 0.0
7.75 6.625 0.0
8.25 6.625 0.0
8.75 6.625 0.0
0.25 6.875 1427815.0915961962
0.75 6.875 1273515.815179388
1.25 6.875 1388165.94628741
1.75 6.875 1124598.7628780436
2.25 6.875 970448.6782729289
2.75 6.875 990051.737732572
3.25 6.875 643226.1201143533
3.75 6.875 458628.824645368
4.25 6.875 608225.7032402656
4.75 6.875 239697.1203862936
5.25 6.875 213141.04799368905
5.75 6.875 84479.1356333188
6.25 6.875 21840.189806998093
6.75 6.875 0.0
7.25 6.875 0.0
7.75 6.875 0.0
8.25 6.875 0.0
8.75 6.875 0.0
0.25 7.125 1173990.3192109612
0.75 7.125 1233119.8767892155
1.25 7.125 1067021.5622721538
1.75 7.125 875277.7187985306
2.25 7.125 935625.9631401711
2.75 7.125 499504.6433634679
3.25 7.125 582137.959174198
3.75 7.125 613721.6467928876
4.25 7.125 357707.32688347757
4.75 7.125 190903.50948510898
5.25 7.125 81314.39145026816
5.75 7.125 57673.28090788966
6.25 7.125 32326.989100542127
6.75 7.125 46806.62198605314
7.25 7.125 0.0
7.75 7.125 0.0
8.25 7.125 0.0
8.75 7.125 0.0
0.25 7.375 728765.6497275187
0.75 7.375 1024682.855542369
1.25 7.375 824516.8982623057
1.75 7.375 1033915.6072546551
2.25 7.375 763778.0310639553
2.75 7.375 645537.3050180412
3.25 7.375 389749.52443405555
3.75 7.375 505891.4118427492
4.25 7.375 190577.81024976942
4.75 7.375 184053.7234945951
5.25 7.375 102375.79737034747
5.75 7.375 19315.355189152324
6.25 7.375 6481.668424771251
6.75 7.375 0.0
7.25 7.375 0.0
7.75 7.375 0.0
8.25 7.375 0.0
8.75 7.375 0.0
0.25 7.625 692423.4400121183
0.75 7.625 571529.8401648602
1.25 7.625 553089.3712382551
1.75 7.625 746803.1896835741
2.25 7.625 493113.45605498046
2.75 7.625 685226.6537756043
3.25 7.625 271817.3648810873
3.75 7.625 433800.6683848709
4.25 7.625 226320.484600398
4.75 7.625 183478.39880317316
5.25 7.625 131733.9212115162
5.75 7.625 99139.23100270134
6.25 7.625 0.0
6.75 7.625 0.0
7.25 7.625 0.0
7.75 7.625 0.0
8.25 7.625 0.0
8.75 7.625 0.0
0.25 7.875 945198.8063785849
0.75 7.875 576496.3710583046
1.25 7.875 600655.2153653209
1.75 7.875 585522.8443415085
2.25 7.875 487285.45407396584
2.75 7.875 413465.3623135537
3.25 7.875 296735.5869260495
3.75 7.875 309884.7514618561
4.25 7.875 169437.3027038177
4.75 7.875 196487.38393682704
5.25 7.875 57669.4992127103
5.75 7.875 34588.65154935117
6.25 7.875 23237.911329587736
6.75 7.875 0.0
7.25 7.875 0.0
7.75 7.875 0.0
8.25 7.875 0.0
8.75 7.875 0.0
0.25 8.125 739231.4482274804
0.75 8.125 667313.6653736819
1.25 8.125 409748.88369646773
1.75 8.125 433407.866708389
2.25 8.125 510530.7456454273
2.75 8.125 398652.2926672151
3.25 8.125 318938.5601219414
3.75 8.125 202471.41768646083
4.25 8.125 165230.07108683462
4.75 8.125 148488.87275782196
5.25 8.125 84144.3969467314
5.75 8.125 17229.747737814974
6.25 8.125 0.0
6.75 8.125 0.0
7.25 8.125 0.0
7.75 8.125 0.0
8.25 8.125 0.0
8.75 8.125 0.0
0.25 8.375 801332.6131161024
0.75 8.375 386253.49347845087
1.25 8.375 378471.81717113144
1.75 8.375 428832.39813785296
2.25 8.375 345541.44069013663
2.75 8.375 233081.09405786105
3.25 8.375 26331.879947467674
3.75 8.375 240964.25474637176
4.25 8.375 225281.50509959937
4.75 8.375 32013.205151001155
5.25 8.375 9789.982540299647
5.75 8.375 5565.215493649295
6.25 8.375 0.0
6.75 8.375 0.0
7.25 8.375 0.0
7.75 8.375 0.0
8.25 8.375 0.0
8.75 8.375 0.0
0.25 8.625 370870.38691923453
0.75 8.625 404904.90174421546
1.25 8.625 521645.8513478161
1.75 8.625 326349.78296180465
2.25 8.625 424129.6439674811
2.75 8.625 322964.8175968534
3.25 8.625 274235.32148661464
3.75 8.625 198825.33458633977
4.25 8.625 158949.94326703768
4.75 8.625 112784.0458953106
5.25 8.625 27926.36709997151
5.75 8.625 11783.417436473292
6.25 8.625 0.0
6.75 8.625 0.0
7.25 8.625 0.0
7.75 8.625 0.0
8.25 8.625 0.0
8.75 8.625 0.0
0.25 8.875 622456.2754220398
0.75 8.875 332966.48102947674
1.25 8.875 277544.2062575551
1.75 8.875 267060.8177116012
2.25 8.875 201430.83865205213
2.75 8.875 204912.25908880745
3.25 8.875 154306.05575344816
3.75 8.875 216272.64649133253
4.25 8.875 132702.75658408648
4.75 8.875 81172.85956522288
5.25 8.875 17978.367838871553
5.75 8.875 0.0
6.25 8.875 0.0
6.75 8.875 0.0
7.25 8.875 0.0
7.75 8.875 0.0
8.25 8.875 0.0
8.75 8.875 0.0
0.25 9.125 258844.1586828594
0.75 9.125 121201.2094007934
1.25 9.125 243384.08062534576
1.75 9.125 219535.31709634364
2.25 9.125 220730.81828643873
2.75 9.125 275838.6231227877
3.25 9.125 45523.314664595906
3.75 9.125 151949.39352264832
4.25 9.125 88756.13144821022
4.75 9.125 88158.65305920935
5.25 9.125 24160.309080925395
5.75 9.125 26808.899948979182
6.25 9.125 0.0
6.75 9.125 0.0
7.25 9.125 0.0
7.75 9.125 0.0
8.25 9.125 0.0
8.75 9.125 0.0
0.25 9.375 410238.62920051755
0.75 9.375 208187.02148216194
1.25 9.375 132690.98188652945
1.75 9.375 426372.40293124085
2.25 9.375 132650.1381053827
2.75 9.375 175080.99709229672
3.25 9.375 197869.62011603778
3.75 9.375 115119.44587468616
4.25 9.375 52997.10879519775
4.75 9.375 0.0
5.25 9.375 26482.219528135658
5.75 9.375 26445.718453902107
6.25 9.375 0.0
6.75 9.375 0.0
7.25 9.375 0.0
7.75 9.375 0.0
8.25 9.375 0.0
8.75 9.375 0.0
0.25 9.625 217447.0905030497
0.75 9.625 235191.65357071557
1.25 9.625 135175.74017775606
1.75 9.625 256092.0349439285
2.25 9.625 265336.29602069705
2.75 9.625 196943.14636267032
3.25 9.625 120686.27260747683
3.75 9.625 66148.27184122245
4.25 9.625 44630.50948069855
4.75 9.625 14673.890255459151
5.25 9.625 92020.30402800265
5.75 9.625 0.0
6.25 9.625 0.0
6.75 9.625 0.0
7.25 9.625 0.0
7.75 9.625 0.0
8.25 9.625 0.0
8.75 9.625 0.0
0.25 9.875 207697.5498563963
0.75 9.875 230314.7697029167
1.25 9.875 228933.03856657006
1.75 9.875 141466.108402461
2.25 9.875 282303.15566849976
2.75 9.875 175871.35146942394
3.25 9.875 74328.56010539815
3.75 9.875 98945.2185417036
4.25 9.875 67012.26671821943
4.75 9.875 0.0
5.25 9.875 0.0
5.75 9.875 0.0
6.25 9.875 0.0
6.75 9.875 0.0
7.25 9.875 0.0
7.75 9.875 0.0
8.25 9.875 0.0
8.75 9.875 0.0
0.25 10.125 255431.62165919784
0.75 10.125 130526.88297763233
1.25 10.125 234758.50297948832
1.75 10.125 186685.42346269084
2.25 10.125 219511.41995946688
2.75 10.125 113210.61929306296
3.25 10.125 168546.96702813875
3.75 10.125 48462.069852872235
4.25 10.125 16016.149365768772
4.75 10.125 0.0
5.25 10.125 0.0
5.75 10.125 0.0
6.25 10.125 0.0
6.75 10.125 0.0
7.25 10.125 0.0
7.75 10.125 0.0
8.25 10.125 0.0
8.75 10.125 0.0
0.25 10.375 125402.83550311529
0.75 10.375 257418.69475477608
1.25 10.375 182373.4622144802
1.75 10.375 251333.8056155502
2.25 10.375 137321.4883413205
2.75 10.375 117386.0478139283
3.25 10.375 23229.156762545732
3.75 10.375 101551.68515805762
4.25 10.375 0.0
4.75 10.375 45278.97095611692
5.25 10.375 48795.296367512965
5.75 10.375 0.0
6.25 10.375 0.0
6.75 10.375 0.0
7.25 10.375 0.0
7.75 10.375 0.0
8.25 10.375 0.0
8.75 10.375 0.0
0.25 10.625 49435.003974289444
0.75 10.625 185946.60836423002
1.25 10.625 154331.46423476047
1.75 10.625 331756.82041896094
2.25 10.625 126233.869825541
2.75 10.625 89340.75431569843
3.25 10.625 30587.498837705214
3.75 10.625 75032.16497630437
4.25 10.625 53721.04447228981
4.75 10.625 0.0
5.25 10.625 0.0
5.75 10.625 0.0
6.25 10.625 0.0
6.75 10.625 0.0
7.25 10.625 0.0
7.75 10.625 0.0
8.25 10.625 0.0
8.75 10.625 0.0
0.25 10.875 249897.19536960346
0.75 10.875 242828.30514780708
1.25 10.875 108930.92205910728
1.75 10.875 168772.74593942065
2.25 10.875 159902.6893488797
2.75 10.875 157455.7341885539
3.25 10.875 71050.0514812254
3.75 10.875 68031.39403783689
4.25 10.875 0.0
4.75 10.875 49191.28706533904
5.25 10.875 0.0
5.75 10.875 11211.155311190005
6.25 10.875 0.0
6.75 10.875 0.0
7.25 10.875 0.0
7.75 10.875 0.0
8.25 10.875 0.0
8.75 10.875 0.0
0.25 11.125 53817.65698234547
0.75 11.125 170968.15392182273
1.25 11.125 81877.27540239056
1.75 11.125 27899.400152650313
2.25 11.125 176040.28938505857
2.75 11.125 53322.470619796506
3.25 11.125 0.0
3.75 11.125 58523.86573796715
4.25 11.125 19440.762285102628
4.75 11.125 26851.838494722855
5.25 11.125 13221.871925076439
5.75 11.125 0.0
6.25 11.125 0.0
6.75 11.125 0.0
7.25 11.125 0.0
7.75 11.125 0.0
8.25 11.125 0.0
8.75 11.125 0.0
0.25 11.375 128017.93905111162
0.75 11.375 90661.26703852769
1.25 11.375 193963.73179591613
1.75 11.375 23295.71694226152
2.25 11.375 101843.14525303582
2.75 11.375 45694.81656798069
3.25 11.375 103084.4987889701
3.75 11.375 46233.932938818
4.25 11.375 74634.22519252924
4.75 11.375 25369.883561737173
5.25 11.375 15226.634832770678
5.75 11.375 0.0
6.25 11.375 0.0
6.75 11.375 0.0
7.25 11.375 0.0
7.75 11.375 0.0
8.25 11.375 0.0
8.75 11.375 0.0
0.25 11.625 77500.85696684427
0.75 11.625 61507.41264771378
1.25 11.625 56187.63004795271
1.75 11.625 47650.886822772154
2.25 11.625 47909.881172547466
2.75 11.625 23612.257022743906
3.25 11.625 50623.50774226251
3.75 11.625 33182.3187130557
4.25 11.625 0.0
4.75 11.625 0.0
5.25 11.625 29078.070362374598
5.75 11.625 0.0
6.25 11.625 0.0
6.75 11.625 0.0
7.25 11.625 0.0
7.75 11.625 0.0
8.25 11.625 0.0
8.75 11.625 0.0
0.25 11.875 51483.05722919681
0.75 11.875 59297.85126896851
1.25 11.875 57279.667453662514
1.75 11.875 0.0
2.25 11.875 52335.88673543194
2.75 11.875 0.0
3.25 11.875 42859.648691498995
3.75 11.875 0.0
4.25 11.875 0.0
4.75 11.875 0.0
5.25 11.875 0.0
5.75 11.875 0.0
6.25 11.875 0.0
6.75 11.875 0.0
7.25 11.875 0.0
7.75 11.875 0.0
8.25 11.875 0.0
8.75 11.875 0.0
0.25 12.125 55490.28657074005
0.75 12.125 36666.65658261892
1.25 12.125 0.0
1.75 12.125 53267.2095181186
2.25 12.125 0.0
2.75 12.125 22382.820615401848
3.25 12.125 24355.66336928386
3.75 12.125 39854.6353342559
4.25 12.125 19181.527359348434
4.75 12.125 0.0
5.25 12.125 58987.937145443735
5.75 12.125 0.0
6.25 12.125 0.0
6.75 12.125 0.0
7.25 12.125 0.0
7.75 12.125 0.0
8.25 12.125 0.0
8.75 12.125 0.0
0.25 12.375 82013.72075516413
0.75 12.375 54199.44871630494
1.25 12.375 33316.35348999838
1.75 12.375 25077.47907090558
2.25 12.375 85316.42168099264
2.75 12.375 66736.70481191434
3.25 12.375 25377.639596692585
3.75 12.375 69339.85669666826
4.25 12.375 0.0
4.75 12.375 0.0
5.25 12.375 0.0
5.75 12.375 0.0
6.25 12.375 0.0
6.75 12.375 0.0
7.25 12.375 0.0
7.75 12.375 0.0
8.25 12.375 0.0
8.75 12.375 0.0
0.25 12.625 93400.53753328754
0.75 12.625 60467.700139398294
1.25 12.625 81875.11743597864
1.75 12.625 28087.307939242066
2.25 12.625 80136.69178305358
2.75 12.625 0.0
3.25 12.625 22950.7441029262
3.75 12.625 22260.900714375908
4.25 12.625 73547.41806586224
4.75 12.625 33175.13746483963
5.25 12.625 0.0
5.75 12.625 0.0
6.25 12.625 0.0
6.75 12.625 0.0
7.25 12.625 0.0
7.75 12.625 0.0
8.25 12.625 0.0
8.75 12.625 0.0
0.25 12.875 154470.48251256545
0.75 12.875 28798.44071868986
1.25 12.875 37223.43284406833
1.75 12.875 55576.429255528674
2.25 12.875 0.0
2.75 12.875 0.0
3.25 12.875 62536.0127331292
3.75 12.875 27255.152703598687
4.25 12.875 27999.98869292552
4.75 12.875 0.0
5.25 12.875 17062.407197178756
5.75 12.875 0.0
6.25 12.875 0.0
6.75 12.875 0.0
7.25 12.875 0.0
7.75 12.875 0.0
8.25 12.875 0.0
8.75 12.875 0.0
0.25 13.125 51412.05408103219
0.75 13.125 50339.33784357915
1.25 13.125 107464.00386448565
1.75 13.125 28440.798810743556
2.25 13.125 26455.242385432575
2.75 13.125 30124.0102285933
3.25 13.125 55176.553024998684
3.75 13.125 28817.168333487774
4.25 13.125 19553.29497962088
4.75 13.125 0.0
5.25 13.125 0.0
5.75 13.125 0.0
6.25 13.125 0.0
6.75 13.125 0.0
7.25 13.125 0.0
7.75 13.125 0.0
8.25 13.125 0.0
8.75 13.125 0.0
0.25 13.375 51382.94986218356
0.75 13.375 29293.926944848787
1.25 13.375 29142.574719622662
1.75 13.375 88263.13436505622
2.25 13.375 23153.400832704203
2.75 13.375 20711.869067899795
3.25 13.375 24548.282703613033
3.75 13.375 0.0
4.25 13.375 32113.851371407873
4.75 13.375 0.0
5.25 13.375 0.0
5.75 13.375 0.0
6.25 13.375 0.0
6.75 13.375 0.0
7.25 13.375 0.0
7.75 13.375 0.0
8.25 13.375 0.0
8.75 13.375 0.0
0.25 13.625 24286.906887084813
0.75 13.625 33415.05000001887
1.25 13.625 31863.687578840807
1.75 13.625 61888.49568001354
2.25 13.625 0.0
2.75 13.625 0.0
3.25 13.625 0.0
3.75 13.625 0.0
4.25 13.625 0.0
4.75 13.625 0.0
5.25 13.625 0.0
5.75 13.625 0.0
6.25 13.625 0.0
6.75 13.625 0.0
7.25 13.625 0.0
7.75 13.625 0.0
8.25 13.625 0.0
8.75 13.625 0.0
0.25 13.875 34640.9780521237
0.75 13.875 0.0
1.25 13.875 28059.628347418755
1.75 13.875 119970.83136868804
2.25 13.875 27796.2202406491
2.75 13.875 55687.35337069033
3.25 13.875 0.0
3.75 13.875 31306.558606832794
4.25 13.875 0.0
4.75 13.875 0.0
5.25 13.875 0.0
5.75 13.875 0.0
6.25 13.875 0.0
6.75 13.875 0.0
7.25 13.875 0.0
7.75 13.875 0.0
8.25 13.875 0.0
8.75 13.875 0.0
0.25 14.125 64795.13307117393
0.75 14.125 17350.147900489825
1.25 14.125 26847.271663656356
1.75 14.125 48016.61130734156
2.25 14.125 0.0
2.75 14.125 23003.248235570794
3.25 14.125 37153.68034002097
3.75 14.125 0.0
4.25 14.125 0.0
4.75 14.125 0.0
5.25 14.125 0.0
5.75 14.125 0.0
6.25 14.125 0.0
6.75 14.125 0.0
7.25 14.125 0.0
7.75 14.125 0.0
8.25 14.125 0.0
8.75 14.125 0.0
0.25 14.375 75993.09756460082
0.75 14.375 0.0
1.25 14.375 37375.6292602226
1.75 14.375 0.0
2.25 14.375 0.0
2.75 14.375 18560.682034355374
3.25 14.375 23469.512432314597
3.75 14.375 0.0
4.25 14.375 0.0
4.75 14.375 0.0
5.25 14.375 0.0
5.75 14.375 0.0
6.25 14.375 0.0
6.75 14.375 0.0
7.25 14.375 0.0
7.75 14.375 0.0
8.25 14.375 0.0
8.75 14.375 0.0
0.25 14.625 26819.933293572834
0.75 14.625 62718.03165458419
1.25 14.625 0.0
1.75 14.625 0.0
2.25 14.625 0.0
2.75 14.625 13555.588005637203
3.25 14.625 28969.553741687585
3.75 14.625 0.0
4.25 14.625 0.0
4.75 14.625 28807.32603937371
5.25 14.625 0.0
5.75 14.625 0.0
6.25 14.625 0.0
6.75 14.625 0.0
7.25 14.625 0.0
7.75 14.625 0.0
8.25 14.625 0.0
8.75 14.625 0.0
0.25 14.875 0.0
0.75 14.875 27354.123455585646
1.25 14.875 0.0
1.75 14.875 0.0
2.25 14.875 0.0
2.75 14.875 26262.19945580571
3.25 14.875 0.0
3.75 14.875 0.0
4.25 14.875 0.0
4.75 14.875 0.0
5.25 14.875 0.0
5.75 14.875 0.0
6.25 14.875 0.0
6.75 14.875 0.0
7.25 14.875 0.0
7.75 14.875 0.0
8.25 14.875 0.0
8.75 14.875 0.0
0.25 15.125 31641.599315637806
0.75 15.125 63964.64552254216
1.25 15.125 29467.146596205297
1.75 15.125 19113.904748473884
2.25 15.125 0.0
2.75 15.125 0.0
3.25 15.125 0.0
3.75 15.125 0.0
4.25 15.125 0.0
4.75 15.125 0.0
5.25 15.125 0.0
5.75 15.125 0.0
6.25 15.125 0.0
6.75 15.125 0.0
7.25 15.125 0.0
7.75 15.125 0.0
8.25 15.125 0.0
8.75 15.125 0.0
0.25 15.375 26245.999139905936
0.75 15.375 0.0
1.25 15.375 0.0
1.75 15.375 67006.82708495049
2.25 15.375 0.0
2.75 15.375 0.0
3.25 15.375 28402.476361811754
3.75 15.375 0.0
4.25 15.375 0.0
4.75 15.375 0.0
5.25 15.375 0.0
5.75 15.375 0.0
6.25 15.375 0.0
6.75 15.375 0.0
7.25 15.375 0.0
7.75 15.375 0.0
8.25 15.375 0.0
8.75 15.375 0.0
0.25 15.625 0.0
0.75 15.625 0.0
1.25 15.625 55096.57269593732
1.75 15.625 63339.83775680431
2.25 15.625 22917.57342911331
2.75 15.625 34462.27406768592
3.25 15.625 57979.65003417079
3.75 15.625 0.0
4.25 15.625 0.0
4.75 15.625 0.0
5.25 15.625 0.0
5.75 15.625 0.0
6.25 15.625 0.0
6.75 15.625 0.0
7.25 15.625 0.0
7.75 15.625 0.0
8.25 15.625 0.0
8.75 15.625 0.0
0.25 15.875 0.0
0.75 15.875 0.0
1.25 15.875 31363.93861652353
1.75 15.875 84788.60305862452
2.25 15.875 30245.394601561675
2.75 15.875 18390.317022609335
3.25 15.875 26823.364652527223
3.75 15.875 0.0
4.25 15.875 0.0
4.75 15.875 0.0
5.25 15.875 0.0
5.75 15.875 0.0
6.25 15.875 0.0
6.75 15.875 0.0
7.25 15.875 0.0
7.75 15.875 0.0
8.25 15.875 0.0
8.75 15.875 0.0
0.25 16.125 0.0
0.75 16.125 29697.31040148504
1.25 16.125 0.0
1.75 16.125 0.0
2.25 16.125 0.0
2.75 16.125 0.0
3.25 16.125 0.0
3.75 16.125 0.0
4.25 16.125 0.0
4.75 16.125 0.0
5.25 16.125 0.0
5.75 16.125 0.0
6.25 16.125 0.0
6.75 16.125 0.0
7.25 16.125 0.0
7.75 16.125 0.0
8.25 16.125 0.0
8.75 16.125 0.0
0.25 16.375 37785.80298126073
0.75 16.375 27183.568312585507
1.25 16.375 24751.671198838947
1.75 16.375 63923.05596251042
2.25 16.375 23995.64501336755
2.75 16.375 0.0
3.25 16.375 0.0
3.75 16.375 0.0
4.25 16.375 0.0
4.75 16.375 0.0
5.25 16.375 0.0
5.75 16.375 0.0
6.25 16.375 0.0
6.75 16.375 0.0
7.25 16.375 0.0
7.75 16.375 0.0
8.25 16.375 0.0
8.75 16.375 0.0
0.25 16.625 0.0
0.75 16.625 16358.053601266009
1.25 16.625 33415.05000001887
1.75 16.625 0.0
2.25 16.625 26790.121965330352
2.75 16.625 23969.975651739293
3.25 16.625 0.0
3.75 16.625 0.0
4.25 16.625 0.0
4.75 16.625 0.0
5.25 16.625 0.0
5.75 16.625 0.0
6.25 16.625 0.0
6.75 16.625 0.0
7.25 16.625 0.0
7.75 16.625 0.0
8.25 16.625 0.0
8.75 16.625 0.0
0.25 16.875 81927.76331665617
0.75 16.875 0.0
1.25 16.875 28299.45989558995
1.75 16.875 0.0
2.25 16.875 32252.862422653343
2.75 16.875 0.0
3.25 16.875 28303.78634670133
3.75 16.875 0.0
4.25 16.875 0.0
4.75 16.875 0.0
5.25 16.875 0.0
5.75 16.875 0.0
6.25 16.875 0.0
6.75 16.875 0.0
7.25 16.875 0.0
7.75 16.875 0.0
8.25 16.875 0.0
8.75 16.875 0.0
0.25 17.125 0.0
0.75 17.125 0.0
1.25 17.125 34858.36323464936
1.75 17.125 0.0
2.25 17.125 0.0
2.75 17.125 0.0
3.25 17.125 0.0
3.75 17.125 0.0
4.25 17.125 0.0
4.75 17.125 0.0
5.25 17.125 0.0
5.75 17.125 0.0
6.25 17.125 0.0
6.75 17.125 0.0
7.25 17.125 0.0
7.75 17.125 0.0
8.25 17.125 0.0
8.75 17.125 0.0
0.25 17.375 0.0
0.75 17.375 22035.22373475483
1.25 17.375 0.0
1.75 17.375 0.0
2.25 17.375 0.0
2.75 17.375 0.0
3.25 17.375 0.0
3.75 17.375 0.0
4.25 17.375 0.0
4.75 17.375 0.0
5.25 17.375 22149.058349401872
5.75 17.375 0.0
6.25 17.375 0.0
6.75 17.375 0.0
7.25 17.375 0.0
7.75 17.375 0.0
8.25 17.375 0.0
8.75 17.375 0.0
0.25 17.625 0.0
0.75 17.625 19607.26843323302
1.25 17.625 0.0
1.75 17.625 0.0
2.25 17.625 0.0
2.75 17.625 0.0
3.25 17.625 0.0
3.75 17.625 0.0
4.25 17.625 0.0
4.75 17.625 0.0
5.25 17.625 0.0
5.75 17.625 0.0
6.25 17.625 0.0
6.75 17.625 0.0
7.25 17.625 0.0
7.75 17.625 0.0
8.25 17.625 0.0
8.75 17.625 0.0
0.25 17.875 0.0
0.75 17.875 56715.25405638716
1.25 17.875 28558.626081385377
1.75 17.875 0.0
2.25 17.875 0.0
2.75 17.875 0.0
3.25 17.875 0.0
3.75 17.875 0.0
4.25 17.875 0.0
4.75 17.875 0.0
5.25 17.875 0.0
5.75 17.875 0.0
6.25 17.875 0.0
6.75 17.875 0.0
7.25 17.875 0.0
7.75 17.875 0.0
8.25 17.875 0.0
8.75 17.875 0.0
0.25 18.125 0.0
0.75 18.125 18812.550548601044
1.25 18.125 0.0
1.75 18.125 16325.411335388604
2.25 18.125 0.0
2.75 18.125 34395.25726741084
3.25 18.125 0.0
3.75 18.125 0.0
4.25 18.125 0.0
4.75 18.125 0.0
5.25 18.125 0.0
5.75 18.125 0.0
6.25 18.125 0.0
6.75 18.125 0.0
7.25 18.125 0.0
7.75 18.125 0.0
8.25 18.125 0.0
8.75 18.125 0.0
0.25 18.375 0.0
0.75 18.375 0.0
1.25 18.375 33469.074686311506
1.75 18.375 0.0
2.25 18.375 0.0
2.75 18.375 0.0
3.25 18.375 34026.578472574234
3.75 18.375 0.0
4.25 18.375 30453.63663958826
4.75 18.375 0.0
5.25 18.375 0.0
5.75 18.375 0.0
6.25 18.375 0.0
6.75 18.375 0.0
7.25 18.375 0.0
7.75 18.375 0.0
8.25 18.375 0.0
8.75 18.375 0.0
0.25 18.625 0.0
0.75 18.625 0.0
1.25 18.625 0.0
1.75 18.625 0.0
2.25 18.625 0.0
2.75 18.625 0.0
3.25 18.625 0.0
3.75 18.625 0.0
4.25 18.625 0.0
4.75 18.625 0.0
5.25 18.625 0.0
5.75 18.625 0.0
6.25 18.625 0.0
6.75 18.625 0.0
7.25 18.625 0.0
7.75 18.625 0.0
8.25 18.625 0.0
8.75 18.625 0.0
0.25 18.875 0.0
0.75 18.875 0.0
1.25 18.875 0.0
1.75 18.875 21600.487004643026
2.25 18.875 0.0
2.75 18.875 0.0
3.25 18.875 0.0
3.75 18.875 0.0
4.25 18.875 0.0
4.75 18.875 0.0
5.25 18.875 0.0
5.75 18.875 0.0
6.25 18.875 0.0
6.75 18.875 0.0
7.25 18.875 0.0
7.75 18.875 0.0
8.25 18.875 0.0
8.75 18.875 0.0
0.25 19.125 0.0
0.75 19.125 0.0
1.25 19.125 0.0
1.75 19.125 0.0
2.25 19.125 0.0
2.75 19.125 0.0
3.25 19.125 0.0
3.75 19.125 0.0
4.25 19.125 0.0
4.75 19.125 0.0
5.25 19.125 0.0
5.75 19.125 0.0
6.25 19.125 0.0
6.75 19.125 0.0
7.25 19.125 0.0
7.75 19.125 0.0
8.25 19.125 0.0
8.75 19.125 0.0
0.25 19.375 0.0
0.75 19.375 0.0
1.25 19.375 0.0
1.75 19.375 0.0
2.25 19.375 0.0
2.75 19.375 0.0
3.25 19.375 0.0
3.75 19.375 0.0
4.25 19.375 0.0
4.75 19.375 0.0
5.25 19.375 0.0
5.75 19.375 0.0
6.25 19.375 0.0
6.75 19.375 0.0
7.25 19.375 0.0
7.75 19.375 0.0
8.25 19.375 0.0
8.75 19.375 0.0
0.25 19.625 0.0
0.75 19.625 46942.57834671394
1.25 19.625 0.0
1.75 19.625 0.0
2.25 19.625 0.0
2.75 19.625 27116.305462541026
3.25 19.625 0.0
3.75 19.625 0.0
4.25 19.625 0.0
4.75 19.625 0.0
5.25 19.625 0.0
5.75 19.625 0.0
6.25 19.625 0.0
6.75 19.625 0.0
7.25 19.625 0.0
7.75 19.625 0.0
8.25 19.625 0.0
8.75 19.625 0.0
0.25 19.875 34449.521873094796
0.75 19.875 0.0
1.25 19.875 0.0
1.75 19.875 0.0
2.25 19.875 28429.161058962676
2.75 19.875 0.0
3.25 19.875 0.0
3.75 19.875 0.0
4.25 19.875 0.0
4.75 19.875 0.0
5.25 19.875 0.0
5.75 19.875 0.0
6.25 19.875 0.0
6.75 19.875 0.0
7.25 19.875 0.0
7.75 19.875 0.0
8.25 19.875 0.0
8.75 19.875 0.0
0.25 20.125 0.0
0.75 20.125 0.0
1.25 20.125 0.0
1.75 20.125 0.0
2.25 20.125 0.0
2.75 20.125 35946.534766116245
3.25 20.125 0.0
3.75 20.125 0.0
4.25 20.125 0.0
4.75 20.125 0.0
5.25 20.125 0.0
5.75 20.125 0.0
6.25 20.125 0.0
6.75 20.125 0.0
7.25 20.125 0.0
7.75 20.125 0.0
8.25 20.125 0.0
8.75 20.125 0.0
0.25 20.375 31398.54143272398
0.75 20.375 0.0
1.25 20.375 0.0
1.75 20.375 0.0
2.25 20.375 30783.096045301918
2.75 20.375 0.0
3.25 20.375 0.0
3.75 20.375 0.0
4.25 20.375 0.0
4.75 20.375 0.0
5.25 20.375 0.0
5.75 20.375 0.0
6.25 20.375 0.0
6.75 20.375 0.0
7.25 20.375 0.0
7.75 20.375 0.0
8.25 20.375 0.0
8.75 20.375 0.0
0.25 20.625 0.0
0.75 20.625 0.0
1.25 20.625 0.0
1.75 20.625 0.0
2.25 20.625 0.0
2.75 20.625 0.0
3.25 20.625 0.0
3.75 20.625 0.0
4.25 20.625 0.0
4.75 20.625 0.0
5.25 20.625 0.0
5.75 20.625 0.0
6.25 20.625 0.0
6.75 20.625 0.0
7.25 20.625 0.0
7.75 20.625 0.0
8.25 20.625 0.0
8.75 20.625 0.0
0.25 20.875 51434.110460088385
0.75 20.875 0.0
1.25 20.875 0.0
1.75 20.875 0.0
2.25 20.875 0.0
2.75 20.875 15875.701755103964
3.25 20.875 0.0
3.75 20.875 0.0
4.25 20.875 0.0
4.75 20.875 0.0
5.25 20.875 0.0
5.75 20.875 0.0
6.25 20.875 0.0
6.75 20.875 0.0
7.25 20.875 0.0
7.75 20.875 0.0
8.25 20.875 0.0
8.75 20.875 0.0
0.25 21.125 0.0
0.75 21.125 0.0
1.25 21.125 0.0
1.75 21.125 0.0
2.25 21.125 0.0
2.75 21.125 0.0
3.25 21.125 0.0
3.75 21.125 0.0
4.25 21.125 0.0
4.75 21.125 0.0
5.25 21.125 0.0
5.75 21.125 0.0
6.25 21.125 0.0
6.75 21.125 0.0
7.25 21.125 0.0
7.75 21.125 0.0
8.25 21.125 0.0
8.75 21.125 0.0
0.25 21.375 0.0
0.75 21.375 0.0
1.25 21.375 0.0
1.75 21.375 0.0
2.25 21.375 0.0
2.75 21.375 31599.863968021717
3.25 21.375 0.0
3.75 21.375 0.0
4.25 21.375 0.0
4.75 21.375 0.0
5.25 21.375 0.0
5.75 21.375 0.0
6.25 21.375 0.0
6.75 21.375 0.0
7.25 21.375 0.0
7.75 21.375 0.0
8.25 21.375 0.0
8.75 21.375 0.0
0.25 21.625 33415.05000001887
0.75 21.625 0.0
1.25 21.625 0.0
1.75 21.625 0.0
2.25 21.625 14742.411346956374
2.75 21.625 0.0
3.25 21.625 0.0
3.75 21.625 0.0
4.25 21.625 0.0
4.75 21.625 0.0
5.25 21.625 0.0
5.75 21.625 0.0
6.25 21.625 0.0
6.75 21.625 0.0
7.25 21.625 0.0
7.75 21.625 0.0
8.25 21.625 0.0
8.75 21.625 0.0
0.25 21.875 0.0
0.75 21.875 0.0
1.25 21.875 0.0
1.75 21.875 0.0
2.25 21.875 0.0
2.75 21.875 25137.720969620554
3.25 21.875 0.0
3.75 21.875 0.0
4.25 21.875 0.0
4.75 21.875 0.0
5.25 21.875 0.0
5.75 21.875 0.0
6.25 21.875 0.0
6.75 21.875 0.0
7.25 21.875 0.0
7.75 21.875 0.0
8.25 21.875 0.0
8.75 21.875 0.0
0.25 22.125 0.0
0.75 22.125 0.0
1.25 22.125 0.0
1.75 22.125 0.0
2.25 22.125 0.0
2.75 22.125 0.0
3.25 22.125 0.0
3.75 22.125 0.0
4.25 22.125 0.0
4.75 22.125 0.0
5.25 22.125 0.0
5.75 22.125 0.0
6.25 22.125 0.0
6.75 22.125 0.0
7.25 22.125 0.0
7.75 22.125 0.0
8.25 22.125 0.0
8.75 22.125 0.0
0.25 22.375 0.0
0.75 22.375 0.0
1.25 22.375 38780.108403435
1.75 22.375 0.0
2.25 22.375 0.0
2.75 22.375 0.0
3.25 22.375 0.0
3.75 22.375 0.0
4.25 22.375 0.0
4.75 22.375 0.0
5.25 22.375 0.0
5.75 22.375 0.0
6.25 22.375 0.0
6.75 22.375 0.0
7.25 22.375 0.0
7.75 22.375 0.0
8.25 22.375 0.0
8.75 22.375 0.0
0.25 22.625 0.0
0.75 22.625 0.0
1.25 22.625 0.0
1.75 22.625 0.0
2.25 22.625 0.0
2.75 22.625 0.0
3.25 22.625 0.0
3.75 22.625 0.0
4.25 22.625 0.0
4.75 22.625 0.0
5.25 22.625 0.0
5.75 22.625 0.0
6.25 22.625 0.0
6.75 22.625 0.0
7.25 22.625 0.0
7.75 22.625 0.0
8.25 22.625 0.0
8.75 22.625 0.0
0.25 22.875 0.0
0.75 22.875 0.0
1.25 22.875 0.0
1.75 22.875 0.0
2.25 22.875 46126.89027060893
2.75 22.875 0.0
3.25 22.875 0.0
3.75 22.875 0.0
4.25 22.875 0.0
4.75 22.875 0.0
5.25 22.875 0.0
5.75 22.875 0.0
6.25 22.875 0.0
6.75 22.875 0.0
7.25 22.875 0.0
7.75 22.875 0.0
8.25 22.875 0.0
8.75 22.875 0.0
0.25 23.125 0.0
0.75 23.125 0.0
1.25 23.125 0.0
1.75 23.125 0.0
2.25 23.125 0.0
2.75 23.125 0.0
3.25 23.125 0.0
3.75 23.125 0.0
4.25 23.125 0.0
4.75 23.125 0.0
5.25 23.125 0.0
5.75 23.125 0.0
6.25 23.125 0.0
6.75 23.125 0.0
7.25 23.125 0.0
7.75 23.125 0.0
8.25 23.125 0.0
8.75 23.125 0.0
0.25 23.375 0.0
0.75 23.375 0.0
1.25 23.375 0.0
1.75 23.375 0.0
2.25 23.375 26219.074875669954
2.75 23.375 0.0
3.25 23.375 0.0
3.75 23.375 0.0
4.25 23.375 0.0
4.75 23.375 0.0
5.25 23.375 0.0
5.75 23.375 0.0
6.25 23.375 0.0
6.75 23.375 0.0
7.25 23.375 0.0
7.75 23.375 0.0
8.25 23.375 0.0
8.75 23.375 0.0
0.25 23.625 0.0
0.75 23.625 0.0
1.25 23.625 0.0
1.75 23.625 0.0
2.25 23.625 0.0
2.75 23.625 0.0
3.25 23.625 0.0
3.75 23.625 0.0
4.25 23.625 0.0
4.75 23.625 0.0
5.25 23.625 0.0
5.75 23.625 0.0
6.25 23.625 0.0
6.75 23.625 0.0
7.25 23.625 0.0
7.75 23.625 0.0
8.25 23.625 0.0
8.75 23.625 0.0
0.25 23.875 0.0
0.75 23.875 0.0
1.25 23.875 0.0
1.75 23.875 0.0
2.25 23.875 0.0
2.75 23.875 0.0
3.25 23.875 0.0
3.75 23.875 0.0
4.25 23.875 0.0
4.75 23.875 0.0
5.25 23.875 0.0
5.75 23.875 0.0
6.25 23.875 0.0
6.75 23.875 0.0
7.25 23.875 0.0
7.75 23.875 0.0
8.25 23.875 0.0
8.75 23.875 0.0
0.25 24.125 55301.067846672886
0.75 24.125 0.0
1.25 24.125 0.0
1.75 24.125 0.0
2.25 24.125 0.0
2.75 24.125 0.0
3.25 24.125 0.0
3.75 24.125 0.0
4.25 24.125 0.0
4.75 24.125 0.0
5.25 24.125 0.0
5.75 24.125 0.0
6.25 24.125 0.0
6.75 24.125 0.0
7.25 24.125 0.0
7.75 24.125 0.0
8.25 24.125 0.0
8.75 24.125 0.0
0.25 24.375 0.0
0.75 24.375 0.0
1.25 24.375 0.0
1.75 24.375 0.0
2.25 24.375 21534.97438699994
2.75 24.375 0.0
3.25 24.375 0.0
3.75 24.375 0.0
4.25 24.375 0.0
4.75 24.375 0.0
5.25 24.375 0.0
5.75 24.375 0.0
6.25 24.375 0.0
6.75 24.375 0.0
7.25 24.375 0.0
7.75 24.375 0.0
8.25 24.375 0.0
8.75 24.375 0.0
0.25 24.625 0.0
0.75 24.625 0.0
1.25 24.625 0.0
1.75 24.625 0.0
2.25 24.625 0.0
2.75 24.625 0.0
3.25 24.625 0.0
3.75 24.625 0.0
4.25 24.625 0.0
4.75 24.625 0.0
5.25 24.625 0.0
5.75 24.625 0.0
6.25 24.625 0.0
6.75 24.625 0.0
7.25 24.625 0.0
7.75 24.625 0.0
8.25 24.625 0.0
8.75 24.625 0.0
0.25 24.875 0.0
0.75 24.875 0.0
1.25 24.875 0.0
1.75 24.875 0.0
2.25 24.875 19163.233640625076
2.75 24.875 0.0
3.25 24.875 0.0
3.75 24.875 0.0
4.25 24.875 0.0
4.75 24.875 0.0
5.25 24.875 0.0
5.75 24.875 0.0
6.25 24.875 0.0
6.75 24.875 0.0
7.25 24.875 0.0
7.75 24.875 0.0
8.25 24.875 0.0
8.75 24.875 0.0
0.25 25.125 0.0
0.75 25.125 0.0
1.25 25.125 0.0
1.75 25.125 0.0
2.25 25.125 0.0
2.75 25.125 18253.640453933236
3.25 25.125 0.0
3.75 25.125 0.0
4.25 25.125 0.0
4.75 25.125 0.0
5.25 25.125 0.0
5.75 25.125 0.0
6.25 25.125 0.0
6.75 25.125 0.0
7.25 25.125 0.0
7.75 25.125 0.0
8.25 25.125 0.0
8.75 25.125 0.0
0.25 25.375 0.0
0.75 25.375 0.0
1.25 25.375 0.0
1.75 25.375 0.0
2.25 25.375 0.0
2.75 25.375 0.0
3.25 25.375 0.0
3.75 25.375 0.0
4.25 25.375 0.0
4.75 25.375 0.0
5.25 25.375 0.0
5.75 25.375 0.0
6.25 25.375 0.0
6.75 25.375 0.0
7.25 25.375 0.0
7.75 25.375 0.0
8.25 25.375 0.0
8.75 25.375 0.0
0.25 25.625 0.0
0.75 25.625 0.0
1.25 25.625 0.0
1.75 25.625 0.0
2.25 25.625 0.0
2.75 25.625 0.0
3.25 25.625 17744.975641227407
3.75 25.625 0.0
4.25 25.625 0.0
4.75 25.625 0.0
5.25 25.625 0.0
5.75 25.625 0.0
6.25 25.625 0.0
6.75 25.625 0.0
7.25 25.625 0.0
7.75 25.625 0.0
8.25 25.625 0.0
8.75 25.625 0.0
0.25 25.875 0.0
0.75 25.875 0.0
1.25 25.875 0.0
1.75 25.875 0.0
2.25 25.875 0.0
2.75 25.875 0.0
3.25 25.875 0.0
3.75 25.875 0.0
4.25 25.875 0.0
4.75 25.875 0.0
5.25 25.875 0.0
5.75 25.875 0.0
6.25 25.875 0.0
6.75 25.875 0.0
7.25 25.875 0.0
7.75 25.875 0.0
8.25 25.875 0.0
8.75 25.875 0.0
0.25 26.125 0.0
0.75 26.125 0.0
1.25 26.125 22809.019531223636
1.75 26.125 0.0
2.25 26.125 0.0
2.75 26.125 0.0
3.25 26.125 0.0
3.75 26.125 0.0
4.25 26.125 0.0
4.75 26.125 0.0
5.25 26.125 0.0
5.75 26.125 0.0
6.25 26.125 0.0
6.75 26.125 0.0
7.25 26.125 0.0
7.75 26.125 0.0
8.25 26.125 0.0
8.75 26.125 0.0
0.25 26.375 0.0
0.75 26.375 0.0
1.25 26.375 0.0
1.75 26.375 0.0
2.25 26.375 0.0
2.75 26.375 0.0
3.25 26.375 0.0
3.75 26.375 0.0
4.25 26.375 0.0
4.75 26.375 0.0
5.25 26.375 0.0
5.75 26.375 0.0
6.25 26.375 0.0
6.75 26.375 0.0
7.25 26.375 0.0
7.75 26.375 0.0
8.25 26.375 0.0
8.75 26.375 0.0
0.25 26.625 33415.05000001887
0.75 26.625 0.0
1.25 26.625 0.0
1.75 26.625 0.0
2.25 26.625 0.0
2.75 26.625 0.0
3.25 26.625 0.0
3.75 26.625 0.0
4.25 26.625 0.0
4.75 26.625 0.0
5.25 26.625 0.0
5.75 26.625 0.0
6.25 26.625 0.0
6.75 26.625 0.0
7.25 26.625 0.0
7.75 26.625 0.0
8.25 26.625 0.0
8.75 26.625 0.0
0.25 26.875 0.0
0.75 26.875 0.0
1.25 26.875 0.0
1.75 26.875 0.0
2.25 26.875 0.0
2.75 26.875 0.0
3.25 26.875 0.0
3.75 26.875 0.0
4.25 26.875 0.0
4.75 26.875 0.0
5.25 26.875 0.0
5.75 26.875 0.0
6.25 26.875 0.0
6.75 26.875 0.0
7.25 26.875 0.0
7.75 26.875 0.0
8.25 26.875 0.0
8.75 26.875 0.0
0.25 27.125 0.0
0.75 27.125 0.0
1.25 27.125 0.0
1.75 27.125 0.0
2.25 27.125 42817.04265412594
2.75 27.125 0.0
3.25 27.125 0.0
3.75 27.125 0.0
4.25 27.125 0.0
4.75 27.125 0.0
5.25 27.125 0.0
5.75 27.125 0.0
6.25 27.125 0.0
6.75 27.125 0.0
7.25 27.125 0.0
7.75 27.125 0.0
8.25 27.125 0.0
8.75 27.125 0.0
0.25 27.375 0.0
0.75 27.375 0.0
1.25 27.375 0.0
1.75 27.375 0.0
2.25 27.375 0.0
2.75 27.375 0.0
3.25 27.375 0.0
3.75 27.375 0.0
4.25 27.375 0.0
4.75 27.375 0.0
5.25 27.375 0.0
5.75 27.375 0.0
6.25 27.375 0.0
6.75 27.375 0.0
7.25 27.375 0.0
7.75 27.375 0.0
8.25 27.375 0.0
8.75 27.375 0.0
0.25 27.625 0.0
0.75 27.625 0.0
1.25 27.625 0.0
1.75 27.625 75688.33371843539
2.25 27.625 0.0
2.75 27.625 0.0
3.25 27.625 0.0
3.75 27.625 0.0
4.25 27.625 0.0
4.75 27.625 0.0
5.25 27.625 0.0
5.75 27.625 0.0
6.25 27.625 0.0
6.75 27.625 0.0
7.25 27.625 0.0
7.75 27.625 0.0
8.25 27.625 0.0
8.75 27.625 0.0
0.25 27.875 0.0
0.75 27.875 0.0
1.25 27.875 0.0
1.75 27.875 0.0
2.25 27.875 0.0
2.75 27.875 0.0
3.25 27.875 0.0
3.75 27.875 0.0
4.25 27.875 0.0
4.75 27.875 0.0
5.25 27.875 0.0
5.75 27.875 0.0
6.25 27.875 0.0
6.75 27.875 0.0
7.25 27.875 0.0
7.75 27.875 0.0
8.25 27.875 0.0
8.75 27.875 0.0
0.25 28.125 0.0
0.75 28.125 0.0
1.25 28.125 0.0
1.75 28.125 0.0
2.25 28.125 0.0
2.75 28.125 0.0
3.25 28.125 0.0
3.75 28.125 0.0
4.25 28.125 0.0
4.75 28.125 0.0
5.25 28.125 0.0
5.75 28.125 0.0
6.25 28.125 0.0
6.75 28.125 0.0
7.25 28.125 0.0
7.75 28.125 0.0
8.25 28.125 0.0
8.75 28.125 0.0
0.25 28.375 0.0
0.75 28.375 0.0
1.25 28.375 0.0
1.75 28.375 0.0
2.25 28.375 0.0
2.75 28.375 0.0
3.25 28.375 0.0
3.75 28.375 0.0
4.25 28.375 0.0
4.75 28.375 0.0
5.25 28.375 0.0
5.75 28.375 0.0
6.25 28.375 0.0
6.75 28.375 0.0
7.25 28.375 0.0
7.75 28.375 0.0
8.25 28.375 0.0
8.75 28.375 0.0
0.25 28.625 0.0
0.75 28.625 0.0
1.25 28.625 0.0
1.75 28.625 0.0
2.25 28.625 0.0
2.75 28.625 0.0
3.25 28.625 0.0
3.75 28.625 0.0
4.25 28.625 0.0
4.75 28.625 0.0
5.25 28.625 0.0
5.75 28.625 0.0
6.25 28.625 0.0
6.75 28.625 0.0
7.25 28.625 0.0
7.75 28.625 0.0
8.25 28.625 0.0
8.75 28.625 0.0
0.25 28.875 0.0
0.75 28.875 0.0
1.25 28.875 0.0
1.75 28.875 33415.05000001887
2.25 28.875 0.0
2.75 28.875 0.0
3.25 28.875 0.0
3.75 28.875 0.0
4.25 28.875 0.0
4.75 28.875 0.0
5.25 28.875 0.0
5.75 28.875 0.0
6.25 28.875 0.0
6.75 28.875 0.0
7.25 28.875 0.0
7.75 28.875 0.0
8.25 28.875 0.0
8.75 28.875 0.0
0.25 29.125 0.0
0.75 29.125 0.0
1.25 29.125 0.0
1.75 29.125 0.0
2.25 29.125 0.0
2.75 29.125 0.0
3.25 29.125 0.0
3.75 29.125 0.0
4.25 29.125 0.0
4.75 29.125 0.0
5.25 29.125 0.0
5.75 29.125 0.0
6.25 29.125 0.0
6.75 29.125 0.0
7.25 29.125 0.0
7.75 29.125 0.0
8.25 29.125 0.0
8.75 29.125 0.0
0.25 29.375 0.0
0.75 29.375 0.0
1.25 29.375 0.0
1.75 29.375 0.0
2.25 29.375 0.0
2.75 29.375 0.0
3.25 29.375 0.0
3.75 29.375 0.0
4.25 29.375 0.0
4.75 29.375 0.0
5.25 29.375 0.0
5.75 29.375 0.0
6.25 29.375 0.0
6.75 29.375 0.0
7.25 29.375 0.0
7.75 29.375 0.0
8.25 29.375 0.0
8.75 29.375 0.0
0.25 29.625 0.0
0.75 29.625 0.0
1.25 29.625 0.0
1.75 29.625 0.0
2.25 29.625 0.0
2.75 29.625 0.0
3.25 29.625 0.0
3.75 29.625 0.0
4.25 29.625 0.0
4.75 29.625 0.0
5.25 29.625 0.0
5.75 29.625 0.0
6.25 29.625 0.0
6.75 29.625 0.0
7.25 29.625 0.0
7.75 29.625 0.0
8.25 29.625 0.0
8.75 29.625 0.0
0.25 29.875 0.0
0.75 29.875 0.0
1.25 29.875 0.0
1.75 29.875 0.0
2.25 29.875 0.0
2.75 29.875 0.0
3.25 29.875 0.0
3.75 29.875 0.0
4.25 29.875 0.0
4.75 29.875 0.0
5.25 29.875 0.0
5.75 29.875 0.0
6.25 29.875 0.0
6.75 29.875 0.0
7.25 29.875 0.0
7.75 29.875 0.0
8.25 29.875 0.0
8.75 29.875 0.0
