11.294627058970837 276.9322156651938
14.219093021276404 365.6455656270906
17.900777537149963 1040.9766004468229
22.535743732392298 3916.172225682466
28.370820458389794 8036.60337597254
35.71674682851676 3679.710738118709
44.96472020903849 18118.80503937314
56.60722890537329 21092.444356018525
71.26427896022373 31057.65670571989
89.71641173621407 42140.67069969015
112.94627058970838 57649.44386203632
142.1909302127641 79666.04467215578
179.00777537149963 95881.30802318815
225.35743732392305 120452.58566364681
283.7082045838981 102046.89159065345
357.1674682851676 96311.67316054332
449.6472020903849 81418.2195808061
566.0722890537327 74934.96699299966
712.6427896022376 64217.415718802135
897.164117362141 60340.47692680883
1129.4627058970837 50314.79878773901
1421.9093021276408 35267.21406000294
1790.0777537149975 24083.11652096
2253.5743732392316 12166.574791448424
2837.082045838981 5288.414378653979
3571.674682851676 1399.5526376399212
4496.47202090385 476.0759881208651
5660.72289053733 103.52182368608192
7126.427896022379 4.3149459240958095
8971.64117362141 0.10201595164835453
