0.25 0.125 8371349.766280652
0.75 0.125 8212855.322795414
1.25 0.125 9039912.638167517
1.75 0.125 9100549.030137364
2.25 0.125 9595350.582481377
2.75 0.125 9569774.313886782
3.25 0.125 10842977.5613827
3.75 0.125 10822456.061371466
4.25 0.125 9294058.928168627
4.75 0.125 8598850.81827312
5.25 0.125 6787371.079760946
5.75 0.125 5815865.970303636
6.25 0.125 5204672.238803867
6.75 0.125 3570159.6913282196
7.25 0.125 2814339.063446961
7.75 0.125 1235952.0834916534
8.25 0.125 283203.8599453811
8.75 0.125 3939.2084198120874
0.25 0.375 25848703.627271235
0.75 0.375 25600562.882990435
1.25 0.375 26100210.68848882
1.75 0.375 27694689.22701148
2.25 0.375 29025936.82900093
2.75 0.375 29335618.66558425
3.25 0.375 29598937.062139783
3.75 0.375 32196292.64085583
4.25 0.375 30953174.185159042
4.75 0.375 27741593.239135414
5.25 0.375 23598789.17466588
5.75 0.375 18545261.72297764
6.25 0.375 14766058.450227045
6.75 0.375 11304869.166888842
7.25 0.375 7468432.312799047
7.75 0.375 3353393.3814779213
8.25 0.375 942394.169961943
8.75 0.375 9150.990787922292
0.25 0.625 44075221.728285916
0.75 0.625 44272160.42697497
1.25 0.625 43209255.9223033
1.75 0.625 44363253.80529008
2.25 0.625 45637953.13410492
2.75 0.625 47163039.393497184
3.25 0.625 48383899.58298972
3.75 0.625 48751419.83241162
4.25 0.625 47155414.06964124
4.75 0.625 43458462.46038546
5.25 0.625 37149721.38546106
5.75 0.625 31845320.557640973
6.25 0.625 23453722.456283033
6.75 0.625 17748555.080827825
7.25 0.625 11653439.38699753
7.75 0.625 4338849.659561639
8.25 0.625 816852.2081820648
8.75 0.625 9799.114039244367
0.25 0.875 57074991.74135365
0.75 0.875 55305740.66905851
1.25 0.875 57204517.621457934
1.75 0.875 56738281.81215435
2.25 0.875 56516566.66495088
2.75 0.875 56990013.56967621
3.25 0.875 58699001.77147401
3.75 0.875 56976496.32483521
4.25 0.875 58290984.053278826
4.75 0.875 50746892.81331441
5.25 0.875 46345431.37605084
5.75 0.875 37409315.37940103
6.25 0.875 27841258.744329043
6.75 0.875 20108759.53130439
7.25 0.875 11732659.091639921
7.75 0.875 4664303.600948045
8.25 0.875 840184.3064472305
8.75 0.875 0.0
0.25 1.125 61562347.90170896
0.75 1.125 61292649.0423446
1.25 1.125 61691990.527165
1.75 1.125 58144051.46802066
2.25 1.125 59049722.02976136
2.75 1.125 59215010.5326451
3.25 1.125 59595952.78599359
3.75 1.125 58345886.42170145
4.25 1.125 57657855.650386415
4.75 1.125 53254477.81655312
5.25 1.125 47282007.249591194
5.75 1.125 37452142.502795346
6.25 1.125 28469874.20216819
6.75 1.125 18687172.97713863
7.25 1.125 11056569.578253131
7.75 1.125 3736506.321232757
8.25 1.125 455123.34530309297
8.75 1.125 5440.3608631411225
0.25 1.375 60768581.851204015
0.75 1.375 59200294.76726035
1.25 1.375 57716549.25541983
1.75 1.375 56458461.325540334
2.25 1.375 58078565.75992963
2.75 1.375 56123652.864509635
3.25 1.375 55901026.263941474
3.75 1.375 52955098.86840637
4.25 1.375 52934435.341689676
4.75 1.375 48302071.86763841
5.25 1.375 42266113.24460283
5.75 1.375 33513138.877904158
6.25 1.375 24499665.81292175
6.75 1.375 16177921.864256494
7.25 1.375 8321771.357780214
7.75 1.375 2941184.948779754
8.25 1.375 336503.3465400862
8.75 1.375 0.0
0.25 1.625 52966993.80031049
0.75 1.625 52629046.5870776
1.25 1.625 51883342.66985819
1.75 1.625 50932970.57165514
2.25 1.625 51038937.91838739
2.75 1.625 48821583.980761394
3.25 1.625 47768291.97423704
3.75 1.625 48201992.59471061
4.25 1.625 44097555.61647667
4.75 1.625 38021484.89393453
5.25 1.625 34569005.51014133
5.75 1.625 25779983.858765714
6.25 1.625 18727214.9018038
6.75 1.625 11565332.910327666
7.25 1.625 6438509.118204382
7.75 1.625 1568754.2120734302
8.25 1.625 149310.19155945606
8.75 1.625 0.0
0.25 1.875 45413347.672788635
0.75 1.875 45973609.6969107
1.25 1.875 45031292.54129821
1.75 1.875 44798300.82747612
2.25 1.875 44066579.343178496
2.75 1.875 42191876.320153855
3.25 1.875 41618555.4607254
3.75 1.875 38648986.75135879
4.25 1.875 36764905.50898668
4.75 1.875 30751325.736449555
5.25 1.875 25405225.677758854
5.75 1.875 20678696.028605036
6.25 1.875 14336416.054656444
6.75 1.875 8538331.942213
7.25 1.875 4076867.442838872
7.75 1.875 743661.1384974126
8.25 1.875 61431.465556631345
8.75 1.875 0.0
0.25 2.125 38973232.91622264
0.75 2.125 36798152.104490876
1.25 2.125 38132684.57393893
1.75 2.125 38696621.66949282
2.25 2.125 38227054.23231519
2.75 2.125 35046543.12382018
3.25 2.125 34771644.08832428
3.75 2.125 31191223.899147913
4.25 2.125 27510302.78649179
4.75 2.125 24105713.267731737
5.25 2.125 19570330.951083854
5.75 2.125 14586859.32256828
6.25 2.125 10429105.589601595
6.75 2.125 5742820.992384408
7.25 2.125 2467848.033064511
7.75 2.125 277045.2124376388
8.25 2.125 0.0
8.75 2.125 0.0
0.25 2.375 31698965.653869227
0.75 2.375 32039868.026758682
1.25 2.375 31607837.423787188
1.75 2.375 31361045.7192549
2.25 2.375 31035921.7840336
2.75 2.375 29913671.59208335
3.25 2.375 27914667.053387072
3.75 2.375 25645814.57460836
4.25 2.375 23515751.216568045
4.75 2.375 19319162.931289576
5.25 2.375 15086611.257473381
5.75 2.375 11282472.73708103
6.25 2.375 7507905.335573136
6.75 2.375 3956999.355095343
7.25 2.375 1500059.3435148061
7.75 2.375 248294.91581725053
8.25 2.375 4785.8546060595245
8.75 2.375 0.0
0.25 2.625 26497675.51128159
0.75 2.625 26199161.144876514
1.25 2.625 25198182.540645316
1.75 2.625 23685850.863613162
2.25 2.625 23691383.164012376
2.75 2.625 23133421.06035605
3.25 2.625 21943349.877038833
3.75 2.625 20818489.707547937
4.25 2.625 17947840.03963177
4.75 2.625 15625823.505505707
5.25 2.625 11360092.814916074
5.75 2.625 8300196.133231507
6.25 2.625 4795384.746694693
6.75 2.625 2852519.0795866926
7.25 2.625 1013472.0634582631
7.75 2.625 96637.56497021989
8.25 2.625 0.0
8.75 2.625 0.0
0.25 2.875 20899606.632123265
0.75 2.875 22205856.227222025
1.25 2.875 21509101.420536265
1.75 2.875 20999584.597335987
2.25 2.875 20489478.32789423
2.75 2.875 21014579.22245721
3.25 2.875 17812463.836604517
3.75 2.875 17302464.10012002
4.25 2.875 14984261.044977741
4.75 2.875 12652375.217077151
5.25 2.875 8726001.486108942
5.75 2.875 5489439.632741263
6.25 2.875 3657244.0472211507
6.75 2.875 2078278.6059427739
7.25 2.875 644881.5697926858
7.75 2.875 6413.619162285081
8.25 2.875 0.0
8.75 2.875 0.0
0.25 3.125 18355868.698677458
0.75 3.125 18167334.08055041
1.25 3.125 17011403.581086952
1.75 3.125 17207979.391555242
2.25 3.125 17233776.421946015
2.75 3.125 16039235.24757316
3.25 3.125 14879792.471229538
3.75 3.125 12539455.98802188
4.25 3.125 11118722.040572822
4.75 3.125 9076744.72982742
5.25 3.125 6545525.308014441
5.75 3.125 4592006.191681281
6.25 3.125 2659789.14157889
6.75 3.125 1320752.6732007759
7.25 3.125 337738.30886702385
7.75 3.125 0.0
8.25 3.125 0.0
8.75 3.125 0.0
0.25 3.375 14039203.28787856
0.75 3.375 14386064.364703815
1.25 3.375 14587477.042569006
1.75 3.375 13910964.651312446
2.25 3.375 14147655.243923003
2.75 3.375 13058968.83308187
3.25 3.375 11703287.28843595
3.75 3.375 10902606.361115364
4.25 3.375 9647802.157804865
4.75 3.375 7526667.570808744
5.25 3.375 5503220.507400416
5.75 3.375 3424664.3327847803
6.25 3.375 1916220.757781194
6.75 3.375 876034.2764957919
7.25 3.375 172800.8579027778
7.75 3.375 24501.90350985844
8.25 3.375 0.0
8.75 3.375 0.0
0.25 3.625 12294633.762380943
0.75 3.625 11845590.972493362
1.25 3.625 11689379.54452115
1.75 3.625 12419285.0013881
2.25 3.625 11530635.28542358
2.75 3.625 10848745.296686493
3.25 3.625 9001346.115951123
3.75 3.625 8573300.461810546
4.25 3.625 7123472.268451543
4.75 3.625 5709974.7770686075
5.25 3.625 3943972.252720954
5.75 3.625 2297955.1858473406
6.25 3.625 1219065.6336456442
6.75 3.625 646149.8353820221
7.25 3.625 113270.7541212865
7.75 3.625 10920.790790093311
8.25 3.625 0.0
8.75 3.625 0.0
0.25 3.875 10234299.03817115
0.75 3.875 9388108.249024477
1.25 3.875 9982457.570191743
1.75 3.875 9061416.284566538
2.25 3.875 9079790.26583214
2.75 3.875 9484065.864218216
3.25 3.875 8037018.387832802
3.75 3.875 7270515.214993622
4.25 3.875 5799013.8941916535
4.75 3.875 4259087.256904607
5.25 3.875 2998436.6219690023
5.75 3.875 1985586.517347044
6.25 3.875 911696.821660118
6.75 3.875 496732.7555112902
7.25 3.875 58974.52187815028
7.75 3.875 0.0
8.25 3.875 0.0
8.75 3.875 0.0
0.25 4.125 8042649.666299833
0.75 4.125 8301469.47206533
1.25 4.125 8554267.504019262
1.75 4.125 7921970.266486689
2.25 4.125 7201104.665859742
2.75 4.125 7491668.57527815
3.25 4.125 6598539.067193325
3.75 4.125 5767574.926199927
4.25 4.125 4178017.3592744987
4.75 4.125 3639724.331775198
5.25 4.125 2924360.161737632
5.75 4.125 1453294.2242978753
6.25 4.125 823847.5489366793
6.75 4.125 298312.52833073086
7.25 4.125 29905.27744706631
7.75 4.125 0.0
8.25 4.125 0.0
8.75 4.125 0.0
0.25 4.375 7298370.811003578
0.75 4.375 7620801.058161566
1.25 4.375 6591788.794662269
1.75 4.375 6803441.809123414
2.25 4.375 7377077.494334778
2.75 4.375 5586406.378417581
3.25 4.375 6205876.644321913
3.75 4.375 5087727.2154640835
4.25 4.375 3700154.1366911866
4.75 4.375 2508340.5333629693
5.25 4.375 1860136.5641703391
5.75 4.375 1279171.5094679792
6.25 4.375 528772.2164695861
6.75 4.375 152964.93656775512
7.25 4.375 43907.63362401267
7.75 4.375 0.0
8.25 4.375 0.0
8.75 4.375 0.0
0.25 4.625 6075056.286649789
0.75 4.625 5900698.5102650905
1.25 4.625 5538929.271149188
1.75 4.625 5851852.999132831
2.25 4.625 5784248.42145617
2.75 4.625 5323713.736086454
3.25 4.625 4978947.864274257
3.75 4.625 3498781.2024614895
4.25 4.625 3503842.1718848795
4.75 4.625 2380726.2407756955
5.25 4.625 1564933.9101860363
5.75 4.625 823095.2621725083
6.25 4.625 540358.2942328377
6.75 4.625 116996.93944982425
7.25 4.625 17059.37058638214
7.75 4.625 0.0
8.25 4.625 0.0
8.75 4.625 0.0
0.25 4.875 5527757.293335696
0.75 4.875 5087529.910078302
1.25 4.875 4884084.333046521
1.75 4.875 4446441.322432957
2.25 4.875 5225829.845339881
2.75 4.875 4061299.9530741735
3.25 4.875 4270309.454186906
3.75 4.875 3187541.61641482
4.25 4.875 2868926.72116154
4.75 4.875 1949243.065289456
5.25 4.875 1423100.5294281119
5.75 4.875 759357.3214886696
6.25 4.875 293541.2126263168
6.75 4.875 115223.54621913414
7.25 4.875 36450.14767295332
7.75 4.875 0.0
8.25 4.875 0.0
8.75 4.875 0.0
0.25 5.125 3958794.423328015
0.75 5.125 4042513.878623178
1.25 5.125 4424547.052772715
1.75 5.125 4186574.294961153
2.25 5.125 4085716.33001737
2.75 5.125 3800663.072035807
3.25 5.125 3202808.8617125372
3.75 5.125 2723189.5212678234
4.25 5.125 2089822.4621466321
4.75 5.125 1864677.5076190836
5.25 5.125 826922.2294000026
5.75 5.125 794170.2750982824
6.25 5.125 360518.12169798376
6.75 5.125 54447.20366445515
7.25 5.125 0.0
7.75 5.125 0.0
8.25 5.125 0.0
8.75 5.125 0.0
0.25 5.375 4024191.18252742
0.75 5.375 3850861.6465040524
1.25 5.375 3331078.1387058683
1.75 5.375 3650409.151646061
2.25 5.375 2619601.1676431056
2.75 5.375 3519697.224930619
3.25 5.375 2760080.5005696383
3.75 5.375 1957770.376599882
4.25 5.375 1521179.325212976
4.75 5.375 1699485.0870362353
5.25 5.375 736464.6092920202
5.75 5.375 529548.8494730067
6.25 5.375 222316.6123659874
6.75 5.375 43693.35790284402
7.25 5.375 28251.080109311213
7.75 5.375 0.0
8.25 5.375 0.0
8.75 5.375 0.0
0.25 5.625 3118290.857395027
0.75 5.625 3498849.2882040655
1.25 5.625 3445745.8429304846
1.75 5.625 3414952.5632733535
2.25 5.625 2742255.9864101177
2.75 5.625 3424682.539752312
3.25 5.625 2629386.4504485093
3.75 5.625 2232127.0048434027
4.25 5.625 1370673.0876842095
4.75 5.625 983856.9348248726
5.25 5.625 615707.3111015973
5.75 5.625 422622.7013918231
6.25 5.625 132504.26564767174
6.75 5.625 38363.303561557295
7.25 5.625 0.0
7.75 5.625 0.0
8.25 5.625 0.0
8.75 5.625 0.0
0.25 5.875 2939702.740491016
0.75 5.875 2213962.236362715
1.25 5.875 2607383.016537654
1.75 5.875 2354453.5864764242
2.25 5.875 2119612.689573619
2.75 5.875 2269226.07682538
3.25 5.875 1848805.0524110903
3.75 5.875 1546419.2157753448
4.25 5.875 1223647.9549006056
4.75 5.875 1041409.049491407
5.25 5.875 571493.5038402175
5.75 5.875 449469.01260835165
6.25 5.875 24194.204108489714
6.75 5.875 0.0
7.25 5.875 0.0
7.75 5.875 0.0
8.25 5.875 0.0
8.75 5.875 0.0
0.25 6.125 2605804.466106775
0.75 6.125 2187048.416280402
1.25 6.125 2489328.2460308904
1.75 6.125 1770336.575018516
2.25 6.125 2398444.9969044076
2.75 6.125 2120862.1914970903
3.25 6.125 1500378.5691570044
3.75 6.125 1641693.0649280746
4.25 6.125 1182636.1018210028
4.75 6.125 639740.09321924
5.25 6.125 715623.603392203
5.75 6.125 281141.86832022545
6.25 6.125 124291.1086924513
6.75 6.125 33192.95078804949
7.25 6.125 0.0
7.75 6.125 0.0
8.25 6.125 0.0
8.75 6.125 0.0
0.25 6.375 1761142.918755818
0.75 6.375 1700185.465264174
1.25 6.375 2336383.802175782
1.75 6.375 1734924.7738318373
2.25 6.375 1791970.3632766868
2.75 6.375 1536884.342905994
3.25 6.375 1177276.4759547883
3.75 6.375 1057201.0833875022
4.25 6.375 1165322.0110098608
4.75 6.375 468015.34605131816
5.25 6.375 392137.8849174742
5.75 6.375 232391.66176482989
6.25 6.375 153934.83207705853
6.75 6.375 0.0
7.25 6.375 0.0
7.75 6.375 0.0
8.25 6.375 0.0
8.75 6.375 0.0
0.25 6.625 1984175.7898771085
0.75 6.625 1483996.4059089231
1.25 6.625 2113750.1541960035
1.75 6.625 1798539.593734743
2.25 6.625 1987997.2575930813
2.75 6.625 1854567.0952467073
3.25 6.625 1256866.3632100942
3.75 6.625 699450.2069163152
4.25 6.625 841868.9344663585
4.75 6.625 455738.9401718388
5.25 6.625 399533.18603684066
5.75 6.625 82536.7355434924
6.25 6.625 49973.132146899574
6.75 6.625 0.0
7.25 6.625 0.0
7.75 6.625 0.0
8.25 6.625 0.0
8.75 6.625 0.0
0.25 6.875 1550685.194570236
0.75 6.875 1258525.8755389308
1.25 6.875 1934764.9159453157
1.75 6.875 1238516.783151131
2.25 6.875 1961899.792191577
2.75 6.875 1317603.1702529625
3.25 6.875 1123713.3182658476
3.75 6.875 1059007.8488538922
4.25 6.875 402927.5330407458
4.75 6.875 363311.2946574099
5.25 6.875 393083.43848103675
5.75 6.875 121664.90407655168
6.25 6.875 0.0
6.75 6.875 0.0
7.25 6.875 0.0
7.75 6.875 0.0
8.25 6.875 0.0
8.75 6.875 0.0
0.25 7.125 886973.7852688506
0.75 7.125 1198581.8870330523
1.25 7.125 1284404.0068075617
1.75 7.125 1278990.9936290032
2.25 7.125 1170364.2135470265
2.75 7.125 936751.8796711203
3.25 7.125 803402.7320238447
3.75 7.125 778500.5030384349
4.25 7.125 658725.3969793189
4.75 7.125 232733.33786349322
5.25 7.125 292095.5973114382
5.75 7.125 59587.157698695824
6.25 7.125 78234.18057831428
6.75 7.125 20479.920730991624
7.25 7.125 0.0
7.75 7.125 0.0
8.25 7.125 0.0
8.75 7.125 0.0
0.25 7.375 1230802.665172322
0.75 7.375 1481208.668618612
1.25 7.375 964330.691820114
1.75 7.375 842912.0692565603
2.25 7.375 1083775.9508009376
2.75 7.375 961406.0004262343
3.25 7.375 792978.7430459732
3.75 7.375 774074.4024468975
4.25 7.375 643465.3672219893
4.75 7.375 340752.82297533855
5.25 7.375 0.0
5.75 7.375 247779.22195364043
6.25 7.375 46694.08943328651
6.75 7.375 0.0
7.25 7.375 0.0
7.75 7.375 0.0
8.25 7.375 0.0
8.75 7.375 0.0
0.25 7.625 826217.696304475
0.75 7.625 1034024.3219071912
1.25 7.625 855358.6463199086
1.75 7.625 700892.6672616667
2.25 7.625 826335.2748782363
2.75 7.625 845989.7766390728
3.25 7.625 746131.1459595563
3.75 7.625 312849.49484207836
4.25 7.625 219581.5493357343
4.75 7.625 382959.51390119456
5.25 7.625 40338.05267245679
5.75 7.625 0.0
6.25 7.625 18161.354275898244
6.75 7.625 0.0
7.25 7.625 0.0
7.75 7.625 0.0
8.25 7.625 0.0
8.75 7.625 0.0
0.25 7.875 636379.2667526277
0.75 7.875 954471.5943239318
1.25 7.875 960844.3426343565
1.75 7.875 683638.2197044122
2.25 7.875 862514.92065922
2.75 7.875 1034187.8671721965
3.25 7.875 664101.8191235495
3.75 7.875 404329.9796944145
4.25 7.875 464265.02669104753
4.75 7.875 336977.0411375014
5.25 7.875 144084.28819267466
5.75 7.875 85412.70920625936
6.25 7.875 0.0
6.75 7.875 0.0
7.25 7.875 0.0
7.75 7.875 0.0
8.25 7.875 0.0
8.75 7.875 0.0
0.25 8.125 713875.8763315857
0.75 8.125 935700.0498950903
1.25 8.125 681500.0777378435
1.75 8.125 812887.4355698079
2.25 8.125 798001.1788075819
2.75 8.125 877687.1623529935
3.25 8.125 554270.7197281688
3.75 8.125 549720.9308620078
4.25 8.125 31668.607149629155
4.75 8.125 211916.2092802421
5.25 8.125 111154.29108274124
5.75 8.125 199086.93186762094
6.25 8.125 0.0
6.75 8.125 0.0
7.25 8.125 0.0
7.75 8.125 0.0
8.25 8.125 0.0
8.75 8.125 0.0
0.25 8.375 1005458.3948099138
0.75 8.375 511341.9255424112
1.25 8.375 754619.2268592641
1.75 8.375 777708.5348479981
2.25 8.375 442898.287695745
2.75 8.375 558013.2943415496
3.25 8.375 638438.2839984492
3.75 8.375 338039.1184590223
4.25 8.375 336931.8046561557
4.75 8.375 75923.78689253185
5.25 8.375 138847.31887199156
5.75 8.375 53066.10279253089
6.25 8.375 0.0
6.75 8.375 0.0
7.25 8.375 0.0
7.75 8.375 0.0
8.25 8.375 0.0
8.75 8.375 0.0
0.25 8.625 613891.9097452343
0.75 8.625 593661.3547025291
1.25 8.625 543437.626073176
1.75 8.625 799369.6361504507
2.25 8.625 591098.2328232584
2.75 8.625 667357.0471740109
3.25 8.625 224099.2926177859
3.75 8.625 421436.8234030163
4.25 8.625 113851.17659806895
4.75 8.625 107721.8365813688
5.25 8.625 78491.92789612936
5.75 8.625 0.0
6.25 8.625 31007.000231093403
6.75 8.625 0.0
7.25 8.625 0.0
7.75 8.625 0.0
8.25 8.625 0.0
8.75 8.625 0.0
0.25 8.875 564466.0060834337
0.75 8.875 579024.845589733
1.25 8.875 675802.8153480258
1.75 8.875 458990.36031465017
2.25 8.875 582357.779431174
2.75 8.875 423983.3368558504
3.25 8.875 461821.2868575354
3.75 8.875 313491.08318781975
4.25 8.875 400996.17423855804
4.75 8.875 121177.80497075242
5.25 8.875 64679.71503055817
5.75 8.875 6728.495737666908
6.25 8.875 0.0
6.75 8.875 0.0
7.25 8.875 0.0
7.75 8.875 0.0
8.25 8.875 0.0
8.75 8.875 0.0
0.25 9.125 756773.6021687753
0.75 9.125 463210.8370587379
1.25 9.125 507685.097570284
1.75 9.125 355342.9691728956
2.25 9.125 525214.3108086028
2.75 9.125 533228.9199979412
3.25 9.125 488756.38602413575
3.75 9.125 455685.626096241
4.25 9.125 205265.62972006804
4.75 9.125 79375.67696512728
5.25 9.125 70678.41799299524
5.75 9.125 0.0
6.25 9.125 0.0
6.75 9.125 0.0
7.25 9.125 0.0
7.75 9.125 0.0
8.25 9.125 0.0
8.75 9.125 0.0
0.25 9.375 317859.403656433
0.75 9.375 336145.48188202054
1.25 9.375 418592.6817516018
1.75 9.375 364434.98238373117
2.25 9.375 204631.59208060792
2.75 9.375 299882.8583194695
3.25 9.375 316891.44471902004
3.75 9.375 186508.99335825903
4.25 9.375 317836.9030007034
4.75 9.375 69648.98471601937
5.25 9.375 38847.939519176165
5.75 9.375 0.0
6.25 9.375 0.0
6.75 9.375 0.0
7.25 9.375 0.0
7.75 9.375 0.0
8.25 9.375 0.0
8.75 9.375 0.0
0.25 9.625 750550.6518224267
0.75 9.625 337624.5937658361
1.25 9.625 419802.16253371426
1.75 9.625 227340.91210207855
2.25 9.625 442369.9570215756
2.75 9.625 367764.53171156155
3.25 9.625 79780.77248421095
3.75 9.625 346916.5174318883
4.25 9.625 169451.24155327014
4.75 9.625 131953.78260987057
5.25 9.625 44801.72918305076
5.75 9.625 0.0
6.25 9.625 0.0
6.75 9.625 0.0
7.25 9.625 0.0
7.75 9.625 0.0
8.25 9.625 0.0
8.75 9.625 0.0
0.25 9.875 347633.91339957487
0.75 9.875 229933.6431525355
1.25 9.875 489455.0564814187
1.75 9.875 361871.3620052517
2.25 9.875 396050.2922213958
2.75 9.875 244251.03854048188
3.25 9.875 203455.72861970897
3.75 9.875 102135.7667127229
4.25 9.875 38279.34037919608
4.75 9.875 0.0
5.25 9.875 0.0
5.75 9.875 0.0
6.25 9.875 0.0
6.75 9.875 0.0
7.25 9.875 0.0
7.75 9.875 0.0
8.25 9.875 0.0
8.75 9.875 0.0
0.25 10.125 287686.3990897981
0.75 10.125 311297.10588394967
1.25 10.125 123641.18226711472
1.75 10.125 249877.35271022582
2.25 10.125 209293.8346952768
2.75 10.125 220681.69833830063
3.25 10.125 178145.5043795517
3.75 10.125 109776.6269691291
4.25 10.125 81019.5096945728
4.75 10.125 0.0
5.25 10.125 42193.25614674992
5.75 10.125 0.0
6.25 10.125 0.0
6.75 10.125 0.0
7.25 10.125 0.0
7.75 10.125 0.0
8.25 10.125 0.0
8.75 10.125 0.0
0.25 10.375 331007.77854803164
0.75 10.375 235753.08167899688
1.25 10.375 533529.8159608654
1.75 10.375 230283.02427853266
2.25 10.375 478618.06258269795
2.75 10.375 242868.7367748312
3.25 10.375 181170.92657652718
3.75 10.375 43659.506731680514
4.25 10.375 49668.14338256346
4.75 10.375 0.0
5.25 10.375 0.0
5.75 10.375 0.0
6.25 10.375 0.0
6.75 10.375 0.0
7.25 10.375 0.0
7.75 10.375 0.0
8.25 10.375 0.0
8.75 10.375 0.0
0.25 10.625 206919.5580212852
0.75 10.625 318403.76502535515
1.25 10.625 229255.75806941758
1.75 10.625 164459.4247455994
2.25 10.625 372917.98816037946
2.75 10.625 51398.62903282354
3.25 10.625 231161.62492905091
3.75 10.625 200698.59681220504
4.25 10.625 44187.064509685675
4.75 10.625 31841.05047957468
5.25 10.625 34468.71325784682
5.75 10.625 0.0
6.25 10.625 0.0
6.75 10.625 0.0
7.25 10.625 0.0
7.75 10.625 0.0
8.25 10.625 0.0
8.75 10.625 0.0
0.25 10.875 159649.73870604957
0.75 10.875 320301.1693009015
1.25 10.875 164854.4398572611
1.75 10.875 242489.2626903643
2.25 10.875 292806.2450198721
2.75 10.875 213522.6045331473
3.25 10.875 134351.58346704105
3.75 10.875 88977.69712945215
4.25 10.875 126430.0959332842
4.75 10.875 71944.96014986966
5.25 10.875 0.0
5.75 10.875 0.0
6.25 10.875 0.0
6.75 10.875 0.0
7.25 10.875 0.0
7.75 10.875 0.0
8.25 10.875 0.0
8.75 10.875 0.0
0.25 11.125 181922.66436740328
0.75 11.125 271152.73584070295
1.25 11.125 188103.9045726567
1.75 11.125 259643.11849786254
2.25 11.125 342309.75836088584
2.75 11.125 317970.63268531015
3.25 11.125 0.0
3.75 11.125 51910.2834602983
4.25 11.125 0.0
4.75 11.125 84119.64216537001
5.25 11.125 0.0
5.75 11.125 0.0
6.25 11.125 0.0
6.75 11.125 0.0
7.25 11.125 0.0
7.75 11.125 0.0
8.25 11.125 0.0
8.75 11.125 0.0
0.25 11.375 77543.42325924317
0.75 11.375 218412.1922724383
1.25 11.375 167390.72300522233
1.75 11.375 74964.64999344212
2.25 11.375 227144.90929437807
2.75 11.375 40645.69204705658
3.25 11.375 32694.257110156675
3.75 11.375 32395.500681138044
4.25 11.375 0.0
4.75 11.375 0.0
5.25 11.375 0.0
5.75 11.375 0.0
6.25 11.375 0.0
6.75 11.375 0.0
7.25 11.375 0.0
7.75 11.375 0.0
8.25 11.375 0.0
8.75 11.375 0.0
0.25 11.625 165564.39369314932
0.75 11.625 331149.30948387214
1.25 11.625 47129.56166325183
1.75 11.625 148287.04544111362
2.25 11.625 120643.21701974624
2.75 11.625 118371.37703610235
3.25 11.625 221679.05133566094
3.75 11.625 0.0
4.25 11.625 213236.57412034596
4.75 11.625 0.0
5.25 11.625 0.0
5.75 11.625 0.0
6.25 11.625 0.0
6.75 11.625 0.0
7.25 11.625 0.0
7.75 11.625 0.0
8.25 11.625 0.0
8.75 11.625 0.0
0.25 11.875 117592.90624448823
0.75 11.875 311835.58216864103
1.25 11.875 77449.31639562277
1.75 11.875 39517.188807022496
2.25 11.875 227149.44986902914
2.75 11.875 48762.084150050745
3.25 11.875 131713.80689115563
3.75 11.875 212467.75160834077
4.25 11.875 0.0
4.75 11.875 0.0
5.25 11.875 0.0
5.75 11.875 0.0
6.25 11.875 0.0
6.75 11.875 0.0
7.25 11.875 0.0
7.75 11.875 0.0
8.25 11.875 0.0
8.75 11.875 0.0
0.25 12.125 244662.24277899932
0.75 12.125 161870.86132752613
1.25 12.125 406141.9098870687
1.75 12.125 186047.11158684953
2.25 12.125 57132.74243794343
2.75 12.125 249113.91379268258
3.25 12.125 90793.7250218193
3.75 12.125 102667.21807884694
4.25 12.125 0.0
4.75 12.125 38476.96837804049
5.25 12.125 72831.13097324762
5.75 12.125 0.0
6.25 12.125 0.0
6.75 12.125 0.0
7.25 12.125 0.0
7.75 12.125 0.0
8.25 12.125 0.0
8.75 12.125 0.0
0.25 12.375 107397.31317375794
0.75 12.375 82248.9381087708
1.25 12.375 115719.24060285115
1.75 12.375 152413.74066779157
2.25 12.375 52173.66065205618
2.75 12.375 386275.76613230514
3.25 12.375 111437.52910298841
3.75 12.375 79999.27304002836
4.25 12.375 86857.13565902378
4.75 12.375 0.0
5.25 12.375 0.0
5.75 12.375 0.0
6.25 12.375 0.0
6.75 12.375 0.0
7.25 12.375 0.0
7.75 12.375 0.0
8.25 12.375 0.0
8.75 12.375 0.0
0.25 12.625 269065.16183303995
0.75 12.625 43686.980060605914
1.25 12.625 80222.85940637095
1.75 12.625 188255.05501579153
2.25 12.625 78315.79617980646
2.75 12.625 199910.39271361378
3.25 12.625 132709.6748034014
3.75 12.625 39357.41561222355
4.25 12.625 44992.238564530984
4.75 12.625 0.0
5.25 12.625 0.0
5.75 12.625 0.0
6.25 12.625 0.0
6.75 12.625 0.0
7.25 12.625 0.0
7.75 12.625 0.0
8.25 12.625 0.0
8.75 12.625 0.0
0.25 12.875 0.0
0.75 12.875 81184.32443616904
1.25 12.875 39214.25159546319
1.75 12.875 0.0
2.25 12.875 50742.13274177865
2.75 12.875 0.0
3.25 12.875 98755.20878137498
3.75 12.875 46252.19963633536
4.25 12.875 0.0
4.75 12.875 0.0
5.25 12.875 60704.178083542734
5.75 12.875 0.0
6.25 12.875 0.0
6.75 12.875 0.0
7.25 12.875 0.0
7.75 12.875 0.0
8.25 12.875 0.0
8.75 12.875 0.0
0.25 13.125 94378.51093828442
0.75 13.125 126839.79910176963
1.25 13.125 142146.52581750698
1.75 13.125 141013.18601090187
2.25 13.125 89978.28671848534
2.75 13.125 91594.44290719238
3.25 13.125 52188.749281540324
3.75 13.125 57638.078928345945
4.25 13.125 0.0
4.75 13.125 0.0
5.25 13.125 0.0
5.75 13.125 0.0
6.25 13.125 0.0
6.75 13.125 0.0
7.25 13.125 0.0
7.75 13.125 0.0
8.25 13.125 0.0
8.75 13.125 0.0
0.25 13.375 97870.95080525074
0.75 13.375 202165.24575643282
1.25 13.375 427283.10685714363
1.75 13.375 92171.7214444458
2.25 13.375 53023.559740579454
2.75 13.375 134435.53994202614
3.25 13.375 0.0
3.75 13.375 0.0
4.25 13.375 0.0
4.75 13.375 0.0
5.25 13.375 36863.63016559099
5.75 13.375 0.0
6.25 13.375 0.0
6.75 13.375 0.0
7.25 13.375 0.0
7.75 13.375 0.0
8.25 13.375 0.0
8.75 13.375 0.0
0.25 13.625 48038.83204825714
0.75 13.625 179185.17265953205
1.25 13.625 41658.21782707575
1.75 13.625 160859.8508351756
2.25 13.625 0.0
2.75 13.625 161132.19073342858
3.25 13.625 64648.84651912657
3.75 13.625 56834.75328534094
4.25 13.625 70854.49639988961
4.75 13.625 46405.161221687624
5.25 13.625 0.0
5.75 13.625 0.0
6.25 13.625 0.0
6.75 13.625 0.0
7.25 13.625 0.0
7.75 13.625 0.0
8.25 13.625 0.0
8.75 13.625 0.0
0.25 13.875 74075.29091139055
0.75 13.875 0.0
1.25 13.875 23451.363794656874
1.75 13.875 0.0
2.25 13.875 52484.21798534841
2.75 13.875 85601.46856961741
3.25 13.875 41941.41997826353
3.75 13.875 53470.635593580846
4.25 13.875 0.0
4.75 13.875 0.0
5.25 13.875 0.0
5.75 13.875 0.0
6.25 13.875 0.0
6.75 13.875 0.0
7.25 13.875 0.0
7.75 13.875 0.0
8.25 13.875 0.0
8.75 13.875 0.0
0.25 14.125 41569.71810823634
0.75 14.125 119993.98451167715
1.25 14.125 81052.29652236996
1.75 14.125 0.0
2.25 14.125 118859.79466062105
2.75 14.125 99354.54505175726
3.25 14.125 25975.76258185192
3.75 14.125 39675.71252610822
4.25 14.125 0.0
4.75 14.125 0.0
5.25 14.125 32033.78868481601
5.75 14.125 0.0
6.25 14.125 0.0
6.75 14.125 0.0
7.25 14.125 0.0
7.75 14.125 0.0
8.25 14.125 0.0
8.75 14.125 0.0
0.25 14.375 0.0
0.75 14.375 0.0
1.25 14.375 84378.88164239682
1.75 14.375 38041.344638231996
2.25 14.375 94734.70763920582
2.75 14.375 0.0
3.25 14.375 87923.3925824407
3.75 14.375 0.0
4.25 14.375 0.0
4.75 14.375 0.0
5.25 14.375 0.0
5.75 14.375 0.0
6.25 14.375 0.0
6.75 14.375 0.0
7.25 14.375 0.0
7.75 14.375 0.0
8.25 14.375 0.0
8.75 14.375 0.0
0.25 14.625 178119.7192262687
0.75 14.625 43689.28556494291
1.25 14.625 149440.85752333468
1.75 14.625 129976.69865845868
2.25 14.625 41677.131222253694
2.75 14.625 0.0
3.25 14.625 101392.71099260864
3.75 14.625 0.0
4.25 14.625 0.0
4.75 14.625 0.0
5.25 14.625 0.0
5.75 14.625 0.0
6.25 14.625 0.0
6.75 14.625 0.0
7.25 14.625 0.0
7.75 14.625 0.0
8.25 14.625 0.0
8.75 14.625 0.0
0.25 14.875 42408.69125114253
0.75 14.875 60955.540553304185
1.25 14.875 91673.6071505881
1.75 14.875 37007.91827170825
2.25 14.875 0.0
2.75 14.875 94847.9651008406
3.25 14.875 0.0
3.75 14.875 97871.80826110163
4.25 14.875 0.0
4.75 14.875 0.0
5.25 14.875 0.0
5.75 14.875 0.0
6.25 14.875 0.0
6.75 14.875 0.0
7.25 14.875 0.0
7.75 14.875 0.0
8.25 14.875 0.0
8.75 14.875 0.0
0.25 15.125 67705.39606876388
0.75 15.125 121128.79251829507
1.25 15.125 38113.44657872768
1.75 15.125 43800.781320465794
2.25 15.125 161656.06232550618
2.75 15.125 171807.45381460048
3.25 15.125 0.0
3.75 15.125 52697.66947382824
4.25 15.125 0.0
4.75 15.125 0.0
5.25 15.125 0.0
5.75 15.125 0.0
6.25 15.125 0.0
6.75 15.125 0.0
7.25 15.125 0.0
7.75 15.125 0.0
8.25 15.125 0.0
8.75 15.125 0.0
0.25 15.375 0.0
0.75 15.375 0.0
1.25 15.375 172541.7802517338
1.75 15.375 85846.32469574061
2.25 15.375 0.0
2.75 15.375 0.0
3.25 15.375 72737.48555479289
3.75 15.375 90034.57630653302
4.25 15.375 0.0
4.75 15.375 0.0
5.25 15.375 0.0
5.75 15.375 0.0
6.25 15.375 0.0
6.75 15.375 0.0
7.25 15.375 0.0
7.75 15.375 0.0
8.25 15.375 0.0
8.75 15.375 0.0
0.25 15.625 0.0
0.75 15.625 42913.06322859988
1.25 15.625 147396.98416131386
1.75 15.625 79310.75344129225
2.25 15.625 0.0
2.75 15.625 0.0
3.25 15.625 0.0
3.75 15.625 30195.400499329444
4.25 15.625 0.0
4.75 15.625 0.0
5.25 15.625 0.0
5.75 15.625 0.0
6.25 15.625 0.0
6.75 15.625 0.0
7.25 15.625 0.0
7.75 15.625 0.0
8.25 15.625 0.0
8.75 15.625 0.0
0.25 15.875 114063.13968000477
0.75 15.875 0.0
1.25 15.875 0.0
1.75 15.875 0.0
2.25 15.875 0.0
2.75 15.875 0.0
3.25 15.875 0.0
3.75 15.875 0.0
4.25 15.875 31039.9020672552
4.75 15.875 0.0
5.25 15.875 0.0
5.75 15.875 0.0
6.25 15.875 0.0
6.75 15.875 0.0
7.25 15.875 0.0
7.75 15.875 0.0
8.25 15.875 0.0
8.75 15.875 0.0
0.25 16.125 80801.10183356739
0.75 16.125 37879.385033014165
1.25 16.125 83898.26453065246
1.75 16.125 58947.612766742786
2.25 16.125 0.0
2.75 16.125 134176.10479055622
3.25 16.125 85722.55302366757
3.75 16.125 0.0
4.25 16.125 0.0
4.75 16.125 0.0
5.25 16.125 0.0
5.75 16.125 0.0
6.25 16.125 0.0
6.75 16.125 0.0
7.25 16.125 0.0
7.75 16.125 0.0
8.25 16.125 0.0
8.75 16.125 0.0
0.25 16.375 34183.20436163694
0.75 16.375 0.0
1.25 16.375 0.0
1.75 16.375 32402.650000109697
2.25 16.375 0.0
2.75 16.375 0.0
3.25 16.375 0.0
3.75 16.375 0.0
4.25 16.375 0.0
4.75 16.375 0.0
5.25 16.375 0.0
5.75 16.375 0.0
6.25 16.375 0.0
6.75 16.375 0.0
7.25 16.375 0.0
7.75 16.375 0.0
8.25 16.375 0.0
8.75 16.375 0.0
0.25 16.625 228964.47517561875
0.75 16.625 0.0
1.25 16.625 0.0
1.75 16.625 162108.69837718122
2.25 16.625 0.0
2.75 16.625 38913.150928533316
3.25 16.625 0.0
3.75 16.625 42646.86688075259
4.25 16.625 0.0
4.75 16.625 0.0
5.25 16.625 0.0
5.75 16.625 0.0
6.25 16.625 0.0
6.75 16.625 0.0
7.25 16.625 0.0
7.75 16.625 0.0
8.25 16.625 0.0
8.75 16.625 0.0
0.25 16.875 0.0
0.75 16.875 0.0
1.25 16.875 0.0
1.75 16.875 49543.37287309337
2.25 16.875 0.0
2.75 16.875 0.0
3.25 16.875 0.0
3.75 16.875 63317.50935850133
4.25 16.875 0.0
4.75 16.875 0.0
5.25 16.875 0.0
5.75 16.875 0.0
6.25 16.875 0.0
6.75 16.875 0.0
7.25 16.875 0.0
7.75 16.875 0.0
8.25 16.875 0.0
8.75 16.875 0.0
0.25 17.125 65289.150052619334
0.75 17.125 0.0
1.25 17.125 0.0
1.75 17.125 0.0
2.25 17.125 0.0
2.75 17.125 0.0
3.25 17.125 0.0
3.75 17.125 0.0
4.25 17.125 92942.37720994443
4.75 17.125 0.0
5.25 17.125 0.0
5.75 17.125 0.0
6.25 17.125 0.0
6.75 17.125 0.0
7.25 17.125 0.0
7.75 17.125 0.0
8.25 17.125 0.0
8.75 17.125 0.0
0.25 17.375 111628.06320485845
0.75 17.375 0.0
1.25 17.375 0.0
1.75 17.375 0.0
2.25 17.375 97526.01524208797
2.75 17.375 0.0
3.25 17.375 0.0
3.75 17.375 0.0
4.25 17.375 0.0
4.75 17.375 0.0
5.25 17.375 0.0
5.75 17.375 0.0
6.25 17.375 0.0
6.75 17.375 0.0
7.25 17.375 0.0
7.75 17.375 0.0
8.25 17.375 0.0
8.75 17.375 0.0
0.25 17.625 47042.31069055144
0.75 17.625 48603.97500002743
1.25 17.625 52187.87631351909
1.75 17.625 0.0
2.25 17.625 88508.51287744619
2.75 17.625 0.0
3.25 17.625 77493.37924734062
3.75 17.625 0.0
4.25 17.625 0.0
4.75 17.625 0.0
5.25 17.625 0.0
5.75 17.625 0.0
6.25 17.625 0.0
6.75 17.625 0.0
7.25 17.625 0.0
7.75 17.625 0.0
8.25 17.625 0.0
8.75 17.625 0.0
0.25 17.875 86880.78622512543
0.75 17.875 0.0
1.25 17.875 0.0
1.75 17.875 0.0
2.25 17.875 48648.73988115808
2.75 17.875 44616.27309727127
3.25 17.875 0.0
3.75 17.875 0.0
4.25 17.875 0.0
4.75 17.875 0.0
5.25 17.875 0.0
5.75 17.875 0.0
6.25 17.875 0.0
6.75 17.875 0.0
7.25 17.875 0.0
7.75 17.875 0.0
8.25 17.875 0.0
8.75 17.875 0.0
0.25 18.125 74926.61813815367
0.75 18.125 0.0
1.25 18.125 0.0
1.75 18.125 0.0
2.25 18.125 45671.57031350106
2.75 18.125 0.0
3.25 18.125 116628.84543808457
3.75 18.125 0.0
4.25 18.125 0.0
4.75 18.125 0.0
5.25 18.125 0.0
5.75 18.125 0.0
6.25 18.125 0.0
6.75 18.125 0.0
7.25 18.125 0.0
7.75 18.125 0.0
8.25 18.125 0.0
8.75 18.125 0.0
0.25 18.375 0.0
0.75 18.375 46577.872512834794
1.25 18.375 0.0
1.75 18.375 0.0
2.25 18.375 0.0
2.75 18.375 0.0
3.25 18.375 0.0
3.75 18.375 0.0
4.25 18.375 0.0
4.75 18.375 0.0
5.25 18.375 0.0
5.75 18.375 0.0
6.25 18.375 0.0
6.75 18.375 0.0
7.25 18.375 0.0
7.75 18.375 0.0
8.25 18.375 0.0
8.75 18.375 0.0
0.25 18.625 39220.467150426
0.75 18.625 0.0
1.25 18.625 0.0
1.75 18.625 0.0
2.25 18.625 0.0
2.75 18.625 0.0
3.25 18.625 0.0
3.75 18.625 0.0
4.25 18.625 0.0
4.75 18.625 0.0
5.25 18.625 0.0
5.75 18.625 0.0
6.25 18.625 0.0
6.75 18.625 0.0
7.25 18.625 0.0
7.75 18.625 0.0
8.25 18.625 0.0
8.75 18.625 0.0
0.25 18.875 48491.136382825876
0.75 18.875 0.0
1.25 18.875 0.0
1.75 18.875 0.0
2.25 18.875 43331.85424372003
2.75 18.875 41692.65305819779
3.25 18.875 0.0
3.75 18.875 0.0
4.25 18.875 0.0
4.75 18.875 0.0
5.25 18.875 0.0
5.75 18.875 0.0
6.25 18.875 0.0
6.75 18.875 0.0
7.25 18.875 0.0
7.75 18.875 0.0
8.25 18.875 0.0
8.75 18.875 0.0
0.25 19.125 0.0
0.75 19.125 0.0
1.25 19.125 0.0
1.75 19.125 0.0
2.25 19.125 0.0
2.75 19.125 0.0
3.25 19.125 0.0
3.75 19.125 0.0
4.25 19.125 0.0
4.75 19.125 0.0
5.25 19.125 0.0
5.75 19.125 0.0
6.25 19.125 0.0
6.75 19.125 0.0
7.25 19.125 0.0
7.75 19.125 0.0
8.25 19.125 0.0
8.75 19.125 0.0
0.25 19.375 52045.47863969112
0.75 19.375 42763.59596380913
1.25 19.375 0.0
1.75 19.375 0.0
2.25 19.375 0.0
2.75 19.375 0.0
3.25 19.375 46726.714325203975
3.75 19.375 0.0
4.25 19.375 0.0
4.75 19.375 0.0
5.25 19.375 0.0
5.75 19.375 0.0
6.25 19.375 0.0
6.75 19.375 0.0
7.25 19.375 0.0
7.75 19.375 0.0
8.25 19.375 0.0
8.75 19.375 0.0
0.25 19.625 48603.97500002743
0.75 19.625 0.0
1.25 19.625 33162.03280838796
1.75 19.625 84160.0756448348
2.25 19.625 0.0
2.75 19.625 48603.97500002743
3.25 19.625 0.0
3.75 19.625 80282.16688596699
4.25 19.625 0.0
4.75 19.625 0.0
5.25 19.625 0.0
5.75 19.625 0.0
6.25 19.625 0.0
6.75 19.625 0.0
7.25 19.625 0.0
7.75 19.625 0.0
8.25 19.625 0.0
8.75 19.625 0.0
0.25 19.875 51032.995288660306
0.75 19.875 0.0
1.25 19.875 0.0
1.75 19.875 0.0
2.25 19.875 0.0
2.75 19.875 0.0
3.25 19.875 0.0
3.75 19.875 0.0
4.25 19.875 0.0
4.75 19.875 0.0
5.25 19.875 0.0
5.75 19.875 0.0
6.25 19.875 0.0
6.75 19.875 0.0
7.25 19.875 0.0
7.75 19.875 0.0
8.25 19.875 0.0
8.75 19.875 0.0
0.25 20.125 0.0
0.75 20.125 0.0
1.25 20.125 0.0
1.75 20.125 0.0
2.25 20.125 0.0
2.75 20.125 48603.97500002743
3.25 20.125 0.0
3.75 20.125 0.0
4.25 20.125 0.0
4.75 20.125 0.0
5.25 20.125 0.0
5.75 20.125 0.0
6.25 20.125 0.0
6.75 20.125 0.0
7.25 20.125 0.0
7.75 20.125 0.0
8.25 20.125 0.0
8.75 20.125 0.0
0.25 20.375 0.0
0.75 20.375 48603.97500002743
1.25 20.375 0.0
1.75 20.375 46328.592084059084
2.25 20.375 0.0
2.75 20.375 0.0
3.25 20.375 0.0
3.75 20.375 0.0
4.25 20.375 0.0
4.75 20.375 0.0
5.25 20.375 0.0
5.75 20.375 0.0
6.25 20.375 0.0
6.75 20.375 0.0
7.25 20.375 0.0
7.75 20.375 0.0
8.25 20.375 0.0
8.75 20.375 0.0
0.25 20.625 0.0
0.75 20.625 0.0
1.25 20.625 61976.960219885215
1.75 20.625 0.0
2.25 20.625 0.0
2.75 20.625 0.0
3.25 20.625 34684.16915526227
3.75 20.625 0.0
4.25 20.625 41809.62450536627
4.75 20.625 0.0
5.25 20.625 0.0
5.75 20.625 0.0
6.25 20.625 0.0
6.75 20.625 0.0
7.25 20.625 0.0
7.75 20.625 0.0
8.25 20.625 0.0
8.75 20.625 0.0
0.25 20.875 0.0
0.75 20.875 0.0
1.25 20.875 48999.894144716745
1.75 20.875 0.0
2.25 20.875 31905.611954489068
2.75 20.875 0.0
3.25 20.875 0.0
3.75 20.875 0.0
4.25 20.875 0.0
4.75 20.875 0.0
5.25 20.875 0.0
5.75 20.875 0.0
6.25 20.875 0.0
6.75 20.875 0.0
7.25 20.875 0.0
7.75 20.875 0.0
8.25 20.875 0.0
8.75 20.875 0.0
0.25 21.125 0.0
0.75 21.125 50194.38576709112
1.25 21.125 43166.6226103942
1.75 21.125 53285.35452437963
2.25 21.125 0.0
2.75 21.125 0.0
3.25 21.125 0.0
3.75 21.125 0.0
4.25 21.125 0.0
4.75 21.125 0.0
5.25 21.125 0.0
5.75 21.125 0.0
6.25 21.125 0.0
6.75 21.125 0.0
7.25 21.125 0.0
7.75 21.125 0.0
8.25 21.125 0.0
8.75 21.125 0.0
0.25 21.375 0.0
0.75 21.375 0.0
1.25 21.375 0.0
1.75 21.375 0.0
2.25 21.375 0.0
2.75 21.375 0.0
3.25 21.375 0.0
3.75 21.375 0.0
4.25 21.375 0.0
4.75 21.375 0.0
5.25 21.375 0.0
5.75 21.375 0.0
6.25 21.375 0.0
6.75 21.375 0.0
7.25 21.375 0.0
7.75 21.375 0.0
8.25 21.375 0.0
8.75 21.375 0.0
0.25 21.625 41884.53081526462
0.75 21.625 0.0
1.25 21.625 0.0
1.75 21.625 0.0
2.25 21.625 0.0
2.75 21.625 0.0
3.25 21.625 0.0
3.75 21.625 0.0
4.25 21.625 0.0
4.75 21.625 0.0
5.25 21.625 0.0
5.75 21.625 0.0
6.25 21.625 0.0
6.75 21.625 0.0
7.25 21.625 0.0
7.75 21.625 0.0
8.25 21.625 0.0
8.75 21.625 0.0
0.25 21.875 0.0
0.75 21.875 0.0
1.25 21.875 0.0
1.75 21.875 0.0
2.25 21.875 0.0
2.75 21.875 0.0
3.25 21.875 0.0
3.75 21.875 111471.80796707724
4.25 21.875 0.0
4.75 21.875 0.0
5.25 21.875 0.0
5.75 21.875 0.0
6.25 21.875 0.0
6.75 21.875 0.0
7.25 21.875 0.0
7.75 21.875 0.0
8.25 21.875 0.0
8.75 21.875 0.0
0.25 22.125 0.0
0.75 22.125 32596.503929623792
1.25 22.125 0.0
1.75 22.125 0.0
2.25 22.125 0.0
2.75 22.125 0.0
3.25 22.125 46419.0628449744
3.75 22.125 0.0
4.25 22.125 0.0
4.75 22.125 0.0
5.25 22.125 0.0
5.75 22.125 0.0
6.25 22.125 0.0
6.75 22.125 0.0
7.25 22.125 0.0
7.75 22.125 0.0
8.25 22.125 0.0
8.75 22.125 0.0
0.25 22.375 0.0
0.75 22.375 0.0
1.25 22.375 0.0
1.75 22.375 0.0
2.25 22.375 22512.147107897246
2.75 22.375 0.0
3.25 22.375 0.0
3.75 22.375 0.0
4.25 22.375 0.0
4.75 22.375 0.0
5.25 22.375 0.0
5.75 22.375 0.0
6.25 22.375 0.0
6.75 22.375 0.0
7.25 22.375 0.0
7.75 22.375 0.0
8.25 22.375 0.0
8.75 22.375 0.0
0.25 22.625 0.0
0.75 22.625 0.0
1.25 22.625 43503.53183218622
1.75 22.625 44008.281563221426
2.25 22.625 0.0
2.75 22.625 0.0
3.25 22.625 0.0
3.75 22.625 0.0
4.25 22.625 0.0
4.75 22.625 0.0
5.25 22.625 0.0
5.75 22.625 0.0
6.25 22.625 0.0
6.75 22.625 0.0
7.25 22.625 0.0
7.75 22.625 0.0
8.25 22.625 0.0
8.75 22.625 0.0
0.25 22.875 0.0
0.75 22.875 0.0
1.25 22.875 0.0
1.75 22.875 0.0
2.25 22.875 0.0
2.75 22.875 0.0
3.25 22.875 0.0
3.75 22.875 0.0
4.25 22.875 0.0
4.75 22.875 0.0
5.25 22.875 0.0
5.75 22.875 0.0
6.25 22.875 0.0
6.75 22.875 0.0
7.25 22.875 0.0
7.75 22.875 0.0
8.25 22.875 0.0
8.75 22.875 0.0
0.25 23.125 0.0
0.75 23.125 0.0
1.25 23.125 0.0
1.75 23.125 0.0
2.25 23.125 0.0
2.75 23.125 52340.89276397333
3.25 23.125 0.0
3.75 23.125 0.0
4.25 23.125 0.0
4.75 23.125 0.0
5.25 23.125 0.0
5.75 23.125 0.0
6.25 23.125 0.0
6.75 23.125 0.0
7.25 23.125 0.0
7.75 23.125 0.0
8.25 23.125 0.0
8.75 23.125 0.0
0.25 23.375 0.0
0.75 23.375 19525.483531200927
1.25 23.375 0.0
1.75 23.375 0.0
2.25 23.375 0.0
2.75 23.375 0.0
3.25 23.375 0.0
3.75 23.375 0.0
4.25 23.375 0.0
4.75 23.375 0.0
5.25 23.375 0.0
5.75 23.375 0.0
6.25 23.375 0.0
6.75 23.375 0.0
7.25 23.375 0.0
7.75 23.375 0.0
8.25 23.375 0.0
8.75 23.375 0.0
0.25 23.625 0.0
0.75 23.625 0.0
1.25 23.625 0.0
1.75 23.625 0.0
2.25 23.625 0.0
2.75 23.625 0.0
3.25 23.625 0.0
3.75 23.625 0.0
4.25 23.625 0.0
4.75 23.625 0.0
5.25 23.625 0.0
5.75 23.625 0.0
6.25 23.625 0.0
6.75 23.625 0.0
7.25 23.625 0.0
7.75 23.625 0.0
8.25 23.625 0.0
8.75 23.625 0.0
0.25 23.875 0.0
0.75 23.875 0.0
1.25 23.875 0.0
1.75 23.875 0.0
2.25 23.875 0.0
2.75 23.875 0.0
3.25 23.875 54894.36790217513
3.75 23.875 0.0
4.25 23.875 0.0
4.75 23.875 0.0
5.25 23.875 0.0
5.75 23.875 0.0
6.25 23.875 0.0
6.75 23.875 0.0
7.25 23.875 0.0
7.75 23.875 0.0
8.25 23.875 0.0
8.75 23.875 0.0
0.25 24.125 0.0
0.75 24.125 0.0
1.25 24.125 0.0
1.75 24.125 40847.63390637307
2.25 24.125 0.0
2.75 24.125 0.0
3.25 24.125 0.0
3.75 24.125 0.0
4.25 24.125 0.0
4.75 24.125 0.0
5.25 24.125 0.0
5.75 24.125 0.0
6.25 24.125 0.0
6.75 24.125 0.0
7.25 24.125 0.0
7.75 24.125 0.0
8.25 24.125 0.0
8.75 24.125 0.0
0.25 24.375 0.0
0.75 24.375 0.0
1.25 24.375 0.0
1.75 24.375 0.0
2.25 24.375 0.0
2.75 24.375 0.0
3.25 24.375 0.0
3.75 24.375 0.0
4.25 24.375 0.0
4.75 24.375 0.0
5.25 24.375 0.0
5.75 24.375 0.0
6.25 24.375 0.0
6.75 24.375 0.0
7.25 24.375 0.0
7.75 24.375 0.0
8.25 24.375 0.0
8.75 24.375 0.0
0.25 24.625 0.0
0.75 24.625 58721.43019811512
1.25 24.625 0.0
1.75 24.625 0.0
2.25 24.625 0.0
2.75 24.625 0.0
3.25 24.625 0.0
3.75 24.625 0.0
4.25 24.625 0.0
4.75 24.625 0.0
5.25 24.625 0.0
5.75 24.625 0.0
6.25 24.625 0.0
6.75 24.625 0.0
7.25 24.625 0.0
7.75 24.625 0.0
8.25 24.625 0.0
8.75 24.625 0.0
0.25 24.875 0.0
0.75 24.875 0.0
1.25 24.875 0.0
1.75 24.875 0.0
2.25 24.875 0.0
2.75 24.875 0.0
3.25 24.875 0.0
3.75 24.875 0.0
4.25 24.875 0.0
4.75 24.875 0.0
5.25 24.875 0.0
5.75 24.875 0.0
6.25 24.875 0.0
6.75 24.875 0.0
7.25 24.875 0.0
7.75 24.875 0.0
8.25 24.875 0.0
8.75 24.875 0.0
0.25 25.125 0.0
0.75 25.125 0.0
1.25 25.125 0.0
1.75 25.125 0.0
2.25 25.125 0.0
2.75 25.125 0.0
3.25 25.125 0.0
3.75 25.125 0.0
4.25 25.125 0.0
4.75 25.125 0.0
5.25 25.125 0.0
5.75 25.125 0.0
6.25 25.125 0.0
6.75 25.125 0.0
7.25 25.125 0.0
7.75 25.125 0.0
8.25 25.125 0.0
8.75 25.125 0.0
0.25 25.375 35480.313394184595
0.75 25.375 0.0
1.25 25.375 0.0
1.75 25.375 0.0
2.25 25.375 0.0
2.75 25.375 0.0
3.25 25.375 0.0
3.75 25.375 0.0
4.25 25.375 0.0
4.75 25.375 0.0
5.25 25.375 0.0
5.75 25.375 0.0
6.25 25.375 0.0
6.75 25.375 0.0
7.25 25.375 0.0
7.75 25.375 0.0
8.25 25.375 0.0
8.75 25.375 0.0
0.25 25.625 0.0
0.75 25.625 0.0
1.25 25.625 0.0
1.75 25.625 0.0
2.25 25.625 0.0
2.75 25.625 0.0
3.25 25.625 0.0
3.75 25.625 0.0
4.25 25.625 0.0
4.75 25.625 0.0
5.25 25.625 0.0
5.75 25.625 0.0
6.25 25.625 0.0
6.75 25.625 0.0
7.25 25.625 0.0
7.75 25.625 0.0
8.25 25.625 0.0
8.75 25.625 0.0
0.25 25.875 0.0
0.75 25.875 0.0
1.25 25.875 0.0
1.75 25.875 0.0
2.25 25.875 0.0
2.75 25.875 0.0
3.25 25.875 0.0
3.75 25.875 0.0
4.25 25.875 0.0
4.75 25.875 0.0
5.25 25.875 0.0
5.75 25.875 0.0
6.25 25.875 0.0
6.75 25.875 0.0
7.25 25.875 0.0
7.75 25.875 0.0
8.25 25.875 0.0
8.75 25.875 0.0
0.25 26.125 0.0
0.75 26.125 0.0
1.25 26.125 0.0
1.75 26.125 0.0
2.25 26.125 0.0
2.75 26.125 0.0
3.25 26.125 0.0
3.75 26.125 0.0
4.25 26.125 0.0
4.75 26.125 0.0
5.25 26.125 0.0
5.75 26.125 0.0
6.25 26.125 0.0
6.75 26.125 0.0
7.25 26.125 0.0
7.75 26.125 0.0
8.25 26.125 0.0
8.75 26.125 0.0
0.25 26.375 0.0
0.75 26.375 0.0
1.25 26.375 0.0
1.75 26.375 0.0
2.25 26.375 0.0
2.75 26.375 0.0
3.25 26.375 0.0
3.75 26.375 0.0
4.25 26.375 0.0
4.75 26.375 0.0
5.25 26.375 0.0
5.75 26.375 0.0
6.25 26.375 0.0
6.75 26.375 0.0
7.25 26.375 0.0
7.75 26.375 0.0
8.25 26.375 0.0
8.75 26.375 0.0
0.25 26.625 0.0
0.75 26.625 0.0
1.25 26.625 0.0
1.75 26.625 0.0
2.25 26.625 0.0
2.75 26.625 0.0
3.25 26.625 0.0
3.75 26.625 0.0
4.25 26.625 0.0
4.75 26.625 0.0
5.25 26.625 0.0
5.75 26.625 0.0
6.25 26.625 0.0
6.75 26.625 0.0
7.25 26.625 0.0
7.75 26.625 0.0
8.25 26.625 0.0
8.75 26.625 0.0
0.25 26.875 0.0
0.75 26.875 0.0
1.25 26.875 0.0
1.75 26.875 0.0
2.25 26.875 0.0
2.75 26.875 0.0
3.25 26.875 0.0
3.75 26.875 0.0
4.25 26.875 0.0
4.75 26.875 0.0
5.25 26.875 0.0
5.75 26.875 0.0
6.25 26.875 0.0
6.75 26.875 0.0
7.25 26.875 0.0
7.75 26.875 0.0
8.25 26.875 0.0
8.75 26.875 0.0
0.25 27.125 0.0
0.75 27.125 0.0
1.25 27.125 0.0
1.75 27.125 0.0
2.25 27.125 0.0
2.75 27.125 0.0
3.25 27.125 0.0
3.75 27.125 0.0
4.25 27.125 0.0
4.75 27.125 0.0
5.25 27.125 0.0
5.75 27.125 0.0
6.25 27.125 0.0
6.75 27.125 0.0
7.25 27.125 0.0
7.75 27.125 0.0
8.25 27.125 0.0
8.75 27.125 0.0
0.25 27.375 0.0
0.75 27.375 0.0
1.25 27.375 0.0
1.75 27.375 0.0
2.25 27.375 0.0
2.75 27.375 0.0
3.25 27.375 0.0
3.75 27.375 0.0
4.25 27.375 0.0
4.75 27.375 0.0
5.25 27.375 0.0
5.75 27.375 0.0
6.25 27.375 0.0
6.75 27.375 0.0
7.25 27.375 0.0
7.75 27.375 0.0
8.25 27.375 0.0
8.75 27.375 0.0
0.25 27.625 0.0
0.75 27.625 0.0
1.25 27.625 0.0
1.75 27.625 0.0
2.25 27.625 0.0
2.75 27.625 0.0
3.25 27.625 0.0
3.75 27.625 0.0
4.25 27.625 0.0
4.75 27.625 0.0
5.25 27.625 0.0
5.75 27.625 0.0
6.25 27.625 0.0
6.75 27.625 0.0
7.25 27.625 0.0
7.75 27.625 0.0
8.25 27.625 0.0
8.75 27.625 0.0
0.25 27.875 0.0
0.75 27.875 0.0
1.25 27.875 0.0
1.75 27.875 0.0
2.25 27.875 32402.650000109697
2.75 27.875 0.0
3.25 27.875 0.0
3.75 27.875 0.0
4.25 27.875 0.0
4.75 27.875 0.0
5.25 27.875 0.0
5.75 27.875 0.0
6.25 27.875 0.0
6.75 27.875 0.0
7.25 27.875 0.0
7.75 27.875 0.0
8.25 27.875 0.0
8.75 27.875 0.0
0.25 28.125 0.0
0.75 28.125 0.0
1.25 28.125 0.0
1.75 28.125 0.0
2.25 28.125 0.0
2.75 28.125 0.0
3.25 28.125 0.0
3.75 28.125 0.0
4.25 28.125 0.0
4.75 28.125 0.0
5.25 28.125 0.0
5.75 28.125 0.0
6.25 28.125 0.0
6.75 28.125 0.0
7.25 28.125 0.0
7.75 28.125 0.0
8.25 28.125 0.0
8.75 28.125 0.0
0.25 28.375 0.0
0.75 28.375 978222.738800216
1.25 28.375 0.0
1.75 28.375 0.0
2.25 28.375 0.0
2.75 28.375 0.0
3.25 28.375 0.0
3.75 28.375 0.0
4.25 28.375 0.0
4.75 28.375 0.0
5.25 28.375 0.0
5.75 28.375 0.0
6.25 28.375 0.0
6.75 28.375 0.0
7.25 28.375 0.0
7.75 28.375 0.0
8.25 28.375 0.0
8.75 28.375 0.0
0.25 28.625 0.0
0.75 28.625 0.0
1.25 28.625 0.0
1.75 28.625 0.0
2.25 28.625 0.0
2.75 28.625 0.0
3.25 28.625 44678.9165214676
3.75 28.625 0.0
4.25 28.625 0.0
4.75 28.625 0.0
5.25 28.625 0.0
5.75 28.625 0.0
6.25 28.625 0.0
6.75 28.625 0.0
7.25 28.625 0.0
7.75 28.625 0.0
8.25 28.625 0.0
8.75 28.625 0.0
0.25 28.875 100357.09648134351
0.75 28.875 0.0
1.25 28.875 0.0
1.75 28.875 0.0
2.25 28.875 0.0
2.75 28.875 0.0
3.25 28.875 0.0
3.75 28.875 0.0
4.25 28.875 0.0
4.75 28.875 0.0
5.25 28.875 0.0
5.75 28.875 0.0
6.25 28.875 0.0
6.75 28.875 0.0
7.25 28.875 0.0
7.75 28.875 0.0
8.25 28.875 0.0
8.75 28.875 0.0
0.25 29.125 0.0
0.75 29.125 0.0
1.25 29.125 0.0
1.75 29.125 0.0
2.25 29.125 0.0
2.75 29.125 0.0
3.25 29.125 0.0
3.75 29.125 0.0
4.25 29.125 0.0
4.75 29.125 0.0
5.25 29.125 0.0
5.75 29.125 0.0
6.25 29.125 0.0
6.75 29.125 0.0
7.25 29.125 0.0
7.75 29.125 0.0
8.25 29.125 0.0
8.75 29.125 0.0
0.25 29.375 0.0
0.75 29.375 0.0
1.25 29.375 0.0
1.75 29.375 0.0
2.25 29.375 0.0
2.75 29.375 0.0
3.25 29.375 0.0
3.75 29.375 0.0
4.25 29.375 0.0
4.75 29.375 0.0
5.25 29.375 0.0
5.75 29.375 0.0
6.25 29.375 0.0
6.75 29.375 0.0
7.25 29.375 0.0
7.75 29.375 0.0
8.25 29.375 0.0
8.75 29.375 0.0
0.25 29.625 48603.97500002743
0.75 29.625 0.0
1.25 29.625 0.0
1.75 29.625 0.0
2.25 29.625 0.0
2.75 29.625 0.0
3.25 29.625 0.0
3.75 29.625 0.0
4.25 29.625 0.0
4.75 29.625 0.0
5.25 29.625 0.0
5.75 29.625 0.0
6.25 29.625 0.0
6.75 29.625 0.0
7.25 29.625 0.0
7.75 29.625 0.0
8.25 29.625 0.0
8.75 29.625 0.0
0.25 29.875 0.0
0.75 29.875 0.0
1.25 29.875 0.0
1.75 29.875 0.0
2.25 29.875 0.0
2.75 29.875 0.0
3.25 29.875 0.0
3.75 29.875 0.0
4.25 29.875 0.0
4.75 29.875 0.0
5.25 29.875 0.0
5.75 29.875 0.0
6.25 29.875 0.0
6.75 29.875 0.0
7.25 29.875 0.0
7.75 29.875 0.0
8.25 29.875 0.0
8.75 29.875 0.0
