11.294627058970837 317.8193363867373
14.219093021276404 116.14792940578337
17.900777537149963 8209.705573656023
22.535743732392298 13804.406557121798
28.370820458389794 19276.438423919804
35.71674682851676 17364.459475180833
44.96472020903849 44238.70407471333
56.60722890537329 69334.25915036009
71.26427896022373 130944.26844438197
89.71641173621407 213203.9366008556
112.94627058970838 291236.924922597
142.1909302127641 412247.43726806727
179.00777537149963 550191.4718292849
225.35743732392305 754877.156494047
283.7082045838981 1016260.6063680178
357.1674682851676 1119400.6383099821
449.6472020903849 1338364.8776989821
566.0722890537327 1515000.642335873
712.6427896022376 1410278.2631056495
897.164117362141 1456428.842629902
1129.4627058970837 1188431.1956557669
1421.9093021276408 873944.353005683
1790.0777537149975 529297.0574472956
2253.5743732392316 303498.6784845982
2837.082045838981 132030.5647459235
3571.674682851676 53534.91681718454
4496.47202090385 16670.266898820177
5660.72289053733 2592.466205626726
7126.427896022379 342.7407053504139
8971.64117362141 5.403014129027724
