0.25 0.125 61547062.540161625
0.75 0.125 61958061.54116978
1.25 0.125 62881258.57316103
1.75 0.125 67246765.6998724
2.25 0.125 68269824.72711001
2.75 0.125 71259559.03311864
3.25 0.125 71866837.60608563
3.75 0.125 75198093.53516436
4.25 0.125 68405464.5049999
4.75 0.125 65498060.15647666
5.25 0.125 54474343.1665864
5.75 0.125 45424205.17129211
6.25 0.125 36738962.21441809
6.75 0.125 29622011.618012592
7.25 0.125 23497769.62106141
7.75 0.125 13781706.139541319
8.25 0.125 5507320.175187879
8.75 0.125 733079.7405329911
0.25 0.375 189697894.09951994
0.75 0.375 192542748.6275846
1.25 0.375 192888182.0427983
1.75 0.375 199258865.64317417
2.25 0.375 201709617.89502063
2.75 0.375 212819748.354662
3.25 0.375 221040668.16160417
3.75 0.375 221895614.7288653
4.25 0.375 213275597.8070948
4.75 0.375 195793675.09623396
5.25 0.375 172727448.8831577
5.75 0.375 140702048.77735436
6.25 0.375 114465943.5605595
6.75 0.375 92499920.0575888
7.25 0.375 69030498.6939367
7.75 0.375 40863852.338824
8.25 0.375 15920129.597847568
8.75 0.375 1862404.61891182
0.25 0.625 310797188.51377934
0.75 0.625 313525166.4167521
1.25 0.625 318003090.9498572
1.75 0.625 312792367.1860386
2.25 0.625 322804246.3843356
2.75 0.625 332310160.5328401
3.25 0.625 340818026.47960263
3.75 0.625 348507055.0582309
4.25 0.625 338746684.8947634
4.75 0.625 313146381.2215428
5.25 0.625 274631862.94658005
5.75 0.625 224620525.62729394
6.25 0.625 182108474.38772157
6.75 0.625 141431249.90561023
7.25 0.625 100949394.47528365
7.75 0.625 60202168.606616
8.25 0.625 24309954.69321348
8.75 0.625 2103888.7546159583
0.25 0.875 396852445.8739474
0.75 0.875 393813348.2890483
1.25 0.875 393150966.2674746
1.75 0.875 387598641.358718
2.25 0.875 390803600.2964926
2.75 0.875 396154218.5986632
3.25 0.875 405858083.395732
3.75 0.875 405777456.701422
4.25 0.875 394704824.4407969
4.75 0.875 369458226.1851781
5.25 0.875 325573363.70633525
5.75 0.875 268478498.71509886
6.25 0.875 214203775.7275182
6.75 0.875 159992245.99267215
7.25 0.875 114865231.91403317
7.75 0.875 64506057.132138334
8.25 0.875 24144555.298320636
8.75 0.875 1515694.1984609922
0.25 1.125 415745260.20587057
0.75 1.125 418524192.6898735
1.25 1.125 405382905.7697412
1.75 1.125 409250538.7605084
2.25 1.125 403846494.6636027
2.75 1.125 403118642.8206434
3.25 1.125 406178200.7928543
3.75 1.125 389426962.3331581
4.25 1.125 388726557.5230416
4.75 1.125 360435674.1115999
5.25 1.125 319077430.8803168
5.75 1.125 264359244.73807466
6.25 1.125 209233740.91020304
6.75 1.125 151348002.71957228
7.25 1.125 101915919.42661224
7.75 1.125 55522743.58511315
8.25 1.125 17176941.455169074
8.75 1.125 587072.1288419747
0.25 1.375 396233149.03179514
0.75 1.375 389275708.6682498
1.25 1.375 389010240.8633295
1.75 1.375 383770650.1655425
2.25 1.375 379201607.2884672
2.75 1.375 373114022.8367769
3.25 1.375 373537771.0056884
3.75 1.375 363053068.38157886
4.25 1.375 344185298.2111035
4.75 1.375 308041649.3709584
5.25 1.375 275150778.5984421
5.75 1.375 226892511.4846628
6.25 1.375 172333711.07765076
6.75 1.375 123366208.4336481
7.25 1.375 80285333.36287332
7.75 1.375 40478465.5368013
8.25 1.375 9764241.629545374
8.75 1.375 84547.01174352498
0.25 1.625 350170462.053352
0.75 1.625 348789214.6625236
1.25 1.625 341754643.2387294
1.75 1.625 338972144.25870335
2.25 1.625 330713785.5156209
2.75 1.625 324182920.8638979
3.25 1.625 319437709.2267284
3.75 1.625 305559273.3598621
4.25 1.625 287175987.5060055
4.75 1.625 256133949.906593
5.25 1.625 221781334.58526346
5.75 1.625 179259001.3202415
6.25 1.625 133711126.40637557
6.75 1.625 93636650.78794691
7.25 1.625 55851913.917675436
7.75 1.625 24706980.93504249
8.25 1.625 3831507.9069214705
8.75 1.625 22569.723102394255
0.25 1.875 293078135.4419703
0.75 1.875 295150753.0370233
1.25 1.875 288771167.44678956
1.75 1.875 282288796.5761617
2.25 1.875 282762956.6256362
2.75 1.875 271661517.8756204
3.25 1.875 267423468.0993119
3.75 1.875 249731193.422737
4.25 1.875 229442153.63850206
4.75 1.875 199128745.29405737
5.25 1.875 168138320.79059127
5.75 1.875 135888079.57413027
6.25 1.875 98466689.05776198
6.75 1.875 63307613.0096744
7.25 1.875 36431208.67316519
7.75 1.875 14010078.032279963
8.25 1.875 1376100.3212390242
8.75 1.875 0.0
0.25 2.125 242888426.68225735
0.75 2.125 242087839.4585169
1.25 2.125 237966155.73694834
1.75 2.125 235544108.04115504
2.25 2.125 231644121.77192864
2.75 2.125 227865338.23454645
3.25 2.125 215612497.97705504
3.75 2.125 196630582.56560996
4.25 2.125 179918249.21849784
4.75 2.125 154743766.99792957
5.25 2.125 130322277.94672902
5.75 2.125 99849586.01912147
6.25 2.125 68185949.40556161
6.75 2.125 42748311.08421019
7.25 2.125 22491439.95525153
7.75 2.125 6721840.331024202
8.25 2.125 616288.7188220753
8.75 2.125 0.0
0.25 2.375 202210956.17720425
0.75 2.375 198652671.10626873
1.25 2.375 196566096.6731867
1.75 2.375 190699989.31723395
2.25 2.375 187148716.04218498
2.75 2.375 184565028.78865376
3.25 2.375 171809085.54021907
3.75 2.375 157941111.08702654
4.25 2.375 141104078.892949
4.75 2.375 120162765.00111532
5.25 2.375 97452572.64206085
5.75 2.375 70129996.22219105
6.25 2.375 47942255.109868035
6.75 2.375 29953943.816653274
7.25 2.375 15074273.077459315
7.75 2.375 3113971.767804876
8.25 2.375 202728.209758598
8.75 2.375 0.0
0.25 2.625 167152250.6732721
0.75 2.625 159188144.68757376
1.25 2.625 161020945.4451241
1.75 2.625 156477877.02457967
2.25 2.625 154099082.70591944
2.75 2.625 149540902.65120485
3.25 2.625 142847388.46832892
3.75 2.625 128781695.38194285
4.25 2.625 111244447.1814029
4.75 2.625 95494476.46894345
5.25 2.625 71024954.80296995
5.75 2.625 52131320.199613646
6.25 2.625 33994503.871344976
6.75 2.625 19894692.775012527
7.25 2.625 8660102.825718207
7.75 2.625 1662000.9001865827
8.25 2.625 22654.38051643215
8.75 2.625 0.0
0.25 2.875 134640497.46792713
0.75 2.875 129478956.21194087
1.25 2.875 130370640.88349143
1.75 2.875 128696672.12317243
2.25 2.875 125483663.33397704
2.75 2.875 123996486.1828383
3.25 2.875 112690571.93727553
3.75 2.875 100525686.20826195
4.25 2.875 88687184.9299538
4.75 2.875 71317736.14878887
5.25 2.875 55521889.49617262
5.75 2.875 36738928.164840356
6.25 2.875 24071387.145381477
6.75 2.875 12653908.970554074
7.25 2.875 5012204.46882169
7.75 2.875 775007.7315127848
8.25 2.875 4431.444611952618
8.75 2.875 0.0
0.25 3.125 110790996.08753665
0.75 3.125 108035076.36729915
1.25 3.125 108650688.02874675
1.75 3.125 105579269.69039479
2.25 3.125 101752087.704102
2.75 3.125 96770890.14081202
3.25 3.125 91093774.88615927
3.75 3.125 81202250.04829252
4.25 3.125 68371197.3379182
4.75 3.125 54201216.62314826
5.25 3.125 42512405.50250868
5.75 3.125 28321944.31093816
6.25 3.125 16356300.207784325
6.75 3.125 9276540.053823624
7.25 3.125 2968345.6122262194
7.75 3.125 319454.65092751256
8.25 3.125 0.0
8.75 3.125 0.0
0.25 3.375 86895065.76276647
0.75 3.375 89439237.9395215
1.25 3.375 85228534.3166983
1.75 3.375 82769614.91643278
2.25 3.375 84204593.9977765
2.75 3.375 80114295.39966337
3.25 3.375 71608674.7881944
3.75 3.375 64699321.894609876
4.25 3.375 56918626.801075935
4.75 3.375 43450197.61453147
5.25 3.375 31897615.347260773
5.75 3.375 20956978.60027222
6.25 3.375 12658014.204068957
6.75 3.375 6138556.712799389
7.25 3.375 1671170.1436311638
7.75 3.375 163117.04167637986
8.25 3.375 0.0
8.75 3.375 0.0
0.25 3.625 72571331.00872011
0.75 3.625 72733412.78295681
1.25 3.625 72460565.5857617
1.75 3.625 70602825.09260653
2.25 3.625 69909722.57067844
2.75 3.625 62690362.31819334
3.25 3.625 60344814.78527385
3.75 3.625 49211432.164301984
4.25 3.625 44669606.83038133
4.75 3.625 34020351.01362667
5.25 3.625 23996607.1661688
5.75 3.625 15426423.21804595
6.25 3.625 9587761.353186468
6.75 3.625 3386575.4358433136
7.25 3.625 1081851.620217046
7.75 3.625 63583.52788392931
8.25 3.625 0.0
8.75 3.625 0.0
0.25 3.875 61940481.47839696
0.75 3.875 61367827.39746894
1.25 3.875 60380666.68070436
1.75 3.875 58077185.25056168
2.25 3.875 57146831.14424249
2.75 3.875 54714824.96139057
3.25 3.875 50059930.640611306
3.75 3.875 41229743.97931277
4.25 3.875 35506299.912650615
4.75 3.875 26944218.24555299
5.25 3.875 19274629.74733343
5.75 3.875 12739533.96781703
6.25 3.875 6926359.192412465
6.75 3.875 2796994.277659332
7.25 3.875 587694.0656121627
7.75 3.875 36402.17255663892
8.25 3.875 0.0
8.75 3.875 0.0
0.25 4.125 52951181.03792668
0.75 4.125 49942839.73881306
1.25 4.125 50067412.500492856
1.75 4.125 48760620.362506844
2.25 4.125 45941824.221871175
2.75 4.125 44716682.83012612
3.25 4.125 42212926.58313375
3.75 4.125 35515853.813895665
4.25 4.125 30079662.04939968
4.75 4.125 21426905.818807572
5.25 4.125 15390960.149766004
5.75 4.125 9929813.99425897
6.25 4.125 4964024.412408425
6.75 4.125 2185011.382041385
7.25 4.125 292518.90014490794
7.75 4.125 0.0
8.25 4.125 0.0
8.75 4.125 0.0
0.25 4.375 43974358.65158423
0.75 4.375 42469338.55207782
1.25 4.375 40764460.404091634
1.75 4.375 40392226.65060145
2.25 4.375 39341192.17248788
2.75 4.375 38300193.197374895
3.25 4.375 34684049.58650395
3.75 4.375 30133788.518494375
4.25 4.375 21617682.48824061
4.75 4.375 16538358.114443963
5.25 4.375 11333042.596150463
5.75 4.375 7654258.507422706
6.25 4.375 4340498.464489468
6.75 4.375 1400572.312635284
7.25 4.375 220433.91009545582
7.75 4.375 16763.930921639057
8.25 4.375 0.0
8.75 4.375 0.0
0.25 4.625 35748723.29573665
0.75 4.625 34627814.53048925
1.25 4.625 35569003.15068957
1.75 4.625 33482044.078762643
2.25 4.625 33341781.50405832
2.75 4.625 28825098.678418208
3.25 4.625 25857080.97958718
3.75 4.625 23291148.650030214
4.25 4.625 17970316.430240083
4.75 4.625 13774530.622896291
5.25 4.625 9706381.7160292
5.75 4.625 6227800.456419969
6.25 4.625 3125478.811792417
6.75 4.625 794598.6297916146
7.25 4.625 127687.11308432391
7.75 4.625 0.0
8.25 4.625 0.0
8.75 4.625 0.0
0.25 4.875 29771215.739013575
0.75 4.875 29865807.463177226
1.25 4.875 28195628.927164886
1.75 4.875 29240895.96290833
2.25 4.875 27159024.852291703
2.75 4.875 26058040.336786915
3.25 4.875 22770790.014648
3.75 4.875 20304163.62922863
4.25 4.875 15024326.167989222
4.75 4.875 11457959.34841541
5.25 4.875 6928250.9188579
5.75 4.875 4154295.6535435244
6.25 4.875 2075911.206510763
6.75 4.875 571721.6157992498
7.25 4.875 38588.21047602405
7.75 4.875 0.0
8.25 4.875 0.0
8.75 4.875 0.0
0.25 5.125 26274115.49776916
0.75 5.125 23693183.65005745
1.25 5.125 25729391.248223584
1.75 5.125 22825759.413860228
2.25 5.125 23183054.83592544
2.75 5.125 20754618.57288206
3.25 5.125 19280025.118432976
3.75 5.125 15627244.481293375
4.25 5.125 11872934.403931491
4.75 5.125 9139316.308842672
5.25 5.125 6408446.616423667
5.75 5.125 3677764.720009323
6.25 5.125 1610365.8075607892
6.75 5.125 347034.78063896514
7.25 5.125 31066.92737868247
7.75 5.125 0.0
8.25 5.125 0.0
8.75 5.125 0.0
0.25 5.375 21468589.70960678
0.75 5.375 20950855.7447314
1.25 5.375 21153615.728448786
1.75 5.375 21623049.23523822
2.25 5.375 20652505.914314862
2.75 5.375 17624520.708702236
3.25 5.375 16177475.981817696
3.75 5.375 13995047.593548104
4.25 5.375 10554040.732302317
4.75 5.375 6556281.35764107
5.25 5.375 4927228.441838432
5.75 5.375 3289114.9137163404
6.25 5.375 1528921.367844639
6.75 5.375 213900.6032071246
7.25 5.375 0.0
7.75 5.375 0.0
8.25 5.375 0.0
8.75 5.375 0.0
0.25 5.625 17913396.977988236
0.75 5.625 17085933.38015699
1.25 5.625 17891013.751337584
1.75 5.625 16895291.72129474
2.25 5.625 15627751.647253862
2.75 5.625 14828446.499398991
3.25 5.625 13491522.423942821
3.75 5.625 10858654.220564296
4.25 5.625 8394204.580506116
4.75 5.625 6481135.068864744
5.25 5.625 3435779.2040815945
5.75 5.625 2632303.855436513
6.25 5.625 904083.1650699562
6.75 5.625 222743.07786908429
7.25 5.625 0.0
7.75 5.625 0.0
8.25 5.625 0.0
8.75 5.625 0.0
0.25 5.875 15031942.02775652
0.75 5.875 16245728.949795922
1.25 5.875 15075849.608996022
1.75 5.875 16612019.78883529
2.25 5.875 14281991.679795666
2.75 5.875 12441732.835653562
3.25 5.875 12490712.662373452
3.75 5.875 10288856.686531572
4.25 5.875 6075651.829933421
4.75 5.875 5327155.624382434
5.25 5.875 3090346.0514755254
5.75 5.875 1980085.7856219562
6.25 5.875 802399.4090037902
6.75 5.875 72520.58923984342
7.25 5.875 8369.929474455908
7.75 5.875 0.0
8.25 5.875 0.0
8.75 5.875 0.0
0.25 6.125 13807380.890331801
0.75 6.125 13688100.303153202
1.25 6.125 12663437.639870396
1.75 6.125 12298218.996588746
2.25 6.125 12103018.544971207
2.75 6.125 10958907.222485945
3.25 6.125 10016903.622978508
3.75 6.125 7077996.970717138
4.25 6.125 5831391.017335886
4.75 6.125 3844926.948170357
5.25 6.125 2908061.542799507
5.75 6.125 1237522.9829120182
6.25 6.125 419123.37267118186
6.75 6.125 30110.82516623125
7.25 6.125 0.0
7.75 6.125 0.0
8.25 6.125 0.0
8.75 6.125 0.0
0.25 6.375 12377954.1481907
0.75 6.375 12195076.10818921
1.25 6.375 11634212.714283409
1.75 6.375 11117431.099204522
2.25 6.375 11503615.080394002
2.75 6.375 10633626.107374534
3.25 6.375 7233018.79077098
3.75 6.375 5697056.848679305
4.25 6.375 4628191.449491954
4.75 6.375 3520461.27121825
5.25 6.375 2238462.103331813
5.75 6.375 1140843.5477307756
6.25 6.375 357319.34488707973
6.75 6.375 94305.20468483667
7.25 6.375 0.0
7.75 6.375 0.0
8.25 6.375 0.0
8.75 6.375 0.0
0.25 6.625 10199813.38577641
0.75 6.625 11005122.251185626
1.25 6.625 8609332.21437125
1.75 6.625 10156640.599749044
2.25 6.625 10276294.276711652
2.75 6.625 7490620.916705897
3.25 6.625 7084400.9579684185
3.75 6.625 5685649.3900514245
4.25 6.625 4169098.780088149
4.75 6.625 3878778.9180445853
5.25 6.625 1873010.0138292925
5.75 6.625 712309.4478330765
6.25 6.625 369139.5588898678
6.75 6.625 18809.96533081376
7.25 6.625 0.0
7.75 6.625 0.0
8.25 6.625 0.0
8.75 6.625 0.0
0.25 6.875 8711604.513347223
0.75 6.875 8964252.50614761
1.25 6.875 9073515.65644136
1.75 6.875 8714913.564898904
2.25 6.875 7258775.139252098
2.75 6.875 7140916.440089047
3.25 6.875 4960889.193410567
3.75 6.875 4833834.796332115
4.25 6.875 4126272.7701684297
4.75 6.875 2241802.45189279
5.25 6.875 1123477.7842372335
5.75 6.875 608006.1616556825
6.25 6.875 293176.62320694554
6.75 6.875 59234.12350422409
7.25 6.875 0.0
7.75 6.875 0.0
8.25 6.875 0.0
8.75 6.875 0.0
0.25 7.125 7387930.511450825
0.75 7.125 7879847.710507913
1.25 7.125 7765314.381024141
1.75 7.125 7894261.534876811
2.25 7.125 6435908.847294574
2.75 7.125 6502788.521689642
3.25 7.125 5188617.487953349
3.75 7.125 3753167.345884424
4.25 7.125 2700225.4886862747
4.75 7.125 2415793.7647465975
5.25 7.125 1077741.788132832
5.75 7.125 369754.07895598956
6.25 7.125 306932.10998633364
6.75 7.125 34379.85346803059
7.25 7.125 0.0
7.75 7.125 0.0
8.25 7.125 0.0
8.75 7.125 0.0
0.25 7.375 6487234.901630827
0.75 7.375 5871350.635307099
1.25 7.375 6795403.779100857
1.75 7.375 6644645.85653197
2.25 7.375 5307309.16070106
2.75 7.375 5156443.811843578
3.25 7.375 4717678.718888703
3.75 7.375 3910023.190064794
4.25 7.375 2695890.9341886044
4.75 7.375 1505093.9666261552
5.25 7.375 1055367.2182772036
5.75 7.375 685983.1396515642
6.25 7.375 42525.027264721255
6.75 7.375 14252.172224074282
7.25 7.375 13365.485661554272
7.75 7.375 0.0
8.25 7.375 0.0
8.75 7.375 0.0
0.25 7.625 5909498.116359619
0.75 7.625 5739286.794282111
1.25 7.625 5133719.355214522
1.75 7.625 5744198.278264346
2.25 7.625 6041358.177356831
2.75 7.625 4208856.300184646
3.25 7.625 4220512.371661215
3.75 7.625 2649247.2007166925
4.25 7.625 1915760.6412545242
4.75 7.625 1453706.9861019384
5.25 7.625 657559.7268028151
5.75 7.625 539773.1075277055
6.25 7.625 149676.40167567384
6.75 7.625 26173.25850691229
7.25 7.625 0.0
7.75 7.625 0.0
8.25 7.625 0.0
8.75 7.625 0.0
0.25 7.875 5293424.699920756
0.75 7.875 6587219.144563559
1.25 7.875 5505795.053929018
1.75 7.875 4308406.119731701
2.25 7.875 5214268.737684109
2.75 7.875 4911492.287772815
3.25 7.875 3389335.4769174363
3.75 7.875 2053174.5865380708
4.25 7.875 1861005.9733952258
4.75 7.875 941431.5050077762
5.25 7.875 939881.4307716943
5.75 7.875 250404.91370113325
6.25 7.875 59764.290846824086
6.75 7.875 0.0
7.25 7.875 0.0
7.75 7.875 0.0
8.25 7.875 0.0
8.75 7.875 0.0
0.25 8.125 4389151.618077253
0.75 8.125 4393020.786690047
1.25 8.125 4605387.283563976
1.75 8.125 3907837.6789998547
2.25 8.125 4237025.029233386
2.75 8.125 3579895.640839703
3.25 8.125 3585215.213781881
3.75 8.125 3089273.4446157585
4.25 8.125 1474118.0767621882
4.75 8.125 1336604.482631237
5.25 8.125 554460.9728505178
5.75 8.125 196472.0439860937
6.25 8.125 0.0
6.75 8.125 0.0
7.25 8.125 0.0
7.75 8.125 0.0
8.25 8.125 0.0
8.75 8.125 0.0
0.25 8.375 3731277.9962671595
0.75 8.375 3961182.088379998
1.25 8.375 3701667.7722500404
1.75 8.375 3580623.347368993
2.25 8.375 3095583.5110921743
2.75 8.375 2831476.66092745
3.25 8.375 2099346.927909205
3.75 8.375 2387153.6431042184
4.25 8.375 1708493.8089556913
4.75 8.375 1391149.6343928562
5.25 8.375 730091.7779672543
5.75 8.375 141073.74181749462
6.25 8.375 25930.401490665143
6.75 8.375 0.0
7.25 8.375 0.0
7.75 8.375 0.0
8.25 8.375 0.0
8.75 8.375 0.0
0.25 8.625 4087358.7231422174
0.75 8.625 3530845.8007227774
1.25 8.625 2752555.479702618
1.75 8.625 3513007.54417302
2.25 8.625 3519104.9404614
2.75 8.625 2594208.7935849633
3.25 8.625 2370941.287078505
3.75 8.625 1512792.1764606228
4.25 8.625 1314869.8298029595
4.75 8.625 807863.4675495599
5.25 8.625 487270.7443140877
5.75 8.625 180739.2859943786
6.25 8.625 15711.94989628985
6.75 8.625 0.0
7.25 8.625 0.0
7.75 8.625 0.0
8.25 8.625 0.0
8.75 8.625 0.0
0.25 8.875 3302428.020514966
0.75 8.875 3034124.7727355314
1.25 8.875 3238558.668372541
1.75 8.875 2801144.2202723273
2.25 8.875 3435287.336693895
2.75 8.875 2481281.4220866933
3.25 8.875 1532467.90824569
3.75 8.875 1443692.4079021304
4.25 8.875 1096826.6929079776
4.75 8.875 375032.4185196362
5.25 8.875 587158.4705801097
5.75 8.875 91926.90408289063
6.25 8.875 63316.88700115847
6.75 8.875 0.0
7.25 8.875 0.0
7.75 8.875 0.0
8.25 8.875 0.0
8.75 8.875 0.0
0.25 9.125 3052307.1944283955
0.75 9.125 3214140.2170750056
1.25 9.125 2281599.2821820755
1.75 9.125 2890142.344776044
2.25 9.125 2576439.8919572406
2.75 9.125 2221615.6954899547
3.25 9.125 1707843.8494484944
3.75 9.125 1263914.9478949467
4.25 9.125 985779.6562775195
4.75 9.125 588821.6586077262
5.25 9.125 303660.6152697937
5.75 9.125 32279.1468671423
6.25 9.125 53822.27110332384
6.75 9.125 0.0
7.25 9.125 0.0
7.75 9.125 0.0
8.25 9.125 0.0
8.75 9.125 0.0
0.25 9.375 2460872.2115989407
0.75 9.375 2352945.543043576
1.25 9.375 2334176.737420596
1.75 9.375 2469298.5291907545
2.25 9.375 2401285.053156153
2.75 9.375 1754792.8869369968
3.25 9.375 1489795.0478547246
3.75 9.375 1653292.5469232206
4.25 9.375 956360.0037846644
4.75 9.375 359549.17116176966
5.25 9.375 186819.63983439168
5.75 9.375 131419.8674261879
6.25 9.375 0.0
6.75 9.375 11430.840632585207
7.25 9.375 0.0
7.75 9.375 0.0
8.25 9.375 0.0
8.75 9.375 0.0
0.25 9.625 2591626.401576407
0.75 9.625 1838541.5939332272
1.25 9.625 2950012.637623833
1.75 9.625 2346282.259859099
2.25 9.625 2398686.8208098966
2.75 9.625 1206707.6064447034
3.25 9.625 1707271.6383906945
3.75 9.625 1139864.8477950953
4.25 9.625 913511.825759448
4.75 9.625 435074.93693742575
5.25 9.625 170318.48286900998
5.75 9.625 101642.94960468981
6.25 9.625 0.0
6.75 9.625 0.0
7.25 9.625 0.0
7.75 9.625 0.0
8.25 9.625 0.0
8.75 9.625 0.0
0.25 9.875 2182659.209325437
0.75 9.875 1664202.7183707606
1.25 9.875 1997591.1009365446
1.75 9.875 2140839.196657995
2.25 9.875 2216467.5663995887
2.75 9.875 1814635.4463791715
3.25 9.875 1269886.8252691296
3.75 9.875 1306201.1814594807
4.25 9.875 775468.3862097516
4.75 9.875 449047.8522968732
5.25 9.875 273041.5928504825
5.75 9.875 0.0
6.25 9.875 0.0
6.75 9.875 0.0
7.25 9.875 0.0
7.75 9.875 0.0
8.25 9.875 0.0
8.75 9.875 0.0
0.25 10.125 1750211.7780340074
0.75 10.125 1859275.1024003094
1.25 10.125 1711331.726004479
1.75 10.125 1158552.1005049031
2.25 10.125 1473717.4921621368
2.75 10.125 1497660.8892511688
3.25 10.125 695197.6068794592
3.75 10.125 677351.5375499086
4.25 10.125 307409.4175302742
4.75 10.125 165864.12340690687
5.25 10.125 148907.53802206513
5.75 10.125 68393.91353262255
6.25 10.125 0.0
6.75 10.125 0.0
7.25 10.125 0.0
7.75 10.125 0.0
8.25 10.125 0.0
8.75 10.125 0.0
0.25 10.375 2100692.278463477
0.75 10.375 2050980.1862182163
1.25 10.375 2055061.5516537344
1.75 10.375 1616800.2985483787
2.25 10.375 1963057.643283584
2.75 10.375 1203265.9398690413
3.25 10.375 1426365.0791983542
3.75 10.375 535990.7722389302
4.25 10.375 461573.2615364768
4.75 10.375 287467.5136286526
5.25 10.375 188767.1830752217
5.75 10.375 88786.31250052752
6.25 10.375 0.0
6.75 10.375 0.0
7.25 10.375 0.0
7.75 10.375 0.0
8.25 10.375 0.0
8.75 10.375 0.0
0.25 10.625 1999068.3938235145
0.75 10.625 1445344.5622504582
1.25 10.625 1250853.5172835633
1.75 10.625 1340108.0802703977
2.25 10.625 1461008.8324554435
2.75 10.625 1715308.0730844596
3.25 10.625 966465.5187986051
3.75 10.625 259909.84270103442
4.25 10.625 712425.6242931817
4.75 10.625 317873.39857099875
5.25 10.625 142295.15408650614
5.75 10.625 37855.247291281885
6.25 10.625 0.0
6.75 10.625 0.0
7.25 10.625 0.0
7.75 10.625 0.0
8.25 10.625 0.0
8.75 10.625 0.0
0.25 10.875 1503034.141667909
0.75 10.875 1428158.6450393433
1.25 10.875 1358143.7514695257
1.75 10.875 1882413.3501037976
2.25 10.875 1655078.394351431
2.75 10.875 934896.4086610454
3.25 10.875 452321.2365579372
3.75 10.875 520802.961709887
4.25 10.875 417591.7747510526
4.75 10.875 247053.57956242946
5.25 10.875 117408.09011993474
5.75 10.875 0.0
6.25 10.875 0.0
6.75 10.875 0.0
7.25 10.875 0.0
7.75 10.875 0.0
8.25 10.875 0.0
8.75 10.875 0.0
0.25 11.125 1224560.2079407359
0.75 11.125 2015907.110212484
1.25 11.125 1290742.338651202
1.75 11.125 1806027.9434412052
2.25 11.125 1029755.4790242357
2.75 11.125 1309115.7462374107
3.25 11.125 705066.0472140153
3.75 11.125 585960.2077805848
4.25 11.125 225663.94442788578
4.75 11.125 245313.4158809206
5.25 11.125 80546.54692458102
5.75 11.125 0.0
6.25 11.125 0.0
6.75 11.125 0.0
7.25 11.125 0.0
7.75 11.125 0.0
8.25 11.125 0.0
8.75 11.125 0.0
0.25 11.375 1173113.1237858946
0.75 11.375 1295043.368945025
1.25 11.375 907270.8114735616
1.75 11.375 1044080.3326293805
2.25 11.375 1137245.4742793662
2.75 11.375 706068.4989840044
3.25 11.375 829921.9514491217
3.75 11.375 495579.85081791494
4.25 11.375 180995.23762680884
4.75 11.375 238322.2990339801
5.25 11.375 44746.54712498241
5.75 11.375 0.0
6.25 11.375 0.0
6.75 11.375 0.0
7.25 11.375 0.0
7.75 11.375 0.0
8.25 11.375 0.0
8.75 11.375 0.0
0.25 11.625 1305436.24808529
0.75 11.625 1280051.898671954
1.25 11.625 527504.5042635802
1.75 11.625 1049559.1200972851
2.25 11.625 780269.2632391306
2.75 11.625 921160.8474658994
3.25 11.625 614435.5127819718
3.75 11.625 477915.7341749964
4.25 11.625 823682.1102423595
4.75 11.625 322072.19491304806
5.25 11.625 100626.54765414303
5.75 11.625 0.0
6.25 11.625 0.0
6.75 11.625 0.0
7.25 11.625 0.0
7.75 11.625 0.0
8.25 11.625 0.0
8.75 11.625 0.0
0.25 11.875 1054888.9156583706
0.75 11.875 909144.1306139657
1.25 11.875 718295.575893932
1.75 11.875 1036701.6595224123
2.25 11.875 1144212.3530296735
2.75 11.875 598738.271632816
3.25 11.875 588308.3029134396
3.75 11.875 131733.20677714498
4.25 11.875 359644.18928375636
4.75 11.875 124776.2644967787
5.25 11.875 96947.64891043874
5.75 11.875 0.0
6.25 11.875 0.0
6.75 11.875 0.0
7.25 11.875 0.0
7.75 11.875 0.0
8.25 11.875 0.0
8.75 11.875 0.0
0.25 12.125 1121873.926491014
0.75 12.125 808688.382827743
1.25 12.125 695523.0618386886
1.75 12.125 798189.4353983416
2.25 12.125 575713.2151548378
2.75 12.125 713358.6691510364
3.25 12.125 409817.1710136912
3.75 12.125 297267.7736877468
4.25 12.125 270764.426490125
4.75 12.125 98289.21276123439
5.25 12.125 37072.455049125645
5.75 12.125 68218.31339025147
6.25 12.125 0.0
6.75 12.125 0.0
7.25 12.125 0.0
7.75 12.125 0.0
8.25 12.125 0.0
8.75 12.125 0.0
0.25 12.375 852580.4003931361
0.75 12.375 1147581.747747682
1.25 12.375 685056.224973442
1.75 12.375 788786.157709768
2.25 12.375 455152.3954606085
2.75 12.375 825351.4655851846
3.25 12.375 398433.6010132792
3.75 12.375 559812.0193440301
4.25 12.375 120675.67534016646
4.75 12.375 76478.66631963199
5.25 12.375 21229.00889524231
5.75 12.375 0.0
6.25 12.375 0.0
6.75 12.375 0.0
7.25 12.375 0.0
7.75 12.375 0.0
8.25 12.375 0.0
8.75 12.375 0.0
0.25 12.625 807915.7958260522
0.75 12.625 491131.2872676411
1.25 12.625 777196.1339490385
1.75 12.625 557881.5374334308
2.25 12.625 536486.1396309005
2.75 12.625 256561.71732794208
3.25 12.625 575549.7097216024
3.75 12.625 290591.69754664955
4.25 12.625 178567.13924618057
4.75 12.625 57143.41230389147
5.25 12.625 26876.646906470487
5.75 12.625 0.0
6.25 12.625 0.0
6.75 12.625 0.0
7.25 12.625 0.0
7.75 12.625 0.0
8.25 12.625 0.0
8.75 12.625 0.0
0.25 12.875 704228.4374419044
0.75 12.875 654800.1495044895
1.25 12.875 483253.5342825619
1.75 12.875 903242.6949988321
2.25 12.875 533666.9277854973
2.75 12.875 546800.1698581285
3.25 12.875 316322.54279533785
3.75 12.875 427101.8151169239
4.25 12.875 153363.75736499755
4.75 12.875 134073.4357553951
5.25 12.875 0.0
5.75 12.875 0.0
6.25 12.875 0.0
6.75 12.875 0.0
7.25 12.875 0.0
7.75 12.875 0.0
8.25 12.875 0.0
8.75 12.875 0.0
0.25 13.125 726488.9249679857
0.75 13.125 812475.546948549
1.25 13.125 485996.63742709305
1.75 13.125 869537.7797484223
2.25 13.125 486945.6428219371
2.75 13.125 434720.70289813686
3.25 13.125 416560.1247186765
3.75 13.125 296311.1591098893
4.25 13.125 373663.40453709656
4.75 13.125 96607.23149343276
5.25 13.125 51255.25345213151
5.75 13.125 47298.127176994145
6.25 13.125 0.0
6.75 13.125 0.0
7.25 13.125 0.0
7.75 13.125 0.0
8.25 13.125 0.0
8.75 13.125 0.0
0.25 13.375 672056.8023219343
0.75 13.375 578320.8205827682
1.25 13.375 492820.0699054787
1.75 13.375 145064.31914919193
2.25 13.375 276412.25475136033
2.75 13.375 195626.52337884353
3.25 13.375 313574.9062386893
3.75 13.375 167541.25978991776
4.25 13.375 332948.97782998095
4.75 13.375 46115.991017241715
5.25 13.375 0.0
5.75 13.375 0.0
6.25 13.375 0.0
6.75 13.375 0.0
7.25 13.375 0.0
7.75 13.375 0.0
8.25 13.375 0.0
8.75 13.375 0.0
0.25 13.625 610054.8704900199
0.75 13.625 604954.5676742377
1.25 13.625 444464.301957199
1.75 13.625 364763.1440417614
2.25 13.625 102121.45083378987
2.75 13.625 483649.1762981512
3.25 13.625 357456.73533147265
3.75 13.625 342605.2364089443
4.25 13.625 50577.92902602855
4.75 13.625 81395.69202855333
5.25 13.625 32681.269226499884
5.75 13.625 0.0
6.25 13.625 0.0
6.75 13.625 0.0
7.25 13.625 0.0
7.75 13.625 0.0
8.25 13.625 0.0
8.75 13.625 0.0
0.25 13.875 762046.7197683356
0.75 13.875 707039.3773307449
1.25 13.875 358777.54315060144
1.75 13.875 223387.79551810503
2.25 13.875 353774.13121935906
2.75 13.875 345312.39385855803
3.25 13.875 159404.23275900786
3.75 13.875 200996.36586790884
4.25 13.875 214568.15604466075
4.75 13.875 0.0
5.25 13.875 0.0
5.75 13.875 39964.9591457979
6.25 13.875 0.0
6.75 13.875 0.0
7.25 13.875 0.0
7.75 13.875 0.0
8.25 13.875 0.0
8.75 13.875 0.0
0.25 14.125 228486.6168787565
0.75 14.125 406934.90677972
1.25 14.125 237304.85497877208
1.75 14.125 377326.8615062858
2.25 14.125 318655.6667694289
2.75 14.125 353278.37356815935
3.25 14.125 414194.56592217303
3.75 14.125 209102.1590191297
4.25 14.125 107988.69596597254
4.75 14.125 51941.977653161775
5.25 14.125 0.0
5.75 14.125 45271.53084872114
6.25 14.125 0.0
6.75 14.125 0.0
7.25 14.125 0.0
7.75 14.125 0.0
8.25 14.125 0.0
8.75 14.125 0.0
0.25 14.375 662009.1670647113
0.75 14.375 333738.82155724225
1.25 14.375 404148.7973957989
1.75 14.375 285160.15976040915
2.25 14.375 478478.1292230295
2.75 14.375 317901.4623077754
3.25 14.375 109002.09658216138
3.75 14.375 85488.70876251133
4.25 14.375 152323.63584087574
4.75 14.375 249030.90609623032
5.25 14.375 0.0
5.75 14.375 31132.929861787714
6.25 14.375 0.0
6.75 14.375 0.0
7.25 14.375 0.0
7.75 14.375 0.0
8.25 14.375 0.0
8.75 14.375 0.0
0.25 14.625 295858.98934216844
0.75 14.625 548724.2338906103
1.25 14.625 453582.6127608911
1.75 14.625 204370.5109973267
2.25 14.625 425580.40143397765
2.75 14.625 152921.9116226935
3.25 14.625 165647.95260054938
3.75 14.625 99061.98902816846
4.25 14.625 129726.57970706369
4.75 14.625 0.0
5.25 14.625 0.0
5.75 14.625 0.0
6.25 14.625 0.0
6.75 14.625 0.0
7.25 14.625 0.0
7.75 14.625 0.0
8.25 14.625 0.0
8.75 14.625 0.0
0.25 14.875 386828.23307460285
0.75 14.875 283454.74744219077
1.25 14.875 282450.91007983196
1.75 14.875 382944.6635313709
2.25 14.875 282594.8141013497
2.75 14.875 328005.8982776873
3.25 14.875 177027.39489440207
3.75 14.875 112191.49372139407
4.25 14.875 184163.10275356483
4.75 14.875 100566.58100095464
5.25 14.875 40167.883879499874
5.75 14.875 0.0
6.25 14.875 0.0
6.75 14.875 0.0
7.25 14.875 0.0
7.75 14.875 0.0
8.25 14.875 0.0
8.75 14.875 0.0
0.25 15.125 275318.9217671017
0.75 15.125 321891.5694347843
1.25 15.125 171100.00848038026
1.75 15.125 367953.0794932178
2.25 15.125 209259.2069637535
2.75 15.125 187548.20051755343
3.25 15.125 574574.76684806
3.75 15.125 296554.3287464148
4.25 15.125 229159.97179803633
4.75 15.125 0.0
5.25 15.125 0.0
5.75 15.125 37039.6149292193
6.25 15.125 0.0
6.75 15.125 0.0
7.25 15.125 0.0
7.75 15.125 0.0
8.25 15.125 0.0
8.75 15.125 0.0
0.25 15.375 193358.84475194904
0.75 15.375 203944.47726931813
1.25 15.375 175233.64867655016
1.75 15.375 296422.70542584435
2.25 15.375 284895.59556830843
2.75 15.375 433474.01005972485
3.25 15.375 285775.04555653315
3.75 15.375 0.0
4.25 15.375 91912.66201882242
4.75 15.375 66257.54109501996
5.25 15.375 0.0
5.75 15.375 0.0
6.25 15.375 0.0
6.75 15.375 0.0
7.25 15.375 0.0
7.75 15.375 0.0
8.25 15.375 0.0
8.75 15.375 0.0
0.25 15.625 269409.71405351086
0.75 15.625 370339.0555770141
1.25 15.625 385532.340011251
1.75 15.625 410154.1473358436
2.25 15.625 0.0
2.75 15.625 455191.0872776927
3.25 15.625 1112447.4736240425
3.75 15.625 51504.80730574536
4.25 15.625 50237.73899802835
4.75 15.625 31986.671258728747
5.25 15.625 0.0
5.75 15.625 0.0
6.25 15.625 0.0
6.75 15.625 0.0
7.25 15.625 0.0
7.75 15.625 0.0
8.25 15.625 0.0
8.75 15.625 0.0
0.25 15.875 138726.13927952157
0.75 15.875 304512.4503627671
1.25 15.875 468481.88543101086
1.75 15.875 564961.9945167108
2.25 15.875 253316.81467449386
2.75 15.875 85020.99144363226
3.25 15.875 184327.945909836
3.75 15.875 148605.76923511695
4.25 15.875 67697.36514415339
4.75 15.875 32233.959808539472
5.25 15.875 48349.84652525659
5.75 15.875 0.0
6.25 15.875 0.0
6.75 15.875 0.0
7.25 15.875 0.0
7.75 15.875 0.0
8.25 15.875 0.0
8.75 15.875 0.0
0.25 16.125 271620.8112973433
0.75 16.125 214415.84335780708
1.25 16.125 279593.6516028764
1.75 16.125 162035.1950981451
2.25 16.125 144121.23667001099
2.75 16.125 92780.4705048015
3.25 16.125 182868.07986955094
3.75 16.125 45926.20656659472
4.25 16.125 42662.00295078734
4.75 16.125 0.0
5.25 16.125 0.0
5.75 16.125 0.0
6.25 16.125 0.0
6.75 16.125 0.0
7.25 16.125 0.0
7.75 16.125 0.0
8.25 16.125 0.0
8.75 16.125 0.0
0.25 16.375 170387.14993308982
0.75 16.375 84579.0421866958
1.25 16.375 259419.1339057688
1.75 16.375 401489.54070712085
2.25 16.375 113113.10148277796
2.75 16.375 301394.21081334737
3.25 16.375 38867.962084799095
3.75 16.375 64600.67685926974
4.25 16.375 57324.31440739208
4.75 16.375 0.0
5.25 16.375 0.0
5.75 16.375 0.0
6.25 16.375 0.0
6.75 16.375 0.0
7.25 16.375 0.0
7.75 16.375 0.0
8.25 16.375 0.0
8.75 16.375 0.0
0.25 16.625 251997.41449495096
0.75 16.625 189012.80034042682
1.25 16.625 195222.31979157444
1.75 16.625 135686.50742692148
2.25 16.625 119762.8413684865
2.75 16.625 90739.9222582476
3.25 16.625 153971.4014052922
3.75 16.625 90117.62365538729
4.25 16.625 0.0
4.75 16.625 0.0
5.25 16.625 0.0
5.75 16.625 0.0
6.25 16.625 0.0
6.75 16.625 0.0
7.25 16.625 0.0
7.75 16.625 0.0
8.25 16.625 0.0
8.75 16.625 0.0
0.25 16.875 318026.36337374896
0.75 16.875 191857.32201441433
1.25 16.875 172768.83355779594
1.75 16.875 309384.3835239148
2.25 16.875 72991.08052084928
2.75 16.875 97655.44408179399
3.25 16.875 82925.42233597484
3.75 16.875 162024.5698403043
4.25 16.875 0.0
4.75 16.875 44460.75691431861
5.25 16.875 0.0
5.75 16.875 0.0
6.25 16.875 0.0
6.75 16.875 0.0
7.25 16.875 0.0
7.75 16.875 0.0
8.25 16.875 0.0
8.75 16.875 0.0
0.25 17.125 353536.78179776476
0.75 17.125 153694.31518160066
1.25 17.125 132553.38390003823
1.75 17.125 106934.92429820668
2.25 17.125 216118.54321885444
2.75 17.125 0.0
3.25 17.125 48502.12401225444
3.75 17.125 40001.71586550499
4.25 17.125 0.0
4.75 17.125 0.0
5.25 17.125 0.0
5.75 17.125 0.0
6.25 17.125 0.0
6.75 17.125 0.0
7.25 17.125 0.0
7.75 17.125 0.0
8.25 17.125 0.0
8.75 17.125 0.0
0.25 17.375 0.0
0.75 17.375 365536.559482001
1.25 17.375 157566.42787526434
1.75 17.375 178802.80253261927
2.25 17.375 54953.29778377627
2.75 17.375 73274.39385454211
3.25 17.375 47458.237112964256
3.75 17.375 151678.67072406833
4.25 17.375 149179.963478893
4.75 17.375 0.0
5.25 17.375 0.0
5.75 17.375 0.0
6.25 17.375 0.0
6.75 17.375 0.0
7.25 17.375 0.0
7.75 17.375 0.0
8.25 17.375 0.0
8.75 17.375 0.0
0.25 17.625 158042.01321533852
0.75 17.625 99922.34428693185
1.25 17.625 378571.35233309516
1.75 17.625 176793.05501544234
2.25 17.625 112541.80809636897
2.75 17.625 134842.46635495385
3.25 17.625 59279.60348249523
3.75 17.625 82830.19948815473
4.25 17.625 0.0
4.75 17.625 0.0
5.25 17.625 45652.179309116495
5.75 17.625 0.0
6.25 17.625 0.0
6.75 17.625 0.0
7.25 17.625 0.0
7.75 17.625 0.0
8.25 17.625 0.0
8.75 17.625 0.0
0.25 17.875 231234.83355665734
0.75 17.875 121090.89147828099
1.25 17.875 45233.77715555235
1.75 17.875 157249.68643591297
2.25 17.875 83686.13974608359
2.75 17.875 49521.671363249494
3.25 17.875 108747.33440447706
3.75 17.875 97561.874784903
4.25 17.875 60571.76613523496
4.75 17.875 0.0
5.25 17.875 0.0
5.75 17.875 0.0
6.25 17.875 0.0
6.75 17.875 0.0
7.25 17.875 0.0
7.75 17.875 0.0
8.25 17.875 0.0
8.75 17.875 0.0
0.25 18.125 228540.07012892945
0.75 18.125 165010.21507281193
1.25 18.125 40583.54107699928
1.75 18.125 192920.39367390642
2.25 18.125 0.0
2.75 18.125 274158.6064092408
3.25 18.125 38403.996959915625
3.75 18.125 46106.96849552332
4.25 18.125 0.0
4.75 18.125 0.0
5.25 18.125 0.0
5.75 18.125 0.0
6.25 18.125 0.0
6.75 18.125 0.0
7.25 18.125 0.0
7.75 18.125 0.0
8.25 18.125 0.0
8.75 18.125 0.0
0.25 18.375 273312.5499070737
0.75 18.375 426528.14656583674
1.25 18.375 0.0
1.75 18.375 40235.298663732814
2.25 18.375 34136.24148520273
2.75 18.375 101384.94553507125
3.25 18.375 290075.8170527457
3.75 18.375 0.0
4.25 18.375 619530.1956405552
4.75 18.375 0.0
5.25 18.375 0.0
5.75 18.375 0.0
6.25 18.375 0.0
6.75 18.375 0.0
7.25 18.375 0.0
7.75 18.375 0.0
8.25 18.375 0.0
8.75 18.375 0.0
0.25 18.625 193360.08371660096
0.75 18.625 88252.98668266597
1.25 18.625 49672.82182388523
1.75 18.625 0.0
2.25 18.625 150859.77128095133
2.75 18.625 146739.42689537202
3.25 18.625 87253.16932332146
3.75 18.625 0.0
4.25 18.625 115644.17818771963
4.75 18.625 0.0
5.25 18.625 0.0
5.75 18.625 0.0
6.25 18.625 0.0
6.75 18.625 0.0
7.25 18.625 0.0
7.75 18.625 0.0
8.25 18.625 0.0
8.75 18.625 0.0
0.25 18.875 48603.97500002743
0.75 18.875 47784.98918482627
1.25 18.875 193433.3854034309
1.75 18.875 769644.5110850804
2.25 18.875 138839.1291829803
2.75 18.875 48603.97500002743
3.25 18.875 0.0
3.75 18.875 0.0
4.25 18.875 0.0
4.75 18.875 53148.88299517486
5.25 18.875 0.0
5.75 18.875 0.0
6.25 18.875 0.0
6.75 18.875 0.0
7.25 18.875 0.0
7.75 18.875 0.0
8.25 18.875 0.0
8.75 18.875 0.0
0.25 19.125 245983.1586170105
0.75 19.125 662246.1231677091
1.25 19.125 84257.6447951323
1.75 19.125 226625.07856096924
2.25 19.125 182932.70554010328
2.75 19.125 170628.09318759752
3.25 19.125 110825.37393769094
3.75 19.125 39793.00906875915
4.25 19.125 0.0
4.75 19.125 45362.254236003886
5.25 19.125 0.0
5.75 19.125 0.0
6.25 19.125 0.0
6.75 19.125 0.0
7.25 19.125 0.0
7.75 19.125 0.0
8.25 19.125 0.0
8.75 19.125 0.0
0.25 19.375 48216.12065843347
0.75 19.375 344390.8379037748
1.25 19.375 0.0
1.75 19.375 0.0
2.25 19.375 32801.561908391806
2.75 19.375 156718.96022762381
3.25 19.375 48790.16044860821
3.75 19.375 90406.30640774436
4.25 19.375 43691.04400215929
4.75 19.375 0.0
5.25 19.375 0.0
5.75 19.375 0.0
6.25 19.375 0.0
6.75 19.375 0.0
7.25 19.375 0.0
7.75 19.375 0.0
8.25 19.375 0.0
8.75 19.375 0.0
0.25 19.625 0.0
0.75 19.625 201872.00069524173
1.25 19.625 25114.236953764193
1.75 19.625 96358.83247812698
2.25 19.625 219842.97817462948
2.75 19.625 0.0
3.25 19.625 100239.4744898054
3.75 19.625 0.0
4.25 19.625 41056.98755532326
4.75 19.625 0.0
5.25 19.625 0.0
5.75 19.625 0.0
6.25 19.625 0.0
6.75 19.625 0.0
7.25 19.625 0.0
7.75 19.625 0.0
8.25 19.625 0.0
8.75 19.625 0.0
0.25 19.875 0.0
0.75 19.875 78990.22865657533
1.25 19.875 47825.43564036924
1.75 19.875 0.0
2.25 19.875 0.0
2.75 19.875 161595.93761096228
3.25 19.875 0.0
3.75 19.875 100035.50727252022
4.25 19.875 0.0
4.75 19.875 61937.09903310952
5.25 19.875 0.0
5.75 19.875 0.0
6.25 19.875 0.0
6.75 19.875 0.0
7.25 19.875 0.0
7.75 19.875 0.0
8.25 19.875 0.0
8.75 19.875 0.0
0.25 20.125 192405.22790913406
0.75 20.125 150764.22837370163
1.25 20.125 36123.598622094636
1.75 20.125 0.0
2.25 20.125 141334.7340804743
2.75 20.125 66408.79571799294
3.25 20.125 42251.10579201194
3.75 20.125 0.0
4.25 20.125 0.0
4.75 20.125 0.0
5.25 20.125 0.0
5.75 20.125 0.0
6.25 20.125 0.0
6.75 20.125 0.0
7.25 20.125 0.0
7.75 20.125 0.0
8.25 20.125 0.0
8.75 20.125 0.0
0.25 20.375 39867.06967326718
0.75 20.375 0.0
1.25 20.375 0.0
1.75 20.375 48936.81857640581
2.25 20.375 0.0
2.75 20.375 225005.54640368032
3.25 20.375 0.0
3.75 20.375 43247.81547162481
4.25 20.375 138329.79848007805
4.75 20.375 0.0
5.25 20.375 0.0
5.75 20.375 0.0
6.25 20.375 0.0
6.75 20.375 0.0
7.25 20.375 0.0
7.75 20.375 0.0
8.25 20.375 0.0
8.75 20.375 0.0
0.25 20.625 100152.56345238943
0.75 20.625 117529.22272632783
1.25 20.625 48603.97500002743
1.75 20.625 32402.650000109697
2.25 20.625 119415.30209766641
2.75 20.625 38788.489289498306
3.25 20.625 0.0
3.75 20.625 0.0
4.25 20.625 0.0
4.75 20.625 0.0
5.25 20.625 0.0
5.75 20.625 0.0
6.25 20.625 0.0
6.75 20.625 0.0
7.25 20.625 0.0
7.75 20.625 0.0
8.25 20.625 0.0
8.75 20.625 0.0
0.25 20.875 82113.04117595224
0.75 20.875 0.0
1.25 20.875 82756.4208352815
1.75 20.875 62416.49435270349
2.25 20.875 42632.46016552969
2.75 20.875 53730.685786660855
3.25 20.875 38654.95445404578
3.75 20.875 0.0
4.25 20.875 0.0
4.75 20.875 0.0
5.25 20.875 0.0
5.75 20.875 0.0
6.25 20.875 0.0
6.75 20.875 0.0
7.25 20.875 0.0
7.75 20.875 0.0
8.25 20.875 0.0
8.75 20.875 0.0
0.25 21.125 48603.97500002743
0.75 21.125 43545.265889942995
1.25 21.125 45410.95135857991
1.75 21.125 45977.51754466934
2.25 21.125 0.0
2.75 21.125 0.0
3.25 21.125 55040.80359296348
3.75 21.125 89738.83328081665
4.25 21.125 0.0
4.75 21.125 0.0
5.25 21.125 0.0
5.75 21.125 0.0
6.25 21.125 0.0
6.75 21.125 0.0
7.25 21.125 0.0
7.75 21.125 0.0
8.25 21.125 0.0
8.75 21.125 0.0
0.25 21.375 85984.67247530525
0.75 21.375 52044.61960266155
1.25 21.375 0.0
1.75 21.375 48603.97500002743
2.25 21.375 0.0
2.75 21.375 100387.19085099343
3.25 21.375 51172.41796879962
3.75 21.375 0.0
4.25 21.375 0.0
4.75 21.375 0.0
5.25 21.375 40293.05026865331
5.75 21.375 0.0
6.25 21.375 0.0
6.75 21.375 0.0
7.25 21.375 0.0
7.75 21.375 0.0
8.25 21.375 0.0
8.75 21.375 0.0
0.25 21.625 130568.05339409687
0.75 21.625 0.0
1.25 21.625 0.0
1.75 21.625 66433.25351043035
2.25 21.625 70725.56466544424
2.75 21.625 98184.60307400604
3.25 21.625 0.0
3.75 21.625 12592493.518953588
4.25 21.625 155527.21482746146
4.75 21.625 0.0
5.25 21.625 0.0
5.75 21.625 0.0
6.25 21.625 0.0
6.75 21.625 0.0
7.25 21.625 0.0
7.75 21.625 0.0
8.25 21.625 0.0
8.75 21.625 0.0
0.25 21.875 0.0
0.75 21.875 42693.53996690913
1.25 21.875 48798.04336690856
1.75 21.875 145760.73036092625
2.25 21.875 0.0
2.75 21.875 0.0
3.25 21.875 33184.84876344444
3.75 21.875 140548.53918007936
4.25 21.875 0.0
4.75 21.875 0.0
5.25 21.875 0.0
5.75 21.875 0.0
6.25 21.875 0.0
6.75 21.875 0.0
7.25 21.875 0.0
7.75 21.875 0.0
8.25 21.875 0.0
8.75 21.875 0.0
0.25 22.125 69305.4707504069
0.75 22.125 0.0
1.25 22.125 127846.1876542965
1.75 22.125 0.0
2.25 22.125 43435.42085561362
2.75 22.125 35781.201904025256
3.25 22.125 48603.97500002743
3.75 22.125 48603.97500002743
4.25 22.125 0.0
4.75 22.125 0.0
5.25 22.125 0.0
5.75 22.125 0.0
6.25 22.125 0.0
6.75 22.125 0.0
7.25 22.125 0.0
7.75 22.125 0.0
8.25 22.125 0.0
8.75 22.125 0.0
0.25 22.375 0.0
0.75 22.375 0.0
1.25 22.375 165105.37579080387
1.75 22.375 131576.0748951948
2.25 22.375 49358.1534203749
2.75 22.375 96479.50736190919
3.25 22.375 0.0
3.75 22.375 46611.870152240845
4.25 22.375 0.0
4.75 22.375 0.0
5.25 22.375 0.0
5.75 22.375 0.0
6.25 22.375 0.0
6.75 22.375 0.0
7.25 22.375 0.0
7.75 22.375 0.0
8.25 22.375 0.0
8.75 22.375 0.0
0.25 22.625 145811.92500008226
0.75 22.625 64922.212590730516
1.25 22.625 0.0
1.75 22.625 78749.4048932724
2.25 22.625 0.0
2.75 22.625 122225.92886777375
3.25 22.625 55766.50299095681
3.75 22.625 0.0
4.25 22.625 0.0
4.75 22.625 32269.033965151844
5.25 22.625 0.0
5.75 22.625 0.0
6.25 22.625 0.0
6.75 22.625 0.0
7.25 22.625 0.0
7.75 22.625 0.0
8.25 22.625 0.0
8.75 22.625 0.0
0.25 22.875 0.0
0.75 22.875 47877.19665061854
1.25 22.875 0.0
1.75 22.875 41590.20886031183
2.25 22.875 32402.650000109697
2.75 22.875 86463.04038476711
3.25 22.875 0.0
3.75 22.875 0.0
4.25 22.875 0.0
4.75 22.875 0.0
5.25 22.875 0.0
5.75 22.875 0.0
6.25 22.875 0.0
6.75 22.875 0.0
7.25 22.875 0.0
7.75 22.875 0.0
8.25 22.875 0.0
8.75 22.875 0.0
0.25 23.125 0.0
0.75 23.125 146790.17579747524
1.25 23.125 37770.20275433649
1.75 23.125 32581.83879609176
2.25 23.125 0.0
2.75 23.125 0.0
3.25 23.125 0.0
3.75 23.125 0.0
4.25 23.125 0.0
4.75 23.125 0.0
5.25 23.125 0.0
5.75 23.125 0.0
6.25 23.125 0.0
6.75 23.125 0.0
7.25 23.125 0.0
7.75 23.125 0.0
8.25 23.125 0.0
8.75 23.125 0.0
0.25 23.375 112836.96163576312
0.75 23.375 128914.45090910538
1.25 23.375 48603.97500002743
1.75 23.375 33279.825447061616
2.25 23.375 0.0
2.75 23.375 0.0
3.25 23.375 0.0
3.75 23.375 48603.97500002743
4.25 23.375 0.0
4.75 23.375 0.0
5.25 23.375 0.0
5.75 23.375 0.0
6.25 23.375 0.0
6.75 23.375 0.0
7.25 23.375 0.0
7.75 23.375 0.0
8.25 23.375 0.0
8.75 23.375 0.0
0.25 23.625 18721.30849785453
0.75 23.625 0.0
1.25 23.625 256555.57343475302
1.75 23.625 0.0
2.25 23.625 0.0
2.75 23.625 0.0
3.25 23.625 0.0
3.75 23.625 41779.40693065324
4.25 23.625 0.0
4.75 23.625 0.0
5.25 23.625 0.0
5.75 23.625 0.0
6.25 23.625 0.0
6.75 23.625 0.0
7.25 23.625 0.0
7.75 23.625 0.0
8.25 23.625 0.0
8.75 23.625 0.0
0.25 23.875 268689.52339617786
0.75 23.875 118300.44638952088
1.25 23.875 36108.85645517105
1.75 23.875 36403.10899078066
2.25 23.875 0.0
2.75 23.875 0.0
3.25 23.875 0.0
3.75 23.875 0.0
4.25 23.875 0.0
4.75 23.875 0.0
5.25 23.875 0.0
5.75 23.875 0.0
6.25 23.875 0.0
6.75 23.875 0.0
7.25 23.875 0.0
7.75 23.875 0.0
8.25 23.875 0.0
8.75 23.875 0.0
0.25 24.125 48603.97500002743
0.75 24.125 0.0
1.25 24.125 83414.52426722633
1.75 24.125 0.0
2.25 24.125 0.0
2.75 24.125 89204.80359805694
3.25 24.125 0.0
3.75 24.125 0.0
4.25 24.125 0.0
4.75 24.125 0.0
5.25 24.125 0.0
5.75 24.125 0.0
6.25 24.125 0.0
6.75 24.125 0.0
7.25 24.125 0.0
7.75 24.125 0.0
8.25 24.125 0.0
8.75 24.125 0.0
0.25 24.375 0.0
0.75 24.375 0.0
1.25 24.375 0.0
1.75 24.375 33054.613172353405
2.25 24.375 0.0
2.75 24.375 0.0
3.25 24.375 0.0
3.75 24.375 0.0
4.25 24.375 0.0
4.75 24.375 0.0
5.25 24.375 0.0
5.75 24.375 0.0
6.25 24.375 0.0
6.75 24.375 0.0
7.25 24.375 0.0
7.75 24.375 0.0
8.25 24.375 0.0
8.75 24.375 0.0
0.25 24.625 0.0
0.75 24.625 0.0
1.25 24.625 82470.04981764496
1.75 24.625 48603.97500002743
2.25 24.625 51541.56585553689
2.75 24.625 0.0
3.25 24.625 0.0
3.75 24.625 0.0
4.25 24.625 0.0
4.75 24.625 0.0
5.25 24.625 0.0
5.75 24.625 0.0
6.25 24.625 0.0
6.75 24.625 0.0
7.25 24.625 0.0
7.75 24.625 0.0
8.25 24.625 0.0
8.75 24.625 0.0
0.25 24.875 0.0
0.75 24.875 0.0
1.25 24.875 0.0
1.75 24.875 0.0
2.25 24.875 0.0
2.75 24.875 0.0
3.25 24.875 0.0
3.75 24.875 0.0
4.25 24.875 0.0
4.75 24.875 0.0
5.25 24.875 0.0
5.75 24.875 0.0
6.25 24.875 0.0
6.75 24.875 0.0
7.25 24.875 0.0
7.75 24.875 0.0
8.25 24.875 0.0
8.75 24.875 0.0
0.25 25.125 48603.97500002743
0.75 25.125 232443.93006515078
1.25 25.125 32656.82147140788
1.75 25.125 0.0
2.25 25.125 0.0
2.75 25.125 37469.839285719834
3.25 25.125 0.0
3.75 25.125 0.0
4.25 25.125 0.0
4.75 25.125 0.0
5.25 25.125 0.0
5.75 25.125 0.0
6.25 25.125 0.0
6.75 25.125 0.0
7.25 25.125 0.0
7.75 25.125 0.0
8.25 25.125 0.0
8.75 25.125 0.0
0.25 25.375 0.0
0.75 25.375 0.0
1.25 25.375 0.0
1.75 25.375 56994.85046421294
2.25 25.375 0.0
2.75 25.375 0.0
3.25 25.375 60239.937252792406
3.75 25.375 0.0
4.25 25.375 0.0
4.75 25.375 0.0
5.25 25.375 0.0
5.75 25.375 0.0
6.25 25.375 0.0
6.75 25.375 0.0
7.25 25.375 0.0
7.75 25.375 0.0
8.25 25.375 0.0
8.75 25.375 0.0
0.25 25.625 83931.64274987899
0.75 25.625 0.0
1.25 25.625 48603.97500002743
1.75 25.625 0.0
2.25 25.625 0.0
2.75 25.625 0.0
3.25 25.625 0.0
3.75 25.625 0.0
4.25 25.625 0.0
4.75 25.625 0.0
5.25 25.625 0.0
5.75 25.625 0.0
6.25 25.625 0.0
6.75 25.625 0.0
7.25 25.625 0.0
7.75 25.625 0.0
8.25 25.625 0.0
8.75 25.625 0.0
0.25 25.875 49024.01274119398
0.75 25.875 0.0
1.25 25.875 80866.27313913226
1.75 25.875 48603.97500002743
2.25 25.875 0.0
2.75 25.875 0.0
3.25 25.875 0.0
3.75 25.875 0.0
4.25 25.875 0.0
4.75 25.875 0.0
5.25 25.875 0.0
5.75 25.875 0.0
6.25 25.875 0.0
6.75 25.875 0.0
7.25 25.875 0.0
7.75 25.875 0.0
8.25 25.875 0.0
8.75 25.875 0.0
0.25 26.125 0.0
0.75 26.125 0.0
1.25 26.125 0.0
1.75 26.125 0.0
2.25 26.125 0.0
2.75 26.125 0.0
3.25 26.125 0.0
3.75 26.125 0.0
4.25 26.125 0.0
4.75 26.125 0.0
5.25 26.125 0.0
5.75 26.125 0.0
6.25 26.125 0.0
6.75 26.125 0.0
7.25 26.125 0.0
7.75 26.125 0.0
8.25 26.125 0.0
8.75 26.125 0.0
0.25 26.375 0.0
0.75 26.375 116399.42092438352
1.25 26.375 0.0
1.75 26.375 0.0
2.25 26.375 0.0
2.75 26.375 0.0
3.25 26.375 0.0
3.75 26.375 0.0
4.25 26.375 0.0
4.75 26.375 0.0
5.25 26.375 0.0
5.75 26.375 0.0
6.25 26.375 0.0
6.75 26.375 0.0
7.25 26.375 0.0
7.75 26.375 0.0
8.25 26.375 0.0
8.75 26.375 0.0
0.25 26.625 0.0
0.75 26.625 0.0
1.25 26.625 33028.797247929266
1.75 26.625 0.0
2.25 26.625 32402.650000109697
2.75 26.625 0.0
3.25 26.625 0.0
3.75 26.625 0.0
4.25 26.625 0.0
4.75 26.625 0.0
5.25 26.625 0.0
5.75 26.625 0.0
6.25 26.625 0.0
6.75 26.625 0.0
7.25 26.625 0.0
7.75 26.625 0.0
8.25 26.625 0.0
8.75 26.625 0.0
0.25 26.875 48603.97500002743
0.75 26.875 0.0
1.25 26.875 0.0
1.75 26.875 0.0
2.25 26.875 0.0
2.75 26.875 0.0
3.25 26.875 0.0
3.75 26.875 0.0
4.25 26.875 0.0
4.75 26.875 0.0
5.25 26.875 0.0
5.75 26.875 0.0
6.25 26.875 0.0
6.75 26.875 0.0
7.25 26.875 0.0
7.75 26.875 0.0
8.25 26.875 0.0
8.75 26.875 0.0
0.25 27.125 0.0
0.75 27.125 0.0
1.25 27.125 0.0
1.75 27.125 0.0
2.25 27.125 0.0
2.75 27.125 0.0
3.25 27.125 0.0
3.75 27.125 0.0
4.25 27.125 0.0
4.75 27.125 0.0
5.25 27.125 0.0
5.75 27.125 0.0
6.25 27.125 0.0
6.75 27.125 0.0
7.25 27.125 0.0
7.75 27.125 0.0
8.25 27.125 0.0
8.75 27.125 0.0
0.25 27.375 48603.97500002743
0.75 27.375 0.0
1.25 27.375 0.0
1.75 27.375 0.0
2.25 27.375 32402.650000109697
2.75 27.375 0.0
3.25 27.375 0.0
3.75 27.375 0.0
4.25 27.375 0.0
4.75 27.375 0.0
5.25 27.375 0.0
5.75 27.375 0.0
6.25 27.375 0.0
6.75 27.375 0.0
7.25 27.375 0.0
7.75 27.375 0.0
8.25 27.375 0.0
8.75 27.375 0.0
0.25 27.625 0.0
0.75 27.625 35481.159056051234
1.25 27.625 0.0
1.75 27.625 0.0
2.25 27.625 0.0
2.75 27.625 0.0
3.25 27.625 0.0
3.75 27.625 0.0
4.25 27.625 0.0
4.75 27.625 0.0
5.25 27.625 0.0
5.75 27.625 0.0
6.25 27.625 0.0
6.75 27.625 0.0
7.25 27.625 0.0
7.75 27.625 0.0
8.25 27.625 0.0
8.75 27.625 0.0
0.25 27.875 48603.97500002743
0.75 27.875 0.0
1.25 27.875 0.0
1.75 27.875 0.0
2.25 27.875 0.0
2.75 27.875 0.0
3.25 27.875 0.0
3.75 27.875 0.0
4.25 27.875 0.0
4.75 27.875 0.0
5.25 27.875 0.0
5.75 27.875 0.0
6.25 27.875 0.0
6.75 27.875 0.0
7.25 27.875 0.0
7.75 27.875 0.0
8.25 27.875 0.0
8.75 27.875 0.0
0.25 28.125 0.0
0.75 28.125 0.0
1.25 28.125 0.0
1.75 28.125 32402.650000109697
2.25 28.125 0.0
2.75 28.125 0.0
3.25 28.125 0.0
3.75 28.125 0.0
4.25 28.125 0.0
4.75 28.125 0.0
5.25 28.125 0.0
5.75 28.125 0.0
6.25 28.125 0.0
6.75 28.125 0.0
7.25 28.125 0.0
7.75 28.125 0.0
8.25 28.125 0.0
8.75 28.125 0.0
0.25 28.375 62033.16205416027
0.75 28.375 304963.2791199769
1.25 28.375 0.0
1.75 28.375 0.0
2.25 28.375 48603.97500002743
2.75 28.375 34859.599665090915
3.25 28.375 0.0
3.75 28.375 0.0
4.25 28.375 0.0
4.75 28.375 0.0
5.25 28.375 0.0
5.75 28.375 0.0
6.25 28.375 0.0
6.75 28.375 0.0
7.25 28.375 0.0
7.75 28.375 0.0
8.25 28.375 0.0
8.75 28.375 0.0
0.25 28.625 0.0
0.75 28.625 0.0
1.25 28.625 0.0
1.75 28.625 0.0
2.25 28.625 48603.97500002743
2.75 28.625 36367.679059069575
3.25 28.625 0.0
3.75 28.625 0.0
4.25 28.625 0.0
4.75 28.625 0.0
5.25 28.625 0.0
5.75 28.625 0.0
6.25 28.625 0.0
6.75 28.625 0.0
7.25 28.625 0.0
7.75 28.625 0.0
8.25 28.625 0.0
8.75 28.625 0.0
0.25 28.875 18414.240819312236
0.75 28.875 18637.396297366755
1.25 28.875 0.0
1.75 28.875 48603.97500002743
2.25 28.875 48603.97500002743
2.75 28.875 0.0
3.25 28.875 0.0
3.75 28.875 0.0
4.25 28.875 0.0
4.75 28.875 0.0
5.25 28.875 0.0
5.75 28.875 0.0
6.25 28.875 0.0
6.75 28.875 0.0
7.25 28.875 0.0
7.75 28.875 0.0
8.25 28.875 0.0
8.75 28.875 0.0
0.25 29.125 0.0
0.75 29.125 0.0
1.25 29.125 0.0
1.75 29.125 0.0
2.25 29.125 0.0
2.75 29.125 0.0
3.25 29.125 0.0
3.75 29.125 0.0
4.25 29.125 0.0
4.75 29.125 0.0
5.25 29.125 0.0
5.75 29.125 0.0
6.25 29.125 0.0
6.75 29.125 0.0
7.25 29.125 0.0
7.75 29.125 0.0
8.25 29.125 0.0
8.75 29.125 0.0
0.25 29.375 0.0
0.75 29.375 0.0
1.25 29.375 0.0
1.75 29.375 0.0
2.25 29.375 0.0
2.75 29.375 0.0
3.25 29.375 0.0
3.75 29.375 0.0
4.25 29.375 0.0
4.75 29.375 0.0
5.25 29.375 0.0
5.75 29.375 0.0
6.25 29.375 0.0
6.75 29.375 0.0
7.25 29.375 0.0
7.75 29.375 0.0
8.25 29.375 0.0
8.75 29.375 0.0
0.25 29.625 124450.70772357674
0.75 29.625 0.0
1.25 29.625 0.0
1.75 29.625 0.0
2.25 29.625 0.0
2.75 29.625 23669.940645447547
3.25 29.625 0.0
3.75 29.625 0.0
4.25 29.625 0.0
4.75 29.625 0.0
5.25 29.625 0.0
5.75 29.625 0.0
6.25 29.625 0.0
6.75 29.625 0.0
7.25 29.625 0.0
7.75 29.625 0.0
8.25 29.625 0.0
8.75 29.625 0.0
0.25 29.875 0.0
0.75 29.875 98848.84075661466
1.25 29.875 48603.97500002743
1.75 29.875 0.0
2.25 29.875 0.0
2.75 29.875 35158.62365465724
3.25 29.875 0.0
3.75 29.875 0.0
4.25 29.875 0.0
4.75 29.875 0.0
5.25 29.875 0.0
5.75 29.875 0.0
6.25 29.875 0.0
6.75 29.875 0.0
7.25 29.875 0.0
7.75 29.875 0.0
8.25 29.875 0.0
8.75 29.875 0.0
