11.294627058970837 2208.0263851279306
14.219093021276404 551.0069962673338
17.900777537149963 8184.561401279356
22.535743732392298 11692.661011515695
28.370820458389794 3467.8450693926534
35.71674682851676 25858.53033386957
44.96472020903849 40940.79277922835
56.60722890537329 36363.70665621584
71.26427896022373 154084.94911267777
89.71641173621407 225502.28473637835
112.94627058970838 310251.6933127061
142.1909302127641 341119.7444560928
179.00777537149963 509933.65281032585
225.35743732392305 776551.8460705695
283.7082045838981 864885.979292056
357.1674682851676 1144906.5072139245
449.6472020903849 1357919.0082904492
566.0722890537327 1554100.9033982232
712.6427896022376 1616933.1468350189
897.164117362141 1550640.8854470775
1129.4627058970837 1307412.736503711
1421.9093021276408 945767.9830047823
1790.0777537149975 622943.2876138221
2253.5743732392316 373385.8365791999
2837.082045838981 170660.07902752794
3571.674682851676 64867.47383278608
4496.47202090385 19412.453191224486
5660.72289053733 3654.4328807480633
7126.427896022379 97.6349376309663
8971.64117362141 0.11278827860951424
