0.25	0.125	9.8252E+01	
0.25	0.375	2.4256E+02	
0.25	0.625	3.4121E+02	
0.25	0.875	4.0869E+02	
0.25	1.125	4.4257E+02	
0.25	1.375	4.5406E+02	
0.25	1.625	4.4394E+02	
0.25	1.875	4.1930E+02	
0.25	2.125	3.7908E+02	
0.25	2.375	3.3751E+02	
0.25	2.625	2.9495E+02	
0.25	2.875	2.5376E+02	
0.25	3.125	2.1413E+02	
0.25	3.375	1.8005E+02	
0.25	3.625	1.5015E+02	
0.25	3.875	1.2357E+02	
0.25	4.125	1.0361E+02	
0.25	4.375	8.6555E+01	
0.25	4.625	7.2076E+01	
0.25	4.875	6.0334E+01	
0.25	5.125	5.0704E+01	
0.25	5.375	4.3391E+01	
0.25	5.625	3.6555E+01	
0.25	5.875	3.1433E+01	
0.25	6.125	2.6944E+01	
0.25	6.375	2.3195E+01	
0.25	6.625	2.0186E+01	
0.25	6.875	1.7722E+01	
0.25	7.125	1.5424E+01	
0.25	7.375	1.3545E+01	
0.25	7.625	1.1763E+01	
0.25	7.875	1.0487E+01	
0.25	8.125	9.4327E+00	
0.25	8.375	8.3031E+00	
0.25	8.625	7.4602E+00	
0.25	8.875	6.5473E+00	
0.25	9.125	5.9925E+00	
0.25	9.375	5.3976E+00	
0.25	9.625	4.8834E+00	
0.25	9.875	4.3702E+00	
0.25	10.125	3.9525E+00	
0.25	10.375	3.6730E+00	
0.25	10.625	3.2757E+00	
0.25	10.875	2.9992E+00	
0.25	11.125	2.7372E+00	
0.25	11.375	2.4802E+00	
0.25	11.625	2.2630E+00	
0.25	11.875	2.0946E+00	
0.25	12.125	1.9553E+00	
0.25	12.375	1.7752E+00	
0.25	12.625	1.6758E+00	
0.25	12.875	1.5142E+00	
0.25	13.125	1.3837E+00	
0.25	13.375	1.3194E+00	
0.25	13.625	1.2006E+00	
0.25	13.875	1.1189E+00	
0.25	14.125	1.0507E+00	
0.25	14.375	9.6189E-01	
0.25	14.625	9.1953E-01	
0.25	14.875	8.3975E-01	
0.25	15.125	7.8485E-01	
0.25	15.375	7.3872E-01	
0.25	15.625	6.8881E-01	
0.25	15.875	6.6118E-01	
0.25	16.125	6.2156E-01	
0.25	16.375	5.7189E-01	
0.25	16.625	5.3703E-01	
0.25	16.875	4.9126E-01	
0.25	17.125	4.7666E-01	
0.25	17.375	4.3478E-01	
0.25	17.625	4.2436E-01	
0.25	17.875	3.9583E-01	
0.25	18.125	3.8113E-01	
0.25	18.375	3.5815E-01	
0.25	18.625	3.3157E-01	
0.25	18.875	3.1822E-01	
0.25	19.125	2.9213E-01	
0.25	19.375	2.9115E-01	
0.25	19.625	2.6856E-01	
0.25	19.875	2.5269E-01	
0.25	20.125	2.3458E-01	
0.25	20.375	2.2650E-01	
0.25	20.625	2.0985E-01	
0.25	20.875	2.0955E-01	
0.25	21.125	1.9495E-01	
0.25	21.375	1.8531E-01	
0.25	21.625	1.7197E-01	
0.25	21.875	1.6593E-01	
0.25	22.125	1.5892E-01	
0.25	22.375	1.5454E-01	
0.25	22.625	1.4227E-01	
0.25	22.875	1.3681E-01	
0.25	23.125	1.3204E-01	
0.25	23.375	1.2815E-01	
0.25	23.625	1.1666E-01	
0.25	23.875	1.1305E-01	
0.25	24.125	1.0945E-01	
0.25	24.375	1.0468E-01	
0.25	24.625	1.0224E-01	
0.25	24.875	1.0020E-01	
0.75	0.125	9.8447E+01	
0.75	0.375	2.4081E+02	
0.75	0.625	3.3828E+02	
0.75	0.875	4.0392E+02	
0.75	1.125	4.4004E+02	
0.75	1.375	4.5056E+02	
0.75	1.625	4.3809E+02	
0.75	1.875	4.1258E+02	
0.75	2.125	3.7772E+02	
0.75	2.375	3.3634E+02	
0.75	2.625	2.9106E+02	
0.75	2.875	2.5308E+02	
0.75	3.125	2.1082E+02	
0.75	3.375	1.7742E+02	
0.75	3.625	1.4665E+02	
0.75	3.875	1.2230E+02	
0.75	4.125	1.0224E+02	
0.75	4.375	8.4601E+01	
0.75	4.625	7.0683E+01	
0.75	4.875	5.9263E+01	
0.75	5.125	4.9584E+01	
0.75	5.375	4.2641E+01	
0.75	5.625	3.5971E+01	
0.75	5.875	3.0693E+01	
0.75	6.125	2.6233E+01	
0.75	6.375	2.2805E+01	
0.75	6.625	1.9952E+01	
0.75	6.875	1.7294E+01	
0.75	7.125	1.5161E+01	
0.75	7.375	1.3214E+01	
0.75	7.625	1.1744E+01	
0.75	7.875	1.0312E+01	
0.75	8.125	9.1241E+00	
0.75	8.375	8.0932E+00	
0.75	8.625	7.1997E+00	
0.75	8.875	6.4785E+00	
0.75	9.125	5.7384E+00	
0.75	9.375	5.2203E+00	
0.75	9.625	4.7529E+00	
0.75	9.875	4.2904E+00	
0.75	10.125	3.8142E+00	
0.75	10.375	3.4753E+00	
0.75	10.625	3.2027E+00	
0.75	10.875	2.8969E+00	
0.75	11.125	2.6321E+00	
0.75	11.375	2.4003E+00	
0.75	11.625	2.2319E+00	
0.75	11.875	2.0653E+00	
0.75	12.125	1.8803E+00	
0.75	12.375	1.7518E+00	
0.75	12.625	1.5999E+00	
0.75	12.875	1.4558E+00	
0.75	13.125	1.3788E+00	
0.75	13.375	1.2824E+00	
0.75	13.625	1.1695E+00	
0.75	13.875	1.1062E+00	
0.75	14.125	1.0341E+00	
0.75	14.375	9.4114E-01	
0.75	14.625	8.7949E-01	
0.75	14.875	8.1175E-01	
0.75	15.125	7.7061E-01	
0.75	15.375	7.1474E-01	
0.75	15.625	6.6666E-01	
0.75	15.875	6.1913E-01	
0.75	16.125	5.7987E-01	
0.75	16.375	5.5202E-01	
0.75	16.625	5.1385E-01	
0.75	16.875	4.9078E-01	
0.75	17.125	4.6000E-01	
0.75	17.375	4.3439E-01	
0.75	17.625	4.1443E-01	
0.75	17.875	3.7636E-01	
0.75	18.125	3.5980E-01	
0.75	18.375	3.3429E-01	
0.75	18.625	3.2524E-01	
0.75	18.875	3.0138E-01	
0.75	19.125	2.8736E-01	
0.75	19.375	2.7606E-01	
0.75	19.625	2.5415E-01	
0.75	19.875	2.4393E-01	
0.75	20.125	2.2494E-01	
0.75	20.375	2.1793E-01	
0.75	20.625	2.0809E-01	
0.75	20.875	1.9699E-01	
0.75	21.125	1.8949E-01	
0.75	21.375	1.7839E-01	
0.75	21.625	1.6797E-01	
0.75	21.875	1.6272E-01	
0.75	22.125	1.5259E-01	
0.75	22.375	1.4616E-01	
0.75	22.625	1.3564E-01	
0.75	22.875	1.3379E-01	
0.75	23.125	1.2620E-01	
0.75	23.375	1.1890E-01	
0.75	23.625	1.1646E-01	
0.75	23.875	1.0848E-01	
0.75	24.125	1.0195E-01	
0.75	24.375	9.8739E-02	
0.75	24.625	9.7169E-02	
0.75	24.875	9.1856E-02	
1.25	0.125	9.7260E+01	
1.25	0.375	2.3721E+02	
1.25	0.625	3.3410E+02	
1.25	0.875	4.0051E+02	
1.25	1.125	4.3985E+02	
1.25	1.375	4.4316E+02	
1.25	1.625	4.3761E+02	
1.25	1.875	4.0703E+02	
1.25	2.125	3.6847E+02	
1.25	2.375	3.2718E+02	
1.25	2.625	2.8405E+02	
1.25	2.875	2.4461E+02	
1.25	3.125	2.0741E+02	
1.25	3.375	1.7060E+02	
1.25	3.625	1.4324E+02	
1.25	3.875	1.1870E+02	
1.25	4.125	9.9713E+01	
1.25	4.375	8.2198E+01	
1.25	4.625	6.8553E+01	
1.25	4.875	5.7296E+01	
1.25	5.125	4.7909E+01	
1.25	5.375	4.0499E+01	
1.25	5.625	3.4773E+01	
1.25	5.875	2.9252E+01	
1.25	6.125	2.5688E+01	
1.25	6.375	2.1627E+01	
1.25	6.625	1.8618E+01	
1.25	6.875	1.6310E+01	
1.25	7.125	1.4324E+01	
1.25	7.375	1.2688E+01	
1.25	7.625	1.1062E+01	
1.25	7.875	9.7571E+00	
1.25	8.125	8.6945E+00	
1.25	8.375	7.7037E+00	
1.25	8.625	6.8522E+00	
1.25	8.875	6.1365E+00	
1.25	9.125	5.5086E+00	
1.25	9.375	4.9175E+00	
1.25	9.625	4.4248E+00	
1.25	9.875	4.1093E+00	
1.25	10.125	3.6633E+00	
1.25	10.375	3.3273E+00	
1.25	10.625	3.0294E+00	
1.25	10.875	2.7781E+00	
1.25	11.125	2.4821E+00	
1.25	11.375	2.2952E+00	
1.25	11.625	2.0653E+00	
1.25	11.875	1.8959E+00	
1.25	12.125	1.7313E+00	
1.25	12.375	1.6203E+00	
1.25	12.625	1.4879E+00	
1.25	12.875	1.3944E+00	
1.25	13.125	1.2844E+00	
1.25	13.375	1.1656E+00	
1.25	13.625	1.0974E+00	
1.25	13.875	1.0224E+00	
1.25	14.125	9.3773E-01	
1.25	14.375	8.8643E-01	
1.25	14.625	8.1875E-01	
1.25	14.875	7.6428E-01	
1.25	15.125	7.1316E-01	
1.25	15.375	6.5084E-01	
1.25	15.625	6.2260E-01	
1.25	15.875	5.8309E-01	
1.25	16.125	5.3966E-01	
1.25	16.375	5.1736E-01	
1.25	16.625	4.7451E-01	
1.25	16.875	4.5319E-01	
1.25	17.125	4.2086E-01	
1.25	17.375	3.9213E-01	
1.25	17.625	3.8113E-01	
1.25	17.875	3.4617E-01	
1.25	18.125	3.3721E-01	
1.25	18.375	3.0820E-01	
1.25	18.625	2.8960E-01	
1.25	18.875	2.8161E-01	
1.25	19.125	2.6593E-01	
1.25	19.375	2.5474E-01	
1.25	19.625	2.4091E-01	
1.25	19.875	2.2786E-01	
1.25	20.125	2.1257E-01	
1.25	20.375	2.0069E-01	
1.25	20.625	1.9056E-01	
1.25	20.875	1.8141E-01	
1.25	21.125	1.6953E-01	
1.25	21.375	1.6749E-01	
1.25	21.625	1.6048E-01	
1.25	21.875	1.4675E-01	
1.25	22.125	1.4207E-01	
1.25	22.375	1.3321E-01	
1.25	22.625	1.2727E-01	
1.25	22.875	1.2094E-01	
1.25	23.125	1.1500E-01	
1.25	23.375	1.0906E-01	
1.25	23.625	1.0546E-01	
1.25	23.875	1.0205E-01	
1.25	24.125	9.9518E-02	
1.25	24.375	8.9683E-02	
1.25	24.625	8.8137E-02	
1.25	24.875	8.4699E-02	
1.75	0.125	9.7376E+01	
1.75	0.375	2.3468E+02	
1.75	0.625	3.2991E+02	
1.75	0.875	3.9223E+02	
1.75	1.125	4.2758E+02	
1.75	1.375	4.3313E+02	
1.75	1.625	4.2174E+02	
1.75	1.875	3.9535E+02	
1.75	2.125	3.5854E+02	
1.75	2.375	3.1725E+02	
1.75	2.625	2.7324E+02	
1.75	2.875	2.3438E+02	
1.75	3.125	1.9748E+02	
1.75	3.375	1.6457E+02	
1.75	3.625	1.3798E+02	
1.75	3.875	1.1296E+02	
1.75	4.125	9.3365E+01	
1.75	4.375	7.7834E+01	
1.75	4.625	6.4822E+01	
1.75	4.875	5.3800E+01	
1.75	5.125	4.5163E+01	
1.75	5.375	3.8006E+01	
1.75	5.625	3.2611E+01	
1.75	5.875	2.7577E+01	
1.75	6.125	2.3643E+01	
1.75	6.375	2.0468E+01	
1.75	6.625	1.7966E+01	
1.75	6.875	1.5346E+01	
1.75	7.125	1.3224E+01	
1.75	7.375	1.1666E+01	
1.75	7.625	1.0234E+01	
1.75	7.875	8.9647E+00	
1.75	8.125	8.2173E+00	
1.75	8.375	7.1541E+00	
1.75	8.625	6.3331E+00	
1.75	8.875	5.5777E+00	
1.75	9.125	5.0071E+00	
1.75	9.375	4.6234E+00	
1.75	9.625	4.0460E+00	
1.75	9.875	3.7052E+00	
1.75	10.125	3.3702E+00	
1.75	10.375	3.0362E+00	
1.75	10.625	2.7343E+00	
1.75	10.875	2.6068E+00	
1.75	11.125	2.2844E+00	
1.75	11.375	2.0712E+00	
1.75	11.625	1.8803E+00	
1.75	11.875	1.7080E+00	
1.75	12.125	1.5979E+00	
1.75	12.375	1.4840E+00	
1.75	12.625	1.3788E+00	
1.75	12.875	1.2620E+00	
1.75	13.125	1.1490E+00	
1.75	13.375	1.0770E+00	
1.75	13.625	9.6956E-01	
1.75	13.875	9.2361E-01	
1.75	14.125	8.2398E-01	
1.75	14.375	8.0609E-01	
1.75	14.625	7.1492E-01	
1.75	14.875	6.7902E-01	
1.75	15.125	6.4232E-01	
1.75	15.375	5.8854E-01	
1.75	15.625	5.6176E-01	
1.75	15.875	5.1785E-01	
1.75	16.125	4.8980E-01	
1.75	16.375	4.5465E-01	
1.75	16.625	4.3926E-01	
1.75	16.875	3.9466E-01	
1.75	17.125	3.7091E-01	
1.75	17.375	3.4549E-01	
1.75	17.625	3.3673E-01	
1.75	17.875	3.1121E-01	
1.75	18.125	2.9826E-01	
1.75	18.375	2.8161E-01	
1.75	18.625	2.5824E-01	
1.75	18.875	2.5289E-01	
1.75	19.125	2.3020E-01	
1.75	19.375	2.2630E-01	
1.75	19.625	2.0848E-01	
1.75	19.875	1.9982E-01	
1.75	20.125	1.8648E-01	
1.75	20.375	1.7781E-01	
1.75	20.625	1.6603E-01	
1.75	20.875	1.5697E-01	
1.75	21.125	1.5551E-01	
1.75	21.375	1.4509E-01	
1.75	21.625	1.3399E-01	
1.75	21.875	1.3029E-01	
1.75	22.125	1.2639E-01	
1.75	22.375	1.1724E-01	
1.75	22.625	1.1422E-01	
1.75	22.875	1.0809E-01	
1.75	23.125	1.0166E-01	
1.75	23.375	9.5739E-02	
1.75	23.625	9.3566E-02	
1.75	23.875	8.9440E-02	
1.75	24.125	8.4766E-02	
1.75	24.375	8.1954E-02	
1.75	24.625	7.5290E-02	
1.75	24.875	7.1005E-02	
2.25	0.125	9.3031E+01	
2.25	0.375	2.2825E+02	
2.25	0.625	3.2173E+02	
2.25	0.875	3.7967E+02	
2.25	1.125	4.1463E+02	
2.25	1.375	4.1930E+02	
2.25	1.625	4.0353E+02	
2.25	1.875	3.7831E+02	
2.25	2.125	3.4306E+02	
2.25	2.375	3.0264E+02	
2.25	2.625	2.6077E+02	
2.25	2.875	2.2134E+02	
2.25	3.125	1.8686E+02	
2.25	3.375	1.5463E+02	
2.25	3.625	1.2805E+02	
2.25	3.875	1.0575E+02	
2.25	4.125	8.7249E+01	
2.25	4.375	7.2545E+01	
2.25	4.625	6.0344E+01	
2.25	4.875	4.9915E+01	
2.25	5.125	4.1765E+01	
2.25	5.375	3.4364E+01	
2.25	5.625	2.9495E+01	
2.25	5.875	2.4928E+01	
2.25	6.125	2.1579E+01	
2.25	6.375	1.8501E+01	
2.25	6.625	1.5853E+01	
2.25	6.875	1.3973E+01	
2.25	7.125	1.1831E+01	
2.25	7.375	1.0517E+01	
2.25	7.625	9.0608E+00	
2.25	7.875	7.9860E+00	
2.25	8.125	7.0725E+00	
2.25	8.375	6.3167E+00	
2.25	8.625	5.6313E+00	
2.25	8.875	5.1278E+00	
2.25	9.125	4.5085E+00	
2.25	9.375	4.0031E+00	
2.25	9.625	3.6156E+00	
2.25	9.875	3.2455E+00	
2.25	10.125	2.9476E+00	
2.25	10.375	2.6856E+00	
2.25	10.625	2.4013E+00	
2.25	10.875	2.2065E+00	
2.25	11.125	1.9660E+00	
2.25	11.375	1.8453E+00	
2.25	11.625	1.6651E+00	
2.25	11.875	1.5600E+00	
2.25	12.125	1.3905E+00	
2.25	12.375	1.2932E+00	
2.25	12.625	1.1559E+00	
2.25	12.875	1.0818E+00	
2.25	13.125	9.8642E-01	
2.25	13.375	9.1795E-01	
2.25	13.625	8.6239E-01	
2.25	13.875	7.7499E-01	
2.25	14.125	7.1845E-01	
2.25	14.375	6.7299E-01	
2.25	14.625	6.3033E-01	
2.25	14.875	5.7978E-01	
2.25	15.125	5.3362E-01	
2.25	15.375	5.1356E-01	
2.25	15.625	4.6877E-01	
2.25	15.875	4.4881E-01	
2.25	16.125	4.1716E-01	
2.25	16.375	3.7947E-01	
2.25	16.625	3.5756E-01	
2.25	16.875	3.2981E-01	
2.25	17.125	3.2105E-01	
2.25	17.375	3.0148E-01	
2.25	17.625	2.8005E-01	
2.25	17.875	2.6311E-01	
2.25	18.125	2.4276E-01	
2.25	18.375	2.4110E-01	
2.25	18.625	2.2007E-01	
2.25	18.875	2.0352E-01	
2.25	19.125	1.9427E-01	
2.25	19.375	1.8229E-01	
2.25	19.625	1.8336E-01	
2.25	19.875	1.6544E-01	
2.25	20.125	1.6018E-01	
2.25	20.375	1.4577E-01	
2.25	20.625	1.3711E-01	
2.25	20.875	1.3428E-01	
2.25	21.125	1.2669E-01	
2.25	21.375	1.1773E-01	
2.25	21.625	1.1500E-01	
2.25	21.875	1.0750E-01	
2.25	22.125	1.0166E-01	
2.25	22.375	9.5380E-02	
2.25	22.625	8.8971E-02	
2.25	22.875	8.4961E-02	
2.25	23.125	8.1698E-02	
2.25	23.375	7.5990E-02	
2.25	23.625	7.5399E-02	
2.25	23.875	7.1328E-02	
2.25	24.125	7.1377E-02	
2.25	24.375	6.8017E-02	
2.25	24.625	6.3672E-02	
2.25	24.875	5.7841E-02	
2.75	0.125	8.9799E+01	
2.75	0.375	2.2124E+02	
2.75	0.625	3.0771E+02	
2.75	0.875	3.6789E+02	
2.75	1.125	3.9291E+02	
2.75	1.375	3.9983E+02	
2.75	1.625	3.8853E+02	
2.75	1.875	3.5854E+02	
2.75	2.125	3.2494E+02	
2.75	2.375	2.8463E+02	
2.75	2.625	2.4227E+02	
2.75	2.875	2.0634E+02	
2.75	3.125	1.7167E+02	
2.75	3.375	1.4528E+02	
2.75	3.625	1.1773E+02	
2.75	3.875	9.6080E+01	
2.75	4.125	7.9234E+01	
2.75	4.375	6.4883E+01	
2.75	4.625	5.4102E+01	
2.75	4.875	4.4111E+01	
2.75	5.125	3.6886E+01	
2.75	5.375	3.1258E+01	
2.75	5.625	2.6506E+01	
2.75	5.875	2.2202E+01	
2.75	6.125	1.8891E+01	
2.75	6.375	1.6223E+01	
2.75	6.625	1.4207E+01	
2.75	6.875	1.2123E+01	
2.75	7.125	1.0341E+01	
2.75	7.375	9.1765E+00	
2.75	7.625	7.9118E+00	
2.75	7.875	6.8808E+00	
2.75	8.125	6.2126E+00	
2.75	8.375	5.3732E+00	
2.75	8.625	4.8075E+00	
2.75	8.875	4.2573E+00	
2.75	9.125	3.9466E+00	
2.75	9.375	3.4062E+00	
2.75	9.625	3.0488E+00	
2.75	9.875	2.7966E+00	
2.75	10.125	2.4909E+00	
2.75	10.375	2.2698E+00	
2.75	10.625	1.9787E+00	
2.75	10.875	1.8131E+00	
2.75	11.125	1.6729E+00	
2.75	11.375	1.5298E+00	
2.75	11.625	1.3740E+00	
2.75	11.875	1.2610E+00	
2.75	12.125	1.1792E+00	
2.75	12.375	1.0439E+00	
2.75	12.625	9.5769E-01	
2.75	12.875	8.8643E-01	
2.75	13.125	8.0694E-01	
2.75	13.375	7.4201E-01	
2.75	13.625	6.8005E-01	
2.75	13.875	6.3745E-01	
2.75	14.125	6.0432E-01	
2.75	14.375	5.5047E-01	
2.75	14.625	5.2622E-01	
2.75	14.875	4.7101E-01	
2.75	15.125	4.3371E-01	
2.75	15.375	3.9983E-01	
2.75	15.625	3.8561E-01	
2.75	15.875	3.5883E-01	
2.75	16.125	3.2446E-01	
2.75	16.375	3.0527E-01	
2.75	16.625	2.8434E-01	
2.75	16.875	2.6924E-01	
2.75	17.125	2.4539E-01	
2.75	17.375	2.3623E-01	
2.75	17.625	2.1997E-01	
2.75	17.875	2.0770E-01	
2.75	18.125	1.9417E-01	
2.75	18.375	1.7830E-01	
2.75	18.625	1.6904E-01	
2.75	18.875	1.6018E-01	
2.75	19.125	1.4889E-01	
2.75	19.375	1.4256E-01	
2.75	19.625	1.3428E-01	
2.75	19.875	1.2562E-01	
2.75	20.125	1.2065E-01	
2.75	20.375	1.1198E-01	
2.75	20.625	1.0653E-01	
2.75	20.875	9.9713E-02	
2.75	21.125	9.6305E-02	
2.75	21.375	9.3158E-02	
2.75	21.625	8.7249E-02	
2.75	21.875	8.0871E-02	
2.75	22.125	7.6032E-02	
2.75	22.375	7.3841E-02	
2.75	22.625	6.9557E-02	
2.75	22.875	6.8565E-02	
2.75	23.125	6.3866E-02	
2.75	23.375	5.9506E-02	
2.75	23.625	5.5933E-02	
2.75	23.875	5.3771E-02	
2.75	24.125	4.9486E-02	
2.75	24.375	4.8152E-02	
2.75	24.625	4.5961E-02	
2.75	24.875	4.3595E-02	
3.25	0.125	8.4541E+01	
3.25	0.375	2.0994E+02	
3.25	0.625	2.9768E+02	
3.25	0.875	3.4695E+02	
3.25	1.125	3.7353E+02	
3.25	1.375	3.7412E+02	
3.25	1.625	3.6049E+02	
3.25	1.875	3.3215E+02	
3.25	2.125	2.9836E+02	
3.25	2.375	2.5990E+02	
3.25	2.625	2.2211E+02	
3.25	2.875	1.8628E+02	
3.25	3.125	1.5609E+02	
3.25	3.375	1.2717E+02	
3.25	3.625	1.0371E+02	
3.25	3.875	8.4863E+01	
3.25	4.125	7.5174E+01	
3.25	4.375	5.6907E+01	
3.25	4.625	4.8435E+01	
3.25	4.875	3.7996E+01	
3.25	5.125	3.1482E+01	
3.25	5.375	2.6554E+01	
3.25	5.625	2.2046E+01	
3.25	5.875	1.9027E+01	
3.25	6.125	1.5931E+01	
3.25	6.375	1.3457E+01	
3.25	6.625	1.1636E+01	
3.25	6.875	1.0069E+01	
3.25	7.125	8.5125E+00	
3.25	7.375	7.3939E+00	
3.25	7.625	6.5400E+00	
3.25	7.875	5.6819E+00	
3.25	8.125	4.9506E+00	
3.25	8.375	4.3615E+00	
3.25	8.625	3.7840E+00	
3.25	8.875	3.3838E+00	
3.25	9.125	3.0089E+00	
3.25	9.375	2.7791E+00	
3.25	9.625	2.4237E+00	
3.25	9.875	2.1306E+00	
3.25	10.125	1.9641E+00	
3.25	10.375	1.7508E+00	
3.25	10.625	1.5833E+00	
3.25	10.875	1.4168E+00	
3.25	11.125	1.3117E+00	
3.25	11.375	1.1802E+00	
3.25	11.625	1.0341E+00	
3.25	11.875	9.7668E-01	
3.25	12.125	8.8728E-01	
3.25	12.375	7.8376E-01	
3.25	12.625	7.3422E-01	
3.25	12.875	6.6423E-01	
3.25	13.125	6.3197E-01	
3.25	13.375	5.6264E-01	
3.25	13.625	5.2213E-01	
3.25	13.875	4.7588E-01	
3.25	14.125	4.4686E-01	
3.25	14.375	4.0635E-01	
3.25	14.625	3.7295E-01	
3.25	14.875	3.4549E-01	
3.25	15.125	3.1842E-01	
3.25	15.375	2.8979E-01	
3.25	15.625	2.7879E-01	
3.25	15.875	2.5415E-01	
3.25	16.125	2.4334E-01	
3.25	16.375	2.1929E-01	
3.25	16.625	2.0118E-01	
3.25	16.875	1.9407E-01	
3.25	17.125	1.7985E-01	
3.25	17.375	1.6827E-01	
3.25	17.625	1.6155E-01	
3.25	17.875	1.4908E-01	
3.25	18.125	1.3827E-01	
3.25	18.375	1.2844E-01	
3.25	18.625	1.2542E-01	
3.25	18.875	1.1588E-01	
3.25	19.125	1.1062E-01	
3.25	19.375	1.0448E-01	
3.25	19.625	9.6707E-02	
3.25	19.875	8.4924E-02	
3.25	20.125	8.4315E-02	
3.25	20.375	7.8935E-02	
3.25	20.625	7.2515E-02	
3.25	20.875	6.8979E-02	
3.25	21.125	6.9886E-02	
3.25	21.375	6.5504E-02	
3.25	21.625	6.0539E-02	
3.25	21.875	5.5154E-02	
3.25	22.125	5.2067E-02	
3.25	22.375	4.9340E-02	
3.25	22.625	4.8912E-02	
3.25	22.875	4.4150E-02	
3.25	23.125	4.1628E-02	
3.25	23.375	4.1550E-02	
3.25	23.625	3.8181E-02	
3.25	23.875	3.6302E-02	
3.25	24.125	3.4160E-02	
3.25	24.375	3.1784E-02	
3.25	24.625	3.0109E-02	
3.25	24.875	2.8960E-02	
3.75	0.125	8.0055E+01	
3.75	0.375	1.9621E+02	
3.75	0.625	2.8745E+02	
3.75	0.875	3.2718E+02	
3.75	1.125	3.4539E+02	
3.75	1.375	3.4617E+02	
3.75	1.625	3.2748E+02	
3.75	1.875	3.0372E+02	
3.75	2.125	2.6671E+02	
3.75	2.375	2.2844E+02	
3.75	2.625	1.9982E+02	
3.75	2.875	1.6349E+02	
3.75	3.125	1.3428E+02	
3.75	3.375	1.0945E+02	
3.75	3.625	8.7967E+01	
3.75	3.875	7.1492E+01	
3.75	4.125	5.8513E+01	
3.75	4.375	4.7802E+01	
3.75	4.625	3.8405E+01	
3.75	4.875	3.1472E+01	
3.75	5.125	2.6038E+01	
3.75	5.375	2.1812E+01	
3.75	5.625	1.7966E+01	
3.75	5.875	1.5122E+01	
3.75	6.125	1.2620E+01	
3.75	6.375	1.0633E+01	
3.75	6.625	8.9994E+00	
3.75	6.875	7.8388E+00	
3.75	7.125	6.6836E+00	
3.75	7.375	5.7218E+00	
3.75	7.625	4.9837E+00	
3.75	7.875	4.3459E+00	
3.75	8.125	3.7529E+00	
3.75	8.375	3.2884E+00	
3.75	8.625	2.9456E+00	
3.75	8.875	2.4987E+00	
3.75	9.125	2.2309E+00	
3.75	9.375	2.0206E+00	
3.75	9.625	1.7537E+00	
3.75	9.875	1.5697E+00	
3.75	10.125	1.3993E+00	
3.75	10.375	1.2620E+00	
3.75	10.625	1.1150E+00	
3.75	10.875	1.0312E+00	
3.75	11.125	9.3499E-01	
3.75	11.375	8.1053E-01	
3.75	11.625	7.5077E-01	
3.75	11.875	6.8973E-01	
3.75	12.125	6.1310E-01	
3.75	12.375	5.5426E-01	
3.75	12.625	5.0051E-01	
3.75	12.875	4.7072E-01	
3.75	13.125	4.3517E-01	
3.75	13.375	3.8132E-01	
3.75	13.625	3.4432E-01	
3.75	13.875	3.2076E-01	
3.75	14.125	2.8921E-01	
3.75	14.375	2.6847E-01	
3.75	14.625	2.5863E-01	
3.75	14.875	2.3029E-01	
3.75	15.125	2.2348E-01	
3.75	15.375	1.9758E-01	
3.75	15.625	1.7966E-01	
3.75	15.875	1.6700E-01	
3.75	16.125	1.4801E-01	
3.75	16.375	1.4266E-01	
3.75	16.625	1.3496E-01	
3.75	16.875	1.2328E-01	
3.75	17.125	1.1364E-01	
3.75	17.375	1.0069E-01	
3.75	17.625	9.8447E-02	
3.75	17.875	9.0061E-02	
3.75	18.125	8.4632E-02	
3.75	18.375	8.0853E-02	
3.75	18.625	7.6501E-02	
3.75	18.875	7.0999E-02	
3.75	19.125	6.5473E-02	
3.75	19.375	6.4299E-02	
3.75	19.625	6.0831E-02	
3.75	19.875	5.4930E-02	
3.75	20.125	4.8698E-02	
3.75	20.375	4.6448E-02	
3.75	20.625	4.3332E-02	
3.75	20.875	4.0148E-02	
3.75	21.125	3.8366E-02	
3.75	21.375	3.7071E-02	
3.75	21.625	3.5873E-02	
3.75	21.875	3.3673E-02	
3.75	22.125	3.2426E-02	
3.75	22.375	3.0381E-02	
3.75	22.625	2.7626E-02	
3.75	22.875	2.5629E-02	
3.75	23.125	2.4617E-02	
3.75	23.375	2.2961E-02	
3.75	23.625	2.1403E-02	
3.75	23.875	1.9943E-02	
3.75	24.125	1.7859E-02	
3.75	24.375	1.8375E-02	
3.75	24.625	1.7031E-02	
3.75	24.875	1.5775E-02	
4.25	0.125	7.1784E+01	
4.25	0.375	1.7956E+02	
4.25	0.625	2.4695E+02	
4.25	0.875	2.9417E+02	
4.25	1.125	3.1491E+02	
4.25	1.375	3.0566E+02	
4.25	1.625	2.9145E+02	
4.25	1.875	2.6243E+02	
4.25	2.125	2.3020E+02	
4.25	2.375	1.9670E+02	
4.25	2.625	1.6612E+02	
4.25	2.875	1.3672E+02	
4.25	3.125	1.1218E+02	
4.25	3.375	9.2325E+01	
4.25	3.625	7.2801E+01	
4.25	3.875	5.7715E+01	
4.25	4.125	4.6964E+01	
4.25	4.375	3.8025E+01	
4.25	4.625	2.9826E+01	
4.25	4.875	2.4578E+01	
4.25	5.125	1.9933E+01	
4.25	5.375	1.6398E+01	
4.25	5.625	1.3194E+01	
4.25	5.875	1.0965E+01	
4.25	6.125	9.1643E+00	
4.25	6.375	7.6550E+00	
4.25	6.625	6.5181E+00	
4.25	6.875	5.4716E+00	
4.25	7.125	4.7432E+00	
4.25	7.375	3.9710E+00	
4.25	7.625	3.5133E+00	
4.25	7.875	2.9330E+00	
4.25	8.125	2.5785E+00	
4.25	8.375	2.2046E+00	
4.25	8.625	1.9699E+00	
4.25	8.875	1.7031E+00	
4.25	9.125	1.4821E+00	
4.25	9.375	1.3350E+00	
4.25	9.625	1.1539E+00	
4.25	9.875	1.0400E+00	
4.25	10.125	9.0687E-01	
4.25	10.375	7.9343E-01	
4.25	10.625	7.1669E-01	
4.25	10.875	6.4785E-01	
4.25	11.125	5.8289E-01	
4.25	11.375	5.0684E-01	
4.25	11.625	4.5358E-01	
4.25	11.875	4.0518E-01	
4.25	12.125	3.6350E-01	
4.25	12.375	3.3936E-01	
4.25	12.625	3.1190E-01	
4.25	12.875	2.6876E-01	
4.25	13.125	2.5113E-01	
4.25	13.375	2.2825E-01	
4.25	13.625	2.0206E-01	
4.25	13.875	1.8531E-01	
4.25	14.125	1.6340E-01	
4.25	14.375	1.5025E-01	
4.25	14.625	1.4188E-01	
4.25	14.875	1.2834E-01	
4.25	15.125	1.2269E-01	
4.25	15.375	1.1305E-01	
4.25	15.625	9.9810E-02	
4.25	15.875	9.0687E-02	
4.25	16.125	8.4748E-02	
4.25	16.375	7.5807E-02	
4.25	16.625	6.8942E-02	
4.25	16.875	6.6800E-02	
4.25	17.125	5.9321E-02	
4.25	17.375	5.3158E-02	
4.25	17.625	5.2018E-02	
4.25	17.875	5.0197E-02	
4.25	18.125	4.5504E-02	
4.25	18.375	4.0265E-02	
4.25	18.625	3.9408E-02	
4.25	18.875	3.6204E-02	
4.25	19.125	3.2056E-02	
4.25	19.375	3.0664E-02	
4.25	19.625	2.7937E-02	
4.25	19.875	2.6496E-02	
4.25	20.125	2.3643E-02	
4.25	20.375	2.1949E-02	
4.25	20.625	2.1131E-02	
4.25	20.875	1.9797E-02	
4.25	21.125	1.8404E-02	
4.25	21.375	1.7713E-02	
4.25	21.625	1.6164E-02	
4.25	21.875	1.5755E-02	
4.25	22.125	1.3847E-02	
4.25	22.375	1.2795E-02	
4.25	22.625	1.2308E-02	
4.25	22.875	1.1481E-02	
4.25	23.125	1.0799E-02	
4.25	23.375	9.8350E-03	
4.25	23.625	9.4893E-03	
4.25	23.875	8.8223E-03	
4.25	24.125	7.8339E-03	
4.25	24.375	7.4913E-03	
4.25	24.625	6.8212E-03	
4.25	24.875	6.3605E-03	
4.75	0.125	6.0285E+01	
4.75	0.375	1.5424E+02	
4.75	0.625	2.1939E+02	
4.75	0.875	2.5123E+02	
4.75	1.125	2.6515E+02	
4.75	1.375	2.5883E+02	
4.75	1.625	2.4354E+02	
4.75	1.875	2.1812E+02	
4.75	2.125	1.9222E+02	
4.75	2.375	1.6174E+02	
4.75	2.625	1.3263E+02	
4.75	2.875	1.0906E+02	
4.75	3.125	8.6598E+01	
4.75	3.375	6.8054E+01	
4.75	3.625	5.4881E+01	
4.75	3.875	4.2806E+01	
4.75	4.125	3.3848E+01	
4.75	4.375	2.6749E+01	
4.75	4.625	2.1140E+01	
4.75	4.875	1.7245E+01	
4.75	5.125	1.4908E+01	
4.75	5.375	1.0896E+01	
4.75	5.625	8.9963E+00	
4.75	5.875	7.3403E+00	
4.75	6.125	5.9721E+00	
4.75	6.375	4.9925E+00	
4.75	6.625	4.1005E+00	
4.75	6.875	3.4013E+00	
4.75	7.125	2.8677E+00	
4.75	7.375	2.4130E+00	
4.75	7.625	2.0644E+00	
4.75	7.875	1.7226E+00	
4.75	8.125	1.5376E+00	
4.75	8.375	1.3019E+00	
4.75	8.625	1.0887E+00	
4.75	8.875	9.4808E-01	
4.75	9.125	8.1151E-01	
4.75	9.375	7.5010E-01	
4.75	9.625	6.5358E-01	
4.75	9.875	5.5387E-01	
4.75	10.125	4.7967E-01	
4.75	10.375	4.1735E-01	
4.75	10.625	3.6370E-01	
4.75	10.875	3.1949E-01	
4.75	11.125	2.9223E-01	
4.75	11.375	2.5542E-01	
4.75	11.625	2.3731E-01	
4.75	11.875	2.0449E-01	
4.75	12.125	1.7771E-01	
4.75	12.375	1.6349E-01	
4.75	12.625	1.4373E-01	
4.75	12.875	1.2893E-01	
4.75	13.125	1.2016E-01	
4.75	13.375	1.0302E-01	
4.75	13.625	9.4102E-02	
4.75	13.875	8.2538E-02	
4.75	14.125	7.7189E-02	
4.75	14.375	6.7646E-02	
4.75	14.625	5.9380E-02	
4.75	14.875	5.7919E-02	
4.75	15.125	4.7880E-02	
4.75	15.375	4.2962E-02	
4.75	15.625	4.0869E-02	
4.75	15.875	3.5542E-02	
4.75	16.125	3.2884E-02	
4.75	16.375	3.1404E-02	
4.75	16.625	2.8327E-02	
4.75	16.875	2.5055E-02	
4.75	17.125	2.3526E-02	
4.75	17.375	1.9787E-02	
4.75	17.625	1.8930E-02	
4.75	17.875	1.7674E-02	
4.75	18.125	1.6447E-02	
4.75	18.375	1.4343E-02	
4.75	18.625	1.3857E-02	
4.75	18.875	1.2075E-02	
4.75	19.125	1.1227E-02	
4.75	19.375	1.0390E-02	
4.75	19.625	1.0283E-02	
4.75	19.875	9.3207E-03	
4.75	20.125	8.7571E-03	
4.75	20.375	7.8175E-03	
4.75	20.625	7.0141E-03	
4.75	20.875	6.2893E-03	
4.75	21.125	5.6945E-03	
4.75	21.375	5.1541E-03	
4.75	21.625	5.0519E-03	
4.75	21.875	4.4160E-03	
4.75	22.125	4.0693E-03	
4.75	22.375	3.8756E-03	
4.75	22.625	3.7139E-03	
4.75	22.875	3.2436E-03	
4.75	23.125	3.1102E-03	
4.75	23.375	2.8862E-03	
4.75	23.625	2.5970E-03	
4.75	23.875	2.2513E-03	
4.75	24.125	2.4032E-03	
4.75	24.375	2.0498E-03	
4.75	24.625	2.0868E-03	
4.75	24.875	1.8277E-03	
5.25	0.125	4.9516E+01	
5.25	0.375	1.2542E+02	
5.25	0.625	1.7508E+02	
5.25	0.875	2.0274E+02	
5.25	1.125	2.1247E+02	
5.25	1.375	2.0595E+02	
5.25	1.625	1.9027E+02	
5.25	1.875	1.7138E+02	
5.25	2.125	1.4460E+02	
5.25	2.375	1.2367E+02	
5.25	2.625	9.6731E+01	
5.25	2.875	7.7560E+01	
5.25	3.125	6.1219E+01	
5.25	3.375	4.7597E+01	
5.25	3.625	3.6428E+01	
5.25	3.875	2.7908E+01	
5.25	4.125	2.1666E+01	
5.25	4.375	1.6573E+01	
5.25	4.625	1.3272E+01	
5.25	4.875	1.0332E+01	
5.25	5.125	7.9958E+00	
5.25	5.375	6.6234E+00	
5.25	5.625	5.0441E+00	
5.25	5.875	4.1239E+00	
5.25	6.125	3.3244E+00	
5.25	6.375	2.6613E+00	
5.25	6.625	2.1442E+00	
5.25	6.875	1.8083E+00	
5.25	7.125	1.4451E+00	
5.25	7.375	1.2094E+00	
5.25	7.625	1.0039E+00	
5.25	7.875	8.5021E-01	
5.25	8.125	7.1413E-01	
5.25	8.375	5.8727E-01	
5.25	8.625	4.8766E-01	
5.25	8.875	4.2758E-01	
5.25	9.125	3.6419E-01	
5.25	9.375	3.0430E-01	
5.25	9.625	2.5269E-01	
5.25	9.875	2.3380E-01	
5.25	10.125	1.9027E-01	
5.25	10.375	1.6671E-01	
5.25	10.625	1.4334E-01	
5.25	10.875	1.3097E-01	
5.25	11.125	1.1169E-01	
5.25	11.375	9.3207E-02	
5.25	11.625	8.1893E-02	
5.25	11.875	6.8924E-02	
5.25	12.125	6.4426E-02	
5.25	12.375	5.1736E-02	
5.25	12.625	4.7909E-02	
5.25	12.875	3.9798E-02	
5.25	13.125	3.6097E-02	
5.25	13.375	3.3147E-02	
5.25	13.625	2.7012E-02	
5.25	13.875	2.4957E-02	
5.25	14.125	2.1442E-02	
5.25	14.375	1.9066E-02	
5.25	14.625	1.7820E-02	
5.25	14.875	1.5200E-02	
5.25	15.125	1.3438E-02	
5.25	15.375	1.2776E-02	
5.25	15.625	1.0595E-02	
5.25	15.875	8.9732E-03	
5.25	16.125	7.8406E-03	
5.25	16.375	7.4724E-03	
5.25	16.625	7.0658E-03	
5.25	16.875	6.1639E-03	
5.25	17.125	5.4209E-03	
5.25	17.375	4.6088E-03	
5.25	17.625	4.2008E-03	
5.25	17.875	3.7685E-03	
5.25	18.125	3.3215E-03	
5.25	18.375	3.1092E-03	
5.25	18.625	2.7061E-03	
5.25	18.875	2.3253E-03	
5.25	19.125	2.1325E-03	
5.25	19.375	1.9826E-03	
5.25	19.625	1.8881E-03	
5.25	19.875	1.7498E-03	
5.25	20.125	1.5522E-03	
5.25	20.375	1.4402E-03	
5.25	20.625	1.2357E-03	
5.25	20.875	1.0322E-03	
5.25	21.125	1.0692E-03	
5.25	21.375	9.3517E-04	
5.25	21.625	7.7889E-04	
5.25	21.875	6.9721E-04	
5.25	22.125	6.3909E-04	
5.25	22.375	5.6634E-04	
5.25	22.625	4.9058E-04	
5.25	22.875	4.7334E-04	
5.25	23.125	4.3936E-04	
5.25	23.375	3.6136E-04	
5.25	23.625	3.2475E-04	
5.25	23.875	2.9067E-04	
5.25	24.125	2.9349E-04	
5.25	24.375	2.7781E-04	
5.25	24.625	2.5162E-04	
5.25	24.875	2.1023E-04	
5.75	0.125	3.8113E+01	
5.75	0.375	9.5459E+01	
5.75	0.625	1.2970E+02	
5.75	0.875	1.5113E+02	
5.75	1.125	1.5609E+02	
5.75	1.375	1.4899E+02	
5.75	1.625	1.3350E+02	
5.75	1.875	1.1744E+02	
5.75	2.125	9.8350E+01	
5.75	2.375	7.9422E+01	
5.75	2.625	6.3866E+01	
5.75	2.875	5.3128E+01	
5.75	3.125	3.7597E+01	
5.75	3.375	2.8541E+01	
5.75	3.625	2.1053E+01	
5.75	3.875	1.5931E+01	
5.75	4.125	1.1666E+01	
5.75	4.375	8.7766E+00	
5.75	4.625	6.5747E+00	
5.75	4.875	5.0772E+00	
5.75	5.125	3.7022E+00	
5.75	5.375	2.9057E+00	
5.75	5.625	2.1802E+00	
5.75	5.875	1.7479E+00	
5.75	6.125	1.3019E+00	
5.75	6.375	1.0205E+00	
5.75	6.625	8.2751E-01	
5.75	6.875	6.5954E-01	
5.75	7.125	5.1113E-01	
5.75	7.375	4.1365E-01	
5.75	7.625	3.2504E-01	
5.75	7.875	2.8609E-01	
5.75	8.125	2.2523E-01	
5.75	8.375	1.7771E-01	
5.75	8.625	1.4928E-01	
5.75	8.875	1.2114E-01	
5.75	9.125	9.8739E-02	
5.75	9.375	7.6264E-02	
5.75	9.625	6.7968E-02	
5.75	9.875	5.5164E-02	
5.75	10.125	4.9350E-02	
5.75	10.375	4.1102E-02	
5.75	10.625	3.2757E-02	
5.75	10.875	2.8375E-02	
5.75	11.125	2.2932E-02	
5.75	11.375	1.9008E-02	
5.75	11.625	1.4928E-02	
5.75	11.875	1.3204E-02	
5.75	12.125	1.0965E-02	
5.75	12.375	1.0010E-02	
5.75	12.625	8.7267E-03	
5.75	12.875	6.7013E-03	
5.75	13.125	5.9945E-03	
5.75	13.375	4.7111E-03	
5.75	13.625	4.0284E-03	
5.75	13.875	3.7324E-03	
5.75	14.125	2.9067E-03	
5.75	14.375	2.3575E-03	
5.75	14.625	2.0507E-03	
5.75	14.875	1.7430E-03	
5.75	15.125	1.6359E-03	
5.75	15.375	1.3321E-03	
5.75	15.625	1.1364E-03	
5.75	15.875	9.4808E-04	
5.75	16.125	8.1047E-04	
5.75	16.375	7.1097E-04	
5.75	16.625	6.0685E-04	
5.75	16.875	5.4346E-04	
5.75	17.125	5.0110E-04	
5.75	17.375	4.2690E-04	
5.75	17.625	3.5727E-04	
5.75	17.875	2.9924E-04	
5.75	18.125	2.3838E-04	
5.75	18.375	2.1676E-04	
5.75	18.625	1.9388E-04	
5.75	18.875	1.6057E-04	
5.75	19.125	1.2902E-04	
5.75	19.375	1.2143E-04	
5.75	19.625	9.8739E-05	
5.75	19.875	7.9276E-05	
5.75	20.125	7.6763E-05	
5.75	20.375	5.7442E-05	
5.75	20.625	4.9710E-05	
5.75	20.875	4.2660E-05	
5.75	21.125	4.1083E-05	
5.75	21.375	3.0079E-05	
5.75	21.625	2.4811E-05	
5.75	21.875	2.5639E-05	
5.75	22.125	2.1841E-05	
5.75	22.375	1.8716E-05	
5.75	22.625	1.4158E-05	
5.75	22.875	1.1646E-05	
5.75	23.125	1.1909E-05	
5.75	23.375	9.9713E-06	
5.75	23.625	8.2587E-06	
5.75	23.875	7.2582E-06	
5.75	24.125	7.5320E-06	
5.75	24.375	5.6196E-06	
5.75	24.625	4.3956E-06	
5.75	24.875	3.7168E-06	
6.25	0.125	2.4909E+01	
6.25	0.375	5.9331E+01	
6.25	0.625	8.5399E+01	
6.25	0.875	9.9226E+01	
6.25	1.125	9.8642E+01	
6.25	1.375	9.0560E+01	
6.25	1.625	8.3725E+01	
6.25	1.875	6.8571E+01	
6.25	2.125	5.4784E+01	
6.25	2.375	4.3946E+01	
6.25	2.625	3.3400E+01	
6.25	2.875	2.4665E+01	
6.25	3.125	1.8609E+01	
6.25	3.375	1.2834E+01	
6.25	3.625	9.4668E+00	
6.25	3.875	6.6021E+00	
6.25	4.125	4.6604E+00	
6.25	4.375	3.2786E+00	
6.25	4.625	2.3653E+00	
6.25	4.875	1.6534E+00	
6.25	5.125	1.2221E+00	
6.25	5.375	9.2197E-01	
6.25	5.625	6.6204E-01	
6.25	5.875	4.5718E-01	
6.25	6.125	3.3624E-01	
6.25	6.375	2.4967E-01	
6.25	6.625	1.8034E-01	
6.25	6.875	1.3964E-01	
6.25	7.125	1.0458E-01	
6.25	7.375	7.5953E-02	
6.25	7.625	6.0461E-02	
6.25	7.875	4.4442E-02	
6.25	8.125	3.6506E-02	
6.25	8.375	2.6330E-02	
6.25	8.625	1.9699E-02	
6.25	8.875	1.6418E-02	
6.25	9.125	1.2445E-02	
6.25	9.375	9.3317E-03	
6.25	9.625	7.1876E-03	
6.25	9.875	6.0130E-03	
6.25	10.125	4.4287E-03	
6.25	10.375	3.3157E-03	
6.25	10.625	2.7090E-03	
6.25	10.875	2.0439E-03	
6.25	11.125	1.6447E-03	
6.25	11.375	1.2036E-03	
6.25	11.625	1.0156E-03	
6.25	11.875	7.4992E-04	
6.25	12.125	5.7676E-04	
6.25	12.375	4.5621E-04	
6.25	12.625	3.7928E-04	
6.25	12.875	2.8502E-04	
6.25	13.125	2.1841E-04	
6.25	13.375	1.5843E-04	
6.25	13.625	1.4850E-04	
6.25	13.875	1.0682E-04	
6.25	14.125	8.0007E-05	
6.25	14.375	7.1486E-05	
6.25	14.625	5.3245E-05	
6.25	14.875	3.9846E-05	
6.25	15.125	2.7996E-05	
6.25	15.375	2.3438E-05	
6.25	15.625	1.8346E-05	
6.25	15.875	1.2532E-05	
6.25	16.125	1.0108E-05	
6.25	16.375	7.3945E-06	
6.25	16.625	5.9906E-06	
6.25	16.875	4.7500E-06	
6.25	17.125	3.5513E-06	
6.25	17.375	2.8882E-06	
6.25	17.625	2.2211E-06	
6.25	17.875	1.7830E-06	
6.25	18.125	1.2922E-06	
6.25	18.375	1.0818E-06	
6.25	18.625	8.6926E-07	
6.25	18.875	5.8689E-07	
6.25	19.125	4.5630E-07	
6.25	19.375	3.1725E-07	
6.25	19.625	2.3964E-07	
6.25	19.875	1.6106E-07	
6.25	20.125	1.1773E-07	
6.25	20.375	8.0889E-08	
6.25	20.625	5.3868E-08	
6.25	20.875	4.3118E-08	
6.25	21.125	3.2193E-08	
6.25	21.375	3.3974E-08	
6.25	21.625	1.8686E-08	
6.25	21.875	1.5171E-08	
6.25	22.125	1.1948E-08	
6.25	22.375	7.8339E-09	
6.25	22.625	8.2903E-09	
6.25	22.875	6.0988E-09	
6.25	23.125	4.2894E-09	
6.25	23.375	2.2484E-09	
6.25	23.625	1.4363E-09	
6.25	23.875	5.7637E-10	
6.25	24.125	6.0568E-10	
6.25	24.375	2.7382E-10	
6.25	24.625	3.1822E-10	
6.25	24.875	1.4032E-10	
6.75	0.125	1.3594E+01	
6.75	0.375	3.4646E+01	
6.75	0.625	4.3887E+01	
6.75	0.875	4.8006E+01	
6.75	1.125	4.8941E+01	
6.75	1.375	4.4958E+01	
6.75	1.625	3.8502E+01	
6.75	1.875	3.1452E+01	
6.75	2.125	2.4003E+01	
6.75	2.375	1.8307E+01	
6.75	2.625	1.2873E+01	
6.75	2.875	8.2897E+00	
6.75	3.125	6.1298E+00	
6.75	3.375	4.0586E+00	
6.75	3.625	2.8356E+00	
6.75	3.875	1.7781E+00	
6.75	4.125	1.1101E+00	
6.75	4.375	7.2320E-01	
6.75	4.625	4.7052E-01	
6.75	4.875	2.7879E-01	
6.75	5.125	1.9076E-01	
6.75	5.375	1.2143E-01	
6.75	5.625	8.6969E-02	
6.75	5.875	5.4151E-02	
6.75	6.125	3.5718E-02	
6.75	6.375	2.2815E-02	
6.75	6.625	1.9670E-02	
6.75	6.875	9.7668E-03	
6.75	7.125	6.7518E-03	
6.75	7.375	4.7120E-03	
6.75	7.625	2.8161E-03	
6.75	7.875	2.0001E-03	
6.75	8.125	1.2454E-03	
6.75	8.375	8.4017E-04	
6.75	8.625	6.2047E-04	
6.75	8.875	3.7373E-04	
6.75	9.125	2.4880E-04	
6.75	9.375	1.6330E-04	
6.75	9.625	1.0653E-04	
6.75	9.875	7.7773E-05	
6.75	10.125	4.5348E-05	
6.75	10.375	3.2533E-05	
6.75	10.625	2.0098E-05	
6.75	10.875	1.3623E-05	
6.75	11.125	7.6331E-06	
6.75	11.375	4.2758E-06	
6.75	11.625	2.0264E-06	
6.75	11.875	1.5999E-06	
6.75	12.125	1.3146E-06	
6.75	12.375	7.5673E-07	
6.75	12.625	4.1054E-07	
6.75	12.875	2.5912E-07	
6.75	13.125	1.4324E-07	
6.75	13.375	1.0692E-07	
6.75	13.625	3.9583E-08	
6.75	13.875	2.7294E-08	
6.75	14.125	1.1520E-08	
6.75	14.375	5.6478E-09	
6.75	14.625	3.9116E-09	
6.75	14.875	2.2650E-09	
6.75	15.125	9.9908E-10	
6.75	15.375	4.6254E-10	
6.75	15.625	2.0264E-10	
6.75	15.875	1.1442E-10	
6.75	16.125	6.6009E-11	
6.75	16.375	2.6399E-11	
6.75	16.625	9.7571E-12	
6.75	16.875	1.5794E-12	
6.75	17.125	2.2932E-13	
6.75	17.375	5.3245E-14	
6.75	17.625	1.9855E-15	
6.75	17.875	4.7705E-16	
6.75	18.125	0.0000E+00	
6.75	18.375	0.0000E+00	
6.75	18.625	0.0000E+00	
6.75	18.875	0.0000E+00	
6.75	19.125	0.0000E+00	
6.75	19.375	0.0000E+00	
6.75	19.625	0.0000E+00	
6.75	19.875	0.0000E+00	
6.75	20.125	0.0000E+00	
6.75	20.375	0.0000E+00	
6.75	20.625	0.0000E+00	
6.75	20.875	0.0000E+00	
6.75	21.125	0.0000E+00	
6.75	21.375	0.0000E+00	
6.75	21.625	0.0000E+00	
6.75	21.875	0.0000E+00	
6.75	22.125	0.0000E+00	
6.75	22.375	0.0000E+00	
6.75	22.625	0.0000E+00	
6.75	22.875	0.0000E+00	
6.75	23.125	0.0000E+00	
6.75	23.375	0.0000E+00	
6.75	23.625	0.0000E+00	
6.75	23.875	0.0000E+00	
6.75	24.125	0.0000E+00	
6.75	24.375	0.0000E+00	
6.75	24.625	0.0000E+00	
6.75	24.875	0.0000E+00	
7.25	0.125	5.4862E+00	
7.25	0.375	1.3584E+01	
7.25	0.625	1.7128E+01	
7.25	0.875	1.9241E+01	
7.25	1.125	1.8307E+01	
7.25	1.375	1.6408E+01	
7.25	1.625	1.3078E+01	
7.25	1.875	8.2380E+00	
7.25	2.125	6.9320E+00	
7.25	2.375	4.8970E+00	
7.25	2.625	3.6175E+00	
7.25	2.875	1.8988E+00	
7.25	3.125	1.1792E+00	
7.25	3.375	6.7153E-01	
7.25	3.625	3.7646E-01	
7.25	3.875	2.0761E-01	
7.25	4.125	1.1860E-01	
7.25	4.375	6.1882E-02	
7.25	4.625	3.1696E-02	
7.25	4.875	1.4801E-02	
7.25	5.125	7.8357E-03	
7.25	5.375	4.2505E-03	
7.25	5.625	2.0829E-03	
7.25	5.875	1.0078E-03	
7.25	6.125	5.0256E-04	
7.25	6.375	3.5211E-04	
7.25	6.625	1.3857E-04	
7.25	6.875	4.5942E-05	
7.25	7.125	2.3721E-05	
7.25	7.375	1.2026E-05	
7.25	7.625	4.6964E-06	
7.25	7.875	1.7109E-06	
7.25	8.125	9.0657E-07	
7.25	8.375	4.5991E-07	
7.25	8.625	1.0341E-07	
7.25	8.875	2.9213E-08	
7.25	9.125	1.4012E-08	
7.25	9.375	2.6457E-09	
7.25	9.625	9.6226E-10	
7.25	9.875	1.7206E-10	
7.25	10.125	2.0128E-11	
7.25	10.375	1.3652E-12	
7.25	10.625	2.9320E-14	
7.25	10.875	0.0000E+00	
7.25	11.125	0.0000E+00	
7.25	11.375	0.0000E+00	
7.25	11.625	0.0000E+00	
7.25	11.875	0.0000E+00	
7.25	12.125	0.0000E+00	
7.25	12.375	0.0000E+00	
7.25	12.625	0.0000E+00	
7.25	12.875	0.0000E+00	
7.25	13.125	0.0000E+00	
7.25	13.375	0.0000E+00	
7.25	13.625	0.0000E+00	
7.25	13.875	0.0000E+00	
7.25	14.125	0.0000E+00	
7.25	14.375	0.0000E+00	
7.25	14.625	0.0000E+00	
7.25	14.875	0.0000E+00	
7.25	15.125	0.0000E+00	
7.25	15.375	0.0000E+00	
7.25	15.625	0.0000E+00	
7.25	15.875	0.0000E+00	
7.25	16.125	0.0000E+00	
7.25	16.375	0.0000E+00	
7.25	16.625	0.0000E+00	
7.25	16.875	0.0000E+00	
7.25	17.125	0.0000E+00	
7.25	17.375	0.0000E+00	
7.25	17.625	0.0000E+00	
7.25	17.875	0.0000E+00	
7.25	18.125	0.0000E+00	
7.25	18.375	0.0000E+00	
7.25	18.625	0.0000E+00	
7.25	18.875	0.0000E+00	
7.25	19.125	0.0000E+00	
7.25	19.375	0.0000E+00	
7.25	19.625	0.0000E+00	
7.25	19.875	0.0000E+00	
7.25	20.125	0.0000E+00	
7.25	20.375	0.0000E+00	
7.25	20.625	0.0000E+00	
7.25	20.875	0.0000E+00	
7.25	21.125	0.0000E+00	
7.25	21.375	0.0000E+00	
7.25	21.625	0.0000E+00	
7.25	21.875	0.0000E+00	
7.25	22.125	0.0000E+00	
7.25	22.375	0.0000E+00	
7.25	22.625	0.0000E+00	
7.25	22.875	0.0000E+00	
7.25	23.125	0.0000E+00	
7.25	23.375	0.0000E+00	
7.25	23.625	0.0000E+00	
7.25	23.875	0.0000E+00	
7.25	24.125	0.0000E+00	
7.25	24.375	0.0000E+00	
7.25	24.625	0.0000E+00	
7.25	24.875	0.0000E+00	
7.75	0.125	9.7053E-01	
7.75	0.375	3.3575E+00	
7.75	0.625	4.9857E+00	
7.75	0.875	5.7871E+00	
7.75	1.125	4.1278E+00	
7.75	1.375	2.9339E+00	
7.75	1.625	2.2835E+00	
7.75	1.875	1.4908E+00	
7.75	2.125	9.9616E-01	
7.75	2.375	5.5874E-01	
7.75	2.625	3.2485E-01	
7.75	2.875	1.6408E-01	
7.75	3.125	8.5320E-02	
7.75	3.375	4.4082E-02	
7.75	3.625	2.1023E-02	
7.75	3.875	8.0706E-03	
7.75	4.125	4.6156E-03	
7.75	4.375	1.3594E-03	
7.75	4.625	5.3479E-04	
7.75	4.875	2.0176E-04	
7.75	5.125	7.2265E-05	
7.75	5.375	2.2757E-05	
7.75	5.625	9.8739E-06	
7.75	5.875	1.1403E-06	
7.75	6.125	5.5670E-07	
7.75	6.375	8.3609E-08	
7.75	6.625	2.1841E-08	
7.75	6.875	4.3488E-09	
7.75	7.125	0.0000E+00	
7.75	7.375	0.0000E+00	
7.75	7.625	0.0000E+00	
7.75	7.875	0.0000E+00	
7.75	8.125	0.0000E+00	
7.75	8.375	0.0000E+00	
7.75	8.625	0.0000E+00	
7.75	8.875	0.0000E+00	
7.75	9.125	0.0000E+00	
7.75	9.375	0.0000E+00	
7.75	9.625	0.0000E+00	
7.75	9.875	0.0000E+00	
7.75	10.125	0.0000E+00	
7.75	10.375	0.0000E+00	
7.75	10.625	0.0000E+00	
7.75	10.875	0.0000E+00	
7.75	11.125	0.0000E+00	
7.75	11.375	0.0000E+00	
7.75	11.625	0.0000E+00	
7.75	11.875	0.0000E+00	
7.75	12.125	0.0000E+00	
7.75	12.375	0.0000E+00	
7.75	12.625	0.0000E+00	
7.75	12.875	0.0000E+00	
7.75	13.125	0.0000E+00	
7.75	13.375	0.0000E+00	
7.75	13.625	0.0000E+00	
7.75	13.875	0.0000E+00	
7.75	14.125	0.0000E+00	
7.75	14.375	0.0000E+00	
7.75	14.625	0.0000E+00	
7.75	14.875	0.0000E+00	
7.75	15.125	0.0000E+00	
7.75	15.375	0.0000E+00	
7.75	15.625	0.0000E+00	
7.75	15.875	0.0000E+00	
7.75	16.125	0.0000E+00	
7.75	16.375	0.0000E+00	
7.75	16.625	0.0000E+00	
7.75	16.875	0.0000E+00	
7.75	17.125	0.0000E+00	
7.75	17.375	0.0000E+00	
7.75	17.625	0.0000E+00	
7.75	17.875	0.0000E+00	
7.75	18.125	0.0000E+00	
7.75	18.375	0.0000E+00	
7.75	18.625	0.0000E+00	
7.75	18.875	0.0000E+00	
7.75	19.125	0.0000E+00	
7.75	19.375	0.0000E+00	
7.75	19.625	0.0000E+00	
7.75	19.875	0.0000E+00	
7.75	20.125	0.0000E+00	
7.75	20.375	0.0000E+00	
7.75	20.625	0.0000E+00	
7.75	20.875	0.0000E+00	
7.75	21.125	0.0000E+00	
7.75	21.375	0.0000E+00	
7.75	21.625	0.0000E+00	
7.75	21.875	0.0000E+00	
7.75	22.125	0.0000E+00	
7.75	22.375	0.0000E+00	
7.75	22.625	0.0000E+00	
7.75	22.875	0.0000E+00	
7.75	23.125	0.0000E+00	
7.75	23.375	0.0000E+00	
7.75	23.625	0.0000E+00	
7.75	23.875	0.0000E+00	
7.75	24.125	0.0000E+00	
7.75	24.375	0.0000E+00	
7.75	24.625	0.0000E+00	
7.75	24.875	0.0000E+00	
8.25	0.125	8.1972E-02	
8.25	0.375	2.2650E-01	
8.25	0.625	2.6623E-01	
8.25	0.875	2.8901E-01	
8.25	1.125	1.7849E-01	
8.25	1.375	1.2562E-01	
8.25	1.625	9.0785E-02	
8.25	1.875	5.2554E-02	
8.25	2.125	2.8999E-02	
8.25	2.375	1.4655E-02	
8.25	2.625	7.0026E-03	
8.25	2.875	3.3020E-03	
8.25	3.125	1.4548E-03	
8.25	3.375	5.9000E-04	
8.25	3.625	2.3283E-04	
8.25	3.875	8.5234E-05	
8.25	4.125	3.3712E-05	
8.25	4.375	1.4392E-05	
8.25	4.625	7.3793E-06	
8.25	4.875	2.0975E-06	
8.25	5.125	7.2271E-07	
8.25	5.375	1.7411E-07	
8.25	5.625	9.2909E-08	
8.25	5.875	9.3931E-09	
8.25	6.125	0.0000E+00	
8.25	6.375	0.0000E+00	
8.25	6.625	0.0000E+00	
8.25	6.875	0.0000E+00	
8.25	7.125	0.0000E+00	
8.25	7.375	0.0000E+00	
8.25	7.625	0.0000E+00	
8.25	7.875	0.0000E+00	
8.25	8.125	0.0000E+00	
8.25	8.375	0.0000E+00	
8.25	8.625	0.0000E+00	
8.25	8.875	0.0000E+00	
8.25	9.125	0.0000E+00	
8.25	9.375	0.0000E+00	
8.25	9.625	0.0000E+00	
8.25	9.875	0.0000E+00	
8.25	10.125	0.0000E+00	
8.25	10.375	0.0000E+00	
8.25	10.625	0.0000E+00	
8.25	10.875	0.0000E+00	
8.25	11.125	0.0000E+00	
8.25	11.375	0.0000E+00	
8.25	11.625	0.0000E+00	
8.25	11.875	0.0000E+00	
8.25	12.125	0.0000E+00	
8.25	12.375	0.0000E+00	
8.25	12.625	0.0000E+00	
8.25	12.875	0.0000E+00	
8.25	13.125	0.0000E+00	
8.25	13.375	0.0000E+00	
8.25	13.625	0.0000E+00	
8.25	13.875	0.0000E+00	
8.25	14.125	0.0000E+00	
8.25	14.375	0.0000E+00	
8.25	14.625	0.0000E+00	
8.25	14.875	0.0000E+00	
8.25	15.125	0.0000E+00	
8.25	15.375	0.0000E+00	
8.25	15.625	0.0000E+00	
8.25	15.875	0.0000E+00	
8.25	16.125	0.0000E+00	
8.25	16.375	0.0000E+00	
8.25	16.625	0.0000E+00	
8.25	16.875	0.0000E+00	
8.25	17.125	0.0000E+00	
8.25	17.375	0.0000E+00	
8.25	17.625	0.0000E+00	
8.25	17.875	0.0000E+00	
8.25	18.125	0.0000E+00	
8.25	18.375	0.0000E+00	
8.25	18.625	0.0000E+00	
8.25	18.875	0.0000E+00	
8.25	19.125	0.0000E+00	
8.25	19.375	0.0000E+00	
8.25	19.625	0.0000E+00	
8.25	19.875	0.0000E+00	
8.25	20.125	0.0000E+00	
8.25	20.375	0.0000E+00	
8.25	20.625	0.0000E+00	
8.25	20.875	0.0000E+00	
8.25	21.125	0.0000E+00	
8.25	21.375	0.0000E+00	
8.25	21.625	0.0000E+00	
8.25	21.875	0.0000E+00	
8.25	22.125	0.0000E+00	
8.25	22.375	0.0000E+00	
8.25	22.625	0.0000E+00	
8.25	22.875	0.0000E+00	
8.25	23.125	0.0000E+00	
8.25	23.375	0.0000E+00	
8.25	23.625	0.0000E+00	
8.25	23.875	0.0000E+00	
8.25	24.125	0.0000E+00	
8.25	24.375	0.0000E+00	
8.25	24.625	0.0000E+00	
8.25	24.875	0.0000E+00	
8.75	0.125	6.3161E-05	
8.75	0.375	1.2776E-04	
8.75	0.625	1.0721E-04	
8.75	0.875	5.2388E-05	
8.75	1.125	1.5726E-05	
8.75	1.375	3.3351E-06	
8.75	1.625	4.3254E-07	
8.75	1.875	3.7178E-08	
8.75	2.125	1.7752E-09	
8.75	2.375	2.3974E-11	
8.75	2.625	1.7791E-12	
8.75	2.875	1.7070E-13	
8.75	3.125	0.0000E+00	
8.75	3.375	0.0000E+00	
8.75	3.625	0.0000E+00	
8.75	3.875	0.0000E+00	
8.75	4.125	0.0000E+00	
8.75	4.375	0.0000E+00	
8.75	4.625	0.0000E+00	
8.75	4.875	0.0000E+00	
8.75	5.125	0.0000E+00	
8.75	5.375	0.0000E+00	
8.75	5.625	0.0000E+00	
8.75	5.875	0.0000E+00	
8.75	6.125	0.0000E+00	
8.75	6.375	0.0000E+00	
8.75	6.625	0.0000E+00	
8.75	6.875	0.0000E+00	
8.75	7.125	0.0000E+00	
8.75	7.375	0.0000E+00	
8.75	7.625	0.0000E+00	
8.75	7.875	0.0000E+00	
8.75	8.125	0.0000E+00	
8.75	8.375	0.0000E+00	
8.75	8.625	0.0000E+00	
8.75	8.875	0.0000E+00	
8.75	9.125	0.0000E+00	
8.75	9.375	0.0000E+00	
8.75	9.625	0.0000E+00	
8.75	9.875	0.0000E+00	
8.75	10.125	0.0000E+00	
8.75	10.375	0.0000E+00	
8.75	10.625	0.0000E+00	
8.75	10.875	0.0000E+00	
8.75	11.125	0.0000E+00	
8.75	11.375	0.0000E+00	
8.75	11.625	0.0000E+00	
8.75	11.875	0.0000E+00	
8.75	12.125	0.0000E+00	
8.75	12.375	0.0000E+00	
8.75	12.625	0.0000E+00	
8.75	12.875	0.0000E+00	
8.75	13.125	0.0000E+00	
8.75	13.375	0.0000E+00	
8.75	13.625	0.0000E+00	
8.75	13.875	0.0000E+00	
8.75	14.125	0.0000E+00	
8.75	14.375	0.0000E+00	
8.75	14.625	0.0000E+00	
8.75	14.875	0.0000E+00	
8.75	15.125	0.0000E+00	
8.75	15.375	0.0000E+00	
8.75	15.625	0.0000E+00	
8.75	15.875	0.0000E+00	
8.75	16.125	0.0000E+00	
8.75	16.375	0.0000E+00	
8.75	16.625	0.0000E+00	
8.75	16.875	0.0000E+00	
8.75	17.125	0.0000E+00	
8.75	17.375	0.0000E+00	
8.75	17.625	0.0000E+00	
8.75	17.875	0.0000E+00	
8.75	18.125	0.0000E+00	
8.75	18.375	0.0000E+00	
8.75	18.625	0.0000E+00	
8.75	18.875	0.0000E+00	
8.75	19.125	0.0000E+00	
8.75	19.375	0.0000E+00	
8.75	19.625	0.0000E+00	
8.75	19.875	0.0000E+00	
8.75	20.125	0.0000E+00	
8.75	20.375	0.0000E+00	
8.75	20.625	0.0000E+00	
8.75	20.875	0.0000E+00	
8.75	21.125	0.0000E+00	
8.75	21.375	0.0000E+00	
8.75	21.625	0.0000E+00	
8.75	21.875	0.0000E+00	
8.75	22.125	0.0000E+00	
8.75	22.375	0.0000E+00	
8.75	22.625	0.0000E+00	
8.75	22.875	0.0000E+00	
8.75	23.125	0.0000E+00	
8.75	23.375	0.0000E+00	
8.75	23.625	0.0000E+00	
8.75	23.875	0.0000E+00	
8.75	24.125	0.0000E+00	
8.75	24.375	0.0000E+00	
8.75	24.625	0.0000E+00	
8.75	24.875	0.0000E+00	