0.25	0.125	4.3618E+01	
0.25	0.375	1.0539E+02	
0.25	0.625	1.4566E+02	
0.25	0.875	1.7070E+02	
0.25	1.125	1.8293E+02	
0.25	1.375	1.8536E+02	
0.25	1.625	1.7774E+02	
0.25	1.875	1.6593E+02	
0.25	2.125	1.4809E+02	
0.25	2.375	1.3120E+02	
0.25	2.625	1.1297E+02	
0.25	2.875	9.6122E+01	
0.25	3.125	8.0890E+01	
0.25	3.375	6.7312E+01	
0.25	3.625	5.5619E+01	
0.25	3.875	4.5926E+01	
0.25	4.125	3.8156E+01	
0.25	4.375	3.1920E+01	
0.25	4.625	2.6468E+01	
0.25	4.875	2.2090E+01	
0.25	5.125	1.8613E+01	
0.25	5.375	1.5836E+01	
0.25	5.625	1.3409E+01	
0.25	5.875	1.1405E+01	
0.25	6.125	9.8622E+00	
0.25	6.375	8.4313E+00	
0.25	6.625	7.3928E+00	
0.25	6.875	6.4273E+00	
0.25	7.125	5.6157E+00	
0.25	7.375	4.8965E+00	
0.25	7.625	4.2926E+00	
0.25	7.875	3.8286E+00	
0.25	8.125	3.4163E+00	
0.25	8.375	3.0175E+00	
0.25	8.625	2.6764E+00	
0.25	8.875	2.4090E+00	
0.25	9.125	2.1951E+00	
0.25	9.375	1.9540E+00	
0.25	9.625	1.7497E+00	
0.25	9.875	1.5997E+00	
0.25	10.125	1.4509E+00	
0.25	10.375	1.3066E+00	
0.25	10.625	1.1882E+00	
0.25	10.875	1.0816E+00	
0.25	11.125	9.8583E-01	
0.25	11.375	8.9467E-01	
0.25	11.625	8.2698E-01	
0.25	11.875	7.7236E-01	
0.25	12.125	6.9197E-01	
0.25	12.375	6.5312E-01	
0.25	12.625	5.9427E-01	
0.25	12.875	5.4234E-01	
0.25	13.125	5.1234E-01	
0.25	13.375	4.7465E-01	
0.25	13.625	4.3503E-01	
0.25	13.875	4.0310E-01	
0.25	14.125	3.7668E-01	
0.25	14.375	3.5392E-01	
0.25	14.625	3.2509E-01	
0.25	14.875	3.0956E-01	
0.25	15.125	2.8386E-01	
0.25	15.375	2.6552E-01	
0.25	15.625	2.5189E-01	
0.25	15.875	2.3467E-01	
0.25	16.125	2.2355E-01	
0.25	16.375	2.0644E-01	
0.25	16.625	1.8909E-01	
0.25	16.875	1.8267E-01	
0.25	17.125	1.6866E-01	
0.25	17.375	1.6466E-01	
0.25	17.625	1.5247E-01	
0.25	17.875	1.4351E-01	
0.25	18.125	1.3655E-01	
0.25	18.375	1.2616E-01	
0.25	18.625	1.2158E-01	
0.25	18.875	1.1224E-01	
0.25	19.125	1.0828E-01	
0.25	19.375	1.0239E-01	
0.25	19.625	9.4775E-02	
0.25	19.875	9.1006E-02	
0.25	20.125	8.3775E-02	
0.25	20.375	8.1890E-02	
0.25	20.625	7.9428E-02	
0.25	20.875	7.2889E-02	
0.25	21.125	7.0505E-02	
0.25	21.375	6.4235E-02	
0.25	21.625	6.2081E-02	
0.25	21.875	6.1427E-02	
0.25	22.125	5.8273E-02	
0.25	22.375	5.3773E-02	
0.25	22.625	5.2311E-02	
0.25	22.875	4.9349E-02	
0.25	23.125	4.6811E-02	
0.25	23.375	4.5503E-02	
0.25	23.625	4.2810E-02	
0.25	23.875	4.1195E-02	
0.25	24.125	3.9772E-02	
0.25	24.375	3.8579E-02	
0.25	24.625	3.7579E-02	
0.25	24.875	3.4420E-02	
0.75	0.125	4.3541E+01	
0.75	0.375	1.0431E+02	
0.75	0.625	1.4405E+02	
0.75	0.875	1.6920E+02	
0.75	1.125	1.8174E+02	
0.75	1.375	1.8270E+02	
0.75	1.625	1.7632E+02	
0.75	1.875	1.6343E+02	
0.75	2.125	1.4762E+02	
0.75	2.375	1.3032E+02	
0.75	2.625	1.1231E+02	
0.75	2.875	9.4891E+01	
0.75	3.125	7.9736E+01	
0.75	3.375	6.6273E+01	
0.75	3.625	5.4503E+01	
0.75	3.875	4.5503E+01	
0.75	4.125	3.7663E+01	
0.75	4.375	3.1163E+01	
0.75	4.625	2.5906E+01	
0.75	4.875	2.1686E+01	
0.75	5.125	1.8159E+01	
0.75	5.375	1.5570E+01	
0.75	5.625	1.3185E+01	
0.75	5.875	1.1120E+01	
0.75	6.125	9.5929E+00	
0.75	6.375	8.3852E+00	
0.75	6.625	7.2466E+00	
0.75	6.875	6.3389E+00	
0.75	7.125	5.4927E+00	
0.75	7.375	4.8195E+00	
0.75	7.625	4.2272E+00	
0.75	7.875	3.7642E+00	
0.75	8.125	3.3014E+00	
0.75	8.375	2.9528E+00	
0.75	8.625	2.5886E+00	
0.75	8.875	2.3351E+00	
0.75	9.125	2.0978E+00	
0.75	9.375	1.9224E+00	
0.75	9.625	1.7193E+00	
0.75	9.875	1.5309E+00	
0.75	10.125	1.3816E+00	
0.75	10.375	1.2643E+00	
0.75	10.625	1.1539E+00	
0.75	10.875	1.0493E+00	
0.75	11.125	9.4775E-01	
0.75	11.375	8.8121E-01	
0.75	11.625	8.1236E-01	
0.75	11.875	7.4005E-01	
0.75	12.125	6.8658E-01	
0.75	12.375	6.3196E-01	
0.75	12.625	5.7542E-01	
0.75	12.875	5.2888E-01	
0.75	13.125	4.9311E-01	
0.75	13.375	4.7465E-01	
0.75	13.625	4.3041E-01	
0.75	13.875	3.9964E-01	
0.75	14.125	3.6668E-01	
0.75	14.375	3.3738E-01	
0.75	14.625	3.1483E-01	
0.75	14.875	3.0259E-01	
0.75	15.125	2.7790E-01	
0.75	15.375	2.5295E-01	
0.75	15.625	2.3848E-01	
0.75	15.875	2.2875E-01	
0.75	16.125	2.1267E-01	
0.75	16.375	2.0009E-01	
0.75	16.625	1.8432E-01	
0.75	16.875	1.8132E-01	
0.75	17.125	1.6390E-01	
0.75	17.375	1.5624E-01	
0.75	17.625	1.4701E-01	
0.75	17.875	1.3428E-01	
0.75	18.125	1.2801E-01	
0.75	18.375	1.2289E-01	
0.75	18.625	1.1674E-01	
0.75	18.875	1.0989E-01	
0.75	19.125	1.0178E-01	
0.75	19.375	9.6160E-02	
0.75	19.625	9.4198E-02	
0.75	19.875	8.7659E-02	
0.75	20.125	8.2659E-02	
0.75	20.375	7.9351E-02	
0.75	20.625	7.5774E-02	
0.75	20.875	7.0120E-02	
0.75	21.125	6.6466E-02	
0.75	21.375	6.3504E-02	
0.75	21.625	6.1465E-02	
0.75	21.875	5.7234E-02	
0.75	22.125	5.5388E-02	
0.75	22.375	5.1696E-02	
0.75	22.625	4.9657E-02	
0.75	22.875	4.7041E-02	
0.75	23.125	4.5464E-02	
0.75	23.375	4.3887E-02	
0.75	23.625	4.0656E-02	
0.75	23.875	3.8411E-02	
0.75	24.125	3.6899E-02	
0.75	24.375	3.6103E-02	
0.75	24.625	3.4483E-02	
0.75	24.875	3.3036E-02	
1.25	0.125	4.3234E+01	
1.25	0.375	1.0297E+02	
1.25	0.625	1.4251E+02	
1.25	0.875	1.6947E+02	
1.25	1.125	1.7978E+02	
1.25	1.375	1.8047E+02	
1.25	1.625	1.7532E+02	
1.25	1.875	1.6070E+02	
1.25	2.125	1.4382E+02	
1.25	2.375	1.2674E+02	
1.25	2.625	1.0905E+02	
1.25	2.875	9.2775E+01	
1.25	3.125	7.7274E+01	
1.25	3.375	6.4350E+01	
1.25	3.625	5.3234E+01	
1.25	3.875	4.4272E+01	
1.25	4.125	3.6565E+01	
1.25	4.375	3.0334E+01	
1.25	4.625	2.5028E+01	
1.25	4.875	2.1036E+01	
1.25	5.125	1.7509E+01	
1.25	5.375	1.4801E+01	
1.25	5.625	1.2620E+01	
1.25	5.875	1.0816E+01	
1.25	6.125	9.1967E+00	
1.25	6.375	7.8774E+00	
1.25	6.625	6.8274E+00	
1.25	6.875	5.9388E+00	
1.25	7.125	5.2234E+00	
1.25	7.375	4.6041E+00	
1.25	7.625	4.0041E+00	
1.25	7.875	3.5606E+00	
1.25	8.125	3.1514E+00	
1.25	8.375	2.7939E+00	
1.25	8.625	2.5047E+00	
1.25	8.875	2.2101E+00	
1.25	9.125	1.9921E+00	
1.25	9.375	1.7832E+00	
1.25	9.625	1.6347E+00	
1.25	9.875	1.4743E+00	
1.25	10.125	1.3212E+00	
1.25	10.375	1.2162E+00	
1.25	10.625	1.0966E+00	
1.25	10.875	9.8852E-01	
1.25	11.125	9.0544E-01	
1.25	11.375	8.2005E-01	
1.25	11.625	7.4812E-01	
1.25	11.875	6.8197E-01	
1.25	12.125	6.2812E-01	
1.25	12.375	5.8081E-01	
1.25	12.625	5.4888E-01	
1.25	12.875	5.0157E-01	
1.25	13.125	4.5734E-01	
1.25	13.375	4.2734E-01	
1.25	13.625	4.0118E-01	
1.25	13.875	3.6719E-01	
1.25	14.125	3.4264E-01	
1.25	14.375	3.1694E-01	
1.25	14.625	2.9310E-01	
1.25	14.875	2.7783E-01	
1.25	15.125	2.5064E-01	
1.25	15.375	2.4093E-01	
1.25	15.625	2.2390E-01	
1.25	15.875	2.0709E-01	
1.25	16.125	1.9809E-01	
1.25	16.375	1.8282E-01	
1.25	16.625	1.7240E-01	
1.25	16.875	1.6039E-01	
1.25	17.125	1.5632E-01	
1.25	17.375	1.4293E-01	
1.25	17.625	1.3435E-01	
1.25	17.875	1.2451E-01	
1.25	18.125	1.1797E-01	
1.25	18.375	1.1351E-01	
1.25	18.625	1.0516E-01	
1.25	18.875	1.0462E-01	
1.25	19.125	9.5198E-02	
1.25	19.375	9.1390E-02	
1.25	19.625	8.4890E-02	
1.25	19.875	8.0851E-02	
1.25	20.125	7.7005E-02	
1.25	20.375	7.2158E-02	
1.25	20.625	6.7466E-02	
1.25	20.875	6.7235E-02	
1.25	21.125	6.1581E-02	
1.25	21.375	6.0388E-02	
1.25	21.625	5.5850E-02	
1.25	21.875	5.2503E-02	
1.25	22.125	5.0426E-02	
1.25	22.375	4.7157E-02	
1.25	22.625	4.6772E-02	
1.25	22.875	4.3926E-02	
1.25	23.125	4.1195E-02	
1.25	23.375	4.0580E-02	
1.25	23.625	3.7587E-02	
1.25	23.875	3.7344E-02	
1.25	24.125	3.4257E-02	
1.25	24.375	3.3093E-02	
1.25	24.625	3.1913E-02	
1.25	24.875	2.8894E-02	
1.75	0.125	4.3003E+01	
1.75	0.375	1.0197E+02	
1.75	0.625	1.3955E+02	
1.75	0.875	1.6413E+02	
1.75	1.125	1.7613E+02	
1.75	1.375	1.7597E+02	
1.75	1.625	1.6913E+02	
1.75	1.875	1.5609E+02	
1.75	2.125	1.3978E+02	
1.75	2.375	1.2235E+02	
1.75	2.625	1.0493E+02	
1.75	2.875	8.8390E+01	
1.75	3.125	7.4389E+01	
1.75	3.375	6.1619E+01	
1.75	3.625	5.1042E+01	
1.75	3.875	4.1772E+01	
1.75	4.125	3.4497E+01	
1.75	4.375	2.8644E+01	
1.75	4.625	2.3617E+01	
1.75	4.875	1.9728E+01	
1.75	5.125	1.6466E+01	
1.75	5.375	1.3993E+01	
1.75	5.625	1.1839E+01	
1.75	5.875	1.0024E+01	
1.75	6.125	8.7121E+00	
1.75	6.375	7.4312E+00	
1.75	6.625	6.4504E+00	
1.75	6.875	5.5004E+00	
1.75	7.125	4.8618E+00	
1.75	7.375	4.1926E+00	
1.75	7.625	3.7317E+00	
1.75	7.875	3.3202E+00	
1.75	8.125	2.9314E+00	
1.75	8.375	2.6047E+00	
1.75	8.625	2.2486E+00	
1.75	8.875	2.0444E+00	
1.75	9.125	1.8451E+00	
1.75	9.375	1.6424E+00	
1.75	9.625	1.4682E+00	
1.75	9.875	1.3505E+00	
1.75	10.125	1.2262E+00	
1.75	10.375	1.0874E+00	
1.75	10.625	1.0004E+00	
1.75	10.875	9.3775E-01	
1.75	11.125	8.0544E-01	
1.75	11.375	7.4620E-01	
1.75	11.625	6.7889E-01	
1.75	11.875	6.3658E-01	
1.75	12.125	5.8542E-01	
1.75	12.375	5.3657E-01	
1.75	12.625	4.8465E-01	
1.75	12.875	4.5734E-01	
1.75	13.125	4.1195E-01	
1.75	13.375	3.8036E-01	
1.75	13.625	3.5618E-01	
1.75	13.875	3.2610E-01	
1.75	14.125	3.0670E-01	
1.75	14.375	2.7987E-01	
1.75	14.625	2.6571E-01	
1.75	14.875	2.4552E-01	
1.75	15.125	2.2771E-01	
1.75	15.375	2.1624E-01	
1.75	15.625	2.0267E-01	
1.75	15.875	1.8805E-01	
1.75	16.125	1.7632E-01	
1.75	16.375	1.6616E-01	
1.75	16.625	1.5032E-01	
1.75	16.875	1.4120E-01	
1.75	17.125	1.3539E-01	
1.75	17.375	1.2766E-01	
1.75	17.625	1.1678E-01	
1.75	17.875	1.1420E-01	
1.75	18.125	1.1039E-01	
1.75	18.375	9.8583E-02	
1.75	18.625	9.4506E-02	
1.75	18.875	9.0544E-02	
1.75	19.125	8.2967E-02	
1.75	19.375	7.8659E-02	
1.75	19.625	7.5659E-02	
1.75	19.875	7.1312E-02	
1.75	20.125	6.6043E-02	
1.75	20.375	6.3427E-02	
1.75	20.625	6.0965E-02	
1.75	20.875	5.8427E-02	
1.75	21.125	5.2580E-02	
1.75	21.375	5.2350E-02	
1.75	21.625	4.8849E-02	
1.75	21.875	4.9272E-02	
1.75	22.125	4.3810E-02	
1.75	22.375	4.2541E-02	
1.75	22.625	3.9310E-02	
1.75	22.875	3.8964E-02	
1.75	23.125	3.7214E-02	
1.75	23.375	3.4952E-02	
1.75	23.625	3.3341E-02	
1.75	23.875	3.1247E-02	
1.75	24.125	3.0959E-02	
1.75	24.375	2.7360E-02	
1.75	24.625	2.7718E-02	
1.75	24.875	2.6507E-02	
2.25	0.125	4.1195E+01	
2.25	0.375	9.9314E+01	
2.25	0.625	1.3643E+02	
2.25	0.875	1.5932E+02	
2.25	1.125	1.6966E+02	
2.25	1.375	1.7024E+02	
2.25	1.625	1.6193E+02	
2.25	1.875	1.4951E+02	
2.25	2.125	1.3405E+02	
2.25	2.375	1.1632E+02	
2.25	2.625	9.9776E+01	
2.25	2.875	8.4159E+01	
2.25	3.125	6.9735E+01	
2.25	3.375	5.7734E+01	
2.25	3.625	4.7657E+01	
2.25	3.875	3.8810E+01	
2.25	4.125	3.1997E+01	
2.25	4.375	2.6982E+01	
2.25	4.625	2.1940E+01	
2.25	4.875	1.8297E+01	
2.25	5.125	1.4997E+01	
2.25	5.375	1.2566E+01	
2.25	5.625	1.0947E+01	
2.25	5.875	9.1737E+00	
2.25	6.125	7.7620E+00	
2.25	6.375	6.6889E+00	
2.25	6.625	5.8696E+00	
2.25	6.875	4.9388E+00	
2.25	7.125	4.3310E+00	
2.25	7.375	3.8022E+00	
2.25	7.625	3.2817E+00	
2.25	7.875	2.8810E+00	
2.25	8.125	2.5836E+00	
2.25	8.375	2.2959E+00	
2.25	8.625	2.1744E+00	
2.25	8.875	1.8378E+00	
2.25	9.125	1.6274E+00	
2.25	9.375	1.4570E+00	
2.25	9.625	1.2897E+00	
2.25	9.875	1.1789E+00	
2.25	10.125	1.0739E+00	
2.25	10.375	9.6468E-01	
2.25	10.625	8.6429E-01	
2.25	10.875	7.9274E-01	
2.25	11.125	7.1620E-01	
2.25	11.375	6.7274E-01	
2.25	11.625	6.0735E-01	
2.25	11.875	5.5350E-01	
2.25	12.125	4.9849E-01	
2.25	12.375	4.6041E-01	
2.25	12.625	4.2157E-01	
2.25	12.875	3.8926E-01	
2.25	13.125	3.5118E-01	
2.25	13.375	3.3149E-01	
2.25	13.625	3.0375E-01	
2.25	13.875	2.8391E-01	
2.25	14.125	2.6033E-01	
2.25	14.375	2.4456E-01	
2.25	14.625	2.2325E-01	
2.25	14.875	2.1132E-01	
2.25	15.125	1.9597E-01	
2.25	15.375	1.8178E-01	
2.25	15.625	1.7086E-01	
2.25	15.875	1.5647E-01	
2.25	16.125	1.4912E-01	
2.25	16.375	1.3732E-01	
2.25	16.625	1.2839E-01	
2.25	16.875	1.2085E-01	
2.25	17.125	1.1324E-01	
2.25	17.375	1.0978E-01	
2.25	17.625	9.8699E-02	
2.25	17.875	9.8199E-02	
2.25	18.125	8.7506E-02	
2.25	18.375	8.2582E-02	
2.25	18.625	7.7543E-02	
2.25	18.875	7.5120E-02	
2.25	19.125	7.0197E-02	
2.25	19.375	6.5158E-02	
2.25	19.625	6.5966E-02	
2.25	19.875	5.9658E-02	
2.25	20.125	5.6696E-02	
2.25	20.375	5.2234E-02	
2.25	20.625	5.0349E-02	
2.25	20.875	4.8734E-02	
2.25	21.125	4.3503E-02	
2.25	21.375	4.3810E-02	
2.25	21.625	3.9349E-02	
2.25	21.875	3.8810E-02	
2.25	22.125	3.4471E-02	
2.25	22.375	3.3533E-02	
2.25	22.625	3.2637E-02	
2.25	22.875	3.0052E-02	
2.25	23.125	3.0156E-02	
2.25	23.375	2.8872E-02	
2.25	23.625	2.8579E-02	
2.25	23.875	2.5425E-02	
2.25	24.125	2.4417E-02	
2.25	24.375	2.3248E-02	
2.25	24.625	2.2532E-02	
2.25	24.875	2.1178E-02	
2.75	0.125	3.9772E+01	
2.75	0.375	9.5160E+01	
2.75	0.625	1.3059E+02	
2.75	0.875	1.5363E+02	
2.75	1.125	1.6232E+02	
2.75	1.375	1.6236E+02	
2.75	1.625	1.5474E+02	
2.75	1.875	1.4155E+02	
2.75	2.125	1.2628E+02	
2.75	2.375	1.0920E+02	
2.75	2.625	9.2352E+01	
2.75	2.875	7.8159E+01	
2.75	3.125	6.4273E+01	
2.75	3.375	5.4350E+01	
2.75	3.625	4.3464E+01	
2.75	3.875	3.5625E+01	
2.75	4.125	2.8867E+01	
2.75	4.375	2.3959E+01	
2.75	4.625	1.9620E+01	
2.75	4.875	1.6028E+01	
2.75	5.125	1.3585E+01	
2.75	5.375	1.1262E+01	
2.75	5.625	9.5045E+00	
2.75	5.875	8.1005E+00	
2.75	6.125	6.8504E+00	
2.75	6.375	6.0042E+00	
2.75	6.625	5.0772E+00	
2.75	6.875	4.3157E+00	
2.75	7.125	3.7353E+00	
2.75	7.375	3.3168E+00	
2.75	7.625	2.8471E+00	
2.75	7.875	2.5458E+00	
2.75	8.125	2.1890E+00	
2.75	8.375	1.9613E+00	
2.75	8.625	1.7132E+00	
2.75	8.875	1.6101E+00	
2.75	9.125	1.3843E+00	
2.75	9.375	1.2347E+00	
2.75	9.625	1.1116E+00	
2.75	9.875	1.0054E+00	
2.75	10.125	8.9544E-01	
2.75	10.375	7.9351E-01	
2.75	10.625	7.1312E-01	
2.75	10.875	6.6812E-01	
2.75	11.125	6.1004E-01	
2.75	11.375	5.3657E-01	
2.75	11.625	4.9272E-01	
2.75	11.875	4.5388E-01	
2.75	12.125	4.2695E-01	
2.75	12.375	3.7094E-01	
2.75	12.625	3.4406E-01	
2.75	12.875	3.1853E-01	
2.75	13.125	2.8632E-01	
2.75	13.375	2.6805E-01	
2.75	13.625	2.4393E-01	
2.75	13.875	2.3552E-01	
2.75	14.125	2.1974E-01	
2.75	14.375	1.9605E-01	
2.75	14.625	1.8443E-01	
2.75	14.875	1.7155E-01	
2.75	15.125	1.5597E-01	
2.75	15.375	1.4393E-01	
2.75	15.625	1.3693E-01	
2.75	15.875	1.2655E-01	
2.75	16.125	1.1705E-01	
2.75	16.375	1.0758E-01	
2.75	16.625	1.0320E-01	
2.75	16.875	9.5198E-02	
2.75	17.125	9.1160E-02	
2.75	17.375	8.4890E-02	
2.75	17.625	7.7774E-02	
2.75	17.875	7.2697E-02	
2.75	18.125	6.8081E-02	
2.75	18.375	6.5658E-02	
2.75	18.625	6.0119E-02	
2.75	18.875	5.9158E-02	
2.75	19.125	5.5388E-02	
2.75	19.375	5.0965E-02	
2.75	19.625	4.6888E-02	
2.75	19.875	4.5195E-02	
2.75	20.125	4.2272E-02	
2.75	20.375	4.0195E-02	
2.75	20.625	3.9041E-02	
2.75	20.875	3.5603E-02	
2.75	21.125	3.4798E-02	
2.75	21.375	3.2488E-02	
2.75	21.625	3.0170E-02	
2.75	21.875	2.9334E-02	
2.75	22.125	2.7398E-02	
2.75	22.375	2.7093E-02	
2.75	22.625	2.5430E-02	
2.75	22.875	2.2582E-02	
2.75	23.125	2.1713E-02	
2.75	23.375	2.1482E-02	
2.75	23.625	2.0082E-02	
2.75	23.875	1.8944E-02	
2.75	24.125	1.8370E-02	
2.75	24.375	1.7120E-02	
2.75	24.625	1.6286E-02	
2.75	24.875	1.5628E-02	
3.25	0.125	3.7291E+01	
3.25	0.375	9.0967E+01	
3.25	0.625	1.2558E+02	
3.25	0.875	1.4512E+02	
3.25	1.125	1.5343E+02	
3.25	1.375	1.5128E+02	
3.25	1.625	1.4378E+02	
3.25	1.875	1.3074E+02	
3.25	2.125	1.1566E+02	
3.25	2.375	9.9891E+01	
3.25	2.625	8.4813E+01	
3.25	2.875	7.0235E+01	
3.25	3.125	5.8196E+01	
3.25	3.375	4.7272E+01	
3.25	3.625	3.8329E+01	
3.25	3.875	3.1098E+01	
3.25	4.125	2.7764E+01	
3.25	4.375	2.1201E+01	
3.25	4.625	1.7270E+01	
3.25	4.875	1.3747E+01	
3.25	5.125	1.1643E+01	
3.25	5.375	9.4545E+00	
3.25	5.625	8.0967E+00	
3.25	5.875	6.8004E+00	
3.25	6.125	5.7619E+00	
3.25	6.375	4.9003E+00	
3.25	6.625	4.2272E+00	
3.25	6.875	3.5815E+00	
3.25	7.125	3.0694E+00	
3.25	7.375	2.6975E+00	
3.25	7.625	2.3371E+00	
3.25	7.875	2.0555E+00	
3.25	8.125	1.7801E+00	
3.25	8.375	1.5539E+00	
3.25	8.625	1.3735E+00	
3.25	8.875	1.2347E+00	
3.25	9.125	1.0989E+00	
3.25	9.375	9.8391E-01	
3.25	9.625	8.5275E-01	
3.25	9.875	7.8159E-01	
3.25	10.125	7.0043E-01	
3.25	10.375	6.2889E-01	
3.25	10.625	5.6927E-01	
3.25	10.875	5.1696E-01	
3.25	11.125	4.7272E-01	
3.25	11.375	4.1118E-01	
3.25	11.625	3.7632E-01	
3.25	11.875	3.4637E-01	
3.25	12.125	3.1163E-01	
3.25	12.375	2.8939E-01	
3.25	12.625	2.6144E-01	
3.25	12.875	2.4228E-01	
3.25	13.125	2.1544E-01	
3.25	13.375	2.0409E-01	
3.25	13.625	1.8774E-01	
3.25	13.875	1.7236E-01	
3.25	14.125	1.5805E-01	
3.25	14.375	1.4436E-01	
3.25	14.625	1.3955E-01	
3.25	14.875	1.2297E-01	
3.25	15.125	1.1355E-01	
3.25	15.375	1.0624E-01	
3.25	15.625	9.9353E-02	
3.25	15.875	9.4044E-02	
3.25	16.125	8.4428E-02	
3.25	16.375	7.6659E-02	
3.25	16.625	7.3043E-02	
3.25	16.875	7.0466E-02	
3.25	17.125	6.5235E-02	
3.25	17.375	5.9081E-02	
3.25	17.625	5.6504E-02	
3.25	17.875	5.3003E-02	
3.25	18.125	5.0234E-02	
3.25	18.375	4.7080E-02	
3.25	18.625	4.2541E-02	
3.25	18.875	3.9964E-02	
3.25	19.125	3.8733E-02	
3.25	19.375	3.6014E-02	
3.25	19.625	3.3072E-02	
3.25	19.875	3.1747E-02	
3.25	20.125	2.9507E-02	
3.25	20.375	2.7507E-02	
3.25	20.625	2.6444E-02	
3.25	20.875	2.4725E-02	
3.25	21.125	2.3567E-02	
3.25	21.375	2.2521E-02	
3.25	21.625	2.1390E-02	
3.25	21.875	2.0055E-02	
3.25	22.125	1.9028E-02	
3.25	22.375	1.8232E-02	
3.25	22.625	1.6605E-02	
3.25	22.875	1.6039E-02	
3.25	23.125	1.5093E-02	
3.25	23.375	1.4224E-02	
3.25	23.625	1.3412E-02	
3.25	23.875	1.2655E-02	
3.25	24.125	1.2382E-02	
3.25	24.375	1.1220E-02	
3.25	24.625	1.1320E-02	
3.25	24.875	1.0389E-02	
3.75	0.125	3.4995E+01	
3.75	0.375	8.5890E+01	
3.75	0.625	1.2135E+02	
3.75	0.875	1.3589E+02	
3.75	1.125	1.4162E+02	
3.75	1.375	1.3862E+02	
3.75	1.625	1.3051E+02	
3.75	1.875	1.1955E+02	
3.75	2.125	1.0281E+02	
3.75	2.375	8.7736E+01	
3.75	2.625	7.6005E+01	
3.75	2.875	6.5081E+01	
3.75	3.125	4.9888E+01	
3.75	3.375	4.0118E+01	
3.75	3.625	3.2613E+01	
3.75	3.875	2.6208E+01	
3.75	4.125	2.1474E+01	
3.75	4.375	1.7205E+01	
3.75	4.625	1.3989E+01	
3.75	4.875	1.1516E+01	
3.75	5.125	9.4237E+00	
3.75	5.375	7.7851E+00	
3.75	5.625	6.5427E+00	
3.75	5.875	5.4119E+00	
3.75	6.125	4.5541E+00	
3.75	6.375	3.8029E+00	
3.75	6.625	3.2930E+00	
3.75	6.875	2.8064E+00	
3.75	7.125	2.3875E+00	
3.75	7.375	2.0824E+00	
3.75	7.625	1.7847E+00	
3.75	7.875	1.5482E+00	
3.75	8.125	1.3212E+00	
3.75	8.375	1.2189E+00	
3.75	8.625	1.0270E+00	
3.75	8.875	9.0390E-01	
3.75	9.125	8.0621E-01	
3.75	9.375	7.1351E-01	
3.75	9.625	6.2966E-01	
3.75	9.875	5.6196E-01	
3.75	10.125	5.0003E-01	
3.75	10.375	4.4695E-01	
3.75	10.625	4.0541E-01	
3.75	10.875	3.7221E-01	
3.75	11.125	3.2882E-01	
3.75	11.375	2.9432E-01	
3.75	11.625	2.6591E-01	
3.75	11.875	2.4482E-01	
3.75	12.125	2.1744E-01	
3.75	12.375	1.9774E-01	
3.75	12.625	1.7955E-01	
3.75	12.875	1.6801E-01	
3.75	13.125	1.5136E-01	
3.75	13.375	1.3420E-01	
3.75	13.625	1.2424E-01	
3.75	13.875	1.1166E-01	
3.75	14.125	1.0416E-01	
3.75	14.375	9.7275E-02	
3.75	14.625	9.0352E-02	
3.75	14.875	8.7390E-02	
3.75	15.125	7.6428E-02	
3.75	15.375	6.9197E-02	
3.75	15.625	6.3658E-02	
3.75	15.875	6.0773E-02	
3.75	16.125	5.6927E-02	
3.75	16.375	5.1503E-02	
3.75	16.625	4.6541E-02	
3.75	16.875	4.2964E-02	
3.75	17.125	3.8380E-02	
3.75	17.375	3.6714E-02	
3.75	17.625	3.5497E-02	
3.75	17.875	3.2180E-02	
3.75	18.125	3.0733E-02	
3.75	18.375	2.8014E-02	
3.75	18.625	2.5571E-02	
3.75	18.875	2.5420E-02	
3.75	19.125	2.4706E-02	
3.75	19.375	2.2059E-02	
3.75	19.625	2.0851E-02	
3.75	19.875	1.8178E-02	
3.75	20.125	1.7474E-02	
3.75	20.375	1.5951E-02	
3.75	20.625	1.5405E-02	
3.75	20.875	1.4666E-02	
3.75	21.125	1.4478E-02	
3.75	21.375	1.3505E-02	
3.75	21.625	1.2770E-02	
3.75	21.875	1.1485E-02	
3.75	22.125	1.1316E-02	
3.75	22.375	1.0405E-02	
3.75	22.625	9.5121E-03	
3.75	22.875	8.8583E-03	
3.75	23.125	8.5967E-03	
3.75	23.375	7.4082E-03	
3.75	23.625	7.6813E-03	
3.75	23.875	7.2928E-03	
3.75	24.125	6.5158E-03	
3.75	24.375	6.4543E-03	
3.75	24.625	6.0581E-03	
3.75	24.875	5.5773E-03	
4.25	0.125	3.1379E+01	
4.25	0.375	7.5736E+01	
4.25	0.625	1.0501E+02	
4.25	0.875	1.2308E+02	
4.25	1.125	1.2701E+02	
4.25	1.375	1.2335E+02	
4.25	1.625	1.1512E+02	
4.25	1.875	1.0243E+02	
4.25	2.125	8.9044E+01	
4.25	2.375	7.4928E+01	
4.25	2.625	6.2889E+01	
4.25	2.875	5.1196E+01	
4.25	3.125	4.1618E+01	
4.25	3.375	3.4226E+01	
4.25	3.625	2.6526E+01	
4.25	3.875	2.1359E+01	
4.25	4.125	1.7178E+01	
4.25	4.375	1.3516E+01	
4.25	4.625	1.1012E+01	
4.25	4.875	8.7621E+00	
4.25	5.125	7.2005E+00	
4.25	5.375	5.7850E+00	
4.25	5.625	4.7926E+00	
4.25	5.875	3.9272E+00	
4.25	6.125	3.2714E+00	
4.25	6.375	2.7458E+00	
4.25	6.625	2.3513E+00	
4.25	6.875	1.9740E+00	
4.25	7.125	1.6490E+00	
4.25	7.375	1.4582E+00	
4.25	7.625	1.2497E+00	
4.25	7.875	1.0485E+00	
4.25	8.125	9.0929E-01	
4.25	8.375	8.0274E-01	
4.25	8.625	6.9351E-01	
4.25	8.875	6.0696E-01	
4.25	9.125	5.3426E-01	
4.25	9.375	4.6003E-01	
4.25	9.625	4.1387E-01	
4.25	9.875	3.7144E-01	
4.25	10.125	3.1786E-01	
4.25	10.375	2.8911E-01	
4.25	10.625	2.5355E-01	
4.25	10.875	2.3417E-01	
4.25	11.125	2.0251E-01	
4.25	11.375	1.7547E-01	
4.25	11.625	1.6301E-01	
4.25	11.875	1.4205E-01	
4.25	12.125	1.3574E-01	
4.25	12.375	1.1751E-01	
4.25	12.625	1.0701E-01	
4.25	12.875	9.5314E-02	
4.25	13.125	8.7621E-02	
4.25	13.375	8.1351E-02	
4.25	13.625	7.1120E-02	
4.25	13.875	6.2619E-02	
4.25	14.125	5.9542E-02	
4.25	14.375	5.4350E-02	
4.25	14.625	4.8272E-02	
4.25	14.875	4.6195E-02	
4.25	15.125	4.1657E-02	
4.25	15.375	3.5317E-02	
4.25	15.625	3.5021E-02	
4.25	15.875	3.1252E-02	
4.25	16.125	2.8394E-02	
4.25	16.375	2.6745E-02	
4.25	16.625	2.5252E-02	
4.25	16.875	2.2525E-02	
4.25	17.125	2.1201E-02	
4.25	17.375	1.9320E-02	
4.25	17.625	1.9147E-02	
4.25	17.875	1.7270E-02	
4.25	18.125	1.5589E-02	
4.25	18.375	1.4312E-02	
4.25	18.625	1.3605E-02	
4.25	18.875	1.2308E-02	
4.25	19.125	1.1231E-02	
4.25	19.375	1.0739E-02	
4.25	19.625	9.5352E-03	
4.25	19.875	8.7698E-03	
4.25	20.125	8.1967E-03	
4.25	20.375	7.6197E-03	
4.25	20.625	7.2851E-03	
4.25	20.875	7.2005E-03	
4.25	21.125	6.4812E-03	
4.25	21.375	6.1427E-03	
4.25	21.625	5.4042E-03	
4.25	21.875	5.3388E-03	
4.25	22.125	5.0042E-03	
4.25	22.375	4.3657E-03	
4.25	22.625	4.7426E-03	
4.25	22.875	4.0810E-03	
4.25	23.125	3.5976E-03	
4.25	23.375	3.7099E-03	
4.25	23.625	3.3764E-03	
4.25	23.875	2.9624E-03	
4.25	24.125	3.0680E-03	
4.25	24.375	2.9302E-03	
4.25	24.625	2.5259E-03	
4.25	24.875	2.3128E-03	
4.75	0.125	2.6437E+01	
4.75	0.375	6.5504E+01	
4.75	0.625	9.1698E+01	
4.75	0.875	1.0358E+02	
4.75	1.125	1.0805E+02	
4.75	1.375	1.0328E+02	
4.75	1.625	9.6122E+01	
4.75	1.875	8.5236E+01	
4.75	2.125	7.3851E+01	
4.75	2.375	6.0927E+01	
4.75	2.625	4.9619E+01	
4.75	2.875	4.1233E+01	
4.75	3.125	3.1497E+01	
4.75	3.375	2.5317E+01	
4.75	3.625	1.9659E+01	
4.75	3.875	1.5420E+01	
4.75	4.125	1.2324E+01	
4.75	4.375	9.6237E+00	
4.75	4.625	7.6966E+00	
4.75	4.875	6.2619E+00	
4.75	5.125	5.1888E+00	
4.75	5.375	3.8849E+00	
4.75	5.625	3.1882E+00	
4.75	5.875	2.6264E+00	
4.75	6.125	2.1617E+00	
4.75	6.375	1.7428E+00	
4.75	6.625	1.4570E+00	
4.75	6.875	1.1966E+00	
4.75	7.125	1.0328E+00	
4.75	7.375	8.6006E-01	
4.75	7.625	7.2082E-01	
4.75	7.875	6.1389E-01	
4.75	8.125	5.3119E-01	
4.75	8.375	4.6426E-01	
4.75	8.625	3.8541E-01	
4.75	8.875	3.3413E-01	
4.75	9.125	3.0295E-01	
4.75	9.375	2.5701E-01	
4.75	9.625	2.2967E-01	
4.75	9.875	1.9190E-01	
4.75	10.125	1.6793E-01	
4.75	10.375	1.4728E-01	
4.75	10.625	1.2862E-01	
4.75	10.875	1.1247E-01	
4.75	11.125	1.0081E-01	
4.75	11.375	9.4044E-02	
4.75	11.625	8.2198E-02	
4.75	11.875	7.0466E-02	
4.75	12.125	6.3196E-02	
4.75	12.375	5.7196E-02	
4.75	12.625	5.0426E-02	
4.75	12.875	4.6388E-02	
4.75	13.125	3.9579E-02	
4.75	13.375	3.6663E-02	
4.75	13.625	3.2156E-02	
4.75	13.875	3.0199E-02	
4.75	14.125	2.5617E-02	
4.75	14.375	2.3259E-02	
4.75	14.625	2.1271E-02	
4.75	14.875	1.8947E-02	
4.75	15.125	1.6736E-02	
4.75	15.375	1.5497E-02	
4.75	15.625	1.3747E-02	
4.75	15.875	1.2358E-02	
4.75	16.125	1.1935E-02	
4.75	16.375	1.0681E-02	
4.75	16.625	9.3775E-03	
4.75	16.875	8.7506E-03	
4.75	17.125	7.7851E-03	
4.75	17.375	7.3505E-03	
4.75	17.625	6.3581E-03	
4.75	17.875	6.2773E-03	
4.75	18.125	5.5619E-03	
4.75	18.375	5.0465E-03	
4.75	18.625	4.6541E-03	
4.75	18.875	4.2926E-03	
4.75	19.125	3.9964E-03	
4.75	19.375	3.8260E-03	
4.75	19.625	3.6752E-03	
4.75	19.875	3.2367E-03	
4.75	20.125	2.6660E-03	
4.75	20.375	2.5206E-03	
4.75	20.625	2.3025E-03	
4.75	20.875	2.1724E-03	
4.75	21.125	1.9763E-03	
4.75	21.375	1.8001E-03	
4.75	21.625	1.6101E-03	
4.75	21.875	1.5259E-03	
4.75	22.125	1.4874E-03	
4.75	22.375	1.3755E-03	
4.75	22.625	1.2328E-03	
4.75	22.875	1.1335E-03	
4.75	23.125	1.0839E-03	
4.75	23.375	9.2544E-04	
4.75	23.625	9.0083E-04	
4.75	23.875	8.8121E-04	
4.75	24.125	8.0851E-04	
4.75	24.375	7.0428E-04	
4.75	24.625	6.7812E-04	
4.75	24.875	6.4966E-04	
5.25	0.125	2.1405E+01	
5.25	0.375	5.3388E+01	
5.25	0.625	7.2697E+01	
5.25	0.875	8.3582E+01	
5.25	1.125	8.5929E+01	
5.25	1.375	8.2928E+01	
5.25	1.625	7.4389E+01	
5.25	1.875	6.6081E+01	
5.25	2.125	5.5004E+01	
5.25	2.375	4.6811E+01	
5.25	2.625	3.6257E+01	
5.25	2.875	2.8497E+01	
5.25	3.125	2.2375E+01	
5.25	3.375	1.7159E+01	
5.25	3.625	1.3159E+01	
5.25	3.875	1.0004E+01	
5.25	4.125	7.7736E+00	
5.25	4.375	5.9581E+00	
5.25	4.625	4.7388E+00	
5.25	4.875	3.6276E+00	
5.25	5.125	2.9305E+00	
5.25	5.375	2.2621E+00	
5.25	5.625	1.8147E+00	
5.25	5.875	1.4728E+00	
5.25	6.125	1.1343E+00	
5.25	6.375	9.3006E-01	
5.25	6.625	7.6351E-01	
5.25	6.875	6.2542E-01	
5.25	7.125	5.1349E-01	
5.25	7.375	4.1733E-01	
5.25	7.625	3.6334E-01	
5.25	7.875	2.9456E-01	
5.25	8.125	2.4470E-01	
5.25	8.375	1.9901E-01	
5.25	8.625	1.7605E-01	
5.25	8.875	1.4943E-01	
5.25	9.125	1.2728E-01	
5.25	9.375	1.0339E-01	
5.25	9.625	9.1275E-02	
5.25	9.875	7.9659E-02	
5.25	10.125	6.7197E-02	
5.25	10.375	5.6196E-02	
5.25	10.625	5.1273E-02	
5.25	10.875	4.3349E-02	
5.25	11.125	3.9695E-02	
5.25	11.375	3.2170E-02	
5.25	11.625	2.8014E-02	
5.25	11.875	2.4148E-02	
5.25	12.125	2.0405E-02	
5.25	12.375	1.8794E-02	
5.25	12.625	1.5793E-02	
5.25	12.875	1.4328E-02	
5.25	13.125	1.2812E-02	
5.25	13.375	1.0474E-02	
5.25	13.625	9.9391E-03	
5.25	13.875	8.0928E-03	
5.25	14.125	7.4928E-03	
5.25	14.375	6.4543E-03	
5.25	14.625	5.9850E-03	
5.25	14.875	5.3080E-03	
5.25	15.125	4.7965E-03	
5.25	15.375	3.9849E-03	
5.25	15.625	3.3976E-03	
5.25	15.875	3.0271E-03	
5.25	16.125	2.8598E-03	
5.25	16.375	2.7737E-03	
5.25	16.625	2.2255E-03	
5.25	16.875	2.0251E-03	
5.25	17.125	1.6947E-03	
5.25	17.375	1.6051E-03	
5.25	17.625	1.4309E-03	
5.25	17.875	1.2985E-03	
5.25	18.125	1.1570E-03	
5.25	18.375	1.0674E-03	
5.25	18.625	9.6160E-04	
5.25	18.875	9.1121E-04	
5.25	19.125	8.1467E-04	
5.25	19.375	7.4274E-04	
5.25	19.625	6.5927E-04	
5.25	19.875	6.4389E-04	
5.25	20.125	5.1273E-04	
5.25	20.375	4.5118E-04	
5.25	20.625	4.0310E-04	
5.25	20.875	3.8406E-04	
5.25	21.125	3.5247E-04	
5.25	21.375	2.7317E-04	
5.25	21.625	2.6117E-04	
5.25	21.875	2.2528E-04	
5.25	22.125	2.0317E-04	
5.25	22.375	2.0101E-04	
5.25	22.625	1.7163E-04	
5.25	22.875	1.4651E-04	
5.25	23.125	1.3482E-04	
5.25	23.375	1.1870E-04	
5.25	23.625	1.0916E-04	
5.25	23.875	1.0620E-04	
5.25	24.125	1.0566E-04	
5.25	24.375	9.0237E-05	
5.25	24.625	7.8697E-05	
5.25	24.875	7.0466E-05	
5.75	0.125	1.6232E+01	
5.75	0.375	4.0272E+01	
5.75	0.625	5.3888E+01	
5.75	0.875	6.1812E+01	
5.75	1.125	6.2235E+01	
5.75	1.375	5.8888E+01	
5.75	1.625	5.1465E+01	
5.75	1.875	4.5311E+01	
5.75	2.125	3.7171E+01	
5.75	2.375	2.9490E+01	
5.75	2.625	2.5362E+01	
5.75	2.875	1.7909E+01	
5.75	3.125	1.3693E+01	
5.75	3.375	1.0181E+01	
5.75	3.625	7.5428E+00	
5.75	3.875	5.5927E+00	
5.75	4.125	4.1118E+00	
5.75	4.375	3.0872E+00	
5.75	4.625	2.3367E+00	
5.75	4.875	1.7305E+00	
5.75	5.125	1.3185E+00	
5.75	5.375	1.0131E+00	
5.75	5.625	7.6774E-01	
5.75	5.875	5.8427E-01	
5.75	6.125	4.5926E-01	
5.75	6.375	3.6053E-01	
5.75	6.625	2.8391E-01	
5.75	6.875	2.2501E-01	
5.75	7.125	1.7424E-01	
5.75	7.375	1.4120E-01	
5.75	7.625	1.2308E-01	
5.75	7.875	9.2891E-02	
5.75	8.125	7.5582E-02	
5.75	8.375	6.2042E-02	
5.75	8.625	4.9272E-02	
5.75	8.875	4.0618E-02	
5.75	9.125	3.3252E-02	
5.75	9.375	2.6879E-02	
5.75	9.625	2.3175E-02	
5.75	9.875	1.9359E-02	
5.75	10.125	1.6590E-02	
5.75	10.375	1.3805E-02	
5.75	10.625	1.1316E-02	
5.75	10.875	9.0544E-03	
5.75	11.125	7.7736E-03	
5.75	11.375	6.2850E-03	
5.75	11.625	5.3119E-03	
5.75	11.875	4.2349E-03	
5.75	12.125	3.9310E-03	
5.75	12.375	3.1406E-03	
5.75	12.625	2.9911E-03	
5.75	12.875	2.2563E-03	
5.75	13.125	1.9113E-03	
5.75	13.375	1.5720E-03	
5.75	13.625	1.2943E-03	
5.75	13.875	1.2532E-03	
5.75	14.125	9.0583E-04	
5.75	14.375	8.1198E-04	
5.75	14.625	7.9774E-04	
5.75	14.875	6.3158E-04	
5.75	15.125	4.7849E-04	
5.75	15.375	4.6234E-04	
5.75	15.625	3.7260E-04	
5.75	15.875	2.9872E-04	
5.75	16.125	2.7266E-04	
5.75	16.375	2.2936E-04	
5.75	16.625	1.7793E-04	
5.75	16.875	1.6089E-04	
5.75	17.125	1.4012E-04	
5.75	17.375	1.2624E-04	
5.75	17.625	1.0839E-04	
5.75	17.875	9.4429E-05	
5.75	18.125	8.3428E-05	
5.75	18.375	7.1928E-05	
5.75	18.625	5.9311E-05	
5.75	18.875	5.1042E-05	
5.75	19.125	4.2618E-05	
5.75	19.375	3.7623E-05	
5.75	19.625	3.1778E-05	
5.75	19.875	2.5829E-05	
5.75	20.125	2.1517E-05	
5.75	20.375	1.7720E-05	
5.75	20.625	1.5670E-05	
5.75	20.875	1.4412E-05	
5.75	21.125	1.2412E-05	
5.75	21.375	1.1243E-05	
5.75	21.625	9.6429E-06	
5.75	21.875	7.5351E-06	
5.75	22.125	6.8735E-06	
5.75	22.375	4.9349E-06	
5.75	22.625	4.9311E-06	
5.75	22.875	4.1503E-06	
5.75	23.125	3.6824E-06	
5.75	23.375	3.1699E-06	
5.75	23.625	2.6098E-06	
5.75	23.875	2.3936E-06	
5.75	24.125	1.6605E-06	
5.75	24.375	1.5693E-06	
5.75	24.625	1.3559E-06	
5.75	24.875	1.1758E-06	
6.25	0.125	1.0670E+01	
6.25	0.375	2.4881E+01	
6.25	0.625	3.5315E+01	
6.25	0.875	3.9733E+01	
6.25	1.125	3.8887E+01	
6.25	1.375	3.5772E+01	
6.25	1.625	3.1901E+01	
6.25	1.875	2.5891E+01	
6.25	2.125	2.0544E+01	
6.25	2.375	1.6490E+01	
6.25	2.625	1.2178E+01	
6.25	2.875	8.9506E+00	
6.25	3.125	6.5427E+00	
6.25	3.375	4.5772E+00	
6.25	3.625	3.2952E+00	
6.25	3.875	2.3175E+00	
6.25	4.125	1.5686E+00	
6.25	4.375	1.1366E+00	
6.25	4.625	8.2659E-01	
6.25	4.875	5.7888E-01	
6.25	5.125	4.0003E-01	
6.25	5.375	3.2699E-01	
6.25	5.625	2.1990E-01	
6.25	5.875	1.5466E-01	
6.25	6.125	1.1682E-01	
6.25	6.375	8.4044E-02	
6.25	6.625	5.9158E-02	
6.25	6.875	4.7503E-02	
6.25	7.125	3.4610E-02	
6.25	7.375	2.6016E-02	
6.25	7.625	1.9617E-02	
6.25	7.875	1.5051E-02	
6.25	8.125	1.1762E-02	
6.25	8.375	8.8198E-03	
6.25	8.625	6.5466E-03	
6.25	8.875	5.4850E-03	
6.25	9.125	4.0195E-03	
6.25	9.375	2.9983E-03	
6.25	9.625	2.5256E-03	
6.25	9.875	1.8324E-03	
6.25	10.125	1.4632E-03	
6.25	10.375	1.0851E-03	
6.25	10.625	8.4352E-04	
6.25	10.875	6.8658E-04	
6.25	11.125	4.9772E-04	
6.25	11.375	3.9503E-04	
6.25	11.625	3.1259E-04	
6.25	11.875	2.6040E-04	
6.25	12.125	1.8040E-04	
6.25	12.375	1.5024E-04	
6.25	12.625	1.2155E-04	
6.25	12.875	8.7544E-05	
6.25	13.125	7.1812E-05	
6.25	13.375	5.0619E-05	
6.25	13.625	4.6234E-05	
6.25	13.875	3.1641E-05	
6.25	14.125	2.8603E-05	
6.25	14.375	2.6437E-05	
6.25	14.625	1.8351E-05	
6.25	14.875	1.0774E-05	
6.25	15.125	8.6390E-06	
6.25	15.375	7.3005E-06	
6.25	15.625	5.5157E-06	
6.25	15.875	4.0387E-06	
6.25	16.125	2.9425E-06	
6.25	16.375	2.4295E-06	
6.25	16.625	1.8040E-06	
6.25	16.875	1.4001E-06	
6.25	17.125	1.1558E-06	
6.25	17.375	9.8583E-07	
6.25	17.625	7.7274E-07	
6.25	17.875	5.2580E-07	
6.25	18.125	4.4811E-07	
6.25	18.375	2.7302E-07	
6.25	18.625	2.2928E-07	
6.25	18.875	1.6882E-07	
6.25	19.125	1.0770E-07	
6.25	19.375	7.5466E-08	
6.25	19.625	6.8081E-08	
6.25	19.875	5.5619E-08	
6.25	20.125	3.2182E-08	
6.25	20.375	2.4393E-08	
6.25	20.625	1.7782E-08	
6.25	20.875	1.2516E-08	
6.25	21.125	9.7045E-09	
6.25	21.375	7.5736E-09	
6.25	21.625	3.9002E-09	
6.25	21.875	3.8156E-09	
6.25	22.125	2.8278E-09	
6.25	22.375	1.6309E-09	
6.25	22.625	1.0270E-09	
6.25	22.875	8.8698E-10	
6.25	23.125	5.6965E-10	
6.25	23.375	3.3925E-10	
6.25	23.625	2.8425E-10	
6.25	23.875	2.3894E-10	
6.25	24.125	2.1086E-10	
6.25	24.375	1.4289E-10	
6.25	24.625	7.1658E-11	
6.25	24.875	7.3159E-11	
6.75	0.125	5.7234E+00	
6.75	0.375	1.4274E+01	
6.75	0.625	1.7790E+01	
6.75	0.875	1.8867E+01	
6.75	1.125	1.9244E+01	
6.75	1.375	1.7236E+01	
6.75	1.625	1.4620E+01	
6.75	1.875	1.1685E+01	
6.75	2.125	8.9467E+00	
6.75	2.375	6.5850E+00	
6.75	2.625	4.5695E+00	
6.75	2.875	2.9141E+00	
6.75	3.125	2.1459E+00	
6.75	3.375	1.4324E+00	
6.75	3.625	9.3737E-01	
6.75	3.875	6.0388E-01	
6.75	4.125	3.6969E-01	
6.75	4.375	2.5208E-01	
6.75	4.625	1.4562E-01	
6.75	4.875	9.3314E-02	
6.75	5.125	6.2504E-02	
6.75	5.375	4.0580E-02	
6.75	5.625	2.9374E-02	
6.75	5.875	1.7066E-02	
6.75	6.125	1.0774E-02	
6.75	6.375	7.5389E-03	
6.75	6.625	5.8850E-03	
6.75	6.875	3.1778E-03	
6.75	7.125	2.1836E-03	
6.75	7.375	1.4424E-03	
6.75	7.625	9.5006E-04	
6.75	7.875	5.9773E-04	
6.75	8.125	3.8017E-04	
6.75	8.375	2.7995E-04	
6.75	8.625	1.9447E-04	
6.75	8.875	1.1128E-04	
6.75	9.125	7.8082E-05	
6.75	9.375	4.8118E-05	
6.75	9.625	3.6606E-05	
6.75	9.875	2.1217E-05	
6.75	10.125	1.3059E-05	
6.75	10.375	9.4545E-06	
6.75	10.625	6.1619E-06	
6.75	10.875	4.4657E-06	
6.75	11.125	2.0951E-06	
6.75	11.375	9.1660E-07	
6.75	11.625	7.2389E-07	
6.75	11.875	5.4388E-07	
6.75	12.125	3.4719E-07	
6.75	12.375	2.2848E-07	
6.75	12.625	9.9353E-08	
6.75	12.875	7.8159E-08	
6.75	13.125	3.8426E-08	
6.75	13.375	1.9367E-08	
6.75	13.625	1.3762E-08	
6.75	13.875	7.7043E-09	
6.75	14.125	3.2067E-09	
6.75	14.375	2.4151E-09	
6.75	14.625	1.4932E-09	
6.75	14.875	5.0926E-10	
6.75	15.125	3.1894E-10	
6.75	15.375	7.7851E-11	
6.75	15.625	3.4764E-11	
6.75	15.875	2.2659E-11	
6.75	16.125	1.2324E-11	
6.75	16.375	1.9420E-12	
6.75	16.625	9.4621E-13	
6.75	16.875	3.9233E-13	
6.75	17.125	1.0270E-13	
6.75	17.375	1.7524E-14	
6.75	17.625	3.4764E-16	
6.75	17.875	1.5428E-16	
6.75	18.125	8.5467E-18	
6.75	18.375	9.2121E-20	
6.75	18.625	0.0000E+00	
6.75	18.875	0.0000E+00	
6.75	19.125	0.0000E+00	
6.75	19.375	0.0000E+00	
6.75	19.625	0.0000E+00	
6.75	19.875	0.0000E+00	
6.75	20.125	0.0000E+00	
6.75	20.375	0.0000E+00	
6.75	20.625	0.0000E+00	
6.75	20.875	0.0000E+00	
6.75	21.125	0.0000E+00	
6.75	21.375	0.0000E+00	
6.75	21.625	0.0000E+00	
6.75	21.875	0.0000E+00	
6.75	22.125	0.0000E+00	
6.75	22.375	0.0000E+00	
6.75	22.625	0.0000E+00	
6.75	22.875	0.0000E+00	
6.75	23.125	0.0000E+00	
6.75	23.375	0.0000E+00	
6.75	23.625	0.0000E+00	
6.75	23.875	0.0000E+00	
6.75	24.125	0.0000E+00	
6.75	24.375	0.0000E+00	
6.75	24.625	0.0000E+00	
6.75	24.875	0.0000E+00	
7.25	0.125	2.1636E+00	
7.25	0.375	5.4619E+00	
7.25	0.625	6.8351E+00	
7.25	0.875	7.5159E+00	
7.25	1.125	7.0658E+00	
7.25	1.375	6.2158E+00	
7.25	1.625	4.8426E+00	
7.25	1.875	2.9336E+00	
7.25	2.125	2.5033E+00	
7.25	2.375	1.7328E+00	
7.25	2.625	1.2612E+00	
7.25	2.875	6.6043E-01	
7.25	3.125	3.9541E-01	
7.25	3.375	2.2244E-01	
7.25	3.625	1.2451E-01	
7.25	3.875	6.9620E-02	
7.25	4.125	3.7392E-02	
7.25	4.375	2.0259E-02	
7.25	4.625	9.2467E-03	
7.25	4.875	4.6234E-03	
7.25	5.125	2.5420E-03	
7.25	5.375	1.2339E-03	
7.25	5.625	6.5889E-04	
7.25	5.875	3.0555E-04	
7.25	6.125	1.9013E-04	
7.25	6.375	7.9120E-05	
7.25	6.625	4.3580E-05	
7.25	6.875	1.2728E-05	
7.25	7.125	8.0236E-06	
7.25	7.375	3.1055E-06	
7.25	7.625	1.2532E-06	
7.25	7.875	4.9272E-07	
7.25	8.125	2.7228E-07	
7.25	8.375	6.2850E-08	
7.25	8.625	2.9086E-08	
7.25	8.875	8.6582E-09	
7.25	9.125	3.6276E-09	
7.25	9.375	6.2696E-10	
7.25	9.625	4.0772E-11	
7.25	9.875	3.5901E-11	
7.25	10.125	4.9926E-12	
7.25	10.375	4.2849E-13	
7.25	10.625	8.9660E-15	
7.25	10.875	0.0000E+00	
7.25	11.125	0.0000E+00	
7.25	11.375	0.0000E+00	
7.25	11.625	0.0000E+00	
7.25	11.875	0.0000E+00	
7.25	12.125	0.0000E+00	
7.25	12.375	0.0000E+00	
7.25	12.625	0.0000E+00	
7.25	12.875	0.0000E+00	
7.25	13.125	0.0000E+00	
7.25	13.375	0.0000E+00	
7.25	13.625	0.0000E+00	
7.25	13.875	0.0000E+00	
7.25	14.125	0.0000E+00	
7.25	14.375	0.0000E+00	
7.25	14.625	0.0000E+00	
7.25	14.875	0.0000E+00	
7.25	15.125	0.0000E+00	
7.25	15.375	0.0000E+00	
7.25	15.625	0.0000E+00	
7.25	15.875	0.0000E+00	
7.25	16.125	0.0000E+00	
7.25	16.375	0.0000E+00	
7.25	16.625	0.0000E+00	
7.25	16.875	0.0000E+00	
7.25	17.125	0.0000E+00	
7.25	17.375	0.0000E+00	
7.25	17.625	0.0000E+00	
7.25	17.875	0.0000E+00	
7.25	18.125	0.0000E+00	
7.25	18.375	0.0000E+00	
7.25	18.625	0.0000E+00	
7.25	18.875	0.0000E+00	
7.25	19.125	0.0000E+00	
7.25	19.375	0.0000E+00	
7.25	19.625	0.0000E+00	
7.25	19.875	0.0000E+00	
7.25	20.125	0.0000E+00	
7.25	20.375	0.0000E+00	
7.25	20.625	0.0000E+00	
7.25	20.875	0.0000E+00	
7.25	21.125	0.0000E+00	
7.25	21.375	0.0000E+00	
7.25	21.625	0.0000E+00	
7.25	21.875	0.0000E+00	
7.25	22.125	0.0000E+00	
7.25	22.375	0.0000E+00	
7.25	22.625	0.0000E+00	
7.25	22.875	0.0000E+00	
7.25	23.125	0.0000E+00	
7.25	23.375	0.0000E+00	
7.25	23.625	0.0000E+00	
7.25	23.875	0.0000E+00	
7.25	24.125	0.0000E+00	
7.25	24.375	0.0000E+00	
7.25	24.625	0.0000E+00	
7.25	24.875	0.0000E+00	
7.75	0.125	5.1734E-01	
7.75	0.375	1.3378E+00	
7.75	0.625	1.9544E+00	
7.75	0.875	2.2351E+00	
7.75	1.125	1.5670E+00	
7.75	1.375	1.0743E+00	
7.75	1.625	8.2236E-01	
7.75	1.875	5.4003E-01	
7.75	2.125	3.4074E-01	
7.75	2.375	1.8955E-01	
7.75	2.625	1.1008E-01	
7.75	2.875	5.5619E-02	
7.75	3.125	2.8278E-02	
7.75	3.375	1.4451E-02	
7.75	3.625	6.7350E-03	
7.75	3.875	2.5463E-03	
7.75	4.125	1.5728E-03	
7.75	4.375	4.2003E-04	
7.75	4.625	1.6832E-04	
7.75	4.875	5.6196E-05	
7.75	5.125	2.1367E-05	
7.75	5.375	7.9390E-06	
7.75	5.625	2.9329E-06	
7.75	5.875	8.4582E-07	
7.75	6.125	2.4564E-07	
7.75	6.375	3.7257E-08	
7.75	6.625	1.2632E-08	
7.75	6.875	1.6301E-09	
7.75	7.125	0.0000E+00	
7.75	7.375	0.0000E+00	
7.75	7.625	0.0000E+00	
7.75	7.875	0.0000E+00	
7.75	8.125	0.0000E+00	
7.75	8.375	0.0000E+00	
7.75	8.625	0.0000E+00	
7.75	8.875	0.0000E+00	
7.75	9.125	0.0000E+00	
7.75	9.375	0.0000E+00	
7.75	9.625	0.0000E+00	
7.75	9.875	0.0000E+00	
7.75	10.125	0.0000E+00	
7.75	10.375	0.0000E+00	
7.75	10.625	0.0000E+00	
7.75	10.875	0.0000E+00	
7.75	11.125	0.0000E+00	
7.75	11.375	0.0000E+00	
7.75	11.625	0.0000E+00	
7.75	11.875	0.0000E+00	
7.75	12.125	0.0000E+00	
7.75	12.375	0.0000E+00	
7.75	12.625	0.0000E+00	
7.75	12.875	0.0000E+00	
7.75	13.125	0.0000E+00	
7.75	13.375	0.0000E+00	
7.75	13.625	0.0000E+00	
7.75	13.875	0.0000E+00	
7.75	14.125	0.0000E+00	
7.75	14.375	0.0000E+00	
7.75	14.625	0.0000E+00	
7.75	14.875	0.0000E+00	
7.75	15.125	0.0000E+00	
7.75	15.375	0.0000E+00	
7.75	15.625	0.0000E+00	
7.75	15.875	0.0000E+00	
7.75	16.125	0.0000E+00	
7.75	16.375	0.0000E+00	
7.75	16.625	0.0000E+00	
7.75	16.875	0.0000E+00	
7.75	17.125	0.0000E+00	
7.75	17.375	0.0000E+00	
7.75	17.625	0.0000E+00	
7.75	17.875	0.0000E+00	
7.75	18.125	0.0000E+00	
7.75	18.375	0.0000E+00	
7.75	18.625	0.0000E+00	
7.75	18.875	0.0000E+00	
7.75	19.125	0.0000E+00	
7.75	19.375	0.0000E+00	
7.75	19.625	0.0000E+00	
7.75	19.875	0.0000E+00	
7.75	20.125	0.0000E+00	
7.75	20.375	0.0000E+00	
7.75	20.625	0.0000E+00	
7.75	20.875	0.0000E+00	
7.75	21.125	0.0000E+00	
7.75	21.375	0.0000E+00	
7.75	21.625	0.0000E+00	
7.75	21.875	0.0000E+00	
7.75	22.125	0.0000E+00	
7.75	22.375	0.0000E+00	
7.75	22.625	0.0000E+00	
7.75	22.875	0.0000E+00	
7.75	23.125	0.0000E+00	
7.75	23.375	0.0000E+00	
7.75	23.625	0.0000E+00	
7.75	23.875	0.0000E+00	
7.75	24.125	0.0000E+00	
7.75	24.375	0.0000E+00	
7.75	24.625	0.0000E+00	
7.75	24.875	0.0000E+00	
8.25	0.125	3.1444E-02	
8.25	0.375	8.4159E-02	
8.25	0.625	9.9583E-02	
8.25	0.875	1.0805E-01	
8.25	1.125	7.7043E-02	
8.25	1.375	4.4118E-02	
8.25	1.625	3.2113E-02	
8.25	1.875	1.8155E-02	
8.25	2.125	9.9160E-03	
8.25	2.375	4.9465E-03	
8.25	2.625	2.3117E-03	
8.25	2.875	1.0958E-03	
8.25	3.125	4.6695E-04	
8.25	3.375	1.8890E-04	
8.25	3.625	6.8466E-05	
8.25	3.875	2.6381E-05	
8.25	4.125	1.1412E-05	
8.25	4.375	3.3699E-06	
8.25	4.625	1.1812E-06	
8.25	4.875	5.4234E-07	
8.25	5.125	1.1208E-07	
8.25	5.375	6.7620E-08	
8.25	5.625	1.7878E-08	
8.25	5.875	0.0000E+00	
8.25	6.125	-1.1512E-09	
8.25	6.375	0.0000E+00	
8.25	6.625	0.0000E+00	
8.25	6.875	0.0000E+00	
8.25	7.125	0.0000E+00	
8.25	7.375	0.0000E+00	
8.25	7.625	0.0000E+00	
8.25	7.875	0.0000E+00	
8.25	8.125	0.0000E+00	
8.25	8.375	0.0000E+00	
8.25	8.625	0.0000E+00	
8.25	8.875	0.0000E+00	
8.25	9.125	0.0000E+00	
8.25	9.375	0.0000E+00	
8.25	9.625	0.0000E+00	
8.25	9.875	0.0000E+00	
8.25	10.125	0.0000E+00	
8.25	10.375	0.0000E+00	
8.25	10.625	0.0000E+00	
8.25	10.875	0.0000E+00	
8.25	11.125	0.0000E+00	
8.25	11.375	0.0000E+00	
8.25	11.625	0.0000E+00	
8.25	11.875	0.0000E+00	
8.25	12.125	0.0000E+00	
8.25	12.375	0.0000E+00	
8.25	12.625	0.0000E+00	
8.25	12.875	0.0000E+00	
8.25	13.125	0.0000E+00	
8.25	13.375	0.0000E+00	
8.25	13.625	0.0000E+00	
8.25	13.875	0.0000E+00	
8.25	14.125	0.0000E+00	
8.25	14.375	0.0000E+00	
8.25	14.625	0.0000E+00	
8.25	14.875	0.0000E+00	
8.25	15.125	0.0000E+00	
8.25	15.375	0.0000E+00	
8.25	15.625	0.0000E+00	
8.25	15.875	0.0000E+00	
8.25	16.125	0.0000E+00	
8.25	16.375	0.0000E+00	
8.25	16.625	0.0000E+00	
8.25	16.875	0.0000E+00	
8.25	17.125	0.0000E+00	
8.25	17.375	0.0000E+00	
8.25	17.625	0.0000E+00	
8.25	17.875	0.0000E+00	
8.25	18.125	0.0000E+00	
8.25	18.375	0.0000E+00	
8.25	18.625	0.0000E+00	
8.25	18.875	0.0000E+00	
8.25	19.125	0.0000E+00	
8.25	19.375	0.0000E+00	
8.25	19.625	0.0000E+00	
8.25	19.875	0.0000E+00	
8.25	20.125	0.0000E+00	
8.25	20.375	0.0000E+00	
8.25	20.625	0.0000E+00	
8.25	20.875	0.0000E+00	
8.25	21.125	0.0000E+00	
8.25	21.375	0.0000E+00	
8.25	21.625	0.0000E+00	
8.25	21.875	0.0000E+00	
8.25	22.125	0.0000E+00	
8.25	22.375	0.0000E+00	
8.25	22.625	0.0000E+00	
8.25	22.875	0.0000E+00	
8.25	23.125	0.0000E+00	
8.25	23.375	0.0000E+00	
8.25	23.625	0.0000E+00	
8.25	23.875	0.0000E+00	
8.25	24.125	0.0000E+00	
8.25	24.375	0.0000E+00	
8.25	24.625	0.0000E+00	
8.25	24.875	0.0000E+00	
8.75	0.125	1.9578E-05	
8.75	0.375	3.5836E-05	
8.75	0.625	3.1533E-05	
8.75	0.875	1.5093E-05	
8.75	1.125	4.3772E-06	
8.75	1.375	9.0775E-07	
8.75	1.625	1.1370E-07	
8.75	1.875	9.7314E-09	
8.75	2.125	4.5080E-10	
8.75	2.375	5.7465E-12	
8.75	2.625	7.2005E-13	
8.75	2.875	6.7427E-14	
8.75	3.125	0.0000E+00	
8.75	3.375	0.0000E+00	
8.75	3.625	0.0000E+00	
8.75	3.875	0.0000E+00	
8.75	4.125	0.0000E+00	
8.75	4.375	0.0000E+00	
8.75	4.625	0.0000E+00	
8.75	4.875	0.0000E+00	
8.75	5.125	0.0000E+00	
8.75	5.375	0.0000E+00	
8.75	5.625	0.0000E+00	
8.75	5.875	0.0000E+00	
8.75	6.125	0.0000E+00	
8.75	6.375	0.0000E+00	
8.75	6.625	0.0000E+00	
8.75	6.875	0.0000E+00	
8.75	7.125	0.0000E+00	
8.75	7.375	0.0000E+00	
8.75	7.625	0.0000E+00	
8.75	7.875	0.0000E+00	
8.75	8.125	0.0000E+00	
8.75	8.375	0.0000E+00	
8.75	8.625	0.0000E+00	
8.75	8.875	0.0000E+00	
8.75	9.125	0.0000E+00	
8.75	9.375	0.0000E+00	
8.75	9.625	0.0000E+00	
8.75	9.875	0.0000E+00	
8.75	10.125	0.0000E+00	
8.75	10.375	0.0000E+00	
8.75	10.625	0.0000E+00	
8.75	10.875	0.0000E+00	
8.75	11.125	0.0000E+00	
8.75	11.375	0.0000E+00	
8.75	11.625	0.0000E+00	
8.75	11.875	0.0000E+00	
8.75	12.125	0.0000E+00	
8.75	12.375	0.0000E+00	
8.75	12.625	0.0000E+00	
8.75	12.875	0.0000E+00	
8.75	13.125	0.0000E+00	
8.75	13.375	0.0000E+00	
8.75	13.625	0.0000E+00	
8.75	13.875	0.0000E+00	
8.75	14.125	0.0000E+00	
8.75	14.375	0.0000E+00	
8.75	14.625	0.0000E+00	
8.75	14.875	0.0000E+00	
8.75	15.125	0.0000E+00	
8.75	15.375	0.0000E+00	
8.75	15.625	0.0000E+00	
8.75	15.875	0.0000E+00	
8.75	16.125	0.0000E+00	
8.75	16.375	0.0000E+00	
8.75	16.625	0.0000E+00	
8.75	16.875	0.0000E+00	
8.75	17.125	0.0000E+00	
8.75	17.375	0.0000E+00	
8.75	17.625	0.0000E+00	
8.75	17.875	0.0000E+00	
8.75	18.125	0.0000E+00	
8.75	18.375	0.0000E+00	
8.75	18.625	0.0000E+00	
8.75	18.875	0.0000E+00	
8.75	19.125	0.0000E+00	
8.75	19.375	0.0000E+00	
8.75	19.625	0.0000E+00	
8.75	19.875	0.0000E+00	
8.75	20.125	0.0000E+00	
8.75	20.375	0.0000E+00	
8.75	20.625	0.0000E+00	
8.75	20.875	0.0000E+00	
8.75	21.125	0.0000E+00	
8.75	21.375	0.0000E+00	
8.75	21.625	0.0000E+00	
8.75	21.875	0.0000E+00	
8.75	22.125	0.0000E+00	
8.75	22.375	0.0000E+00	
8.75	22.625	0.0000E+00	
8.75	22.875	0.0000E+00	
8.75	23.125	0.0000E+00	
8.75	23.375	0.0000E+00	
8.75	23.625	0.0000E+00	
8.75	23.875	0.0000E+00	
8.75	24.125	0.0000E+00	
8.75	24.375	0.0000E+00	
8.75	24.625	0.0000E+00	
8.75	24.875	0.0000E+00	