0.25	0.125	9.1059E+00
0.25	0.375	2.3701E+01
0.25	0.625	3.5416E+01
0.25	0.875	4.4168E+01
0.25	1.125	5.0045E+01
0.25	1.375	5.3638E+01
0.25	1.625	5.4510E+01
0.25	1.875	5.3586E+01
0.25	2.125	5.0378E+01
0.25	2.375	4.6657E+01
0.25	2.625	4.1845E+01
0.25	2.875	3.7059E+01
0.25	3.125	3.2003E+01
0.25	3.375	2.7602E+01
0.25	3.625	2.3457E+01
0.25	3.875	1.9761E+01
0.25	4.125	1.6669E+01
0.25	4.375	1.4000E+01
0.25	4.625	1.1810E+01
0.25	4.875	9.9769E+00
0.25	5.125	8.4483E+00
0.25	5.375	7.1320E+00
0.25	5.625	6.1144E+00
0.25	5.875	5.2765E+00
0.25	6.125	4.5348E+00
0.25	6.375	3.9227E+00
0.25	6.625	3.3710E+00
0.25	6.875	2.9603E+00
0.25	7.125	2.6113E+00
0.25	7.375	2.3085E+00
0.25	7.625	2.0416E+00
0.25	7.875	1.7759E+00
0.25	8.125	1.5822E+00
0.25	8.375	1.4154E+00
0.25	8.625	1.2761E+00
0.25	8.875	1.1299E+00
0.25	9.125	1.0161E+00
0.25	9.375	9.1701E-01
0.25	9.625	8.3199E-01
0.25	9.875	7.4541E-01
0.25	10.125	6.8138E-01
0.25	10.375	6.1914E-01
0.25	10.625	5.5845E-01
0.25	10.875	5.1880E-01
0.25	11.125	4.6798E-01
0.25	11.375	4.3141E-01
0.25	11.625	3.9125E-01
0.25	11.875	3.6828E-01
0.25	12.125	3.3453E-01
0.25	12.375	3.0258E-01
0.25	12.625	2.8205E-01
0.25	12.875	2.6485E-01
0.25	13.125	2.4471E-01
0.25	13.375	2.2507E-01
0.25	13.625	2.0788E-01
0.25	13.875	1.9479E-01
0.25	14.125	1.8119E-01
0.25	14.375	1.6733E-01
0.25	14.625	1.5655E-01
0.25	14.875	1.4859E-01
0.25	15.125	1.3435E-01
0.25	15.375	1.2909E-01
0.25	15.625	1.1976E-01
0.25	15.875	1.1207E-01
0.25	16.125	1.0360E-01
0.25	16.375	9.9977E-02
0.25	16.625	9.4812E-02
0.25	16.875	8.9351E-02
0.25	17.125	8.2871E-02
0.25	17.375	7.6543E-02
0.25	17.625	7.1564E-02
0.25	17.875	6.9870E-02
0.25	18.125	6.5007E-02
0.25	18.375	6.2030E-02
0.25	18.625	5.8013E-02
0.25	18.875	5.4613E-02
0.25	19.125	5.1931E-02
0.25	19.375	4.8800E-02
0.25	19.625	4.7414E-02
0.25	19.875	4.4463E-02
0.25	20.125	4.2320E-02
0.25	20.375	3.8932E-02
0.25	20.625	3.8021E-02
0.25	20.875	3.6071E-02
0.25	21.125	3.4249E-02
0.25	21.375	3.1939E-02
0.25	21.625	3.2080E-02
0.25	21.875	2.9822E-02
0.25	22.125	2.7602E-02
0.25	22.375	2.6934E-02
0.25	22.625	2.4779E-02
0.25	22.875	2.3778E-02
0.25	23.125	2.3431E-02
0.25	23.375	2.2264E-02
0.25	23.625	2.1275E-02
0.25	23.875	2.0814E-02
0.25	24.125	1.9107E-02
0.25	24.375	1.8606E-02
0.25	24.625	1.7285E-02
0.25	24.875	1.6566E-02
0.75	0.125	9.0802E+00
0.75	0.375	2.3521E+01
0.75	0.625	3.5185E+01
0.75	0.875	4.3975E+01
0.75	1.125	4.9839E+01
0.75	1.375	5.3176E+01
0.75	1.625	5.4074E+01
0.75	1.875	5.2894E+01
0.75	2.125	5.0147E+01
0.75	2.375	4.6067E+01
0.75	2.625	4.1704E+01
0.75	2.875	3.6635E+01
0.75	3.125	3.1785E+01
0.75	3.375	2.7242E+01
0.75	3.625	2.3059E+01
0.75	3.875	1.9453E+01
0.75	4.125	1.6412E+01
0.75	4.375	1.3743E+01
0.75	4.625	1.1582E+01
0.75	4.875	9.8036E+00
0.75	5.125	8.2550E+00
0.75	5.375	6.9665E+00
0.75	5.625	6.0323E+00
0.75	5.875	5.2021E+00
0.75	6.125	4.4052E+00
0.75	6.375	3.8381E+00
0.75	6.625	3.3248E+00
0.75	6.875	2.9154E+00
0.75	7.125	2.5741E+00
0.75	7.375	2.2584E+00
0.75	7.625	1.9800E+00
0.75	7.875	1.7670E+00
0.75	8.125	1.5514E+00
0.75	8.375	1.3833E+00
0.75	8.625	1.2357E+00
0.75	8.875	1.1040E+00
0.75	9.125	9.8855E-01
0.75	9.375	9.0121E-01
0.75	9.625	8.0537E-01
0.75	9.875	7.2976E-01
0.75	10.125	6.5969E-01
0.75	10.375	6.0221E-01
0.75	10.625	5.4767E-01
0.75	10.875	4.9621E-01
0.75	11.125	4.5040E-01
0.75	11.375	4.1819E-01
0.75	11.625	3.8496E-01
0.75	11.875	3.5237E-01
0.75	12.125	3.2106E-01
0.75	12.375	2.9899E-01
0.75	12.625	2.7614E-01
0.75	12.875	2.5472E-01
0.75	13.125	2.3444E-01
0.75	13.375	2.2341E-01
0.75	13.625	2.0185E-01
0.75	13.875	1.8979E-01
0.75	14.125	1.7541E-01
0.75	14.375	1.6374E-01
0.75	14.625	1.5244E-01
0.75	14.875	1.4128E-01
0.75	15.125	1.3217E-01
0.75	15.375	1.2368E-01
0.75	15.625	1.1891E-01
0.75	15.875	1.1025E-01
0.75	16.125	1.0110E-01
0.75	16.375	9.8975E-02
0.75	16.625	9.0417E-02
0.75	16.875	8.3665E-02
0.75	17.125	7.6607E-02
0.75	17.375	7.2924E-02
0.75	17.625	7.0409E-02
0.75	17.875	6.6842E-02
0.75	18.125	6.2197E-02
0.75	18.375	5.9425E-02
0.75	18.625	5.5691E-02
0.75	18.875	5.3651E-02
0.75	19.125	4.9686E-02
0.75	19.375	4.8043E-02
0.75	19.625	4.4720E-02
0.75	19.875	4.3128E-02
0.75	20.125	4.0498E-02
0.75	20.375	3.8611E-02
0.75	20.625	3.6687E-02
0.75	20.875	3.4326E-02
0.75	21.125	3.2914E-02
0.75	21.375	3.1849E-02
0.75	21.625	2.9103E-02
0.75	21.875	2.8102E-02
0.75	22.125	2.6819E-02
0.75	22.375	2.5728E-02
0.75	22.625	2.4483E-02
0.75	22.875	2.3662E-02
0.75	23.125	2.2045E-02
0.75	23.375	2.1506E-02
0.75	23.625	2.0967E-02
0.75	23.875	1.9736E-02
0.75	24.125	1.8247E-02
0.75	24.375	1.7452E-02
0.75	24.625	1.6746E-02
0.75	24.875	1.5629E-02
1.25	0.125	8.9423E+00
1.25	0.375	2.3316E+01
1.25	0.625	3.4749E+01
1.25	0.875	4.3475E+01
1.25	1.125	5.0109E+01
1.25	1.375	5.2637E+01
1.25	1.625	5.3381E+01
1.25	1.875	5.1982E+01
1.25	2.125	4.9827E+01
1.25	2.375	4.5169E+01
1.25	2.625	4.0600E+01
1.25	2.875	3.5583E+01
1.25	3.125	3.0951E+01
1.25	3.375	2.6819E+01
1.25	3.625	2.2456E+01
1.25	3.875	1.8863E+01
1.25	4.125	1.5937E+01
1.25	4.375	1.3384E+01
1.25	4.625	1.1345E+01
1.25	4.875	9.5133E+00
1.25	5.125	7.9379E+00
1.25	5.375	6.8176E+00
1.25	5.625	5.7718E+00
1.25	5.875	4.9596E+00
1.25	6.125	4.2500E+00
1.25	6.375	3.7264E+00
1.25	6.625	3.1836E+00
1.25	6.875	2.7794E+00
1.25	7.125	2.4291E+00
1.25	7.375	2.1404E+00
1.25	7.625	1.8927E+00
1.25	7.875	1.6553E+00
1.25	8.125	1.4757E+00
1.25	8.375	1.3127E+00
1.25	8.625	1.1727E+00
1.25	8.875	1.0489E+00
1.25	9.125	9.3762E-01
1.25	9.375	8.5718E-01
1.25	9.625	7.6171E-01
1.25	9.875	6.9010E-01
1.25	10.125	6.2081E-01
1.25	10.375	5.6371E-01
1.25	10.625	5.2509E-01
1.25	10.875	4.7709E-01
1.25	11.125	4.3783E-01
1.25	11.375	3.9638E-01
1.25	11.625	3.6815E-01
1.25	11.875	3.3261E-01
1.25	12.125	2.9950E-01
1.25	12.375	2.7756E-01
1.25	12.625	2.5626E-01
1.25	12.875	2.3495E-01
1.25	13.125	2.2045E-01
1.25	13.375	2.0441E-01
1.25	13.625	1.9338E-01
1.25	13.875	1.7875E-01
1.25	14.125	1.6130E-01
1.25	14.375	1.5232E-01
1.25	14.625	1.4154E-01
1.25	14.875	1.3345E-01
1.25	15.125	1.2150E-01
1.25	15.375	1.1596E-01
1.25	15.625	1.0739E-01
1.25	15.875	1.0253E-01
1.25	16.125	9.5598E-02
1.25	16.375	8.9391E-02
1.25	16.625	8.2742E-02
1.25	16.875	7.6350E-02
1.25	17.125	7.2693E-02
1.25	17.375	7.0422E-02
1.25	17.625	6.6187E-02
1.25	17.875	6.2633E-02
1.25	18.125	5.8758E-02
1.25	18.375	5.5255E-02
1.25	18.625	5.0776E-02
1.25	18.875	4.7966E-02
1.25	19.125	4.6413E-02
1.25	19.375	4.2859E-02
1.25	19.625	4.2923E-02
1.25	19.875	3.9689E-02
1.25	20.125	3.7226E-02
1.25	20.375	3.6032E-02
1.25	20.625	3.3799E-02
1.25	20.875	3.1413E-02
1.25	21.125	3.0091E-02
1.25	21.375	2.9154E-02
1.25	21.625	2.7935E-02
1.25	21.875	2.5369E-02
1.25	22.125	2.4779E-02
1.25	22.375	2.3906E-02
1.25	22.625	2.3175E-02
1.25	22.875	2.1673E-02
1.25	23.125	2.0108E-02
1.25	23.375	1.9723E-02
1.25	23.625	1.8452E-02
1.25	23.875	1.8401E-02
1.25	24.125	1.7362E-02
1.25	24.375	1.6489E-02
1.25	24.625	1.5463E-02
1.25	24.875	1.4885E-02
1.75	0.125	9.1316E+00
1.75	0.375	2.3110E+01
1.75	0.625	3.4480E+01
1.75	0.875	4.2795E+01
1.75	1.125	4.8300E+01
1.75	1.375	5.1559E+01
1.75	1.625	5.2085E+01
1.75	1.875	5.0661E+01
1.75	2.125	4.7992E+01
1.75	2.375	4.3834E+01
1.75	2.625	3.9330E+01
1.75	2.875	3.4351E+01
1.75	3.125	2.9745E+01
1.75	3.375	2.5395E+01
1.75	3.625	2.1558E+01
1.75	3.875	1.8042E+01
1.75	4.125	1.5155E+01
1.75	4.375	1.2712E+01
1.75	4.625	1.0684E+01
1.75	4.875	8.9936E+00
1.75	5.125	7.5311E+00
1.75	5.375	6.3570E+00
1.75	5.625	5.4664E+00
1.75	5.875	4.6567E+00
1.75	6.125	3.9728E+00
1.75	6.375	3.4903E+00
1.75	6.625	3.0053E+00
1.75	6.875	2.5779E+00
1.75	7.125	2.2687E+00
1.75	7.375	1.9941E+00
1.75	7.625	1.7452E+00
1.75	7.875	1.5270E+00
1.75	8.125	1.4000E+00
1.75	8.375	1.2182E+00
1.75	8.625	1.0992E+00
1.75	8.875	9.6970E-01
1.75	9.125	8.6849E-01
1.75	9.375	7.7480E-01
1.75	9.625	7.1667E-01
1.75	9.875	6.2813E-01
1.75	10.125	5.7616E-01
1.75	10.375	5.2817E-01
1.75	10.625	4.7106E-01
1.75	10.875	4.3950E-01
1.75	11.125	3.9959E-01
1.75	11.375	3.6148E-01
1.75	11.625	3.3017E-01
1.75	11.875	3.0643E-01
1.75	12.125	2.7666E-01
1.75	12.375	2.5164E-01
1.75	12.625	2.3470E-01
1.75	12.875	2.1686E-01
1.75	13.125	2.0210E-01
1.75	13.375	1.8619E-01
1.75	13.625	1.6887E-01
1.75	13.875	1.5758E-01
1.75	14.125	1.5257E-01
1.75	14.375	1.3397E-01
1.75	14.625	1.2973E-01
1.75	14.875	1.2405E-01
1.75	15.125	1.1214E-01
1.75	15.375	1.0176E-01
1.75	15.625	9.6545E-02
1.75	15.875	8.9527E-02
1.75	16.125	8.5092E-02
1.75	16.375	7.7377E-02
1.75	16.625	7.5157E-02
1.75	16.875	7.2103E-02
1.75	17.125	6.5905E-02
1.75	17.375	6.2274E-02
1.75	17.625	5.6769E-02
1.75	17.875	5.5242E-02
1.75	18.125	5.1354E-02
1.75	18.375	4.8569E-02
1.75	18.625	4.5361E-02
1.75	18.875	4.4052E-02
1.75	19.125	4.1358E-02
1.75	19.375	3.9818E-02
1.75	19.625	3.6443E-02
1.75	19.875	3.4839E-02
1.75	20.125	3.3325E-02
1.75	20.375	3.1605E-02
1.75	20.625	3.0207E-02
1.75	20.875	2.8744E-02
1.75	21.125	2.6344E-02
1.75	21.375	2.5626E-02
1.75	21.625	2.3534E-02
1.75	21.875	2.2405E-02
1.75	22.125	2.1391E-02
1.75	22.375	2.1019E-02
1.75	22.625	2.0095E-02
1.75	22.875	1.9800E-02
1.75	23.125	1.8311E-02
1.75	23.375	1.6861E-02
1.75	23.625	1.6733E-02
1.75	23.875	1.5758E-02
1.75	24.125	1.5219E-02
1.75	24.375	1.4372E-02
1.75	24.625	1.3576E-02
1.75	24.875	1.3602E-02
2.25	0.125	8.7145E+00
2.25	0.375	2.2559E+01
2.25	0.625	3.3415E+01
2.25	0.875	4.1640E+01
2.25	1.125	4.7286E+01
2.25	1.375	4.9634E+01
2.25	1.625	5.0661E+01
2.25	1.875	4.8505E+01
2.25	2.125	4.5759E+01
2.25	2.375	4.2140E+01
2.25	2.625	3.7585E+01
2.25	2.875	3.2619E+01
2.25	3.125	2.8218E+01
2.25	3.375	2.3932E+01
2.25	3.625	2.0210E+01
2.25	3.875	1.6925E+01
2.25	4.125	1.4205E+01
2.25	4.375	1.1801E+01
2.25	4.625	1.0050E+01
2.25	4.875	8.2742E+00
2.25	5.125	7.0204E+00
2.25	5.375	5.8937E+00
2.25	5.625	4.9724E+00
2.25	5.875	4.2410E+00
2.25	6.125	3.6122E+00
2.25	6.375	3.1118E+00
2.25	6.625	2.7422E+00
2.25	6.875	2.3213E+00
2.25	7.125	2.0531E+00
2.25	7.375	1.7952E+00
2.25	7.625	1.5925E+00
2.25	7.875	1.3846E+00
2.25	8.125	1.2067E+00
2.25	8.375	1.0869E+00
2.25	8.625	9.5895E-01
2.25	8.875	8.5670E-01
2.25	9.125	7.8224E-01
2.25	9.375	7.3989E-01
2.25	9.625	6.4827E-01
2.25	9.875	5.6961E-01
2.25	10.125	5.0994E-01
2.25	10.375	4.5823E-01
2.25	10.625	4.1781E-01
2.25	10.875	3.8111E-01
2.25	11.125	3.4685E-01
2.25	11.375	3.1900E-01
2.25	11.625	2.8692E-01
2.25	11.875	2.6254E-01
2.25	12.125	2.4625E-01
2.25	12.375	2.2507E-01
2.25	12.625	2.0916E-01
2.25	12.875	1.9004E-01
2.25	13.125	1.7002E-01
2.25	13.375	1.6066E-01
2.25	13.625	1.5116E-01
2.25	13.875	1.4128E-01
2.25	14.125	1.2510E-01
2.25	14.375	1.1673E-01
2.25	14.625	1.0937E-01
2.25	14.875	1.0405E-01
2.25	15.125	9.5518E-02
2.25	15.375	8.8172E-02
2.25	15.625	8.3103E-02
2.25	15.875	7.6492E-02
2.25	16.125	7.2860E-02
2.25	16.375	6.7612E-02
2.25	16.625	6.2222E-02
2.25	16.875	5.7744E-02
2.25	17.125	5.6615E-02
2.25	17.375	5.2688E-02
2.25	17.625	4.9711E-02
2.25	17.875	4.6593E-02
2.25	18.125	4.4258E-02
2.25	18.375	4.1281E-02
2.25	18.625	3.8316E-02
2.25	18.875	3.6443E-02
2.25	19.125	3.4788E-02
2.25	19.375	3.2157E-02
2.25	19.625	3.0989E-02
2.25	19.875	2.9090E-02
2.25	20.125	2.7140E-02
2.25	20.375	2.6395E-02
2.25	20.625	2.4175E-02
2.25	20.875	2.3714E-02
2.25	21.125	2.2623E-02
2.25	21.375	2.0993E-02
2.25	21.625	2.0326E-02
2.25	21.875	1.9043E-02
2.25	22.125	1.8440E-02
2.25	22.375	1.7567E-02
2.25	22.625	1.6130E-02
2.25	22.875	1.5758E-02
2.25	23.125	1.4795E-02
2.25	23.375	1.4192E-02
2.25	23.625	1.3551E-02
2.25	23.875	1.2413E-02
2.25	24.125	1.1919E-02
2.25	24.375	1.1767E-02
2.25	24.625	1.1283E-02
2.25	24.875	1.0839E-02
2.75	0.125	8.3817E+00
2.75	0.375	2.1968E+01
2.75	0.625	3.2003E+01
2.75	0.875	4.0203E+01
2.75	1.125	4.5079E+01
2.75	1.375	4.7786E+01
2.75	1.625	4.8171E+01
2.75	1.875	4.6683E+01
2.75	2.125	4.3642E+01
2.75	2.375	3.9754E+01
2.75	2.625	3.5147E+01
2.75	2.875	3.0566E+01
2.75	3.125	2.6075E+01
2.75	3.375	2.2148E+01
2.75	3.625	1.9030E+01
2.75	3.875	1.5604E+01
2.75	4.125	1.2896E+01
2.75	4.375	1.0790E+01
2.75	4.625	8.9054E+00
2.75	4.875	7.4361E+00
2.75	5.125	6.2518E+00
2.75	5.375	5.1777E+00
2.75	5.625	4.4809E+00
2.75	5.875	3.8239E+00
2.75	6.125	3.2362E+00
2.75	6.375	2.7422E+00
2.75	6.625	2.3996E+00
2.75	6.875	2.0364E+00
2.75	7.125	1.7721E+00
2.75	7.375	1.5604E+00
2.75	7.625	1.3987E+00
2.75	7.875	1.2409E+00
2.75	8.125	1.0655E+00
2.75	8.375	9.5831E-01
2.75	8.625	8.3280E-01
2.75	8.875	7.3822E-01
2.75	9.125	6.6072E-01
2.75	9.375	5.9233E-01
2.75	9.625	5.3266E-01
2.75	9.875	4.7786E-01
2.75	10.125	4.3449E-01
2.75	10.375	4.0164E-01
2.75	10.625	3.5750E-01
2.75	10.875	3.1798E-01
2.75	11.125	2.9206E-01
2.75	11.375	2.6421E-01
2.75	11.625	2.4098E-01
2.75	11.875	2.2430E-01
2.75	12.125	2.0300E-01
2.75	12.375	1.8568E-01
2.75	12.625	1.7156E-01
2.75	12.875	1.5488E-01
2.75	13.125	1.4282E-01
2.75	13.375	1.3268E-01
2.75	13.625	1.2094E-01
2.75	13.875	1.1380E-01
2.75	14.125	1.0421E-01
2.75	14.375	9.7523E-02
2.75	14.625	8.8821E-02
2.75	14.875	8.3456E-02
2.75	15.125	7.7839E-02
2.75	15.375	7.2591E-02
2.75	15.625	6.8343E-02
2.75	15.875	6.2505E-02
2.75	16.125	5.7808E-02
2.75	16.375	5.4254E-02
2.75	16.625	5.0122E-02
2.75	16.875	4.7671E-02
2.75	17.125	4.4027E-02
2.75	17.375	4.1601E-02
2.75	17.625	3.8137E-02
2.75	17.875	3.6340E-02
2.75	18.125	3.4467E-02
2.75	18.375	3.2670E-02
2.75	18.625	3.0694E-02
2.75	18.875	2.8474E-02
2.75	19.125	2.6768E-02
2.75	19.375	2.5395E-02
2.75	19.625	2.3855E-02
2.75	19.875	2.2790E-02
2.75	20.125	2.1917E-02
2.75	20.375	2.0801E-02
2.75	20.625	1.8440E-02
2.75	20.875	1.8260E-02
2.75	21.125	1.7439E-02
2.75	21.375	1.6245E-02
2.75	21.625	1.6181E-02
2.75	21.875	1.4436E-02
2.75	22.125	1.4128E-02
2.75	22.375	1.2858E-02
2.75	22.625	1.2655E-02
2.75	22.875	1.2205E-02
2.75	23.125	1.1769E-02
2.75	23.375	1.0436E-02
2.75	23.625	1.0213E-02
2.75	23.875	1.0264E-02
2.75	24.125	9.2519E-03
2.75	24.375	9.3505E-03
2.75	24.625	8.4836E-03
2.75	24.875	7.7287E-03
3.25	0.125	7.8763E+00
3.25	0.375	2.0929E+01
3.25	0.625	3.0874E+01
3.25	0.875	3.8534E+01
3.25	1.125	4.2769E+01
3.25	1.375	4.5079E+01
3.25	1.625	4.5079E+01
3.25	1.875	4.3282E+01
3.25	2.125	4.0382E+01
3.25	2.375	3.6533E+01
3.25	2.625	3.2234E+01
3.25	2.875	2.7948E+01
3.25	3.125	2.3739E+01
3.25	3.375	2.0095E+01
3.25	3.625	1.6682E+01
3.25	3.875	1.3717E+01
3.25	4.125	1.1396E+01
3.25	4.375	1.0236E+01
3.25	4.625	7.8250E+00
3.25	4.875	6.5674E+00
3.25	5.125	5.5203E+00
3.25	5.375	4.5708E+00
3.25	5.625	3.7546E+00
3.25	5.875	3.2106E+00
3.25	6.125	2.7306E+00
3.25	6.375	2.3329E+00
3.25	6.625	2.0300E+00
3.25	6.875	1.7028E+00
3.25	7.125	1.5103E+00
3.25	7.375	1.2896E+00
3.25	7.625	1.1100E+00
3.25	7.875	9.9817E-01
3.25	8.125	8.7602E-01
3.25	8.375	7.6941E-01
3.25	8.625	6.7522E-01
3.25	8.875	6.0747E-01
3.25	9.125	5.2470E-01
3.25	9.375	4.6452E-01
3.25	9.625	4.1819E-01
3.25	9.875	3.7418E-01
3.25	10.125	3.5070E-01
3.25	10.375	3.0553E-01
3.25	10.625	2.7999E-01
3.25	10.875	2.4881E-01
3.25	11.125	2.2828E-01
3.25	11.375	2.0775E-01
3.25	11.625	1.9068E-01
3.25	11.875	1.7221E-01
3.25	12.125	1.5578E-01
3.25	12.375	1.4770E-01
3.25	12.625	1.2922E-01
3.25	12.875	1.1765E-01
3.25	13.125	1.1074E-01
3.25	13.375	9.9512E-02
3.25	13.625	9.1155E-02
3.25	13.875	8.5822E-02
3.25	14.125	8.2462E-02
3.25	14.375	7.2372E-02
3.25	14.625	6.8074E-02
3.25	14.875	6.1568E-02
3.25	15.125	5.8039E-02
3.25	15.375	5.3728E-02
3.25	15.625	5.0186E-02
3.25	15.875	4.6503E-02
3.25	16.125	4.3141E-02
3.25	16.375	4.0408E-02
3.25	16.625	3.7534E-02
3.25	16.875	3.4018E-02
3.25	17.125	3.2080E-02
3.25	17.375	2.9860E-02
3.25	17.625	2.7974E-02
3.25	17.875	2.6203E-02
3.25	18.125	2.4689E-02
3.25	18.375	2.3868E-02
3.25	18.625	2.2571E-02
3.25	18.875	2.0326E-02
3.25	19.125	1.9286E-02
3.25	19.375	1.9030E-02
3.25	19.625	1.7836E-02
3.25	19.875	1.6643E-02
3.25	20.125	1.5116E-02
3.25	20.375	1.4333E-02
3.25	20.625	1.3525E-02
3.25	20.875	1.2778E-02
3.25	21.125	1.2380E-02
3.25	21.375	1.1318E-02
3.25	21.625	1.0601E-02
3.25	21.875	1.0332E-02
3.25	22.125	9.3505E-03
3.25	22.375	8.9271E-03
3.25	22.625	8.5998E-03
3.25	22.875	8.5116E-03
3.25	23.125	8.0890E-03
3.25	23.375	7.4785E-03
3.25	23.625	7.0268E-03
3.25	23.875	6.5956E-03
3.25	24.125	6.0516E-03
3.25	24.375	6.3069E-03
3.25	24.625	5.7590E-03
3.25	24.875	5.3509E-03
3.75	0.125	7.4862E+00
3.75	0.375	1.9556E+01
3.75	0.625	3.0579E+01
3.75	0.875	3.6186E+01
3.75	1.125	4.0690E+01
3.75	1.375	4.2063E+01
3.75	1.625	4.1614E+01
3.75	1.875	3.9510E+01
3.75	2.125	3.6751E+01
3.75	2.375	3.2670E+01
3.75	2.625	2.8513E+01
3.75	2.875	2.5189E+01
3.75	3.125	2.3303E+01
3.75	3.375	1.9787E+01
3.75	3.625	1.5629E+01
3.75	3.875	1.1690E+01
3.75	4.125	9.6970E+00
3.75	4.375	7.9238E+00
3.75	4.625	6.5584E+00
3.75	4.875	5.4395E+00
3.75	5.125	4.4424E+00
3.75	5.375	3.7033E+00
3.75	5.625	3.0733E+00
3.75	5.875	2.6549E+00
3.75	6.125	2.2341E+00
3.75	6.375	1.8696E+00
3.75	6.625	1.5937E+00
3.75	6.875	1.3384E+00
3.75	7.125	1.1643E+00
3.75	7.375	1.0116E+00
3.75	7.625	8.9632E-01
3.75	7.875	7.5478E-01
3.75	8.125	6.5944E-01
3.75	8.375	5.8386E-01
3.75	8.625	5.2021E-01
3.75	8.875	4.4732E-01
3.75	9.125	3.9754E-01
3.75	9.375	3.5429E-01
3.75	9.625	3.1413E-01
3.75	9.875	2.8218E-01
3.75	10.125	2.4637E-01
3.75	10.375	2.2841E-01
3.75	10.625	2.0172E-01
3.75	10.875	1.7875E-01
3.75	11.125	1.6463E-01
3.75	11.375	1.4693E-01
3.75	11.625	1.3615E-01
3.75	11.875	1.2279E-01
3.75	12.125	1.1006E-01
3.75	12.375	1.0035E-01
3.75	12.625	9.3561E-02
3.75	12.875	8.2911E-02
3.75	13.125	7.6671E-02
3.75	13.375	7.1372E-02
3.75	13.625	6.6457E-02
3.75	13.875	5.8360E-02
3.75	14.125	5.3368E-02
3.75	14.375	4.7992E-02
3.75	14.625	4.5412E-02
3.75	14.875	4.2217E-02
3.75	15.125	3.8945E-02
3.75	15.375	3.5917E-02
3.75	15.625	3.2632E-02
3.75	15.875	3.0656E-02
3.75	16.125	2.9629E-02
3.75	16.375	2.6472E-02
3.75	16.625	2.4612E-02
3.75	16.875	2.2405E-02
3.75	17.125	2.1160E-02
3.75	17.375	1.9736E-02
3.75	17.625	1.7144E-02
3.75	17.875	1.6643E-02
3.75	18.125	1.6258E-02
3.75	18.375	1.4705E-02
3.75	18.625	1.3461E-02
3.75	18.875	1.2555E-02
3.75	19.125	1.2216E-02
3.75	19.375	1.1360E-02
3.75	19.625	1.0437E-02
3.75	19.875	1.0046E-02
3.75	20.125	9.4845E-03
3.75	20.375	9.3978E-03
3.75	20.625	8.0505E-03
3.75	20.875	7.8160E-03
3.75	21.125	6.8433E-03
3.75	21.375	6.9421E-03
3.75	21.625	6.3634E-03
3.75	21.875	5.9951E-03
3.75	22.125	5.9053E-03
3.75	22.375	5.4190E-03
3.75	22.625	5.1739E-03
3.75	22.875	5.0558E-03
3.75	23.125	4.5348E-03
3.75	23.375	4.2923E-03
3.75	23.625	4.3526E-03
3.75	23.875	3.8342E-03
3.75	24.125	3.7675E-03
3.75	24.375	3.3286E-03
3.75	24.625	3.2388E-03
3.75	24.875	2.9526E-03
4.25	0.125	6.7727E+00
4.25	0.375	1.7772E+01
4.25	0.625	2.6768E+01
4.25	0.875	3.2452E+01
4.25	1.125	3.6302E+01
4.25	1.375	3.7919E+01
4.25	1.625	3.6700E+01
4.25	1.875	3.5224E+01
4.25	2.125	3.1836E+01
4.25	2.375	2.8166E+01
4.25	2.625	2.4535E+01
4.25	2.875	2.0685E+01
4.25	3.125	1.7426E+01
4.25	3.375	1.4564E+01
4.25	3.625	1.2067E+01
4.25	3.875	9.6649E+00
4.25	4.125	7.9135E+00
4.25	4.375	6.4288E+00
4.25	4.625	5.1764E+00
4.25	4.875	4.2063E+00
4.25	5.125	3.4518E+00
4.25	5.375	2.8397E+00
4.25	5.625	2.4047E+00
4.25	5.875	1.9710E+00
4.25	6.125	1.6220E+00
4.25	6.375	1.3435E+00
4.25	6.625	1.1489E+00
4.25	6.875	9.8502E-01
4.25	7.125	8.3087E-01
4.25	7.375	7.0627E-01
4.25	7.625	6.2838E-01
4.25	7.875	5.3201E-01
4.25	8.125	4.6593E-01
4.25	8.375	3.9664E-01
4.25	8.625	3.4839E-01
4.25	8.875	3.0656E-01
4.25	9.125	2.7460E-01
4.25	9.375	2.3264E-01
4.25	9.625	2.0531E-01
4.25	9.875	1.8683E-01
4.25	10.125	1.7298E-01
4.25	10.375	1.5373E-01
4.25	10.625	1.3063E-01
4.25	10.875	1.1701E-01
4.25	11.125	1.0545E-01
4.25	11.375	9.2222E-02
4.25	11.625	8.5204E-02
4.25	11.875	7.6158E-02
4.25	12.125	6.7188E-02
4.25	12.375	6.3364E-02
4.25	12.625	5.2829E-02
4.25	12.875	5.0173E-02
4.25	13.125	4.6657E-02
4.25	13.375	4.2512E-02
4.25	13.625	3.8291E-02
4.25	13.875	3.6481E-02
4.25	14.125	3.0386E-02
4.25	14.375	2.9231E-02
4.25	14.625	2.5959E-02
4.25	14.875	2.4291E-02
4.25	15.125	2.2058E-02
4.25	15.375	1.9787E-02
4.25	15.625	1.8414E-02
4.25	15.875	1.8298E-02
4.25	16.125	1.5860E-02
4.25	16.375	1.4423E-02
4.25	16.625	1.3666E-02
4.25	16.875	1.1799E-02
4.25	17.125	1.1311E-02
4.25	17.375	1.0377E-02
4.25	17.625	9.7090E-03
4.25	17.875	8.7217E-03
4.25	18.125	8.2654E-03
4.25	18.375	8.0729E-03
4.25	18.625	7.0781E-03
4.25	18.875	6.7971E-03
4.25	19.125	6.2441E-03
4.25	19.375	5.8848E-03
4.25	19.625	5.4164E-03
4.25	19.875	5.4061E-03
4.25	20.125	4.7016E-03
4.25	20.375	4.2705E-03
4.25	20.625	4.0536E-03
4.25	20.875	3.7726E-03
4.25	21.125	3.4210E-03
4.25	21.375	3.4120E-03
4.25	21.625	3.1888E-03
4.25	21.875	2.8372E-03
4.25	22.125	2.7191E-03
4.25	22.375	2.5253E-03
4.25	22.625	2.4278E-03
4.25	22.875	2.2738E-03
4.25	23.125	2.0826E-03
4.25	23.375	2.1789E-03
4.25	23.625	1.9274E-03
4.25	23.875	1.6900E-03
4.25	24.125	1.5745E-03
4.25	24.375	1.5771E-03
4.25	24.625	1.4526E-03
4.25	24.875	1.3178E-03
4.75	0.125	5.7487E+00
4.75	0.375	1.5604E+01
4.75	0.625	2.3200E+01
4.75	0.875	2.8487E+01
4.75	1.125	3.1349E+01
4.75	1.375	3.2247E+01
4.75	1.625	3.1451E+01
4.75	1.875	2.9283E+01
4.75	2.125	2.6575E+01
4.75	2.375	2.3367E+01
4.75	2.625	2.0133E+01
4.75	2.875	1.6617E+01
4.75	3.125	1.4077E+01
4.75	3.375	1.1177E+01
4.75	3.625	8.9375E+00
4.75	3.875	7.1769E+00
4.75	4.125	5.8758E+00
4.75	4.375	4.7055E+00
4.75	4.625	3.6982E+00
4.75	4.875	2.9809E+00
4.75	5.125	2.4009E+00
4.75	5.375	1.9492E+00
4.75	5.625	1.5886E+00
4.75	5.875	1.3191E+00
4.75	6.125	1.0937E+00
4.75	6.375	8.9840E-01
4.75	6.625	7.4413E-01
4.75	6.875	6.3390E-01
4.75	7.125	5.1431E-01
4.75	7.375	4.4527E-01
4.75	7.625	3.7200E-01
4.75	7.875	3.2003E-01
4.75	8.125	2.7961E-01
4.75	8.375	2.3624E-01
4.75	8.625	2.1288E-01
4.75	8.875	1.7734E-01
4.75	9.125	1.5360E-01
4.75	9.375	1.2986E-01
4.75	9.625	1.1746E-01
4.75	9.875	1.0409E-01
4.75	10.125	9.3184E-02
4.75	10.375	7.9931E-02
4.75	10.625	7.0371E-02
4.75	10.875	6.2376E-02
4.75	11.125	5.2970E-02
4.75	11.375	4.7825E-02
4.75	11.625	4.2589E-02
4.75	11.875	3.8085E-02
4.75	12.125	3.5737E-02
4.75	12.375	3.0912E-02
4.75	12.625	2.6870E-02
4.75	12.875	2.5022E-02
4.75	13.125	2.2302E-02
4.75	13.375	2.0210E-02
4.75	13.625	1.7670E-02
4.75	13.875	1.6232E-02
4.75	14.125	1.4398E-02
4.75	14.375	1.3512E-02
4.75	14.625	1.1932E-02
4.75	14.875	1.0565E-02
4.75	15.125	1.0298E-02
4.75	15.375	8.6728E-03
4.75	15.625	8.2109E-03
4.75	15.875	7.2680E-03
4.75	16.125	6.6367E-03
4.75	16.375	6.0221E-03
4.75	16.625	5.4947E-03
4.75	16.875	4.9583E-03
4.75	17.125	4.4501E-03
4.75	17.375	3.9561E-03
4.75	17.625	3.8637E-03
4.75	17.875	3.5917E-03
4.75	18.125	3.2183E-03
4.75	18.375	2.8282E-03
4.75	18.625	2.8923E-03
4.75	18.875	2.6421E-03
4.75	19.125	2.1288E-03
4.75	19.375	2.0429E-03
4.75	19.625	1.9068E-03
4.75	19.875	1.8953E-03
4.75	20.125	1.6669E-03
4.75	20.375	1.5604E-03
4.75	20.625	1.3512E-03
4.75	20.875	1.3332E-03
4.75	21.125	1.2883E-03
4.75	21.375	1.0916E-03
4.75	21.625	1.0984E-03
4.75	21.875	9.3569E-04
4.75	22.125	8.4114E-04
4.75	22.375	7.8942E-04
4.75	22.625	7.8301E-04
4.75	22.875	6.8754E-04
4.75	23.125	6.5289E-04
4.75	23.375	6.4635E-04
4.75	23.625	5.2958E-04
4.75	23.875	5.0070E-04
4.75	24.125	4.3847E-04
4.75	24.375	4.3552E-04
4.75	24.625	4.0831E-04
4.75	24.875	3.6250E-04
5.25	0.125	4.8710E+00
5.25	0.375	1.2935E+01
5.25	0.625	1.9261E+01
5.25	0.875	2.3149E+01
5.25	1.125	2.5266E+01
5.25	1.375	2.5869E+01
5.25	1.625	2.4881E+01
5.25	1.875	2.3110E+01
5.25	2.125	2.0698E+01
5.25	2.375	1.7901E+01
5.25	2.625	1.5270E+01
5.25	2.875	1.2167E+01
5.25	3.125	9.9063E+00
5.25	3.375	7.9969E+00
5.25	3.625	6.2402E+00
5.25	3.875	4.8890E+00
5.25	4.125	3.8073E+00
5.25	4.375	2.9603E+00
5.25	4.625	2.3290E+00
5.25	4.875	1.8683E+00
5.25	5.125	1.4847E+00
5.25	5.375	1.1842E+00
5.25	5.625	9.5382E-01
5.25	5.875	7.5709E-01
5.25	6.125	6.0567E-01
5.25	6.375	5.0648E-01
5.25	6.625	4.0062E-01
5.25	6.875	3.4159E-01
5.25	7.125	2.7935E-01
5.25	7.375	2.2636E-01
5.25	7.625	1.8914E-01
5.25	7.875	1.6386E-01
5.25	8.125	1.3615E-01
5.25	8.375	1.1461E-01
5.25	8.625	9.7996E-02
5.25	8.875	8.3304E-02
5.25	9.125	6.8792E-02
5.25	9.375	5.9451E-02
5.25	9.625	5.1803E-02
5.25	9.875	4.2423E-02
5.25	10.125	3.8073E-02
5.25	10.375	3.1900E-02
5.25	10.625	2.8153E-02
5.25	10.875	2.4496E-02
5.25	11.125	2.1712E-02
5.25	11.375	1.9081E-02
5.25	11.625	1.6925E-02
5.25	11.875	1.4423E-02
5.25	12.125	1.2764E-02
5.25	12.375	1.0453E-02
5.25	12.625	9.6280E-03
5.25	12.875	8.4330E-03
5.25	13.125	7.4220E-03
5.25	13.375	6.4506E-03
5.25	13.625	5.6948E-03
5.25	13.875	5.1315E-03
5.25	14.125	4.3180E-03
5.25	14.375	3.9035E-03
5.25	14.625	3.5173E-03
5.25	14.875	3.2632E-03
5.25	15.125	2.9886E-03
5.25	15.375	2.4676E-03
5.25	15.625	2.1468E-03
5.25	15.875	2.0672E-03
5.25	16.125	1.8029E-03
5.25	16.375	1.6386E-03
5.25	16.625	1.3551E-03
5.25	16.875	1.2227E-03
5.25	17.125	1.0928E-03
5.25	17.375	1.0197E-03
5.25	17.625	9.5663E-04
5.25	17.875	8.7835E-04
5.25	18.125	7.0910E-04
5.25	18.375	6.8446E-04
5.25	18.625	6.0644E-04
5.25	18.875	5.0969E-04
5.25	19.125	4.6837E-04
5.25	19.375	4.1306E-04
5.25	19.625	3.8753E-04
5.25	19.875	3.5224E-04
5.25	20.125	3.2054E-04
5.25	20.375	2.8307E-04
5.25	20.625	2.7974E-04
5.25	20.875	2.5882E-04
5.25	21.125	2.3688E-04
5.25	21.375	2.1314E-04
5.25	21.625	1.9851E-04
5.25	21.875	1.7580E-04
5.25	22.125	1.4962E-04
5.25	22.375	1.2321E-04
5.25	22.625	1.2465E-04
5.25	22.875	1.0772E-04
5.25	23.125	1.0309E-04
5.25	23.375	8.3384E-05
5.25	23.625	7.7954E-05
5.25	23.875	7.8185E-05
5.25	24.125	6.3852E-05
5.25	24.375	5.3625E-05
5.25	24.625	5.5614E-05
5.25	24.875	4.5554E-05
5.75	0.125	3.7880E+00
5.75	0.375	9.9103E+00
5.75	0.625	1.4372E+01
5.75	0.875	1.7593E+01
5.75	1.125	1.8889E+01
5.75	1.375	1.9004E+01
5.75	1.625	1.8003E+01
5.75	1.875	1.6143E+01
5.75	2.125	1.4090E+01
5.75	2.375	1.2175E+01
5.75	2.625	9.9296E+00
5.75	2.875	7.8711E+00
5.75	3.125	6.9383E+00
5.75	3.375	4.7940E+00
5.75	3.625	3.8252E+00
5.75	3.875	2.8320E+00
5.75	4.125	2.1275E+00
5.75	4.375	1.6579E+00
5.75	4.625	1.2289E+00
5.75	4.875	9.2310E-01
5.75	5.125	7.3553E-01
5.75	5.375	5.5819E-01
5.75	5.625	4.2217E-01
5.75	5.875	3.3338E-01
5.75	6.125	2.6318E-01
5.75	6.375	2.0672E-01
5.75	6.625	1.6002E-01
5.75	6.875	1.2870E-01
5.75	7.125	1.0240E-01
5.75	7.375	8.3841E-02
5.75	7.625	6.6919E-02
5.75	7.875	5.3638E-02
5.75	8.125	4.7055E-02
5.75	8.375	3.6956E-02
5.75	8.625	2.9642E-02
5.75	8.875	2.5022E-02
5.75	9.125	2.0608E-02
5.75	9.375	1.6707E-02
5.75	9.625	1.4025E-02
5.75	9.875	1.1853E-02
5.75	10.125	9.5871E-03
5.75	10.375	8.1178E-03
5.75	10.625	7.1654E-03
5.75	10.875	5.7667E-03
5.75	11.125	5.0070E-03
5.75	11.375	4.2718E-03
5.75	11.625	3.6866E-03
5.75	11.875	2.8615E-03
5.75	12.125	2.4637E-03
5.75	12.375	2.0287E-03
5.75	12.625	1.7452E-03
5.75	12.875	1.4949E-03
5.75	13.125	1.2883E-03
5.75	13.375	1.2208E-03
5.75	13.625	9.4652E-04
5.75	13.875	7.8108E-04
5.75	14.125	7.2077E-04
5.75	14.375	6.0118E-04
5.75	14.625	4.7786E-04
5.75	14.875	4.2666E-04
5.75	15.125	3.7328E-04
5.75	15.375	3.0040E-04
5.75	15.625	2.5241E-04
5.75	15.875	2.4073E-04
5.75	16.125	1.9556E-04
5.75	16.375	1.7811E-04
5.75	16.625	1.3846E-04
5.75	16.875	1.2522E-04
5.75	17.125	1.0476E-04
5.75	17.375	8.7338E-05
5.75	17.625	8.6728E-05
5.75	17.875	6.8844E-05
5.75	18.125	5.7231E-05
5.75	18.375	4.9416E-05
5.75	18.625	4.5682E-05
5.75	18.875	4.2281E-05
5.75	19.125	3.3222E-05
5.75	19.375	3.0745E-05
5.75	19.625	2.3534E-05
5.75	19.875	2.1006E-05
5.75	20.125	1.7721E-05
5.75	20.375	1.7169E-05
5.75	20.625	1.3037E-05
5.75	20.875	1.1450E-05
5.75	21.125	1.0732E-05
5.75	21.375	9.0786E-06
5.75	21.625	8.0368E-06
5.75	21.875	6.7856E-06
5.75	22.125	5.0430E-06
5.75	22.375	4.7389E-06
5.75	22.625	3.8483E-06
5.75	22.875	3.8432E-06
5.75	23.125	3.2927E-06
5.75	23.375	3.1926E-06
5.75	23.625	2.4483E-06
5.75	23.875	1.8594E-06
5.75	24.125	1.6091E-06
5.75	24.375	1.6528E-06
5.75	24.625	1.4513E-06
5.75	24.875	1.0501E-06
6.25	0.125	2.4817E+00
6.25	0.375	6.3891E+00
6.25	0.625	9.4973E+00
6.25	0.875	1.1450E+01
6.25	1.125	1.2622E+01
6.25	1.375	1.2025E+01
6.25	1.625	1.1020E+01
6.25	1.875	9.9857E+00
6.25	2.125	8.3232E+00
6.25	2.375	6.7406E+00
6.25	2.625	5.4972E+00
6.25	2.875	4.2050E+00
6.25	3.125	3.1297E+00
6.25	3.375	2.4111E+00
6.25	3.625	1.6861E+00
6.25	3.875	1.2573E+00
6.25	4.125	9.0145E-01
6.25	4.375	6.5315E-01
6.25	4.625	4.7145E-01
6.25	4.875	3.3722E-01
6.25	5.125	2.3803E-01
6.25	5.375	1.7888E-01
6.25	5.625	1.4102E-01
6.25	5.875	9.7884E-02
6.25	6.125	7.1256E-02
6.25	6.375	5.2521E-02
6.25	6.625	4.0960E-02
6.25	6.875	2.9591E-02
6.25	7.125	2.2392E-02
6.25	7.375	1.7362E-02
6.25	7.625	1.3178E-02
6.25	7.875	1.0073E-02
6.25	8.125	7.7903E-03
6.25	8.375	5.9322E-03
6.25	8.625	4.7735E-03
6.25	8.875	3.6109E-03
6.25	9.125	2.7833E-03
6.25	9.375	2.1712E-03
6.25	9.625	1.6810E-03
6.25	9.875	1.4013E-03
6.25	10.125	1.0533E-03
6.25	10.375	8.1563E-04
6.25	10.625	6.5649E-04
6.25	10.875	4.7863E-04
6.25	11.125	4.0665E-04
6.25	11.375	3.1182E-04
6.25	11.625	2.5330E-04
6.25	11.875	1.8786E-04
6.25	12.125	1.5090E-04
6.25	12.375	1.0858E-04
6.25	12.625	1.0567E-04
6.25	12.875	7.1872E-05
6.25	13.125	5.2432E-05
6.25	13.375	4.8261E-05
6.25	13.625	3.2734E-05
6.25	13.875	2.9180E-05
6.25	14.125	2.2225E-05
6.25	14.375	2.0287E-05
6.25	14.625	1.3666E-05
6.25	14.875	1.3435E-05
6.25	15.125	8.9888E-06
6.25	15.375	6.1542E-06
6.25	15.625	4.5412E-06
6.25	15.875	3.9458E-06
6.25	16.125	3.3299E-06
6.25	16.375	2.4522E-06
6.25	16.625	1.8260E-06
6.25	16.875	1.4449E-06
6.25	17.125	1.1018E-06
6.25	17.375	8.5798E-07
6.25	17.625	6.0233E-07
6.25	17.875	5.3805E-07
6.25	18.125	4.0344E-07
6.25	18.375	3.4377E-07
6.25	18.625	2.7871E-07
6.25	18.875	2.0236E-07
6.25	19.125	1.3833E-07
6.25	19.375	1.0723E-07
6.25	19.625	7.9635E-08
6.25	19.875	7.2552E-08
6.25	20.125	5.1533E-08
6.25	20.375	3.2670E-08
6.25	20.625	2.4740E-08
6.25	20.875	1.6977E-08
6.25	21.125	1.3384E-08
6.25	21.375	7.0756E-09
6.25	21.625	6.3493E-09
6.25	21.875	5.5845E-09
6.25	22.125	3.7598E-09
6.25	22.375	2.4548E-09
6.25	22.625	2.1519E-09
6.25	22.875	1.5475E-09
6.25	23.125	1.4064E-09
6.25	23.375	6.7689E-10
6.25	23.625	4.2743E-10
6.25	23.875	2.5998E-10
6.25	24.125	2.1994E-10
6.25	24.375	1.4013E-10
6.25	24.625	8.5694E-11
6.25	24.875	7.9623E-11
6.75	0.125	1.4269E+00
6.75	0.375	3.7495E+00
6.75	0.625	5.3663E+00
6.75	0.875	5.9079E+00
6.75	1.125	6.2235E+00
6.75	1.375	5.9733E+00
6.75	1.625	5.5242E+00
6.75	1.875	4.5335E+00
6.75	2.125	3.7970E+00
6.75	2.375	2.9129E+00
6.75	2.625	2.2148E+00
6.75	2.875	1.5976E+00
6.75	3.125	1.0445E+00
6.75	3.375	7.9802E-01
6.75	3.625	5.3920E-01
6.75	3.875	3.7238E-01
6.75	4.125	2.3431E-01
6.75	4.375	1.5309E-01
6.75	4.625	1.0090E-01
6.75	4.875	6.6457E-02
6.75	5.125	4.1499E-02
6.75	5.375	2.8564E-02
6.75	5.625	1.9056E-02
6.75	5.875	1.2291E-02
6.75	6.125	8.3576E-03
6.75	6.375	6.3210E-03
6.75	6.625	3.5480E-03
6.75	6.875	2.4997E-03
6.75	7.125	2.1994E-03
6.75	7.375	1.1396E-03
6.75	7.625	7.5260E-04
6.75	7.875	5.2239E-04
6.75	8.125	3.4043E-04
6.75	8.375	2.2802E-04
6.75	8.625	1.5527E-04
6.75	8.875	1.1194E-04
6.75	9.125	7.0230E-05
6.75	9.375	4.5489E-05
6.75	9.625	3.4223E-05
6.75	9.875	2.0056E-05
6.75	10.125	1.3166E-05
6.75	10.375	1.0110E-05
6.75	10.625	5.7872E-06
6.75	10.875	4.3321E-06
6.75	11.125	2.7871E-06
6.75	11.375	1.5463E-06
6.75	11.625	9.9063E-07
6.75	11.875	5.5101E-07
6.75	12.125	4.0742E-07
6.75	12.375	2.5382E-07
6.75	12.625	1.6630E-07
6.75	12.875	8.7426E-08
6.75	13.125	6.3903E-08
6.75	13.375	2.8115E-08
6.75	13.625	2.1712E-08
6.75	13.875	1.0853E-08
6.75	14.125	6.0516E-09
6.75	14.375	3.1734E-09
6.75	14.625	1.6412E-09
6.75	14.875	1.0543E-09
6.75	15.125	4.5669E-10
6.75	15.375	1.6848E-10
6.75	15.625	1.0920E-10
6.75	15.875	3.1990E-11
6.75	16.125	1.3512E-11
6.75	16.375	7.4849E-12
6.75	16.625	4.3757E-12
6.75	16.875	1.3666E-12
6.75	17.125	1.7734E-13
6.75	17.375	7.5503E-14
6.75	17.625	5.2367E-15
6.75	17.875	3.7623E-16
6.75	18.125	8.0521E-17
6.75	18.375	0.0000E+00
6.75	18.625	0.0000E+00
6.75	18.875	0.0000E+00
6.75	19.125	0.0000E+00
6.75	19.375	0.0000E+00
6.75	19.625	0.0000E+00
6.75	19.875	0.0000E+00
6.75	20.125	0.0000E+00
6.75	20.375	0.0000E+00
6.75	20.625	0.0000E+00
6.75	20.875	0.0000E+00
6.75	21.125	0.0000E+00
6.75	21.375	0.0000E+00
6.75	21.625	0.0000E+00
6.75	21.875	0.0000E+00
6.75	22.125	0.0000E+00
6.75	22.375	0.0000E+00
6.75	22.625	0.0000E+00
6.75	22.875	0.0000E+00
6.75	23.125	0.0000E+00
6.75	23.375	0.0000E+00
6.75	23.625	0.0000E+00
6.75	23.875	0.0000E+00
6.75	24.125	0.0000E+00
6.75	24.375	0.0000E+00
6.75	24.625	0.0000E+00
6.75	24.875	0.0000E+00
7.25	0.125	5.8386E-01
7.25	0.375	1.6258E+00
7.25	0.625	2.0595E+00
7.25	0.875	2.4445E+00
7.25	1.125	2.4355E+00
7.25	1.375	2.2610E+00
7.25	1.625	1.9056E+00
7.25	1.875	1.5514E+00
7.25	2.125	9.4075E-01
7.25	2.375	8.2109E-01
7.25	2.625	5.7718E-01
7.25	2.875	4.0908E-01
7.25	3.125	2.6691E-01
7.25	3.375	1.4474E-01
7.25	3.625	8.5822E-02
7.25	3.875	4.6991E-02
7.25	4.125	2.6896E-02
7.25	4.375	1.5694E-02
7.25	4.625	8.3793E-03
7.25	4.875	4.3411E-03
7.25	5.125	2.0249E-03
7.25	5.375	1.1564E-03
7.25	5.625	5.6486E-04
7.25	5.875	3.1259E-04
7.25	6.125	1.5116E-04
7.25	6.375	7.7107E-05
7.25	6.625	5.0199E-05
7.25	6.875	2.0210E-05
7.25	7.125	7.2385E-06
7.25	7.375	3.2696E-06
7.25	7.625	1.7875E-06
7.25	7.875	7.5593E-07
7.25	8.125	2.7435E-07
7.25	8.375	1.3910E-07
7.25	8.625	3.9381E-08
7.25	8.875	1.6412E-08
7.25	9.125	4.4142E-09
7.25	9.375	1.7926E-09
7.25	9.625	3.1554E-10
7.25	9.875	7.7338E-11
7.25	10.125	7.9597E-12
7.25	10.375	1.5860E-12
7.25	10.625	1.3576E-13
7.25	10.875	3.0604E-15
7.25	11.125	0.0000E+00
7.25	11.375	0.0000E+00
7.25	11.625	0.0000E+00
7.25	11.875	0.0000E+00
7.25	12.125	0.0000E+00
7.25	12.375	0.0000E+00
7.25	12.625	0.0000E+00
7.25	12.875	0.0000E+00
7.25	13.125	0.0000E+00
7.25	13.375	0.0000E+00
7.25	13.625	0.0000E+00
7.25	13.875	0.0000E+00
7.25	14.125	0.0000E+00
7.25	14.375	0.0000E+00
7.25	14.625	0.0000E+00
7.25	14.875	0.0000E+00
7.25	15.125	0.0000E+00
7.25	15.375	0.0000E+00
7.25	15.625	0.0000E+00
7.25	15.875	0.0000E+00
7.25	16.125	0.0000E+00
7.25	16.375	0.0000E+00
7.25	16.625	0.0000E+00
7.25	16.875	0.0000E+00
7.25	17.125	0.0000E+00
7.25	17.375	0.0000E+00
7.25	17.625	0.0000E+00
7.25	17.875	0.0000E+00
7.25	18.125	0.0000E+00
7.25	18.375	0.0000E+00
7.25	18.625	0.0000E+00
7.25	18.875	0.0000E+00
7.25	19.125	0.0000E+00
7.25	19.375	0.0000E+00
7.25	19.625	0.0000E+00
7.25	19.875	0.0000E+00
7.25	20.125	0.0000E+00
7.25	20.375	0.0000E+00
7.25	20.625	0.0000E+00
7.25	20.875	0.0000E+00
7.25	21.125	0.0000E+00
7.25	21.375	0.0000E+00
7.25	21.625	0.0000E+00
7.25	21.875	0.0000E+00
7.25	22.125	0.0000E+00
7.25	22.375	0.0000E+00
7.25	22.625	0.0000E+00
7.25	22.875	0.0000E+00
7.25	23.125	0.0000E+00
7.25	23.375	0.0000E+00
7.25	23.625	0.0000E+00
7.25	23.875	0.0000E+00
7.25	24.125	0.0000E+00
7.25	24.375	0.0000E+00
7.25	24.625	0.0000E+00
7.25	24.875	0.0000E+00
7.75	0.125	9.8534E-02
7.75	0.375	4.0023E-01
7.75	0.625	6.3223E-01
7.75	0.875	7.6812E-01
7.75	1.125	5.4228E-01
7.75	1.375	4.6324E-01
7.75	1.625	3.5596E-01
7.75	1.875	2.4817E-01
7.75	2.125	1.7169E-01
7.75	2.375	1.0943E-01
7.75	2.625	6.1696E-02
7.75	2.875	3.6828E-02
7.75	3.125	1.8632E-02
7.75	3.375	1.0327E-02
7.75	3.625	4.9134E-03
7.75	3.875	2.1635E-03
7.75	4.125	1.0683E-03
7.75	4.375	4.5772E-04
7.75	4.625	2.4907E-04
7.75	4.875	6.6316E-05
7.75	5.125	2.0570E-05
7.75	5.375	8.6231E-06
7.75	5.625	3.1169E-06
7.75	5.875	1.1878E-06
7.75	6.125	1.5244E-07
7.75	6.375	6.5892E-08
7.75	6.625	1.6784E-08
7.75	6.875	4.6580E-09
7.75	7.125	5.4549E-10
7.75	7.375	0.0000E+00
7.75	7.625	0.0000E+00
7.75	7.875	0.0000E+00
7.75	8.125	0.0000E+00
7.75	8.375	0.0000E+00
7.75	8.625	0.0000E+00
7.75	8.875	0.0000E+00
7.75	9.125	0.0000E+00
7.75	9.375	0.0000E+00
7.75	9.625	0.0000E+00
7.75	9.875	0.0000E+00
7.75	10.125	0.0000E+00
7.75	10.375	0.0000E+00
7.75	10.625	0.0000E+00
7.75	10.875	0.0000E+00
7.75	11.125	0.0000E+00
7.75	11.375	0.0000E+00
7.75	11.625	0.0000E+00
7.75	11.875	0.0000E+00
7.75	12.125	0.0000E+00
7.75	12.375	0.0000E+00
7.75	12.625	0.0000E+00
7.75	12.875	0.0000E+00
7.75	13.125	0.0000E+00
7.75	13.375	0.0000E+00
7.75	13.625	0.0000E+00
7.75	13.875	0.0000E+00
7.75	14.125	0.0000E+00
7.75	14.375	0.0000E+00
7.75	14.625	0.0000E+00
7.75	14.875	0.0000E+00
7.75	15.125	0.0000E+00
7.75	15.375	0.0000E+00
7.75	15.625	0.0000E+00
7.75	15.875	0.0000E+00
7.75	16.125	0.0000E+00
7.75	16.375	0.0000E+00
7.75	16.625	0.0000E+00
7.75	16.875	0.0000E+00
7.75	17.125	0.0000E+00
7.75	17.375	0.0000E+00
7.75	17.625	0.0000E+00
7.75	17.875	0.0000E+00
7.75	18.125	0.0000E+00
7.75	18.375	0.0000E+00
7.75	18.625	0.0000E+00
7.75	18.875	0.0000E+00
7.75	19.125	0.0000E+00
7.75	19.375	0.0000E+00
7.75	19.625	0.0000E+00
7.75	19.875	0.0000E+00
7.75	20.125	0.0000E+00
7.75	20.375	0.0000E+00
7.75	20.625	0.0000E+00
7.75	20.875	0.0000E+00
7.75	21.125	0.0000E+00
7.75	21.375	0.0000E+00
7.75	21.625	0.0000E+00
7.75	21.875	0.0000E+00
7.75	22.125	0.0000E+00
7.75	22.375	0.0000E+00
7.75	22.625	0.0000E+00
7.75	22.875	0.0000E+00
7.75	23.125	0.0000E+00
7.75	23.375	0.0000E+00
7.75	23.625	0.0000E+00
7.75	23.875	0.0000E+00
7.75	24.125	0.0000E+00
7.75	24.375	0.0000E+00
7.75	24.625	0.0000E+00
7.75	24.875	0.0000E+00
8.25	0.125	1.0094E-02
8.25	0.375	2.8076E-02
8.25	0.625	3.5391E-02
8.25	0.875	3.3761E-02
8.25	1.125	3.6186E-02
8.25	1.375	2.7063E-02
8.25	1.625	1.7221E-02
8.25	1.875	9.3305E-03
8.25	2.125	5.4292E-03
8.25	2.375	2.9372E-03
8.25	2.625	1.5283E-03
8.25	2.875	7.3553E-04
8.25	3.125	3.4711E-04
8.25	3.375	1.5925E-04
8.25	3.625	6.4314E-05
8.25	3.875	2.3187E-05
8.25	4.125	1.0304E-05
8.25	4.375	3.7752E-06
8.25	4.625	1.3448E-06
8.25	4.875	3.6032E-07
8.25	5.125	2.1827E-07
8.25	5.375	3.4800E-08
8.25	5.625	2.2648E-08
8.25	5.875	1.3743E-08
8.25	6.125	2.1121E-09
8.25	6.375	0.0000E+00
8.25	6.625	0.0000E+00
8.25	6.875	0.0000E+00
8.25	7.125	0.0000E+00
8.25	7.375	0.0000E+00
8.25	7.625	0.0000E+00
8.25	7.875	0.0000E+00
8.25	8.125	0.0000E+00
8.25	8.375	0.0000E+00
8.25	8.625	0.0000E+00
8.25	8.875	0.0000E+00
8.25	9.125	0.0000E+00
8.25	9.375	0.0000E+00
8.25	9.625	0.0000E+00
8.25	9.875	0.0000E+00
8.25	10.125	0.0000E+00
8.25	10.375	0.0000E+00
8.25	10.625	0.0000E+00
8.25	10.875	0.0000E+00
8.25	11.125	0.0000E+00
8.25	11.375	0.0000E+00
8.25	11.625	0.0000E+00
8.25	11.875	0.0000E+00
8.25	12.125	0.0000E+00
8.25	12.375	0.0000E+00
8.25	12.625	0.0000E+00
8.25	12.875	0.0000E+00
8.25	13.125	0.0000E+00
8.25	13.375	0.0000E+00
8.25	13.625	0.0000E+00
8.25	13.875	0.0000E+00
8.25	14.125	0.0000E+00
8.25	14.375	0.0000E+00
8.25	14.625	0.0000E+00
8.25	14.875	0.0000E+00
8.25	15.125	0.0000E+00
8.25	15.375	0.0000E+00
8.25	15.625	0.0000E+00
8.25	15.875	0.0000E+00
8.25	16.125	0.0000E+00
8.25	16.375	0.0000E+00
8.25	16.625	0.0000E+00
8.25	16.875	0.0000E+00
8.25	17.125	0.0000E+00
8.25	17.375	0.0000E+00
8.25	17.625	0.0000E+00
8.25	17.875	0.0000E+00
8.25	18.125	0.0000E+00
8.25	18.375	0.0000E+00
8.25	18.625	0.0000E+00
8.25	18.875	0.0000E+00
8.25	19.125	0.0000E+00
8.25	19.375	0.0000E+00
8.25	19.625	0.0000E+00
8.25	19.875	0.0000E+00
8.25	20.125	0.0000E+00
8.25	20.375	0.0000E+00
8.25	20.625	0.0000E+00
8.25	20.875	0.0000E+00
8.25	21.125	0.0000E+00
8.25	21.375	0.0000E+00
8.25	21.625	0.0000E+00
8.25	21.875	0.0000E+00
8.25	22.125	0.0000E+00
8.25	22.375	0.0000E+00
8.25	22.625	0.0000E+00
8.25	22.875	0.0000E+00
8.25	23.125	0.0000E+00
8.25	23.375	0.0000E+00
8.25	23.625	0.0000E+00
8.25	23.875	0.0000E+00
8.25	24.125	0.0000E+00
8.25	24.375	0.0000E+00
8.25	24.625	0.0000E+00
8.25	24.875	0.0000E+00
8.75	0.125	7.7723E-06
8.75	0.375	1.5681E-05
8.75	0.625	1.3422E-05
8.75	0.875	6.7663E-06
8.75	1.125	2.1686E-06
8.75	1.375	4.7966E-07
8.75	1.625	6.4211E-08
8.75	1.875	6.5212E-09
8.75	2.125	2.6845E-10
8.75	2.375	2.2584E-12
8.75	2.625	3.7521E-13
8.75	2.875	3.1541E-15
8.75	3.125	0.0000E+00
8.75	3.375	0.0000E+00
8.75	3.625	0.0000E+00
8.75	3.875	0.0000E+00
8.75	4.125	0.0000E+00
8.75	4.375	0.0000E+00
8.75	4.625	0.0000E+00
8.75	4.875	0.0000E+00
8.75	5.125	0.0000E+00
8.75	5.375	0.0000E+00
8.75	5.625	0.0000E+00
8.75	5.875	0.0000E+00
8.75	6.125	0.0000E+00
8.75	6.375	0.0000E+00
8.75	6.625	0.0000E+00
8.75	6.875	0.0000E+00
8.75	7.125	0.0000E+00
8.75	7.375	0.0000E+00
8.75	7.625	0.0000E+00
8.75	7.875	0.0000E+00
8.75	8.125	0.0000E+00
8.75	8.375	0.0000E+00
8.75	8.625	0.0000E+00
8.75	8.875	0.0000E+00
8.75	9.125	0.0000E+00
8.75	9.375	0.0000E+00
8.75	9.625	0.0000E+00
8.75	9.875	0.0000E+00
8.75	10.125	0.0000E+00
8.75	10.375	0.0000E+00
8.75	10.625	0.0000E+00
8.75	10.875	0.0000E+00
8.75	11.125	0.0000E+00
8.75	11.375	0.0000E+00
8.75	11.625	0.0000E+00
8.75	11.875	0.0000E+00
8.75	12.125	0.0000E+00
8.75	12.375	0.0000E+00
8.75	12.625	0.0000E+00
8.75	12.875	0.0000E+00
8.75	13.125	0.0000E+00
8.75	13.375	0.0000E+00
8.75	13.625	0.0000E+00
8.75	13.875	0.0000E+00
8.75	14.125	0.0000E+00
8.75	14.375	0.0000E+00
8.75	14.625	0.0000E+00
8.75	14.875	0.0000E+00
8.75	15.125	0.0000E+00
8.75	15.375	0.0000E+00
8.75	15.625	0.0000E+00
8.75	15.875	0.0000E+00
8.75	16.125	0.0000E+00
8.75	16.375	0.0000E+00
8.75	16.625	0.0000E+00
8.75	16.875	0.0000E+00
8.75	17.125	0.0000E+00
8.75	17.375	0.0000E+00
8.75	17.625	0.0000E+00
8.75	17.875	0.0000E+00
8.75	18.125	0.0000E+00
8.75	18.375	0.0000E+00
8.75	18.625	0.0000E+00
8.75	18.875	0.0000E+00
8.75	19.125	0.0000E+00
8.75	19.375	0.0000E+00
8.75	19.625	0.0000E+00
8.75	19.875	0.0000E+00
8.75	20.125	0.0000E+00
8.75	20.375	0.0000E+00
8.75	20.625	0.0000E+00
8.75	20.875	0.0000E+00
8.75	21.125	0.0000E+00
8.75	21.375	0.0000E+00
8.75	21.625	0.0000E+00
8.75	21.875	0.0000E+00
8.75	22.125	0.0000E+00
8.75	22.375	0.0000E+00
8.75	22.625	0.0000E+00
8.75	22.875	0.0000E+00
8.75	23.125	0.0000E+00
8.75	23.375	0.0000E+00
8.75	23.625	0.0000E+00
8.75	23.875	0.0000E+00
8.75	24.125	0.0000E+00
8.75	24.375	0.0000E+00
8.75	24.625	0.0000E+00
8.75	24.875	0.0000E+00