0.25	0.125	7.7987E+00
0.25	0.375	1.9956E+01
0.25	0.625	2.9515E+01
0.25	0.875	3.6333E+01
0.25	1.125	4.0949E+01
0.25	1.375	4.3161E+01
0.25	1.625	4.3730E+01
0.25	1.875	4.2254E+01
0.25	2.125	3.9573E+01
0.25	2.375	3.6274E+01
0.25	2.625	3.2256E+01
0.25	2.875	2.8369E+01
0.25	3.125	2.4392E+01
0.25	3.375	2.0913E+01
0.25	3.625	1.7603E+01
0.25	3.875	1.4822E+01
0.25	4.125	1.2440E+01
0.25	4.375	1.0436E+01
0.25	4.625	8.8017E+00
0.25	4.875	7.3695E+00
0.25	5.125	6.2101E+00
0.25	5.375	5.2860E+00
0.25	5.625	4.5514E+00
0.25	5.875	3.8815E+00
0.25	6.125	3.3622E+00
0.25	6.375	2.8638E+00
0.25	6.625	2.4970E+00
0.25	6.875	2.1940E+00
0.25	7.125	1.9328E+00
0.25	7.375	1.6976E+00
0.25	7.625	1.4852E+00
0.25	7.875	1.3138E+00
0.25	8.125	1.1623E+00
0.25	8.375	1.0436E+00
0.25	8.625	9.2565E-01
0.25	8.875	8.3463E-01
0.25	9.125	7.4959E-01
0.25	9.375	6.6804E-01
0.25	9.625	6.1014E-01
0.25	9.875	5.4824E-01
0.25	10.125	5.0338E-01
0.25	10.375	4.4926E-01
0.25	10.625	4.1497E-01
0.25	10.875	3.7290E-01
0.25	11.125	3.4778E-01
0.25	11.375	3.1549E-01
0.25	11.625	2.9186E-01
0.25	11.875	2.6595E-01
0.25	12.125	2.4192E-01
0.25	12.375	2.2139E-01
0.25	12.625	2.0843E-01
0.25	12.875	1.9398E-01
0.25	13.125	1.7922E-01
0.25	13.375	1.6377E-01
0.25	13.625	1.5251E-01
0.25	13.875	1.4344E-01
0.25	14.125	1.3088E-01
0.25	14.375	1.2291E-01
0.25	14.625	1.1553E-01
0.25	14.875	1.0656E-01
0.25	15.125	1.0038E-01
0.25	15.375	9.3662E-02
0.25	15.625	8.6859E-02
0.25	15.875	8.1439E-02
0.25	16.125	7.8417E-02
0.25	16.375	7.3016E-02
0.25	16.625	6.7870E-02
0.25	16.875	6.5969E-02
0.25	17.125	5.9439E-02
0.25	17.375	5.6558E-02
0.25	17.625	5.2910E-02
0.25	17.875	5.0837E-02
0.25	18.125	4.8415E-02
0.25	18.375	4.3760E-02
0.25	18.625	4.2055E-02
0.25	18.875	4.0221E-02
0.25	19.125	3.8357E-02
0.25	19.375	3.5975E-02
0.25	19.625	3.4170E-02
0.25	19.875	3.2167E-02
0.25	20.125	3.0652E-02
0.25	20.375	2.8967E-02
0.25	20.625	2.7591E-02
0.25	20.875	2.6186E-02
0.25	21.125	2.4860E-02
0.25	21.375	2.4282E-02
0.25	21.625	2.3046E-02
0.25	21.875	2.1322E-02
0.25	22.125	2.0105E-02
0.25	22.375	1.9238E-02
0.25	22.625	1.8142E-02
0.25	22.875	1.7653E-02
0.25	23.125	1.7105E-02
0.25	23.375	1.6268E-02
0.25	23.625	1.5700E-02
0.25	23.875	1.4663E-02
0.25	24.125	1.3915E-02
0.25	24.375	1.3218E-02
0.25	24.625	1.2629E-02
0.25	24.875	1.2310E-02
0.75	0.125	7.7514E+00
0.75	0.375	1.9816E+01
0.75	0.625	2.9226E+01
0.75	0.875	3.6084E+01
0.75	1.125	4.0620E+01
0.75	1.375	4.2763E+01
0.75	1.625	4.3052E+01
0.75	1.875	4.1826E+01
0.75	2.125	3.9184E+01
0.75	2.375	3.5815E+01
0.75	2.625	3.2027E+01
0.75	2.875	2.8060E+01
0.75	3.125	2.4292E+01
0.75	3.375	2.0594E+01
0.75	3.625	1.7324E+01
0.75	3.875	1.4593E+01
0.75	4.125	1.2191E+01
0.75	4.375	1.0267E+01
0.75	4.625	8.6055E+00
0.75	4.875	7.2679E+00
0.75	5.125	6.1333E+00
0.75	5.375	5.1545E+00
0.75	5.625	4.5145E+00
0.75	5.875	3.7829E+00
0.75	6.125	3.2825E+00
0.75	6.375	2.8199E+00
0.75	6.625	2.4312E+00
0.75	6.875	2.1631E+00
0.75	7.125	1.8999E+00
0.75	7.375	1.6557E+00
0.75	7.625	1.4663E+00
0.75	7.875	1.2909E+00
0.75	8.125	1.1393E+00
0.75	8.375	1.0157E+00
0.75	8.625	9.0846E-01
0.75	8.875	8.0753E-01
0.75	9.125	7.3713E-01
0.75	9.375	6.5552E-01
0.75	9.625	5.8931E-01
0.75	9.875	5.3349E-01
0.75	10.125	4.8106E-01
0.75	10.375	4.4457E-01
0.75	10.625	4.0051E-01
0.75	10.875	3.6323E-01
0.75	11.125	3.3193E-01
0.75	11.375	3.0851E-01
0.75	11.625	2.7851E-01
0.75	11.875	2.5558E-01
0.75	12.125	2.3913E-01
0.75	12.375	2.1860E-01
0.75	12.625	2.0135E-01
0.75	12.875	1.8770E-01
0.75	13.125	1.7265E-01
0.75	13.375	1.6208E-01
0.75	13.625	1.4922E-01
0.75	13.875	1.3776E-01
0.75	14.125	1.2799E-01
0.75	14.375	1.2021E-01
0.75	14.625	1.1124E-01
0.75	14.875	1.0277E-01
0.75	15.125	9.7774E-02
0.75	15.375	9.1307E-02
0.75	15.625	8.5737E-02
0.75	15.875	8.0355E-02
0.75	16.125	7.5140E-02
0.75	16.375	7.1651E-02
0.75	16.625	6.4929E-02
0.75	16.875	6.0954E-02
0.75	17.125	5.6947E-02
0.75	17.375	5.4046E-02
0.75	17.625	5.1564E-02
0.75	17.875	4.8724E-02
0.75	18.125	4.5972E-02
0.75	18.375	4.3640E-02
0.75	18.625	4.0968E-02
0.75	18.875	3.8476E-02
0.75	19.125	3.6274E-02
0.75	19.375	3.5616E-02
0.75	19.625	3.2685E-02
0.75	19.875	3.1090E-02
0.75	20.125	3.0353E-02
0.75	20.375	2.7631E-02
0.75	20.625	2.6754E-02
0.75	20.875	2.5309E-02
0.75	21.125	2.3475E-02
0.75	21.375	2.2717E-02
0.75	21.625	2.1511E-02
0.75	21.875	2.0743E-02
0.75	22.125	1.9388E-02
0.75	22.375	1.8889E-02
0.75	22.625	1.7922E-02
0.75	22.875	1.7005E-02
0.75	23.125	1.6367E-02
0.75	23.375	1.5989E-02
0.75	23.625	1.4932E-02
0.75	23.875	1.3586E-02
0.75	24.125	1.3208E-02
0.75	24.375	1.3088E-02
0.75	24.625	1.2031E-02
0.75	24.875	1.1682E-02
1.25	0.125	7.6536E+00
1.25	0.375	1.9617E+01
1.25	0.625	2.8947E+01
1.25	0.875	3.5616E+01
1.25	1.125	4.0879E+01
1.25	1.375	4.2374E+01
1.25	1.625	4.2523E+01
1.25	1.875	4.1098E+01
1.25	2.125	3.9005E+01
1.25	2.375	3.4978E+01
1.25	2.625	3.1260E+01
1.25	2.875	2.7253E+01
1.25	3.125	2.3485E+01
1.25	3.375	2.0076E+01
1.25	3.625	1.6886E+01
1.25	3.875	1.4174E+01
1.25	4.125	1.1872E+01
1.25	4.375	1.0008E+01
1.25	4.625	8.3613E+00
1.25	4.875	7.0492E+00
1.25	5.125	5.9190E+00
1.25	5.375	4.9910E+00
1.25	5.625	4.2484E+00
1.25	5.875	3.6493E+00
1.25	6.125	3.1399E+00
1.25	6.375	2.7462E+00
1.25	6.625	2.3415E+00
1.25	6.875	2.0385E+00
1.25	7.125	1.7833E+00
1.25	7.375	1.5610E+00
1.25	7.625	1.3846E+00
1.25	7.875	1.2231E+00
1.25	8.125	1.0865E+00
1.25	8.375	9.6222E-01
1.25	8.625	8.6373E-01
1.25	8.875	7.7221E-01
1.25	9.125	6.9215E-01
1.25	9.375	6.2101E-01
1.25	9.625	5.5821E-01
1.25	9.875	5.0578E-01
1.25	10.125	4.5344E-01
1.25	10.375	4.2474E-01
1.25	10.625	3.8287E-01
1.25	10.875	3.4998E-01
1.25	11.125	3.1818E-01
1.25	11.375	2.9156E-01
1.25	11.625	2.6814E-01
1.25	11.875	2.4242E-01
1.25	12.125	2.1999E-01
1.25	12.375	2.0335E-01
1.25	12.625	1.8471E-01
1.25	12.875	1.7245E-01
1.25	13.125	1.6348E-01
1.25	13.375	1.5181E-01
1.25	13.625	1.4125E-01
1.25	13.875	1.2659E-01
1.25	14.125	1.1982E-01
1.25	14.375	1.1124E-01
1.25	14.625	1.0417E-01
1.25	14.875	9.5313E-02
1.25	15.125	9.1637E-02
1.25	15.375	8.3114E-02
1.25	15.625	8.0454E-02
1.25	15.875	7.3963E-02
1.25	16.125	6.9116E-02
1.25	16.375	6.5241E-02
1.25	16.625	5.8991E-02
1.25	16.875	5.6588E-02
1.25	17.125	5.3718E-02
1.25	17.375	5.2302E-02
1.25	17.625	4.8943E-02
1.25	17.875	4.4976E-02
1.25	18.125	4.2324E-02
1.25	18.375	3.9214E-02
1.25	18.625	3.7330E-02
1.25	18.875	3.5207E-02
1.25	19.125	3.4280E-02
1.25	19.375	3.2386E-02
1.25	19.625	3.0492E-02
1.25	19.875	2.8648E-02
1.25	20.125	2.7392E-02
1.25	20.375	2.6176E-02
1.25	20.625	2.4142E-02
1.25	20.875	2.3485E-02
1.25	21.125	2.1940E-02
1.25	21.375	2.1451E-02
1.25	21.625	1.9806E-02
1.25	21.875	1.9168E-02
1.25	22.125	1.7733E-02
1.25	22.375	1.7025E-02
1.25	22.625	1.6188E-02
1.25	22.875	1.5500E-02
1.25	23.125	1.5131E-02
1.25	23.375	1.4733E-02
1.25	23.625	1.3616E-02
1.25	23.875	1.2859E-02
1.25	24.125	1.2540E-02
1.25	24.375	1.1842E-02
1.25	24.625	1.1364E-02
1.25	24.875	1.1174E-02
1.75	0.125	7.7501E+00
1.75	0.375	1.9358E+01
1.75	0.625	2.8518E+01
1.75	0.875	3.4948E+01
1.75	1.125	3.9423E+01
1.75	1.375	4.1427E+01
1.75	1.625	4.1457E+01
1.75	1.875	4.0071E+01
1.75	2.125	3.7619E+01
1.75	2.375	3.3971E+01
1.75	2.625	3.0203E+01
1.75	2.875	2.6136E+01
1.75	3.125	2.2548E+01
1.75	3.375	1.9188E+01
1.75	3.625	1.6198E+01
1.75	3.875	1.3547E+01
1.75	4.125	1.1304E+01
1.75	4.375	9.4185E+00
1.75	4.625	7.9146E+00
1.75	4.875	6.6368E+00
1.75	5.125	5.5661E+00
1.75	5.375	4.7238E+00
1.75	5.625	4.0151E+00
1.75	5.875	3.4240E+00
1.75	6.125	2.9256E+00
1.75	6.375	2.5777E+00
1.75	6.625	2.1969E+00
1.75	6.875	1.8929E+00
1.75	7.125	1.6866E+00
1.75	7.375	1.4563E+00
1.75	7.625	1.2739E+00
1.75	7.875	1.1543E+00
1.75	8.125	1.0028E+00
1.75	8.375	8.9949E-01
1.75	8.625	8.0504E-01
1.75	8.875	7.0592E-01
1.75	9.125	6.4057E-01
1.75	9.375	5.7715E-01
1.75	9.625	5.1285E-01
1.75	9.875	4.6541E-01
1.75	10.125	4.2633E-01
1.75	10.375	3.7968E-01
1.75	10.625	3.5277E-01
1.75	10.875	3.1628E-01
1.75	11.125	2.9236E-01
1.75	11.375	2.6325E-01
1.75	11.625	2.4452E-01
1.75	11.875	2.2328E-01
1.75	12.125	1.9956E-01
1.75	12.375	1.8481E-01
1.75	12.625	1.7105E-01
1.75	12.875	1.5849E-01
1.75	13.125	1.4842E-01
1.75	13.375	1.3437E-01
1.75	13.625	1.2350E-01
1.75	13.875	1.1822E-01
1.75	14.125	1.0825E-01
1.75	14.375	9.7755E-02
1.75	14.625	9.2223E-02
1.75	14.875	8.5488E-02
1.75	15.125	7.9725E-02
1.75	15.375	7.6286E-02
1.75	15.625	6.8916E-02
1.75	15.875	6.7066E-02
1.75	16.125	6.0177E-02
1.75	16.375	5.8532E-02
1.75	16.625	5.5312E-02
1.75	16.875	5.2163E-02
1.75	17.125	4.7906E-02
1.75	17.375	4.4567E-02
1.75	17.625	4.1876E-02
1.75	17.875	3.9732E-02
1.75	18.125	3.7470E-02
1.75	18.375	3.5416E-02
1.75	18.625	3.3911E-02
1.75	18.875	3.2456E-02
1.75	19.125	3.0173E-02
1.75	19.375	2.8050E-02
1.75	19.625	2.7193E-02
1.75	19.875	2.5179E-02
1.75	20.125	2.4751E-02
1.75	20.375	2.3166E-02
1.75	20.625	2.1800E-02
1.75	20.875	2.0205E-02
1.75	21.125	1.9089E-02
1.75	21.375	1.8172E-02
1.75	21.625	1.7584E-02
1.75	21.875	1.6597E-02
1.75	22.125	1.5809E-02
1.75	22.375	1.5879E-02
1.75	22.625	1.4653E-02
1.75	22.875	1.3905E-02
1.75	23.125	1.2889E-02
1.75	23.375	1.2909E-02
1.75	23.625	1.1643E-02
1.75	23.875	1.1603E-02
1.75	24.125	1.1025E-02
1.75	24.375	1.0427E-02
1.75	24.625	9.9979E-03
1.75	24.875	9.5375E-03
2.25	0.125	7.3900E+00
2.25	0.375	1.9029E+01
2.25	0.625	2.7591E+01
2.25	0.875	3.4101E+01
2.25	1.125	3.8237E+01
2.25	1.375	3.9892E+01
2.25	1.625	4.0101E+01
2.25	1.875	3.8217E+01
2.25	2.125	3.5875E+01
2.25	2.375	3.2526E+01
2.25	2.625	2.8867E+01
2.25	2.875	2.4940E+01
2.25	3.125	2.1371E+01
2.25	3.375	1.8062E+01
2.25	3.625	1.5121E+01
2.25	3.875	1.2610E+01
2.25	4.125	1.0596E+01
2.25	4.375	8.7968E+00
2.25	4.625	7.4280E+00
2.25	4.875	6.1413E+00
2.25	5.125	5.2003E+00
2.25	5.375	4.3181E+00
2.25	5.625	3.6702E+00
2.25	5.875	3.1469E+00
2.25	6.125	2.6545E+00
2.25	6.375	2.2976E+00
2.25	6.625	2.0036E+00
2.25	6.875	1.7165E+00
2.25	7.125	1.5102E+00
2.25	7.375	1.3367E+00
2.25	7.625	1.1553E+00
2.25	7.875	9.9649E-01
2.25	8.125	8.8977E-01
2.25	8.375	7.9607E-01
2.25	8.625	7.0237E-01
2.25	8.875	6.3733E-01
2.25	9.125	5.7436E-01
2.25	9.375	5.0936E-01
2.25	9.625	4.5863E-01
2.25	9.875	4.1168E-01
2.25	10.125	3.7171E-01
2.25	10.375	3.3353E-01
2.25	10.625	3.1050E-01
2.25	10.875	2.7761E-01
2.25	11.125	2.5428E-01
2.25	11.375	2.2986E-01
2.25	11.625	2.0993E-01
2.25	11.875	1.9358E-01
2.25	12.125	1.8261E-01
2.25	12.375	1.6437E-01
2.25	12.625	1.5042E-01
2.25	12.875	1.3646E-01
2.25	13.125	1.2729E-01
2.25	13.375	1.1842E-01
2.25	13.625	1.1025E-01
2.25	13.875	1.0058E-01
2.25	14.125	9.0709E-02
2.25	14.375	8.4846E-02
2.25	14.625	8.1090E-02
2.25	14.875	7.5177E-02
2.25	15.125	7.0935E-02
2.25	15.375	6.4194E-02
2.25	15.625	5.9908E-02
2.25	15.875	5.5960E-02
2.25	16.125	5.1654E-02
2.25	16.375	4.8405E-02
2.25	16.625	4.6451E-02
2.25	16.875	4.3680E-02
2.25	17.125	4.1726E-02
2.25	17.375	3.7739E-02
2.25	17.625	3.6523E-02
2.25	17.875	3.3702E-02
2.25	18.125	3.1609E-02
2.25	18.375	2.9745E-02
2.25	18.625	2.8269E-02
2.25	18.875	2.6335E-02
2.25	19.125	2.5548E-02
2.25	19.375	2.3634E-02
2.25	19.625	2.2807E-02
2.25	19.875	2.2388E-02
2.25	20.125	2.0076E-02
2.25	20.375	1.8760E-02
2.25	20.625	1.8182E-02
2.25	20.875	1.7474E-02
2.25	21.125	1.5749E-02
2.25	21.375	1.5480E-02
2.25	21.625	1.5241E-02
2.25	21.875	1.3865E-02
2.25	22.125	1.2988E-02
2.25	22.375	1.2510E-02
2.25	22.625	1.2001E-02
2.25	22.875	1.1403E-02
2.25	23.125	1.0765E-02
2.25	23.375	1.0018E-02
2.25	23.625	9.5954E-03
2.25	23.875	9.3288E-03
2.25	24.125	8.7999E-03
2.25	24.375	8.5426E-03
2.25	24.625	7.8168E-03
2.25	24.875	7.0343E-03
2.75	0.125	7.1091E+00
2.75	0.375	1.8291E+01
2.75	0.625	2.6674E+01
2.75	0.875	3.2904E+01
2.75	1.125	3.6602E+01
2.75	1.375	3.8347E+01
2.75	1.625	3.8227E+01
2.75	1.875	3.6722E+01
2.75	2.125	3.3981E+01
2.75	2.375	3.0801E+01
2.75	2.625	2.6864E+01
2.75	2.875	2.3245E+01
2.75	3.125	1.9727E+01
2.75	3.375	1.6676E+01
2.75	3.625	1.4244E+01
2.75	3.875	1.1643E+01
2.75	4.125	9.5761E+00
2.75	4.375	7.9975E+00
2.75	4.625	6.5820E+00
2.75	4.875	5.5083E+00
2.75	5.125	4.5863E+00
2.75	5.375	3.8536E+00
2.75	5.625	3.2685E+00
2.75	5.875	2.7950E+00
2.75	6.125	2.3734E+00
2.75	6.375	2.0215E+00
2.75	6.625	1.7434E+00
2.75	6.875	1.4962E+00
2.75	7.125	1.3068E+00
2.75	7.375	1.1423E+00
2.75	7.625	1.0526E+00
2.75	7.875	9.0042E-01
2.75	8.125	7.7121E-01
2.75	8.375	6.8231E-01
2.75	8.625	6.1493E-01
2.75	8.875	5.4515E-01
2.75	9.125	4.8026E-01
2.75	9.375	4.2942E-01
2.75	9.625	3.8825E-01
2.75	9.875	3.5197E-01
2.75	10.125	3.2446E-01
2.75	10.375	2.8778E-01
2.75	10.625	2.5757E-01
2.75	10.875	2.3116E-01
2.75	11.125	2.1571E-01
2.75	11.375	1.9228E-01
2.75	11.625	1.7484E-01
2.75	11.875	1.6567E-01
2.75	12.125	1.4424E-01
2.75	12.375	1.3058E-01
2.75	12.625	1.2201E-01
2.75	12.875	1.1314E-01
2.75	13.125	1.0327E-01
2.75	13.375	9.5475E-02
2.75	13.625	8.9643E-02
2.75	13.875	8.2647E-02
2.75	14.125	7.5140E-02
2.75	14.375	7.0561E-02
2.75	14.625	6.5303E-02
2.75	14.875	6.0217E-02
2.75	15.125	5.6668E-02
2.75	15.375	5.2970E-02
2.75	15.625	4.9272E-02
2.75	15.875	4.4637E-02
2.75	16.125	4.3072E-02
2.75	16.375	3.8596E-02
2.75	16.625	3.6672E-02
2.75	16.875	3.4130E-02
2.75	17.125	3.2476E-02
2.75	17.375	2.9535E-02
2.75	17.625	2.8578E-02
2.75	17.875	2.6485E-02
2.75	18.125	2.4830E-02
2.75	18.375	2.3554E-02
2.75	18.625	2.2229E-02
2.75	18.875	2.0773E-02
2.75	19.125	1.9318E-02
2.75	19.375	1.8859E-02
2.75	19.625	1.7424E-02
2.75	19.875	1.6348E-02
2.75	20.125	1.6088E-02
2.75	20.375	1.4523E-02
2.75	20.625	1.3995E-02
2.75	20.875	1.3487E-02
2.75	21.125	1.2460E-02
2.75	21.375	1.1493E-02
2.75	21.625	1.1314E-02
2.75	21.875	1.0865E-02
2.75	22.125	1.0108E-02
2.75	22.375	9.7207E-03
2.75	22.625	9.3039E-03
2.75	22.875	8.8535E-03
2.75	23.125	8.0579E-03
2.75	23.375	7.8629E-03
2.75	23.625	7.4579E-03
2.75	23.875	7.2935E-03
2.75	24.125	6.7913E-03
2.75	24.375	6.3664E-03
2.75	24.625	5.9898E-03
2.75	24.875	5.6937E-03
3.25	0.125	6.6973E+00
3.25	0.375	1.7304E+01
3.25	0.625	2.5608E+01
3.25	0.875	3.1698E+01
3.25	1.125	3.4420E+01
3.25	1.375	3.6064E+01
3.25	1.625	3.5675E+01
3.25	1.875	3.3971E+01
3.25	2.125	3.1389E+01
3.25	2.375	2.8100E+01
3.25	2.625	2.4571E+01
3.25	2.875	2.1341E+01
3.25	3.125	1.7903E+01
3.25	3.375	1.5022E+01
3.25	3.625	1.2470E+01
3.25	3.875	1.0207E+01
3.25	4.125	8.4142E+00
3.25	4.375	7.5975E+00
3.25	4.625	6.2270E+00
3.25	4.875	5.0029E+00
3.25	5.125	3.9234E+00
3.25	5.375	3.3064E+00
3.25	5.625	2.7532E+00
3.25	5.875	2.3604E+00
3.25	6.125	2.0046E+00
3.25	6.375	1.7065E+00
3.25	6.625	1.4703E+00
3.25	6.875	1.2629E+00
3.25	7.125	1.0915E+00
3.25	7.375	9.4061E-01
3.25	7.625	8.3096E-01
3.25	7.875	7.2150E-01
3.25	8.125	6.3365E-01
3.25	8.375	5.6309E-01
3.25	8.625	4.9292E-01
3.25	8.875	4.3829E-01
3.25	9.125	3.8118E-01
3.25	9.375	3.3592E-01
3.25	9.625	3.0452E-01
3.25	9.875	2.7761E-01
3.25	10.125	2.5428E-01
3.25	10.375	2.2597E-01
3.25	10.625	2.0235E-01
3.25	10.875	1.8142E-01
3.25	11.125	1.6676E-01
3.25	11.375	1.5171E-01
3.25	11.625	1.3716E-01
3.25	11.875	1.2480E-01
3.25	12.125	1.1673E-01
3.25	12.375	1.0347E-01
3.25	12.625	9.3600E-02
3.25	12.875	8.6342E-02
3.25	13.125	7.9856E-02
3.25	13.375	7.1782E-02
3.25	13.625	6.8842E-02
3.25	13.875	6.1901E-02
3.25	14.125	5.8064E-02
3.25	14.375	5.3149E-02
3.25	14.625	4.8973E-02
3.25	14.875	4.5035E-02
3.25	15.125	4.1397E-02
3.25	15.375	4.0251E-02
3.25	15.625	3.6184E-02
3.25	15.875	3.3004E-02
3.25	16.125	3.1349E-02
3.25	16.375	2.9804E-02
3.25	16.625	2.6246E-02
3.25	16.875	2.4531E-02
3.25	17.125	2.3126E-02
3.25	17.375	2.2119E-02
3.25	17.625	2.0464E-02
3.25	17.875	1.9029E-02
3.25	18.125	1.8381E-02
3.25	18.375	1.7464E-02
3.25	18.625	1.6507E-02
3.25	18.875	1.5450E-02
3.25	19.125	1.4194E-02
3.25	19.375	1.3646E-02
3.25	19.625	1.2500E-02
3.25	19.875	1.1842E-02
3.25	20.125	1.1174E-02
3.25	20.375	1.0197E-02
3.25	20.625	9.8746E-03
3.25	20.875	9.2790E-03
3.25	21.125	8.7102E-03
3.25	21.375	8.1040E-03
3.25	21.625	7.6835E-03
3.25	21.875	7.1907E-03
3.25	22.125	6.9739E-03
3.25	22.375	6.5141E-03
3.25	22.625	6.1762E-03
3.25	22.875	5.8721E-03
3.25	23.125	5.6259E-03
3.25	23.375	5.1425E-03
3.25	23.625	5.0917E-03
3.25	23.875	4.8056E-03
3.25	24.125	4.4457E-03
3.25	24.375	4.4397E-03
3.25	24.625	4.0151E-03
3.25	24.875	3.7520E-03
3.75	0.125	6.2911E+00
3.75	0.375	1.6686E+01
3.75	0.625	2.5020E+01
3.75	0.875	2.9376E+01
3.75	1.125	3.2316E+01
3.75	1.375	3.3343E+01
3.75	1.625	3.2775E+01
3.75	1.875	3.0901E+01
3.75	2.125	2.8389E+01
3.75	2.375	2.4940E+01
3.75	2.625	2.1750E+01
3.75	2.875	1.7942E+01
3.75	3.125	1.5560E+01
3.75	3.375	1.2859E+01
3.75	3.625	1.0646E+01
3.75	3.875	8.7102E+00
3.75	4.125	7.1321E+00
3.75	4.375	6.0566E+00
3.75	4.625	5.0049E+00
3.75	4.875	3.9732E+00
3.75	5.125	3.2396E+00
3.75	5.375	2.7043E+00
3.75	5.625	2.2737E+00
3.75	5.875	1.9298E+00
3.75	6.125	1.6198E+00
3.75	6.375	1.3666E+00
3.75	6.625	1.1483E+00
3.75	6.875	9.7954E-01
3.75	7.125	8.3582E-01
3.75	7.375	7.5128E-01
3.75	7.625	6.3957E-01
3.75	7.875	5.5273E-01
3.75	8.125	4.7966E-01
3.75	8.375	4.2264E-01
3.75	8.625	3.7440E-01
3.75	8.875	3.2506E-01
3.75	9.125	2.9136E-01
3.75	9.375	2.5598E-01
3.75	9.625	2.2857E-01
3.75	9.875	2.0524E-01
3.75	10.125	1.8222E-01
3.75	10.375	1.6477E-01
3.75	10.625	1.4304E-01
3.75	10.875	1.3158E-01
3.75	11.125	1.2001E-01
3.75	11.375	1.0736E-01
3.75	11.625	9.8696E-02
3.75	11.875	8.7151E-02
3.75	12.125	7.9196E-02
3.75	12.375	7.4748E-02
3.75	12.625	6.5409E-02
3.75	12.875	6.0924E-02
3.75	13.125	5.5940E-02
3.75	13.375	5.0299E-02
3.75	13.625	4.8046E-02
3.75	13.875	4.2334E-02
3.75	14.125	3.7549E-02
3.75	14.375	3.5875E-02
3.75	14.625	3.2027E-02
3.75	14.875	3.0811E-02
3.75	15.125	2.7990E-02
3.75	15.375	2.5737E-02
3.75	15.625	2.3764E-02
3.75	15.875	2.3325E-02
3.75	16.125	2.0883E-02
3.75	16.375	1.8620E-02
3.75	16.625	1.7584E-02
3.75	16.875	1.6268E-02
3.75	17.125	1.4912E-02
3.75	17.375	1.3646E-02
3.75	17.625	1.2600E-02
3.75	17.875	1.1942E-02
3.75	18.125	1.1154E-02
3.75	18.375	1.0257E-02
3.75	18.625	9.9169E-03
3.75	18.875	9.2983E-03
3.75	19.125	8.8584E-03
3.75	19.375	7.9433E-03
3.75	19.625	7.7682E-03
3.75	19.875	7.2604E-03
3.75	20.125	6.7502E-03
3.75	20.375	6.5876E-03
3.75	20.625	5.8442E-03
3.75	20.875	5.2970E-03
3.75	21.125	5.3060E-03
3.75	21.375	4.8883E-03
3.75	21.625	4.5564E-03
3.75	21.875	4.3999E-03
3.75	22.125	4.2723E-03
3.75	22.375	4.0071E-03
3.75	22.625	3.7390E-03
3.75	22.875	3.4300E-03
3.75	23.125	3.3413E-03
3.75	23.375	3.1937E-03
3.75	23.625	2.9844E-03
3.75	23.875	2.8150E-03
3.75	24.125	2.5418E-03
3.75	24.375	2.3754E-03
3.75	24.625	2.2647E-03
3.75	24.875	2.1840E-03
4.25	0.125	5.6479E+00
4.25	0.375	1.4633E+01
4.25	0.625	2.1312E+01
4.25	0.875	2.6395E+01
4.25	1.125	2.9077E+01
4.25	1.375	3.0163E+01
4.25	1.625	2.8847E+01
4.25	1.875	2.7382E+01
4.25	2.125	2.4471E+01
4.25	2.375	2.1561E+01
4.25	2.625	1.8471E+01
4.25	2.875	1.5630E+01
4.25	3.125	1.3028E+01
4.25	3.375	1.0805E+01
4.25	3.625	8.9201E+00
4.25	3.875	7.1234E+00
4.25	4.125	5.7874E+00
4.25	4.375	4.6561E+00
4.25	4.625	3.8387E+00
4.25	4.875	3.0492E+00
4.25	5.125	2.5129E+00
4.25	5.375	2.1202E+00
4.25	5.625	1.7035E+00
4.25	5.875	1.4244E+00
4.25	6.125	1.1613E+00
4.25	6.375	9.8951E-01
4.25	6.625	8.2417E-01
4.25	6.875	7.1857E-01
4.25	7.125	5.9609E-01
4.25	7.375	5.1854E-01
4.25	7.625	4.4876E-01
4.25	7.875	3.9294E-01
4.25	8.125	3.2655E-01
4.25	8.375	2.8917E-01
4.25	8.625	2.5508E-01
4.25	8.875	2.2049E-01
4.25	9.125	1.9557E-01
4.25	9.375	1.6557E-01
4.25	9.625	1.5391E-01
4.25	9.875	1.3925E-01
4.25	10.125	1.2061E-01
4.25	10.375	1.0606E-01
4.25	10.625	9.5331E-02
4.25	10.875	8.2666E-02
4.25	11.125	7.5819E-02
4.25	11.375	6.8194E-02
4.25	11.625	6.0526E-02
4.25	11.875	5.3847E-02
4.25	12.125	5.0608E-02
4.25	12.375	4.3092E-02
4.25	12.625	3.9324E-02
4.25	12.875	3.5835E-02
4.25	13.125	3.4001E-02
4.25	13.375	3.0831E-02
4.25	13.625	2.7412E-02
4.25	13.875	2.4631E-02
4.25	14.125	2.2896E-02
4.25	14.375	2.0474E-02
4.25	14.625	1.9139E-02
4.25	14.875	1.7005E-02
4.25	15.125	1.5889E-02
4.25	15.375	1.4912E-02
4.25	15.625	1.3307E-02
4.25	15.875	1.2370E-02
4.25	16.125	1.1055E-02
4.25	16.375	1.0726E-02
4.25	16.625	9.3768E-03
4.25	16.875	8.7208E-03
4.25	17.125	8.0978E-03
4.25	17.375	7.2019E-03
4.25	17.625	6.9427E-03
4.25	17.875	6.3957E-03
4.25	18.125	5.9958E-03
4.25	18.375	5.5203E-03
4.25	18.625	5.2761E-03
4.25	18.875	4.9372E-03
4.25	19.125	4.4587E-03
4.25	19.375	4.4178E-03
4.25	19.625	3.9104E-03
4.25	19.875	3.5137E-03
4.25	20.125	3.3164E-03
4.25	20.375	3.0133E-03
4.25	20.625	2.8967E-03
4.25	20.875	2.7223E-03
4.25	21.125	2.6525E-03
4.25	21.375	2.2837E-03
4.25	21.625	2.1670E-03
4.25	21.875	2.0395E-03
4.25	22.125	1.9926E-03
4.25	22.375	1.9168E-03
4.25	22.625	1.7823E-03
4.25	22.875	1.6497E-03
4.25	23.125	1.5500E-03
4.25	23.375	1.4434E-03
4.25	23.625	1.2789E-03
4.25	23.875	1.2071E-03
4.25	24.125	1.1304E-03
4.25	24.375	1.0626E-03
4.25	24.625	1.0327E-03
4.25	24.875	9.3550E-04
4.75	0.125	4.7876E+00
4.75	0.375	1.2699E+01
4.75	0.625	1.8919E+01
4.75	0.875	2.2687E+01
4.75	1.125	2.4611E+01
4.75	1.375	2.5050E+01
4.75	1.625	2.4252E+01
4.75	1.875	2.2448E+01
4.75	2.125	2.0305E+01
4.75	2.375	1.7823E+01
4.75	2.625	1.5032E+01
4.75	2.875	1.2340E+01
4.75	3.125	1.0367E+01
4.75	3.375	8.2597E+00
4.75	3.625	6.5378E+00
4.75	3.875	5.2073E+00
4.75	4.125	4.3002E+00
4.75	4.375	3.4101E+00
4.75	4.625	2.6684E+00
4.75	4.875	2.1650E+00
4.75	5.125	1.7195E+00
4.75	5.375	1.4942E+00
4.75	5.625	1.2470E+00
4.75	5.875	9.5257E-01
4.75	6.125	7.8915E-01
4.75	6.375	6.4032E-01
4.75	6.625	5.4375E-01
4.75	6.875	4.4477E-01
4.75	7.125	3.7280E-01
4.75	7.375	3.2037E-01
4.75	7.625	2.6724E-01
4.75	7.875	2.3325E-01
4.75	8.125	1.9896E-01
4.75	8.375	1.6946E-01
4.75	8.625	1.5321E-01
4.75	8.875	1.2570E-01
4.75	9.125	1.0795E-01
4.75	9.375	9.4596E-02
4.75	9.625	8.3283E-02
4.75	9.875	7.6604E-02
4.75	10.125	6.5378E-02
4.75	10.375	5.7565E-02
4.75	10.625	4.9491E-02
4.75	10.875	4.3919E-02
4.75	11.125	3.7769E-02
4.75	11.375	3.4858E-02
4.75	11.625	2.9525E-02
4.75	11.875	2.7671E-02
4.75	12.125	2.5349E-02
4.75	12.375	2.1890E-02
4.75	12.625	1.9388E-02
4.75	12.875	1.8022E-02
4.75	13.125	1.5849E-02
4.75	13.375	1.3885E-02
4.75	13.625	1.2729E-02
4.75	13.875	1.1802E-02
4.75	14.125	1.0157E-02
4.75	14.375	9.4927E-03
4.75	14.625	8.6236E-03
4.75	14.875	7.4978E-03
4.75	15.125	7.2829E-03
4.75	15.375	6.2468E-03
4.75	15.625	5.6907E-03
4.75	15.875	5.1345E-03
4.75	16.125	4.5534E-03
4.75	16.375	4.2105E-03
4.75	16.625	3.7539E-03
4.75	16.875	3.5735E-03
4.75	17.125	3.1728E-03
4.75	17.375	2.9406E-03
4.75	17.625	2.6654E-03
4.75	17.875	2.5099E-03
4.75	18.125	2.3833E-03
4.75	18.375	2.1172E-03
4.75	18.625	1.9039E-03
4.75	18.875	1.6537E-03
4.75	19.125	1.5869E-03
4.75	19.375	1.5321E-03
4.75	19.625	1.3596E-03
4.75	19.875	1.2928E-03
4.75	20.125	1.1673E-03
4.75	20.375	1.0387E-03
4.75	20.625	1.0446E-03
4.75	20.875	9.4827E-04
4.75	21.125	8.7899E-04
4.75	21.375	7.9383E-04
4.75	21.625	7.3564E-04
4.75	21.875	6.5577E-04
4.75	22.125	6.2437E-04
4.75	22.375	5.8911E-04
4.75	22.625	5.4096E-04
4.75	22.875	4.9262E-04
4.75	23.125	4.4926E-04
4.75	23.375	3.9633E-04
4.75	23.625	3.7320E-04
4.75	23.875	3.3572E-04
4.75	24.125	3.4051E-04
4.75	24.375	2.9635E-04
4.75	24.625	2.8608E-04
4.75	24.875	2.8020E-04
5.25	0.125	3.9344E+00
5.25	0.375	1.0456E+01
5.25	0.625	1.5161E+01
5.25	0.875	1.8341E+01
5.25	1.125	1.9707E+01
5.25	1.375	2.0086E+01
5.25	1.625	1.9089E+01
5.25	1.875	1.7434E+01
5.25	2.125	1.5700E+01
5.25	2.375	1.3138E+01
5.25	2.625	1.1463E+01
5.25	2.875	8.9494E+00
5.25	3.125	7.2997E+00
5.25	3.375	5.7715E+00
5.25	3.625	4.5554E+00
5.25	3.875	3.4699E+00
5.25	4.125	2.7382E+00
5.25	4.375	2.1262E+00
5.25	4.625	1.6846E+00
5.25	4.875	1.3238E+00
5.25	5.125	1.0586E+00
5.25	5.375	8.3245E-01
5.25	5.625	6.8692E-01
5.25	5.875	5.3618E-01
5.25	6.125	4.3620E-01
5.25	6.375	3.5566E-01
5.25	6.625	2.8469E-01
5.25	6.875	2.3654E-01
5.25	7.125	1.9767E-01
5.25	7.375	1.6318E-01
5.25	7.625	1.3477E-01
5.25	7.875	1.1473E-01
5.25	8.125	9.6758E-02
5.25	8.375	8.1806E-02
5.25	8.625	6.8050E-02
5.25	8.875	5.7715E-02
5.25	9.125	4.8903E-02
5.25	9.375	4.2344E-02
5.25	9.625	3.5616E-02
5.25	9.875	2.9834E-02
5.25	10.125	2.6904E-02
5.25	10.375	2.3056E-02
5.25	10.625	1.9288E-02
5.25	10.875	1.7922E-02
5.25	11.125	1.5540E-02
5.25	11.375	1.2699E-02
5.25	11.625	1.1334E-02
5.25	11.875	9.9082E-03
5.25	12.125	8.6310E-03
5.25	12.375	7.6934E-03
5.25	12.625	6.7184E-03
5.25	12.875	5.8731E-03
5.25	13.125	5.0907E-03
5.25	13.375	4.6800E-03
5.25	13.625	3.8825E-03
5.25	13.875	3.4808E-03
5.25	14.125	3.0522E-03
5.25	14.375	2.7213E-03
5.25	14.625	2.5977E-03
5.25	14.875	2.2657E-03
5.25	15.125	1.9537E-03
5.25	15.375	1.6288E-03
5.25	15.625	1.4703E-03
5.25	15.875	1.3776E-03
5.25	16.125	1.2161E-03
5.25	16.375	1.0885E-03
5.25	16.625	9.6278E-04
5.25	16.875	8.5557E-04
5.25	17.125	8.1389E-04
5.25	17.375	7.0536E-04
5.25	17.625	6.7197E-04
5.25	17.875	5.6389E-04
5.25	18.125	5.1245E-04
5.25	18.375	4.5215E-04
5.25	18.625	3.9114E-04
5.25	18.875	3.6652E-04
5.25	19.125	3.1818E-04
5.25	19.375	2.9595E-04
5.25	19.625	2.6056E-04
5.25	19.875	2.5089E-04
5.25	20.125	2.2249E-04
5.25	20.375	2.0634E-04
5.25	20.625	1.8660E-04
5.25	20.875	1.6746E-04
5.25	21.125	1.4394E-04
5.25	21.375	1.2699E-04
5.25	21.625	1.1892E-04
5.25	21.875	1.1035E-04
5.25	22.125	1.0098E-04
5.25	22.375	8.3962E-05
5.25	22.625	8.4547E-05
5.25	22.875	7.8429E-05
5.25	23.125	6.1572E-05
5.25	23.375	6.2101E-05
5.25	23.625	5.6838E-05
5.25	23.875	4.8853E-05
5.25	24.125	3.9563E-05
5.25	24.375	3.6882E-05
5.25	24.625	3.7769E-05
5.25	24.875	3.1200E-05
5.75	0.125	3.0083E+00
5.75	0.375	7.8112E+00
5.75	0.625	1.1114E+01
5.75	0.875	1.3457E+01
5.75	1.125	1.4444E+01
5.75	1.375	1.4334E+01
5.75	1.625	1.3437E+01
5.75	1.875	1.2031E+01
5.75	2.125	1.0407E+01
5.75	2.375	8.8703E+00
5.75	2.625	7.1589E+00
5.75	2.875	5.8044E+00
5.75	3.125	4.8883E+00
5.75	3.375	3.4320E+00
5.75	3.625	2.6993E+00
5.75	3.875	2.0036E+00
5.75	4.125	1.5221E+00
5.75	4.375	1.1453E+00
5.75	4.625	8.7070E-01
5.75	4.875	6.4362E-01
5.75	5.125	5.1624E-01
5.75	5.375	3.8187E-01
5.75	5.625	2.9874E-01
5.75	5.875	2.2587E-01
5.75	6.125	1.8670E-01
5.75	6.375	1.4364E-01
5.75	6.625	1.1074E-01
5.75	6.875	8.9463E-02
5.75	7.125	7.0623E-02
5.75	7.375	5.8512E-02
5.75	7.625	4.6680E-02
5.75	7.875	3.7290E-02
5.75	8.125	3.1788E-02
5.75	8.375	2.5109E-02
5.75	8.625	2.0753E-02
5.75	8.875	1.6786E-02
5.75	9.125	1.4274E-02
5.75	9.375	1.1902E-02
5.75	9.625	9.3662E-03
5.75	9.875	8.2747E-03
5.75	10.125	6.4630E-03
5.75	10.375	5.8353E-03
5.75	10.625	4.8554E-03
5.75	10.875	4.0370E-03
5.75	11.125	3.4439E-03
5.75	11.375	3.0662E-03
5.75	11.625	2.2936E-03
5.75	11.875	1.9727E-03
5.75	12.125	1.7015E-03
5.75	12.375	1.3337E-03
5.75	12.625	1.2071E-03
5.75	12.875	9.8783E-04
5.75	13.125	9.7649E-04
5.75	13.375	7.5906E-04
5.75	13.625	6.3696E-04
5.75	13.875	5.7854E-04
5.75	14.125	4.5663E-04
5.75	14.375	3.9244E-04
5.75	14.625	3.3871E-04
5.75	14.875	2.7801E-04
5.75	15.125	2.5807E-04
5.75	15.375	1.9946E-04
5.75	15.625	1.8869E-04
5.75	15.875	1.5540E-04
5.75	16.125	1.3826E-04
5.75	16.375	1.1274E-04
5.75	16.625	9.6509E-05
5.75	16.875	7.6816E-05
5.75	17.125	7.2779E-05
5.75	17.375	6.1592E-05
5.75	17.625	5.7784E-05
5.75	17.875	4.6092E-05
5.75	18.125	3.6383E-05
5.75	18.375	3.4559E-05
5.75	18.625	3.1848E-05
5.75	18.875	2.6226E-05
5.75	19.125	2.3714E-05
5.75	19.375	1.7992E-05
5.75	19.625	1.6607E-05
5.75	19.875	1.3287E-05
5.75	20.125	1.2470E-05
5.75	20.375	1.1114E-05
5.75	20.625	8.2747E-06
5.75	20.875	8.1488E-06
5.75	21.125	7.1053E-06
5.75	21.375	5.7087E-06
5.75	21.625	4.9581E-06
5.75	21.875	4.3102E-06
5.75	22.125	3.4878E-06
5.75	22.375	2.9276E-06
5.75	22.625	2.9107E-06
5.75	22.875	2.5668E-06
5.75	23.125	2.3295E-06
5.75	23.375	1.6846E-06
5.75	23.625	1.5640E-06
5.75	23.875	1.2799E-06
5.75	24.125	1.0277E-06
5.75	24.375	1.0945E-06
5.75	24.625	9.3481E-07
5.75	24.875	7.0922E-07
6.25	0.125	1.9737E+00
6.25	0.375	4.8016E+00
6.25	0.625	7.1801E+00
6.25	0.875	8.5663E+00
6.25	1.125	9.4085E+00
6.25	1.375	8.7532E+00
6.25	1.625	8.1700E+00
6.25	1.875	7.1932E+00
6.25	2.125	5.9778E+00
6.25	2.375	4.8604E+00
6.25	2.625	3.9254E+00
6.25	2.875	2.9126E+00
6.25	3.125	2.2109E+00
6.25	3.375	1.6647E+00
6.25	3.625	1.1742E+00
6.25	3.875	8.7550E-01
6.25	4.125	6.0645E-01
6.25	4.375	4.5145E-01
6.25	4.625	3.0951E-01
6.25	4.875	2.3166E-01
6.25	5.125	1.6308E-01
6.25	5.375	1.2111E-01
6.25	5.625	9.5263E-02
6.25	5.875	6.6505E-02
6.25	6.125	4.8355E-02
6.25	6.375	3.5705E-02
6.25	6.625	2.6595E-02
6.25	6.875	1.9936E-02
6.25	7.125	1.5241E-02
6.25	7.375	1.1663E-02
6.25	7.625	8.6983E-03
6.25	7.875	6.6356E-03
6.25	8.125	5.3060E-03
6.25	8.375	3.9304E-03
6.25	8.625	3.1260E-03
6.25	8.875	2.4631E-03
6.25	9.125	1.8291E-03
6.25	9.375	1.4254E-03
6.25	9.625	1.1912E-03
6.25	9.875	8.4298E-04
6.25	10.125	7.2249E-04
6.25	10.375	5.4814E-04
6.25	10.625	4.0410E-04
6.25	10.875	3.0701E-04
6.25	11.125	2.7801E-04
6.25	11.375	2.0135E-04
6.25	11.625	1.5959E-04
6.25	11.875	1.2330E-04
6.25	12.125	9.8621E-05
6.25	12.375	8.0679E-05
6.25	12.625	5.9688E-05
6.25	12.875	4.3999E-05
6.25	13.125	3.6652E-05
6.25	13.375	2.8508E-05
6.25	13.625	2.3584E-05
6.25	13.875	1.7454E-05
6.25	14.125	1.5700E-05
6.25	14.375	1.1254E-05
6.25	14.625	1.0765E-05
6.25	14.875	7.3047E-06
6.25	15.125	5.4425E-06
6.25	15.375	4.2583E-06
6.25	15.625	3.7908E-06
6.25	15.875	2.6894E-06
6.25	16.125	1.9139E-06
6.25	16.375	1.5610E-06
6.25	16.625	1.1234E-06
6.25	16.875	9.1076E-07
6.25	17.125	6.0785E-07
6.25	17.375	5.0687E-07
6.25	17.625	4.0939E-07
6.25	17.875	3.3532E-07
6.25	18.125	2.5219E-07
6.25	18.375	2.2418E-07
6.25	18.625	1.4414E-07
6.25	18.875	1.2938E-07
6.25	19.125	9.2540E-08
6.25	19.375	5.9539E-08
6.25	19.625	5.6030E-08
6.25	19.875	3.5785E-08
6.25	20.125	2.2687E-08
6.25	20.375	1.8212E-08
6.25	20.625	1.6258E-08
6.25	20.875	1.0098E-08
6.25	21.125	6.1174E-09
6.25	21.375	4.3251E-09
6.25	21.625	3.4778E-09
6.25	21.875	3.4041E-09
6.25	22.125	2.5139E-09
6.25	22.375	1.6298E-09
6.25	22.625	1.3487E-09
6.25	22.875	1.1084E-09
6.25	23.125	6.9240E-10
6.25	23.375	4.4886E-10
6.25	23.625	3.1100E-10
6.25	23.875	2.4701E-10
6.25	24.125	1.3487E-10
6.25	24.375	1.4503E-10
6.25	24.625	8.8098E-11
6.25	24.875	4.8704E-11
6.75	0.125	1.0427E+00
6.75	0.375	2.8190E+00
6.75	0.625	3.8377E+00
6.75	0.875	4.1806E+00
6.75	1.125	4.3670E+00
6.75	1.375	4.2095E+00
6.75	1.625	3.9214E+00
6.75	1.875	3.1658E+00
6.75	2.125	2.4352E+00
6.75	2.375	2.0195E+00
6.75	2.625	1.5052E+00
6.75	2.875	1.1393E+00
6.75	3.125	6.8866E-01
6.75	3.375	5.2791E-01
6.75	3.625	3.6254E-01
6.75	3.875	2.4282E-01
6.75	4.125	1.5022E-01
6.75	4.375	9.7799E-02
6.75	4.625	6.6019E-02
6.75	4.875	4.1238E-02
6.75	5.125	2.7591E-02
6.75	5.375	1.7833E-02
6.75	5.625	1.1563E-02
6.75	5.875	8.0523E-03
6.75	6.125	5.0867E-03
6.75	6.375	4.1706E-03
6.75	6.625	2.3255E-03
6.75	6.875	1.5640E-03
6.75	7.125	1.0347E-03
6.75	7.375	7.0056E-04
6.75	7.625	4.9252E-04
6.75	7.875	3.0771E-04
6.75	8.125	2.0684E-04
6.75	8.375	1.3945E-04
6.75	8.625	9.3014E-05
6.75	8.875	6.6935E-05
6.75	9.125	4.5015E-05
6.75	9.375	2.8319E-05
6.75	9.625	2.0345E-05
6.75	9.875	1.1334E-05
6.75	10.125	9.4858E-06
6.75	10.375	5.4744E-06
6.75	10.625	3.5287E-06
6.75	10.875	2.5598E-06
6.75	11.125	1.5739E-06
6.75	11.375	8.8933E-07
6.75	11.625	5.1046E-07
6.75	11.875	3.6722E-07
6.75	12.125	2.3833E-07
6.75	12.375	1.6387E-07
6.75	12.625	8.1769E-08
6.75	12.875	5.2222E-08
6.75	13.125	3.6802E-08
6.75	13.375	1.6218E-08
6.75	13.625	1.2530E-08
6.75	13.875	7.0791E-09
6.75	14.125	2.8439E-09
6.75	14.375	1.8251E-09
6.75	14.625	9.6104E-10
6.75	14.875	4.8664E-10
6.75	15.125	2.5060E-10
6.75	15.375	1.2869E-10
6.75	15.625	5.8373E-11
6.75	15.875	2.2159E-11
6.75	16.125	6.3347E-12
6.75	16.375	3.7699E-12
6.75	16.625	2.3086E-12
6.75	16.875	1.0945E-12
6.75	17.125	2.7023E-13
6.75	17.375	2.0743E-14
6.75	17.625	4.5015E-15
6.75	17.875	1.5171E-16
6.75	18.125	4.6750E-17
6.75	18.375	3.1080E-18
6.75	18.625	0.0000E+00
6.75	18.875	0.0000E+00
6.75	19.125	0.0000E+00
6.75	19.375	0.0000E+00
6.75	19.625	0.0000E+00
6.75	19.875	0.0000E+00
6.75	20.125	0.0000E+00
6.75	20.375	0.0000E+00
6.75	20.625	0.0000E+00
6.75	20.875	0.0000E+00
6.75	21.125	0.0000E+00
6.75	21.375	0.0000E+00
6.75	21.625	0.0000E+00
6.75	21.875	0.0000E+00
6.75	22.125	0.0000E+00
6.75	22.375	0.0000E+00
6.75	22.625	0.0000E+00
6.75	22.875	0.0000E+00
6.75	23.125	0.0000E+00
6.75	23.375	0.0000E+00
6.75	23.625	0.0000E+00
6.75	23.875	0.0000E+00
6.75	24.125	0.0000E+00
6.75	24.375	0.0000E+00
6.75	24.625	0.0000E+00
6.75	24.875	0.0000E+00
7.25	0.125	3.6662E-01
7.25	0.375	1.0895E+00
7.25	0.625	1.3676E+00
7.25	0.875	1.6427E+00
7.25	1.125	1.6208E+00
7.25	1.375	1.4603E+00
7.25	1.625	1.2450E+00
7.25	1.875	1.0486E+00
7.25	2.125	7.6174E-01
7.25	2.375	5.3558E-01
7.25	2.625	3.7569E-01
7.25	2.875	2.4033E-01
7.25	3.125	1.4832E-01
7.25	3.375	9.0827E-02
7.25	3.625	5.3488E-02
7.25	3.875	2.9057E-02
7.25	4.125	1.7025E-02
7.25	4.375	1.0008E-02
7.25	4.625	4.9471E-03
7.25	4.875	2.4920E-03
7.25	5.125	1.1663E-03
7.25	5.375	6.6188E-04
7.25	5.625	3.4529E-04
7.25	5.875	1.8251E-04
7.25	6.125	8.1152E-05
7.25	6.375	4.4587E-05
7.25	6.625	3.1250E-05
7.25	6.875	1.2301E-05
7.25	7.125	4.1307E-06
7.25	7.375	1.8680E-06
7.25	7.625	9.4117E-07
7.25	7.875	3.2137E-07
7.25	8.125	1.5251E-07
7.25	8.375	8.0504E-08
7.25	8.625	1.8461E-08
7.25	8.875	7.0306E-09
7.25	9.125	2.1840E-09
7.25	9.375	9.2291E-10
7.25	9.625	1.6268E-10
7.25	9.875	2.2777E-11
7.25	10.125	3.7211E-12
7.25	10.375	5.6578E-13
7.25	10.625	2.9396E-14
7.25	10.875	1.2360E-15
7.25	11.125	0.0000E+00
7.25	11.375	0.0000E+00
7.25	11.625	0.0000E+00
7.25	11.875	0.0000E+00
7.25	12.125	0.0000E+00
7.25	12.375	0.0000E+00
7.25	12.625	0.0000E+00
7.25	12.875	0.0000E+00
7.25	13.125	0.0000E+00
7.25	13.375	0.0000E+00
7.25	13.625	0.0000E+00
7.25	13.875	0.0000E+00
7.25	14.125	0.0000E+00
7.25	14.375	0.0000E+00
7.25	14.625	0.0000E+00
7.25	14.875	0.0000E+00
7.25	15.125	0.0000E+00
7.25	15.375	0.0000E+00
7.25	15.625	0.0000E+00
7.25	15.875	0.0000E+00
7.25	16.125	0.0000E+00
7.25	16.375	0.0000E+00
7.25	16.625	0.0000E+00
7.25	16.875	0.0000E+00
7.25	17.125	0.0000E+00
7.25	17.375	0.0000E+00
7.25	17.625	0.0000E+00
7.25	17.875	0.0000E+00
7.25	18.125	0.0000E+00
7.25	18.375	0.0000E+00
7.25	18.625	0.0000E+00
7.25	18.875	0.0000E+00
7.25	19.125	0.0000E+00
7.25	19.375	0.0000E+00
7.25	19.625	0.0000E+00
7.25	19.875	0.0000E+00
7.25	20.125	0.0000E+00
7.25	20.375	0.0000E+00
7.25	20.625	0.0000E+00
7.25	20.875	0.0000E+00
7.25	21.125	0.0000E+00
7.25	21.375	0.0000E+00
7.25	21.625	0.0000E+00
7.25	21.875	0.0000E+00
7.25	22.125	0.0000E+00
7.25	22.375	0.0000E+00
7.25	22.625	0.0000E+00
7.25	22.875	0.0000E+00
7.25	23.125	0.0000E+00
7.25	23.375	0.0000E+00
7.25	23.625	0.0000E+00
7.25	23.875	0.0000E+00
7.25	24.125	0.0000E+00
7.25	24.375	0.0000E+00
7.25	24.625	0.0000E+00
7.25	24.875	0.0000E+00
7.75	0.125	9.2914E-02
7.75	0.375	2.4850E-01
7.75	0.625	3.9982E-01
7.75	0.875	4.9072E-01
7.75	1.125	3.4509E-01
7.75	1.375	3.0801E-01
7.75	1.625	2.2149E-01
7.75	1.875	1.5261E-01
7.75	2.125	1.0765E-01
7.75	2.375	6.7982E-02
7.75	2.625	3.8945E-02
7.75	2.875	2.2687E-02
7.75	3.125	1.1503E-02
7.75	3.375	6.4231E-03
7.75	3.625	3.1389E-03
7.75	3.875	1.3736E-03
7.75	4.125	6.3097E-04
7.75	4.375	2.8598E-04
7.75	4.625	9.8017E-05
7.75	4.875	4.2593E-05
7.75	5.125	1.2211E-05
7.75	5.375	4.7388E-06
7.75	5.625	2.2179E-06
7.75	5.875	3.7958E-07
7.75	6.125	3.4230E-08
7.75	6.375	1.2859E-08
7.75	6.625	8.4915E-10
7.75	6.875	3.9982E-11
7.75	7.125	0.0000E+00
7.75	7.375	0.0000E+00
7.75	7.625	0.0000E+00
7.75	7.875	0.0000E+00
7.75	8.125	0.0000E+00
7.75	8.375	0.0000E+00
7.75	8.625	0.0000E+00
7.75	8.875	0.0000E+00
7.75	9.125	0.0000E+00
7.75	9.375	0.0000E+00
7.75	9.625	0.0000E+00
7.75	9.875	0.0000E+00
7.75	10.125	0.0000E+00
7.75	10.375	0.0000E+00
7.75	10.625	0.0000E+00
7.75	10.875	0.0000E+00
7.75	11.125	0.0000E+00
7.75	11.375	0.0000E+00
7.75	11.625	0.0000E+00
7.75	11.875	0.0000E+00
7.75	12.125	0.0000E+00
7.75	12.375	0.0000E+00
7.75	12.625	0.0000E+00
7.75	12.875	0.0000E+00
7.75	13.125	0.0000E+00
7.75	13.375	0.0000E+00
7.75	13.625	0.0000E+00
7.75	13.875	0.0000E+00
7.75	14.125	0.0000E+00
7.75	14.375	0.0000E+00
7.75	14.625	0.0000E+00
7.75	14.875	0.0000E+00
7.75	15.125	0.0000E+00
7.75	15.375	0.0000E+00
7.75	15.625	0.0000E+00
7.75	15.875	0.0000E+00
7.75	16.125	0.0000E+00
7.75	16.375	0.0000E+00
7.75	16.625	0.0000E+00
7.75	16.875	0.0000E+00
7.75	17.125	0.0000E+00
7.75	17.375	0.0000E+00
7.75	17.625	0.0000E+00
7.75	17.875	0.0000E+00
7.75	18.125	0.0000E+00
7.75	18.375	0.0000E+00
7.75	18.625	0.0000E+00
7.75	18.875	0.0000E+00
7.75	19.125	0.0000E+00
7.75	19.375	0.0000E+00
7.75	19.625	0.0000E+00
7.75	19.875	0.0000E+00
7.75	20.125	0.0000E+00
7.75	20.375	0.0000E+00
7.75	20.625	0.0000E+00
7.75	20.875	0.0000E+00
7.75	21.125	0.0000E+00
7.75	21.375	0.0000E+00
7.75	21.625	0.0000E+00
7.75	21.875	0.0000E+00
7.75	22.125	0.0000E+00
7.75	22.375	0.0000E+00
7.75	22.625	0.0000E+00
7.75	22.875	0.0000E+00
7.75	23.125	0.0000E+00
7.75	23.375	0.0000E+00
7.75	23.625	0.0000E+00
7.75	23.875	0.0000E+00
7.75	24.125	0.0000E+00
7.75	24.375	0.0000E+00
7.75	24.625	0.0000E+00
7.75	24.875	0.0000E+00
8.25	0.125	4.8704E-03
8.25	0.375	1.3247E-02
8.25	0.625	1.7424E-02
8.25	0.875	1.7962E-02
8.25	1.125	1.6367E-02
8.25	1.375	1.2889E-02
8.25	1.625	8.3681E-03
8.25	1.875	5.3827E-03
8.25	2.125	3.1908E-03
8.25	2.375	1.7813E-03
8.25	2.625	9.1917E-04
8.25	2.875	4.6561E-04
8.25	3.125	2.1780E-04
8.25	3.375	9.7599E-05
8.25	3.625	3.9244E-05
8.25	3.875	1.4404E-05
8.25	4.125	6.5552E-06
8.25	4.375	2.4312E-06
8.25	4.625	7.1321E-07
8.25	4.875	2.5109E-07
8.25	5.125	1.4055E-07
8.25	5.375	2.0255E-08
8.25	5.625	8.6585E-09
8.25	5.875	4.8753E-10
8.25	6.125	0.0000E+00
8.25	6.375	0.0000E+00
8.25	6.625	0.0000E+00
8.25	6.875	0.0000E+00
8.25	7.125	0.0000E+00
8.25	7.375	0.0000E+00
8.25	7.625	0.0000E+00
8.25	7.875	0.0000E+00
8.25	8.125	0.0000E+00
8.25	8.375	0.0000E+00
8.25	8.625	0.0000E+00
8.25	8.875	0.0000E+00
8.25	9.125	0.0000E+00
8.25	9.375	0.0000E+00
8.25	9.625	0.0000E+00
8.25	9.875	0.0000E+00
8.25	10.125	0.0000E+00
8.25	10.375	0.0000E+00
8.25	10.625	0.0000E+00
8.25	10.875	0.0000E+00
8.25	11.125	0.0000E+00
8.25	11.375	0.0000E+00
8.25	11.625	0.0000E+00
8.25	11.875	0.0000E+00
8.25	12.125	0.0000E+00
8.25	12.375	0.0000E+00
8.25	12.625	0.0000E+00
8.25	12.875	0.0000E+00
8.25	13.125	0.0000E+00
8.25	13.375	0.0000E+00
8.25	13.625	0.0000E+00
8.25	13.875	0.0000E+00
8.25	14.125	0.0000E+00
8.25	14.375	0.0000E+00
8.25	14.625	0.0000E+00
8.25	14.875	0.0000E+00
8.25	15.125	0.0000E+00
8.25	15.375	0.0000E+00
8.25	15.625	0.0000E+00
8.25	15.875	0.0000E+00
8.25	16.125	0.0000E+00
8.25	16.375	0.0000E+00
8.25	16.625	0.0000E+00
8.25	16.875	0.0000E+00
8.25	17.125	0.0000E+00
8.25	17.375	0.0000E+00
8.25	17.625	0.0000E+00
8.25	17.875	0.0000E+00
8.25	18.125	0.0000E+00
8.25	18.375	0.0000E+00
8.25	18.625	0.0000E+00
8.25	18.875	0.0000E+00
8.25	19.125	0.0000E+00
8.25	19.375	0.0000E+00
8.25	19.625	0.0000E+00
8.25	19.875	0.0000E+00
8.25	20.125	0.0000E+00
8.25	20.375	0.0000E+00
8.25	20.625	0.0000E+00
8.25	20.875	0.0000E+00
8.25	21.125	0.0000E+00
8.25	21.375	0.0000E+00
8.25	21.625	0.0000E+00
8.25	21.875	0.0000E+00
8.25	22.125	0.0000E+00
8.25	22.375	0.0000E+00
8.25	22.625	0.0000E+00
8.25	22.875	0.0000E+00
8.25	23.125	0.0000E+00
8.25	23.375	0.0000E+00
8.25	23.625	0.0000E+00
8.25	23.875	0.0000E+00
8.25	24.125	0.0000E+00
8.25	24.375	0.0000E+00
8.25	24.625	0.0000E+00
8.25	24.875	0.0000E+00
8.75	0.125	1.7713E-07
8.75	0.375	3.9144E-07
8.75	0.625	3.3094E-07
8.75	0.875	1.5450E-07
8.75	1.125	4.9112E-08
8.75	1.375	9.1544E-09
8.75	1.625	1.1872E-09
8.75	1.875	7.9196E-11
8.75	2.125	1.5151E-12
8.75	2.375	0.0000E+00
8.75	2.625	0.0000E+00
8.75	2.875	0.0000E+00
8.75	3.125	0.0000E+00
8.75	3.375	0.0000E+00
8.75	3.625	0.0000E+00
8.75	3.875	0.0000E+00
8.75	4.125	0.0000E+00
8.75	4.375	0.0000E+00
8.75	4.625	0.0000E+00
8.75	4.875	0.0000E+00
8.75	5.125	0.0000E+00
8.75	5.375	0.0000E+00
8.75	5.625	0.0000E+00
8.75	5.875	0.0000E+00
8.75	6.125	0.0000E+00
8.75	6.375	0.0000E+00
8.75	6.625	0.0000E+00
8.75	6.875	0.0000E+00
8.75	7.125	0.0000E+00
8.75	7.375	0.0000E+00
8.75	7.625	0.0000E+00
8.75	7.875	0.0000E+00
8.75	8.125	0.0000E+00
8.75	8.375	0.0000E+00
8.75	8.625	0.0000E+00
8.75	8.875	0.0000E+00
8.75	9.125	0.0000E+00
8.75	9.375	0.0000E+00
8.75	9.625	0.0000E+00
8.75	9.875	0.0000E+00
8.75	10.125	0.0000E+00
8.75	10.375	0.0000E+00
8.75	10.625	0.0000E+00
8.75	10.875	0.0000E+00
8.75	11.125	0.0000E+00
8.75	11.375	0.0000E+00
8.75	11.625	0.0000E+00
8.75	11.875	0.0000E+00
8.75	12.125	0.0000E+00
8.75	12.375	0.0000E+00
8.75	12.625	0.0000E+00
8.75	12.875	0.0000E+00
8.75	13.125	0.0000E+00
8.75	13.375	0.0000E+00
8.75	13.625	0.0000E+00
8.75	13.875	0.0000E+00
8.75	14.125	0.0000E+00
8.75	14.375	0.0000E+00
8.75	14.625	0.0000E+00
8.75	14.875	0.0000E+00
8.75	15.125	0.0000E+00
8.75	15.375	0.0000E+00
8.75	15.625	0.0000E+00
8.75	15.875	0.0000E+00
8.75	16.125	0.0000E+00
8.75	16.375	0.0000E+00
8.75	16.625	0.0000E+00
8.75	16.875	0.0000E+00
8.75	17.125	0.0000E+00
8.75	17.375	0.0000E+00
8.75	17.625	0.0000E+00
8.75	17.875	0.0000E+00
8.75	18.125	0.0000E+00
8.75	18.375	0.0000E+00
8.75	18.625	0.0000E+00
8.75	18.875	0.0000E+00
8.75	19.125	0.0000E+00
8.75	19.375	0.0000E+00
8.75	19.625	0.0000E+00
8.75	19.875	0.0000E+00
8.75	20.125	0.0000E+00
8.75	20.375	0.0000E+00
8.75	20.625	0.0000E+00
8.75	20.875	0.0000E+00
8.75	21.125	0.0000E+00
8.75	21.375	0.0000E+00
8.75	21.625	0.0000E+00
8.75	21.875	0.0000E+00
8.75	22.125	0.0000E+00
8.75	22.375	0.0000E+00
8.75	22.625	0.0000E+00
8.75	22.875	0.0000E+00
8.75	23.125	0.0000E+00
8.75	23.375	0.0000E+00
8.75	23.625	0.0000E+00
8.75	23.875	0.0000E+00
8.75	24.125	0.0000E+00
8.75	24.375	0.0000E+00
8.75	24.625	0.0000E+00
8.75	24.875	0.0000E+00