11.294627058970837 0.0
14.219093021276404 4200.571416045611
17.900777537149963 1031.0989814565955
22.535743732392298 5345.745983686071
28.370820458389794 11313.687365566913
35.71674682851676 11046.553362018964
44.96472020903849 21242.47037934995
56.60722890537329 17986.37359785944
71.26427896022373 38549.968092278286
89.71641173621407 71226.48224782538
112.94627058970838 110933.97103680615
142.1909302127641 109162.60970671108
179.00777537149963 168651.6914807841
225.35743732392305 219017.7166559185
283.7082045838981 237501.0206067136
357.1674682851676 255411.151842698
449.6472020903849 291912.7527100218
566.0722890537327 291655.7001856016
712.6427896022376 258313.27245591604
897.164117362141 177777.84342171764
1129.4627058970837 117126.31655397732
1421.9093021276408 70826.44936330197
1790.0777537149975 29582.024948078673
2253.5743732392316 10746.13664787542
2837.082045838981 2474.768117346801
3571.674682851676 645.4849462136626
4496.47202090385 90.28876857459545
5660.72289053733 6.404004514683038
7126.427896022379 0.04572255304083228
8971.64117362141 0.0
