0.25 0.125 1716158.65388
0.75 0.125 1858168.97727
1.25 0.125 1932784.57092
1.75 0.125 1971295.84506
2.25 0.125 2310676.44842
2.75 0.125 2428617.22547
3.25 0.125 2905194.24296
3.75 0.125 3413061.67068
4.25 0.125 3790953.54818
4.75 0.125 4173659.33495
5.25 0.125 3995544.69205
5.75 0.125 3364922.57801
6.25 0.125 2741521.32786
6.75 0.125 1711344.74461
7.25 0.125 620994.295512
7.75 0.125 166079.86973
8.25 0.125 4813.90926753
8.75 0.125 0.0
0.25 0.375 4652643.30707
0.75 0.375 4845199.67777
1.25 0.375 5085895.14115
1.75 0.375 5430089.65378
2.25 0.375 6007758.76588
2.75 0.375 6845378.97843
3.25 0.375 7849079.06071
3.75 0.375 8486922.03866
4.25 0.375 9661515.89994
4.75 0.375 9950350.45599
5.25 0.375 9798712.31407
5.75 0.375 8638560.18059
6.25 0.375 6859820.70624
6.75 0.375 4392692.20663
7.25 0.375 2043504.48407
7.75 0.375 464542.244317
8.25 0.375 16848.6824364
8.75 0.375 0.0
0.25 0.625 6520440.10288
0.75 0.625 6818902.47746
1.25 0.625 7100516.16961
1.75 0.625 7832230.37828
2.25 0.625 8506177.67573
2.75 0.625 9314914.43268
3.25 0.625 10874621.0354
3.75 0.625 11695392.5655
4.25 0.625 13211773.9847
4.75 0.625 13250285.2589
5.25 0.625 12694278.7385
5.75 0.625 11293431.1416
6.25 0.625 8316028.25967
6.75 0.625 5256788.92015
7.25 0.625 2515267.59229
7.75 0.625 529530.019429
8.25 0.625 26476.5009714
8.75 0.625 0.0
0.25 0.875 7839451.24218
0.75 0.875 7897218.15339
1.25 0.875 8178831.84554
1.75 0.875 8696327.0918
2.25 0.875 9533947.30435
2.75 0.875 10359532.7437
3.25 0.875 11510057.0587
3.75 0.875 12465618.0483
4.25 0.875 13474132.0398
4.75 0.875 13283982.6238
5.25 0.875 12588372.7346
5.75 0.875 11040700.9051
6.25 0.875 8284737.84943
6.75 0.875 4970361.31873
7.25 0.875 2185514.80746
7.75 0.875 450100.516514
8.25 0.875 16848.6824364
8.75 0.875 0.0
0.25 1.125 8007938.06654
0.75 1.125 8111437.1158
1.25 1.125 8645781.04449
1.75 1.125 9124765.01661
2.25 1.125 9521912.53118
2.75 1.125 10590600.3886
3.25 1.125 11144199.9543
3.75 1.125 11859065.4806
4.25 1.125 12407851.1371
4.75 1.125 12342863.362
5.25 1.125 11199559.9109
5.75 1.125 9341390.93365
6.25 1.125 6828530.296
6.75 1.125 4072567.24033
7.25 1.125 1631915.24169
7.75 1.125 317718.011657
8.25 1.125 4813.90926753
8.75 1.125 0.0
0.25 1.375 8253447.43919
0.75 1.375 8017565.88508
1.25 1.375 8465259.44696
1.75 1.375 9083846.78784
2.25 1.375 9276403.15854
2.75 1.375 9793898.4048
3.25 1.375 10407671.8364
3.75 1.375 10540054.3413
4.25 1.375 10465438.7476
4.75 1.375 10395637.0632
5.25 1.375 9163276.29075
5.75 1.375 7697440.91879
6.25 1.375 5393985.33427
6.75 1.375 2792067.37517
7.25 1.375 1037397.44715
7.75 1.375 197370.279969
8.25 1.375 4813.90926753
8.75 1.375 0.0
0.25 1.625 7711882.64659
0.75 1.625 7646894.87148
1.25 1.625 7750393.92073
1.75 1.625 7988682.42947
2.25 1.625 8580793.26938
2.75 1.625 8874441.7347
3.25 1.625 9331763.11512
3.75 1.625 9283624.02244
4.25 1.625 8888883.4625
4.75 1.625 8190866.61871
5.25 1.625 7283444.72178
5.75 1.625 5543216.52157
6.25 1.625 3795767.45745
6.75 1.625 2091643.57674
7.25 1.625 719679.435496
7.75 1.625 96278.1853507
8.25 1.625 0.0
8.75 1.625 0.0
0.25 1.875 7237712.58374
0.75 1.875 7206422.1735
1.25 1.875 7122178.76132
1.75 1.875 7232898.67447
2.25 1.875 7545802.77686
2.75 1.875 7760021.73927
3.25 1.875 7904439.01729
3.75 1.875 7750393.92073
4.25 1.875 7343618.58762
4.75 1.875 6554137.46775
5.25 1.875 5620239.06985
5.75 1.875 4082195.05887
6.25 1.875 2613952.73227
6.75 1.875 1461021.4627
7.25 1.875 483797.881387
7.75 1.875 62580.8204779
8.25 1.875 0.0
8.75 1.875 0.0
0.25 2.125 6412127.14436
0.75 2.125 6315848.95901
1.25 2.125 6681706.06334
1.75 2.125 6469894.05557
2.25 2.125 6455452.32776
2.75 2.125 6635973.9253
3.25 2.125 6373615.87022
3.75 2.125 6378429.77948
4.25 2.125 5940364.03614
4.75 2.125 5456566.15475
5.25 2.125 4243461.01933
5.75 2.125 3256609.61949
6.25 2.125 1949633.25335
6.75 2.125 921863.624733
7.25 2.125 262358.055081
7.75 2.125 12034.7731688
8.25 2.125 0.0
8.75 2.125 0.0
0.25 2.375 5649122.52545
0.75 2.375 5646715.57082
1.25 2.375 5620239.06985
1.75 2.375 5603390.38741
2.25 2.375 5875376.26103
2.75 2.375 5560065.204
3.25 2.375 5415647.92598
3.75 2.375 5413240.97134
4.25 2.375 5061825.59481
4.75 2.375 4120706.33301
5.25 2.375 3352887.80484
5.75 2.375 2262537.35574
6.25 2.375 1468242.3266
6.75 2.375 657098.615018
7.25 2.375 173300.733631
7.75 2.375 7220.8639013
8.25 2.375 0.0
8.75 2.375 0.0
0.25 2.625 4912594.40752
0.75 2.625 4864455.31484
1.25 2.625 4801874.49437
1.75 2.625 4927036.13532
2.25 2.625 4830757.94997
2.75 2.625 4618945.9422
3.25 2.625 4250681.88323
3.75 2.625 4291600.11201
4.25 2.625 3682640.58966
4.75 2.625 3324004.34923
5.25 2.625 2640429.23324
5.75 2.625 1692089.10754
6.25 2.625 972409.672042
6.75 2.625 452507.471148
7.25 2.625 110719.913153
7.75 2.625 4813.90926753
8.25 2.625 0.0
8.75 2.625 0.0
0.25 2.875 4366215.70565
0.75 2.875 4103857.65057
1.25 2.875 4055718.5579
1.75 2.875 4101450.69594
2.25 2.875 4014800.32912
2.75 2.875 4115892.42374
3.25 2.875 3827057.86769
3.75 2.875 3494898.12823
4.25 2.875 3119413.20536
4.75 2.875 2587476.2313
5.25 2.875 1942412.38945
5.75 2.875 1352708.50418
6.25 2.875 753376.800369
6.75 2.875 279206.737517
7.25 2.875 50546.0473091
7.75 2.875 0.0
8.25 2.875 0.0
8.75 2.875 0.0
0.25 3.125 3660977.99796
0.75 3.125 3612838.90528
1.25 3.125 3586362.40431
1.75 3.125 3632094.54235
2.25 3.125 3463607.71799
2.75 3.125 3401026.89751
3.25 3.125 3109785.38683
3.75 3.125 2775218.69273
4.25 3.125 2553778.86643
4.75 3.125 1961668.02652
5.25 3.125 1542857.92024
5.75 3.125 991665.309112
6.25 3.125 553599.565766
6.75 3.125 257544.145813
7.25 3.125 36104.3195065
7.75 3.125 2406.95463377
8.25 3.125 0.0
8.75 3.125 0.0
0.25 3.375 3244574.84632
0.75 3.375 3039983.70245
1.25 3.375 2917229.01613
1.75 3.375 3078494.97659
2.25 3.375 2890752.51515
2.75 3.375 2890752.51515
3.25 3.375 2580255.3674
3.75 3.375 2459907.63571
4.25 3.375 2156631.35186
4.75 3.375 1564520.51195
5.25 3.375 1172186.90664
5.75 3.375 765411.573538
6.25 3.375 375484.922868
6.75 3.375 228660.690208
7.25 3.375 24069.5463377
7.75 3.375 0.0
8.25 3.375 0.0
8.75 3.375 0.0
0.25 3.625 2565813.6396
0.75 3.625 2674126.59812
1.25 3.625 2580255.3674
1.75 3.625 2568220.59423
2.25 3.625 2435838.08937
2.75 3.625 2305862.53915
3.25 3.625 2108492.25918
3.75 3.625 1896680.25141
4.25 3.625 1735414.29095
4.75 3.625 1316604.18467
5.25 3.625 943526.216437
5.75 3.625 601738.658442
6.25 3.625 281613.692151
6.75 3.625 122754.686322
7.25 3.625 14441.7278026
7.75 3.625 2406.95463377
8.25 3.625 0.0
8.75 3.625 0.0
0.25 3.875 2214398.26307
0.75 3.875 2267351.26501
1.25 3.875 2248095.62794
1.75 3.875 2204770.44453
2.25 3.875 2098864.44064
2.75 3.875 2009807.1192
3.25 3.875 1783553.38362
3.75 3.875 1660798.6973
4.25 3.875 1319011.1393
4.75 3.875 1097571.313
5.25 3.875 661912.524286
5.75 3.875 445286.607247
6.25 3.875 223846.78094
6.75 3.875 67394.7297455
7.25 3.875 7220.8639013
7.75 3.875 0.0
8.25 3.875 0.0
8.75 3.875 0.0
0.25 4.125 1870203.75044
0.75 4.125 1932784.57092
1.25 4.125 1911121.97921
1.75 4.125 1891866.34214
2.25 4.125 1766704.70119
2.75 4.125 1684868.24364
3.25 4.125 1615066.55926
3.75 4.125 1328638.95784
4.25 4.125 1042211.35642
4.75 4.125 844841.076452
5.25 4.125 558413.475034
5.75 4.125 315311.057023
6.25 4.125 127568.59559
6.75 4.125 79429.5029143
7.25 4.125 2406.95463377
7.75 4.125 0.0
8.25 4.125 0.0
8.75 4.125 0.0
0.25 4.375 1540450.96561
0.75 4.375 1810029.88459
1.25 4.375 1535637.05634
1.75 4.375 1617473.51389
2.25 4.375 1439358.87099
2.75 4.375 1439358.87099
3.25 4.375 1227546.86322
3.75 4.375 1167372.99738
4.25 4.375 852061.940354
4.75 4.375 719679.435496
5.25 4.375 551192.611133
5.75 4.375 291241.510686
6.25 4.375 122754.686322
6.75 4.375 36104.3195065
7.25 4.375 4813.90926753
7.75 4.375 0.0
8.25 4.375 0.0
8.75 4.375 0.0
0.25 4.625 1432138.00709
0.75 4.625 1473056.23587
1.25 4.625 1302162.45687
1.75 4.625 1410475.41539
2.25 4.625 1381591.95978
2.75 4.625 1191442.54371
3.25 4.625 1179407.77055
3.75 4.625 972409.672042
4.25 4.625 765411.573538
4.75 4.625 599331.703808
5.25 4.625 385112.741403
5.75 4.625 231067.644842
6.25 4.625 69801.6843792
6.75 4.625 24069.5463377
7.25 4.625 0.0
7.75 4.625 0.0
8.25 4.625 0.0
8.75 4.625 0.0
0.25 4.875 1323825.04857
0.75 4.875 1254023.36419
1.25 4.875 1251616.40956
1.75 4.875 1198663.40762
2.25 4.875 1034990.49252
2.75 4.875 1068687.85739
3.25 4.875 1015734.85545
3.75 4.875 832806.303283
4.25 4.875 575262.15747
4.75 4.875 519902.200894
5.25 4.875 320124.966291
5.75 4.875 180521.597533
6.25 4.875 69801.6843792
6.75 4.875 31290.410239
7.25 4.875 0.0
7.75 4.875 0.0
8.25 4.875 0.0
8.75 4.875 0.0
0.25 5.125 1001293.12765
0.75 5.125 1071094.81203
1.25 5.125 1047025.26569
1.75 5.125 1008513.99155
2.25 5.125 1006107.03691
2.75 5.125 957967.944239
3.25 5.125 770225.482805
3.75 5.125 633029.068681
4.25 5.125 529530.019429
4.75 5.125 375484.922868
5.25 5.125 279206.737517
5.75 5.125 101092.094618
6.25 5.125 48139.0926753
6.75 5.125 7220.8639013
7.25 5.125 2406.95463377
7.75 5.125 0.0
8.25 5.125 0.0
8.75 5.125 0.0
0.25 5.375 1032583.53789
0.75 5.375 917049.715465
1.25 5.375 909828.851564
1.75 5.375 876131.486691
2.25 5.375 856875.849621
2.75 5.375 714865.526229
3.25 5.375 729307.254031
3.75 5.375 594517.79454
4.25 5.375 428437.924811
4.75 5.375 308090.193122
5.25 5.375 197370.279969
5.75 5.375 113126.867787
6.25 5.375 40918.228774
6.75 5.375 14441.7278026
7.25 5.375 4813.90926753
7.75 5.375 0.0
8.25 5.375 0.0
8.75 5.375 0.0
0.25 5.625 813550.666213
0.75 5.625 796701.983777
1.25 5.625 767818.528172
1.75 5.625 806329.802312
2.25 5.625 676354.252089
2.75 5.625 664319.47892
3.25 5.625 608959.522343
3.75 5.625 474170.062852
4.25 5.625 423624.015543
4.75 5.625 259951.100447
5.25 5.625 151638.141927
5.75 5.625 120347.731688
6.25 5.625 40918.228774
6.75 5.625 0.0
7.25 5.625 0.0
7.75 5.625 0.0
8.25 5.625 0.0
8.75 5.625 0.0
0.25 5.875 743748.981834
0.75 5.875 765411.573538
1.25 5.875 637842.977948
1.75 5.875 729307.254031
2.25 5.875 712458.571595
2.75 5.875 563227.384302
3.25 5.875 471763.108218
3.75 5.875 438065.743346
4.25 5.875 293648.46532
4.75 5.875 214218.962405
5.25 5.875 144417.278026
5.75 5.875 108312.95852
6.25 5.875 28883.4556052
6.75 5.875 2406.95463377
7.25 5.875 0.0
7.75 5.875 0.0
8.25 5.875 0.0
8.75 5.875 0.0
0.25 6.125 649877.751117
0.75 6.125 618587.340878
1.25 6.125 618587.340878
1.75 6.125 572855.202837
2.25 6.125 543971.747231
2.75 6.125 505460.473091
3.25 6.125 428437.924811
3.75 6.125 358636.240431
4.25 6.125 262358.055081
4.75 6.125 178114.642899
5.25 6.125 139603.368758
5.75 6.125 79429.5029143
6.25 6.125 24069.5463377
6.75 6.125 2406.95463377
7.25 6.125 0.0
7.75 6.125 0.0
8.25 6.125 0.0
8.75 6.125 0.0
0.25 6.375 587296.930639
0.75 6.375 512681.336992
1.25 6.375 565634.338935
1.75 6.375 536750.88333
2.25 6.375 498239.60919
2.75 6.375 442879.652613
3.25 6.375 365857.104333
3.75 6.375 344194.512629
4.25 6.375 204591.14387
4.75 6.375 190149.416068
5.25 6.375 132382.504857
5.75 6.375 43325.1834078
6.25 6.375 12034.7731688
6.75 6.375 0.0
7.25 6.375 0.0
7.75 6.375 0.0
8.25 6.375 0.0
8.75 6.375 0.0
0.25 6.625 531936.974063
0.75 6.625 500646.563824
1.25 6.625 466949.198951
1.75 6.625 433251.834078
2.25 6.625 430844.879444
2.75 6.625 452507.471148
3.25 6.625 324938.875559
3.75 6.625 298462.374587
4.25 6.625 214218.962405
4.75 6.625 144417.278026
5.25 6.625 84243.4121819
5.75 6.625 48139.0926753
6.25 6.625 12034.7731688
6.75 6.625 0.0
7.25 6.625 0.0
7.75 6.625 0.0
8.25 6.625 0.0
8.75 6.625 0.0
0.25 6.875 503053.518457
0.75 6.875 421217.060909
1.25 6.875 416403.151642
1.75 6.875 392333.605304
2.25 6.875 349008.421896
2.75 6.875 336973.648727
3.25 6.875 271985.873616
3.75 6.875 168486.824364
4.25 6.875 197370.279969
4.75 6.875 151638.141927
5.25 6.875 96278.1853507
5.75 6.875 28883.4556052
6.25 6.875 12034.7731688
6.75 6.875 0.0
7.25 6.875 0.0
7.75 6.875 0.0
8.25 6.875 0.0
8.75 6.875 0.0
0.25 7.125 401961.423839
0.75 7.125 397147.514572
1.25 7.125 416403.151642
1.75 7.125 346601.467262
2.25 7.125 324938.875559
2.75 7.125 327345.830192
3.25 7.125 245509.372644
3.75 7.125 199777.234603
4.25 7.125 190149.416068
4.75 7.125 93871.2307169
5.25 7.125 43325.1834078
5.75 7.125 26476.5009714
6.25 7.125 4813.90926753
6.75 7.125 0.0
7.25 7.125 0.0
7.75 7.125 0.0
8.25 7.125 0.0
8.75 7.125 0.0
0.25 7.375 363450.149699
0.75 7.375 324938.875559
1.25 7.375 322531.920925
1.75 7.375 324938.875559
2.25 7.375 279206.737517
2.75 7.375 262358.055081
3.25 7.375 221439.826307
3.75 7.375 175707.688265
4.25 7.375 127568.59559
4.75 7.375 86650.3668156
5.25 7.375 40918.228774
5.75 7.375 26476.5009714
6.25 7.375 4813.90926753
6.75 7.375 0.0
7.25 7.375 0.0
7.75 7.375 0.0
8.25 7.375 0.0
8.75 7.375 0.0
0.25 7.625 368264.058966
0.75 7.625 276799.782883
1.25 7.625 327345.830192
1.75 7.625 336973.648727
2.25 7.625 267171.964348
2.75 7.625 257544.145813
3.25 7.625 182928.552166
3.75 7.625 178114.642899
4.25 7.625 151638.141927
4.75 7.625 96278.1853507
5.25 7.625 55359.9565766
5.75 7.625 9627.81853507
6.25 7.625 7220.8639013
6.75 7.625 0.0
7.25 7.625 0.0
7.75 7.625 0.0
8.25 7.625 0.0
8.75 7.625 0.0
0.25 7.875 274392.828249
0.75 7.875 247916.327278
1.25 7.875 245509.372644
1.75 7.875 219032.871673
2.25 7.875 231067.644842
2.75 7.875 204591.14387
3.25 7.875 211812.007772
3.75 7.875 120347.731688
4.25 7.875 91464.2760832
4.75 7.875 45732.1380416
5.25 7.875 26476.5009714
5.75 7.875 19255.6370701
6.25 7.875 0.0
6.75 7.875 0.0
7.25 7.875 0.0
7.75 7.875 0.0
8.25 7.875 0.0
8.75 7.875 0.0
0.25 8.125 223846.78094
0.75 8.125 247916.327278
1.25 8.125 250323.281912
1.75 8.125 267171.964348
2.25 8.125 216625.917039
2.75 8.125 194963.325335
3.25 8.125 137196.414125
3.75 8.125 129975.550223
4.25 8.125 105906.003886
4.75 8.125 60173.8658442
5.25 8.125 21662.5917039
5.75 8.125 4813.90926753
6.25 8.125 2406.95463377
6.75 8.125 0.0
7.25 8.125 0.0
7.75 8.125 0.0
8.25 8.125 0.0
8.75 8.125 0.0
0.25 8.375 204591.14387
0.75 8.375 257544.145813
1.25 8.375 216625.917039
1.75 8.375 192556.370701
2.25 8.375 209405.053138
2.75 8.375 194963.325335
3.25 8.375 142010.323392
3.75 8.375 110719.913153
4.25 8.375 52953.0019429
4.75 8.375 38511.2741403
5.25 8.375 38511.2741403
5.75 8.375 21662.5917039
6.25 8.375 0.0
6.75 8.375 0.0
7.25 8.375 0.0
7.75 8.375 0.0
8.25 8.375 0.0
8.75 8.375 0.0
0.25 8.625 185335.5068
0.75 8.625 255137.191179
1.25 8.625 206998.098504
1.75 8.625 190149.416068
2.25 8.625 151638.141927
2.75 8.625 139603.368758
3.25 8.625 127568.59559
3.75 8.625 115533.822421
4.25 8.625 62580.8204779
4.75 8.625 38511.2741403
5.25 8.625 19255.6370701
5.75 8.625 9627.81853507
6.25 8.625 0.0
6.75 8.625 0.0
7.25 8.625 0.0
7.75 8.625 0.0
8.25 8.625 0.0
8.75 8.625 0.0
0.25 8.875 199777.234603
0.75 8.875 168486.824364
1.25 8.875 219032.871673
1.75 8.875 161265.960462
2.25 8.875 93871.2307169
2.75 8.875 129975.550223
3.25 8.875 93871.2307169
3.75 8.875 64987.7751117
4.25 8.875 60173.8658442
4.75 8.875 48139.0926753
5.25 8.875 21662.5917039
5.75 8.875 2406.95463377
6.25 8.875 7220.8639013
6.75 8.875 0.0
7.25 8.875 0.0
7.75 8.875 0.0
8.25 8.875 0.0
8.75 8.875 0.0
0.25 9.125 149231.187294
0.75 9.125 139603.368758
1.25 9.125 158859.005829
1.75 9.125 154045.096561
2.25 9.125 146824.23266
2.75 9.125 120347.731688
3.25 9.125 101092.094618
3.75 9.125 81836.4575481
4.25 9.125 43325.1834078
4.75 9.125 45732.1380416
5.25 9.125 12034.7731688
5.75 9.125 9627.81853507
6.25 9.125 2406.95463377
6.75 9.125 0.0
7.25 9.125 0.0
7.75 9.125 0.0
8.25 9.125 0.0
8.75 9.125 0.0
0.25 9.375 122754.686322
0.75 9.375 151638.141927
1.25 9.375 163672.915096
1.75 9.375 151638.141927
2.25 9.375 127568.59559
2.75 9.375 103499.049252
3.25 9.375 74615.5936468
3.75 9.375 45732.1380416
4.25 9.375 55359.9565766
4.75 9.375 21662.5917039
5.25 9.375 19255.6370701
5.75 9.375 12034.7731688
6.25 9.375 2406.95463377
6.75 9.375 0.0
7.25 9.375 0.0
7.75 9.375 0.0
8.25 9.375 0.0
8.75 9.375 0.0
0.25 9.625 151638.141927
0.75 9.625 156452.051195
1.25 9.625 163672.915096
1.75 9.625 125161.640956
2.25 9.625 137196.414125
2.75 9.625 86650.3668156
3.25 9.625 79429.5029143
3.75 9.625 64987.7751117
4.25 9.625 43325.1834078
4.75 9.625 21662.5917039
5.25 9.625 9627.81853507
5.75 9.625 0.0
6.25 9.625 0.0
6.75 9.625 0.0
7.25 9.625 0.0
7.75 9.625 0.0
8.25 9.625 0.0
8.75 9.625 0.0
0.25 9.875 151638.141927
0.75 9.875 103499.049252
1.25 9.875 146824.23266
1.75 9.875 96278.1853507
2.25 9.875 79429.5029143
2.75 9.875 89057.3214494
3.25 9.875 52953.0019429
3.75 9.875 62580.8204779
4.25 9.875 31290.410239
4.75 9.875 14441.7278026
5.25 9.875 7220.8639013
5.75 9.875 2406.95463377
6.25 9.875 2406.95463377
6.75 9.875 0.0
7.25 9.875 0.0
7.75 9.875 0.0
8.25 9.875 0.0
8.75 9.875 0.0
0.25 10.125 142010.323392
0.75 10.125 113126.867787
1.25 10.125 110719.913153
1.75 10.125 96278.1853507
2.25 10.125 84243.4121819
2.75 10.125 72208.639013
3.25 10.125 64987.7751117
3.75 10.125 62580.8204779
4.25 10.125 33697.3648727
4.75 10.125 31290.410239
5.25 10.125 16848.6824364
5.75 10.125 4813.90926753
6.25 10.125 0.0
6.75 10.125 0.0
7.25 10.125 0.0
7.75 10.125 0.0
8.25 10.125 0.0
8.75 10.125 0.0
0.25 10.375 149231.187294
0.75 10.375 96278.1853507
1.25 10.375 91464.2760832
1.75 10.375 98685.1399845
2.25 10.375 62580.8204779
2.75 10.375 55359.9565766
3.25 10.375 38511.2741403
3.75 10.375 33697.3648727
4.25 10.375 21662.5917039
4.75 10.375 21662.5917039
5.25 10.375 7220.8639013
5.75 10.375 0.0
6.25 10.375 2406.95463377
6.75 10.375 0.0
7.25 10.375 0.0
7.75 10.375 0.0
8.25 10.375 0.0
8.75 10.375 0.0
0.25 10.625 89057.3214494
0.75 10.625 93871.2307169
1.25 10.625 91464.2760832
1.75 10.625 64987.7751117
2.25 10.625 62580.8204779
2.75 10.625 64987.7751117
3.25 10.625 50546.0473091
3.75 10.625 38511.2741403
4.25 10.625 9627.81853507
4.75 10.625 16848.6824364
5.25 10.625 9627.81853507
5.75 10.625 0.0
6.25 10.625 0.0
6.75 10.625 0.0
7.25 10.625 0.0
7.75 10.625 0.0
8.25 10.625 0.0
8.75 10.625 0.0
0.25 10.875 74615.5936468
0.75 10.875 93871.2307169
1.25 10.875 74615.5936468
1.75 10.875 64987.7751117
2.25 10.875 89057.3214494
2.75 10.875 60173.8658442
3.25 10.875 31290.410239
3.75 10.875 50546.0473091
4.25 10.875 28883.4556052
4.75 10.875 19255.6370701
5.25 10.875 2406.95463377
5.75 10.875 2406.95463377
6.25 10.875 0.0
6.75 10.875 0.0
7.25 10.875 0.0
7.75 10.875 0.0
8.25 10.875 0.0
8.75 10.875 0.0
0.25 11.125 81836.4575481
0.75 11.125 74615.5936468
1.25 11.125 69801.6843792
1.75 11.125 89057.3214494
2.25 11.125 57766.9112104
2.75 11.125 48139.0926753
3.25 11.125 48139.0926753
3.75 11.125 31290.410239
4.25 11.125 19255.6370701
4.75 11.125 14441.7278026
5.25 11.125 4813.90926753
5.75 11.125 0.0
6.25 11.125 0.0
6.75 11.125 0.0
7.25 11.125 0.0
7.75 11.125 0.0
8.25 11.125 0.0
8.75 11.125 0.0
0.25 11.375 74615.5936468
0.75 11.375 72208.639013
1.25 11.375 84243.4121819
1.75 11.375 40918.228774
2.25 11.375 52953.0019429
2.75 11.375 55359.9565766
3.25 11.375 48139.0926753
3.75 11.375 38511.2741403
4.25 11.375 28883.4556052
4.75 11.375 14441.7278026
5.25 11.375 4813.90926753
5.75 11.375 2406.95463377
6.25 11.375 0.0
6.75 11.375 0.0
7.25 11.375 0.0
7.75 11.375 0.0
8.25 11.375 0.0
8.75 11.375 0.0
0.25 11.625 60173.8658442
0.75 11.625 48139.0926753
1.25 11.625 64987.7751117
1.75 11.625 55359.9565766
2.25 11.625 67394.7297455
2.75 11.625 60173.8658442
3.25 11.625 57766.9112104
3.75 11.625 16848.6824364
4.25 11.625 9627.81853507
4.75 11.625 4813.90926753
5.25 11.625 2406.95463377
5.75 11.625 0.0
6.25 11.625 0.0
6.75 11.625 0.0
7.25 11.625 0.0
7.75 11.625 0.0
8.25 11.625 0.0
8.75 11.625 0.0
0.25 11.875 60173.8658442
0.75 11.875 81836.4575481
1.25 11.875 79429.5029143
1.75 11.875 45732.1380416
2.25 11.875 36104.3195065
2.75 11.875 55359.9565766
3.25 11.875 24069.5463377
3.75 11.875 26476.5009714
4.25 11.875 12034.7731688
4.75 11.875 9627.81853507
5.25 11.875 0.0
5.75 11.875 0.0
6.25 11.875 0.0
6.75 11.875 0.0
7.25 11.875 0.0
7.75 11.875 0.0
8.25 11.875 0.0
8.75 11.875 0.0
0.25 12.125 67394.7297455
0.75 12.125 64987.7751117
1.25 12.125 55359.9565766
1.75 12.125 55359.9565766
2.25 12.125 64987.7751117
2.75 12.125 40918.228774
3.25 12.125 52953.0019429
3.75 12.125 24069.5463377
4.25 12.125 21662.5917039
4.75 12.125 9627.81853507
5.25 12.125 0.0
5.75 12.125 2406.95463377
6.25 12.125 0.0
6.75 12.125 0.0
7.25 12.125 0.0
7.75 12.125 0.0
8.25 12.125 0.0
8.75 12.125 0.0
0.25 12.375 50546.0473091
0.75 12.375 48139.0926753
1.25 12.375 60173.8658442
1.75 12.375 57766.9112104
2.25 12.375 43325.1834078
2.75 12.375 43325.1834078
3.25 12.375 33697.3648727
3.75 12.375 26476.5009714
4.25 12.375 9627.81853507
4.75 12.375 4813.90926753
5.25 12.375 4813.90926753
5.75 12.375 2406.95463377
6.25 12.375 0.0
6.75 12.375 0.0
7.25 12.375 0.0
7.75 12.375 0.0
8.25 12.375 0.0
8.75 12.375 0.0
0.25 12.625 62580.8204779
0.75 12.625 26476.5009714
1.25 12.625 33697.3648727
1.75 12.625 28883.4556052
2.25 12.625 40918.228774
2.75 12.625 21662.5917039
3.25 12.625 38511.2741403
3.75 12.625 19255.6370701
4.25 12.625 24069.5463377
4.75 12.625 4813.90926753
5.25 12.625 2406.95463377
5.75 12.625 2406.95463377
6.25 12.625 0.0
6.75 12.625 0.0
7.25 12.625 0.0
7.75 12.625 0.0
8.25 12.625 0.0
8.75 12.625 0.0
0.25 12.875 43325.1834078
0.75 12.875 31290.410239
1.25 12.875 38511.2741403
1.75 12.875 33697.3648727
2.25 12.875 38511.2741403
2.75 12.875 33697.3648727
3.25 12.875 28883.4556052
3.75 12.875 21662.5917039
4.25 12.875 24069.5463377
4.75 12.875 7220.8639013
5.25 12.875 0.0
5.75 12.875 0.0
6.25 12.875 0.0
6.75 12.875 0.0
7.25 12.875 0.0
7.75 12.875 0.0
8.25 12.875 0.0
8.75 12.875 0.0
0.25 13.125 43325.1834078
0.75 13.125 40918.228774
1.25 13.125 36104.3195065
1.75 13.125 50546.0473091
2.25 13.125 26476.5009714
2.75 13.125 26476.5009714
3.25 13.125 26476.5009714
3.75 13.125 14441.7278026
4.25 13.125 7220.8639013
4.75 13.125 9627.81853507
5.25 13.125 2406.95463377
5.75 13.125 2406.95463377
6.25 13.125 0.0
6.75 13.125 0.0
7.25 13.125 0.0
7.75 13.125 0.0
8.25 13.125 0.0
8.75 13.125 0.0
0.25 13.375 36104.3195065
0.75 13.375 19255.6370701
1.25 13.375 24069.5463377
1.75 13.375 38511.2741403
2.25 13.375 62580.8204779
2.75 13.375 19255.6370701
3.25 13.375 9627.81853507
3.75 13.375 14441.7278026
4.25 13.375 7220.8639013
4.75 13.375 4813.90926753
5.25 13.375 0.0
5.75 13.375 0.0
6.25 13.375 0.0
6.75 13.375 0.0
7.25 13.375 0.0
7.75 13.375 0.0
8.25 13.375 0.0
8.75 13.375 0.0
0.25 13.625 36104.3195065
0.75 13.625 33697.3648727
1.25 13.625 45732.1380416
1.75 13.625 40918.228774
2.25 13.625 28883.4556052
2.75 13.625 28883.4556052
3.25 13.625 16848.6824364
3.75 13.625 14441.7278026
4.25 13.625 12034.7731688
4.75 13.625 4813.90926753
5.25 13.625 2406.95463377
5.75 13.625 0.0
6.25 13.625 0.0
6.75 13.625 0.0
7.25 13.625 0.0
7.75 13.625 0.0
8.25 13.625 0.0
8.75 13.625 0.0
0.25 13.875 40918.228774
0.75 13.875 26476.5009714
1.25 13.875 43325.1834078
1.75 13.875 40918.228774
2.25 13.875 12034.7731688
2.75 13.875 19255.6370701
3.25 13.875 14441.7278026
3.75 13.875 14441.7278026
4.25 13.875 4813.90926753
4.75 13.875 2406.95463377
5.25 13.875 0.0
5.75 13.875 0.0
6.25 13.875 0.0
6.75 13.875 0.0
7.25 13.875 0.0
7.75 13.875 0.0
8.25 13.875 0.0
8.75 13.875 0.0
0.25 14.125 24069.5463377
0.75 14.125 33697.3648727
1.25 14.125 24069.5463377
1.75 14.125 21662.5917039
2.25 14.125 33697.3648727
2.75 14.125 9627.81853507
3.25 14.125 9627.81853507
3.75 14.125 14441.7278026
4.25 14.125 0.0
4.75 14.125 2406.95463377
5.25 14.125 7220.8639013
5.75 14.125 0.0
6.25 14.125 0.0
6.75 14.125 0.0
7.25 14.125 0.0
7.75 14.125 0.0
8.25 14.125 0.0
8.75 14.125 0.0
0.25 14.375 19255.6370701
0.75 14.375 43325.1834078
1.25 14.375 26476.5009714
1.75 14.375 28883.4556052
2.25 14.375 21662.5917039
2.75 14.375 12034.7731688
3.25 14.375 12034.7731688
3.75 14.375 19255.6370701
4.25 14.375 2406.95463377
4.75 14.375 0.0
5.25 14.375 2406.95463377
5.75 14.375 0.0
6.25 14.375 0.0
6.75 14.375 0.0
7.25 14.375 0.0
7.75 14.375 0.0
8.25 14.375 0.0
8.75 14.375 0.0
0.25 14.625 24069.5463377
0.75 14.625 21662.5917039
1.25 14.625 43325.1834078
1.75 14.625 9627.81853507
2.25 14.625 12034.7731688
2.75 14.625 31290.410239
3.25 14.625 7220.8639013
3.75 14.625 7220.8639013
4.25 14.625 2406.95463377
4.75 14.625 4813.90926753
5.25 14.625 0.0
5.75 14.625 0.0
6.25 14.625 0.0
6.75 14.625 0.0
7.25 14.625 0.0
7.75 14.625 0.0
8.25 14.625 0.0
8.75 14.625 0.0
0.25 14.875 21662.5917039
0.75 14.875 21662.5917039
1.25 14.875 24069.5463377
1.75 14.875 33697.3648727
2.25 14.875 16848.6824364
2.75 14.875 9627.81853507
3.25 14.875 2406.95463377
3.75 14.875 9627.81853507
4.25 14.875 2406.95463377
4.75 14.875 7220.8639013
5.25 14.875 0.0
5.75 14.875 0.0
6.25 14.875 0.0
6.75 14.875 0.0
7.25 14.875 0.0
7.75 14.875 0.0
8.25 14.875 0.0
8.75 14.875 0.0
0.25 15.125 36104.3195065
0.75 15.125 19255.6370701
1.25 15.125 21662.5917039
1.75 15.125 16848.6824364
2.25 15.125 26476.5009714
2.75 15.125 7220.8639013
3.25 15.125 7220.8639013
3.75 15.125 12034.7731688
4.25 15.125 4813.90926753
4.75 15.125 7220.8639013
5.25 15.125 2406.95463377
5.75 15.125 0.0
6.25 15.125 0.0
6.75 15.125 0.0
7.25 15.125 0.0
7.75 15.125 0.0
8.25 15.125 0.0
8.75 15.125 0.0
0.25 15.375 16848.6824364
0.75 15.375 21662.5917039
1.25 15.375 28883.4556052
1.75 15.375 16848.6824364
2.25 15.375 9627.81853507
2.75 15.375 21662.5917039
3.25 15.375 9627.81853507
3.75 15.375 7220.8639013
4.25 15.375 7220.8639013
4.75 15.375 2406.95463377
5.25 15.375 0.0
5.75 15.375 0.0
6.25 15.375 0.0
6.75 15.375 0.0
7.25 15.375 0.0
7.75 15.375 0.0
8.25 15.375 0.0
8.75 15.375 0.0
0.25 15.625 38511.2741403
0.75 15.625 21662.5917039
1.25 15.625 14441.7278026
1.75 15.625 16848.6824364
2.25 15.625 16848.6824364
2.75 15.625 26476.5009714
3.25 15.625 7220.8639013
3.75 15.625 12034.7731688
4.25 15.625 7220.8639013
4.75 15.625 4813.90926753
5.25 15.625 2406.95463377
5.75 15.625 0.0
6.25 15.625 0.0
6.75 15.625 0.0
7.25 15.625 0.0
7.75 15.625 0.0
8.25 15.625 0.0
8.75 15.625 0.0
0.25 15.875 24069.5463377
0.75 15.875 21662.5917039
1.25 15.875 24069.5463377
1.75 15.875 21662.5917039
2.25 15.875 21662.5917039
2.75 15.875 2406.95463377
3.25 15.875 12034.7731688
3.75 15.875 12034.7731688
4.25 15.875 2406.95463377
4.75 15.875 4813.90926753
5.25 15.875 2406.95463377
5.75 15.875 2406.95463377
6.25 15.875 0.0
6.75 15.875 0.0
7.25 15.875 0.0
7.75 15.875 0.0
8.25 15.875 0.0
8.75 15.875 0.0
0.25 16.125 19255.6370701
0.75 16.125 26476.5009714
1.25 16.125 16848.6824364
1.75 16.125 12034.7731688
2.25 16.125 16848.6824364
2.75 16.125 7220.8639013
3.25 16.125 16848.6824364
3.75 16.125 7220.8639013
4.25 16.125 2406.95463377
4.75 16.125 0.0
5.25 16.125 0.0
5.75 16.125 0.0
6.25 16.125 0.0
6.75 16.125 0.0
7.25 16.125 0.0
7.75 16.125 0.0
8.25 16.125 0.0
8.75 16.125 0.0
0.25 16.375 16848.6824364
0.75 16.375 9627.81853507
1.25 16.375 19255.6370701
1.75 16.375 7220.8639013
2.25 16.375 12034.7731688
2.75 16.375 7220.8639013
3.25 16.375 16848.6824364
3.75 16.375 7220.8639013
4.25 16.375 0.0
4.75 16.375 0.0
5.25 16.375 0.0
5.75 16.375 0.0
6.25 16.375 0.0
6.75 16.375 0.0
7.25 16.375 0.0
7.75 16.375 0.0
8.25 16.375 0.0
8.75 16.375 0.0
0.25 16.625 7220.8639013
0.75 16.625 24069.5463377
1.25 16.625 14441.7278026
1.75 16.625 16848.6824364
2.25 16.625 12034.7731688
2.75 16.625 4813.90926753
3.25 16.625 2406.95463377
3.75 16.625 4813.90926753
4.25 16.625 0.0
4.75 16.625 0.0
5.25 16.625 0.0
5.75 16.625 2406.95463377
6.25 16.625 0.0
6.75 16.625 0.0
7.25 16.625 0.0
7.75 16.625 0.0
8.25 16.625 0.0
8.75 16.625 0.0
0.25 16.875 19255.6370701
0.75 16.875 16848.6824364
1.25 16.875 9627.81853507
1.75 16.875 12034.7731688
2.25 16.875 9627.81853507
2.75 16.875 16848.6824364
3.25 16.875 9627.81853507
3.75 16.875 0.0
4.25 16.875 0.0
4.75 16.875 0.0
5.25 16.875 0.0
5.75 16.875 0.0
6.25 16.875 0.0
6.75 16.875 0.0
7.25 16.875 0.0
7.75 16.875 0.0
8.25 16.875 0.0
8.75 16.875 0.0
0.25 17.125 16848.6824364
0.75 17.125 14441.7278026
1.25 17.125 14441.7278026
1.75 17.125 14441.7278026
2.25 17.125 9627.81853507
2.75 17.125 0.0
3.25 17.125 2406.95463377
3.75 17.125 2406.95463377
4.25 17.125 2406.95463377
4.75 17.125 0.0
5.25 17.125 0.0
5.75 17.125 0.0
6.25 17.125 0.0
6.75 17.125 0.0
7.25 17.125 0.0
7.75 17.125 0.0
8.25 17.125 0.0
8.75 17.125 0.0
0.25 17.375 9627.81853507
0.75 17.375 14441.7278026
1.25 17.375 7220.8639013
1.75 17.375 2406.95463377
2.25 17.375 14441.7278026
2.75 17.375 9627.81853507
3.25 17.375 4813.90926753
3.75 17.375 7220.8639013
4.25 17.375 2406.95463377
4.75 17.375 0.0
5.25 17.375 0.0
5.75 17.375 2406.95463377
6.25 17.375 0.0
6.75 17.375 0.0
7.25 17.375 0.0
7.75 17.375 0.0
8.25 17.375 0.0
8.75 17.375 0.0
0.25 17.625 7220.8639013
0.75 17.625 16848.6824364
1.25 17.625 7220.8639013
1.75 17.625 4813.90926753
2.25 17.625 7220.8639013
2.75 17.625 7220.8639013
3.25 17.625 4813.90926753
3.75 17.625 7220.8639013
4.25 17.625 4813.90926753
4.75 17.625 2406.95463377
5.25 17.625 0.0
5.75 17.625 0.0
6.25 17.625 0.0
6.75 17.625 0.0
7.25 17.625 0.0
7.75 17.625 0.0
8.25 17.625 0.0
8.75 17.625 0.0
0.25 17.875 12034.7731688
0.75 17.875 9627.81853507
1.25 17.875 16848.6824364
1.75 17.875 9627.81853507
2.25 17.875 14441.7278026
2.75 17.875 4813.90926753
3.25 17.875 4813.90926753
3.75 17.875 0.0
4.25 17.875 2406.95463377
4.75 17.875 0.0
5.25 17.875 0.0
5.75 17.875 0.0
6.25 17.875 0.0
6.75 17.875 0.0
7.25 17.875 0.0
7.75 17.875 0.0
8.25 17.875 0.0
8.75 17.875 0.0
0.25 18.125 14441.7278026
0.75 18.125 14441.7278026
1.25 18.125 12034.7731688
1.75 18.125 9627.81853507
2.25 18.125 12034.7731688
2.75 18.125 9627.81853507
3.25 18.125 4813.90926753
3.75 18.125 0.0
4.25 18.125 0.0
4.75 18.125 0.0
5.25 18.125 0.0
5.75 18.125 0.0
6.25 18.125 0.0
6.75 18.125 0.0
7.25 18.125 0.0
7.75 18.125 0.0
8.25 18.125 0.0
8.75 18.125 0.0
0.25 18.375 7220.8639013
0.75 18.375 7220.8639013
1.25 18.375 7220.8639013
1.75 18.375 9627.81853507
2.25 18.375 9627.81853507
2.75 18.375 9627.81853507
3.25 18.375 9627.81853507
3.75 18.375 4813.90926753
4.25 18.375 4813.90926753
4.75 18.375 0.0
5.25 18.375 0.0
5.75 18.375 0.0
6.25 18.375 0.0
6.75 18.375 0.0
7.25 18.375 0.0
7.75 18.375 0.0
8.25 18.375 0.0
8.75 18.375 0.0
0.25 18.625 16848.6824364
0.75 18.625 4813.90926753
1.25 18.625 4813.90926753
1.75 18.625 14441.7278026
2.25 18.625 0.0
2.75 18.625 4813.90926753
3.25 18.625 2406.95463377
3.75 18.625 4813.90926753
4.25 18.625 2406.95463377
4.75 18.625 0.0
5.25 18.625 0.0
5.75 18.625 0.0
6.25 18.625 0.0
6.75 18.625 0.0
7.25 18.625 0.0
7.75 18.625 0.0
8.25 18.625 0.0
8.75 18.625 0.0
0.25 18.875 4813.90926753
0.75 18.875 14441.7278026
1.25 18.875 7220.8639013
1.75 18.875 9627.81853507
2.25 18.875 7220.8639013
2.75 18.875 4813.90926753
3.25 18.875 9627.81853507
3.75 18.875 2406.95463377
4.25 18.875 0.0
4.75 18.875 2406.95463377
5.25 18.875 0.0
5.75 18.875 0.0
6.25 18.875 0.0
6.75 18.875 0.0
7.25 18.875 0.0
7.75 18.875 0.0
8.25 18.875 0.0
8.75 18.875 0.0
0.25 19.125 12034.7731688
0.75 19.125 12034.7731688
1.25 19.125 16848.6824364
1.75 19.125 2406.95463377
2.25 19.125 0.0
2.75 19.125 9627.81853507
3.25 19.125 2406.95463377
3.75 19.125 2406.95463377
4.25 19.125 7220.8639013
4.75 19.125 2406.95463377
5.25 19.125 0.0
5.75 19.125 0.0
6.25 19.125 0.0
6.75 19.125 0.0
7.25 19.125 0.0
7.75 19.125 0.0
8.25 19.125 0.0
8.75 19.125 0.0
0.25 19.375 7220.8639013
0.75 19.375 9627.81853507
1.25 19.375 7220.8639013
1.75 19.375 4813.90926753
2.25 19.375 2406.95463377
2.75 19.375 4813.90926753
3.25 19.375 2406.95463377
3.75 19.375 0.0
4.25 19.375 2406.95463377
4.75 19.375 0.0
5.25 19.375 0.0
5.75 19.375 0.0
6.25 19.375 0.0
6.75 19.375 0.0
7.25 19.375 0.0
7.75 19.375 0.0
8.25 19.375 0.0
8.75 19.375 0.0
0.25 19.625 14441.7278026
0.75 19.625 14441.7278026
1.25 19.625 2406.95463377
1.75 19.625 0.0
2.25 19.625 2406.95463377
2.75 19.625 9627.81853507
3.25 19.625 4813.90926753
3.75 19.625 4813.90926753
4.25 19.625 0.0
4.75 19.625 0.0
5.25 19.625 0.0
5.75 19.625 0.0
6.25 19.625 0.0
6.75 19.625 0.0
7.25 19.625 0.0
7.75 19.625 0.0
8.25 19.625 0.0
8.75 19.625 0.0
0.25 19.875 7220.8639013
0.75 19.875 2406.95463377
1.25 19.875 14441.7278026
1.75 19.875 0.0
2.25 19.875 2406.95463377
2.75 19.875 9627.81853507
3.25 19.875 2406.95463377
3.75 19.875 2406.95463377
4.25 19.875 0.0
4.75 19.875 0.0
5.25 19.875 0.0
5.75 19.875 0.0
6.25 19.875 0.0
6.75 19.875 0.0
7.25 19.875 0.0
7.75 19.875 0.0
8.25 19.875 0.0
8.75 19.875 0.0
0.25 20.125 12034.7731688
0.75 20.125 7220.8639013
1.25 20.125 7220.8639013
1.75 20.125 2406.95463377
2.25 20.125 2406.95463377
2.75 20.125 4813.90926753
3.25 20.125 2406.95463377
3.75 20.125 4813.90926753
4.25 20.125 0.0
4.75 20.125 0.0
5.25 20.125 0.0
5.75 20.125 0.0
6.25 20.125 0.0
6.75 20.125 0.0
7.25 20.125 0.0
7.75 20.125 0.0
8.25 20.125 0.0
8.75 20.125 0.0
0.25 20.375 12034.7731688
0.75 20.375 7220.8639013
1.25 20.375 9627.81853507
1.75 20.375 7220.8639013
2.25 20.375 2406.95463377
2.75 20.375 2406.95463377
3.25 20.375 2406.95463377
3.75 20.375 0.0
4.25 20.375 0.0
4.75 20.375 0.0
5.25 20.375 0.0
5.75 20.375 0.0
6.25 20.375 0.0
6.75 20.375 0.0
7.25 20.375 0.0
7.75 20.375 0.0
8.25 20.375 0.0
8.75 20.375 0.0
0.25 20.625 9627.81853507
0.75 20.625 7220.8639013
1.25 20.625 4813.90926753
1.75 20.625 0.0
2.25 20.625 4813.90926753
2.75 20.625 4813.90926753
3.25 20.625 2406.95463377
3.75 20.625 0.0
4.25 20.625 2406.95463377
4.75 20.625 0.0
5.25 20.625 0.0
5.75 20.625 0.0
6.25 20.625 0.0
6.75 20.625 0.0
7.25 20.625 0.0
7.75 20.625 0.0
8.25 20.625 0.0
8.75 20.625 0.0
0.25 20.875 4813.90926753
0.75 20.875 7220.8639013
1.25 20.875 4813.90926753
1.75 20.875 2406.95463377
2.25 20.875 7220.8639013
2.75 20.875 2406.95463377
3.25 20.875 2406.95463377
3.75 20.875 7220.8639013
4.25 20.875 0.0
4.75 20.875 0.0
5.25 20.875 0.0
5.75 20.875 0.0
6.25 20.875 0.0
6.75 20.875 0.0
7.25 20.875 0.0
7.75 20.875 0.0
8.25 20.875 0.0
8.75 20.875 0.0
0.25 21.125 4813.90926753
0.75 21.125 0.0
1.25 21.125 9627.81853507
1.75 21.125 4813.90926753
2.25 21.125 7220.8639013
2.75 21.125 0.0
3.25 21.125 0.0
3.75 21.125 2406.95463377
4.25 21.125 0.0
4.75 21.125 0.0
5.25 21.125 0.0
5.75 21.125 0.0
6.25 21.125 0.0
6.75 21.125 0.0
7.25 21.125 0.0
7.75 21.125 0.0
8.25 21.125 0.0
8.75 21.125 0.0
0.25 21.375 4813.90926753
0.75 21.375 4813.90926753
1.25 21.375 4813.90926753
1.75 21.375 2406.95463377
2.25 21.375 0.0
2.75 21.375 2406.95463377
3.25 21.375 4813.90926753
3.75 21.375 2406.95463377
4.25 21.375 0.0
4.75 21.375 0.0
5.25 21.375 0.0
5.75 21.375 0.0
6.25 21.375 0.0
6.75 21.375 0.0
7.25 21.375 0.0
7.75 21.375 0.0
8.25 21.375 0.0
8.75 21.375 0.0
0.25 21.625 4813.90926753
0.75 21.625 4813.90926753
1.25 21.625 2406.95463377
1.75 21.625 2406.95463377
2.25 21.625 2406.95463377
2.75 21.625 0.0
3.25 21.625 4813.90926753
3.75 21.625 2406.95463377
4.25 21.625 0.0
4.75 21.625 2406.95463377
5.25 21.625 0.0
5.75 21.625 0.0
6.25 21.625 0.0
6.75 21.625 0.0
7.25 21.625 0.0
7.75 21.625 0.0
8.25 21.625 0.0
8.75 21.625 0.0
0.25 21.875 0.0
0.75 21.875 2406.95463377
1.25 21.875 7220.8639013
1.75 21.875 14441.7278026
2.25 21.875 2406.95463377
2.75 21.875 2406.95463377
3.25 21.875 0.0
3.75 21.875 2406.95463377
4.25 21.875 2406.95463377
4.75 21.875 0.0
5.25 21.875 0.0
5.75 21.875 0.0
6.25 21.875 0.0
6.75 21.875 0.0
7.25 21.875 0.0
7.75 21.875 0.0
8.25 21.875 0.0
8.75 21.875 0.0
0.25 22.125 0.0
0.75 22.125 2406.95463377
1.25 22.125 0.0
1.75 22.125 0.0
2.25 22.125 2406.95463377
2.75 22.125 7220.8639013
3.25 22.125 2406.95463377
3.75 22.125 12034.7731688
4.25 22.125 0.0
4.75 22.125 0.0
5.25 22.125 0.0
5.75 22.125 0.0
6.25 22.125 0.0
6.75 22.125 0.0
7.25 22.125 0.0
7.75 22.125 0.0
8.25 22.125 0.0
8.75 22.125 0.0
0.25 22.375 7220.8639013
0.75 22.375 7220.8639013
1.25 22.375 2406.95463377
1.75 22.375 4813.90926753
2.25 22.375 2406.95463377
2.75 22.375 4813.90926753
3.25 22.375 0.0
3.75 22.375 2406.95463377
4.25 22.375 0.0
4.75 22.375 0.0
5.25 22.375 0.0
5.75 22.375 0.0
6.25 22.375 0.0
6.75 22.375 0.0
7.25 22.375 0.0
7.75 22.375 0.0
8.25 22.375 0.0
8.75 22.375 0.0
0.25 22.625 0.0
0.75 22.625 2406.95463377
1.25 22.625 19255.6370701
1.75 22.625 2406.95463377
2.25 22.625 0.0
2.75 22.625 4813.90926753
3.25 22.625 2406.95463377
3.75 22.625 2406.95463377
4.25 22.625 0.0
4.75 22.625 0.0
5.25 22.625 0.0
5.75 22.625 0.0
6.25 22.625 0.0
6.75 22.625 0.0
7.25 22.625 0.0
7.75 22.625 0.0
8.25 22.625 0.0
8.75 22.625 0.0
0.25 22.875 7220.8639013
0.75 22.875 7220.8639013
1.25 22.875 0.0
1.75 22.875 7220.8639013
2.25 22.875 7220.8639013
2.75 22.875 0.0
3.25 22.875 2406.95463377
3.75 22.875 0.0
4.25 22.875 0.0
4.75 22.875 0.0
5.25 22.875 0.0
5.75 22.875 0.0
6.25 22.875 0.0
6.75 22.875 0.0
7.25 22.875 0.0
7.75 22.875 0.0
8.25 22.875 0.0
8.75 22.875 0.0
0.25 23.125 9627.81853507
0.75 23.125 4813.90926753
1.25 23.125 2406.95463377
1.75 23.125 0.0
2.25 23.125 2406.95463377
2.75 23.125 2406.95463377
3.25 23.125 0.0
3.75 23.125 2406.95463377
4.25 23.125 0.0
4.75 23.125 0.0
5.25 23.125 0.0
5.75 23.125 0.0
6.25 23.125 0.0
6.75 23.125 0.0
7.25 23.125 0.0
7.75 23.125 0.0
8.25 23.125 0.0
8.75 23.125 0.0
0.25 23.375 9627.81853507
0.75 23.375 9627.81853507
1.25 23.375 0.0
1.75 23.375 4813.90926753
2.25 23.375 2406.95463377
2.75 23.375 0.0
3.25 23.375 4813.90926753
3.75 23.375 2406.95463377
4.25 23.375 2406.95463377
4.75 23.375 0.0
5.25 23.375 0.0
5.75 23.375 0.0
6.25 23.375 0.0
6.75 23.375 0.0
7.25 23.375 0.0
7.75 23.375 0.0
8.25 23.375 0.0
8.75 23.375 0.0
0.25 23.625 2406.95463377
0.75 23.625 7220.8639013
1.25 23.625 4813.90926753
1.75 23.625 0.0
2.25 23.625 4813.90926753
2.75 23.625 2406.95463377
3.25 23.625 2406.95463377
3.75 23.625 2406.95463377
4.25 23.625 0.0
4.75 23.625 0.0
5.25 23.625 0.0
5.75 23.625 0.0
6.25 23.625 0.0
6.75 23.625 0.0
7.25 23.625 0.0
7.75 23.625 0.0
8.25 23.625 0.0
8.75 23.625 0.0
0.25 23.875 2406.95463377
0.75 23.875 0.0
1.25 23.875 0.0
1.75 23.875 0.0
2.25 23.875 0.0
2.75 23.875 0.0
3.25 23.875 4813.90926753
3.75 23.875 0.0
4.25 23.875 0.0
4.75 23.875 0.0
5.25 23.875 0.0
5.75 23.875 0.0
6.25 23.875 0.0
6.75 23.875 0.0
7.25 23.875 0.0
7.75 23.875 0.0
8.25 23.875 0.0
8.75 23.875 0.0
0.25 24.125 4813.90926753
0.75 24.125 0.0
1.25 24.125 4813.90926753
1.75 24.125 4813.90926753
2.25 24.125 4813.90926753
2.75 24.125 0.0
3.25 24.125 0.0
3.75 24.125 2406.95463377
4.25 24.125 0.0
4.75 24.125 0.0
5.25 24.125 0.0
5.75 24.125 0.0
6.25 24.125 0.0
6.75 24.125 0.0
7.25 24.125 0.0
7.75 24.125 0.0
8.25 24.125 0.0
8.75 24.125 0.0
0.25 24.375 2406.95463377
0.75 24.375 0.0
1.25 24.375 2406.95463377
1.75 24.375 2406.95463377
2.25 24.375 4813.90926753
2.75 24.375 0.0
3.25 24.375 0.0
3.75 24.375 0.0
4.25 24.375 2406.95463377
4.75 24.375 0.0
5.25 24.375 0.0
5.75 24.375 0.0
6.25 24.375 0.0
6.75 24.375 0.0
7.25 24.375 0.0
7.75 24.375 0.0
8.25 24.375 0.0
8.75 24.375 0.0
0.25 24.625 4813.90926753
0.75 24.625 4813.90926753
1.25 24.625 7220.8639013
1.75 24.625 0.0
2.25 24.625 4813.90926753
2.75 24.625 2406.95463377
3.25 24.625 0.0
3.75 24.625 2406.95463377
4.25 24.625 0.0
4.75 24.625 0.0
5.25 24.625 0.0
5.75 24.625 0.0
6.25 24.625 0.0
6.75 24.625 0.0
7.25 24.625 0.0
7.75 24.625 0.0
8.25 24.625 0.0
8.75 24.625 0.0
0.25 24.875 2406.95463377
0.75 24.875 0.0
1.25 24.875 2406.95463377
1.75 24.875 2406.95463377
2.25 24.875 4813.90926753
2.75 24.875 0.0
3.25 24.875 0.0
3.75 24.875 0.0
4.25 24.875 0.0
4.75 24.875 0.0
5.25 24.875 0.0
5.75 24.875 0.0
6.25 24.875 0.0
6.75 24.875 0.0
7.25 24.875 0.0
7.75 24.875 0.0
8.25 24.875 0.0
8.75 24.875 0.0
0.25 25.125 0.0
0.75 25.125 0.0
1.25 25.125 0.0
1.75 25.125 0.0
2.25 25.125 0.0
2.75 25.125 0.0
3.25 25.125 2406.95463377
3.75 25.125 0.0
4.25 25.125 0.0
4.75 25.125 0.0
5.25 25.125 0.0
5.75 25.125 0.0
6.25 25.125 0.0
6.75 25.125 0.0
7.25 25.125 0.0
7.75 25.125 0.0
8.25 25.125 0.0
8.75 25.125 0.0
0.25 25.375 2406.95463377
0.75 25.375 0.0
1.25 25.375 2406.95463377
1.75 25.375 0.0
2.25 25.375 0.0
2.75 25.375 2406.95463377
3.25 25.375 2406.95463377
3.75 25.375 0.0
4.25 25.375 0.0
4.75 25.375 0.0
5.25 25.375 0.0
5.75 25.375 0.0
6.25 25.375 0.0
6.75 25.375 0.0
7.25 25.375 0.0
7.75 25.375 0.0
8.25 25.375 0.0
8.75 25.375 0.0
0.25 25.625 2406.95463377
0.75 25.625 9627.81853507
1.25 25.625 0.0
1.75 25.625 0.0
2.25 25.625 0.0
2.75 25.625 0.0
3.25 25.625 0.0
3.75 25.625 2406.95463377
4.25 25.625 0.0
4.75 25.625 0.0
5.25 25.625 0.0
5.75 25.625 0.0
6.25 25.625 0.0
6.75 25.625 0.0
7.25 25.625 0.0
7.75 25.625 0.0
8.25 25.625 0.0
8.75 25.625 0.0
0.25 25.875 0.0
0.75 25.875 0.0
1.25 25.875 2406.95463377
1.75 25.875 0.0
2.25 25.875 0.0
2.75 25.875 2406.95463377
3.25 25.875 0.0
3.75 25.875 2406.95463377
4.25 25.875 0.0
4.75 25.875 0.0
5.25 25.875 0.0
5.75 25.875 0.0
6.25 25.875 0.0
6.75 25.875 0.0
7.25 25.875 0.0
7.75 25.875 0.0
8.25 25.875 0.0
8.75 25.875 0.0
0.25 26.125 2406.95463377
0.75 26.125 2406.95463377
1.25 26.125 0.0
1.75 26.125 0.0
2.25 26.125 2406.95463377
2.75 26.125 0.0
3.25 26.125 2406.95463377
3.75 26.125 0.0
4.25 26.125 0.0
4.75 26.125 0.0
5.25 26.125 0.0
5.75 26.125 0.0
6.25 26.125 0.0
6.75 26.125 0.0
7.25 26.125 0.0
7.75 26.125 0.0
8.25 26.125 0.0
8.75 26.125 0.0
0.25 26.375 0.0
0.75 26.375 2406.95463377
1.25 26.375 2406.95463377
1.75 26.375 0.0
2.25 26.375 0.0
2.75 26.375 2406.95463377
3.25 26.375 2406.95463377
3.75 26.375 0.0
4.25 26.375 0.0
4.75 26.375 0.0
5.25 26.375 0.0
5.75 26.375 0.0
6.25 26.375 0.0
6.75 26.375 0.0
7.25 26.375 0.0
7.75 26.375 0.0
8.25 26.375 0.0
8.75 26.375 0.0
0.25 26.625 0.0
0.75 26.625 0.0
1.25 26.625 4813.90926753
1.75 26.625 0.0
2.25 26.625 0.0
2.75 26.625 2406.95463377
3.25 26.625 0.0
3.75 26.625 0.0
4.25 26.625 0.0
4.75 26.625 0.0
5.25 26.625 0.0
5.75 26.625 0.0
6.25 26.625 0.0
6.75 26.625 0.0
7.25 26.625 0.0
7.75 26.625 0.0
8.25 26.625 0.0
8.75 26.625 0.0
0.25 26.875 2406.95463377
0.75 26.875 2406.95463377
1.25 26.875 0.0
1.75 26.875 4813.90926753
2.25 26.875 2406.95463377
2.75 26.875 0.0
3.25 26.875 0.0
3.75 26.875 0.0
4.25 26.875 2406.95463377
4.75 26.875 0.0
5.25 26.875 0.0
5.75 26.875 0.0
6.25 26.875 0.0
6.75 26.875 0.0
7.25 26.875 0.0
7.75 26.875 0.0
8.25 26.875 0.0
8.75 26.875 0.0
0.25 27.125 4813.90926753
0.75 27.125 0.0
1.25 27.125 0.0
1.75 27.125 2406.95463377
2.25 27.125 0.0
2.75 27.125 0.0
3.25 27.125 0.0
3.75 27.125 0.0
4.25 27.125 0.0
4.75 27.125 0.0
5.25 27.125 0.0
5.75 27.125 0.0
6.25 27.125 0.0
6.75 27.125 0.0
7.25 27.125 0.0
7.75 27.125 0.0
8.25 27.125 0.0
8.75 27.125 0.0
0.25 27.375 0.0
0.75 27.375 0.0
1.25 27.375 2406.95463377
1.75 27.375 0.0
2.25 27.375 0.0
2.75 27.375 0.0
3.25 27.375 0.0
3.75 27.375 0.0
4.25 27.375 0.0
4.75 27.375 0.0
5.25 27.375 0.0
5.75 27.375 0.0
6.25 27.375 0.0
6.75 27.375 0.0
7.25 27.375 0.0
7.75 27.375 0.0
8.25 27.375 0.0
8.75 27.375 0.0
0.25 27.625 2406.95463377
0.75 27.625 2406.95463377
1.25 27.625 0.0
1.75 27.625 0.0
2.25 27.625 4813.90926753
2.75 27.625 0.0
3.25 27.625 0.0
3.75 27.625 0.0
4.25 27.625 0.0
4.75 27.625 0.0
5.25 27.625 0.0
5.75 27.625 0.0
6.25 27.625 0.0
6.75 27.625 0.0
7.25 27.625 0.0
7.75 27.625 0.0
8.25 27.625 0.0
8.75 27.625 0.0
0.25 27.875 0.0
0.75 27.875 4813.90926753
1.25 27.875 4813.90926753
1.75 27.875 2406.95463377
2.25 27.875 0.0
2.75 27.875 0.0
3.25 27.875 0.0
3.75 27.875 0.0
4.25 27.875 0.0
4.75 27.875 0.0
5.25 27.875 0.0
5.75 27.875 0.0
6.25 27.875 0.0
6.75 27.875 0.0
7.25 27.875 0.0
7.75 27.875 0.0
8.25 27.875 0.0
8.75 27.875 0.0
0.25 28.125 0.0
0.75 28.125 4813.90926753
1.25 28.125 2406.95463377
1.75 28.125 0.0
2.25 28.125 0.0
2.75 28.125 2406.95463377
3.25 28.125 0.0
3.75 28.125 0.0
4.25 28.125 0.0
4.75 28.125 0.0
5.25 28.125 0.0
5.75 28.125 0.0
6.25 28.125 0.0
6.75 28.125 0.0
7.25 28.125 0.0
7.75 28.125 0.0
8.25 28.125 0.0
8.75 28.125 0.0
0.25 28.375 0.0
0.75 28.375 2406.95463377
1.25 28.375 0.0
1.75 28.375 2406.95463377
2.25 28.375 2406.95463377
2.75 28.375 0.0
3.25 28.375 2406.95463377
3.75 28.375 0.0
4.25 28.375 0.0
4.75 28.375 0.0
5.25 28.375 0.0
5.75 28.375 0.0
6.25 28.375 0.0
6.75 28.375 0.0
7.25 28.375 0.0
7.75 28.375 0.0
8.25 28.375 0.0
8.75 28.375 0.0
0.25 28.625 4813.90926753
0.75 28.625 0.0
1.25 28.625 0.0
1.75 28.625 2406.95463377
2.25 28.625 2406.95463377
2.75 28.625 0.0
3.25 28.625 0.0
3.75 28.625 0.0
4.25 28.625 0.0
4.75 28.625 0.0
5.25 28.625 0.0
5.75 28.625 0.0
6.25 28.625 0.0
6.75 28.625 0.0
7.25 28.625 0.0
7.75 28.625 0.0
8.25 28.625 0.0
8.75 28.625 0.0
0.25 28.875 0.0
0.75 28.875 0.0
1.25 28.875 0.0
1.75 28.875 0.0
2.25 28.875 0.0
2.75 28.875 2406.95463377
3.25 28.875 0.0
3.75 28.875 0.0
4.25 28.875 2406.95463377
4.75 28.875 0.0
5.25 28.875 0.0
5.75 28.875 0.0
6.25 28.875 0.0
6.75 28.875 0.0
7.25 28.875 0.0
7.75 28.875 0.0
8.25 28.875 0.0
8.75 28.875 0.0
0.25 29.125 2406.95463377
0.75 29.125 0.0
1.25 29.125 0.0
1.75 29.125 0.0
2.25 29.125 0.0
2.75 29.125 0.0
3.25 29.125 0.0
3.75 29.125 0.0
4.25 29.125 0.0
4.75 29.125 0.0
5.25 29.125 0.0
5.75 29.125 0.0
6.25 29.125 0.0
6.75 29.125 0.0
7.25 29.125 0.0
7.75 29.125 0.0
8.25 29.125 0.0
8.75 29.125 0.0
0.25 29.375 0.0
0.75 29.375 0.0
1.25 29.375 2406.95463377
1.75 29.375 2406.95463377
2.25 29.375 4813.90926753
2.75 29.375 2406.95463377
3.25 29.375 0.0
3.75 29.375 0.0
4.25 29.375 0.0
4.75 29.375 0.0
5.25 29.375 0.0
5.75 29.375 0.0
6.25 29.375 0.0
6.75 29.375 0.0
7.25 29.375 0.0
7.75 29.375 0.0
8.25 29.375 0.0
8.75 29.375 0.0
0.25 29.625 2406.95463377
0.75 29.625 0.0
1.25 29.625 0.0
1.75 29.625 2406.95463377
2.25 29.625 0.0
2.75 29.625 0.0
3.25 29.625 0.0
3.75 29.625 0.0
4.25 29.625 0.0
4.75 29.625 0.0
5.25 29.625 0.0
5.75 29.625 0.0
6.25 29.625 0.0
6.75 29.625 0.0
7.25 29.625 0.0
7.75 29.625 0.0
8.25 29.625 0.0
8.75 29.625 0.0
0.25 29.875 0.0
0.75 29.875 0.0
1.25 29.875 0.0
1.75 29.875 0.0
2.25 29.875 0.0
2.75 29.875 0.0
3.25 29.875 2406.95463377
3.75 29.875 0.0
4.25 29.875 0.0
4.75 29.875 0.0
5.25 29.875 0.0
5.75 29.875 0.0
6.25 29.875 0.0
6.75 29.875 0.0
7.25 29.875 0.0
7.75 29.875 0.0
8.25 29.875 0.0
8.75 29.875 0.0
