0.25 0.125 19647970.6754
0.75 0.125 20774425.444
1.25 0.125 21946612.3507
1.75 0.125 24156196.7045
2.25 0.125 26876055.4406
2.75 0.125 30072491.1943
3.25 0.125 34315952.2136
3.75 0.125 38749562.649
4.25 0.125 43159103.5381
4.75 0.125 46097995.1459
5.25 0.125 45585313.8089
5.75 0.125 40080608.5615
6.25 0.125 31757359.4379
6.75 0.125 20615566.4382
7.25 0.125 9726503.67505
7.75 0.125 2546558.00253
8.25 0.125 197370.279969
8.75 0.125 0.0
0.25 0.375 52565482.2468
0.75 0.375 54630649.3226
1.25 0.375 56394947.0692
1.75 0.375 62684319.5272
2.25 0.375 69110888.3994
2.75 0.375 78088829.1833
3.25 0.375 87454289.6633
3.75 0.375 99221890.8678
4.25 0.375 109470703.698
4.75 0.375 115538636.33
5.25 0.375 113124460.832
5.75 0.375 100179858.812
6.25 0.375 77058652.6001
6.75 0.375 50567709.9008
7.25 0.375 24153789.7499
7.75 0.375 6219570.77365
8.25 0.375 373077.968234
8.75 0.375 2406.95463377
0.25 0.625 73590230.9728
0.75 0.625 74350828.6371
1.25 0.625 79573920.1923
1.75 0.625 85314506.9939
2.25 0.625 93310410.2873
2.75 0.625 104712154.387
3.25 0.625 114419402.425
3.75 0.625 128122195.155
4.25 0.625 137114577.667
4.75 0.625 141362852.596
5.25 0.625 135920728.169
5.75 0.625 119902445.081
6.25 0.625 90694050.6003
6.75 0.625 57374577.6051
7.25 0.625 26897718.0323
7.75 0.625 6857413.7516
8.25 0.625 401961.423839
8.75 0.625 0.0
0.25 0.875 82895517.5869
0.75 0.875 84628524.9233
1.25 0.875 88961043.264
1.75 0.875 95353914.7713
2.25 0.875 101469986.496
2.75 0.875 111699543.689
3.25 0.875 119736365.211
3.75 0.875 130351035.146
4.25 0.875 137733165.008
4.75 0.875 138837957.185
5.25 0.875 131130888.448
5.75 0.875 110358869.958
6.25 0.875 82195093.7885
6.75 0.875 51193518.1056
7.25 0.875 23323390.4012
7.75 0.875 5328997.55916
8.25 0.875 279206.737517
8.75 0.875 0.0
0.25 1.125 85742944.9187
0.75 1.125 87803298.0852
1.25 1.125 91204324.9827
1.75 1.125 94653490.9729
2.25 1.125 99111170.9546
2.75 1.125 107848416.275
3.25 1.125 113536050.075
3.75 1.125 121633045.463
4.25 1.125 122436968.31
4.75 1.125 119965025.902
5.25 1.125 110914876.479
5.75 1.125 90046579.8039
6.25 1.125 66306786.251
6.75 1.125 39454800.3567
7.25 1.125 16677788.6574
7.75 1.125 3384178.21508
8.25 1.125 154045.096561
8.75 1.125 0.0
0.25 1.375 82941249.725
0.75 1.375 84744058.7457
1.25 1.375 87264140.2472
1.75 1.375 90773480.1033
2.25 1.375 92896414.0902
2.75 1.375 97407047.0739
3.25 1.375 101619217.683
3.75 1.375 104779549.117
4.25 1.375 103275202.471
4.75 1.375 99515539.3331
5.25 1.375 88017517.0476
5.75 1.375 70213273.6216
6.25 1.375 48565123.6455
6.75 1.375 27338190.7303
7.25 1.375 11298245.0509
7.75 1.375 2151817.44259
8.25 1.375 79429.5029143
8.75 1.375 0.0
0.25 1.625 76962374.4147
0.75 1.625 78543743.6091
1.25 1.625 80336924.8112
1.75 1.625 81708888.9525
2.25 1.625 84082146.2214
2.75 1.625 85049741.9842
3.25 1.625 86563716.4488
3.75 1.625 86212301.0723
4.25 1.625 85225449.6724
4.75 1.625 78093643.0926
5.25 1.625 67252719.4221
5.75 1.625 52428285.8327
6.25 1.625 34072849.7956
6.75 1.625 18244716.124
7.25 1.625 7054784.03157
7.75 1.625 1114419.99543
8.25 1.625 16848.6824364
8.75 1.625 0.0
0.25 1.875 69604314.0993
0.75 1.875 70044786.7973
1.25 1.875 71192904.1576
1.75 1.875 71248264.1141
2.25 1.875 73130502.6377
2.75 1.875 73099212.2275
3.25 1.875 73465069.3318
3.75 1.875 71332507.5263
4.25 1.875 67994061.4493
4.75 1.875 60838185.3231
5.25 1.875 50777114.954
5.75 1.875 37336680.279
6.25 1.875 23393192.0856
6.75 1.875 12484873.6854
7.25 1.875 4207356.69982
7.75 1.875 503053.518457
8.25 1.875 0.0
8.75 1.875 0.0
0.25 2.125 60332724.85
0.75 2.125 61408633.5713
1.25 2.125 62296799.8312
1.75 2.125 62130719.9614
2.25 2.125 63052583.5862
2.75 2.125 62876875.8979
3.25 2.125 60313469.2129
3.75 2.125 57827085.0763
4.25 2.125 53841168.2027
4.75 2.125 47303879.4174
5.25 2.125 37762711.2492
5.75 2.125 27521119.2825
6.25 2.125 17067715.308
6.75 2.125 8279923.94016
7.25 2.125 2666905.73421
7.75 2.125 250323.281912
8.25 2.125 7220.8639013
8.75 2.125 0.0
0.25 2.375 52628063.0673
0.75 2.375 53294789.5009
1.25 2.375 54394767.7685
1.75 2.375 53073349.6746
2.25 2.375 53191290.4516
2.75 2.375 52019103.545
3.25 2.375 50341456.1652
3.75 2.375 47563830.5179
4.25 2.375 42270937.2782
4.75 2.375 36888986.7171
5.25 2.375 28669236.6428
5.75 2.375 19751469.7247
6.25 2.375 11784449.8869
6.75 2.375 5396392.28891
7.25 2.375 1550078.78415
7.75 2.375 134789.459491
8.25 2.375 0.0
8.75 2.375 0.0
0.25 2.625 45503477.3514
0.75 2.625 46201494.1952
1.25 2.625 45505884.306
1.75 2.625 43963026.3858
2.25 2.625 44709182.3222
2.75 2.625 43546623.2341
3.25 2.625 41507932.6593
3.75 2.625 38159858.7637
4.25 2.625 34390567.8073
4.75 2.625 28199880.4892
5.25 2.625 21794974.2088
5.75 2.625 14836468.3625
6.25 2.625 8376202.12551
6.75 2.625 3701896.22673
7.25 2.625 892980.169128
7.75 2.625 81836.4575481
8.25 2.625 0.0
8.75 2.625 0.0
0.25 2.875 39878424.3723
0.75 2.875 38956560.7475
1.25 2.875 38576261.9154
1.75 2.875 38164672.673
2.25 2.875 37206704.7288
2.75 2.875 35839554.4968
3.25 2.875 33935653.3815
3.75 2.875 31023238.2746
4.25 2.875 27463352.3713
4.75 2.875 21604824.7927
5.25 2.875 16290268.9613
5.75 2.875 11007003.5402
6.25 2.875 5969247.49174
6.75 2.875 2404547.67913
7.25 2.875 558413.475034
7.75 2.875 28883.4556052
8.25 2.875 0.0
8.75 2.875 0.0
0.25 3.125 33297810.4035
0.75 3.125 32373539.8242
1.25 3.125 31976392.3096
1.75 3.125 32055821.8125
2.25 3.125 31285596.3297
2.75 3.125 29737924.5002
3.25 3.125 28074718.8483
3.75 3.125 25359674.0214
4.25 3.125 21802195.0727
4.75 3.125 17452828.0494
5.25 3.125 12638918.7819
5.75 3.125 8296772.6226
6.25 3.125 4154403.69788
6.75 3.125 1504346.6461
7.25 3.125 351415.37653
7.75 3.125 9627.81853507
8.25 3.125 0.0
8.75 3.125 0.0
0.25 3.375 28151741.3965
0.75 3.375 27925487.661
1.25 3.375 27172110.8606
1.75 3.375 27022879.6733
2.25 3.375 26031214.3642
2.75 3.375 24834957.9112
3.25 3.375 22651850.0584
3.75 3.375 20093257.2827
4.25 3.375 17380619.4104
4.75 3.375 13527085.0418
5.25 3.375 9988861.73013
5.75 3.375 6436196.69069
6.25 3.375 3117006.25073
6.75 3.375 974816.626676
7.25 3.375 206998.098504
7.75 3.375 2406.95463377
8.25 3.375 0.0
8.75 3.375 0.0
0.25 3.625 24023814.1996
0.75 3.625 23845699.5567
1.25 3.625 23335425.1744
1.75 3.625 22663884.8316
2.25 3.625 21912914.9858
2.75 3.625 20762390.6709
3.25 3.625 19193056.2497
3.75 3.625 16740369.4779
4.25 3.625 14405623.4831
4.75 3.625 10761494.1676
5.25 3.625 7764835.64853
5.75 3.625 4823537.08607
6.25 3.625 2457500.68108
6.75 3.625 681168.161356
7.25 3.625 127568.59559
7.75 3.625 2406.95463377
8.25 3.625 0.0
8.75 3.625 0.0
0.25 3.875 20656484.667
0.75 3.875 20461521.3417
1.25 3.875 19602238.5374
1.75 3.875 19205091.0228
2.25 3.875 18285634.3527
2.75 3.875 17541885.3709
3.25 3.875 15816098.8985
3.75 3.875 13645025.8188
4.25 3.875 11652067.3821
4.75 3.875 8672257.54546
5.25 3.875 5899445.80736
5.75 3.875 3437131.21702
6.25 3.875 1615066.55926
6.75 3.875 577669.112104
7.25 3.875 55359.9565766
7.75 3.875 0.0
8.25 3.875 0.0
8.75 3.875 0.0
0.25 4.125 17503374.0968
0.75 4.125 16959402.3495
1.25 4.125 16908856.3022
1.75 4.125 16576696.5628
2.25 4.125 15633170.3463
2.75 4.125 14261206.2051
3.25 4.125 13327307.8072
3.75 4.125 11695392.5655
4.25 4.125 9666329.80921
4.75 4.125 6785205.11259
5.25 4.125 4924629.18069
5.75 4.125 2837799.51321
6.25 4.125 1239581.63639
6.75 4.125 385112.741403
7.25 4.125 33697.3648727
7.75 4.125 0.0
8.25 4.125 0.0
8.75 4.125 0.0
0.25 4.375 15113268.1454
0.75 4.375 15106047.2815
1.25 4.375 14290089.6607
1.75 4.375 13825547.4164
2.25 4.375 13503015.4954
2.75 4.375 11940901.9381
3.25 4.375 11156234.7275
3.75 4.375 9952757.41063
4.25 4.375 7974240.70167
4.75 4.375 5774284.16641
5.25 4.375 4058125.51253
5.75 4.375 2139782.66942
6.25 4.375 1030176.58325
6.75 4.375 257544.145813
7.25 4.375 36104.3195065
7.75 4.375 0.0
8.25 4.375 0.0
8.75 4.375 0.0
0.25 4.625 12742417.8312
0.75 4.625 12475245.8668
1.25 4.625 12275468.6322
1.75 4.625 11627997.8357
2.25 4.625 11765194.2499
2.75 4.625 10489508.294
3.25 4.625 9461738.66534
3.75 4.625 8188459.66408
4.25 4.625 6438603.64533
4.75 4.625 4558772.07635
5.25 4.625 3025541.97465
5.75 4.625 1641543.06023
6.25 4.625 753376.800369
6.75 4.625 187742.461434
7.25 4.625 21662.5917039
7.75 4.625 0.0
8.25 4.625 0.0
8.75 4.625 0.0
0.25 4.875 11216408.5934
0.75 4.875 10908318.4002
1.25 4.875 10388416.1993
1.75 4.875 10292138.014
2.25 4.875 9692806.31018
2.75 4.875 8929801.69128
3.25 4.875 7856299.92462
3.75 4.875 6597462.65116
4.25 4.875 5466193.97329
4.75 4.875 3716337.95454
5.25 4.875 2421396.36157
5.75 4.875 1424917.14319
6.25 4.875 584889.976005
6.75 4.875 151638.141927
7.25 4.875 9627.81853507
7.75 4.875 0.0
8.25 4.875 0.0
8.75 4.875 0.0
0.25 5.125 9779456.677
0.75 5.125 9423227.3912
1.25 5.125 9144020.65368
1.75 5.125 8867220.8708
2.25 5.125 8450817.71916
2.75 5.125 7728731.32903
3.25 5.125 6688926.92724
3.75 5.125 5526367.83913
4.25 5.125 4462493.891
4.75 5.125 3254202.66485
5.25 5.125 2031469.7109
5.75 5.125 1143303.45104
6.25 5.125 459728.33505
6.75 5.125 103499.049252
7.25 5.125 9627.81853507
7.75 5.125 0.0
8.25 5.125 0.0
8.75 5.125 0.0
0.25 5.375 8498956.81183
0.75 5.375 8128285.79823
1.25 5.375 8099402.34263
1.75 5.375 7524140.18516
2.25 5.375 7143841.35302
2.75 5.375 6503591.42044
3.25 5.375 5776691.12104
3.75 5.375 4782618.8573
4.25 5.375 3687454.49893
4.75 5.375 2666905.73421
5.25 5.375 1627101.33243
5.75 5.375 907421.89693
6.25 5.375 373077.968234
6.75 5.375 77022.5482805
7.25 5.375 4813.90926753
7.75 5.375 0.0
8.25 5.375 0.0
8.75 5.375 0.0
0.25 5.625 7596348.82417
0.75 5.625 7071632.71401
1.25 5.625 6898331.98038
1.75 5.625 6583020.92335
2.25 5.625 6195501.22732
2.75 5.625 5639494.70692
3.25 5.625 4842792.72314
3.75 5.625 3882417.82427
4.25 5.625 3201249.66291
4.75 5.625 2199956.53526
5.25 5.625 1306976.36614
5.75 5.625 758190.709637
6.25 5.625 271985.873616
6.75 5.625 60173.8658442
7.25 5.625 2406.95463377
7.75 5.625 0.0
8.25 5.625 0.0
8.75 5.625 0.0
0.25 5.875 6376022.82485
0.75 5.875 6339918.50534
1.25 5.875 6077560.45026
1.75 5.875 5697261.61813
2.25 5.875 5408427.06207
2.75 5.875 4857234.45094
3.25 5.875 4204949.74519
3.75 5.875 3324004.34923
4.25 5.875 2794474.3298
4.75 5.875 1742635.15485
5.25 5.875 1063873.94813
5.75 5.875 529530.019429
6.25 5.875 221439.826307
6.75 5.875 38511.2741403
7.25 5.875 0.0
7.75 5.875 0.0
8.25 5.875 0.0
8.75 5.875 0.0
0.25 6.125 5807981.53128
0.75 6.125 5557658.24937
1.25 6.125 5273637.60258
1.75 6.125 5095522.95969
2.25 6.125 4698375.44511
2.75 6.125 4241054.0647
3.25 6.125 3800581.36672
3.75 6.125 3083308.88586
4.25 6.125 2341966.85866
4.75 6.125 1504346.6461
5.25 6.125 924270.579367
5.75 6.125 543971.747231
6.25 6.125 144417.278026
6.75 6.125 40918.228774
7.25 6.125 0.0
7.75 6.125 0.0
8.25 6.125 0.0
8.75 6.125 0.0
0.25 6.375 5011279.5475
0.75 6.375 4775397.99339
1.25 6.375 4655050.26171
1.75 6.375 4575620.75879
2.25 6.375 4214577.56373
2.75 6.375 3713930.9999
3.25 6.375 3027948.92928
3.75 6.375 2536930.18399
4.25 6.375 2026655.80163
4.75 6.375 1306976.36614
5.25 6.375 753376.800369
5.75 6.375 440472.697979
6.25 6.375 103499.049252
6.75 6.375 26476.5009714
7.25 6.375 0.0
7.75 6.375 0.0
8.25 6.375 0.0
8.75 6.375 0.0
0.25 6.625 4563585.98562
0.75 6.625 4411947.8437
1.25 6.625 4332518.34078
1.75 6.625 3966661.23645
2.25 6.625 3831871.77696
2.75 6.625 3222912.25461
3.25 6.625 2734300.46396
3.75 6.625 2122933.98698
4.25 6.625 1692089.10754
4.75 6.625 1133675.6325
5.25 6.625 666726.433554
5.75 6.625 298462.374587
6.25 6.625 67394.7297455
6.75 6.625 7220.8639013
7.25 6.625 0.0
7.75 6.625 0.0
8.25 6.625 0.0
8.75 6.625 0.0
0.25 6.875 3904080.41597
0.75 6.875 3730779.68234
1.25 6.875 3665791.90723
1.75 6.875 3343259.9863
2.25 6.875 3133854.93316
2.75 6.875 2897973.37906
3.25 6.875 2404547.67913
3.75 6.875 1879831.56897
4.25 6.875 1388812.82368
4.75 6.875 967595.762774
5.25 6.875 539157.837964
5.75 6.875 243102.41801
6.25 6.875 64987.7751117
6.75 6.875 9627.81853507
7.25 6.875 0.0
7.75 6.875 0.0
8.25 6.875 0.0
8.75 6.875 0.0
0.25 7.125 3545444.17554
0.75 7.125 3338446.07704
1.25 7.125 3254202.66485
1.75 7.125 3011100.24684
2.25 7.125 2885938.60589
2.75 7.125 2657277.91568
3.25 7.125 2214398.26307
3.75 7.125 1619880.46853
4.25 7.125 1150524.31494
4.75 7.125 902607.987663
5.25 7.125 529530.019429
5.75 7.125 233474.599475
6.25 7.125 45732.1380416
6.75 7.125 2406.95463377
7.25 7.125 0.0
7.75 7.125 0.0
8.25 7.125 0.0
8.75 7.125 0.0
0.25 7.375 2996658.51904
0.75 7.375 3068867.15805
1.25 7.375 2796881.28444
1.75 7.375 2587476.2313
2.25 7.375 2582662.32203
2.75 7.375 2161445.26112
3.25 7.375 1899087.20604
3.75 7.375 1323825.04857
4.25 7.375 1059060.03886
4.75 7.375 681168.161356
5.25 7.375 358636.240431
5.75 7.375 166079.86973
6.25 7.375 26476.5009714
6.75 7.375 4813.90926753
7.25 7.375 0.0
7.75 7.375 0.0
8.25 7.375 0.0
8.75 7.375 0.0
0.25 7.625 2950926.381
0.75 7.625 2861869.05955
1.25 7.625 2628394.46007
1.75 7.625 2426210.27084
2.25 7.625 2236060.85477
2.75 7.625 1983330.61822
3.25 7.625 1771518.61045
3.75 7.625 1244395.54566
4.25 7.625 984444.445211
4.75 7.625 673947.297455
5.25 7.625 353822.331164
5.75 7.625 137196.414125
6.25 7.625 19255.6370701
6.75 7.625 2406.95463377
7.25 7.625 0.0
7.75 7.625 0.0
8.25 7.625 0.0
8.75 7.625 0.0
0.25 7.875 2503232.81912
0.75 7.875 2399733.76987
1.25 7.875 2286606.90208
1.75 7.875 2137375.71479
2.25 7.875 1901494.16068
2.75 7.875 1773925.56509
3.25 7.875 1391219.77832
3.75 7.875 1157745.17884
4.25 7.875 763004.618904
4.75 7.875 568041.293569
5.25 7.875 269578.918982
5.75 7.875 108312.95852
6.25 7.875 16848.6824364
6.75 7.875 2406.95463377
7.25 7.875 0.0
7.75 7.875 0.0
8.25 7.875 0.0
8.75 7.875 0.0
0.25 8.125 2195142.626
0.75 8.125 2276979.08354
1.25 8.125 2252909.53721
1.75 8.125 1838913.3402
2.25 8.125 1737821.24558
2.75 8.125 1550078.78415
3.25 8.125 1326232.00321
3.75 8.125 1025362.67398
4.25 8.125 698016.843792
4.75 8.125 462135.289683
5.25 8.125 269578.918982
5.75 8.125 98685.1399845
6.25 8.125 14441.7278026
6.75 8.125 4813.90926753
7.25 8.125 0.0
7.75 8.125 0.0
8.25 8.125 0.0
8.75 8.125 0.0
0.25 8.375 2060353.1665
0.75 8.375 1937598.48018
1.25 8.375 1906308.06994
1.75 8.375 1800402.06606
2.25 8.375 1706530.83534
2.75 8.375 1492311.87294
3.25 8.375 1189035.58908
3.75 8.375 933898.397902
4.25 8.375 563227.384302
4.75 8.375 394740.559938
5.25 8.375 180521.597533
5.75 8.375 108312.95852
6.25 8.375 19255.6370701
6.75 8.375 0.0
7.25 8.375 0.0
7.75 8.375 0.0
8.25 8.375 0.0
8.75 8.375 0.0
0.25 8.625 1742635.15485
0.75 8.625 1694496.06217
1.25 8.625 1600624.83146
1.75 8.625 1552485.73878
2.25 8.625 1538044.01098
2.75 8.625 1391219.77832
3.25 8.625 1034990.49252
3.75 8.625 815957.620847
4.25 8.625 575262.15747
4.75 8.625 368264.058966
5.25 8.625 192556.370701
5.75 8.625 60173.8658442
6.25 8.625 9627.81853507
6.75 8.625 0.0
7.25 8.625 0.0
7.75 8.625 0.0
8.25 8.625 0.0
8.75 8.625 0.0
0.25 8.875 1550078.78415
0.75 8.875 1598217.87682
1.25 8.875 1576555.28512
1.75 8.875 1468242.3266
2.25 8.875 1347894.59491
2.75 8.875 1051839.17496
3.25 8.875 931491.443268
3.75 8.875 700423.798426
4.25 8.875 469356.153585
4.75 8.875 358636.240431
5.25 8.875 156452.051195
5.75 8.875 98685.1399845
6.25 8.875 7220.8639013
6.75 8.875 0.0
7.25 8.875 0.0
7.75 8.875 0.0
8.25 8.875 0.0
8.75 8.875 0.0
0.25 9.125 1453800.5988
0.75 9.125 1542857.92024
1.25 9.125 1331045.91247
1.75 9.125 1292534.63833
2.25 9.125 1138489.54177
2.75 9.125 1027769.62862
3.25 9.125 803922.847678
3.75 9.125 642656.887216
4.25 9.125 457321.380416
4.75 9.125 320124.966291
5.25 9.125 110719.913153
5.75 9.125 45732.1380416
6.25 9.125 16848.6824364
6.75 9.125 0.0
7.25 9.125 0.0
7.75 9.125 0.0
8.25 9.125 0.0
8.75 9.125 0.0
0.25 9.375 1304569.4115
0.75 9.375 1429731.05246
1.25 9.375 1391219.77832
1.75 9.375 1191442.54371
2.25 9.375 1087943.49446
2.75 9.375 866503.668156
3.25 9.375 803922.847678
3.75 9.375 628215.159413
4.25 9.375 491018.745288
4.75 9.375 238288.508743
5.25 9.375 127568.59559
5.75 9.375 48139.0926753
6.25 9.375 2406.95463377
6.75 9.375 2406.95463377
7.25 9.375 0.0
7.75 9.375 0.0
8.25 9.375 0.0
8.75 9.375 0.0
0.25 9.625 1150524.31494
0.75 9.625 1268465.092
1.25 9.625 1155338.22421
1.75 9.625 1010920.94618
2.25 9.625 986851.399845
2.75 9.625 803922.847678
3.25 9.625 618587.340878
3.75 9.625 531936.974063
4.25 9.625 296055.419953
4.75 9.625 245509.372644
5.25 9.625 91464.2760832
5.75 9.625 38511.2741403
6.25 9.625 7220.8639013
6.75 9.625 0.0
7.25 9.625 0.0
7.75 9.625 0.0
8.25 9.625 0.0
8.75 9.625 0.0
0.25 9.875 1237174.68176
0.75 9.875 1208291.22615
1.25 9.875 1102385.22227
1.75 9.875 929084.488634
2.25 9.875 892980.169128
2.75 9.875 666726.433554
3.25 9.875 642656.887216
3.75 9.875 498239.60919
4.25 9.875 305683.238488
4.75 9.875 199777.234603
5.25 9.875 62580.8204779
5.75 9.875 48139.0926753
6.25 9.875 4813.90926753
6.75 9.875 0.0
7.25 9.875 0.0
7.75 9.875 0.0
8.25 9.875 0.0
8.75 9.875 0.0
0.25 10.125 929084.488634
0.75 10.125 1164966.04274
1.25 10.125 929084.488634
1.75 10.125 873724.532057
2.25 10.125 808736.756946
2.75 10.125 654691.660385
3.25 10.125 483797.881387
3.75 10.125 385112.741403
4.25 10.125 271985.873616
4.75 10.125 187742.461434
5.25 10.125 64987.7751117
5.75 10.125 28883.4556052
6.25 10.125 2406.95463377
6.75 10.125 0.0
7.25 10.125 0.0
7.75 10.125 0.0
8.25 10.125 0.0
8.75 10.125 0.0
0.25 10.375 960374.898873
0.75 10.375 933898.397902
1.25 10.375 854468.894987
1.75 10.375 811143.71158
2.25 10.375 685982.070624
2.75 10.375 645063.84185
3.25 10.375 512681.336992
3.75 10.375 349008.421896
4.25 10.375 240695.463377
4.75 10.375 122754.686322
5.25 10.375 57766.9112104
5.75 10.375 9627.81853507
6.25 10.375 9627.81853507
6.75 10.375 0.0
7.25 10.375 0.0
7.75 10.375 0.0
8.25 10.375 0.0
8.75 10.375 0.0
0.25 10.625 755783.755003
0.75 10.625 796701.983777
1.25 10.625 750969.845735
1.75 10.625 714865.526229
2.25 10.625 685982.070624
2.75 10.625 556006.5204
3.25 10.625 447693.561881
3.75 10.625 329752.784826
4.25 10.625 238288.508743
4.75 10.625 117940.777055
5.25 10.625 50546.0473091
5.75 10.625 19255.6370701
6.25 10.625 2406.95463377
6.75 10.625 0.0
7.25 10.625 0.0
7.75 10.625 0.0
8.25 10.625 0.0
8.75 10.625 0.0
0.25 10.875 683575.11599
0.75 10.875 779853.301341
1.25 10.875 707644.662328
1.75 10.875 671540.342821
2.25 10.875 618587.340878
2.75 10.875 491018.745288
3.25 10.875 404368.378473
3.75 10.875 305683.238488
4.25 10.875 199777.234603
4.75 10.875 120347.731688
5.25 10.875 60173.8658442
5.75 10.875 16848.6824364
6.25 10.875 7220.8639013
6.75 10.875 0.0
7.25 10.875 0.0
7.75 10.875 0.0
8.25 10.875 0.0
8.75 10.875 0.0
0.25 11.125 666726.433554
0.75 11.125 676354.252089
1.25 11.125 649877.751117
1.75 11.125 642656.887216
2.25 11.125 510274.382359
2.75 11.125 505460.473091
3.25 11.125 363450.149699
3.75 11.125 264765.009714
4.25 11.125 194963.325335
4.75 11.125 132382.504857
5.25 11.125 40918.228774
5.75 11.125 9627.81853507
6.25 11.125 0.0
6.75 11.125 0.0
7.25 11.125 0.0
7.75 11.125 0.0
8.25 11.125 0.0
8.75 11.125 0.0
0.25 11.375 637842.977948
0.75 11.375 654691.660385
1.25 11.375 611366.476977
1.75 11.375 548785.656499
2.25 11.375 491018.745288
2.75 11.375 423624.015543
3.25 11.375 351415.37653
3.75 11.375 259951.100447
4.25 11.375 170893.778997
4.75 11.375 84243.4121819
5.25 11.375 62580.8204779
5.75 11.375 9627.81853507
6.25 11.375 2406.95463377
6.75 11.375 0.0
7.25 11.375 0.0
7.75 11.375 0.0
8.25 11.375 0.0
8.75 11.375 0.0
0.25 11.625 594517.79454
0.75 11.625 669133.388187
1.25 11.625 558413.475034
1.75 11.625 515088.291626
2.25 11.625 421217.060909
2.75 11.625 358636.240431
3.25 11.625 334566.694094
3.75 11.625 233474.599475
4.25 11.625 139603.368758
4.75 11.625 93871.2307169
5.25 11.625 21662.5917039
5.75 11.625 4813.90926753
6.25 11.625 2406.95463377
6.75 11.625 0.0
7.25 11.625 0.0
7.75 11.625 0.0
8.25 11.625 0.0
8.75 11.625 0.0
0.25 11.875 517495.24626
0.75 11.875 563227.384302
1.25 11.875 512681.336992
1.75 11.875 500646.563824
2.25 11.875 399554.469205
2.75 11.875 344194.512629
3.25 11.875 312904.10239
3.75 11.875 187742.461434
4.25 11.875 132382.504857
4.75 11.875 84243.4121819
5.25 11.875 21662.5917039
5.75 11.875 7220.8639013
6.25 11.875 2406.95463377
6.75 11.875 0.0
7.25 11.875 0.0
7.75 11.875 0.0
8.25 11.875 0.0
8.75 11.875 0.0
0.25 12.125 534343.928696
0.75 12.125 563227.384302
1.25 12.125 491018.745288
1.75 12.125 435658.788712
2.25 12.125 418810.106275
2.75 12.125 284020.646785
3.25 12.125 245509.372644
3.75 12.125 219032.871673
4.25 12.125 161265.960462
4.75 12.125 101092.094618
5.25 12.125 19255.6370701
5.75 12.125 7220.8639013
6.25 12.125 0.0
6.75 12.125 0.0
7.25 12.125 0.0
7.75 12.125 0.0
8.25 12.125 0.0
8.75 12.125 0.0
0.25 12.375 397147.514572
0.75 12.375 534343.928696
1.25 12.375 515088.291626
1.75 12.375 421217.060909
2.25 12.375 394740.559938
2.75 12.375 322531.920925
3.25 12.375 240695.463377
3.75 12.375 211812.007772
4.25 12.375 105906.003886
4.75 12.375 50546.0473091
5.25 12.375 28883.4556052
5.75 12.375 2406.95463377
6.25 12.375 0.0
6.75 12.375 0.0
7.25 12.375 0.0
7.75 12.375 0.0
8.25 12.375 0.0
8.75 12.375 0.0
0.25 12.625 423624.015543
0.75 12.625 474170.062852
1.25 12.625 377891.877501
1.75 12.625 385112.741403
2.25 12.625 332159.73946
2.75 12.625 305683.238488
3.25 12.625 238288.508743
3.75 12.625 146824.23266
4.25 12.625 142010.323392
4.75 12.625 40918.228774
5.25 12.625 14441.7278026
5.75 12.625 4813.90926753
6.25 12.625 0.0
6.75 12.625 0.0
7.25 12.625 0.0
7.75 12.625 0.0
8.25 12.625 0.0
8.75 12.625 0.0
0.25 12.875 375484.922868
0.75 12.875 411589.242374
1.25 12.875 351415.37653
1.75 12.875 336973.648727
2.25 12.875 291241.510686
2.75 12.875 324938.875559
3.25 12.875 156452.051195
3.75 12.875 149231.187294
4.25 12.875 79429.5029143
4.75 12.875 52953.0019429
5.25 12.875 19255.6370701
5.75 12.875 4813.90926753
6.25 12.875 0.0
6.75 12.875 0.0
7.25 12.875 0.0
7.75 12.875 0.0
8.25 12.875 0.0
8.75 12.875 0.0
0.25 13.125 349008.421896
0.75 13.125 385112.741403
1.25 13.125 392333.605304
1.75 13.125 300869.329221
2.25 13.125 274392.828249
2.75 13.125 223846.78094
3.25 13.125 158859.005829
3.75 13.125 137196.414125
4.25 13.125 93871.2307169
4.75 13.125 36104.3195065
5.25 13.125 16848.6824364
5.75 13.125 4813.90926753
6.25 13.125 2406.95463377
6.75 13.125 0.0
7.25 13.125 0.0
7.75 13.125 0.0
8.25 13.125 0.0
8.75 13.125 0.0
0.25 13.375 344194.512629
0.75 13.375 365857.104333
1.25 13.375 327345.830192
1.75 13.375 317718.011657
2.25 13.375 228660.690208
2.75 13.375 185335.5068
3.25 13.375 175707.688265
3.75 13.375 154045.096561
4.25 13.375 84243.4121819
4.75 13.375 43325.1834078
5.25 13.375 12034.7731688
5.75 13.375 0.0
6.25 13.375 0.0
6.75 13.375 0.0
7.25 13.375 0.0
7.75 13.375 0.0
8.25 13.375 0.0
8.75 13.375 0.0
0.25 13.625 303276.283855
0.75 13.625 308090.193122
1.25 13.625 276799.782883
1.75 13.625 250323.281912
2.25 13.625 214218.962405
2.75 13.625 163672.915096
3.25 13.625 120347.731688
3.75 13.625 125161.640956
4.25 13.625 62580.8204779
4.75 13.625 45732.1380416
5.25 13.625 16848.6824364
5.75 13.625 7220.8639013
6.25 13.625 0.0
6.75 13.625 0.0
7.25 13.625 0.0
7.75 13.625 0.0
8.25 13.625 0.0
8.75 13.625 0.0
0.25 13.875 262358.055081
0.75 13.875 310497.147756
1.25 13.875 267171.964348
1.75 13.875 228660.690208
2.25 13.875 267171.964348
2.75 13.875 197370.279969
3.25 13.875 156452.051195
3.75 13.875 117940.777055
4.25 13.875 67394.7297455
4.75 13.875 19255.6370701
5.25 13.875 24069.5463377
5.75 13.875 7220.8639013
6.25 13.875 0.0
6.75 13.875 0.0
7.25 13.875 0.0
7.75 13.875 0.0
8.25 13.875 0.0
8.75 13.875 0.0
0.25 14.125 252730.236546
0.75 14.125 264765.009714
1.25 14.125 255137.191179
1.75 14.125 204591.14387
2.25 14.125 178114.642899
2.75 14.125 182928.552166
3.25 14.125 98685.1399845
3.75 14.125 62580.8204779
4.25 14.125 52953.0019429
4.75 14.125 31290.410239
5.25 14.125 7220.8639013
5.75 14.125 0.0
6.25 14.125 0.0
6.75 14.125 0.0
7.25 14.125 0.0
7.75 14.125 0.0
8.25 14.125 0.0
8.75 14.125 0.0
0.25 14.375 238288.508743
0.75 14.375 247916.327278
1.25 14.375 211812.007772
1.75 14.375 206998.098504
2.25 14.375 173300.733631
2.75 14.375 178114.642899
3.25 14.375 134789.459491
3.75 14.375 89057.3214494
4.25 14.375 64987.7751117
4.75 14.375 31290.410239
5.25 14.375 2406.95463377
5.75 14.375 0.0
6.25 14.375 0.0
6.75 14.375 0.0
7.25 14.375 0.0
7.75 14.375 0.0
8.25 14.375 0.0
8.75 14.375 0.0
0.25 14.625 264765.009714
0.75 14.625 291241.510686
1.25 14.625 214218.962405
1.75 14.625 226253.735574
2.25 14.625 168486.824364
2.75 14.625 156452.051195
3.25 14.625 108312.95852
3.75 14.625 79429.5029143
4.25 14.625 62580.8204779
4.75 14.625 14441.7278026
5.25 14.625 7220.8639013
5.75 14.625 0.0
6.25 14.625 0.0
6.75 14.625 0.0
7.25 14.625 0.0
7.75 14.625 0.0
8.25 14.625 0.0
8.75 14.625 0.0
0.25 14.875 269578.918982
0.75 14.875 264765.009714
1.25 14.875 247916.327278
1.75 14.875 178114.642899
2.25 14.875 209405.053138
2.75 14.875 129975.550223
3.25 14.875 125161.640956
3.75 14.875 72208.639013
4.25 14.875 57766.9112104
4.75 14.875 16848.6824364
5.25 14.875 2406.95463377
5.75 14.875 2406.95463377
6.25 14.875 0.0
6.75 14.875 0.0
7.25 14.875 0.0
7.75 14.875 0.0
8.25 14.875 0.0
8.75 14.875 0.0
0.25 15.125 175707.688265
0.75 15.125 211812.007772
1.25 15.125 180521.597533
1.75 15.125 187742.461434
2.25 15.125 144417.278026
2.75 15.125 129975.550223
3.25 15.125 96278.1853507
3.75 15.125 60173.8658442
4.25 15.125 38511.2741403
4.75 15.125 16848.6824364
5.25 15.125 2406.95463377
5.75 15.125 0.0
6.25 15.125 0.0
6.75 15.125 0.0
7.25 15.125 0.0
7.75 15.125 0.0
8.25 15.125 0.0
8.75 15.125 0.0
0.25 15.375 226253.735574
0.75 15.375 197370.279969
1.25 15.375 197370.279969
1.75 15.375 178114.642899
2.25 15.375 151638.141927
2.75 15.375 113126.867787
3.25 15.375 98685.1399845
3.75 15.375 86650.3668156
4.25 15.375 31290.410239
4.75 15.375 26476.5009714
5.25 15.375 2406.95463377
5.75 15.375 7220.8639013
6.25 15.375 0.0
6.75 15.375 0.0
7.25 15.375 0.0
7.75 15.375 0.0
8.25 15.375 0.0
8.75 15.375 0.0
0.25 15.625 199777.234603
0.75 15.625 194963.325335
1.25 15.625 221439.826307
1.75 15.625 163672.915096
2.25 15.625 127568.59559
2.75 15.625 96278.1853507
3.25 15.625 120347.731688
3.75 15.625 55359.9565766
4.25 15.625 33697.3648727
4.75 15.625 9627.81853507
5.25 15.625 4813.90926753
5.75 15.625 2406.95463377
6.25 15.625 0.0
6.75 15.625 0.0
7.25 15.625 0.0
7.75 15.625 0.0
8.25 15.625 0.0
8.75 15.625 0.0
0.25 15.875 161265.960462
0.75 15.875 132382.504857
1.25 15.875 151638.141927
1.75 15.875 144417.278026
2.25 15.875 146824.23266
2.75 15.875 91464.2760832
3.25 15.875 79429.5029143
3.75 15.875 36104.3195065
4.25 15.875 28883.4556052
4.75 15.875 14441.7278026
5.25 15.875 2406.95463377
5.75 15.875 2406.95463377
6.25 15.875 0.0
6.75 15.875 0.0
7.25 15.875 0.0
7.75 15.875 0.0
8.25 15.875 0.0
8.75 15.875 0.0
0.25 16.125 146824.23266
0.75 16.125 197370.279969
1.25 16.125 190149.416068
1.75 16.125 190149.416068
2.25 16.125 117940.777055
2.75 16.125 105906.003886
3.25 16.125 108312.95852
3.75 16.125 36104.3195065
4.25 16.125 19255.6370701
4.75 16.125 14441.7278026
5.25 16.125 2406.95463377
5.75 16.125 0.0
6.25 16.125 0.0
6.75 16.125 0.0
7.25 16.125 0.0
7.75 16.125 0.0
8.25 16.125 0.0
8.75 16.125 0.0
0.25 16.375 110719.913153
0.75 16.375 168486.824364
1.25 16.375 129975.550223
1.75 16.375 122754.686322
2.25 16.375 115533.822421
2.75 16.375 81836.4575481
3.25 16.375 57766.9112104
3.75 16.375 52953.0019429
4.25 16.375 33697.3648727
4.75 16.375 14441.7278026
5.25 16.375 0.0
5.75 16.375 4813.90926753
6.25 16.375 0.0
6.75 16.375 0.0
7.25 16.375 0.0
7.75 16.375 0.0
8.25 16.375 0.0
8.75 16.375 0.0
0.25 16.625 151638.141927
0.75 16.625 154045.096561
1.25 16.625 127568.59559
1.75 16.625 142010.323392
2.25 16.625 103499.049252
2.75 16.625 93871.2307169
3.25 16.625 64987.7751117
3.75 16.625 52953.0019429
4.25 16.625 24069.5463377
4.75 16.625 12034.7731688
5.25 16.625 0.0
5.75 16.625 4813.90926753
6.25 16.625 0.0
6.75 16.625 0.0
7.25 16.625 0.0
7.75 16.625 0.0
8.25 16.625 0.0
8.75 16.625 0.0
0.25 16.875 125161.640956
0.75 16.875 137196.414125
1.25 16.875 132382.504857
1.75 16.875 117940.777055
2.25 16.875 91464.2760832
2.75 16.875 55359.9565766
3.25 16.875 64987.7751117
3.75 16.875 50546.0473091
4.25 16.875 21662.5917039
4.75 16.875 16848.6824364
5.25 16.875 0.0
5.75 16.875 2406.95463377
6.25 16.875 0.0
6.75 16.875 0.0
7.25 16.875 0.0
7.75 16.875 0.0
8.25 16.875 0.0
8.75 16.875 0.0
0.25 17.125 122754.686322
0.75 17.125 110719.913153
1.25 17.125 142010.323392
1.75 17.125 105906.003886
2.25 17.125 98685.1399845
2.75 17.125 60173.8658442
3.25 17.125 33697.3648727
3.75 17.125 40918.228774
4.25 17.125 14441.7278026
4.75 17.125 14441.7278026
5.25 17.125 2406.95463377
5.75 17.125 0.0
6.25 17.125 0.0
6.75 17.125 0.0
7.25 17.125 0.0
7.75 17.125 0.0
8.25 17.125 0.0
8.75 17.125 0.0
0.25 17.375 137196.414125
0.75 17.375 98685.1399845
1.25 17.375 122754.686322
1.75 17.375 146824.23266
2.25 17.375 52953.0019429
2.75 17.375 67394.7297455
3.25 17.375 52953.0019429
3.75 17.375 31290.410239
4.25 17.375 19255.6370701
4.75 17.375 9627.81853507
5.25 17.375 0.0
5.75 17.375 0.0
6.25 17.375 0.0
6.75 17.375 0.0
7.25 17.375 0.0
7.75 17.375 0.0
8.25 17.375 0.0
8.75 17.375 0.0
0.25 17.625 91464.2760832
0.75 17.625 115533.822421
1.25 17.625 93871.2307169
1.75 17.625 96278.1853507
2.25 17.625 62580.8204779
2.75 17.625 52953.0019429
3.25 17.625 43325.1834078
3.75 17.625 21662.5917039
4.25 17.625 9627.81853507
4.75 17.625 19255.6370701
5.25 17.625 4813.90926753
5.75 17.625 0.0
6.25 17.625 0.0
6.75 17.625 0.0
7.25 17.625 0.0
7.75 17.625 0.0
8.25 17.625 0.0
8.75 17.625 0.0
0.25 17.875 89057.3214494
0.75 17.875 96278.1853507
1.25 17.875 115533.822421
1.75 17.875 79429.5029143
2.25 17.875 55359.9565766
2.75 17.875 67394.7297455
3.25 17.875 50546.0473091
3.75 17.875 45732.1380416
4.25 17.875 14441.7278026
4.75 17.875 9627.81853507
5.25 17.875 4813.90926753
5.75 17.875 0.0
6.25 17.875 0.0
6.75 17.875 0.0
7.25 17.875 0.0
7.75 17.875 0.0
8.25 17.875 0.0
8.75 17.875 0.0
0.25 18.125 86650.3668156
0.75 18.125 86650.3668156
1.25 18.125 89057.3214494
1.75 18.125 98685.1399845
2.25 18.125 67394.7297455
2.75 18.125 50546.0473091
3.25 18.125 31290.410239
3.75 18.125 31290.410239
4.25 18.125 16848.6824364
4.75 18.125 14441.7278026
5.25 18.125 0.0
5.75 18.125 0.0
6.25 18.125 0.0
6.75 18.125 0.0
7.25 18.125 0.0
7.75 18.125 0.0
8.25 18.125 0.0
8.75 18.125 0.0
0.25 18.375 91464.2760832
0.75 18.375 81836.4575481
1.25 18.375 84243.4121819
1.75 18.375 127568.59559
2.25 18.375 62580.8204779
2.75 18.375 60173.8658442
3.25 18.375 57766.9112104
3.75 18.375 33697.3648727
4.25 18.375 19255.6370701
4.75 18.375 9627.81853507
5.25 18.375 0.0
5.75 18.375 2406.95463377
6.25 18.375 0.0
6.75 18.375 0.0
7.25 18.375 0.0
7.75 18.375 0.0
8.25 18.375 0.0
8.75 18.375 0.0
0.25 18.625 81836.4575481
0.75 18.625 79429.5029143
1.25 18.625 84243.4121819
1.75 18.625 113126.867787
2.25 18.625 67394.7297455
2.75 18.625 43325.1834078
3.25 18.625 36104.3195065
3.75 18.625 31290.410239
4.25 18.625 7220.8639013
4.75 18.625 9627.81853507
5.25 18.625 0.0
5.75 18.625 0.0
6.25 18.625 0.0
6.75 18.625 0.0
7.25 18.625 0.0
7.75 18.625 0.0
8.25 18.625 0.0
8.75 18.625 0.0
0.25 18.875 74615.5936468
0.75 18.875 67394.7297455
1.25 18.875 64987.7751117
1.75 18.875 62580.8204779
2.25 18.875 55359.9565766
2.75 18.875 60173.8658442
3.25 18.875 48139.0926753
3.75 18.875 21662.5917039
4.25 18.875 12034.7731688
4.75 18.875 4813.90926753
5.25 18.875 0.0
5.75 18.875 0.0
6.25 18.875 0.0
6.75 18.875 0.0
7.25 18.875 0.0
7.75 18.875 0.0
8.25 18.875 0.0
8.75 18.875 0.0
0.25 19.125 74615.5936468
0.75 19.125 57766.9112104
1.25 19.125 52953.0019429
1.75 19.125 48139.0926753
2.25 19.125 48139.0926753
2.75 19.125 45732.1380416
3.25 19.125 31290.410239
3.75 19.125 31290.410239
4.25 19.125 4813.90926753
4.75 19.125 4813.90926753
5.25 19.125 2406.95463377
5.75 19.125 0.0
6.25 19.125 0.0
6.75 19.125 0.0
7.25 19.125 0.0
7.75 19.125 0.0
8.25 19.125 0.0
8.75 19.125 0.0
0.25 19.375 64987.7751117
0.75 19.375 81836.4575481
1.25 19.375 69801.6843792
1.75 19.375 36104.3195065
2.25 19.375 69801.6843792
2.75 19.375 45732.1380416
3.25 19.375 33697.3648727
3.75 19.375 9627.81853507
4.25 19.375 16848.6824364
4.75 19.375 16848.6824364
5.25 19.375 2406.95463377
5.75 19.375 0.0
6.25 19.375 0.0
6.75 19.375 0.0
7.25 19.375 0.0
7.75 19.375 0.0
8.25 19.375 0.0
8.75 19.375 0.0
0.25 19.625 62580.8204779
0.75 19.625 77022.5482805
1.25 19.625 52953.0019429
1.75 19.625 52953.0019429
2.25 19.625 33697.3648727
2.75 19.625 45732.1380416
3.25 19.625 38511.2741403
3.75 19.625 12034.7731688
4.25 19.625 12034.7731688
4.75 19.625 9627.81853507
5.25 19.625 0.0
5.75 19.625 0.0
6.25 19.625 0.0
6.75 19.625 0.0
7.25 19.625 0.0
7.75 19.625 0.0
8.25 19.625 0.0
8.75 19.625 0.0
0.25 19.875 52953.0019429
0.75 19.875 38511.2741403
1.25 19.875 74615.5936468
1.75 19.875 74615.5936468
2.25 19.875 55359.9565766
2.75 19.875 36104.3195065
3.25 19.875 14441.7278026
3.75 19.875 21662.5917039
4.25 19.875 16848.6824364
4.75 19.875 4813.90926753
5.25 19.875 2406.95463377
5.75 19.875 0.0
6.25 19.875 0.0
6.75 19.875 0.0
7.25 19.875 0.0
7.75 19.875 0.0
8.25 19.875 0.0
8.75 19.875 0.0
0.25 20.125 45732.1380416
0.75 20.125 57766.9112104
1.25 20.125 52953.0019429
1.75 20.125 38511.2741403
2.25 20.125 38511.2741403
2.75 20.125 28883.4556052
3.25 20.125 16848.6824364
3.75 20.125 21662.5917039
4.25 20.125 19255.6370701
4.75 20.125 4813.90926753
5.25 20.125 0.0
5.75 20.125 0.0
6.25 20.125 0.0
6.75 20.125 0.0
7.25 20.125 0.0
7.75 20.125 0.0
8.25 20.125 0.0
8.75 20.125 0.0
0.25 20.375 40918.228774
0.75 20.375 40918.228774
1.25 20.375 40918.228774
1.75 20.375 40918.228774
2.25 20.375 28883.4556052
2.75 20.375 36104.3195065
3.25 20.375 24069.5463377
3.75 20.375 21662.5917039
4.25 20.375 7220.8639013
4.75 20.375 2406.95463377
5.25 20.375 0.0
5.75 20.375 0.0
6.25 20.375 0.0
6.75 20.375 0.0
7.25 20.375 0.0
7.75 20.375 0.0
8.25 20.375 0.0
8.75 20.375 0.0
0.25 20.625 38511.2741403
0.75 20.625 62580.8204779
1.25 20.625 52953.0019429
1.75 20.625 50546.0473091
2.25 20.625 28883.4556052
2.75 20.625 33697.3648727
3.25 20.625 36104.3195065
3.75 20.625 9627.81853507
4.25 20.625 9627.81853507
4.75 20.625 2406.95463377
5.25 20.625 2406.95463377
5.75 20.625 0.0
6.25 20.625 0.0
6.75 20.625 0.0
7.25 20.625 0.0
7.75 20.625 0.0
8.25 20.625 0.0
8.75 20.625 0.0
0.25 20.875 50546.0473091
0.75 20.875 55359.9565766
1.25 20.875 36104.3195065
1.75 20.875 36104.3195065
2.25 20.875 50546.0473091
2.75 20.875 31290.410239
3.25 20.875 31290.410239
3.75 20.875 7220.8639013
4.25 20.875 7220.8639013
4.75 20.875 7220.8639013
5.25 20.875 0.0
5.75 20.875 2406.95463377
6.25 20.875 0.0
6.75 20.875 0.0
7.25 20.875 0.0
7.75 20.875 0.0
8.25 20.875 0.0
8.75 20.875 0.0
0.25 21.125 43325.1834078
0.75 21.125 67394.7297455
1.25 21.125 55359.9565766
1.75 21.125 38511.2741403
2.25 21.125 45732.1380416
2.75 21.125 16848.6824364
3.25 21.125 12034.7731688
3.75 21.125 26476.5009714
4.25 21.125 0.0
4.75 21.125 2406.95463377
5.25 21.125 0.0
5.75 21.125 0.0
6.25 21.125 0.0
6.75 21.125 0.0
7.25 21.125 0.0
7.75 21.125 0.0
8.25 21.125 0.0
8.75 21.125 0.0
0.25 21.375 43325.1834078
0.75 21.375 40918.228774
1.25 21.375 43325.1834078
1.75 21.375 38511.2741403
2.25 21.375 36104.3195065
2.75 21.375 24069.5463377
3.25 21.375 9627.81853507
3.75 21.375 26476.5009714
4.25 21.375 4813.90926753
4.75 21.375 0.0
5.25 21.375 0.0
5.75 21.375 0.0
6.25 21.375 0.0
6.75 21.375 0.0
7.25 21.375 0.0
7.75 21.375 0.0
8.25 21.375 0.0
8.75 21.375 0.0
0.25 21.625 31290.410239
0.75 21.625 40918.228774
1.25 21.625 38511.2741403
1.75 21.625 21662.5917039
2.25 21.625 24069.5463377
2.75 21.625 19255.6370701
3.25 21.625 16848.6824364
3.75 21.625 19255.6370701
4.25 21.625 4813.90926753
4.75 21.625 2406.95463377
5.25 21.625 0.0
5.75 21.625 0.0
6.25 21.625 0.0
6.75 21.625 0.0
7.25 21.625 0.0
7.75 21.625 0.0
8.25 21.625 0.0
8.75 21.625 0.0
0.25 21.875 28883.4556052
0.75 21.875 38511.2741403
1.25 21.875 16848.6824364
1.75 21.875 24069.5463377
2.25 21.875 26476.5009714
2.75 21.875 16848.6824364
3.25 21.875 12034.7731688
3.75 21.875 9627.81853507
4.25 21.875 9627.81853507
4.75 21.875 7220.8639013
5.25 21.875 0.0
5.75 21.875 0.0
6.25 21.875 0.0
6.75 21.875 0.0
7.25 21.875 0.0
7.75 21.875 0.0
8.25 21.875 0.0
8.75 21.875 0.0
0.25 22.125 36104.3195065
0.75 22.125 52953.0019429
1.25 22.125 38511.2741403
1.75 22.125 19255.6370701
2.25 22.125 14441.7278026
2.75 22.125 26476.5009714
3.25 22.125 14441.7278026
3.75 22.125 12034.7731688
4.25 22.125 7220.8639013
4.75 22.125 7220.8639013
5.25 22.125 0.0
5.75 22.125 0.0
6.25 22.125 0.0
6.75 22.125 0.0
7.25 22.125 0.0
7.75 22.125 0.0
8.25 22.125 0.0
8.75 22.125 0.0
0.25 22.375 19255.6370701
0.75 22.375 48139.0926753
1.25 22.375 28883.4556052
1.75 22.375 26476.5009714
2.25 22.375 26476.5009714
2.75 22.375 24069.5463377
3.25 22.375 4813.90926753
3.75 22.375 12034.7731688
4.25 22.375 7220.8639013
4.75 22.375 2406.95463377
5.25 22.375 0.0
5.75 22.375 0.0
6.25 22.375 0.0
6.75 22.375 0.0
7.25 22.375 0.0
7.75 22.375 0.0
8.25 22.375 0.0
8.75 22.375 0.0
0.25 22.625 36104.3195065
0.75 22.625 55359.9565766
1.25 22.625 36104.3195065
1.75 22.625 31290.410239
2.25 22.625 16848.6824364
2.75 22.625 2406.95463377
3.25 22.625 4813.90926753
3.75 22.625 9627.81853507
4.25 22.625 9627.81853507
4.75 22.625 0.0
5.25 22.625 0.0
5.75 22.625 0.0
6.25 22.625 0.0
6.75 22.625 0.0
7.25 22.625 0.0
7.75 22.625 0.0
8.25 22.625 0.0
8.75 22.625 0.0
0.25 22.875 19255.6370701
0.75 22.875 40918.228774
1.25 22.875 36104.3195065
1.75 22.875 26476.5009714
2.25 22.875 16848.6824364
2.75 22.875 16848.6824364
3.25 22.875 9627.81853507
3.75 22.875 14441.7278026
4.25 22.875 0.0
4.75 22.875 2406.95463377
5.25 22.875 0.0
5.75 22.875 0.0
6.25 22.875 0.0
6.75 22.875 0.0
7.25 22.875 0.0
7.75 22.875 0.0
8.25 22.875 0.0
8.75 22.875 0.0
0.25 23.125 24069.5463377
0.75 23.125 28883.4556052
1.25 23.125 33697.3648727
1.75 23.125 19255.6370701
2.25 23.125 36104.3195065
2.75 23.125 4813.90926753
3.25 23.125 14441.7278026
3.75 23.125 4813.90926753
4.25 23.125 0.0
4.75 23.125 4813.90926753
5.25 23.125 0.0
5.75 23.125 0.0
6.25 23.125 0.0
6.75 23.125 0.0
7.25 23.125 0.0
7.75 23.125 0.0
8.25 23.125 0.0
8.75 23.125 0.0
0.25 23.375 21662.5917039
0.75 23.375 45732.1380416
1.25 23.375 36104.3195065
1.75 23.375 28883.4556052
2.25 23.375 21662.5917039
2.75 23.375 24069.5463377
3.25 23.375 7220.8639013
3.75 23.375 7220.8639013
4.25 23.375 9627.81853507
4.75 23.375 0.0
5.25 23.375 0.0
5.75 23.375 0.0
6.25 23.375 0.0
6.75 23.375 0.0
7.25 23.375 0.0
7.75 23.375 0.0
8.25 23.375 0.0
8.75 23.375 0.0
0.25 23.625 16848.6824364
0.75 23.625 24069.5463377
1.25 23.625 33697.3648727
1.75 23.625 24069.5463377
2.25 23.625 31290.410239
2.75 23.625 14441.7278026
3.25 23.625 24069.5463377
3.75 23.625 9627.81853507
4.25 23.625 4813.90926753
4.75 23.625 0.0
5.25 23.625 0.0
5.75 23.625 0.0
6.25 23.625 0.0
6.75 23.625 0.0
7.25 23.625 0.0
7.75 23.625 0.0
8.25 23.625 0.0
8.75 23.625 0.0
0.25 23.875 36104.3195065
0.75 23.875 21662.5917039
1.25 23.875 33697.3648727
1.75 23.875 24069.5463377
2.25 23.875 16848.6824364
2.75 23.875 12034.7731688
3.25 23.875 9627.81853507
3.75 23.875 14441.7278026
4.25 23.875 7220.8639013
4.75 23.875 0.0
5.25 23.875 2406.95463377
5.75 23.875 0.0
6.25 23.875 0.0
6.75 23.875 0.0
7.25 23.875 0.0
7.75 23.875 0.0
8.25 23.875 0.0
8.75 23.875 0.0
0.25 24.125 24069.5463377
0.75 24.125 31290.410239
1.25 24.125 24069.5463377
1.75 24.125 24069.5463377
2.25 24.125 14441.7278026
2.75 24.125 7220.8639013
3.25 24.125 4813.90926753
3.75 24.125 2406.95463377
4.25 24.125 0.0
4.75 24.125 2406.95463377
5.25 24.125 0.0
5.75 24.125 0.0
6.25 24.125 0.0
6.75 24.125 0.0
7.25 24.125 0.0
7.75 24.125 0.0
8.25 24.125 0.0
8.75 24.125 0.0
0.25 24.375 19255.6370701
0.75 24.375 38511.2741403
1.25 24.375 19255.6370701
1.75 24.375 16848.6824364
2.25 24.375 12034.7731688
2.75 24.375 14441.7278026
3.25 24.375 14441.7278026
3.75 24.375 14441.7278026
4.25 24.375 2406.95463377
4.75 24.375 4813.90926753
5.25 24.375 0.0
5.75 24.375 0.0
6.25 24.375 0.0
6.75 24.375 0.0
7.25 24.375 0.0
7.75 24.375 0.0
8.25 24.375 0.0
8.75 24.375 0.0
0.25 24.625 26476.5009714
0.75 24.625 31290.410239
1.25 24.625 12034.7731688
1.75 24.625 19255.6370701
2.25 24.625 24069.5463377
2.75 24.625 21662.5917039
3.25 24.625 7220.8639013
3.75 24.625 7220.8639013
4.25 24.625 2406.95463377
4.75 24.625 0.0
5.25 24.625 0.0
5.75 24.625 0.0
6.25 24.625 0.0
6.75 24.625 0.0
7.25 24.625 0.0
7.75 24.625 0.0
8.25 24.625 0.0
8.75 24.625 0.0
0.25 24.875 12034.7731688
0.75 24.875 31290.410239
1.25 24.875 14441.7278026
1.75 24.875 9627.81853507
2.25 24.875 26476.5009714
2.75 24.875 12034.7731688
3.25 24.875 14441.7278026
3.75 24.875 4813.90926753
4.25 24.875 2406.95463377
4.75 24.875 0.0
5.25 24.875 0.0
5.75 24.875 0.0
6.25 24.875 0.0
6.75 24.875 0.0
7.25 24.875 0.0
7.75 24.875 0.0
8.25 24.875 0.0
8.75 24.875 0.0
0.25 25.125 14441.7278026
0.75 25.125 45732.1380416
1.25 25.125 26476.5009714
1.75 25.125 16848.6824364
2.25 25.125 9627.81853507
2.75 25.125 4813.90926753
3.25 25.125 16848.6824364
3.75 25.125 2406.95463377
4.25 25.125 0.0
4.75 25.125 2406.95463377
5.25 25.125 0.0
5.75 25.125 0.0
6.25 25.125 0.0
6.75 25.125 0.0
7.25 25.125 0.0
7.75 25.125 0.0
8.25 25.125 0.0
8.75 25.125 0.0
0.25 25.375 21662.5917039
0.75 25.375 21662.5917039
1.25 25.375 7220.8639013
1.75 25.375 21662.5917039
2.25 25.375 19255.6370701
2.75 25.375 14441.7278026
3.25 25.375 14441.7278026
3.75 25.375 9627.81853507
4.25 25.375 0.0
4.75 25.375 2406.95463377
5.25 25.375 0.0
5.75 25.375 0.0
6.25 25.375 0.0
6.75 25.375 0.0
7.25 25.375 0.0
7.75 25.375 0.0
8.25 25.375 0.0
8.75 25.375 0.0
0.25 25.625 7220.8639013
0.75 25.625 24069.5463377
1.25 25.625 16848.6824364
1.75 25.625 9627.81853507
2.25 25.625 12034.7731688
2.75 25.625 12034.7731688
3.25 25.625 2406.95463377
3.75 25.625 19255.6370701
4.25 25.625 4813.90926753
4.75 25.625 4813.90926753
5.25 25.625 0.0
5.75 25.625 0.0
6.25 25.625 0.0
6.75 25.625 0.0
7.25 25.625 0.0
7.75 25.625 0.0
8.25 25.625 0.0
8.75 25.625 0.0
0.25 25.875 7220.8639013
0.75 25.875 26476.5009714
1.25 25.875 16848.6824364
1.75 25.875 9627.81853507
2.25 25.875 19255.6370701
2.75 25.875 2406.95463377
3.25 25.875 4813.90926753
3.75 25.875 4813.90926753
4.25 25.875 2406.95463377
4.75 25.875 0.0
5.25 25.875 0.0
5.75 25.875 0.0
6.25 25.875 0.0
6.75 25.875 0.0
7.25 25.875 0.0
7.75 25.875 0.0
8.25 25.875 0.0
8.75 25.875 0.0
0.25 26.125 9627.81853507
0.75 26.125 21662.5917039
1.25 26.125 9627.81853507
1.75 26.125 7220.8639013
2.25 26.125 21662.5917039
2.75 26.125 16848.6824364
3.25 26.125 2406.95463377
3.75 26.125 2406.95463377
4.25 26.125 0.0
4.75 26.125 0.0
5.25 26.125 0.0
5.75 26.125 0.0
6.25 26.125 0.0
6.75 26.125 0.0
7.25 26.125 0.0
7.75 26.125 0.0
8.25 26.125 0.0
8.75 26.125 0.0
0.25 26.375 9627.81853507
0.75 26.375 16848.6824364
1.25 26.375 21662.5917039
1.75 26.375 26476.5009714
2.25 26.375 19255.6370701
2.75 26.375 7220.8639013
3.25 26.375 4813.90926753
3.75 26.375 0.0
4.25 26.375 2406.95463377
4.75 26.375 2406.95463377
5.25 26.375 0.0
5.75 26.375 0.0
6.25 26.375 0.0
6.75 26.375 0.0
7.25 26.375 0.0
7.75 26.375 0.0
8.25 26.375 0.0
8.75 26.375 0.0
0.25 26.625 21662.5917039
0.75 26.625 14441.7278026
1.25 26.625 14441.7278026
1.75 26.625 14441.7278026
2.25 26.625 14441.7278026
2.75 26.625 4813.90926753
3.25 26.625 7220.8639013
3.75 26.625 2406.95463377
4.25 26.625 4813.90926753
4.75 26.625 0.0
5.25 26.625 0.0
5.75 26.625 0.0
6.25 26.625 0.0
6.75 26.625 0.0
7.25 26.625 0.0
7.75 26.625 0.0
8.25 26.625 0.0
8.75 26.625 0.0
0.25 26.875 9627.81853507
0.75 26.875 21662.5917039
1.25 26.875 7220.8639013
1.75 26.875 21662.5917039
2.25 26.875 16848.6824364
2.75 26.875 9627.81853507
3.25 26.875 4813.90926753
3.75 26.875 4813.90926753
4.25 26.875 2406.95463377
4.75 26.875 2406.95463377
5.25 26.875 0.0
5.75 26.875 0.0
6.25 26.875 0.0
6.75 26.875 0.0
7.25 26.875 0.0
7.75 26.875 0.0
8.25 26.875 0.0
8.75 26.875 0.0
0.25 27.125 12034.7731688
0.75 27.125 16848.6824364
1.25 27.125 14441.7278026
1.75 27.125 14441.7278026
2.25 27.125 7220.8639013
2.75 27.125 4813.90926753
3.25 27.125 4813.90926753
3.75 27.125 2406.95463377
4.25 27.125 2406.95463377
4.75 27.125 2406.95463377
5.25 27.125 0.0
5.75 27.125 0.0
6.25 27.125 0.0
6.75 27.125 0.0
7.25 27.125 0.0
7.75 27.125 0.0
8.25 27.125 0.0
8.75 27.125 0.0
0.25 27.375 16848.6824364
0.75 27.375 14441.7278026
1.25 27.375 9627.81853507
1.75 27.375 7220.8639013
2.25 27.375 4813.90926753
2.75 27.375 12034.7731688
3.25 27.375 9627.81853507
3.75 27.375 4813.90926753
4.25 27.375 2406.95463377
4.75 27.375 2406.95463377
5.25 27.375 0.0
5.75 27.375 0.0
6.25 27.375 0.0
6.75 27.375 0.0
7.25 27.375 0.0
7.75 27.375 0.0
8.25 27.375 0.0
8.75 27.375 0.0
0.25 27.625 19255.6370701
0.75 27.625 9627.81853507
1.25 27.625 4813.90926753
1.75 27.625 9627.81853507
2.25 27.625 14441.7278026
2.75 27.625 14441.7278026
3.25 27.625 7220.8639013
3.75 27.625 2406.95463377
4.25 27.625 0.0
4.75 27.625 7220.8639013
5.25 27.625 0.0
5.75 27.625 0.0
6.25 27.625 0.0
6.75 27.625 0.0
7.25 27.625 0.0
7.75 27.625 0.0
8.25 27.625 0.0
8.75 27.625 0.0
0.25 27.875 16848.6824364
0.75 27.875 7220.8639013
1.25 27.875 4813.90926753
1.75 27.875 21662.5917039
2.25 27.875 9627.81853507
2.75 27.875 4813.90926753
3.25 27.875 12034.7731688
3.75 27.875 7220.8639013
4.25 27.875 4813.90926753
4.75 27.875 0.0
5.25 27.875 0.0
5.75 27.875 0.0
6.25 27.875 0.0
6.75 27.875 0.0
7.25 27.875 0.0
7.75 27.875 0.0
8.25 27.875 0.0
8.75 27.875 0.0
0.25 28.125 16848.6824364
0.75 28.125 21662.5917039
1.25 28.125 9627.81853507
1.75 28.125 12034.7731688
2.25 28.125 7220.8639013
2.75 28.125 7220.8639013
3.25 28.125 2406.95463377
3.75 28.125 0.0
4.25 28.125 2406.95463377
4.75 28.125 0.0
5.25 28.125 0.0
5.75 28.125 0.0
6.25 28.125 0.0
6.75 28.125 0.0
7.25 28.125 0.0
7.75 28.125 0.0
8.25 28.125 0.0
8.75 28.125 0.0
0.25 28.375 0.0
0.75 28.375 9627.81853507
1.25 28.375 7220.8639013
1.75 28.375 7220.8639013
2.25 28.375 16848.6824364
2.75 28.375 4813.90926753
3.25 28.375 4813.90926753
3.75 28.375 4813.90926753
4.25 28.375 2406.95463377
4.75 28.375 0.0
5.25 28.375 0.0
5.75 28.375 0.0
6.25 28.375 0.0
6.75 28.375 0.0
7.25 28.375 0.0
7.75 28.375 0.0
8.25 28.375 0.0
8.75 28.375 0.0
0.25 28.625 12034.7731688
0.75 28.625 9627.81853507
1.25 28.625 16848.6824364
1.75 28.625 14441.7278026
2.25 28.625 4813.90926753
2.75 28.625 4813.90926753
3.25 28.625 4813.90926753
3.75 28.625 2406.95463377
4.25 28.625 4813.90926753
4.75 28.625 2406.95463377
5.25 28.625 0.0
5.75 28.625 0.0
6.25 28.625 0.0
6.75 28.625 0.0
7.25 28.625 0.0
7.75 28.625 0.0
8.25 28.625 0.0
8.75 28.625 0.0
0.25 28.875 7220.8639013
0.75 28.875 7220.8639013
1.25 28.875 7220.8639013
1.75 28.875 2406.95463377
2.25 28.875 4813.90926753
2.75 28.875 7220.8639013
3.25 28.875 4813.90926753
3.75 28.875 2406.95463377
4.25 28.875 7220.8639013
4.75 28.875 0.0
5.25 28.875 0.0
5.75 28.875 0.0
6.25 28.875 0.0
6.75 28.875 0.0
7.25 28.875 0.0
7.75 28.875 0.0
8.25 28.875 0.0
8.75 28.875 0.0
0.25 29.125 12034.7731688
0.75 29.125 14441.7278026
1.25 29.125 7220.8639013
1.75 29.125 9627.81853507
2.25 29.125 7220.8639013
2.75 29.125 4813.90926753
3.25 29.125 4813.90926753
3.75 29.125 0.0
4.25 29.125 2406.95463377
4.75 29.125 2406.95463377
5.25 29.125 2406.95463377
5.75 29.125 0.0
6.25 29.125 0.0
6.75 29.125 0.0
7.25 29.125 0.0
7.75 29.125 0.0
8.25 29.125 0.0
8.75 29.125 0.0
0.25 29.375 2406.95463377
0.75 29.375 12034.7731688
1.25 29.375 4813.90926753
1.75 29.375 2406.95463377
2.25 29.375 7220.8639013
2.75 29.375 4813.90926753
3.25 29.375 0.0
3.75 29.375 2406.95463377
4.25 29.375 2406.95463377
4.75 29.375 0.0
5.25 29.375 4813.90926753
5.75 29.375 0.0
6.25 29.375 0.0
6.75 29.375 0.0
7.25 29.375 0.0
7.75 29.375 0.0
8.25 29.375 0.0
8.75 29.375 0.0
0.25 29.625 7220.8639013
0.75 29.625 16848.6824364
1.25 29.625 12034.7731688
1.75 29.625 24069.5463377
2.25 29.625 4813.90926753
2.75 29.625 7220.8639013
3.25 29.625 4813.90926753
3.75 29.625 2406.95463377
4.25 29.625 0.0
4.75 29.625 2406.95463377
5.25 29.625 0.0
5.75 29.625 0.0
6.25 29.625 0.0
6.75 29.625 0.0
7.25 29.625 0.0
7.75 29.625 0.0
8.25 29.625 0.0
8.75 29.625 0.0
0.25 29.875 4813.90926753
0.75 29.875 21662.5917039
1.25 29.875 2406.95463377
1.75 29.875 2406.95463377
2.25 29.875 7220.8639013
2.75 29.875 0.0
3.25 29.875 7220.8639013
3.75 29.875 2406.95463377
4.25 29.875 7220.8639013
4.75 29.875 0.0
5.25 29.875 0.0
5.75 29.875 0.0
6.25 29.875 0.0
6.75 29.875 0.0
7.25 29.875 0.0
7.75 29.875 0.0
8.25 29.875 0.0
8.75 29.875 0.0
