11.294627058970837 59.80710684322476
14.219093021276404 241.9973296048277
17.900777537149963 115.21613800807853
22.535743732392298 1183.6579939098704
28.370820458389794 2679.9136970739232
35.71674682851676 4430.207968978345
44.96472020903849 5595.811448692162
56.60722890537329 7072.161571418086
71.26427896022373 11006.166732204943
89.71641173621407 14756.755625447197
112.94627058970838 15844.048507975109
142.1909302127641 20085.514242424033
179.00777537149963 26813.17972355493
225.35743732392305 24626.14234837293
283.7082045838981 27007.64538852725
357.1674682851676 21665.261720004957
449.6472020903849 20058.518260939716
566.0722890537327 16996.616803497745
712.6427896022376 17338.58622016557
897.164117362141 14720.558733390382
1129.4627058970837 10454.495124849578
1421.9093021276408 6478.26155964192
1790.0777537149975 3341.3139739071485
2253.5743732392316 1209.5871437260066
2837.082045838981 399.71735957544297
3571.674682851676 79.3239657630329
4496.47202090385 14.617301111109555
5660.72289053733 2.2713293255656026
7126.427896022379 0.07603452872717753
8971.64117362141 0.0
