0.25 0.125 1829285.52166
0.75 0.125 1853355.068
1.25 0.125 1858168.97727
1.75 0.125 2207177.39916
2.25 0.125 2272165.17428
2.75 0.125 2527302.36546
3.25 0.125 2958147.2449
3.75 0.125 3278272.21119
4.25 0.125 3860755.23256
4.75 0.125 3807802.23062
5.25 0.125 3925743.00767
5.75 0.125 3586362.40431
6.25 0.125 2647650.09714
6.75 0.125 1696903.01681
7.25 0.125 760597.66427
7.75 0.125 187742.461434
8.25 0.125 4813.90926753
8.75 0.125 0.0
0.25 0.375 4679119.80804
0.75 0.375 4895745.72508
1.25 0.375 5059418.64018
1.75 0.375 5439717.47231
2.25 0.375 6060711.76783
2.75 0.375 6674485.19944
3.25 0.375 7800939.96804
3.75 0.375 8619304.54352
4.25 0.375 9873327.90771
4.75 0.375 10542461.2959
5.25 0.375 10191045.9194
5.75 0.375 8934615.60054
6.25 0.375 6922401.52671
6.75 0.375 4433610.4354
7.25 0.375 1879831.56897
7.75 0.375 409182.28774
8.25 0.375 24069.5463377
8.75 0.375 0.0
0.25 0.625 6753914.70235
0.75 0.625 6607090.46969
1.25 0.625 7206422.1735
1.75 0.625 7800939.96804
2.25 0.625 8638560.18059
2.75 0.625 9509877.75801
3.25 0.625 10708541.1656
3.75 0.625 11753159.4767
4.25 0.625 12641325.7365
4.75 0.625 13363412.1267
5.25 0.625 13202146.1662
5.75 0.625 11250105.9582
6.25 0.625 8426748.17282
6.75 0.625 5249568.05625
7.25 0.625 2445465.90791
7.75 0.625 500646.563824
8.25 0.625 12034.7731688
8.75 0.625 0.0
0.25 0.875 7654115.73538
0.75 0.875 7774463.46707
1.25 0.875 7950171.15533
1.75 0.875 8734838.36594
2.25 0.875 9259554.4761
2.75 0.875 10443776.1559
3.25 0.875 11582265.6977
3.75 0.875 12703906.557
4.25 0.875 13317679.9886
4.75 0.875 13693164.9115
5.25 0.875 12848323.835
5.75 0.875 10783156.7593
6.25 0.875 8075332.79629
6.75 0.875 5348253.19623
7.25 0.875 2238467.8094
7.75 0.875 426030.970177
8.25 0.875 9627.81853507
8.75 0.875 0.0
0.25 1.125 8022379.79435
0.75 1.125 8347318.6699
1.25 1.125 8705954.91034
1.75 1.125 9187345.83709
2.25 1.125 9505063.84875
2.75 1.125 10157348.5545
3.25 1.125 11004596.5856
3.75 1.125 11656881.2913
4.25 1.125 12516164.0956
4.75 1.125 12056435.7605
5.25 1.125 11084026.0885
5.75 1.125 9610969.85263
6.25 1.125 6951284.98232
6.75 1.125 4101450.69594
7.25 1.125 1663205.65193
7.75 1.125 370671.0136
8.25 1.125 2406.95463377
8.75 1.125 0.0
0.25 1.375 7986275.47484
0.75 1.375 8089774.52409
1.25 1.375 8183645.75481
1.75 1.375 8686699.27327
2.25 1.375 9026079.87663
2.75 1.375 9541168.16825
3.25 1.375 10193452.874
3.75 1.375 10460624.8384
4.25 1.375 10845737.5798
4.75 1.375 10313800.6057
5.25 1.375 9322135.29658
5.75 1.375 7256968.22081
6.25 1.375 5085895.14115
6.75 1.375 2938891.60783
7.25 1.375 1145710.40567
7.75 1.375 209405.053138
8.25 1.375 4813.90926753
8.75 1.375 0.0
0.25 1.625 7512105.41199
0.75 1.625 7868334.69778
1.25 1.625 8065704.97775
1.75 1.625 8202901.39188
2.25 1.625 8479701.17476
2.75 1.625 8742059.22984
3.25 1.625 9372681.34389
3.75 1.625 9228264.06586
4.25 1.625 8968312.96542
4.75 1.625 8275110.03089
5.25 1.625 7266596.03934
5.75 1.625 5627459.93375
6.25 1.625 3735593.59161
6.75 1.625 2120527.03235
7.25 1.625 784667.210608
7.75 1.625 108312.95852
8.25 1.625 0.0
8.75 1.625 0.0
0.25 1.875 7213643.0374
0.75 1.875 6953691.93695
1.25 1.875 7343618.58762
1.75 1.875 7244933.44764
2.25 1.875 7346025.54226
2.75 1.875 7497663.68418
3.25 1.875 7788905.19487
3.75 1.875 7444710.68224
4.25 1.875 7466373.27395
4.75 1.875 6397685.41655
5.25 1.875 5605797.34204
5.75 1.875 4082195.05887
6.25 1.875 2748742.19176
6.75 1.875 1465835.37196
7.25 1.875 524716.110161
7.75 1.875 62580.8204779
8.25 1.875 0.0
8.75 1.875 0.0
0.25 2.125 6294186.3673
0.75 2.125 6359174.14241
1.25 2.125 6763542.52089
1.75 2.125 6549323.55848
2.25 2.125 6544509.64921
2.75 2.125 6732252.11065
3.25 2.125 6568579.19555
3.75 2.125 6144955.18001
4.25 2.125 6072746.54099
4.75 2.125 5150882.91626
5.25 2.125 4481749.52807
5.75 2.125 3061646.29415
6.25 2.125 2017027.9831
6.75 2.125 871317.577424
7.25 2.125 284020.646785
7.75 2.125 40918.228774
8.25 2.125 0.0
8.75 2.125 0.0
0.25 2.375 5675599.02642
0.75 2.375 5668378.16252
1.25 2.375 5740586.80153
1.75 2.375 5540809.56693
2.25 2.375 5675599.02642
2.75 2.375 5644308.61618
3.25 2.375 5473414.83719
3.75 2.375 5167731.5987
4.25 2.375 4972768.27336
4.75 2.375 4139961.97008
5.25 2.375 3194028.79901
5.75 2.375 2250502.58257
6.25 2.375 1362336.32271
6.75 2.375 645063.84185
7.25 2.375 235881.554109
7.75 2.375 9627.81853507
8.25 2.375 0.0
8.75 2.375 0.0
0.25 2.625 4833164.9046
0.75 2.625 4931850.04459
1.25 2.625 4712817.17292
1.75 2.625 4869269.22411
2.25 2.625 4703189.35438
2.75 2.625 4664678.08024
3.25 2.625 4695968.49048
3.75 2.625 4443238.25393
4.25 2.625 3839092.64086
4.75 2.625 3237353.98242
5.25 2.625 2397326.81523
5.75 2.625 1824471.6124
6.25 2.625 1066280.90276
6.75 2.625 450100.516514
7.25 2.625 115533.822421
7.75 2.625 7220.8639013
8.25 2.625 0.0
8.75 2.625 0.0
0.25 2.875 4123113.28764
0.75 2.875 4313262.70371
1.25 2.875 4154403.69788
1.75 2.875 4055718.5579
2.25 2.875 4038869.87546
2.75 2.875 3815023.09452
3.25 2.875 3865569.14183
3.75 2.875 3559885.90334
4.25 2.875 2987030.70051
4.75 2.875 2527302.36546
5.25 2.875 1877424.61434
5.75 2.875 1241988.59102
6.25 2.875 719679.435496
6.75 2.875 274392.828249
7.25 2.875 72208.639013
7.75 2.875 2406.95463377
8.25 2.875 0.0
8.75 2.875 0.0
0.25 3.125 3615245.85992
0.75 3.125 3569513.72188
1.25 3.125 3593583.26821
1.75 3.125 3699489.2721
2.25 3.125 3350480.8502
2.75 3.125 3326411.30387
3.25 3.125 3203656.61754
3.75 3.125 2878717.74199
4.25 3.125 2573034.5035
4.75 3.125 1990551.48213
5.25 3.125 1489904.9183
5.75 3.125 994072.263746
6.25 3.125 572855.202837
6.75 3.125 233474.599475
7.25 3.125 50546.0473091
7.75 3.125 2406.95463377
8.25 3.125 0.0
8.75 3.125 0.0
0.25 3.375 3174773.16194
0.75 3.375 3059239.33952
1.25 3.375 2991844.60977
1.75 3.375 3071274.11269
2.25 3.375 3167552.29804
2.75 3.375 2873903.83272
3.25 3.375 2520081.50155
3.75 3.375 2394919.8606
4.25 3.375 2082015.75821
4.75 3.375 1586183.10365
5.25 3.375 1152931.26957
5.75 3.375 722086.39013
6.25 3.375 401961.423839
6.75 3.375 154045.096561
7.25 3.375 14441.7278026
7.75 3.375 2406.95463377
8.25 3.375 0.0
8.75 3.375 0.0
0.25 3.625 2681347.46202
0.75 3.625 2751149.1464
1.25 3.625 2638022.27861
1.75 3.625 2640429.23324
2.25 3.625 2496011.95522
2.75 3.625 2380478.1328
3.25 3.625 2122933.98698
3.75 3.625 2033876.66553
4.25 3.625 1749856.01875
4.75 3.625 1282906.8198
5.25 3.625 844841.076452
5.75 3.625 584889.976005
6.25 3.625 312904.10239
6.75 3.625 98685.1399845
7.25 3.625 7220.8639013
7.75 3.625 0.0
8.25 3.625 0.0
8.75 3.625 0.0
0.25 3.875 2346780.76792
0.75 3.875 2207177.39916
1.25 3.875 2317897.31232
1.75 3.875 2233653.90014
2.25 3.875 2072387.93967
2.75 3.875 1915935.88848
3.25 3.875 1819657.70313
3.75 3.875 1603031.78609
4.25 3.875 1410475.41539
4.75 3.875 1027769.62862
5.25 3.875 717272.480863
5.75 3.875 421217.060909
6.25 3.875 252730.236546
6.75 3.875 79429.5029143
7.25 3.875 12034.7731688
7.75 3.875 0.0
8.25 3.875 0.0
8.75 3.875 0.0
0.25 4.125 2019434.93773
0.75 4.125 1918342.84311
1.25 4.125 1896680.25141
1.75 4.125 1855762.02263
2.25 4.125 1706530.83534
2.75 4.125 1615066.55926
3.25 4.125 1451393.64416
3.75 4.125 1263651.18273
4.25 4.125 1121640.85934
4.75 4.125 871317.577424
5.25 4.125 606552.567709
5.75 4.125 361043.195065
6.25 4.125 180521.597533
6.75 4.125 45732.1380416
7.25 4.125 4813.90926753
7.75 4.125 0.0
8.25 4.125 0.0
8.75 4.125 0.0
0.25 4.375 1735414.29095
0.75 4.375 1682461.289
1.25 4.375 1759483.83728
1.75 4.375 1668019.5612
2.25 4.375 1566927.46658
2.75 4.375 1328638.95784
3.25 4.375 1292534.63833
3.75 4.375 1128861.72324
4.25 4.375 880945.395959
4.75 4.375 673947.297455
5.25 4.375 459728.33505
5.75 4.375 300869.329221
6.25 4.375 129975.550223
6.75 4.375 28883.4556052
7.25 4.375 0.0
7.75 4.375 0.0
8.25 4.375 0.0
8.75 4.375 0.0
0.25 4.625 1417696.27929
0.75 4.625 1499532.73684
1.25 4.625 1367150.23198
1.75 4.625 1417696.27929
2.25 4.625 1266058.13736
2.75 4.625 1179407.77055
3.25 4.625 1092757.40373
3.75 4.625 955560.989606
4.25 4.625 825585.439382
4.75 4.625 594517.79454
5.25 4.625 389926.65067
5.75 4.625 216625.917039
6.25 4.625 115533.822421
6.75 4.625 28883.4556052
7.25 4.625 2406.95463377
7.75 4.625 0.0
8.25 4.625 0.0
8.75 4.625 0.0
0.25 4.875 1210698.18078
0.75 4.875 1323825.04857
1.25 4.875 1302162.45687
1.75 4.875 1181814.72518
2.25 4.875 1116826.95007
2.75 4.875 1006107.03691
3.25 4.875 936305.352535
3.75 4.875 765411.573538
4.25 4.875 630622.114047
4.75 4.875 474170.062852
5.25 4.875 358636.240431
5.75 4.875 154045.096561
6.25 4.875 72208.639013
6.75 4.875 14441.7278026
7.25 4.875 0.0
7.75 4.875 0.0
8.25 4.875 0.0
8.75 4.875 0.0
0.25 5.125 1191442.54371
0.75 5.125 1104792.1769
1.25 5.125 1085536.53983
1.75 5.125 943526.216437
2.25 5.125 1054246.12959
2.75 5.125 943526.216437
3.25 5.125 832806.303283
3.75 5.125 652284.705751
4.25 5.125 575262.15747
4.75 5.125 392333.605304
5.25 5.125 247916.327278
5.75 5.125 158859.005829
6.25 5.125 62580.8204779
6.75 5.125 19255.6370701
7.25 5.125 2406.95463377
7.75 5.125 0.0
8.25 5.125 0.0
8.75 5.125 0.0
0.25 5.375 979630.535943
0.75 5.375 883352.350593
1.25 5.375 825585.439382
1.75 5.375 917049.715465
2.25 5.375 849654.98572
2.75 5.375 758190.709637
3.25 5.375 719679.435496
3.75 5.375 618587.340878
4.25 5.375 481390.926753
4.75 5.375 334566.694094
5.25 5.375 187742.461434
5.75 5.375 115533.822421
6.25 5.375 52953.0019429
6.75 5.375 14441.7278026
7.25 5.375 0.0
7.75 5.375 0.0
8.25 5.375 0.0
8.75 5.375 0.0
0.25 5.625 883352.350593
0.75 5.625 830399.34865
1.25 5.625 767818.528172
1.75 5.625 856875.849621
2.25 5.625 724493.344764
2.75 5.625 649877.751117
3.25 5.625 640249.932582
3.75 5.625 462135.289683
4.25 5.625 469356.153585
4.75 5.625 262358.055081
5.25 5.625 151638.141927
5.75 5.625 93871.2307169
6.25 5.625 21662.5917039
6.75 5.625 2406.95463377
7.25 5.625 0.0
7.75 5.625 0.0
8.25 5.625 0.0
8.75 5.625 0.0
0.25 5.875 726900.299398
0.75 5.875 731714.208665
1.25 5.875 659505.569652
1.75 5.875 700423.798426
2.25 5.875 630622.114047
2.75 5.875 572855.202837
3.25 5.875 531936.974063
3.75 5.875 387519.696037
4.25 5.875 267171.964348
4.75 5.875 262358.055081
5.25 5.875 154045.096561
5.75 5.875 45732.1380416
6.25 5.875 12034.7731688
6.75 5.875 14441.7278026
7.25 5.875 0.0
7.75 5.875 0.0
8.25 5.875 0.0
8.75 5.875 0.0
0.25 6.125 657098.615018
0.75 6.125 659505.569652
1.25 6.125 618587.340878
1.75 6.125 568041.293569
2.25 6.125 548785.656499
2.75 6.125 517495.24626
3.25 6.125 418810.106275
3.75 6.125 375484.922868
4.25 6.125 259951.100447
4.75 6.125 185335.5068
5.25 6.125 139603.368758
5.75 6.125 67394.7297455
6.25 6.125 21662.5917039
6.75 6.125 7220.8639013
7.25 6.125 0.0
7.75 6.125 0.0
8.25 6.125 0.0
8.75 6.125 0.0
0.25 6.375 553599.565766
0.75 6.375 541564.792598
1.25 6.375 527123.064795
1.75 6.375 476577.017486
2.25 6.375 471763.108218
2.75 6.375 464542.244317
3.25 6.375 336973.648727
3.75 6.375 320124.966291
4.25 6.375 276799.782883
4.75 6.375 166079.86973
5.25 6.375 110719.913153
5.75 6.375 57766.9112104
6.25 6.375 12034.7731688
6.75 6.375 2406.95463377
7.25 6.375 0.0
7.75 6.375 0.0
8.25 6.375 0.0
8.75 6.375 0.0
0.25 6.625 498239.60919
0.75 6.625 529530.019429
1.25 6.625 418810.106275
1.75 6.625 478983.97212
2.25 6.625 423624.015543
2.75 6.625 363450.149699
3.25 6.625 356229.285798
3.75 6.625 274392.828249
4.25 6.625 233474.599475
4.75 6.625 142010.323392
5.25 6.625 77022.5482805
5.75 6.625 45732.1380416
6.25 6.625 9627.81853507
6.75 6.625 9627.81853507
7.25 6.625 0.0
7.75 6.625 0.0
8.25 6.625 0.0
8.75 6.625 0.0
0.25 6.875 440472.697979
0.75 6.875 435658.788712
1.25 6.875 380298.832135
1.75 6.875 401961.423839
2.25 6.875 389926.65067
2.75 6.875 365857.104333
3.25 6.875 315311.057023
3.75 6.875 243102.41801
4.25 6.875 219032.871673
4.75 6.875 142010.323392
5.25 6.875 72208.639013
5.75 6.875 31290.410239
6.25 6.875 12034.7731688
6.75 6.875 0.0
7.25 6.875 0.0
7.75 6.875 0.0
8.25 6.875 0.0
8.75 6.875 0.0
0.25 7.125 486204.836021
0.75 7.125 411589.242374
1.25 7.125 329752.784826
1.75 7.125 346601.467262
2.25 7.125 392333.605304
2.75 7.125 247916.327278
3.25 7.125 221439.826307
3.75 7.125 209405.053138
4.25 7.125 168486.824364
4.75 7.125 134789.459491
5.25 7.125 72208.639013
5.75 7.125 24069.5463377
6.25 7.125 12034.7731688
6.75 7.125 0.0
7.25 7.125 0.0
7.75 7.125 0.0
8.25 7.125 0.0
8.75 7.125 0.0
0.25 7.375 370671.0136
0.75 7.375 320124.966291
1.25 7.375 296055.419953
1.75 7.375 303276.283855
2.25 7.375 317718.011657
2.75 7.375 269578.918982
3.25 7.375 192556.370701
3.75 7.375 166079.86973
4.25 7.375 139603.368758
4.75 7.375 89057.3214494
5.25 7.375 45732.1380416
5.75 7.375 31290.410239
6.25 7.375 9627.81853507
6.75 7.375 2406.95463377
7.25 7.375 0.0
7.75 7.375 0.0
8.25 7.375 0.0
8.75 7.375 0.0
0.25 7.625 317718.011657
0.75 7.625 276799.782883
1.25 7.625 271985.873616
1.75 7.625 284020.646785
2.25 7.625 291241.510686
2.75 7.625 221439.826307
3.25 7.625 199777.234603
3.75 7.625 156452.051195
4.25 7.625 115533.822421
4.75 7.625 69801.6843792
5.25 7.625 74615.5936468
5.75 7.625 14441.7278026
6.25 7.625 2406.95463377
6.75 7.625 0.0
7.25 7.625 0.0
7.75 7.625 0.0
8.25 7.625 0.0
8.75 7.625 0.0
0.25 7.875 291241.510686
0.75 7.875 308090.193122
1.25 7.875 296055.419953
1.75 7.875 243102.41801
2.25 7.875 245509.372644
2.75 7.875 219032.871673
3.25 7.875 146824.23266
3.75 7.875 158859.005829
4.25 7.875 115533.822421
4.75 7.875 64987.7751117
5.25 7.875 38511.2741403
5.75 7.875 14441.7278026
6.25 7.875 7220.8639013
6.75 7.875 0.0
7.25 7.875 0.0
7.75 7.875 0.0
8.25 7.875 0.0
8.75 7.875 0.0
0.25 8.125 250323.281912
0.75 8.125 257544.145813
1.25 8.125 231067.644842
1.75 8.125 221439.826307
2.25 8.125 199777.234603
2.75 8.125 156452.051195
3.25 8.125 173300.733631
3.75 8.125 98685.1399845
4.25 8.125 86650.3668156
4.75 8.125 74615.5936468
5.25 8.125 31290.410239
5.75 8.125 12034.7731688
6.25 8.125 0.0
6.75 8.125 0.0
7.25 8.125 0.0
7.75 8.125 0.0
8.25 8.125 0.0
8.75 8.125 0.0
0.25 8.375 245509.372644
0.75 8.375 233474.599475
1.25 8.375 206998.098504
1.75 8.375 194963.325335
2.25 8.375 190149.416068
2.75 8.375 178114.642899
3.25 8.375 125161.640956
3.75 8.375 115533.822421
4.25 8.375 69801.6843792
4.75 8.375 33697.3648727
5.25 8.375 21662.5917039
5.75 8.375 7220.8639013
6.25 8.375 0.0
6.75 8.375 0.0
7.25 8.375 0.0
7.75 8.375 0.0
8.25 8.375 0.0
8.75 8.375 0.0
0.25 8.625 235881.554109
0.75 8.625 211812.007772
1.25 8.625 194963.325335
1.75 8.625 151638.141927
2.25 8.625 175707.688265
2.75 8.625 166079.86973
3.25 8.625 137196.414125
3.75 8.625 77022.5482805
4.25 8.625 74615.5936468
4.75 8.625 43325.1834078
5.25 8.625 14441.7278026
5.75 8.625 7220.8639013
6.25 8.625 0.0
6.75 8.625 0.0
7.25 8.625 0.0
7.75 8.625 0.0
8.25 8.625 0.0
8.75 8.625 0.0
0.25 8.875 173300.733631
0.75 8.875 187742.461434
1.25 8.875 158859.005829
1.75 8.875 182928.552166
2.25 8.875 158859.005829
2.75 8.875 137196.414125
3.25 8.875 120347.731688
3.75 8.875 69801.6843792
4.25 8.875 52953.0019429
4.75 8.875 69801.6843792
5.25 8.875 19255.6370701
5.75 8.875 14441.7278026
6.25 8.875 4813.90926753
6.75 8.875 0.0
7.25 8.875 0.0
7.75 8.875 0.0
8.25 8.875 0.0
8.75 8.875 0.0
0.25 9.125 185335.5068
0.75 9.125 129975.550223
1.25 9.125 142010.323392
1.75 9.125 178114.642899
2.25 9.125 151638.141927
2.75 9.125 103499.049252
3.25 9.125 101092.094618
3.75 9.125 84243.4121819
4.25 9.125 69801.6843792
4.75 9.125 31290.410239
5.25 9.125 9627.81853507
5.75 9.125 4813.90926753
6.25 9.125 0.0
6.75 9.125 0.0
7.25 9.125 0.0
7.75 9.125 0.0
8.25 9.125 0.0
8.75 9.125 0.0
0.25 9.375 144417.278026
0.75 9.375 185335.5068
1.25 9.375 187742.461434
1.75 9.375 129975.550223
2.25 9.375 151638.141927
2.75 9.375 108312.95852
3.25 9.375 125161.640956
3.75 9.375 79429.5029143
4.25 9.375 38511.2741403
4.75 9.375 50546.0473091
5.25 9.375 9627.81853507
5.75 9.375 7220.8639013
6.25 9.375 2406.95463377
6.75 9.375 0.0
7.25 9.375 0.0
7.75 9.375 0.0
8.25 9.375 0.0
8.75 9.375 0.0
0.25 9.625 113126.867787
0.75 9.625 137196.414125
1.25 9.625 127568.59559
1.75 9.625 98685.1399845
2.25 9.625 103499.049252
2.75 9.625 84243.4121819
3.25 9.625 72208.639013
3.75 9.625 64987.7751117
4.25 9.625 36104.3195065
4.75 9.625 45732.1380416
5.25 9.625 21662.5917039
5.75 9.625 4813.90926753
6.25 9.625 0.0
6.75 9.625 0.0
7.25 9.625 0.0
7.75 9.625 0.0
8.25 9.625 0.0
8.75 9.625 0.0
0.25 9.875 134789.459491
0.75 9.875 137196.414125
1.25 9.875 115533.822421
1.75 9.875 125161.640956
2.25 9.875 105906.003886
2.75 9.875 86650.3668156
3.25 9.875 74615.5936468
3.75 9.875 62580.8204779
4.25 9.875 55359.9565766
4.75 9.875 26476.5009714
5.25 9.875 12034.7731688
5.75 9.875 7220.8639013
6.25 9.875 0.0
6.75 9.875 0.0
7.25 9.875 0.0
7.75 9.875 0.0
8.25 9.875 0.0
8.75 9.875 0.0
0.25 10.125 144417.278026
0.75 10.125 108312.95852
1.25 10.125 149231.187294
1.75 10.125 103499.049252
2.25 10.125 117940.777055
2.75 10.125 86650.3668156
3.25 10.125 55359.9565766
3.75 10.125 19255.6370701
4.25 10.125 55359.9565766
4.75 10.125 26476.5009714
5.25 10.125 14441.7278026
5.75 10.125 4813.90926753
6.25 10.125 0.0
6.75 10.125 0.0
7.25 10.125 0.0
7.75 10.125 0.0
8.25 10.125 0.0
8.75 10.125 0.0
0.25 10.375 110719.913153
0.75 10.375 117940.777055
1.25 10.375 96278.1853507
1.75 10.375 91464.2760832
2.25 10.375 86650.3668156
2.75 10.375 72208.639013
3.25 10.375 74615.5936468
3.75 10.375 36104.3195065
4.25 10.375 28883.4556052
4.75 10.375 24069.5463377
5.25 10.375 4813.90926753
5.75 10.375 4813.90926753
6.25 10.375 4813.90926753
6.75 10.375 0.0
7.25 10.375 0.0
7.75 10.375 0.0
8.25 10.375 0.0
8.75 10.375 0.0
0.25 10.625 110719.913153
0.75 10.625 108312.95852
1.25 10.625 67394.7297455
1.75 10.625 89057.3214494
2.25 10.625 86650.3668156
2.75 10.625 60173.8658442
3.25 10.625 48139.0926753
3.75 10.625 52953.0019429
4.25 10.625 24069.5463377
4.75 10.625 19255.6370701
5.25 10.625 12034.7731688
5.75 10.625 0.0
6.25 10.625 4813.90926753
6.75 10.625 0.0
7.25 10.625 0.0
7.75 10.625 0.0
8.25 10.625 0.0
8.75 10.625 0.0
0.25 10.875 122754.686322
0.75 10.875 67394.7297455
1.25 10.875 93871.2307169
1.75 10.875 62580.8204779
2.25 10.875 74615.5936468
2.75 10.875 84243.4121819
3.25 10.875 48139.0926753
3.75 10.875 31290.410239
4.25 10.875 7220.8639013
4.75 10.875 9627.81853507
5.25 10.875 4813.90926753
5.75 10.875 0.0
6.25 10.875 0.0
6.75 10.875 0.0
7.25 10.875 0.0
7.75 10.875 0.0
8.25 10.875 0.0
8.75 10.875 0.0
0.25 11.125 72208.639013
0.75 11.125 74615.5936468
1.25 11.125 64987.7751117
1.75 11.125 57766.9112104
2.25 11.125 55359.9565766
2.75 11.125 40918.228774
3.25 11.125 52953.0019429
3.75 11.125 43325.1834078
4.25 11.125 19255.6370701
4.75 11.125 14441.7278026
5.25 11.125 7220.8639013
5.75 11.125 4813.90926753
6.25 11.125 0.0
6.75 11.125 0.0
7.25 11.125 0.0
7.75 11.125 0.0
8.25 11.125 0.0
8.75 11.125 0.0
0.25 11.375 81836.4575481
0.75 11.375 67394.7297455
1.25 11.375 57766.9112104
1.75 11.375 67394.7297455
2.25 11.375 62580.8204779
2.75 11.375 55359.9565766
3.25 11.375 67394.7297455
3.75 11.375 36104.3195065
4.25 11.375 38511.2741403
4.75 11.375 21662.5917039
5.25 11.375 4813.90926753
5.75 11.375 0.0
6.25 11.375 0.0
6.75 11.375 0.0
7.25 11.375 0.0
7.75 11.375 0.0
8.25 11.375 0.0
8.75 11.375 0.0
0.25 11.625 79429.5029143
0.75 11.625 110719.913153
1.25 11.625 45732.1380416
1.75 11.625 50546.0473091
2.25 11.625 52953.0019429
2.75 11.625 43325.1834078
3.25 11.625 31290.410239
3.75 11.625 40918.228774
4.25 11.625 19255.6370701
4.75 11.625 12034.7731688
5.25 11.625 4813.90926753
5.75 11.625 0.0
6.25 11.625 0.0
6.75 11.625 0.0
7.25 11.625 0.0
7.75 11.625 0.0
8.25 11.625 0.0
8.75 11.625 0.0
0.25 11.875 89057.3214494
0.75 11.875 67394.7297455
1.25 11.875 48139.0926753
1.75 11.875 52953.0019429
2.25 11.875 52953.0019429
2.75 11.875 45732.1380416
3.25 11.875 38511.2741403
3.75 11.875 21662.5917039
4.25 11.875 14441.7278026
4.75 11.875 2406.95463377
5.25 11.875 2406.95463377
5.75 11.875 0.0
6.25 11.875 0.0
6.75 11.875 0.0
7.25 11.875 0.0
7.75 11.875 0.0
8.25 11.875 0.0
8.75 11.875 0.0
0.25 12.125 38511.2741403
0.75 12.125 62580.8204779
1.25 12.125 40918.228774
1.75 12.125 57766.9112104
2.25 12.125 40918.228774
2.75 12.125 40918.228774
3.25 12.125 28883.4556052
3.75 12.125 21662.5917039
4.25 12.125 16848.6824364
4.75 12.125 4813.90926753
5.25 12.125 2406.95463377
5.75 12.125 4813.90926753
6.25 12.125 0.0
6.75 12.125 0.0
7.25 12.125 0.0
7.75 12.125 0.0
8.25 12.125 0.0
8.75 12.125 0.0
0.25 12.375 45732.1380416
0.75 12.375 50546.0473091
1.25 12.375 40918.228774
1.75 12.375 48139.0926753
2.25 12.375 43325.1834078
2.75 12.375 19255.6370701
3.25 12.375 36104.3195065
3.75 12.375 16848.6824364
4.25 12.375 16848.6824364
4.75 12.375 12034.7731688
5.25 12.375 2406.95463377
5.75 12.375 0.0
6.25 12.375 0.0
6.75 12.375 0.0
7.25 12.375 0.0
7.75 12.375 0.0
8.25 12.375 0.0
8.75 12.375 0.0
0.25 12.625 45732.1380416
0.75 12.625 48139.0926753
1.25 12.625 60173.8658442
1.75 12.625 55359.9565766
2.25 12.625 38511.2741403
2.75 12.625 48139.0926753
3.25 12.625 26476.5009714
3.75 12.625 9627.81853507
4.25 12.625 7220.8639013
4.75 12.625 16848.6824364
5.25 12.625 7220.8639013
5.75 12.625 0.0
6.25 12.625 2406.95463377
6.75 12.625 0.0
7.25 12.625 0.0
7.75 12.625 0.0
8.25 12.625 0.0
8.75 12.625 0.0
0.25 12.875 74615.5936468
0.75 12.875 36104.3195065
1.25 12.875 55359.9565766
1.75 12.875 28883.4556052
2.25 12.875 45732.1380416
2.75 12.875 26476.5009714
3.25 12.875 7220.8639013
3.75 12.875 36104.3195065
4.25 12.875 16848.6824364
4.75 12.875 2406.95463377
5.25 12.875 2406.95463377
5.75 12.875 4813.90926753
6.25 12.875 0.0
6.75 12.875 0.0
7.25 12.875 0.0
7.75 12.875 0.0
8.25 12.875 0.0
8.75 12.875 0.0
0.25 13.125 45732.1380416
0.75 13.125 52953.0019429
1.25 13.125 26476.5009714
1.75 13.125 36104.3195065
2.25 13.125 31290.410239
2.75 13.125 31290.410239
3.25 13.125 21662.5917039
3.75 13.125 9627.81853507
4.25 13.125 16848.6824364
4.75 13.125 4813.90926753
5.25 13.125 4813.90926753
5.75 13.125 2406.95463377
6.25 13.125 0.0
6.75 13.125 0.0
7.25 13.125 0.0
7.75 13.125 0.0
8.25 13.125 0.0
8.75 13.125 0.0
0.25 13.375 45732.1380416
0.75 13.375 45732.1380416
1.25 13.375 48139.0926753
1.75 13.375 50546.0473091
2.25 13.375 28883.4556052
2.75 13.375 26476.5009714
3.25 13.375 9627.81853507
3.75 13.375 16848.6824364
4.25 13.375 21662.5917039
4.75 13.375 7220.8639013
5.25 13.375 4813.90926753
5.75 13.375 0.0
6.25 13.375 0.0
6.75 13.375 0.0
7.25 13.375 0.0
7.75 13.375 0.0
8.25 13.375 0.0
8.75 13.375 0.0
0.25 13.625 28883.4556052
0.75 13.625 36104.3195065
1.25 13.625 16848.6824364
1.75 13.625 24069.5463377
2.25 13.625 36104.3195065
2.75 13.625 19255.6370701
3.25 13.625 16848.6824364
3.75 13.625 16848.6824364
4.25 13.625 7220.8639013
4.75 13.625 2406.95463377
5.25 13.625 2406.95463377
5.75 13.625 0.0
6.25 13.625 0.0
6.75 13.625 0.0
7.25 13.625 0.0
7.75 13.625 0.0
8.25 13.625 0.0
8.75 13.625 0.0
0.25 13.875 28883.4556052
0.75 13.875 38511.2741403
1.25 13.875 28883.4556052
1.75 13.875 21662.5917039
2.25 13.875 28883.4556052
2.75 13.875 19255.6370701
3.25 13.875 12034.7731688
3.75 13.875 14441.7278026
4.25 13.875 4813.90926753
4.75 13.875 2406.95463377
5.25 13.875 0.0
5.75 13.875 0.0
6.25 13.875 0.0
6.75 13.875 0.0
7.25 13.875 0.0
7.75 13.875 0.0
8.25 13.875 0.0
8.75 13.875 0.0
0.25 14.125 26476.5009714
0.75 14.125 52953.0019429
1.25 14.125 24069.5463377
1.75 14.125 28883.4556052
2.25 14.125 38511.2741403
2.75 14.125 33697.3648727
3.25 14.125 14441.7278026
3.75 14.125 19255.6370701
4.25 14.125 7220.8639013
4.75 14.125 7220.8639013
5.25 14.125 0.0
5.75 14.125 0.0
6.25 14.125 0.0
6.75 14.125 0.0
7.25 14.125 0.0
7.75 14.125 0.0
8.25 14.125 0.0
8.75 14.125 0.0
0.25 14.375 24069.5463377
0.75 14.375 31290.410239
1.25 14.375 16848.6824364
1.75 14.375 48139.0926753
2.25 14.375 16848.6824364
2.75 14.375 16848.6824364
3.25 14.375 14441.7278026
3.75 14.375 9627.81853507
4.25 14.375 14441.7278026
4.75 14.375 0.0
5.25 14.375 0.0
5.75 14.375 0.0
6.25 14.375 0.0
6.75 14.375 0.0
7.25 14.375 0.0
7.75 14.375 0.0
8.25 14.375 0.0
8.75 14.375 0.0
0.25 14.625 24069.5463377
0.75 14.625 36104.3195065
1.25 14.625 38511.2741403
1.75 14.625 19255.6370701
2.25 14.625 24069.5463377
2.75 14.625 26476.5009714
3.25 14.625 9627.81853507
3.75 14.625 12034.7731688
4.25 14.625 12034.7731688
4.75 14.625 0.0
5.25 14.625 0.0
5.75 14.625 0.0
6.25 14.625 0.0
6.75 14.625 0.0
7.25 14.625 0.0
7.75 14.625 0.0
8.25 14.625 0.0
8.75 14.625 0.0
0.25 14.875 24069.5463377
0.75 14.875 24069.5463377
1.25 14.875 21662.5917039
1.75 14.875 26476.5009714
2.25 14.875 21662.5917039
2.75 14.875 24069.5463377
3.25 14.875 7220.8639013
3.75 14.875 12034.7731688
4.25 14.875 2406.95463377
4.75 14.875 2406.95463377
5.25 14.875 2406.95463377
5.75 14.875 0.0
6.25 14.875 0.0
6.75 14.875 0.0
7.25 14.875 0.0
7.75 14.875 0.0
8.25 14.875 0.0
8.75 14.875 0.0
0.25 15.125 16848.6824364
0.75 15.125 14441.7278026
1.25 15.125 21662.5917039
1.75 15.125 19255.6370701
2.25 15.125 28883.4556052
2.75 15.125 9627.81853507
3.25 15.125 16848.6824364
3.75 15.125 9627.81853507
4.25 15.125 7220.8639013
4.75 15.125 7220.8639013
5.25 15.125 0.0
5.75 15.125 0.0
6.25 15.125 0.0
6.75 15.125 0.0
7.25 15.125 0.0
7.75 15.125 0.0
8.25 15.125 0.0
8.75 15.125 0.0
0.25 15.375 14441.7278026
0.75 15.375 28883.4556052
1.25 15.375 31290.410239
1.75 15.375 16848.6824364
2.25 15.375 24069.5463377
2.75 15.375 7220.8639013
3.25 15.375 7220.8639013
3.75 15.375 9627.81853507
4.25 15.375 4813.90926753
4.75 15.375 2406.95463377
5.25 15.375 0.0
5.75 15.375 0.0
6.25 15.375 0.0
6.75 15.375 0.0
7.25 15.375 0.0
7.75 15.375 0.0
8.25 15.375 0.0
8.75 15.375 0.0
0.25 15.625 12034.7731688
0.75 15.625 9627.81853507
1.25 15.625 24069.5463377
1.75 15.625 12034.7731688
2.25 15.625 21662.5917039
2.75 15.625 19255.6370701
3.25 15.625 12034.7731688
3.75 15.625 12034.7731688
4.25 15.625 9627.81853507
4.75 15.625 2406.95463377
5.25 15.625 2406.95463377
5.75 15.625 0.0
6.25 15.625 0.0
6.75 15.625 0.0
7.25 15.625 0.0
7.75 15.625 0.0
8.25 15.625 0.0
8.75 15.625 0.0
0.25 15.875 21662.5917039
0.75 15.875 12034.7731688
1.25 15.875 14441.7278026
1.75 15.875 12034.7731688
2.25 15.875 9627.81853507
2.75 15.875 21662.5917039
3.25 15.875 2406.95463377
3.75 15.875 7220.8639013
4.25 15.875 4813.90926753
4.75 15.875 0.0
5.25 15.875 0.0
5.75 15.875 0.0
6.25 15.875 0.0
6.75 15.875 0.0
7.25 15.875 0.0
7.75 15.875 0.0
8.25 15.875 0.0
8.75 15.875 0.0
0.25 16.125 9627.81853507
0.75 16.125 7220.8639013
1.25 16.125 21662.5917039
1.75 16.125 4813.90926753
2.25 16.125 9627.81853507
2.75 16.125 7220.8639013
3.25 16.125 7220.8639013
3.75 16.125 12034.7731688
4.25 16.125 0.0
4.75 16.125 2406.95463377
5.25 16.125 2406.95463377
5.75 16.125 0.0
6.25 16.125 0.0
6.75 16.125 0.0
7.25 16.125 0.0
7.75 16.125 0.0
8.25 16.125 0.0
8.75 16.125 0.0
0.25 16.375 19255.6370701
0.75 16.375 12034.7731688
1.25 16.375 21662.5917039
1.75 16.375 14441.7278026
2.25 16.375 14441.7278026
2.75 16.375 9627.81853507
3.25 16.375 19255.6370701
3.75 16.375 4813.90926753
4.25 16.375 2406.95463377
4.75 16.375 2406.95463377
5.25 16.375 0.0
5.75 16.375 2406.95463377
6.25 16.375 0.0
6.75 16.375 0.0
7.25 16.375 0.0
7.75 16.375 0.0
8.25 16.375 0.0
8.75 16.375 0.0
0.25 16.625 4813.90926753
0.75 16.625 16848.6824364
1.25 16.625 7220.8639013
1.75 16.625 19255.6370701
2.25 16.625 26476.5009714
2.75 16.625 4813.90926753
3.25 16.625 4813.90926753
3.75 16.625 7220.8639013
4.25 16.625 2406.95463377
4.75 16.625 2406.95463377
5.25 16.625 0.0
5.75 16.625 0.0
6.25 16.625 0.0
6.75 16.625 0.0
7.25 16.625 0.0
7.75 16.625 0.0
8.25 16.625 0.0
8.75 16.625 0.0
0.25 16.875 7220.8639013
0.75 16.875 12034.7731688
1.25 16.875 14441.7278026
1.75 16.875 21662.5917039
2.25 16.875 4813.90926753
2.75 16.875 4813.90926753
3.25 16.875 12034.7731688
3.75 16.875 0.0
4.25 16.875 4813.90926753
4.75 16.875 7220.8639013
5.25 16.875 0.0
5.75 16.875 0.0
6.25 16.875 0.0
6.75 16.875 0.0
7.25 16.875 0.0
7.75 16.875 0.0
8.25 16.875 0.0
8.75 16.875 0.0
0.25 17.125 14441.7278026
0.75 17.125 14441.7278026
1.25 17.125 19255.6370701
1.75 17.125 14441.7278026
2.25 17.125 4813.90926753
2.75 17.125 7220.8639013
3.25 17.125 9627.81853507
3.75 17.125 4813.90926753
4.25 17.125 7220.8639013
4.75 17.125 0.0
5.25 17.125 0.0
5.75 17.125 0.0
6.25 17.125 0.0
6.75 17.125 0.0
7.25 17.125 0.0
7.75 17.125 0.0
8.25 17.125 0.0
8.75 17.125 0.0
0.25 17.375 9627.81853507
0.75 17.375 7220.8639013
1.25 17.375 7220.8639013
1.75 17.375 12034.7731688
2.25 17.375 7220.8639013
2.75 17.375 2406.95463377
3.25 17.375 9627.81853507
3.75 17.375 4813.90926753
4.25 17.375 0.0
4.75 17.375 2406.95463377
5.25 17.375 0.0
5.75 17.375 0.0
6.25 17.375 0.0
6.75 17.375 0.0
7.25 17.375 0.0
7.75 17.375 0.0
8.25 17.375 0.0
8.75 17.375 0.0
0.25 17.625 9627.81853507
0.75 17.625 14441.7278026
1.25 17.625 14441.7278026
1.75 17.625 9627.81853507
2.25 17.625 2406.95463377
2.75 17.625 2406.95463377
3.25 17.625 4813.90926753
3.75 17.625 2406.95463377
4.25 17.625 2406.95463377
4.75 17.625 0.0
5.25 17.625 0.0
5.75 17.625 0.0
6.25 17.625 0.0
6.75 17.625 0.0
7.25 17.625 0.0
7.75 17.625 0.0
8.25 17.625 0.0
8.75 17.625 0.0
0.25 17.875 7220.8639013
0.75 17.875 14441.7278026
1.25 17.875 9627.81853507
1.75 17.875 12034.7731688
2.25 17.875 4813.90926753
2.75 17.875 12034.7731688
3.25 17.875 12034.7731688
3.75 17.875 2406.95463377
4.25 17.875 0.0
4.75 17.875 2406.95463377
5.25 17.875 0.0
5.75 17.875 0.0
6.25 17.875 0.0
6.75 17.875 0.0
7.25 17.875 0.0
7.75 17.875 0.0
8.25 17.875 0.0
8.75 17.875 0.0
0.25 18.125 4813.90926753
0.75 18.125 2406.95463377
1.25 18.125 9627.81853507
1.75 18.125 9627.81853507
2.25 18.125 4813.90926753
2.75 18.125 4813.90926753
3.25 18.125 7220.8639013
3.75 18.125 7220.8639013
4.25 18.125 0.0
4.75 18.125 2406.95463377
5.25 18.125 2406.95463377
5.75 18.125 0.0
6.25 18.125 0.0
6.75 18.125 0.0
7.25 18.125 0.0
7.75 18.125 0.0
8.25 18.125 0.0
8.75 18.125 0.0
0.25 18.375 12034.7731688
0.75 18.375 12034.7731688
1.25 18.375 12034.7731688
1.75 18.375 12034.7731688
2.25 18.375 4813.90926753
2.75 18.375 9627.81853507
3.25 18.375 4813.90926753
3.75 18.375 4813.90926753
4.25 18.375 0.0
4.75 18.375 0.0
5.25 18.375 0.0
5.75 18.375 0.0
6.25 18.375 0.0
6.75 18.375 0.0
7.25 18.375 0.0
7.75 18.375 0.0
8.25 18.375 0.0
8.75 18.375 0.0
0.25 18.625 2406.95463377
0.75 18.625 2406.95463377
1.25 18.625 12034.7731688
1.75 18.625 14441.7278026
2.25 18.625 4813.90926753
2.75 18.625 2406.95463377
3.25 18.625 2406.95463377
3.75 18.625 2406.95463377
4.25 18.625 2406.95463377
4.75 18.625 0.0
5.25 18.625 0.0
5.75 18.625 0.0
6.25 18.625 0.0
6.75 18.625 0.0
7.25 18.625 0.0
7.75 18.625 0.0
8.25 18.625 0.0
8.75 18.625 0.0
0.25 18.875 16848.6824364
0.75 18.875 7220.8639013
1.25 18.875 4813.90926753
1.75 18.875 4813.90926753
2.25 18.875 4813.90926753
2.75 18.875 7220.8639013
3.25 18.875 2406.95463377
3.75 18.875 0.0
4.25 18.875 2406.95463377
4.75 18.875 0.0
5.25 18.875 0.0
5.75 18.875 0.0
6.25 18.875 0.0
6.75 18.875 0.0
7.25 18.875 0.0
7.75 18.875 0.0
8.25 18.875 0.0
8.75 18.875 0.0
0.25 19.125 7220.8639013
0.75 19.125 4813.90926753
1.25 19.125 14441.7278026
1.75 19.125 2406.95463377
2.25 19.125 7220.8639013
2.75 19.125 7220.8639013
3.25 19.125 4813.90926753
3.75 19.125 0.0
4.25 19.125 0.0
4.75 19.125 4813.90926753
5.25 19.125 0.0
5.75 19.125 0.0
6.25 19.125 0.0
6.75 19.125 0.0
7.25 19.125 0.0
7.75 19.125 0.0
8.25 19.125 0.0
8.75 19.125 0.0
0.25 19.375 12034.7731688
0.75 19.375 4813.90926753
1.25 19.375 7220.8639013
1.75 19.375 14441.7278026
2.25 19.375 4813.90926753
2.75 19.375 2406.95463377
3.25 19.375 2406.95463377
3.75 19.375 2406.95463377
4.25 19.375 4813.90926753
4.75 19.375 0.0
5.25 19.375 0.0
5.75 19.375 0.0
6.25 19.375 0.0
6.75 19.375 0.0
7.25 19.375 0.0
7.75 19.375 0.0
8.25 19.375 0.0
8.75 19.375 0.0
0.25 19.625 7220.8639013
0.75 19.625 9627.81853507
1.25 19.625 2406.95463377
1.75 19.625 7220.8639013
2.25 19.625 0.0
2.75 19.625 2406.95463377
3.25 19.625 4813.90926753
3.75 19.625 0.0
4.25 19.625 0.0
4.75 19.625 0.0
5.25 19.625 0.0
5.75 19.625 0.0
6.25 19.625 0.0
6.75 19.625 0.0
7.25 19.625 0.0
7.75 19.625 0.0
8.25 19.625 0.0
8.75 19.625 0.0
0.25 19.875 2406.95463377
0.75 19.875 2406.95463377
1.25 19.875 12034.7731688
1.75 19.875 12034.7731688
2.25 19.875 2406.95463377
2.75 19.875 2406.95463377
3.25 19.875 0.0
3.75 19.875 4813.90926753
4.25 19.875 0.0
4.75 19.875 0.0
5.25 19.875 0.0
5.75 19.875 0.0
6.25 19.875 0.0
6.75 19.875 0.0
7.25 19.875 0.0
7.75 19.875 0.0
8.25 19.875 0.0
8.75 19.875 0.0
0.25 20.125 7220.8639013
0.75 20.125 9627.81853507
1.25 20.125 2406.95463377
1.75 20.125 4813.90926753
2.25 20.125 0.0
2.75 20.125 4813.90926753
3.25 20.125 0.0
3.75 20.125 7220.8639013
4.25 20.125 0.0
4.75 20.125 2406.95463377
5.25 20.125 0.0
5.75 20.125 0.0
6.25 20.125 0.0
6.75 20.125 0.0
7.25 20.125 0.0
7.75 20.125 0.0
8.25 20.125 0.0
8.75 20.125 0.0
0.25 20.375 0.0
0.75 20.375 7220.8639013
1.25 20.375 9627.81853507
1.75 20.375 2406.95463377
2.25 20.375 4813.90926753
2.75 20.375 7220.8639013
3.25 20.375 4813.90926753
3.75 20.375 4813.90926753
4.25 20.375 0.0
4.75 20.375 0.0
5.25 20.375 0.0
5.75 20.375 0.0
6.25 20.375 0.0
6.75 20.375 0.0
7.25 20.375 0.0
7.75 20.375 0.0
8.25 20.375 0.0
8.75 20.375 0.0
0.25 20.625 7220.8639013
0.75 20.625 2406.95463377
1.25 20.625 14441.7278026
1.75 20.625 4813.90926753
2.25 20.625 2406.95463377
2.75 20.625 4813.90926753
3.25 20.625 4813.90926753
3.75 20.625 0.0
4.25 20.625 2406.95463377
4.75 20.625 2406.95463377
5.25 20.625 0.0
5.75 20.625 0.0
6.25 20.625 0.0
6.75 20.625 0.0
7.25 20.625 0.0
7.75 20.625 0.0
8.25 20.625 0.0
8.75 20.625 0.0
0.25 20.875 0.0
0.75 20.875 4813.90926753
1.25 20.875 4813.90926753
1.75 20.875 12034.7731688
2.25 20.875 0.0
2.75 20.875 0.0
3.25 20.875 0.0
3.75 20.875 2406.95463377
4.25 20.875 0.0
4.75 20.875 0.0
5.25 20.875 0.0
5.75 20.875 0.0
6.25 20.875 0.0
6.75 20.875 0.0
7.25 20.875 0.0
7.75 20.875 0.0
8.25 20.875 0.0
8.75 20.875 0.0
0.25 21.125 0.0
0.75 21.125 4813.90926753
1.25 21.125 4813.90926753
1.75 21.125 0.0
2.25 21.125 0.0
2.75 21.125 0.0
3.25 21.125 0.0
3.75 21.125 0.0
4.25 21.125 0.0
4.75 21.125 0.0
5.25 21.125 0.0
5.75 21.125 0.0
6.25 21.125 0.0
6.75 21.125 0.0
7.25 21.125 0.0
7.75 21.125 0.0
8.25 21.125 0.0
8.75 21.125 0.0
0.25 21.375 0.0
0.75 21.375 7220.8639013
1.25 21.375 4813.90926753
1.75 21.375 2406.95463377
2.25 21.375 2406.95463377
2.75 21.375 7220.8639013
3.25 21.375 2406.95463377
3.75 21.375 0.0
4.25 21.375 0.0
4.75 21.375 0.0
5.25 21.375 0.0
5.75 21.375 0.0
6.25 21.375 0.0
6.75 21.375 0.0
7.25 21.375 0.0
7.75 21.375 0.0
8.25 21.375 0.0
8.75 21.375 0.0
0.25 21.625 2406.95463377
0.75 21.625 4813.90926753
1.25 21.625 2406.95463377
1.75 21.625 4813.90926753
2.25 21.625 2406.95463377
2.75 21.625 9627.81853507
3.25 21.625 0.0
3.75 21.625 0.0
4.25 21.625 4813.90926753
4.75 21.625 0.0
5.25 21.625 0.0
5.75 21.625 0.0
6.25 21.625 0.0
6.75 21.625 0.0
7.25 21.625 0.0
7.75 21.625 0.0
8.25 21.625 0.0
8.75 21.625 0.0
0.25 21.875 2406.95463377
0.75 21.875 4813.90926753
1.25 21.875 0.0
1.75 21.875 0.0
2.25 21.875 7220.8639013
2.75 21.875 0.0
3.25 21.875 0.0
3.75 21.875 4813.90926753
4.25 21.875 0.0
4.75 21.875 2406.95463377
5.25 21.875 0.0
5.75 21.875 0.0
6.25 21.875 0.0
6.75 21.875 0.0
7.25 21.875 0.0
7.75 21.875 0.0
8.25 21.875 0.0
8.75 21.875 0.0
0.25 22.125 4813.90926753
0.75 22.125 4813.90926753
1.25 22.125 9627.81853507
1.75 22.125 9627.81853507
2.25 22.125 2406.95463377
2.75 22.125 4813.90926753
3.25 22.125 2406.95463377
3.75 22.125 0.0
4.25 22.125 2406.95463377
4.75 22.125 4813.90926753
5.25 22.125 0.0
5.75 22.125 0.0
6.25 22.125 0.0
6.75 22.125 0.0
7.25 22.125 0.0
7.75 22.125 0.0
8.25 22.125 0.0
8.75 22.125 0.0
0.25 22.375 4813.90926753
0.75 22.375 4813.90926753
1.25 22.375 0.0
1.75 22.375 2406.95463377
2.25 22.375 2406.95463377
2.75 22.375 2406.95463377
3.25 22.375 2406.95463377
3.75 22.375 2406.95463377
4.25 22.375 2406.95463377
4.75 22.375 0.0
5.25 22.375 0.0
5.75 22.375 0.0
6.25 22.375 0.0
6.75 22.375 0.0
7.25 22.375 0.0
7.75 22.375 0.0
8.25 22.375 0.0
8.75 22.375 0.0
0.25 22.625 4813.90926753
0.75 22.625 4813.90926753
1.25 22.625 2406.95463377
1.75 22.625 2406.95463377
2.25 22.625 0.0
2.75 22.625 4813.90926753
3.25 22.625 4813.90926753
3.75 22.625 2406.95463377
4.25 22.625 0.0
4.75 22.625 0.0
5.25 22.625 0.0
5.75 22.625 0.0
6.25 22.625 0.0
6.75 22.625 0.0
7.25 22.625 0.0
7.75 22.625 0.0
8.25 22.625 0.0
8.75 22.625 0.0
0.25 22.875 2406.95463377
0.75 22.875 7220.8639013
1.25 22.875 4813.90926753
1.75 22.875 4813.90926753
2.25 22.875 0.0
2.75 22.875 0.0
3.25 22.875 9627.81853507
3.75 22.875 0.0
4.25 22.875 2406.95463377
4.75 22.875 2406.95463377
5.25 22.875 0.0
5.75 22.875 0.0
6.25 22.875 0.0
6.75 22.875 0.0
7.25 22.875 0.0
7.75 22.875 0.0
8.25 22.875 0.0
8.75 22.875 0.0
0.25 23.125 0.0
0.75 23.125 2406.95463377
1.25 23.125 4813.90926753
1.75 23.125 2406.95463377
2.25 23.125 0.0
2.75 23.125 2406.95463377
3.25 23.125 0.0
3.75 23.125 0.0
4.25 23.125 0.0
4.75 23.125 0.0
5.25 23.125 2406.95463377
5.75 23.125 0.0
6.25 23.125 0.0
6.75 23.125 0.0
7.25 23.125 0.0
7.75 23.125 0.0
8.25 23.125 0.0
8.75 23.125 0.0
0.25 23.375 9627.81853507
0.75 23.375 4813.90926753
1.25 23.375 0.0
1.75 23.375 2406.95463377
2.25 23.375 2406.95463377
2.75 23.375 2406.95463377
3.25 23.375 2406.95463377
3.75 23.375 0.0
4.25 23.375 0.0
4.75 23.375 0.0
5.25 23.375 0.0
5.75 23.375 0.0
6.25 23.375 0.0
6.75 23.375 0.0
7.25 23.375 0.0
7.75 23.375 0.0
8.25 23.375 0.0
8.75 23.375 0.0
0.25 23.625 0.0
0.75 23.625 7220.8639013
1.25 23.625 0.0
1.75 23.625 0.0
2.25 23.625 0.0
2.75 23.625 0.0
3.25 23.625 0.0
3.75 23.625 4813.90926753
4.25 23.625 0.0
4.75 23.625 0.0
5.25 23.625 0.0
5.75 23.625 0.0
6.25 23.625 0.0
6.75 23.625 0.0
7.25 23.625 0.0
7.75 23.625 0.0
8.25 23.625 0.0
8.75 23.625 0.0
0.25 23.875 2406.95463377
0.75 23.875 2406.95463377
1.25 23.875 0.0
1.75 23.875 0.0
2.25 23.875 4813.90926753
2.75 23.875 0.0
3.25 23.875 2406.95463377
3.75 23.875 0.0
4.25 23.875 0.0
4.75 23.875 0.0
5.25 23.875 0.0
5.75 23.875 0.0
6.25 23.875 0.0
6.75 23.875 0.0
7.25 23.875 0.0
7.75 23.875 0.0
8.25 23.875 0.0
8.75 23.875 0.0
0.25 24.125 0.0
0.75 24.125 2406.95463377
1.25 24.125 2406.95463377
1.75 24.125 0.0
2.25 24.125 0.0
2.75 24.125 0.0
3.25 24.125 2406.95463377
3.75 24.125 0.0
4.25 24.125 0.0
4.75 24.125 0.0
5.25 24.125 0.0
5.75 24.125 0.0
6.25 24.125 0.0
6.75 24.125 0.0
7.25 24.125 0.0
7.75 24.125 0.0
8.25 24.125 0.0
8.75 24.125 0.0
0.25 24.375 4813.90926753
0.75 24.375 2406.95463377
1.25 24.375 0.0
1.75 24.375 0.0
2.25 24.375 4813.90926753
2.75 24.375 4813.90926753
3.25 24.375 0.0
3.75 24.375 0.0
4.25 24.375 0.0
4.75 24.375 2406.95463377
5.25 24.375 0.0
5.75 24.375 0.0
6.25 24.375 0.0
6.75 24.375 0.0
7.25 24.375 0.0
7.75 24.375 0.0
8.25 24.375 0.0
8.75 24.375 0.0
0.25 24.625 2406.95463377
0.75 24.625 2406.95463377
1.25 24.625 0.0
1.75 24.625 0.0
2.25 24.625 0.0
2.75 24.625 0.0
3.25 24.625 0.0
3.75 24.625 2406.95463377
4.25 24.625 2406.95463377
4.75 24.625 0.0
5.25 24.625 0.0
5.75 24.625 0.0
6.25 24.625 0.0
6.75 24.625 0.0
7.25 24.625 0.0
7.75 24.625 0.0
8.25 24.625 0.0
8.75 24.625 0.0
0.25 24.875 0.0
0.75 24.875 0.0
1.25 24.875 4813.90926753
1.75 24.875 0.0
2.25 24.875 0.0
2.75 24.875 2406.95463377
3.25 24.875 0.0
3.75 24.875 0.0
4.25 24.875 0.0
4.75 24.875 0.0
5.25 24.875 0.0
5.75 24.875 0.0
6.25 24.875 0.0
6.75 24.875 0.0
7.25 24.875 0.0
7.75 24.875 0.0
8.25 24.875 0.0
8.75 24.875 0.0
0.25 25.125 0.0
0.75 25.125 2406.95463377
1.25 25.125 2406.95463377
1.75 25.125 0.0
2.25 25.125 2406.95463377
2.75 25.125 0.0
3.25 25.125 0.0
3.75 25.125 0.0
4.25 25.125 0.0
4.75 25.125 0.0
5.25 25.125 0.0
5.75 25.125 0.0
6.25 25.125 0.0
6.75 25.125 0.0
7.25 25.125 0.0
7.75 25.125 0.0
8.25 25.125 0.0
8.75 25.125 0.0
0.25 25.375 2406.95463377
0.75 25.375 2406.95463377
1.25 25.375 0.0
1.75 25.375 0.0
2.25 25.375 0.0
2.75 25.375 0.0
3.25 25.375 0.0
3.75 25.375 0.0
4.25 25.375 0.0
4.75 25.375 0.0
5.25 25.375 0.0
5.75 25.375 0.0
6.25 25.375 0.0
6.75 25.375 0.0
7.25 25.375 0.0
7.75 25.375 0.0
8.25 25.375 0.0
8.75 25.375 0.0
0.25 25.625 2406.95463377
0.75 25.625 4813.90926753
1.25 25.625 4813.90926753
1.75 25.625 0.0
2.25 25.625 4813.90926753
2.75 25.625 2406.95463377
3.25 25.625 2406.95463377
3.75 25.625 0.0
4.25 25.625 0.0
4.75 25.625 0.0
5.25 25.625 0.0
5.75 25.625 0.0
6.25 25.625 0.0
6.75 25.625 0.0
7.25 25.625 0.0
7.75 25.625 0.0
8.25 25.625 0.0
8.75 25.625 0.0
0.25 25.875 4813.90926753
0.75 25.875 0.0
1.25 25.875 4813.90926753
1.75 25.875 0.0
2.25 25.875 0.0
2.75 25.875 0.0
3.25 25.875 0.0
3.75 25.875 2406.95463377
4.25 25.875 0.0
4.75 25.875 0.0
5.25 25.875 0.0
5.75 25.875 0.0
6.25 25.875 0.0
6.75 25.875 0.0
7.25 25.875 0.0
7.75 25.875 0.0
8.25 25.875 0.0
8.75 25.875 0.0
0.25 26.125 2406.95463377
0.75 26.125 4813.90926753
1.25 26.125 4813.90926753
1.75 26.125 4813.90926753
2.25 26.125 2406.95463377
2.75 26.125 0.0
3.25 26.125 0.0
3.75 26.125 0.0
4.25 26.125 0.0
4.75 26.125 0.0
5.25 26.125 0.0
5.75 26.125 0.0
6.25 26.125 0.0
6.75 26.125 0.0
7.25 26.125 0.0
7.75 26.125 0.0
8.25 26.125 0.0
8.75 26.125 0.0
0.25 26.375 0.0
0.75 26.375 0.0
1.25 26.375 0.0
1.75 26.375 2406.95463377
2.25 26.375 0.0
2.75 26.375 0.0
3.25 26.375 0.0
3.75 26.375 0.0
4.25 26.375 0.0
4.75 26.375 0.0
5.25 26.375 0.0
5.75 26.375 0.0
6.25 26.375 0.0
6.75 26.375 0.0
7.25 26.375 0.0
7.75 26.375 0.0
8.25 26.375 0.0
8.75 26.375 0.0
0.25 26.625 4813.90926753
0.75 26.625 0.0
1.25 26.625 0.0
1.75 26.625 4813.90926753
2.25 26.625 0.0
2.75 26.625 0.0
3.25 26.625 0.0
3.75 26.625 0.0
4.25 26.625 0.0
4.75 26.625 0.0
5.25 26.625 0.0
5.75 26.625 0.0
6.25 26.625 0.0
6.75 26.625 0.0
7.25 26.625 0.0
7.75 26.625 0.0
8.25 26.625 0.0
8.75 26.625 0.0
0.25 26.875 0.0
0.75 26.875 0.0
1.25 26.875 0.0
1.75 26.875 0.0
2.25 26.875 0.0
2.75 26.875 0.0
3.25 26.875 0.0
3.75 26.875 0.0
4.25 26.875 0.0
4.75 26.875 0.0
5.25 26.875 0.0
5.75 26.875 0.0
6.25 26.875 0.0
6.75 26.875 0.0
7.25 26.875 0.0
7.75 26.875 0.0
8.25 26.875 0.0
8.75 26.875 0.0
0.25 27.125 0.0
0.75 27.125 2406.95463377
1.25 27.125 2406.95463377
1.75 27.125 2406.95463377
2.25 27.125 2406.95463377
2.75 27.125 0.0
3.25 27.125 2406.95463377
3.75 27.125 0.0
4.25 27.125 0.0
4.75 27.125 0.0
5.25 27.125 0.0
5.75 27.125 0.0
6.25 27.125 0.0
6.75 27.125 0.0
7.25 27.125 0.0
7.75 27.125 0.0
8.25 27.125 0.0
8.75 27.125 0.0
0.25 27.375 7220.8639013
0.75 27.375 0.0
1.25 27.375 2406.95463377
1.75 27.375 0.0
2.25 27.375 0.0
2.75 27.375 0.0
3.25 27.375 2406.95463377
3.75 27.375 0.0
4.25 27.375 0.0
4.75 27.375 0.0
5.25 27.375 0.0
5.75 27.375 0.0
6.25 27.375 0.0
6.75 27.375 0.0
7.25 27.375 0.0
7.75 27.375 0.0
8.25 27.375 0.0
8.75 27.375 0.0
0.25 27.625 2406.95463377
0.75 27.625 7220.8639013
1.25 27.625 0.0
1.75 27.625 2406.95463377
2.25 27.625 0.0
2.75 27.625 2406.95463377
3.25 27.625 2406.95463377
3.75 27.625 0.0
4.25 27.625 0.0
4.75 27.625 0.0
5.25 27.625 0.0
5.75 27.625 0.0
6.25 27.625 0.0
6.75 27.625 0.0
7.25 27.625 0.0
7.75 27.625 0.0
8.25 27.625 0.0
8.75 27.625 0.0
0.25 27.875 0.0
0.75 27.875 4813.90926753
1.25 27.875 0.0
1.75 27.875 0.0
2.25 27.875 0.0
2.75 27.875 0.0
3.25 27.875 0.0
3.75 27.875 0.0
4.25 27.875 0.0
4.75 27.875 0.0
5.25 27.875 0.0
5.75 27.875 0.0
6.25 27.875 0.0
6.75 27.875 0.0
7.25 27.875 0.0
7.75 27.875 0.0
8.25 27.875 0.0
8.75 27.875 0.0
0.25 28.125 2406.95463377
0.75 28.125 2406.95463377
1.25 28.125 4813.90926753
1.75 28.125 2406.95463377
2.25 28.125 0.0
2.75 28.125 0.0
3.25 28.125 0.0
3.75 28.125 0.0
4.25 28.125 0.0
4.75 28.125 0.0
5.25 28.125 0.0
5.75 28.125 0.0
6.25 28.125 0.0
6.75 28.125 0.0
7.25 28.125 0.0
7.75 28.125 0.0
8.25 28.125 0.0
8.75 28.125 0.0
0.25 28.375 2406.95463377
0.75 28.375 0.0
1.25 28.375 2406.95463377
1.75 28.375 0.0
2.25 28.375 0.0
2.75 28.375 0.0
3.25 28.375 0.0
3.75 28.375 0.0
4.25 28.375 0.0
4.75 28.375 0.0
5.25 28.375 0.0
5.75 28.375 0.0
6.25 28.375 0.0
6.75 28.375 0.0
7.25 28.375 0.0
7.75 28.375 0.0
8.25 28.375 0.0
8.75 28.375 0.0
0.25 28.625 2406.95463377
0.75 28.625 0.0
1.25 28.625 0.0
1.75 28.625 0.0
2.25 28.625 2406.95463377
2.75 28.625 2406.95463377
3.25 28.625 0.0
3.75 28.625 2406.95463377
4.25 28.625 2406.95463377
4.75 28.625 0.0
5.25 28.625 0.0
5.75 28.625 0.0
6.25 28.625 0.0
6.75 28.625 0.0
7.25 28.625 0.0
7.75 28.625 0.0
8.25 28.625 0.0
8.75 28.625 0.0
0.25 28.875 4813.90926753
0.75 28.875 0.0
1.25 28.875 0.0
1.75 28.875 0.0
2.25 28.875 2406.95463377
2.75 28.875 0.0
3.25 28.875 0.0
3.75 28.875 2406.95463377
4.25 28.875 0.0
4.75 28.875 0.0
5.25 28.875 0.0
5.75 28.875 0.0
6.25 28.875 0.0
6.75 28.875 0.0
7.25 28.875 0.0
7.75 28.875 0.0
8.25 28.875 0.0
8.75 28.875 0.0
0.25 29.125 0.0
0.75 29.125 2406.95463377
1.25 29.125 0.0
1.75 29.125 2406.95463377
2.25 29.125 0.0
2.75 29.125 0.0
3.25 29.125 0.0
3.75 29.125 0.0
4.25 29.125 0.0
4.75 29.125 0.0
5.25 29.125 0.0
5.75 29.125 0.0
6.25 29.125 0.0
6.75 29.125 0.0
7.25 29.125 0.0
7.75 29.125 0.0
8.25 29.125 0.0
8.75 29.125 0.0
0.25 29.375 0.0
0.75 29.375 0.0
1.25 29.375 0.0
1.75 29.375 0.0
2.25 29.375 0.0
2.75 29.375 2406.95463377
3.25 29.375 2406.95463377
3.75 29.375 0.0
4.25 29.375 0.0
4.75 29.375 0.0
5.25 29.375 0.0
5.75 29.375 0.0
6.25 29.375 0.0
6.75 29.375 0.0
7.25 29.375 0.0
7.75 29.375 0.0
8.25 29.375 0.0
8.75 29.375 0.0
0.25 29.625 0.0
0.75 29.625 0.0
1.25 29.625 2406.95463377
1.75 29.625 0.0
2.25 29.625 0.0
2.75 29.625 2406.95463377
3.25 29.625 0.0
3.75 29.625 0.0
4.25 29.625 2406.95463377
4.75 29.625 0.0
5.25 29.625 0.0
5.75 29.625 0.0
6.25 29.625 0.0
6.75 29.625 0.0
7.25 29.625 0.0
7.75 29.625 0.0
8.25 29.625 0.0
8.75 29.625 0.0
0.25 29.875 0.0
0.75 29.875 4813.90926753
1.25 29.875 0.0
1.75 29.875 4813.90926753
2.25 29.875 0.0
2.75 29.875 0.0
3.25 29.875 2406.95463377
3.75 29.875 0.0
4.25 29.875 0.0
4.75 29.875 0.0
5.25 29.875 0.0
5.75 29.875 0.0
6.25 29.875 0.0
6.75 29.875 0.0
7.25 29.875 0.0
7.75 29.875 0.0
8.25 29.875 0.0
8.75 29.875 0.0
