0.25 0.125 7914066.83583
0.75 0.125 8279923.94016
1.25 0.125 9062184.19613
1.75 0.125 9567644.66922
2.25 0.125 10730203.7573
2.75 0.125 12106981.8078
3.25 0.125 13628177.1364
3.75 0.125 15832947.5809
4.25 0.125 17009948.3968
4.75 0.125 18786280.9166
5.25 0.125 18254343.9425
5.75 0.125 16449127.9672
6.25 0.125 12886835.1092
6.75 0.125 8498956.81183
7.25 0.125 3918522.14377
7.75 0.125 970002.717408
8.25 0.125 69801.6843792
8.75 0.125 0.0
0.25 0.375 20747948.9431
0.75 0.375 22194528.678
1.25 0.375 23359494.7207
1.75 0.375 24818109.2288
2.25 0.375 28000103.2546
2.75 0.375 31068970.4127
3.25 0.375 35088584.6511
3.75 0.375 40037283.3781
4.25 0.375 44519032.9062
4.75 0.375 46194273.3313
5.25 0.375 45387943.5289
5.75 0.375 39856761.7806
6.25 0.375 31340956.2863
6.75 0.375 20069187.7364
7.25 0.375 9796305.35943
7.75 0.375 2563406.68496
8.25 0.375 144417.278026
8.75 0.375 2406.95463377
0.25 0.625 29372067.3959
0.75 0.625 30382988.342
1.25 0.625 31475745.7458
1.75 0.625 34530171.176
2.25 0.625 38138196.172
2.75 0.625 41823243.7163
3.25 0.625 46307400.199
3.75 0.625 51402923.1587
4.25 0.625 55157772.3874
4.75 0.625 56657305.1242
5.25 0.625 54888193.4684
5.75 0.625 48663808.7855
6.25 0.625 36446107.0645
6.75 0.625 23147682.7129
7.25 0.625 10893876.6724
7.75 0.625 2666905.73421
8.25 0.625 204591.14387
8.75 0.625 0.0
0.25 0.875 33820119.5591
0.75 0.875 33863444.7425
1.25 0.875 35724020.6744
1.75 0.875 37851768.5706
2.25 0.875 40911007.9101
2.75 0.875 45294072.2982
3.25 0.875 48723982.6513
3.75 0.875 52522157.0634
4.25 0.875 55747476.2727
4.75 0.875 55677674.5883
5.25 0.875 53013175.8087
5.75 0.875 44644194.5471
6.25 0.875 33052301.0309
6.75 0.875 20480776.9787
7.25 0.875 8982754.69322
7.75 0.875 2171073.07966
8.25 0.875 120347.731688
8.75 0.875 0.0
0.25 1.125 34460369.4916
0.75 1.125 35297989.7042
1.25 1.125 36600152.1611
1.75 1.125 38429437.6827
2.25 1.125 40492197.8039
2.75 1.125 42918408.0747
3.25 1.125 46167796.8303
3.75 1.125 48098174.4466
4.25 1.125 49732496.6429
4.75 1.125 48341276.8646
5.25 1.125 44461265.9949
5.75 1.125 36614593.8889
6.25 1.125 26558337.429
6.75 1.125 16155479.5018
7.25 1.125 6910366.75355
7.75 1.125 1465835.37196
8.25 1.125 52953.0019429
8.75 1.125 0.0
0.25 1.375 33478332.0011
0.75 1.375 34366498.2609
1.25 1.375 35013969.0574
1.75 1.375 35906949.2265
2.25 1.375 37757897.3399
2.75 1.375 39779739.2323
3.25 1.375 41204656.3755
3.75 1.375 42470714.5128
4.25 1.375 41532002.2057
4.75 1.375 40407954.3917
5.25 1.375 35853996.2246
5.75 1.375 28315414.3116
6.25 1.375 19537250.7623
6.75 1.375 11168269.5007
7.25 1.375 4510632.98368
7.75 1.375 811143.71158
8.25 1.375 31290.410239
8.75 1.375 0.0
0.25 1.625 31581651.7497
0.75 1.625 31480559.655
1.25 1.625 32874186.388
1.75 1.625 32732176.0646
2.25 1.625 33483145.9103
2.75 1.625 34354463.4878
3.25 1.625 35148758.5169
3.75 1.625 35047666.4223
4.25 1.625 33533691.9576
4.75 1.625 31622569.9784
5.25 1.625 27176924.7699
5.75 1.625 21123433.8659
6.25 1.625 13762966.5959
6.75 1.625 7307514.26812
7.25 1.625 2799288.23907
7.75 1.625 423624.015543
8.25 1.625 2406.95463377
8.75 1.625 0.0
0.25 1.875 27716082.6078
0.75 1.875 27963998.9351
1.25 1.875 28751073.1003
1.75 1.875 29003803.3369
2.25 1.875 29622390.6778
2.75 1.875 29899190.4607
3.25 1.875 29891969.5968
3.75 1.875 28871420.832
4.25 1.875 27492235.8269
4.75 1.875 24358380.8937
5.25 1.875 20651670.7577
5.75 1.875 14838875.3172
6.25 1.875 9899804.40868
6.75 1.875 5141255.09773
7.25 1.875 1622287.42316
7.75 1.875 185335.5068
8.25 1.875 0.0
8.75 1.875 0.0
0.25 2.125 24630366.7673
0.75 2.125 24827737.0473
1.25 2.125 24846992.6844
1.75 2.125 24534088.582
2.25 2.125 24897538.7317
2.75 2.125 25270616.6999
3.25 2.125 24522053.8088
3.75 2.125 23434110.3144
4.25 2.125 21799788.118
4.75 2.125 19043825.0624
5.25 2.125 14913490.9108
5.75 2.125 11141792.9997
6.25 2.125 6855006.79697
6.75 2.125 3271051.34729
7.25 2.125 1054246.12959
7.75 2.125 103499.049252
8.25 2.125 2406.95463377
8.75 2.125 0.0
0.25 2.375 21934577.5775
0.75 2.375 21751649.0254
1.25 2.375 21580755.2464
1.75 2.375 21347280.6469
2.25 2.375 21289513.7357
2.75 2.375 20950133.1323
3.25 2.375 20345987.5192
3.75 2.375 18930698.1946
4.25 2.375 17094191.809
4.75 2.375 14906270.0469
5.25 2.375 11442662.3289
5.75 2.375 8012751.97581
6.25 2.375 4765770.17486
6.75 2.375 2178293.94356
7.25 2.375 673947.297455
7.75 2.375 55359.9565766
8.25 2.375 0.0
8.75 2.375 0.0
0.25 2.625 18836826.9639
0.75 2.625 18458935.0864
1.25 2.625 18625014.9561
1.75 2.625 17662233.1026
2.25 2.625 18133996.2108
2.75 2.625 17375805.5012
3.25 2.625 16644091.2925
3.75 2.625 15228801.9678
4.25 2.625 13584851.953
4.75 2.625 11613556.1079
5.25 2.625 9074218.9693
5.75 2.625 5663564.25325
6.25 2.625 3466014.67262
6.75 2.625 1420103.23392
7.25 2.625 411589.242374
7.75 2.625 33697.3648727
8.25 2.625 0.0
8.75 2.625 0.0
0.25 2.875 15616321.6639
0.75 2.875 15917190.9931
1.25 2.875 15686123.3483
1.75 2.875 15450241.7942
2.25 2.875 14834061.4079
2.75 2.875 14246764.4773
3.25 2.875 13666688.4105
3.75 2.875 12626884.0087
4.25 2.875 10626704.7081
4.75 2.875 8691513.18253
5.25 2.875 6525254.01214
5.75 2.875 4450459.11784
6.25 2.875 2380478.1328
6.75 2.875 1001293.12765
7.25 2.875 235881.554109
7.75 2.875 16848.6824364
8.25 2.875 0.0
8.75 2.875 0.0
0.25 3.125 13389888.6276
0.75 3.125 13457283.3574
1.25 3.125 12983113.2945
1.75 3.125 12583558.8253
2.25 3.125 12501722.3678
2.75 3.125 11868693.2991
3.25 3.125 11079212.1792
3.75 3.125 10159755.5091
4.25 3.125 8518212.4489
4.75 3.125 6544509.64921
5.25 3.125 5018500.4114
5.75 3.125 3579141.54041
6.25 3.125 1749856.01875
6.75 3.125 681168.161356
7.25 3.125 132382.504857
7.75 3.125 7220.8639013
8.25 3.125 0.0
8.75 3.125 0.0
0.25 3.375 11067177.4061
0.75 3.375 11132165.1812
1.25 3.375 11221222.5026
1.75 3.375 10951643.5836
2.25 3.375 10501543.0671
2.75 3.375 10121244.235
3.25 3.375 9295658.79561
3.75 3.375 8251040.48455
4.25 3.375 6871855.47941
4.75 3.375 5280858.46649
5.25 3.375 4019614.23839
5.75 3.375 2536930.18399
6.25 3.375 1270872.04663
6.75 3.375 397147.514572
7.25 3.375 77022.5482805
7.75 3.375 4813.90926753
8.25 3.375 0.0
8.75 3.375 0.0
0.25 3.625 9497842.98485
0.75 3.625 9497842.98485
1.25 3.625 9223450.1566
1.75 3.625 9269182.29464
2.25 3.625 8807047.00495
2.75 3.625 8164390.11774
3.25 3.625 8024786.74898
3.75 3.625 6830937.25063
4.25 3.625 5755028.52934
4.75 3.625 4349367.02322
5.25 3.625 3076088.02195
5.75 3.625 1968888.89042
6.25 3.625 998886.173013
6.75 3.625 317718.011657
7.25 3.625 55359.9565766
7.75 3.625 0.0
8.25 3.625 0.0
8.75 3.625 0.0
0.25 3.875 8169204.02701
0.75 3.875 8145134.48067
1.25 3.875 8063298.02312
1.75 3.875 7772056.51243
2.25 3.875 7521733.23052
2.75 3.875 6794832.93112
3.25 3.875 6621532.19749
3.75 3.875 5540809.56693
4.25 3.875 4760956.26559
4.75 3.875 3738000.54624
5.25 3.875 2541744.09326
5.75 3.875 1506753.60074
6.25 3.875 606552.567709
6.75 3.875 209405.053138
7.25 3.875 21662.5917039
7.75 3.875 0.0
8.25 3.875 0.0
8.75 3.875 0.0
0.25 4.125 7148655.26229
0.75 4.125 6886297.20721
1.25 4.125 6737066.01991
1.75 4.125 6741879.92918
2.25 4.125 6421754.96289
2.75 4.125 5909073.6259
3.25 4.125 5304928.01282
3.75 4.125 4686340.67194
4.25 4.125 3848720.45939
4.75 4.125 2832985.60394
5.25 4.125 1793181.20216
5.75 4.125 1083129.5852
6.25 4.125 519902.200894
6.75 4.125 149231.187294
7.25 4.125 26476.5009714
7.75 4.125 0.0
8.25 4.125 0.0
8.75 4.125 0.0
0.25 4.375 6087188.2688
0.75 4.375 6104036.95123
1.25 4.375 5795946.75811
1.75 4.375 5309741.92209
2.25 4.375 5393985.33427
2.75 4.375 4724851.94608
3.25 4.375 4474528.66417
3.75 4.375 3880010.86963
4.25 4.375 3148296.66097
4.75 4.375 2298641.67525
5.25 4.375 1552485.73878
5.75 4.375 921863.624733
6.25 4.375 418810.106275
6.75 4.375 105906.003886
7.25 4.375 4813.90926753
7.75 4.375 0.0
8.25 4.375 0.0
8.75 4.375 0.0
0.25 4.625 5184580.28113
0.75 4.625 5235126.32844
1.25 4.625 4816316.22217
1.75 4.625 5040163.00311
2.25 4.625 4611725.0783
2.75 4.625 4455273.0271
3.25 4.625 3810209.18525
3.75 4.625 3220505.29998
4.25 4.625 2520081.50155
4.75 4.625 1747449.06411
5.25 4.625 1222732.95395
5.75 4.625 724493.344764
6.25 4.625 250323.281912
6.75 4.625 62580.8204779
7.25 4.625 14441.7278026
7.75 4.625 0.0
8.25 4.625 0.0
8.75 4.625 0.0
0.25 4.875 4679119.80804
0.75 4.875 4375843.52419
1.25 4.875 4339739.20468
1.75 4.875 4091822.8774
2.25 4.875 3807802.23062
2.75 4.875 3680233.63503
3.25 4.875 3133854.93316
3.75 4.875 2707823.96299
4.25 4.875 2173480.03429
4.75 4.875 1489904.9183
5.25 4.875 994072.263746
5.75 4.875 553599.565766
6.25 4.875 209405.053138
6.75 4.875 86650.3668156
7.25 4.875 2406.95463377
7.75 4.875 0.0
8.25 4.875 0.0
8.75 4.875 0.0
0.25 5.125 3949812.55401
0.75 5.125 4012393.37449
1.25 5.125 3562292.85798
1.75 5.125 3562292.85798
2.25 5.125 3357701.71411
2.75 5.125 3119413.20536
3.25 5.125 2775218.69273
3.75 5.125 2207177.39916
4.25 5.125 1745042.10948
4.75 5.125 1347894.59491
5.25 5.125 746155.936468
5.75 5.125 450100.516514
6.25 5.125 178114.642899
6.75 5.125 52953.0019429
7.25 5.125 2406.95463377
7.75 5.125 0.0
8.25 5.125 0.0
8.75 5.125 0.0
0.25 5.375 3425096.44385
0.75 5.375 3292713.93899
1.25 5.375 3186807.93511
1.75 5.375 3191621.84438
2.25 5.375 2919635.97076
2.75 5.375 2955740.29027
3.25 5.375 2392512.90596
3.75 5.375 1843727.24947
4.25 5.375 1501939.69147
4.75 5.375 984444.445211
5.25 5.375 712458.571595
5.75 5.375 363450.149699
6.25 5.375 125161.640956
6.75 5.375 36104.3195065
7.25 5.375 0.0
7.75 5.375 0.0
8.25 5.375 0.0
8.75 5.375 0.0
0.25 5.625 2941298.56246
0.75 5.625 2989437.65514
1.25 5.625 2919635.97076
1.75 5.625 2724672.64542
2.25 5.625 2524895.41082
2.75 5.625 2310676.44842
3.25 5.625 1947226.29872
3.75 5.625 1559706.60268
4.25 5.625 1386405.86905
4.75 5.625 827992.394016
5.25 5.625 536750.88333
5.75 5.625 291241.510686
6.25 5.625 98685.1399845
6.75 5.625 7220.8639013
7.25 5.625 0.0
7.75 5.625 0.0
8.25 5.625 0.0
8.75 5.625 0.0
0.25 5.875 2565813.6396
0.75 5.875 2512860.63765
1.25 5.875 2459907.63571
1.75 5.875 2469535.45425
2.25 5.875 2137375.71479
2.75 5.875 1997772.34603
3.25 5.875 1684868.24364
3.75 5.875 1388812.82368
4.25 5.875 1119233.9047
4.75 5.875 803922.847678
5.25 5.875 442879.652613
5.75 5.875 211812.007772
6.25 5.875 62580.8204779
6.75 5.875 7220.8639013
7.25 5.875 0.0
7.75 5.875 0.0
8.25 5.875 0.0
8.75 5.875 0.0
0.25 6.125 2216805.2177
0.75 6.125 2151817.44259
1.25 6.125 2103678.34991
1.75 6.125 2055539.25724
2.25 6.125 1923156.75238
2.75 6.125 1653577.8334
3.25 6.125 1499532.73684
3.75 6.125 1246802.50029
4.25 6.125 924270.579367
4.75 6.125 637842.977948
5.25 6.125 409182.28774
5.75 6.125 190149.416068
6.25 6.125 52953.0019429
6.75 6.125 9627.81853507
7.25 6.125 0.0
7.75 6.125 0.0
8.25 6.125 0.0
8.75 6.125 0.0
0.25 6.375 2082015.75821
0.75 6.375 1978516.70896
1.25 6.375 1906308.06994
1.75 6.375 1740228.20021
2.25 6.375 1711344.74461
2.75 6.375 1550078.78415
3.25 6.375 1246802.50029
3.75 6.375 1068687.85739
4.25 6.375 835213.257917
4.75 6.375 469356.153585
5.25 6.375 332159.73946
5.75 6.375 175707.688265
6.25 6.375 28883.4556052
6.75 6.375 0.0
7.25 6.375 0.0
7.75 6.375 0.0
8.25 6.375 0.0
8.75 6.375 0.0
0.25 6.625 1925563.70701
0.75 6.625 1720972.56314
1.25 6.625 1670426.51583
1.75 6.625 1696903.01681
2.25 6.625 1357522.41344
2.75 6.625 1359929.36808
3.25 6.625 1104792.1769
3.75 6.625 902607.987663
4.25 6.625 628215.159413
4.75 6.625 387519.696037
5.25 6.625 296055.419953
5.75 6.625 117940.777055
6.25 6.625 48139.0926753
6.75 6.625 4813.90926753
7.25 6.625 0.0
7.75 6.625 0.0
8.25 6.625 0.0
8.75 6.625 0.0
0.25 6.875 1535637.05634
0.75 6.875 1480277.09977
1.25 6.875 1552485.73878
1.75 6.875 1446579.73489
2.25 6.875 1362336.32271
2.75 6.875 1169779.95201
3.25 6.875 1051839.17496
3.75 6.875 738935.072567
4.25 6.875 604145.613076
4.75 6.875 433251.834078
5.25 6.875 262358.055081
5.75 6.875 89057.3214494
6.25 6.875 7220.8639013
6.75 6.875 0.0
7.25 6.875 0.0
7.75 6.875 0.0
8.25 6.875 0.0
8.75 6.875 0.0
0.25 7.125 1412882.37002
0.75 7.125 1485091.00903
1.25 7.125 1367150.23198
1.75 7.125 1299755.50223
2.25 7.125 1104792.1769
2.75 7.125 895387.123761
3.25 7.125 854468.894987
3.75 7.125 613773.431611
4.25 7.125 459728.33505
4.75 7.125 317718.011657
5.25 7.125 199777.234603
5.75 7.125 93871.2307169
6.25 7.125 12034.7731688
6.75 7.125 2406.95463377
7.25 7.125 0.0
7.75 7.125 0.0
8.25 7.125 0.0
8.75 7.125 0.0
0.25 7.375 1246802.50029
0.75 7.375 1328638.95784
1.25 7.375 1092757.40373
1.75 7.375 1126454.7686
2.25 7.375 1085536.53983
2.75 7.375 926677.534
3.25 7.375 767818.528172
3.75 7.375 596924.749174
4.25 7.375 409182.28774
4.75 7.375 312904.10239
5.25 7.375 161265.960462
5.75 7.375 60173.8658442
6.25 7.375 7220.8639013
6.75 7.375 0.0
7.25 7.375 0.0
7.75 7.375 0.0
8.25 7.375 0.0
8.75 7.375 0.0
0.25 7.625 1121640.85934
0.75 7.625 1143303.45104
1.25 7.625 1013327.90082
1.75 7.625 984444.445211
2.25 7.625 938712.307169
2.75 7.625 758190.709637
3.25 7.625 705237.707694
3.75 7.625 541564.792598
4.25 7.625 394740.559938
4.75 7.625 276799.782883
5.25 7.625 158859.005829
5.75 7.625 64987.7751117
6.25 7.625 9627.81853507
6.75 7.625 0.0
7.25 7.625 0.0
7.75 7.625 0.0
8.25 7.625 0.0
8.75 7.625 0.0
0.25 7.875 979630.535943
0.75 7.875 1083129.5852
1.25 7.875 974816.626676
1.75 7.875 801515.893044
2.25 7.875 847248.031086
2.75 7.875 722086.39013
3.25 7.875 587296.930639
3.75 7.875 524716.110161
4.25 7.875 341787.557995
4.75 7.875 233474.599475
5.25 7.875 115533.822421
5.75 7.875 50546.0473091
6.25 7.875 7220.8639013
6.75 7.875 0.0
7.25 7.875 0.0
7.75 7.875 0.0
8.25 7.875 0.0
8.75 7.875 0.0
0.25 8.125 883352.350593
0.75 8.125 871317.577424
1.25 8.125 892980.169128
1.75 8.125 811143.71158
2.25 8.125 657098.615018
2.75 8.125 599331.703808
3.25 8.125 580076.066738
3.75 8.125 445286.607247
4.25 8.125 274392.828249
4.75 8.125 194963.325335
5.25 8.125 103499.049252
5.75 8.125 43325.1834078
6.25 8.125 9627.81853507
6.75 8.125 2406.95463377
7.25 8.125 0.0
7.75 8.125 0.0
8.25 8.125 0.0
8.75 8.125 0.0
0.25 8.375 878538.441325
0.75 8.375 791888.074509
1.25 8.375 717272.480863
1.75 8.375 729307.254031
2.25 8.375 734121.163299
2.75 8.375 491018.745288
3.25 8.375 445286.607247
3.75 8.375 416403.151642
4.25 8.375 259951.100447
4.75 8.375 144417.278026
5.25 8.375 86650.3668156
5.75 8.375 24069.5463377
6.25 8.375 19255.6370701
6.75 8.375 0.0
7.25 8.375 0.0
7.75 8.375 0.0
8.25 8.375 0.0
8.75 8.375 0.0
0.25 8.625 693202.934525
0.75 8.625 803922.847678
1.25 8.625 654691.660385
1.75 8.625 625808.204779
2.25 8.625 625808.204779
2.75 8.625 500646.563824
3.25 8.625 438065.743346
3.75 8.625 341787.557995
4.25 8.625 252730.236546
4.75 8.625 156452.051195
5.25 8.625 84243.4121819
5.75 8.625 24069.5463377
6.25 8.625 0.0
6.75 8.625 0.0
7.25 8.625 0.0
7.75 8.625 0.0
8.25 8.625 0.0
8.75 8.625 0.0
0.25 8.875 608959.522343
0.75 8.875 678761.206722
1.25 8.875 657098.615018
1.75 8.875 599331.703808
2.25 8.875 541564.792598
2.75 8.875 454914.425782
3.25 8.875 411589.242374
3.75 8.875 296055.419953
4.25 8.875 211812.007772
4.75 8.875 113126.867787
5.25 8.875 64987.7751117
5.75 8.875 16848.6824364
6.25 8.875 4813.90926753
6.75 8.875 0.0
7.25 8.875 0.0
7.75 8.875 0.0
8.25 8.875 0.0
8.75 8.875 0.0
0.25 9.125 565634.338935
0.75 9.125 582483.021372
1.25 9.125 563227.384302
1.75 9.125 592110.839907
2.25 9.125 498239.60919
2.75 9.125 377891.877501
3.25 9.125 324938.875559
3.75 9.125 257544.145813
4.25 9.125 185335.5068
4.75 9.125 115533.822421
5.25 9.125 45732.1380416
5.75 9.125 21662.5917039
6.25 9.125 4813.90926753
6.75 9.125 0.0
7.25 9.125 0.0
7.75 9.125 0.0
8.25 9.125 0.0
8.75 9.125 0.0
0.25 9.375 536750.88333
0.75 9.375 512681.336992
1.25 9.375 481390.926753
1.75 9.375 488611.790655
2.25 9.375 457321.380416
2.75 9.375 329752.784826
3.25 9.375 240695.463377
3.75 9.375 243102.41801
4.25 9.375 134789.459491
4.75 9.375 81836.4575481
5.25 9.375 55359.9565766
5.75 9.375 14441.7278026
6.25 9.375 7220.8639013
6.75 9.375 0.0
7.25 9.375 0.0
7.75 9.375 0.0
8.25 9.375 0.0
8.75 9.375 0.0
0.25 9.625 495832.654556
0.75 9.625 440472.697979
1.25 9.625 474170.062852
1.75 9.625 454914.425782
2.25 9.625 382705.786769
2.75 9.625 351415.37653
3.25 9.625 269578.918982
3.75 9.625 197370.279969
4.25 9.625 161265.960462
4.75 9.625 115533.822421
5.25 9.625 48139.0926753
5.75 9.625 26476.5009714
6.25 9.625 2406.95463377
6.75 9.625 0.0
7.25 9.625 0.0
7.75 9.625 0.0
8.25 9.625 0.0
8.75 9.625 0.0
0.25 9.875 474170.062852
0.75 9.875 454914.425782
1.25 9.875 387519.696037
1.75 9.875 394740.559938
2.25 9.875 353822.331164
2.75 9.875 293648.46532
3.25 9.875 252730.236546
3.75 9.875 202184.189236
4.25 9.875 108312.95852
4.75 9.875 96278.1853507
5.25 9.875 26476.5009714
5.75 9.875 9627.81853507
6.25 9.875 0.0
6.75 9.875 0.0
7.25 9.875 0.0
7.75 9.875 0.0
8.25 9.875 0.0
8.75 9.875 0.0
0.25 10.125 380298.832135
0.75 10.125 416403.151642
1.25 10.125 404368.378473
1.75 10.125 349008.421896
2.25 10.125 312904.10239
2.75 10.125 271985.873616
3.25 10.125 257544.145813
3.75 10.125 142010.323392
4.25 10.125 158859.005829
4.75 10.125 45732.1380416
5.25 10.125 33697.3648727
5.75 10.125 4813.90926753
6.25 10.125 2406.95463377
6.75 10.125 0.0
7.25 10.125 0.0
7.75 10.125 0.0
8.25 10.125 0.0
8.75 10.125 0.0
0.25 10.375 409182.28774
0.75 10.375 394740.559938
1.25 10.375 341787.557995
1.75 10.375 344194.512629
2.25 10.375 284020.646785
2.75 10.375 247916.327278
3.25 10.375 190149.416068
3.75 10.375 137196.414125
4.25 10.375 120347.731688
4.75 10.375 57766.9112104
5.25 10.375 28883.4556052
5.75 10.375 4813.90926753
6.25 10.375 0.0
6.75 10.375 0.0
7.25 10.375 0.0
7.75 10.375 0.0
8.25 10.375 0.0
8.75 10.375 0.0
0.25 10.625 344194.512629
0.75 10.625 334566.694094
1.25 10.625 336973.648727
1.75 10.625 274392.828249
2.25 10.625 257544.145813
2.75 10.625 252730.236546
3.25 10.625 151638.141927
3.75 10.625 161265.960462
4.25 10.625 74615.5936468
4.75 10.625 64987.7751117
5.25 10.625 28883.4556052
5.75 10.625 9627.81853507
6.25 10.625 2406.95463377
6.75 10.625 0.0
7.25 10.625 0.0
7.75 10.625 0.0
8.25 10.625 0.0
8.75 10.625 0.0
0.25 10.875 286427.601418
0.75 10.875 329752.784826
1.25 10.875 269578.918982
1.75 10.875 250323.281912
2.25 10.875 233474.599475
2.75 10.875 216625.917039
3.25 10.875 180521.597533
3.75 10.875 132382.504857
4.25 10.875 69801.6843792
4.75 10.875 55359.9565766
5.25 10.875 21662.5917039
5.75 10.875 9627.81853507
6.25 10.875 0.0
6.75 10.875 0.0
7.25 10.875 0.0
7.75 10.875 0.0
8.25 10.875 0.0
8.75 10.875 0.0
0.25 11.125 291241.510686
0.75 11.125 257544.145813
1.25 11.125 243102.41801
1.75 11.125 250323.281912
2.25 11.125 194963.325335
2.75 11.125 168486.824364
3.25 11.125 122754.686322
3.75 11.125 113126.867787
4.25 11.125 101092.094618
4.75 11.125 26476.5009714
5.25 11.125 7220.8639013
5.75 11.125 12034.7731688
6.25 11.125 2406.95463377
6.75 11.125 0.0
7.25 11.125 0.0
7.75 11.125 0.0
8.25 11.125 0.0
8.75 11.125 0.0
0.25 11.375 228660.690208
0.75 11.375 279206.737517
1.25 11.375 221439.826307
1.75 11.375 233474.599475
2.25 11.375 192556.370701
2.75 11.375 187742.461434
3.25 11.375 151638.141927
3.75 11.375 139603.368758
4.25 11.375 67394.7297455
4.75 11.375 40918.228774
5.25 11.375 16848.6824364
5.75 11.375 2406.95463377
6.25 11.375 2406.95463377
6.75 11.375 0.0
7.25 11.375 0.0
7.75 11.375 0.0
8.25 11.375 0.0
8.75 11.375 0.0
0.25 11.625 226253.735574
0.75 11.625 221439.826307
1.25 11.625 209405.053138
1.75 11.625 233474.599475
2.25 11.625 173300.733631
2.75 11.625 182928.552166
3.25 11.625 122754.686322
3.75 11.625 84243.4121819
4.25 11.625 48139.0926753
4.75 11.625 40918.228774
5.25 11.625 16848.6824364
5.75 11.625 2406.95463377
6.25 11.625 0.0
6.75 11.625 0.0
7.25 11.625 0.0
7.75 11.625 0.0
8.25 11.625 0.0
8.75 11.625 0.0
0.25 11.875 250323.281912
0.75 11.875 255137.191179
1.25 11.875 202184.189236
1.75 11.875 192556.370701
2.25 11.875 194963.325335
2.75 11.875 151638.141927
3.25 11.875 84243.4121819
3.75 11.875 81836.4575481
4.25 11.875 45732.1380416
4.75 11.875 26476.5009714
5.25 11.875 14441.7278026
5.75 11.875 2406.95463377
6.25 11.875 0.0
6.75 11.875 0.0
7.25 11.875 0.0
7.75 11.875 0.0
8.25 11.875 0.0
8.75 11.875 0.0
0.25 12.125 221439.826307
0.75 12.125 202184.189236
1.25 12.125 194963.325335
1.75 12.125 206998.098504
2.25 12.125 142010.323392
2.75 12.125 139603.368758
3.25 12.125 108312.95852
3.75 12.125 91464.2760832
4.25 12.125 50546.0473091
4.75 12.125 33697.3648727
5.25 12.125 7220.8639013
5.75 12.125 0.0
6.25 12.125 0.0
6.75 12.125 0.0
7.25 12.125 0.0
7.75 12.125 0.0
8.25 12.125 0.0
8.75 12.125 0.0
0.25 12.375 161265.960462
0.75 12.375 166079.86973
1.25 12.375 182928.552166
1.75 12.375 149231.187294
2.25 12.375 134789.459491
2.75 12.375 98685.1399845
3.25 12.375 110719.913153
3.75 12.375 81836.4575481
4.25 12.375 36104.3195065
4.75 12.375 24069.5463377
5.25 12.375 12034.7731688
5.75 12.375 0.0
6.25 12.375 0.0
6.75 12.375 0.0
7.25 12.375 0.0
7.75 12.375 0.0
8.25 12.375 0.0
8.75 12.375 0.0
0.25 12.625 151638.141927
0.75 12.625 202184.189236
1.25 12.625 166079.86973
1.75 12.625 146824.23266
2.25 12.625 127568.59559
2.75 12.625 110719.913153
3.25 12.625 84243.4121819
3.75 12.625 64987.7751117
4.25 12.625 48139.0926753
4.75 12.625 9627.81853507
5.25 12.625 7220.8639013
5.75 12.625 0.0
6.25 12.625 0.0
6.75 12.625 0.0
7.25 12.625 0.0
7.75 12.625 0.0
8.25 12.625 0.0
8.75 12.625 0.0
0.25 12.875 173300.733631
0.75 12.875 134789.459491
1.25 12.875 154045.096561
1.75 12.875 105906.003886
2.25 12.875 115533.822421
2.75 12.875 108312.95852
3.25 12.875 55359.9565766
3.75 12.875 69801.6843792
4.25 12.875 36104.3195065
4.75 12.875 33697.3648727
5.25 12.875 2406.95463377
5.75 12.875 0.0
6.25 12.875 2406.95463377
6.75 12.875 0.0
7.25 12.875 0.0
7.75 12.875 0.0
8.25 12.875 0.0
8.75 12.875 0.0
0.25 13.125 166079.86973
0.75 13.125 173300.733631
1.25 13.125 125161.640956
1.75 13.125 144417.278026
2.25 13.125 91464.2760832
2.75 13.125 86650.3668156
3.25 13.125 72208.639013
3.75 13.125 60173.8658442
4.25 13.125 31290.410239
4.75 13.125 19255.6370701
5.25 13.125 4813.90926753
5.75 13.125 0.0
6.25 13.125 0.0
6.75 13.125 0.0
7.25 13.125 0.0
7.75 13.125 0.0
8.25 13.125 0.0
8.75 13.125 0.0
0.25 13.375 129975.550223
0.75 13.375 105906.003886
1.25 13.375 132382.504857
1.75 13.375 117940.777055
2.25 13.375 105906.003886
2.75 13.375 91464.2760832
3.25 13.375 79429.5029143
3.75 13.375 64987.7751117
4.25 13.375 45732.1380416
4.75 13.375 14441.7278026
5.25 13.375 16848.6824364
5.75 13.375 0.0
6.25 13.375 0.0
6.75 13.375 0.0
7.25 13.375 0.0
7.75 13.375 0.0
8.25 13.375 0.0
8.75 13.375 0.0
0.25 13.625 120347.731688
0.75 13.625 139603.368758
1.25 13.625 122754.686322
1.75 13.625 81836.4575481
2.25 13.625 79429.5029143
2.75 13.625 93871.2307169
3.25 13.625 50546.0473091
3.75 13.625 43325.1834078
4.25 13.625 28883.4556052
4.75 13.625 16848.6824364
5.25 13.625 7220.8639013
5.75 13.625 0.0
6.25 13.625 0.0
6.75 13.625 0.0
7.25 13.625 0.0
7.75 13.625 0.0
8.25 13.625 0.0
8.75 13.625 0.0
0.25 13.875 86650.3668156
0.75 13.875 137196.414125
1.25 13.875 120347.731688
1.75 13.875 77022.5482805
2.25 13.875 74615.5936468
2.75 13.875 72208.639013
3.25 13.875 48139.0926753
3.75 13.875 50546.0473091
4.25 13.875 31290.410239
4.75 13.875 26476.5009714
5.25 13.875 2406.95463377
5.75 13.875 0.0
6.25 13.875 0.0
6.75 13.875 0.0
7.25 13.875 0.0
7.75 13.875 0.0
8.25 13.875 0.0
8.75 13.875 0.0
0.25 14.125 129975.550223
0.75 14.125 110719.913153
1.25 14.125 113126.867787
1.75 14.125 98685.1399845
2.25 14.125 89057.3214494
2.75 14.125 62580.8204779
3.25 14.125 52953.0019429
3.75 14.125 31290.410239
4.25 14.125 33697.3648727
4.75 14.125 14441.7278026
5.25 14.125 2406.95463377
5.75 14.125 0.0
6.25 14.125 0.0
6.75 14.125 0.0
7.25 14.125 0.0
7.75 14.125 0.0
8.25 14.125 0.0
8.75 14.125 0.0
0.25 14.375 110719.913153
0.75 14.375 137196.414125
1.25 14.375 101092.094618
1.75 14.375 86650.3668156
2.25 14.375 69801.6843792
2.75 14.375 77022.5482805
3.25 14.375 55359.9565766
3.75 14.375 40918.228774
4.25 14.375 9627.81853507
4.75 14.375 2406.95463377
5.25 14.375 4813.90926753
5.75 14.375 4813.90926753
6.25 14.375 0.0
6.75 14.375 0.0
7.25 14.375 0.0
7.75 14.375 0.0
8.25 14.375 0.0
8.75 14.375 0.0
0.25 14.625 93871.2307169
0.75 14.625 101092.094618
1.25 14.625 91464.2760832
1.75 14.625 79429.5029143
2.25 14.625 79429.5029143
2.75 14.625 45732.1380416
3.25 14.625 40918.228774
3.75 14.625 26476.5009714
4.25 14.625 16848.6824364
4.75 14.625 7220.8639013
5.25 14.625 0.0
5.75 14.625 0.0
6.25 14.625 0.0
6.75 14.625 0.0
7.25 14.625 0.0
7.75 14.625 0.0
8.25 14.625 0.0
8.75 14.625 0.0
0.25 14.875 81836.4575481
0.75 14.875 84243.4121819
1.25 14.875 69801.6843792
1.75 14.875 67394.7297455
2.25 14.875 77022.5482805
2.75 14.875 52953.0019429
3.25 14.875 38511.2741403
3.75 14.875 24069.5463377
4.25 14.875 16848.6824364
4.75 14.875 7220.8639013
5.25 14.875 4813.90926753
5.75 14.875 0.0
6.25 14.875 0.0
6.75 14.875 0.0
7.25 14.875 0.0
7.75 14.875 0.0
8.25 14.875 0.0
8.75 14.875 0.0
0.25 15.125 89057.3214494
0.75 15.125 91464.2760832
1.25 15.125 69801.6843792
1.75 15.125 84243.4121819
2.25 15.125 69801.6843792
2.75 15.125 33697.3648727
3.25 15.125 43325.1834078
3.75 15.125 26476.5009714
4.25 15.125 16848.6824364
4.75 15.125 12034.7731688
5.25 15.125 0.0
5.75 15.125 0.0
6.25 15.125 0.0
6.75 15.125 0.0
7.25 15.125 0.0
7.75 15.125 0.0
8.25 15.125 0.0
8.75 15.125 0.0
0.25 15.375 103499.049252
0.75 15.375 77022.5482805
1.25 15.375 57766.9112104
1.75 15.375 45732.1380416
2.25 15.375 38511.2741403
2.75 15.375 48139.0926753
3.25 15.375 24069.5463377
3.75 15.375 26476.5009714
4.25 15.375 14441.7278026
4.75 15.375 7220.8639013
5.25 15.375 0.0
5.75 15.375 0.0
6.25 15.375 0.0
6.75 15.375 0.0
7.25 15.375 0.0
7.75 15.375 0.0
8.25 15.375 0.0
8.75 15.375 0.0
0.25 15.625 69801.6843792
0.75 15.625 79429.5029143
1.25 15.625 84243.4121819
1.75 15.625 72208.639013
2.25 15.625 45732.1380416
2.75 15.625 24069.5463377
3.25 15.625 26476.5009714
3.75 15.625 24069.5463377
4.25 15.625 21662.5917039
4.75 15.625 4813.90926753
5.25 15.625 7220.8639013
5.75 15.625 0.0
6.25 15.625 0.0
6.75 15.625 0.0
7.25 15.625 0.0
7.75 15.625 0.0
8.25 15.625 0.0
8.75 15.625 0.0
0.25 15.875 72208.639013
0.75 15.875 57766.9112104
1.25 15.875 69801.6843792
1.75 15.875 52953.0019429
2.25 15.875 45732.1380416
2.75 15.875 57766.9112104
3.25 15.875 31290.410239
3.75 15.875 14441.7278026
4.25 15.875 24069.5463377
4.75 15.875 2406.95463377
5.25 15.875 0.0
5.75 15.875 0.0
6.25 15.875 0.0
6.75 15.875 0.0
7.25 15.875 0.0
7.75 15.875 0.0
8.25 15.875 0.0
8.75 15.875 0.0
0.25 16.125 67394.7297455
0.75 16.125 81836.4575481
1.25 16.125 62580.8204779
1.75 16.125 64987.7751117
2.25 16.125 38511.2741403
2.75 16.125 52953.0019429
3.25 16.125 21662.5917039
3.75 16.125 19255.6370701
4.25 16.125 9627.81853507
4.75 16.125 2406.95463377
5.25 16.125 0.0
5.75 16.125 0.0
6.25 16.125 0.0
6.75 16.125 0.0
7.25 16.125 0.0
7.75 16.125 0.0
8.25 16.125 0.0
8.75 16.125 0.0
0.25 16.375 48139.0926753
0.75 16.375 74615.5936468
1.25 16.375 69801.6843792
1.75 16.375 64987.7751117
2.25 16.375 38511.2741403
2.75 16.375 43325.1834078
3.25 16.375 19255.6370701
3.75 16.375 4813.90926753
4.25 16.375 9627.81853507
4.75 16.375 16848.6824364
5.25 16.375 2406.95463377
5.75 16.375 2406.95463377
6.25 16.375 0.0
6.75 16.375 0.0
7.25 16.375 0.0
7.75 16.375 0.0
8.25 16.375 0.0
8.75 16.375 0.0
0.25 16.625 45732.1380416
0.75 16.625 48139.0926753
1.25 16.625 40918.228774
1.75 16.625 33697.3648727
2.25 16.625 48139.0926753
2.75 16.625 26476.5009714
3.25 16.625 33697.3648727
3.75 16.625 12034.7731688
4.25 16.625 12034.7731688
4.75 16.625 0.0
5.25 16.625 0.0
5.75 16.625 0.0
6.25 16.625 0.0
6.75 16.625 0.0
7.25 16.625 0.0
7.75 16.625 0.0
8.25 16.625 0.0
8.75 16.625 0.0
0.25 16.875 40918.228774
0.75 16.875 38511.2741403
1.25 16.875 74615.5936468
1.75 16.875 60173.8658442
2.25 16.875 36104.3195065
2.75 16.875 36104.3195065
3.25 16.875 33697.3648727
3.75 16.875 9627.81853507
4.25 16.875 7220.8639013
4.75 16.875 2406.95463377
5.25 16.875 0.0
5.75 16.875 0.0
6.25 16.875 0.0
6.75 16.875 0.0
7.25 16.875 0.0
7.75 16.875 0.0
8.25 16.875 0.0
8.75 16.875 0.0
0.25 17.125 33697.3648727
0.75 17.125 52953.0019429
1.25 17.125 50546.0473091
1.75 17.125 52953.0019429
2.25 17.125 38511.2741403
2.75 17.125 33697.3648727
3.25 17.125 14441.7278026
3.75 17.125 9627.81853507
4.25 17.125 7220.8639013
4.75 17.125 7220.8639013
5.25 17.125 0.0
5.75 17.125 0.0
6.25 17.125 0.0
6.75 17.125 0.0
7.25 17.125 0.0
7.75 17.125 0.0
8.25 17.125 0.0
8.75 17.125 0.0
0.25 17.375 45732.1380416
0.75 17.375 33697.3648727
1.25 17.375 45732.1380416
1.75 17.375 45732.1380416
2.25 17.375 40918.228774
2.75 17.375 33697.3648727
3.25 17.375 19255.6370701
3.75 17.375 12034.7731688
4.25 17.375 14441.7278026
4.75 17.375 4813.90926753
5.25 17.375 0.0
5.75 17.375 2406.95463377
6.25 17.375 0.0
6.75 17.375 0.0
7.25 17.375 0.0
7.75 17.375 0.0
8.25 17.375 0.0
8.75 17.375 0.0
0.25 17.625 31290.410239
0.75 17.625 45732.1380416
1.25 17.625 50546.0473091
1.75 17.625 31290.410239
2.25 17.625 26476.5009714
2.75 17.625 19255.6370701
3.25 17.625 21662.5917039
3.75 17.625 16848.6824364
4.25 17.625 2406.95463377
4.75 17.625 7220.8639013
5.25 17.625 0.0
5.75 17.625 0.0
6.25 17.625 0.0
6.75 17.625 0.0
7.25 17.625 0.0
7.75 17.625 0.0
8.25 17.625 0.0
8.75 17.625 0.0
0.25 17.875 36104.3195065
0.75 17.875 40918.228774
1.25 17.875 31290.410239
1.75 17.875 31290.410239
2.25 17.875 36104.3195065
2.75 17.875 16848.6824364
3.25 17.875 24069.5463377
3.75 17.875 9627.81853507
4.25 17.875 2406.95463377
4.75 17.875 4813.90926753
5.25 17.875 0.0
5.75 17.875 0.0
6.25 17.875 0.0
6.75 17.875 0.0
7.25 17.875 0.0
7.75 17.875 0.0
8.25 17.875 0.0
8.75 17.875 0.0
0.25 18.125 26476.5009714
0.75 18.125 33697.3648727
1.25 18.125 48139.0926753
1.75 18.125 55359.9565766
2.25 18.125 19255.6370701
2.75 18.125 16848.6824364
3.25 18.125 26476.5009714
3.75 18.125 2406.95463377
4.25 18.125 12034.7731688
4.75 18.125 2406.95463377
5.25 18.125 0.0
5.75 18.125 0.0
6.25 18.125 0.0
6.75 18.125 0.0
7.25 18.125 0.0
7.75 18.125 0.0
8.25 18.125 0.0
8.75 18.125 0.0
0.25 18.375 28883.4556052
0.75 18.375 45732.1380416
1.25 18.375 33697.3648727
1.75 18.375 48139.0926753
2.25 18.375 16848.6824364
2.75 18.375 26476.5009714
3.25 18.375 12034.7731688
3.75 18.375 16848.6824364
4.25 18.375 4813.90926753
4.75 18.375 4813.90926753
5.25 18.375 0.0
5.75 18.375 0.0
6.25 18.375 0.0
6.75 18.375 0.0
7.25 18.375 0.0
7.75 18.375 0.0
8.25 18.375 0.0
8.75 18.375 0.0
0.25 18.625 36104.3195065
0.75 18.625 38511.2741403
1.25 18.625 38511.2741403
1.75 18.625 12034.7731688
2.25 18.625 28883.4556052
2.75 18.625 24069.5463377
3.25 18.625 9627.81853507
3.75 18.625 4813.90926753
4.25 18.625 2406.95463377
4.75 18.625 0.0
5.25 18.625 0.0
5.75 18.625 0.0
6.25 18.625 0.0
6.75 18.625 0.0
7.25 18.625 0.0
7.75 18.625 0.0
8.25 18.625 0.0
8.75 18.625 0.0
0.25 18.875 40918.228774
0.75 18.875 26476.5009714
1.25 18.875 40918.228774
1.75 18.875 19255.6370701
2.25 18.875 16848.6824364
2.75 18.875 24069.5463377
3.25 18.875 9627.81853507
3.75 18.875 2406.95463377
4.25 18.875 7220.8639013
4.75 18.875 9627.81853507
5.25 18.875 0.0
5.75 18.875 0.0
6.25 18.875 0.0
6.75 18.875 0.0
7.25 18.875 0.0
7.75 18.875 0.0
8.25 18.875 0.0
8.75 18.875 0.0
0.25 19.125 33697.3648727
0.75 19.125 33697.3648727
1.25 19.125 28883.4556052
1.75 19.125 16848.6824364
2.25 19.125 24069.5463377
2.75 19.125 28883.4556052
3.25 19.125 19255.6370701
3.75 19.125 9627.81853507
4.25 19.125 4813.90926753
4.75 19.125 4813.90926753
5.25 19.125 0.0
5.75 19.125 0.0
6.25 19.125 0.0
6.75 19.125 0.0
7.25 19.125 0.0
7.75 19.125 0.0
8.25 19.125 0.0
8.75 19.125 0.0
0.25 19.375 28883.4556052
0.75 19.375 33697.3648727
1.25 19.375 24069.5463377
1.75 19.375 14441.7278026
2.25 19.375 16848.6824364
2.75 19.375 7220.8639013
3.25 19.375 16848.6824364
3.75 19.375 12034.7731688
4.25 19.375 0.0
4.75 19.375 2406.95463377
5.25 19.375 0.0
5.75 19.375 0.0
6.25 19.375 0.0
6.75 19.375 0.0
7.25 19.375 0.0
7.75 19.375 0.0
8.25 19.375 0.0
8.75 19.375 0.0
0.25 19.625 36104.3195065
0.75 19.625 36104.3195065
1.25 19.625 33697.3648727
1.75 19.625 24069.5463377
2.25 19.625 21662.5917039
2.75 19.625 9627.81853507
3.25 19.625 7220.8639013
3.75 19.625 4813.90926753
4.25 19.625 2406.95463377
4.75 19.625 0.0
5.25 19.625 0.0
5.75 19.625 0.0
6.25 19.625 0.0
6.75 19.625 0.0
7.25 19.625 0.0
7.75 19.625 0.0
8.25 19.625 0.0
8.75 19.625 0.0
0.25 19.875 19255.6370701
0.75 19.875 26476.5009714
1.25 19.875 26476.5009714
1.75 19.875 12034.7731688
2.25 19.875 26476.5009714
2.75 19.875 14441.7278026
3.25 19.875 7220.8639013
3.75 19.875 24069.5463377
4.25 19.875 4813.90926753
4.75 19.875 0.0
5.25 19.875 0.0
5.75 19.875 0.0
6.25 19.875 0.0
6.75 19.875 0.0
7.25 19.875 0.0
7.75 19.875 0.0
8.25 19.875 0.0
8.75 19.875 0.0
0.25 20.125 21662.5917039
0.75 20.125 16848.6824364
1.25 20.125 21662.5917039
1.75 20.125 16848.6824364
2.25 20.125 9627.81853507
2.75 20.125 16848.6824364
3.25 20.125 21662.5917039
3.75 20.125 9627.81853507
4.25 20.125 2406.95463377
4.75 20.125 2406.95463377
5.25 20.125 0.0
5.75 20.125 0.0
6.25 20.125 0.0
6.75 20.125 0.0
7.25 20.125 0.0
7.75 20.125 0.0
8.25 20.125 0.0
8.75 20.125 0.0
0.25 20.375 19255.6370701
0.75 20.375 19255.6370701
1.25 20.375 26476.5009714
1.75 20.375 26476.5009714
2.25 20.375 12034.7731688
2.75 20.375 12034.7731688
3.25 20.375 19255.6370701
3.75 20.375 14441.7278026
4.25 20.375 2406.95463377
4.75 20.375 0.0
5.25 20.375 0.0
5.75 20.375 0.0
6.25 20.375 0.0
6.75 20.375 0.0
7.25 20.375 0.0
7.75 20.375 0.0
8.25 20.375 0.0
8.75 20.375 0.0
0.25 20.625 14441.7278026
0.75 20.625 24069.5463377
1.25 20.625 19255.6370701
1.75 20.625 14441.7278026
2.25 20.625 21662.5917039
2.75 20.625 12034.7731688
3.25 20.625 14441.7278026
3.75 20.625 4813.90926753
4.25 20.625 2406.95463377
4.75 20.625 0.0
5.25 20.625 0.0
5.75 20.625 0.0
6.25 20.625 0.0
6.75 20.625 0.0
7.25 20.625 0.0
7.75 20.625 0.0
8.25 20.625 0.0
8.75 20.625 0.0
0.25 20.875 26476.5009714
0.75 20.875 16848.6824364
1.25 20.875 21662.5917039
1.75 20.875 9627.81853507
2.25 20.875 16848.6824364
2.75 20.875 16848.6824364
3.25 20.875 7220.8639013
3.75 20.875 4813.90926753
4.25 20.875 4813.90926753
4.75 20.875 4813.90926753
5.25 20.875 0.0
5.75 20.875 0.0
6.25 20.875 0.0
6.75 20.875 0.0
7.25 20.875 0.0
7.75 20.875 0.0
8.25 20.875 0.0
8.75 20.875 0.0
0.25 21.125 24069.5463377
0.75 21.125 28883.4556052
1.25 21.125 19255.6370701
1.75 21.125 12034.7731688
2.25 21.125 9627.81853507
2.75 21.125 9627.81853507
3.25 21.125 12034.7731688
3.75 21.125 9627.81853507
4.25 21.125 2406.95463377
4.75 21.125 4813.90926753
5.25 21.125 0.0
5.75 21.125 0.0
6.25 21.125 0.0
6.75 21.125 0.0
7.25 21.125 0.0
7.75 21.125 0.0
8.25 21.125 0.0
8.75 21.125 0.0
0.25 21.375 16848.6824364
0.75 21.375 19255.6370701
1.25 21.375 26476.5009714
1.75 21.375 9627.81853507
2.25 21.375 21662.5917039
2.75 21.375 4813.90926753
3.25 21.375 7220.8639013
3.75 21.375 9627.81853507
4.25 21.375 0.0
4.75 21.375 0.0
5.25 21.375 0.0
5.75 21.375 0.0
6.25 21.375 0.0
6.75 21.375 0.0
7.25 21.375 0.0
7.75 21.375 0.0
8.25 21.375 0.0
8.75 21.375 0.0
0.25 21.625 12034.7731688
0.75 21.625 19255.6370701
1.25 21.625 19255.6370701
1.75 21.625 14441.7278026
2.25 21.625 12034.7731688
2.75 21.625 7220.8639013
3.25 21.625 4813.90926753
3.75 21.625 4813.90926753
4.25 21.625 7220.8639013
4.75 21.625 0.0
5.25 21.625 0.0
5.75 21.625 0.0
6.25 21.625 0.0
6.75 21.625 0.0
7.25 21.625 0.0
7.75 21.625 0.0
8.25 21.625 0.0
8.75 21.625 0.0
0.25 21.875 14441.7278026
0.75 21.875 19255.6370701
1.25 21.875 12034.7731688
1.75 21.875 9627.81853507
2.25 21.875 12034.7731688
2.75 21.875 14441.7278026
3.25 21.875 2406.95463377
3.75 21.875 12034.7731688
4.25 21.875 2406.95463377
4.75 21.875 0.0
5.25 21.875 0.0
5.75 21.875 0.0
6.25 21.875 0.0
6.75 21.875 0.0
7.25 21.875 0.0
7.75 21.875 0.0
8.25 21.875 0.0
8.75 21.875 0.0
0.25 22.125 14441.7278026
0.75 22.125 14441.7278026
1.25 22.125 14441.7278026
1.75 22.125 4813.90926753
2.25 22.125 21662.5917039
2.75 22.125 7220.8639013
3.25 22.125 9627.81853507
3.75 22.125 2406.95463377
4.25 22.125 2406.95463377
4.75 22.125 0.0
5.25 22.125 0.0
5.75 22.125 0.0
6.25 22.125 0.0
6.75 22.125 0.0
7.25 22.125 0.0
7.75 22.125 0.0
8.25 22.125 0.0
8.75 22.125 0.0
0.25 22.375 24069.5463377
0.75 22.375 21662.5917039
1.25 22.375 7220.8639013
1.75 22.375 7220.8639013
2.25 22.375 4813.90926753
2.75 22.375 9627.81853507
3.25 22.375 2406.95463377
3.75 22.375 0.0
4.25 22.375 9627.81853507
4.75 22.375 0.0
5.25 22.375 0.0
5.75 22.375 0.0
6.25 22.375 0.0
6.75 22.375 0.0
7.25 22.375 0.0
7.75 22.375 0.0
8.25 22.375 0.0
8.75 22.375 0.0
0.25 22.625 7220.8639013
0.75 22.625 16848.6824364
1.25 22.625 2406.95463377
1.75 22.625 19255.6370701
2.25 22.625 4813.90926753
2.75 22.625 9627.81853507
3.25 22.625 0.0
3.75 22.625 2406.95463377
4.25 22.625 0.0
4.75 22.625 2406.95463377
5.25 22.625 0.0
5.75 22.625 0.0
6.25 22.625 0.0
6.75 22.625 0.0
7.25 22.625 0.0
7.75 22.625 0.0
8.25 22.625 0.0
8.75 22.625 0.0
0.25 22.875 12034.7731688
0.75 22.875 26476.5009714
1.25 22.875 7220.8639013
1.75 22.875 4813.90926753
2.25 22.875 4813.90926753
2.75 22.875 7220.8639013
3.25 22.875 4813.90926753
3.75 22.875 0.0
4.25 22.875 0.0
4.75 22.875 0.0
5.25 22.875 0.0
5.75 22.875 0.0
6.25 22.875 0.0
6.75 22.875 0.0
7.25 22.875 0.0
7.75 22.875 0.0
8.25 22.875 0.0
8.75 22.875 0.0
0.25 23.125 12034.7731688
0.75 23.125 12034.7731688
1.25 23.125 12034.7731688
1.75 23.125 9627.81853507
2.25 23.125 2406.95463377
2.75 23.125 7220.8639013
3.25 23.125 7220.8639013
3.75 23.125 4813.90926753
4.25 23.125 0.0
4.75 23.125 0.0
5.25 23.125 0.0
5.75 23.125 0.0
6.25 23.125 0.0
6.75 23.125 0.0
7.25 23.125 0.0
7.75 23.125 0.0
8.25 23.125 0.0
8.75 23.125 0.0
0.25 23.375 7220.8639013
0.75 23.375 14441.7278026
1.25 23.375 21662.5917039
1.75 23.375 14441.7278026
2.25 23.375 9627.81853507
2.75 23.375 2406.95463377
3.25 23.375 9627.81853507
3.75 23.375 2406.95463377
4.25 23.375 7220.8639013
4.75 23.375 0.0
5.25 23.375 0.0
5.75 23.375 0.0
6.25 23.375 0.0
6.75 23.375 0.0
7.25 23.375 0.0
7.75 23.375 0.0
8.25 23.375 0.0
8.75 23.375 0.0
0.25 23.625 9627.81853507
0.75 23.625 12034.7731688
1.25 23.625 9627.81853507
1.75 23.625 4813.90926753
2.25 23.625 7220.8639013
2.75 23.625 2406.95463377
3.25 23.625 7220.8639013
3.75 23.625 9627.81853507
4.25 23.625 4813.90926753
4.75 23.625 0.0
5.25 23.625 0.0
5.75 23.625 0.0
6.25 23.625 0.0
6.75 23.625 0.0
7.25 23.625 0.0
7.75 23.625 0.0
8.25 23.625 0.0
8.75 23.625 0.0
0.25 23.875 9627.81853507
0.75 23.875 19255.6370701
1.25 23.875 12034.7731688
1.75 23.875 7220.8639013
2.25 23.875 4813.90926753
2.75 23.875 12034.7731688
3.25 23.875 4813.90926753
3.75 23.875 2406.95463377
4.25 23.875 0.0
4.75 23.875 0.0
5.25 23.875 0.0
5.75 23.875 0.0
6.25 23.875 0.0
6.75 23.875 0.0
7.25 23.875 0.0
7.75 23.875 0.0
8.25 23.875 0.0
8.75 23.875 0.0
0.25 24.125 4813.90926753
0.75 24.125 16848.6824364
1.25 24.125 14441.7278026
1.75 24.125 4813.90926753
2.25 24.125 4813.90926753
2.75 24.125 7220.8639013
3.25 24.125 2406.95463377
3.75 24.125 0.0
4.25 24.125 2406.95463377
4.75 24.125 0.0
5.25 24.125 0.0
5.75 24.125 0.0
6.25 24.125 0.0
6.75 24.125 0.0
7.25 24.125 0.0
7.75 24.125 0.0
8.25 24.125 0.0
8.75 24.125 0.0
0.25 24.375 12034.7731688
0.75 24.375 16848.6824364
1.25 24.375 14441.7278026
1.75 24.375 2406.95463377
2.25 24.375 4813.90926753
2.75 24.375 7220.8639013
3.25 24.375 2406.95463377
3.75 24.375 2406.95463377
4.25 24.375 0.0
4.75 24.375 0.0
5.25 24.375 0.0
5.75 24.375 0.0
6.25 24.375 0.0
6.75 24.375 0.0
7.25 24.375 0.0
7.75 24.375 0.0
8.25 24.375 0.0
8.75 24.375 0.0
0.25 24.625 9627.81853507
0.75 24.625 9627.81853507
1.25 24.625 9627.81853507
1.75 24.625 7220.8639013
2.25 24.625 7220.8639013
2.75 24.625 14441.7278026
3.25 24.625 2406.95463377
3.75 24.625 4813.90926753
4.25 24.625 2406.95463377
4.75 24.625 0.0
5.25 24.625 0.0
5.75 24.625 0.0
6.25 24.625 0.0
6.75 24.625 0.0
7.25 24.625 0.0
7.75 24.625 0.0
8.25 24.625 0.0
8.75 24.625 0.0
0.25 24.875 7220.8639013
0.75 24.875 14441.7278026
1.25 24.875 7220.8639013
1.75 24.875 14441.7278026
2.25 24.875 4813.90926753
2.75 24.875 7220.8639013
3.25 24.875 9627.81853507
3.75 24.875 0.0
4.25 24.875 0.0
4.75 24.875 0.0
5.25 24.875 0.0
5.75 24.875 0.0
6.25 24.875 0.0
6.75 24.875 0.0
7.25 24.875 0.0
7.75 24.875 0.0
8.25 24.875 0.0
8.75 24.875 0.0
0.25 25.125 7220.8639013
0.75 25.125 14441.7278026
1.25 25.125 9627.81853507
1.75 25.125 9627.81853507
2.25 25.125 7220.8639013
2.75 25.125 2406.95463377
3.25 25.125 0.0
3.75 25.125 7220.8639013
4.25 25.125 0.0
4.75 25.125 0.0
5.25 25.125 0.0
5.75 25.125 0.0
6.25 25.125 0.0
6.75 25.125 0.0
7.25 25.125 0.0
7.75 25.125 0.0
8.25 25.125 0.0
8.75 25.125 0.0
0.25 25.375 2406.95463377
0.75 25.375 4813.90926753
1.25 25.375 4813.90926753
1.75 25.375 4813.90926753
2.25 25.375 2406.95463377
2.75 25.375 2406.95463377
3.25 25.375 7220.8639013
3.75 25.375 0.0
4.25 25.375 2406.95463377
4.75 25.375 0.0
5.25 25.375 0.0
5.75 25.375 0.0
6.25 25.375 0.0
6.75 25.375 0.0
7.25 25.375 0.0
7.75 25.375 0.0
8.25 25.375 0.0
8.75 25.375 0.0
0.25 25.625 9627.81853507
0.75 25.625 12034.7731688
1.25 25.625 9627.81853507
1.75 25.625 16848.6824364
2.25 25.625 2406.95463377
2.75 25.625 0.0
3.25 25.625 9627.81853507
3.75 25.625 4813.90926753
4.25 25.625 4813.90926753
4.75 25.625 2406.95463377
5.25 25.625 0.0
5.75 25.625 0.0
6.25 25.625 0.0
6.75 25.625 0.0
7.25 25.625 0.0
7.75 25.625 0.0
8.25 25.625 0.0
8.75 25.625 0.0
0.25 25.875 14441.7278026
0.75 25.875 4813.90926753
1.25 25.875 0.0
1.75 25.875 7220.8639013
2.25 25.875 4813.90926753
2.75 25.875 0.0
3.25 25.875 7220.8639013
3.75 25.875 0.0
4.25 25.875 0.0
4.75 25.875 0.0
5.25 25.875 0.0
5.75 25.875 0.0
6.25 25.875 0.0
6.75 25.875 0.0
7.25 25.875 0.0
7.75 25.875 0.0
8.25 25.875 0.0
8.75 25.875 0.0
0.25 26.125 9627.81853507
0.75 26.125 7220.8639013
1.25 26.125 4813.90926753
1.75 26.125 4813.90926753
2.25 26.125 0.0
2.75 26.125 2406.95463377
3.25 26.125 4813.90926753
3.75 26.125 2406.95463377
4.25 26.125 2406.95463377
4.75 26.125 0.0
5.25 26.125 0.0
5.75 26.125 0.0
6.25 26.125 0.0
6.75 26.125 0.0
7.25 26.125 0.0
7.75 26.125 0.0
8.25 26.125 0.0
8.75 26.125 0.0
0.25 26.375 7220.8639013
0.75 26.375 9627.81853507
1.25 26.375 2406.95463377
1.75 26.375 9627.81853507
2.25 26.375 4813.90926753
2.75 26.375 4813.90926753
3.25 26.375 2406.95463377
3.75 26.375 0.0
4.25 26.375 0.0
4.75 26.375 0.0
5.25 26.375 0.0
5.75 26.375 0.0
6.25 26.375 0.0
6.75 26.375 0.0
7.25 26.375 0.0
7.75 26.375 0.0
8.25 26.375 0.0
8.75 26.375 0.0
0.25 26.625 2406.95463377
0.75 26.625 9627.81853507
1.25 26.625 2406.95463377
1.75 26.625 0.0
2.25 26.625 2406.95463377
2.75 26.625 0.0
3.25 26.625 4813.90926753
3.75 26.625 4813.90926753
4.25 26.625 0.0
4.75 26.625 0.0
5.25 26.625 0.0
5.75 26.625 0.0
6.25 26.625 0.0
6.75 26.625 0.0
7.25 26.625 0.0
7.75 26.625 0.0
8.25 26.625 0.0
8.75 26.625 0.0
0.25 26.875 2406.95463377
0.75 26.875 2406.95463377
1.25 26.875 4813.90926753
1.75 26.875 2406.95463377
2.25 26.875 0.0
2.75 26.875 0.0
3.25 26.875 0.0
3.75 26.875 0.0
4.25 26.875 0.0
4.75 26.875 0.0
5.25 26.875 2406.95463377
5.75 26.875 0.0
6.25 26.875 0.0
6.75 26.875 0.0
7.25 26.875 0.0
7.75 26.875 0.0
8.25 26.875 0.0
8.75 26.875 0.0
0.25 27.125 2406.95463377
0.75 27.125 2406.95463377
1.25 27.125 9627.81853507
1.75 27.125 2406.95463377
2.25 27.125 2406.95463377
2.75 27.125 2406.95463377
3.25 27.125 2406.95463377
3.75 27.125 2406.95463377
4.25 27.125 0.0
4.75 27.125 0.0
5.25 27.125 2406.95463377
5.75 27.125 0.0
6.25 27.125 0.0
6.75 27.125 0.0
7.25 27.125 0.0
7.75 27.125 0.0
8.25 27.125 0.0
8.75 27.125 0.0
0.25 27.375 7220.8639013
0.75 27.375 4813.90926753
1.25 27.375 2406.95463377
1.75 27.375 4813.90926753
2.25 27.375 4813.90926753
2.75 27.375 7220.8639013
3.25 27.375 7220.8639013
3.75 27.375 0.0
4.25 27.375 0.0
4.75 27.375 0.0
5.25 27.375 0.0
5.75 27.375 0.0
6.25 27.375 0.0
6.75 27.375 0.0
7.25 27.375 0.0
7.75 27.375 0.0
8.25 27.375 0.0
8.75 27.375 0.0
0.25 27.625 2406.95463377
0.75 27.625 0.0
1.25 27.625 12034.7731688
1.75 27.625 2406.95463377
2.25 27.625 2406.95463377
2.75 27.625 2406.95463377
3.25 27.625 4813.90926753
3.75 27.625 0.0
4.25 27.625 0.0
4.75 27.625 0.0
5.25 27.625 0.0
5.75 27.625 0.0
6.25 27.625 0.0
6.75 27.625 0.0
7.25 27.625 0.0
7.75 27.625 0.0
8.25 27.625 0.0
8.75 27.625 0.0
0.25 27.875 9627.81853507
0.75 27.875 7220.8639013
1.25 27.875 12034.7731688
1.75 27.875 9627.81853507
2.25 27.875 4813.90926753
2.75 27.875 2406.95463377
3.25 27.875 0.0
3.75 27.875 2406.95463377
4.25 27.875 0.0
4.75 27.875 0.0
5.25 27.875 0.0
5.75 27.875 0.0
6.25 27.875 0.0
6.75 27.875 0.0
7.25 27.875 0.0
7.75 27.875 0.0
8.25 27.875 0.0
8.75 27.875 0.0
0.25 28.125 0.0
0.75 28.125 0.0
1.25 28.125 2406.95463377
1.75 28.125 2406.95463377
2.25 28.125 0.0
2.75 28.125 2406.95463377
3.25 28.125 0.0
3.75 28.125 2406.95463377
4.25 28.125 0.0
4.75 28.125 0.0
5.25 28.125 2406.95463377
5.75 28.125 0.0
6.25 28.125 0.0
6.75 28.125 0.0
7.25 28.125 0.0
7.75 28.125 0.0
8.25 28.125 0.0
8.75 28.125 0.0
0.25 28.375 9627.81853507
0.75 28.375 7220.8639013
1.25 28.375 4813.90926753
1.75 28.375 9627.81853507
2.25 28.375 2406.95463377
2.75 28.375 0.0
3.25 28.375 4813.90926753
3.75 28.375 2406.95463377
4.25 28.375 0.0
4.75 28.375 0.0
5.25 28.375 0.0
5.75 28.375 0.0
6.25 28.375 0.0
6.75 28.375 0.0
7.25 28.375 0.0
7.75 28.375 0.0
8.25 28.375 0.0
8.75 28.375 0.0
0.25 28.625 4813.90926753
0.75 28.625 7220.8639013
1.25 28.625 2406.95463377
1.75 28.625 0.0
2.25 28.625 7220.8639013
2.75 28.625 2406.95463377
3.25 28.625 0.0
3.75 28.625 2406.95463377
4.25 28.625 0.0
4.75 28.625 0.0
5.25 28.625 0.0
5.75 28.625 0.0
6.25 28.625 0.0
6.75 28.625 0.0
7.25 28.625 0.0
7.75 28.625 0.0
8.25 28.625 0.0
8.75 28.625 0.0
0.25 28.875 0.0
0.75 28.875 4813.90926753
1.25 28.875 7220.8639013
1.75 28.875 0.0
2.25 28.875 4813.90926753
2.75 28.875 2406.95463377
3.25 28.875 0.0
3.75 28.875 0.0
4.25 28.875 2406.95463377
4.75 28.875 0.0
5.25 28.875 0.0
5.75 28.875 0.0
6.25 28.875 0.0
6.75 28.875 0.0
7.25 28.875 0.0
7.75 28.875 0.0
8.25 28.875 0.0
8.75 28.875 0.0
0.25 29.125 4813.90926753
0.75 29.125 7220.8639013
1.25 29.125 7220.8639013
1.75 29.125 9627.81853507
2.25 29.125 2406.95463377
2.75 29.125 2406.95463377
3.25 29.125 7220.8639013
3.75 29.125 2406.95463377
4.25 29.125 2406.95463377
4.75 29.125 0.0
5.25 29.125 0.0
5.75 29.125 0.0
6.25 29.125 0.0
6.75 29.125 0.0
7.25 29.125 0.0
7.75 29.125 0.0
8.25 29.125 0.0
8.75 29.125 0.0
0.25 29.375 0.0
0.75 29.375 4813.90926753
1.25 29.375 0.0
1.75 29.375 0.0
2.25 29.375 2406.95463377
2.75 29.375 2406.95463377
3.25 29.375 0.0
3.75 29.375 0.0
4.25 29.375 0.0
4.75 29.375 0.0
5.25 29.375 0.0
5.75 29.375 0.0
6.25 29.375 0.0
6.75 29.375 0.0
7.25 29.375 0.0
7.75 29.375 0.0
8.25 29.375 0.0
8.75 29.375 0.0
0.25 29.625 4813.90926753
0.75 29.625 4813.90926753
1.25 29.625 2406.95463377
1.75 29.625 2406.95463377
2.25 29.625 2406.95463377
2.75 29.625 2406.95463377
3.25 29.625 0.0
3.75 29.625 0.0
4.25 29.625 0.0
4.75 29.625 0.0
5.25 29.625 0.0
5.75 29.625 0.0
6.25 29.625 0.0
6.75 29.625 0.0
7.25 29.625 0.0
7.75 29.625 0.0
8.25 29.625 0.0
8.75 29.625 0.0
0.25 29.875 7220.8639013
0.75 29.875 2406.95463377
1.25 29.875 4813.90926753
1.75 29.875 2406.95463377
2.25 29.875 4813.90926753
2.75 29.875 4813.90926753
3.25 29.875 0.0
3.75 29.875 0.0
4.25 29.875 0.0
4.75 29.875 0.0
5.25 29.875 0.0
5.75 29.875 0.0
6.25 29.875 0.0
6.75 29.875 0.0
7.25 29.875 0.0
7.75 29.875 0.0
8.25 29.875 0.0
8.75 29.875 0.0
