11.294627058970837 1895.943403068653
14.219093021276404 1917.3147493039078
17.900777537149963 3015.568987455877
22.535743732392298 1366.4801598802405
28.370820458389794 3344.8790752676996
35.71674682851676 6578.18158418311
44.96472020903849 11294.975268575421
56.60722890537329 23876.123572276458
71.26427896022373 54174.10736294982
89.71641173621407 72462.926117728
112.94627058970838 95561.21616688927
142.1909302127641 134169.99324869417
179.00777537149963 169187.54955055774
225.35743732392305 175487.55472314975
283.7082045838981 230720.27390233544
357.1674682851676 264819.5945572263
449.6472020903849 291452.884405246
566.0722890537327 272941.9628967277
712.6427896022376 234430.65976480208
897.164117362141 171998.0177503412
1129.4627058970837 112458.93157083727
1421.9093021276408 68634.61933803791
1790.0777537149975 27985.376685047522
2253.5743732392316 11398.546742847655
2837.082045838981 2644.318297139369
3571.674682851676 570.3223204044625
4496.47202090385 71.45045490423217
5660.72289053733 9.15190493920818
7126.427896022379 0.3851860514841974
8971.64117362141 0.0
