11.294627058970837 34.52241757175652
14.219093021276404 168.33768704861797
17.900777537149963 152.3176656026672
22.535743732392298 414.6680303774793
28.370820458389794 2735.8421602435974
35.71674682851676 4164.38604412336
44.96472020903849 5062.110629840372
56.60722890537329 6830.629533327756
71.26427896022373 10597.134166989505
89.71641173621407 13172.491985657158
112.94627058970838 18751.68900522674
142.1909302127641 23072.872847456347
179.00777537149963 25044.702139122048
225.35743732392305 28179.00231423207
283.7082045838981 23761.92022849599
357.1674682851676 22180.687545050576
449.6472020903849 17491.342496425612
566.0722890537327 14871.083365170925
712.6427896022376 17017.890458835434
897.164117362141 13940.144434800255
1129.4627058970837 10593.3430045149
1421.9093021276408 6416.681814978947
1790.0777537149975 3328.5117275389493
2253.5743732392316 1169.841846411582
2837.082045838981 377.59380576206604
3571.674682851676 86.04601127805654
4496.47202090385 18.421251961088274
5660.72289053733 1.7369306171312928
7126.427896022379 0.05716070951893926
8971.64117362141 0.00020221946761012077
