0.25 0.125 19929584.3676
0.75 0.125 20911621.8582
1.25 0.125 22086215.7194
1.75 0.125 23352273.8568
2.25 0.125 26072132.593
2.75 0.125 29855865.2772
3.25 0.125 33752724.8293
3.75 0.125 37976930.2116
4.25 0.125 42993023.6683
4.75 0.125 47732317.3422
5.25 0.125 45924694.4123
5.75 0.125 40879717.4999
6.25 0.125 31795870.7121
6.75 0.125 20117326.829
7.25 0.125 9654295.03604
7.75 0.125 2707823.96299
8.25 0.125 250323.281912
8.75 0.125 0.0
0.25 0.375 52767666.4361
0.75 0.375 54245536.5812
1.25 0.375 57328845.4671
1.75 0.375 63753007.3846
2.25 0.375 68732996.5219
2.75 0.375 77193442.0595
3.25 0.375 88551860.9763
3.75 0.375 97763276.3597
4.25 0.375 108568095.711
4.75 0.375 115880423.888
5.25 0.375 111653811.551
5.75 0.375 99053404.0434
6.25 0.375 77759076.3985
6.75 0.375 50088725.9287
7.25 0.375 24423368.6688
7.75 0.375 6657636.517
8.25 0.375 527123.064795
8.75 0.375 2406.95463377
0.25 0.625 73424151.1031
0.75 0.625 74001820.2152
1.25 0.625 79638907.9675
1.75 0.625 85203787.0807
2.25 0.625 93002320.0941
2.75 0.625 102767335.043
3.25 0.625 115196848.772
3.75 0.625 126697278.012
4.25 0.625 137425074.815
4.75 0.625 142900896.607
5.25 0.625 135355093.83
5.75 0.625 118588247.851
6.25 0.625 90501494.2296
6.75 0.625 58118326.5869
7.25 0.625 27181738.6791
7.75 0.625 6770763.38479
8.25 0.625 457321.380416
8.75 0.625 7220.8639013
0.25 0.875 83721103.0263
0.75 0.875 85456517.3173
1.25 0.875 88982705.8557
1.75 0.875 94309296.4603
2.25 0.875 101876761.829
2.75 0.875 111025596.392
3.25 0.875 121548802.051
3.75 0.875 129982771.087
4.25 0.875 137884803.15
4.75 0.875 139863319.859
5.25 0.875 129857609.446
5.75 0.875 111930611.334
6.25 0.875 83023086.1825
6.75 0.875 51236843.289
7.25 0.875 22955126.3422
7.75 0.875 5783911.98494
8.25 0.875 298462.374587
8.75 0.875 0.0
0.25 1.125 85699619.7353
0.75 1.125 88031958.7754
1.25 1.125 89615734.9244
1.75 1.125 94838826.4797
2.25 1.125 101349638.764
2.75 1.125 107920624.914
3.25 1.125 114566226.658
3.75 1.125 120843564.343
4.25 1.125 123520097.896
4.75 1.125 120841157.388
5.25 1.125 109932838.988
5.75 1.125 91469089.9924
6.25 1.125 66561923.4422
6.75 1.125 38711051.3749
7.25 1.125 16355256.7364
7.75 1.125 3571920.67651
8.25 1.125 158859.005829
8.75 1.125 0.0
0.25 1.375 83894403.76
0.75 1.375 84628524.9233
1.25 1.375 86628704.2239
1.75 1.375 89168041.3625
2.25 1.375 94441678.9651
2.75 1.375 98345759.3811
3.25 1.375 102461651.805
3.75 1.375 103674756.94
4.25 1.375 103713268.214
4.75 1.375 99823629.5262
5.25 1.375 87733496.4008
5.75 1.375 69734289.6495
6.25 1.375 48820260.8367
6.75 1.375 27889383.3415
7.25 1.375 11353605.0075
7.75 1.375 2067574.03041
8.25 1.375 40918.228774
8.75 1.375 0.0
0.25 1.625 77595403.4834
0.75 1.625 78774811.2539
1.25 1.625 79677419.2416
1.75 1.625 81453751.7613
2.25 1.625 83413012.8332
2.75 1.625 85904210.8791
3.25 1.625 87610741.7145
3.75 1.625 87555381.7579
4.25 1.625 84570758.012
4.75 1.625 79655756.6499
5.25 1.625 66617283.3988
5.75 1.625 51556968.2553
6.25 1.625 34383346.9434
6.75 1.625 18401168.1751
7.25 1.625 6816495.52283
7.75 1.625 1174593.86128
8.25 1.625 14441.7278026
8.75 1.625 0.0
0.25 1.875 69950915.5665
0.75 1.875 70405829.9923
1.25 1.875 70733175.8225
1.75 1.875 72680402.1212
2.25 1.875 72702064.7129
2.75 1.875 74370084.2741
3.25 1.875 72757424.6695
3.75 1.875 71883700.1375
4.25 1.875 67577658.2976
4.75 1.875 61509725.6659
5.25 1.875 49970785.1516
5.75 1.875 37591817.4702
6.25 1.875 24447438.2152
6.75 1.875 12455990.2297
7.25 1.875 4058125.51253
7.75 1.875 481390.926753
8.25 1.875 14441.7278026
8.75 1.875 0.0
0.25 2.125 60597489.8597
0.75 2.125 61817815.859
1.25 2.125 61784118.4942
1.75 2.125 62477321.4287
2.25 2.125 62291985.9219
2.75 2.125 61820222.8137
3.25 2.125 60674512.408
3.75 2.125 57786166.8475
4.25 2.125 54272013.0822
4.75 2.125 47758793.8432
5.25 2.125 38248916.0852
5.75 2.125 27383922.8684
6.25 2.125 17354142.9095
6.75 2.125 8133099.7075
7.25 2.125 2339559.90402
7.75 2.125 257544.145813
8.25 2.125 4813.90926753
8.75 2.125 0.0
0.25 2.375 52664167.3868
0.75 2.375 53025210.5819
1.25 2.375 53167220.9053
1.75 2.375 53395881.5955
2.25 2.375 52630470.022
2.75 2.375 52110567.8211
3.25 2.375 49884134.7848
3.75 2.375 47392936.7389
4.25 2.375 43122999.2186
4.75 2.375 36734941.6206
5.25 2.375 28445389.8619
5.75 2.375 20059559.9178
6.25 2.375 12155120.9005
6.75 2.375 5401206.19817
7.25 2.375 1535637.05634
7.75 2.375 77022.5482805
8.25 2.375 2406.95463377
8.75 2.375 0.0
0.25 2.625 45683998.9489
0.75 2.625 45741765.8601
1.25 2.625 45356653.1187
1.75 2.625 45399978.3021
2.25 2.625 43517739.7785
2.75 2.625 43166324.402
3.25 2.625 40838799.2711
3.75 2.625 37611073.1072
4.25 2.625 34407416.4897
4.75 2.625 28570551.5028
5.25 2.625 21318397.1913
5.75 2.625 14882200.5006
6.25 2.625 8648187.99913
6.75 2.625 3764477.04721
7.25 2.625 905014.942296
7.75 2.625 55359.9565766
8.25 2.625 0.0
8.75 2.625 0.0
0.25 2.875 38581075.8247
0.75 2.875 38737527.8758
1.25 2.875 38193556.1286
1.75 2.875 37846954.6614
2.25 2.875 36602559.1157
2.75 2.875 35656625.9446
3.25 2.875 33598679.7328
3.75 2.875 31008796.5468
4.25 2.875 27162483.0421
4.75 2.875 22153610.4492
5.25 2.875 16697044.2944
5.75 2.875 11257326.8221
6.25 2.875 5995723.99271
6.75 2.875 2585069.27667
7.25 2.875 543971.747231
7.75 2.875 16848.6824364
8.25 2.875 0.0
8.75 2.875 0.0
0.25 3.125 33292996.4943
0.75 3.125 32585351.8319
1.25 3.125 32390388.5066
1.75 3.125 32383167.6427
2.25 3.125 30849937.541
2.75 3.125 29778842.729
3.25 3.125 27432061.961
3.75 3.125 24916794.3688
4.25 3.125 21530209.199
4.75 3.125 17549106.2348
5.25 3.125 12342863.362
5.75 3.125 8017565.88508
6.25 3.125 4248274.9286
6.75 3.125 1687275.19827
7.25 3.125 332159.73946
7.75 3.125 12034.7731688
8.25 3.125 0.0
8.75 3.125 0.0
0.25 3.375 27949557.2073
0.75 3.375 27846058.1581
1.25 3.375 27516305.3732
1.75 3.375 27116750.904
2.25 3.375 26110643.8671
2.75 3.375 25066025.5561
3.25 3.375 22803488.2003
3.75 3.375 20329138.8368
4.25 3.375 17686302.6489
4.75 3.375 13960336.8758
5.25 3.375 9586900.30629
5.75 3.375 6173838.63561
6.25 3.375 3174773.16194
6.75 3.375 1167372.99738
7.25 3.375 216625.917039
7.75 3.375 12034.7731688
8.25 3.375 0.0
8.75 3.375 0.0
0.25 3.625 23917908.1957
0.75 3.625 23559271.9553
1.25 3.625 23022521.072
1.75 3.625 22945498.5237
2.25 3.625 21908101.0765
2.75 3.625 20483183.9334
3.25 3.625 19236381.4331
3.75 3.625 16494860.1052
4.25 3.625 13555968.4974
4.75 3.625 11023852.2227
5.25 3.625 7733545.23829
5.75 3.625 4602097.25976
6.25 3.625 2370850.31426
6.75 3.625 849654.98572
7.25 3.625 113126.867787
7.75 3.625 0.0
8.25 3.625 0.0
8.75 3.625 0.0
0.25 3.875 20906807.9489
0.75 3.875 20391719.6573
1.25 3.875 19400054.3482
1.75 3.875 19147324.1116
2.25 3.875 18350622.1278
2.75 3.875 17313224.6807
3.25 3.875 16138630.8194
3.75 3.875 13861651.7359
4.25 3.875 11440255.3743
4.75 3.875 8710768.8196
5.25 3.875 6043863.08539
5.75 3.875 3475642.49116
6.25 3.875 1653577.8334
6.75 3.875 503053.518457
7.25 3.875 48139.0926753
7.75 3.875 2406.95463377
8.25 3.875 0.0
8.75 3.875 0.0
0.25 4.125 17253050.8148
0.75 4.125 17541885.3709
1.25 4.125 16516522.6969
1.75 4.125 16468383.6042
2.25 4.125 15907563.1746
2.75 4.125 14222694.9309
3.25 4.125 12920532.4741
3.75 4.125 11315093.7333
4.25 4.125 9500249.93948
4.75 4.125 7182352.62716
5.25 4.125 4575620.75879
5.75 4.125 2705417.00835
6.25 4.125 1193849.49835
6.75 4.125 332159.73946
7.25 4.125 36104.3195065
7.75 4.125 0.0
8.25 4.125 0.0
8.75 4.125 0.0
0.25 4.375 15098826.4176
0.75 4.375 14788329.2699
1.25 4.375 13981999.4676
1.75 4.375 13791850.0515
2.25 4.375 13235843.5311
2.75 4.375 12236957.3581
3.25 4.375 11091246.9524
3.75 4.375 9329356.16048
4.25 4.375 7952578.10997
4.75 4.375 5925922.30833
5.25 4.375 3978696.00962
5.75 4.375 2094050.53138
6.25 4.375 1034990.49252
6.75 4.375 240695.463377
7.25 4.375 16848.6824364
7.75 4.375 2406.95463377
8.25 4.375 0.0
8.75 4.375 0.0
0.25 4.625 12648546.6004
0.75 4.625 12703906.557
1.25 4.625 12364525.9537
1.75 4.625 11878321.1176
2.25 4.625 11473952.7392
2.75 4.625 10410078.791
3.25 4.625 9298065.75024
3.75 4.625 7639674.00758
4.25 4.625 6383243.68875
4.75 4.625 4669491.98951
5.25 4.625 3061646.29415
5.75 4.625 1687275.19827
6.25 4.625 702830.75306
6.75 4.625 216625.917039
7.25 4.625 4813.90926753
7.75 4.625 0.0
8.25 4.625 0.0
8.75 4.625 0.0
0.25 4.875 11071991.3153
0.75 4.875 10840923.6705
1.25 4.875 11071991.3153
1.75 4.875 10369160.5623
2.25 4.875 9700027.17408
2.75 4.875 8754094.00301
3.25 4.875 7747986.9661
3.75 4.875 6765949.47552
4.25 4.875 5268823.69332
4.75 4.875 3865569.14183
5.25 4.875 2481570.22741
5.75 4.875 1355115.45881
6.25 4.875 527123.064795
6.75 4.875 146824.23266
7.25 4.875 4813.90926753
7.75 4.875 0.0
8.25 4.875 0.0
8.75 4.875 0.0
0.25 5.125 9656701.99067
0.75 5.125 9570051.62386
1.25 5.125 9218636.24733
1.75 5.125 8838337.41519
2.25 5.125 8491735.94793
2.75 5.125 7514512.36662
3.25 5.125 6705775.60968
3.75 5.125 5605797.34204
4.25 5.125 4563585.98562
4.75 5.125 3213284.43608
5.25 5.125 1997772.34603
5.75 5.125 1085536.53983
6.25 5.125 411589.242374
6.75 5.125 93871.2307169
7.25 5.125 7220.8639013
7.75 5.125 0.0
8.25 5.125 0.0
8.75 5.125 0.0
0.25 5.375 8400271.67185
0.75 5.375 8378609.08014
1.25 5.375 8147541.4353
1.75 5.375 7468780.22858
2.25 5.375 7102923.12425
2.75 5.375 6551730.51311
3.25 5.375 5678005.98106
3.75 5.375 4756142.35632
4.25 5.375 3668198.86186
4.75 5.375 2760776.96493
5.25 5.375 1747449.06411
5.75 5.375 864096.713522
6.25 5.375 288834.556052
6.75 5.375 62580.8204779
7.25 5.375 9627.81853507
7.75 5.375 0.0
8.25 5.375 0.0
8.75 5.375 0.0
0.25 5.625 7240119.53837
0.75 5.625 7230491.71984
1.25 5.625 6857413.7516
1.75 5.625 6522847.05751
2.25 5.625 6599869.60579
2.75 5.625 5613018.20594
3.25 5.625 5037756.04847
3.75 5.625 4022021.19302
4.25 5.625 2999065.47367
4.75 5.625 2238467.8094
5.25 5.625 1335859.82174
5.75 5.625 633029.068681
6.25 5.625 223846.78094
6.75 5.625 45732.1380416
7.25 5.625 0.0
7.75 5.625 0.0
8.25 5.625 0.0
8.75 5.625 0.0
0.25 5.875 6484335.78337
0.75 5.875 6388057.59802
1.25 5.875 6236419.45609
1.75 5.875 5740586.80153
2.25 5.875 5548030.43083
2.75 5.875 4898152.67972
3.25 5.875 4378250.47882
3.75 5.875 3509339.85603
4.25 5.875 2628394.46007
4.75 5.875 1793181.20216
5.25 5.875 1140896.49641
5.75 5.875 575262.15747
6.25 5.875 158859.005829
6.75 5.875 16848.6824364
7.25 5.875 0.0
7.75 5.875 0.0
8.25 5.875 0.0
8.75 5.875 0.0
0.25 6.125 5639494.70692
0.75 6.125 5492670.47426
1.25 6.125 5251975.01088
1.75 6.125 5011279.5475
2.25 6.125 4693561.53585
2.75 6.125 4188101.06275
3.25 6.125 3750035.31941
3.75 6.125 2888345.56052
4.25 6.125 2134968.76015
4.75 6.125 1696903.01681
5.25 6.125 967595.762774
5.75 6.125 457321.380416
6.25 6.125 117940.777055
6.75 6.125 12034.7731688
7.25 6.125 0.0
7.75 6.125 0.0
8.25 6.125 0.0
8.75 6.125 0.0
0.25 6.375 4864455.31484
0.75 6.375 4883710.95191
1.25 6.375 4640608.5339
1.75 6.375 4460086.93637
2.25 6.375 4173659.33495
2.75 6.375 3961847.32718
3.25 6.375 3208470.52681
3.75 6.375 2522488.45619
4.25 6.375 1930377.61628
4.75 6.375 1400847.59685
5.25 6.375 700423.798426
5.75 6.375 351415.37653
6.25 6.375 113126.867787
6.75 6.375 12034.7731688
7.25 6.375 0.0
7.75 6.375 0.0
8.25 6.375 0.0
8.75 6.375 0.0
0.25 6.625 4356587.88712
0.75 6.625 4320483.56761
1.25 6.625 4289193.15737
1.75 6.625 4031649.01156
2.25 6.625 3831871.77696
2.75 6.625 3324004.34923
3.25 6.625 2840206.46785
3.75 6.625 2207177.39916
4.25 6.625 1677647.37974
4.75 6.625 1054246.12959
5.25 6.625 575262.15747
5.75 6.625 291241.510686
6.25 6.625 67394.7297455
6.75 6.625 4813.90926753
7.25 6.625 0.0
7.75 6.625 0.0
8.25 6.625 0.0
8.75 6.625 0.0
0.25 6.875 3774104.86575
0.75 6.875 3718744.90917
1.25 6.875 3709117.09064
1.75 6.875 3506932.9014
2.25 6.875 3285493.07509
2.75 6.875 2936484.6532
3.25 6.875 2435838.08937
3.75 6.875 1949633.25335
4.25 6.875 1427324.09782
4.75 6.875 950747.080338
5.25 6.875 611366.476977
5.75 6.875 255137.191179
6.25 6.875 79429.5029143
6.75 6.875 2406.95463377
7.25 6.875 0.0
7.75 6.875 0.0
8.25 6.875 0.0
8.75 6.875 0.0
0.25 7.125 3379364.30581
0.75 7.125 3439538.17165
1.25 7.125 3218098.34535
1.75 7.125 2999065.47367
2.25 7.125 2787253.4659
2.75 7.125 2433431.13474
3.25 7.125 2224026.0816
3.75 7.125 1598217.87682
4.25 7.125 1306976.36614
4.75 7.125 897794.078395
5.25 7.125 423624.015543
5.75 7.125 192556.370701
6.25 7.125 52953.0019429
6.75 7.125 4813.90926753
7.25 7.125 0.0
7.75 7.125 0.0
8.25 7.125 0.0
8.75 7.125 0.0
0.25 7.375 3136261.8878
0.75 7.375 2883531.65125
1.25 7.375 2910008.15222
1.75 7.375 2751149.1464
2.25 7.375 2652464.00641
2.75 7.375 2344373.81329
3.25 7.375 1952040.20799
3.75 7.375 1432138.00709
4.25 7.375 1128861.72324
4.75 7.375 702830.75306
5.25 7.375 322531.920925
5.75 7.375 170893.778997
6.25 7.375 50546.0473091
6.75 7.375 7220.8639013
7.25 7.375 0.0
7.75 7.375 0.0
8.25 7.375 0.0
8.75 7.375 0.0
0.25 7.625 2633208.36934
0.75 7.625 2659684.87031
1.25 7.625 2455093.72644
1.75 7.625 2527302.36546
2.25 7.625 2440651.99864
2.75 7.625 1940005.43482
3.25 7.625 1713751.69924
3.75 7.625 1275685.9559
4.25 7.625 919456.670099
4.75 7.625 652284.705751
5.25 7.625 356229.285798
5.75 7.625 156452.051195
6.25 7.625 40918.228774
6.75 7.625 2406.95463377
7.25 7.625 0.0
7.75 7.625 0.0
8.25 7.625 0.0
8.75 7.625 0.0
0.25 7.875 2654870.96105
0.75 7.875 2406954.63377
1.25 7.875 2272165.17428
1.75 7.875 2238467.8094
2.25 7.875 2007400.16456
2.75 7.875 1733007.33631
3.25 7.875 1473056.23587
3.75 7.875 1136082.58714
4.25 7.875 791888.074509
4.75 7.875 491018.745288
5.25 7.875 264765.009714
5.75 7.875 125161.640956
6.25 7.875 48139.0926753
6.75 7.875 2406.95463377
7.25 7.875 0.0
7.75 7.875 0.0
8.25 7.875 0.0
8.75 7.875 0.0
0.25 8.125 2298641.67525
0.75 8.125 2211991.30843
1.25 8.125 2019434.93773
1.75 8.125 1930377.61628
2.25 8.125 1723379.51778
2.75 8.125 1547671.82951
3.25 8.125 1256430.31883
3.75 8.125 1039804.40179
4.25 8.125 722086.39013
4.75 8.125 503053.518457
5.25 8.125 245509.372644
5.75 8.125 125161.640956
6.25 8.125 24069.5463377
6.75 8.125 0.0
7.25 8.125 0.0
7.75 8.125 0.0
8.25 8.125 0.0
8.75 8.125 0.0
0.25 8.375 2089236.62211
0.75 8.375 1985737.57286
1.25 8.375 1884645.47824
1.75 8.375 1771518.61045
2.25 8.375 1590997.01292
2.75 8.375 1364743.27735
3.25 8.375 1184221.67981
3.75 8.375 957967.944239
4.25 8.375 640249.932582
4.75 8.375 377891.877501
5.25 8.375 192556.370701
5.75 8.375 81836.4575481
6.25 8.375 16848.6824364
6.75 8.375 0.0
7.25 8.375 0.0
7.75 8.375 0.0
8.25 8.375 0.0
8.75 8.375 0.0
0.25 8.625 1850948.11337
0.75 8.625 1653577.8334
1.25 8.625 1668019.5612
1.75 8.625 1569334.42122
2.25 8.625 1355115.45881
2.75 8.625 1304569.4115
3.25 8.625 1071094.81203
3.75 8.625 820771.530115
4.25 8.625 570448.248203
4.75 8.625 377891.877501
5.25 8.625 182928.552166
5.75 8.625 69801.6843792
6.25 8.625 16848.6824364
6.75 8.625 0.0
7.25 8.625 0.0
7.75 8.625 0.0
8.25 8.625 0.0
8.75 8.625 0.0
0.25 8.875 1865389.84117
0.75 8.875 1586183.10365
1.25 8.875 1528416.19244
1.75 8.875 1398440.64222
2.25 8.875 1275685.9559
2.75 8.875 1196256.45298
3.25 8.875 1037397.44715
3.75 8.875 695609.889159
4.25 8.875 488611.790655
4.75 8.875 324938.875559
5.25 8.875 144417.278026
5.75 8.875 57766.9112104
6.25 8.875 9627.81853507
6.75 8.875 0.0
7.25 8.875 0.0
7.75 8.875 0.0
8.25 8.875 0.0
8.75 8.875 0.0
0.25 9.125 1516381.41927
0.75 9.125 1388812.82368
1.25 9.125 1501939.69147
1.75 9.125 1256430.31883
2.25 9.125 1246802.50029
2.75 9.125 1114419.99543
3.25 9.125 888166.25986
3.75 9.125 606552.567709
4.25 9.125 409182.28774
4.75 9.125 305683.238488
5.25 9.125 101092.094618
5.75 9.125 55359.9565766
6.25 9.125 7220.8639013
6.75 9.125 0.0
7.25 9.125 0.0
7.75 9.125 0.0
8.25 9.125 0.0
8.75 9.125 0.0
0.25 9.375 1359929.36808
0.75 9.375 1364743.27735
1.25 9.375 1294941.59297
1.75 9.375 1213105.13542
2.25 9.375 1162559.08811
2.75 9.375 905014.942296
3.25 9.375 782260.255974
3.75 9.375 630622.114047
4.25 9.375 433251.834078
4.75 9.375 259951.100447
5.25 9.375 103499.049252
5.75 9.375 31290.410239
6.25 9.375 4813.90926753
6.75 9.375 0.0
7.25 9.375 0.0
7.75 9.375 0.0
8.25 9.375 0.0
8.75 9.375 0.0
0.25 9.625 1294941.59297
0.75 9.625 1116826.95007
1.25 9.625 1220325.99932
1.75 9.625 1114419.99543
2.25 9.625 984444.445211
2.75 9.625 830399.34865
3.25 9.625 748562.891102
3.75 9.625 488611.790655
4.25 9.625 370671.0136
4.75 9.625 199777.234603
5.25 9.625 113126.867787
5.75 9.625 26476.5009714
6.25 9.625 0.0
6.75 9.625 0.0
7.25 9.625 0.0
7.75 9.625 0.0
8.25 9.625 0.0
8.75 9.625 0.0
0.25 9.875 1124047.81397
0.75 9.875 1169779.95201
1.25 9.875 1010920.94618
1.75 9.875 996479.21838
2.25 9.875 902607.987663
2.75 9.875 770225.482805
3.25 9.875 623401.250146
3.75 9.875 507867.427725
4.25 9.875 332159.73946
4.75 9.875 168486.824364
5.25 9.875 89057.3214494
5.75 9.875 33697.3648727
6.25 9.875 0.0
6.75 9.875 0.0
7.25 9.875 0.0
7.75 9.875 0.0
8.25 9.875 0.0
8.75 9.875 0.0
0.25 10.125 974816.626676
0.75 10.125 1073501.76666
1.25 10.125 905014.942296
1.75 10.125 914642.760832
2.25 10.125 789481.119876
2.75 10.125 635436.023315
3.25 10.125 577669.112104
3.75 10.125 358636.240431
4.25 10.125 293648.46532
4.75 10.125 175707.688265
5.25 10.125 74615.5936468
5.75 10.125 26476.5009714
6.25 10.125 4813.90926753
6.75 10.125 0.0
7.25 10.125 0.0
7.75 10.125 0.0
8.25 10.125 0.0
8.75 10.125 0.0
0.25 10.375 933898.397902
0.75 10.375 878538.441325
1.25 10.375 847248.031086
1.75 10.375 897794.078395
2.25 10.375 698016.843792
2.75 10.375 623401.250146
3.25 10.375 515088.291626
3.75 10.375 368264.058966
4.25 10.375 238288.508743
4.75 10.375 127568.59559
5.25 10.375 28883.4556052
5.75 10.375 19255.6370701
6.25 10.375 2406.95463377
6.75 10.375 0.0
7.25 10.375 0.0
7.75 10.375 0.0
8.25 10.375 0.0
8.75 10.375 0.0
0.25 10.625 907421.89693
0.75 10.625 871317.577424
1.25 10.625 767818.528172
1.75 10.625 726900.299398
2.25 10.625 635436.023315
2.75 10.625 556006.5204
3.25 10.625 428437.924811
3.75 10.625 363450.149699
4.25 10.625 206998.098504
4.75 10.625 127568.59559
5.25 10.625 64987.7751117
5.75 10.625 19255.6370701
6.25 10.625 2406.95463377
6.75 10.625 0.0
7.25 10.625 0.0
7.75 10.625 0.0
8.25 10.625 0.0
8.75 10.625 0.0
0.25 10.875 825585.439382
0.75 10.875 815957.620847
1.25 10.875 782260.255974
1.75 10.875 683575.11599
2.25 10.875 568041.293569
2.75 10.875 483797.881387
3.25 10.875 389926.65067
3.75 10.875 286427.601418
4.25 10.875 211812.007772
4.75 10.875 86650.3668156
5.25 10.875 28883.4556052
5.75 10.875 12034.7731688
6.25 10.875 0.0
6.75 10.875 0.0
7.25 10.875 0.0
7.75 10.875 0.0
8.25 10.875 0.0
8.75 10.875 0.0
0.25 11.125 758190.709637
0.75 11.125 664319.47892
1.25 11.125 700423.798426
1.75 11.125 623401.250146
2.25 11.125 560820.429668
2.75 11.125 471763.108218
3.25 11.125 387519.696037
3.75 11.125 226253.735574
4.25 11.125 182928.552166
4.75 11.125 72208.639013
5.25 11.125 45732.1380416
5.75 11.125 19255.6370701
6.25 11.125 0.0
6.75 11.125 0.0
7.25 11.125 0.0
7.75 11.125 0.0
8.25 11.125 0.0
8.75 11.125 0.0
0.25 11.375 724493.344764
0.75 11.375 611366.476977
1.25 11.375 669133.388187
1.75 11.375 529530.019429
2.25 11.375 438065.743346
2.75 11.375 389926.65067
3.25 11.375 339380.603361
3.75 11.375 262358.055081
4.25 11.375 149231.187294
4.75 11.375 57766.9112104
5.25 11.375 38511.2741403
5.75 11.375 14441.7278026
6.25 11.375 0.0
6.75 11.375 0.0
7.25 11.375 0.0
7.75 11.375 0.0
8.25 11.375 0.0
8.75 11.375 0.0
0.25 11.625 584889.976005
0.75 11.625 620994.295512
1.25 11.625 563227.384302
1.75 11.625 512681.336992
2.25 11.625 507867.427725
2.75 11.625 459728.33505
3.25 11.625 286427.601418
3.75 11.625 211812.007772
4.25 11.625 161265.960462
4.75 11.625 72208.639013
5.25 11.625 33697.3648727
5.75 11.625 7220.8639013
6.25 11.625 0.0
6.75 11.625 0.0
7.25 11.625 0.0
7.75 11.625 0.0
8.25 11.625 0.0
8.75 11.625 0.0
0.25 11.875 565634.338935
0.75 11.875 584889.976005
1.25 11.875 543971.747231
1.75 11.875 500646.563824
2.25 11.875 433251.834078
2.75 11.875 382705.786769
3.25 11.875 298462.374587
3.75 11.875 238288.508743
4.25 11.875 103499.049252
4.75 11.875 64987.7751117
5.25 11.875 38511.2741403
5.75 11.875 7220.8639013
6.25 11.875 0.0
6.75 11.875 0.0
7.25 11.875 0.0
7.75 11.875 0.0
8.25 11.875 0.0
8.75 11.875 0.0
0.25 12.125 616180.386244
0.75 12.125 534343.928696
1.25 12.125 505460.473091
1.75 12.125 440472.697979
2.25 12.125 416403.151642
2.75 12.125 327345.830192
3.25 12.125 274392.828249
3.75 12.125 170893.778997
4.25 12.125 110719.913153
4.75 12.125 60173.8658442
5.25 12.125 33697.3648727
5.75 12.125 4813.90926753
6.25 12.125 4813.90926753
6.75 12.125 0.0
7.25 12.125 0.0
7.75 12.125 0.0
8.25 12.125 0.0
8.75 12.125 0.0
0.25 12.375 558413.475034
0.75 12.375 551192.611133
1.25 12.375 454914.425782
1.75 12.375 385112.741403
2.25 12.375 322531.920925
2.75 12.375 291241.510686
3.25 12.375 247916.327278
3.75 12.375 168486.824364
4.25 12.375 125161.640956
4.75 12.375 50546.0473091
5.25 12.375 36104.3195065
5.75 12.375 7220.8639013
6.25 12.375 0.0
6.75 12.375 0.0
7.25 12.375 0.0
7.75 12.375 0.0
8.25 12.375 0.0
8.75 12.375 0.0
0.25 12.625 416403.151642
0.75 12.625 394740.559938
1.25 12.625 385112.741403
1.75 12.625 339380.603361
2.25 12.625 298462.374587
2.75 12.625 267171.964348
3.25 12.625 202184.189236
3.75 12.625 139603.368758
4.25 12.625 103499.049252
4.75 12.625 45732.1380416
5.25 12.625 19255.6370701
5.75 12.625 19255.6370701
6.25 12.625 0.0
6.75 12.625 0.0
7.25 12.625 0.0
7.75 12.625 0.0
8.25 12.625 0.0
8.75 12.625 0.0
0.25 12.875 411589.242374
0.75 12.875 452507.471148
1.25 12.875 418810.106275
1.75 12.875 336973.648727
2.25 12.875 303276.283855
2.75 12.875 231067.644842
3.25 12.875 202184.189236
3.75 12.875 142010.323392
4.25 12.875 101092.094618
4.75 12.875 57766.9112104
5.25 12.875 21662.5917039
5.75 12.875 9627.81853507
6.25 12.875 0.0
6.75 12.875 0.0
7.25 12.875 0.0
7.75 12.875 0.0
8.25 12.875 0.0
8.75 12.875 0.0
0.25 13.125 397147.514572
0.75 13.125 349008.421896
1.25 13.125 353822.331164
1.75 13.125 346601.467262
2.25 13.125 300869.329221
2.75 13.125 185335.5068
3.25 13.125 175707.688265
3.75 13.125 127568.59559
4.25 13.125 96278.1853507
4.75 13.125 45732.1380416
5.25 13.125 7220.8639013
5.75 13.125 4813.90926753
6.25 13.125 0.0
6.75 13.125 0.0
7.25 13.125 0.0
7.75 13.125 0.0
8.25 13.125 0.0
8.75 13.125 0.0
0.25 13.375 406775.333107
0.75 13.375 284020.646785
1.25 13.375 349008.421896
1.75 13.375 296055.419953
2.25 13.375 300869.329221
2.75 13.375 206998.098504
3.25 13.375 163672.915096
3.75 13.375 156452.051195
4.25 13.375 77022.5482805
4.75 13.375 69801.6843792
5.25 13.375 16848.6824364
5.75 13.375 0.0
6.25 13.375 0.0
6.75 13.375 0.0
7.25 13.375 0.0
7.75 13.375 0.0
8.25 13.375 0.0
8.75 13.375 0.0
0.25 13.625 332159.73946
0.75 13.625 317718.011657
1.25 13.625 298462.374587
1.75 13.625 271985.873616
2.25 13.625 243102.41801
2.75 13.625 139603.368758
3.25 13.625 185335.5068
3.75 13.625 129975.550223
4.25 13.625 74615.5936468
4.75 13.625 40918.228774
5.25 13.625 9627.81853507
5.75 13.625 4813.90926753
6.25 13.625 0.0
6.75 13.625 0.0
7.25 13.625 0.0
7.75 13.625 0.0
8.25 13.625 0.0
8.75 13.625 0.0
0.25 13.875 332159.73946
0.75 13.875 288834.556052
1.25 13.875 276799.782883
1.75 13.875 267171.964348
2.25 13.875 223846.78094
2.75 13.875 154045.096561
3.25 13.875 154045.096561
3.75 13.875 110719.913153
4.25 13.875 72208.639013
4.75 13.875 45732.1380416
5.25 13.875 19255.6370701
5.75 13.875 12034.7731688
6.25 13.875 0.0
6.75 13.875 0.0
7.25 13.875 0.0
7.75 13.875 0.0
8.25 13.875 0.0
8.75 13.875 0.0
0.25 14.125 267171.964348
0.75 14.125 310497.147756
1.25 14.125 298462.374587
1.75 14.125 211812.007772
2.25 14.125 209405.053138
2.75 14.125 144417.278026
3.25 14.125 161265.960462
3.75 14.125 91464.2760832
4.25 14.125 67394.7297455
4.75 14.125 33697.3648727
5.25 14.125 12034.7731688
5.75 14.125 0.0
6.25 14.125 0.0
6.75 14.125 0.0
7.25 14.125 0.0
7.75 14.125 0.0
8.25 14.125 0.0
8.75 14.125 0.0
0.25 14.375 286427.601418
0.75 14.375 219032.871673
1.25 14.375 216625.917039
1.75 14.375 209405.053138
2.25 14.375 139603.368758
2.75 14.375 146824.23266
3.25 14.375 113126.867787
3.75 14.375 86650.3668156
4.25 14.375 40918.228774
4.75 14.375 36104.3195065
5.25 14.375 12034.7731688
5.75 14.375 2406.95463377
6.25 14.375 2406.95463377
6.75 14.375 0.0
7.25 14.375 0.0
7.75 14.375 0.0
8.25 14.375 0.0
8.75 14.375 0.0
0.25 14.625 259951.100447
0.75 14.625 257544.145813
1.25 14.625 281613.692151
1.75 14.625 209405.053138
2.25 14.625 158859.005829
2.75 14.625 122754.686322
3.25 14.625 101092.094618
3.75 14.625 74615.5936468
4.25 14.625 45732.1380416
4.75 14.625 24069.5463377
5.25 14.625 4813.90926753
5.75 14.625 7220.8639013
6.25 14.625 0.0
6.75 14.625 0.0
7.25 14.625 0.0
7.75 14.625 0.0
8.25 14.625 0.0
8.75 14.625 0.0
0.25 14.875 211812.007772
0.75 14.875 182928.552166
1.25 14.875 240695.463377
1.75 14.875 173300.733631
2.25 14.875 175707.688265
2.75 14.875 170893.778997
3.25 14.875 91464.2760832
3.75 14.875 93871.2307169
4.25 14.875 45732.1380416
4.75 14.875 21662.5917039
5.25 14.875 9627.81853507
5.75 14.875 2406.95463377
6.25 14.875 0.0
6.75 14.875 0.0
7.25 14.875 0.0
7.75 14.875 0.0
8.25 14.875 0.0
8.75 14.875 0.0
0.25 15.125 221439.826307
0.75 15.125 194963.325335
1.25 15.125 221439.826307
1.75 15.125 173300.733631
2.25 15.125 158859.005829
2.75 15.125 156452.051195
3.25 15.125 93871.2307169
3.75 15.125 64987.7751117
4.25 15.125 55359.9565766
4.75 15.125 36104.3195065
5.25 15.125 14441.7278026
5.75 15.125 4813.90926753
6.25 15.125 0.0
6.75 15.125 0.0
7.25 15.125 0.0
7.75 15.125 0.0
8.25 15.125 0.0
8.75 15.125 0.0
0.25 15.375 199777.234603
0.75 15.375 168486.824364
1.25 15.375 182928.552166
1.75 15.375 158859.005829
2.25 15.375 142010.323392
2.75 15.375 98685.1399845
3.25 15.375 72208.639013
3.75 15.375 43325.1834078
4.25 15.375 43325.1834078
4.75 15.375 4813.90926753
5.25 15.375 7220.8639013
5.75 15.375 0.0
6.25 15.375 0.0
6.75 15.375 0.0
7.25 15.375 0.0
7.75 15.375 0.0
8.25 15.375 0.0
8.75 15.375 0.0
0.25 15.625 173300.733631
0.75 15.625 180521.597533
1.25 15.625 163672.915096
1.75 15.625 129975.550223
2.25 15.625 149231.187294
2.75 15.625 91464.2760832
3.25 15.625 103499.049252
3.75 15.625 64987.7751117
4.25 15.625 28883.4556052
4.75 15.625 16848.6824364
5.25 15.625 2406.95463377
5.75 15.625 2406.95463377
6.25 15.625 0.0
6.75 15.625 0.0
7.25 15.625 0.0
7.75 15.625 0.0
8.25 15.625 0.0
8.75 15.625 0.0
0.25 15.875 182928.552166
0.75 15.875 132382.504857
1.25 15.875 146824.23266
1.75 15.875 122754.686322
2.25 15.875 108312.95852
2.75 15.875 134789.459491
3.25 15.875 72208.639013
3.75 15.875 45732.1380416
4.25 15.875 24069.5463377
4.75 15.875 40918.228774
5.25 15.875 12034.7731688
5.75 15.875 2406.95463377
6.25 15.875 0.0
6.75 15.875 0.0
7.25 15.875 0.0
7.75 15.875 0.0
8.25 15.875 0.0
8.75 15.875 0.0
0.25 16.125 185335.5068
0.75 16.125 161265.960462
1.25 16.125 146824.23266
1.75 16.125 125161.640956
2.25 16.125 134789.459491
2.75 16.125 108312.95852
3.25 16.125 67394.7297455
3.75 16.125 72208.639013
4.25 16.125 36104.3195065
4.75 16.125 16848.6824364
5.25 16.125 2406.95463377
5.75 16.125 0.0
6.25 16.125 0.0
6.75 16.125 0.0
7.25 16.125 0.0
7.75 16.125 0.0
8.25 16.125 0.0
8.75 16.125 0.0
0.25 16.375 166079.86973
0.75 16.375 173300.733631
1.25 16.375 134789.459491
1.75 16.375 117940.777055
2.25 16.375 101092.094618
2.75 16.375 84243.4121819
3.25 16.375 74615.5936468
3.75 16.375 40918.228774
4.25 16.375 14441.7278026
4.75 16.375 19255.6370701
5.25 16.375 9627.81853507
5.75 16.375 2406.95463377
6.25 16.375 0.0
6.75 16.375 0.0
7.25 16.375 0.0
7.75 16.375 0.0
8.25 16.375 0.0
8.75 16.375 0.0
0.25 16.625 146824.23266
0.75 16.625 115533.822421
1.25 16.625 125161.640956
1.75 16.625 110719.913153
2.25 16.625 101092.094618
2.75 16.625 77022.5482805
3.25 16.625 28883.4556052
3.75 16.625 57766.9112104
4.25 16.625 21662.5917039
4.75 16.625 7220.8639013
5.25 16.625 12034.7731688
5.75 16.625 4813.90926753
6.25 16.625 0.0
6.75 16.625 0.0
7.25 16.625 0.0
7.75 16.625 0.0
8.25 16.625 0.0
8.75 16.625 0.0
0.25 16.875 146824.23266
0.75 16.875 122754.686322
1.25 16.875 146824.23266
1.75 16.875 91464.2760832
2.25 16.875 110719.913153
2.75 16.875 60173.8658442
3.25 16.875 64987.7751117
3.75 16.875 24069.5463377
4.25 16.875 19255.6370701
4.75 16.875 9627.81853507
5.25 16.875 4813.90926753
5.75 16.875 2406.95463377
6.25 16.875 0.0
6.75 16.875 0.0
7.25 16.875 0.0
7.75 16.875 0.0
8.25 16.875 0.0
8.75 16.875 0.0
0.25 17.125 154045.096561
0.75 17.125 91464.2760832
1.25 17.125 120347.731688
1.75 17.125 127568.59559
2.25 17.125 74615.5936468
2.75 17.125 67394.7297455
3.25 17.125 48139.0926753
3.75 17.125 45732.1380416
4.25 17.125 12034.7731688
4.75 17.125 7220.8639013
5.25 17.125 0.0
5.75 17.125 2406.95463377
6.25 17.125 0.0
6.75 17.125 0.0
7.25 17.125 0.0
7.75 17.125 0.0
8.25 17.125 0.0
8.75 17.125 0.0
0.25 17.375 122754.686322
0.75 17.375 96278.1853507
1.25 17.375 115533.822421
1.75 17.375 98685.1399845
2.25 17.375 89057.3214494
2.75 17.375 79429.5029143
3.25 17.375 36104.3195065
3.75 17.375 21662.5917039
4.25 17.375 38511.2741403
4.75 17.375 14441.7278026
5.25 17.375 2406.95463377
5.75 17.375 2406.95463377
6.25 17.375 0.0
6.75 17.375 0.0
7.25 17.375 0.0
7.75 17.375 0.0
8.25 17.375 0.0
8.75 17.375 0.0
0.25 17.625 89057.3214494
0.75 17.625 69801.6843792
1.25 17.625 89057.3214494
1.75 17.625 79429.5029143
2.25 17.625 57766.9112104
2.75 17.625 84243.4121819
3.25 17.625 60173.8658442
3.75 17.625 36104.3195065
4.25 17.625 16848.6824364
4.75 17.625 9627.81853507
5.25 17.625 4813.90926753
5.75 17.625 4813.90926753
6.25 17.625 0.0
6.75 17.625 0.0
7.25 17.625 0.0
7.75 17.625 0.0
8.25 17.625 0.0
8.75 17.625 0.0
0.25 17.875 120347.731688
0.75 17.875 132382.504857
1.25 17.875 74615.5936468
1.75 17.875 72208.639013
2.25 17.875 96278.1853507
2.75 17.875 84243.4121819
3.25 17.875 26476.5009714
3.75 17.875 19255.6370701
4.25 17.875 12034.7731688
4.75 17.875 7220.8639013
5.25 17.875 0.0
5.75 17.875 0.0
6.25 17.875 0.0
6.75 17.875 0.0
7.25 17.875 0.0
7.75 17.875 0.0
8.25 17.875 0.0
8.75 17.875 0.0
0.25 18.125 96278.1853507
0.75 18.125 81836.4575481
1.25 18.125 84243.4121819
1.75 18.125 62580.8204779
2.25 18.125 77022.5482805
2.75 18.125 55359.9565766
3.25 18.125 43325.1834078
3.75 18.125 28883.4556052
4.25 18.125 9627.81853507
4.75 18.125 4813.90926753
5.25 18.125 7220.8639013
5.75 18.125 0.0
6.25 18.125 0.0
6.75 18.125 0.0
7.25 18.125 0.0
7.75 18.125 0.0
8.25 18.125 0.0
8.75 18.125 0.0
0.25 18.375 77022.5482805
0.75 18.375 64987.7751117
1.25 18.375 105906.003886
1.75 18.375 86650.3668156
2.25 18.375 55359.9565766
2.75 18.375 38511.2741403
3.25 18.375 40918.228774
3.75 18.375 19255.6370701
4.25 18.375 16848.6824364
4.75 18.375 4813.90926753
5.25 18.375 0.0
5.75 18.375 0.0
6.25 18.375 0.0
6.75 18.375 0.0
7.25 18.375 0.0
7.75 18.375 0.0
8.25 18.375 0.0
8.75 18.375 0.0
0.25 18.625 69801.6843792
0.75 18.625 93871.2307169
1.25 18.625 74615.5936468
1.75 18.625 57766.9112104
2.25 18.625 69801.6843792
2.75 18.625 64987.7751117
3.25 18.625 43325.1834078
3.75 18.625 31290.410239
4.25 18.625 21662.5917039
4.75 18.625 4813.90926753
5.25 18.625 0.0
5.75 18.625 0.0
6.25 18.625 0.0
6.75 18.625 0.0
7.25 18.625 0.0
7.75 18.625 0.0
8.25 18.625 0.0
8.75 18.625 0.0
0.25 18.875 74615.5936468
0.75 18.875 77022.5482805
1.25 18.875 64987.7751117
1.75 18.875 60173.8658442
2.25 18.875 55359.9565766
2.75 18.875 55359.9565766
3.25 18.875 36104.3195065
3.75 18.875 21662.5917039
4.25 18.875 14441.7278026
4.75 18.875 7220.8639013
5.25 18.875 0.0
5.75 18.875 0.0
6.25 18.875 0.0
6.75 18.875 0.0
7.25 18.875 0.0
7.75 18.875 0.0
8.25 18.875 0.0
8.75 18.875 0.0
0.25 19.125 72208.639013
0.75 19.125 67394.7297455
1.25 19.125 62580.8204779
1.75 19.125 64987.7751117
2.25 19.125 50546.0473091
2.75 19.125 40918.228774
3.25 19.125 33697.3648727
3.75 19.125 14441.7278026
4.25 19.125 12034.7731688
4.75 19.125 2406.95463377
5.25 19.125 2406.95463377
5.75 19.125 0.0
6.25 19.125 0.0
6.75 19.125 0.0
7.25 19.125 0.0
7.75 19.125 0.0
8.25 19.125 0.0
8.75 19.125 0.0
0.25 19.375 60173.8658442
0.75 19.375 67394.7297455
1.25 19.375 43325.1834078
1.75 19.375 52953.0019429
2.25 19.375 62580.8204779
2.75 19.375 50546.0473091
3.25 19.375 36104.3195065
3.75 19.375 16848.6824364
4.25 19.375 4813.90926753
4.75 19.375 2406.95463377
5.25 19.375 0.0
5.75 19.375 0.0
6.25 19.375 0.0
6.75 19.375 0.0
7.25 19.375 0.0
7.75 19.375 0.0
8.25 19.375 0.0
8.75 19.375 0.0
0.25 19.625 74615.5936468
0.75 19.625 84243.4121819
1.25 19.625 50546.0473091
1.75 19.625 50546.0473091
2.25 19.625 48139.0926753
2.75 19.625 62580.8204779
3.25 19.625 26476.5009714
3.75 19.625 19255.6370701
4.25 19.625 7220.8639013
4.75 19.625 12034.7731688
5.25 19.625 0.0
5.75 19.625 0.0
6.25 19.625 0.0
6.75 19.625 0.0
7.25 19.625 0.0
7.75 19.625 0.0
8.25 19.625 0.0
8.75 19.625 0.0
0.25 19.875 84243.4121819
0.75 19.875 48139.0926753
1.25 19.875 67394.7297455
1.75 19.875 38511.2741403
2.25 19.875 38511.2741403
2.75 19.875 48139.0926753
3.25 19.875 33697.3648727
3.75 19.875 16848.6824364
4.25 19.875 7220.8639013
4.75 19.875 2406.95463377
5.25 19.875 0.0
5.75 19.875 0.0
6.25 19.875 0.0
6.75 19.875 0.0
7.25 19.875 0.0
7.75 19.875 0.0
8.25 19.875 0.0
8.75 19.875 0.0
0.25 20.125 69801.6843792
0.75 20.125 50546.0473091
1.25 20.125 79429.5029143
1.75 20.125 50546.0473091
2.25 20.125 62580.8204779
2.75 20.125 24069.5463377
3.25 20.125 38511.2741403
3.75 20.125 14441.7278026
4.25 20.125 9627.81853507
4.75 20.125 2406.95463377
5.25 20.125 0.0
5.75 20.125 0.0
6.25 20.125 0.0
6.75 20.125 0.0
7.25 20.125 0.0
7.75 20.125 0.0
8.25 20.125 0.0
8.75 20.125 0.0
0.25 20.375 50546.0473091
0.75 20.375 55359.9565766
1.25 20.375 60173.8658442
1.75 20.375 43325.1834078
2.25 20.375 33697.3648727
2.75 20.375 36104.3195065
3.25 20.375 16848.6824364
3.75 20.375 31290.410239
4.25 20.375 7220.8639013
4.75 20.375 4813.90926753
5.25 20.375 0.0
5.75 20.375 0.0
6.25 20.375 0.0
6.75 20.375 0.0
7.25 20.375 0.0
7.75 20.375 0.0
8.25 20.375 0.0
8.75 20.375 0.0
0.25 20.625 62580.8204779
0.75 20.625 33697.3648727
1.25 20.625 43325.1834078
1.75 20.625 33697.3648727
2.25 20.625 24069.5463377
2.75 20.625 31290.410239
3.25 20.625 16848.6824364
3.75 20.625 7220.8639013
4.25 20.625 7220.8639013
4.75 20.625 0.0
5.25 20.625 2406.95463377
5.75 20.625 0.0
6.25 20.625 0.0
6.75 20.625 0.0
7.25 20.625 0.0
7.75 20.625 0.0
8.25 20.625 0.0
8.75 20.625 0.0
0.25 20.875 43325.1834078
0.75 20.875 45732.1380416
1.25 20.875 40918.228774
1.75 20.875 43325.1834078
2.25 20.875 28883.4556052
2.75 20.875 24069.5463377
3.25 20.875 24069.5463377
3.75 20.875 7220.8639013
4.25 20.875 4813.90926753
4.75 20.875 4813.90926753
5.25 20.875 0.0
5.75 20.875 0.0
6.25 20.875 0.0
6.75 20.875 0.0
7.25 20.875 0.0
7.75 20.875 0.0
8.25 20.875 0.0
8.75 20.875 0.0
0.25 21.125 45732.1380416
0.75 21.125 45732.1380416
1.25 21.125 55359.9565766
1.75 21.125 40918.228774
2.25 21.125 33697.3648727
2.75 21.125 38511.2741403
3.25 21.125 28883.4556052
3.75 21.125 12034.7731688
4.25 21.125 4813.90926753
4.75 21.125 2406.95463377
5.25 21.125 0.0
5.75 21.125 0.0
6.25 21.125 0.0
6.75 21.125 0.0
7.25 21.125 0.0
7.75 21.125 0.0
8.25 21.125 0.0
8.75 21.125 0.0
0.25 21.375 45732.1380416
0.75 21.375 24069.5463377
1.25 21.375 45732.1380416
1.75 21.375 21662.5917039
2.25 21.375 28883.4556052
2.75 21.375 33697.3648727
3.25 21.375 16848.6824364
3.75 21.375 7220.8639013
4.25 21.375 4813.90926753
4.75 21.375 7220.8639013
5.25 21.375 0.0
5.75 21.375 0.0
6.25 21.375 0.0
6.75 21.375 0.0
7.25 21.375 0.0
7.75 21.375 0.0
8.25 21.375 0.0
8.75 21.375 0.0
0.25 21.625 26476.5009714
0.75 21.625 24069.5463377
1.25 21.625 55359.9565766
1.75 21.625 36104.3195065
2.25 21.625 33697.3648727
2.75 21.625 24069.5463377
3.25 21.625 2406.95463377
3.75 21.625 4813.90926753
4.25 21.625 4813.90926753
4.75 21.625 2406.95463377
5.25 21.625 0.0
5.75 21.625 0.0
6.25 21.625 0.0
6.75 21.625 0.0
7.25 21.625 0.0
7.75 21.625 0.0
8.25 21.625 0.0
8.75 21.625 0.0
0.25 21.875 52953.0019429
0.75 21.875 28883.4556052
1.25 21.875 43325.1834078
1.75 21.875 33697.3648727
2.25 21.875 33697.3648727
2.75 21.875 26476.5009714
3.25 21.875 9627.81853507
3.75 21.875 4813.90926753
4.25 21.875 2406.95463377
4.75 21.875 0.0
5.25 21.875 0.0
5.75 21.875 0.0
6.25 21.875 0.0
6.75 21.875 0.0
7.25 21.875 0.0
7.75 21.875 0.0
8.25 21.875 0.0
8.75 21.875 0.0
0.25 22.125 31290.410239
0.75 22.125 48139.0926753
1.25 22.125 48139.0926753
1.75 22.125 28883.4556052
2.25 22.125 33697.3648727
2.75 22.125 21662.5917039
3.25 22.125 12034.7731688
3.75 22.125 19255.6370701
4.25 22.125 12034.7731688
4.75 22.125 4813.90926753
5.25 22.125 0.0
5.75 22.125 0.0
6.25 22.125 0.0
6.75 22.125 0.0
7.25 22.125 0.0
7.75 22.125 0.0
8.25 22.125 0.0
8.75 22.125 0.0
0.25 22.375 36104.3195065
0.75 22.375 40918.228774
1.25 22.375 48139.0926753
1.75 22.375 31290.410239
2.25 22.375 24069.5463377
2.75 22.375 24069.5463377
3.25 22.375 24069.5463377
3.75 22.375 19255.6370701
4.25 22.375 9627.81853507
4.75 22.375 2406.95463377
5.25 22.375 0.0
5.75 22.375 0.0
6.25 22.375 0.0
6.75 22.375 0.0
7.25 22.375 0.0
7.75 22.375 0.0
8.25 22.375 0.0
8.75 22.375 0.0
0.25 22.625 21662.5917039
0.75 22.625 33697.3648727
1.25 22.625 31290.410239
1.75 22.625 19255.6370701
2.25 22.625 21662.5917039
2.75 22.625 4813.90926753
3.25 22.625 21662.5917039
3.75 22.625 16848.6824364
4.25 22.625 9627.81853507
4.75 22.625 0.0
5.25 22.625 0.0
5.75 22.625 0.0
6.25 22.625 0.0
6.75 22.625 0.0
7.25 22.625 0.0
7.75 22.625 0.0
8.25 22.625 0.0
8.75 22.625 0.0
0.25 22.875 4813.90926753
0.75 22.875 24069.5463377
1.25 22.875 28883.4556052
1.75 22.875 24069.5463377
2.25 22.875 33697.3648727
2.75 22.875 24069.5463377
3.25 22.875 12034.7731688
3.75 22.875 12034.7731688
4.25 22.875 4813.90926753
4.75 22.875 0.0
5.25 22.875 0.0
5.75 22.875 0.0
6.25 22.875 0.0
6.75 22.875 0.0
7.25 22.875 0.0
7.75 22.875 0.0
8.25 22.875 0.0
8.75 22.875 0.0
0.25 23.125 28883.4556052
0.75 23.125 38511.2741403
1.25 23.125 40918.228774
1.75 23.125 31290.410239
2.25 23.125 36104.3195065
2.75 23.125 16848.6824364
3.25 23.125 19255.6370701
3.75 23.125 4813.90926753
4.25 23.125 9627.81853507
4.75 23.125 2406.95463377
5.25 23.125 0.0
5.75 23.125 0.0
6.25 23.125 0.0
6.75 23.125 0.0
7.25 23.125 0.0
7.75 23.125 0.0
8.25 23.125 0.0
8.75 23.125 0.0
0.25 23.375 19255.6370701
0.75 23.375 26476.5009714
1.25 23.375 40918.228774
1.75 23.375 21662.5917039
2.25 23.375 28883.4556052
2.75 23.375 4813.90926753
3.25 23.375 9627.81853507
3.75 23.375 4813.90926753
4.25 23.375 9627.81853507
4.75 23.375 0.0
5.25 23.375 0.0
5.75 23.375 0.0
6.25 23.375 0.0
6.75 23.375 0.0
7.25 23.375 0.0
7.75 23.375 0.0
8.25 23.375 0.0
8.75 23.375 0.0
0.25 23.625 24069.5463377
0.75 23.625 19255.6370701
1.25 23.625 48139.0926753
1.75 23.625 14441.7278026
2.25 23.625 26476.5009714
2.75 23.625 14441.7278026
3.25 23.625 9627.81853507
3.75 23.625 9627.81853507
4.25 23.625 9627.81853507
4.75 23.625 0.0
5.25 23.625 0.0
5.75 23.625 0.0
6.25 23.625 0.0
6.75 23.625 0.0
7.25 23.625 0.0
7.75 23.625 0.0
8.25 23.625 0.0
8.75 23.625 0.0
0.25 23.875 26476.5009714
0.75 23.875 21662.5917039
1.25 23.875 21662.5917039
1.75 23.875 7220.8639013
2.25 23.875 21662.5917039
2.75 23.875 14441.7278026
3.25 23.875 16848.6824364
3.75 23.875 9627.81853507
4.25 23.875 0.0
4.75 23.875 0.0
5.25 23.875 0.0
5.75 23.875 0.0
6.25 23.875 0.0
6.75 23.875 0.0
7.25 23.875 0.0
7.75 23.875 0.0
8.25 23.875 0.0
8.75 23.875 0.0
0.25 24.125 28883.4556052
0.75 24.125 36104.3195065
1.25 24.125 26476.5009714
1.75 24.125 9627.81853507
2.25 24.125 12034.7731688
2.75 24.125 9627.81853507
3.25 24.125 14441.7278026
3.75 24.125 2406.95463377
4.25 24.125 7220.8639013
4.75 24.125 4813.90926753
5.25 24.125 0.0
5.75 24.125 0.0
6.25 24.125 0.0
6.75 24.125 0.0
7.25 24.125 0.0
7.75 24.125 0.0
8.25 24.125 0.0
8.75 24.125 0.0
0.25 24.375 26476.5009714
0.75 24.375 24069.5463377
1.25 24.375 26476.5009714
1.75 24.375 16848.6824364
2.25 24.375 12034.7731688
2.75 24.375 16848.6824364
3.25 24.375 9627.81853507
3.75 24.375 2406.95463377
4.25 24.375 2406.95463377
4.75 24.375 0.0
5.25 24.375 0.0
5.75 24.375 0.0
6.25 24.375 0.0
6.75 24.375 0.0
7.25 24.375 0.0
7.75 24.375 0.0
8.25 24.375 0.0
8.75 24.375 0.0
0.25 24.625 31290.410239
0.75 24.625 19255.6370701
1.25 24.625 31290.410239
1.75 24.625 9627.81853507
2.25 24.625 12034.7731688
2.75 24.625 7220.8639013
3.25 24.625 4813.90926753
3.75 24.625 4813.90926753
4.25 24.625 0.0
4.75 24.625 2406.95463377
5.25 24.625 0.0
5.75 24.625 0.0
6.25 24.625 0.0
6.75 24.625 0.0
7.25 24.625 0.0
7.75 24.625 0.0
8.25 24.625 0.0
8.75 24.625 0.0
0.25 24.875 24069.5463377
0.75 24.875 31290.410239
1.25 24.875 36104.3195065
1.75 24.875 33697.3648727
2.25 24.875 21662.5917039
2.75 24.875 14441.7278026
3.25 24.875 9627.81853507
3.75 24.875 0.0
4.25 24.875 0.0
4.75 24.875 0.0
5.25 24.875 0.0
5.75 24.875 0.0
6.25 24.875 0.0
6.75 24.875 0.0
7.25 24.875 0.0
7.75 24.875 0.0
8.25 24.875 0.0
8.75 24.875 0.0
0.25 25.125 14441.7278026
0.75 25.125 26476.5009714
1.25 25.125 31290.410239
1.75 25.125 14441.7278026
2.25 25.125 9627.81853507
2.75 25.125 7220.8639013
3.25 25.125 12034.7731688
3.75 25.125 2406.95463377
4.25 25.125 2406.95463377
4.75 25.125 0.0
5.25 25.125 0.0
5.75 25.125 0.0
6.25 25.125 0.0
6.75 25.125 0.0
7.25 25.125 0.0
7.75 25.125 0.0
8.25 25.125 0.0
8.75 25.125 0.0
0.25 25.375 14441.7278026
0.75 25.375 21662.5917039
1.25 25.375 19255.6370701
1.75 25.375 26476.5009714
2.25 25.375 16848.6824364
2.75 25.375 12034.7731688
3.25 25.375 9627.81853507
3.75 25.375 7220.8639013
4.25 25.375 2406.95463377
4.75 25.375 0.0
5.25 25.375 0.0
5.75 25.375 0.0
6.25 25.375 0.0
6.75 25.375 0.0
7.25 25.375 0.0
7.75 25.375 0.0
8.25 25.375 0.0
8.75 25.375 0.0
0.25 25.625 28883.4556052
0.75 25.625 24069.5463377
1.25 25.625 40918.228774
1.75 25.625 9627.81853507
2.25 25.625 4813.90926753
2.75 25.625 19255.6370701
3.25 25.625 7220.8639013
3.75 25.625 4813.90926753
4.25 25.625 2406.95463377
4.75 25.625 0.0
5.25 25.625 0.0
5.75 25.625 0.0
6.25 25.625 0.0
6.75 25.625 0.0
7.25 25.625 0.0
7.75 25.625 0.0
8.25 25.625 0.0
8.75 25.625 0.0
0.25 25.875 21662.5917039
0.75 25.875 16848.6824364
1.25 25.875 33697.3648727
1.75 25.875 12034.7731688
2.25 25.875 14441.7278026
2.75 25.875 9627.81853507
3.25 25.875 4813.90926753
3.75 25.875 2406.95463377
4.25 25.875 7220.8639013
4.75 25.875 0.0
5.25 25.875 0.0
5.75 25.875 0.0
6.25 25.875 0.0
6.75 25.875 0.0
7.25 25.875 0.0
7.75 25.875 0.0
8.25 25.875 0.0
8.75 25.875 0.0
0.25 26.125 21662.5917039
0.75 26.125 19255.6370701
1.25 26.125 19255.6370701
1.75 26.125 16848.6824364
2.25 26.125 16848.6824364
2.75 26.125 7220.8639013
3.25 26.125 9627.81853507
3.75 26.125 7220.8639013
4.25 26.125 0.0
4.75 26.125 0.0
5.25 26.125 0.0
5.75 26.125 0.0
6.25 26.125 0.0
6.75 26.125 0.0
7.25 26.125 0.0
7.75 26.125 0.0
8.25 26.125 0.0
8.75 26.125 0.0
0.25 26.375 26476.5009714
0.75 26.375 21662.5917039
1.25 26.375 16848.6824364
1.75 26.375 19255.6370701
2.25 26.375 7220.8639013
2.75 26.375 4813.90926753
3.25 26.375 7220.8639013
3.75 26.375 7220.8639013
4.25 26.375 2406.95463377
4.75 26.375 0.0
5.25 26.375 0.0
5.75 26.375 0.0
6.25 26.375 0.0
6.75 26.375 0.0
7.25 26.375 0.0
7.75 26.375 0.0
8.25 26.375 0.0
8.75 26.375 0.0
0.25 26.625 9627.81853507
0.75 26.625 14441.7278026
1.25 26.625 21662.5917039
1.75 26.625 9627.81853507
2.25 26.625 12034.7731688
2.75 26.625 4813.90926753
3.25 26.625 2406.95463377
3.75 26.625 4813.90926753
4.25 26.625 4813.90926753
4.75 26.625 0.0
5.25 26.625 0.0
5.75 26.625 0.0
6.25 26.625 0.0
6.75 26.625 0.0
7.25 26.625 0.0
7.75 26.625 0.0
8.25 26.625 0.0
8.75 26.625 0.0
0.25 26.875 16848.6824364
0.75 26.875 2406.95463377
1.25 26.875 28883.4556052
1.75 26.875 14441.7278026
2.25 26.875 16848.6824364
2.75 26.875 4813.90926753
3.25 26.875 14441.7278026
3.75 26.875 0.0
4.25 26.875 0.0
4.75 26.875 2406.95463377
5.25 26.875 0.0
5.75 26.875 0.0
6.25 26.875 0.0
6.75 26.875 0.0
7.25 26.875 0.0
7.75 26.875 0.0
8.25 26.875 0.0
8.75 26.875 0.0
0.25 27.125 14441.7278026
0.75 27.125 21662.5917039
1.25 27.125 19255.6370701
1.75 27.125 9627.81853507
2.25 27.125 4813.90926753
2.75 27.125 7220.8639013
3.25 27.125 7220.8639013
3.75 27.125 4813.90926753
4.25 27.125 4813.90926753
4.75 27.125 0.0
5.25 27.125 0.0
5.75 27.125 0.0
6.25 27.125 0.0
6.75 27.125 0.0
7.25 27.125 0.0
7.75 27.125 0.0
8.25 27.125 0.0
8.75 27.125 0.0
0.25 27.375 16848.6824364
0.75 27.375 19255.6370701
1.25 27.375 16848.6824364
1.75 27.375 2406.95463377
2.25 27.375 12034.7731688
2.75 27.375 2406.95463377
3.25 27.375 4813.90926753
3.75 27.375 0.0
4.25 27.375 0.0
4.75 27.375 0.0
5.25 27.375 0.0
5.75 27.375 0.0
6.25 27.375 0.0
6.75 27.375 0.0
7.25 27.375 0.0
7.75 27.375 0.0
8.25 27.375 0.0
8.75 27.375 0.0
0.25 27.625 19255.6370701
0.75 27.625 12034.7731688
1.25 27.625 16848.6824364
1.75 27.625 7220.8639013
2.25 27.625 14441.7278026
2.75 27.625 9627.81853507
3.25 27.625 9627.81853507
3.75 27.625 4813.90926753
4.25 27.625 0.0
4.75 27.625 0.0
5.25 27.625 0.0
5.75 27.625 0.0
6.25 27.625 0.0
6.75 27.625 0.0
7.25 27.625 0.0
7.75 27.625 0.0
8.25 27.625 0.0
8.75 27.625 0.0
0.25 27.875 14441.7278026
0.75 27.875 16848.6824364
1.25 27.875 21662.5917039
1.75 27.875 7220.8639013
2.25 27.875 7220.8639013
2.75 27.875 4813.90926753
3.25 27.875 7220.8639013
3.75 27.875 0.0
4.25 27.875 2406.95463377
4.75 27.875 0.0
5.25 27.875 0.0
5.75 27.875 0.0
6.25 27.875 0.0
6.75 27.875 0.0
7.25 27.875 0.0
7.75 27.875 0.0
8.25 27.875 0.0
8.75 27.875 0.0
0.25 28.125 9627.81853507
0.75 28.125 14441.7278026
1.25 28.125 14441.7278026
1.75 28.125 12034.7731688
2.25 28.125 9627.81853507
2.75 28.125 0.0
3.25 28.125 0.0
3.75 28.125 2406.95463377
4.25 28.125 0.0
4.75 28.125 0.0
5.25 28.125 0.0
5.75 28.125 0.0
6.25 28.125 0.0
6.75 28.125 0.0
7.25 28.125 0.0
7.75 28.125 0.0
8.25 28.125 0.0
8.75 28.125 0.0
0.25 28.375 12034.7731688
0.75 28.375 21662.5917039
1.25 28.375 14441.7278026
1.75 28.375 12034.7731688
2.25 28.375 4813.90926753
2.75 28.375 7220.8639013
3.25 28.375 7220.8639013
3.75 28.375 2406.95463377
4.25 28.375 2406.95463377
4.75 28.375 0.0
5.25 28.375 0.0
5.75 28.375 0.0
6.25 28.375 0.0
6.75 28.375 0.0
7.25 28.375 0.0
7.75 28.375 0.0
8.25 28.375 0.0
8.75 28.375 0.0
0.25 28.625 21662.5917039
0.75 28.625 14441.7278026
1.25 28.625 14441.7278026
1.75 28.625 14441.7278026
2.25 28.625 12034.7731688
2.75 28.625 4813.90926753
3.25 28.625 16848.6824364
3.75 28.625 7220.8639013
4.25 28.625 0.0
4.75 28.625 0.0
5.25 28.625 0.0
5.75 28.625 0.0
6.25 28.625 0.0
6.75 28.625 0.0
7.25 28.625 0.0
7.75 28.625 0.0
8.25 28.625 0.0
8.75 28.625 0.0
0.25 28.875 19255.6370701
0.75 28.875 4813.90926753
1.25 28.875 9627.81853507
1.75 28.875 14441.7278026
2.25 28.875 9627.81853507
2.75 28.875 12034.7731688
3.25 28.875 2406.95463377
3.75 28.875 0.0
4.25 28.875 0.0
4.75 28.875 0.0
5.25 28.875 0.0
5.75 28.875 0.0
6.25 28.875 0.0
6.75 28.875 0.0
7.25 28.875 0.0
7.75 28.875 0.0
8.25 28.875 0.0
8.75 28.875 0.0
0.25 29.125 7220.8639013
0.75 29.125 7220.8639013
1.25 29.125 9627.81853507
1.75 29.125 4813.90926753
2.25 29.125 14441.7278026
2.75 29.125 2406.95463377
3.25 29.125 4813.90926753
3.75 29.125 2406.95463377
4.25 29.125 0.0
4.75 29.125 0.0
5.25 29.125 0.0
5.75 29.125 0.0
6.25 29.125 0.0
6.75 29.125 0.0
7.25 29.125 0.0
7.75 29.125 0.0
8.25 29.125 0.0
8.75 29.125 0.0
0.25 29.375 12034.7731688
0.75 29.375 4813.90926753
1.25 29.375 16848.6824364
1.75 29.375 7220.8639013
2.25 29.375 9627.81853507
2.75 29.375 7220.8639013
3.25 29.375 2406.95463377
3.75 29.375 7220.8639013
4.25 29.375 2406.95463377
4.75 29.375 0.0
5.25 29.375 0.0
5.75 29.375 0.0
6.25 29.375 0.0
6.75 29.375 0.0
7.25 29.375 0.0
7.75 29.375 0.0
8.25 29.375 0.0
8.75 29.375 0.0
0.25 29.625 9627.81853507
0.75 29.625 14441.7278026
1.25 29.625 14441.7278026
1.75 29.625 4813.90926753
2.25 29.625 7220.8639013
2.75 29.625 9627.81853507
3.25 29.625 2406.95463377
3.75 29.625 2406.95463377
4.25 29.625 0.0
4.75 29.625 0.0
5.25 29.625 0.0
5.75 29.625 0.0
6.25 29.625 0.0
6.75 29.625 0.0
7.25 29.625 0.0
7.75 29.625 0.0
8.25 29.625 0.0
8.75 29.625 0.0
0.25 29.875 19255.6370701
0.75 29.875 21662.5917039
1.25 29.875 16848.6824364
1.75 29.875 4813.90926753
2.25 29.875 9627.81853507
2.75 29.875 0.0
3.25 29.875 0.0
3.75 29.875 0.0
4.25 29.875 0.0
4.75 29.875 0.0
5.25 29.875 0.0
5.75 29.875 0.0
6.25 29.875 0.0
6.75 29.875 0.0
7.25 29.875 0.0
7.75 29.875 0.0
8.25 29.875 0.0
8.75 29.875 0.0
