11.294627058970837 3.019435549879976
14.219093021276404 237.16761549504383
17.900777537149963 193.53461898789243
22.535743732392298 1588.0340713603591
28.370820458389794 3477.857689234078
35.71674682851676 3140.8957874377293
44.96472020903849 4824.435880562674
56.60722890537329 7966.586297512102
71.26427896022373 8302.950970529713
89.71641173621407 13340.657181490584
112.94627058970838 15123.210400572978
142.1909302127641 17928.403664833786
179.00777537149963 20933.535223920582
225.35743732392305 17022.81336773916
283.7082045838981 15559.47803553661
357.1674682851676 13319.122081744019
449.6472020903849 13909.058228458947
566.0722890537327 13183.555673263472
712.6427896022376 8767.314439422771
897.164117362141 9934.061701460916
1129.4627058970837 5542.822988339089
1421.9093021276408 3335.026671691827
1790.0777537149975 1534.3284785622964
2253.5743732392316 507.02504028048133
2837.082045838981 87.79504967076355
3571.674682851676 14.227154331107158
4496.47202090385 0.9096225051907822
5660.72289053733 0.0009110445389524102
7126.427896022379 0.0
8971.64117362141 0.0
