11.294627058970837 55.95485472877571
14.219093021276404 242.52639507441646
17.900777537149963 501.99003990946534
22.535743732392298 1090.9253532241114
28.370820458389794 2728.9286833066108
35.71674682851676 1798.024774652331
44.96472020903849 5036.961492279884
56.60722890537329 7411.794354810887
71.26427896022373 9692.768640374528
89.71641173621407 10177.506236723224
112.94627058970838 13054.090045272089
142.1909302127641 17486.895911166168
179.00777537149963 19457.681364733275
225.35743732392305 19381.017197160923
283.7082045838981 17795.163755442933
357.1674682851676 14776.059813573578
449.6472020903849 12485.13893850465
566.0722890537327 11199.179263590137
712.6427896022376 12192.603525175015
897.164117362141 8568.063845435216
1129.4627058970837 6701.020016612922
1421.9093021276408 3459.9797227533127
1790.0777537149975 1426.4482009925414
2253.5743732392316 468.7214404481638
2837.082045838981 103.59781228090287
3571.674682851676 14.092592428438365
4496.47202090385 0.4305655382631812
5660.72289053733 0.0009110445389524102
7126.427896022379 0.0
8971.64117362141 0.0
