11.294627058970837 73.21852577849945
14.219093021276404 6.939377736809945
17.900777537149963 409.300732507926
22.535743732392298 1786.2375357476383
28.370820458389794 5968.85295894148
35.71674682851676 6022.154562005357
44.96472020903849 14869.860296436338
56.60722890537329 16392.876615621448
71.26427896022373 50024.42600399182
89.71641173621407 38898.08404604778
112.94627058970838 72024.32605825848
142.1909302127641 91562.72837255333
179.00777537149963 122733.8676674852
225.35743732392305 144327.05486583768
283.7082045838981 194593.0806862266
357.1674682851676 219152.37233310682
449.6472020903849 205511.41114485054
566.0722890537327 197254.18462788197
712.6427896022376 138782.78867275617
897.164117362141 101936.37332333648
1129.4627058970837 59268.815969468094
1421.9093021276408 30625.073840655852
1790.0777537149975 11326.35764176608
2253.5743732392316 3395.3824941152707
2837.082045838981 516.9967350272927
3571.674682851676 45.79034123127349
4496.47202090385 2.115135299274698
5660.72289053733 0.0
7126.427896022379 0.0
8971.64117362141 0.0
