11.294627058970837 1726.9482220013933
14.219093021276404 3002.372548248234
17.900777537149963 201.20029357169733
22.535743732392298 5069.191257596383
28.370820458389794 4792.408257376092
35.71674682851676 6131.951100761124
44.96472020903849 12268.553581134242
56.60722890537329 25889.965952133527
71.26427896022373 49340.2711446545
89.71641173621407 60052.219507990114
112.94627058970838 63191.05603115447
142.1909302127641 116221.04772082437
179.00777537149963 126165.53398249752
225.35743732392305 166198.8828762634
283.7082045838981 166394.40683610982
357.1674682851676 178075.89448824874
449.6472020903849 193820.53221098718
566.0722890537327 193817.72336136154
712.6427896022376 138017.06429185858
897.164117362141 101627.94635331305
1129.4627058970837 57211.95985112223
1421.9093021276408 31041.231150811072
1790.0777537149975 11167.152903077425
2253.5743732392316 2723.343966343906
2837.082045838981 451.0360364052467
3571.674682851676 59.38266871124506
4496.47202090385 1.7693945306818932
5660.72289053733 0.10171623295173049
7126.427896022379 0.0
8971.64117362141 0.0
