11.294627058970837 1515.4872691029937
14.219093021276404 2368.4307788135916
17.900777537149963 678.9151627245565
22.535743732392298 908.4443331202974
28.370820458389794 9391.512534608984
35.71674682851676 4820.271459238409
44.96472020903849 9952.544225091387
56.60722890537329 26868.081521072327
71.26427896022373 37973.54926627153
89.71641173621407 54965.67858283881
112.94627058970838 60594.93946952224
142.1909302127641 103067.70009675724
179.00777537149963 122919.54724542104
225.35743732392305 145194.43177271768
283.7082045838981 178788.9820181313
357.1674682851676 190000.37757262157
449.6472020903849 180526.67742253444
566.0722890537327 176574.48487735866
712.6427896022376 143807.4555239703
897.164117362141 110053.9619202402
1129.4627058970837 66623.6968191422
1421.9093021276408 33787.896875462495
1790.0777537149975 9999.574504850898
2253.5743732392316 2946.1401873545256
2837.082045838981 514.4920224202797
3571.674682851676 49.88598063075915
4496.47202090385 3.4825530734378844
5660.72289053733 0.10540860239416361
7126.427896022379 0.0
8971.64117362141 0.0
