11.294627058970837 292.35019294858904
14.219093021276404 635.6502076630641
17.900777537149963 1388.980403868572
22.535743732392298 624.2852475064074
28.370820458389794 7604.522135547109
35.71674682851676 4834.850681500684
44.96472020903849 15097.9274597678
56.60722890537329 17304.987646779453
71.26427896022373 28018.43428207223
89.71641173621407 56132.28892584478
112.94627058970838 63283.551717332215
142.1909302127641 95916.31607790451
179.00777537149963 150420.2663309237
225.35743732392305 165263.24098209722
283.7082045838981 214349.20148388925
357.1674682851676 293263.41002731025
449.6472020903849 318150.7964062928
566.0722890537327 388663.23685402307
712.6427896022376 383799.06842296594
897.164117362141 348970.8250673092
1129.4627058970837 299914.7419839497
1421.9093021276408 207741.14432225656
1790.0777537149975 128723.31010986259
2253.5743732392316 64778.446457065176
2837.082045838981 28281.984296952374
3571.674682851676 8551.834871036466
4496.47202090385 2753.362173963804
5660.72289053733 537.7153411041945
7126.427896022379 36.540978339500725
8971.64117362141 0.06894521648064256
