11.294627058970837 48.06635168672858
14.219093021276404 67.895110678636
17.900777537149963 486.78318624818326
22.535743732392298 325.9210354172966
28.370820458389794 1919.7428400727702
35.71674682851676 1421.3394497179606
44.96472020903849 4590.083804937938
56.60722890537329 6807.317077821595
71.26427896022373 8752.230876102323
89.71641173621407 11248.897673287604
112.94627058970838 17198.205436116536
142.1909302127641 18257.87365349532
179.00777537149963 22601.105350345693
225.35743732392305 28634.49340446666
283.7082045838981 29272.84674977664
357.1674682851676 27886.85144480865
449.6472020903849 22839.91320204604
566.0722890537327 22844.498375776137
712.6427896022376 22320.312828881026
897.164117362141 20416.27842015252
1129.4627058970837 17474.487171163317
1421.9093021276408 12363.049118325347
1790.0777537149975 7300.206575093733
2253.5743732392316 3856.055940657796
2837.082045838981 1578.9301054900861
3571.674682851676 443.2194411091623
4496.47202090385 96.0627840263769
5660.72289053733 10.46262935816776
7126.427896022379 0.3598321797326207
8971.64117362141 0.0
