0.25 0.125 758528.50924
0.75 0.125 854230.704331
1.25 0.125 754983.983496
1.75 0.125 960566.476654
2.25 0.125 808151.869658
2.75 0.125 889675.961772
3.25 0.125 960566.476654
3.75 0.125 907398.590493
4.25 0.125 889675.961772
4.75 0.125 861319.755819
5.25 0.125 801062.818169
5.75 0.125 666370.839893
6.25 0.125 673459.891381
6.75 0.125 1010189.83707
7.25 0.125 1747451.19185
7.75 0.125 2573325.69023
8.25 0.125 3874166.63831
8.75 0.125 1045635.09451
0.25 0.375 2420911.08323
0.75 0.375 2764730.08041
1.25 0.375 2832076.06955
1.75 0.375 2676116.9368
2.25 0.375 2583959.26746
2.75 0.375 2878154.90422
3.25 0.375 2665483.35957
3.75 0.375 2743462.92594
4.25 0.375 2431544.66046
4.75 0.375 2417366.55748
5.25 0.375 2215328.59007
5.75 0.375 2016835.1484
6.25 0.375 2371287.72281
6.75 0.375 2941956.36761
7.25 0.375 4841822.16646
7.75 0.375 6979171.19016
8.25 0.375 10456350.9451
8.75 0.375 2477623.49513
0.25 0.625 4661051.35351
0.75 0.625 4232163.73847
1.25 0.625 4806376.90902
1.75 0.625 4256975.41868
2.25 0.625 4317232.35633
2.75 0.625 4349133.08803
3.25 0.625 4334954.98505
3.75 0.625 4239252.78996
4.25 0.625 4274698.0474
4.75 0.625 3962779.78192
5.25 0.625 3693395.82536
5.75 0.625 3282230.83905
6.25 0.625 3370843.98265
6.75 0.625 4196718.48103
7.25 0.625 7457682.16561
7.75 0.625 10091264.7935
8.25 0.625 14674336.5806
8.75 0.625 2286219.10495
0.25 0.875 5887457.26097
0.75 0.875 5922902.51841
1.25 0.875 5603895.20144
1.75 0.875 5575538.99549
2.25 0.875 5586172.57272
2.75 0.875 5710230.97376
3.25 0.875 5515282.05784
3.75 0.875 5065127.28834
4.25 0.875 4671684.93074
4.75 0.875 4692952.0852
5.25 0.875 4448379.80886
5.75 0.875 4140006.06912
6.25 0.875 4391667.39695
6.75 0.875 5054493.7111
7.25 0.875 8712444.27903
7.75 0.875 11211334.9286
8.25 0.875 14546733.6538
8.75 0.875 1010189.83707
0.25 1.125 6571550.72958
0.75 1.125 6606995.98702
1.25 1.125 6054049.97094
1.75 1.125 6369512.76217
2.25 1.125 6100128.80562
2.75 1.125 5816566.74609
3.25 1.125 5561360.89251
3.75 1.125 5189185.68938
4.25 1.125 5047404.65962
4.75 1.125 4756753.5486
5.25 1.125 4572438.2099
5.75 1.125 4171906.80082
6.25 1.125 4303054.25335
6.75 1.125 5345144.82212
7.25 1.125 8836502.68007
7.75 1.125 11179434.1969
8.25 1.125 11859983.1398
8.75 1.125 120513.8753
0.25 1.375 6107217.8571
0.75 1.375 6206464.57794
1.25 1.375 6046960.91946
1.75 1.375 5908724.41543
2.25 1.375 5738587.17972
2.75 1.375 5401857.23403
3.25 1.375 5178552.11215
3.75 1.375 4866633.84667
4.25 1.375 4685863.03372
4.75 1.375 4650417.77627
5.25 1.375 4281787.09889
5.75 1.375 3824543.2779
6.25 1.375 3608327.20751
6.75 1.375 4863089.32092
7.25 1.375 8088607.74806
7.75 1.375 9307924.60404
8.25 1.375 7719977.07068
8.75 1.375 0.0
0.25 1.625 5688963.8193
0.75 1.625 5653518.56186
1.25 1.625 5575538.99549
1.75 1.625 5079305.39131
2.25 1.625 5277798.83298
2.75 1.625 4887901.00113
3.25 1.625 4498003.16928
3.75 1.625 4232163.73847
4.25 1.625 4207352.05826
4.75 1.625 3750108.23727
5.25 1.625 3268052.73607
5.75 1.625 3094370.97461
6.25 1.625 2931322.79038
6.75 1.625 3785553.49471
7.25 1.625 6358879.18494
7.75 1.625 6592817.88405
8.25 1.625 4140006.06912
8.75 1.625 0.0
0.25 1.875 4969425.09325
0.75 1.875 4948157.93878
1.25 1.875 4824099.53774
1.75 1.875 4554715.58118
2.25 1.875 4427112.6544
2.75 1.875 4331410.4593
3.25 1.875 3941512.62745
3.75 1.875 3519714.0639
4.25 1.875 3374388.50839
4.75 1.875 3073103.82015
5.25 1.875 2785997.23487
5.75 1.875 2470534.44365
6.25 1.875 2236595.74453
6.75 1.875 2697384.09127
7.25 1.875 4714219.23967
7.75 1.875 4501547.69502
8.25 1.875 1768718.34631
8.75 1.875 0.0
0.25 2.125 4033670.2968
0.75 2.125 4047848.39978
1.25 2.125 3884800.21555
1.75 2.125 3863533.06108
2.25 2.125 3718207.50557
2.75 2.125 3381477.55988
3.25 2.125 3271597.26182
3.75 2.125 2977401.62505
4.25 2.125 2754096.50318
4.75 2.125 2484712.54662
5.25 2.125 2112537.34349
5.75 2.125 1839608.86119
6.25 2.125 1488700.81253
6.75 2.125 1832519.80971
7.25 2.125 2988035.20229
7.75 2.125 2594592.84469
8.25 2.125 879042.38454
8.75 2.125 0.0
0.25 2.375 3282230.83905
0.75 2.375 3282230.83905
1.25 2.375 3445279.02328
1.75 2.375 3143994.33503
2.25 2.375 3143994.33503
2.75 2.375 2782452.70913
3.25 2.375 2381921.30004
3.75 2.375 2470534.44365
4.25 2.375 2041646.82861
4.75 2.375 1899865.79884
5.25 2.375 1637570.89378
5.75 2.375 1297296.42234
6.25 2.375 1116525.6094
6.75 2.375 1123614.66088
7.25 2.375 1750995.71759
7.75 2.375 1414265.7719
8.25 2.375 287106.585273
8.75 2.375 0.0
0.25 2.625 2704473.14276
0.75 2.625 2552058.53576
1.25 2.625 2736373.87445
1.75 2.625 2509524.22683
2.25 2.625 2527246.85555
2.75 2.625 2247229.32177
3.25 2.625 2144438.07519
3.75 2.625 1694283.30569
4.25 2.625 1797074.55226
4.75 2.625 1354008.83425
5.25 2.625 1208683.27874
5.75 2.625 822329.972634
6.25 2.625 857775.230075
6.75 2.625 871953.333052
7.25 2.625 1300840.94809
7.75 2.625 701816.097334
8.25 2.625 120513.8753
8.75 2.625 0.0
0.25 2.875 2300397.20793
0.75 2.875 2229506.69305
1.25 2.875 2176338.80688
1.75 2.875 2155071.65242
2.25 2.875 1953033.68501
2.75 2.875 1800619.07801
3.25 2.875 1669471.62548
3.75 2.875 1524146.06997
4.25 2.875 1357553.35999
4.75 2.875 1112981.08365
5.25 2.875 861319.755819
5.75 2.875 655737.262661
6.25 2.875 567124.119058
6.75 2.875 482055.501199
7.25 2.875 726627.777543
7.75 2.875 435976.666526
8.25 2.875 31900.731697
8.75 2.875 0.0
0.25 3.125 1836064.33545
0.75 3.125 1839608.86119
1.25 3.125 1775807.3978
1.75 3.125 1680105.20271
2.25 3.125 1634026.36804
2.75 3.125 1463889.13232
3.25 3.125 1375275.98872
3.75 3.125 1325652.6283
4.25 3.125 967655.528143
4.75 3.125 928665.744957
5.25 3.125 793973.766681
5.75 3.125 453699.295246
6.25 3.125 386353.306108
6.75 3.125 396986.883341
7.25 3.125 446610.243758
7.75 3.125 209127.018903
8.25 3.125 7089.05148822
8.75 3.125 0.0
0.25 3.375 1669471.62548
0.75 3.375 1499334.38976
1.25 3.375 1495789.86402
1.75 3.375 1431988.40062
2.25 3.375 1332741.67979
2.75 3.375 1240584.01044
3.25 3.375 953477.425166
3.75 3.375 939299.32219
4.25 3.375 779795.663705
4.75 3.375 655737.262661
5.25 3.375 457243.82099
5.75 3.375 372175.203132
6.25 3.375 272928.482297
6.75 3.375 265839.430808
7.25 3.375 308373.739738
7.75 3.375 145325.555509
8.25 3.375 7089.05148822
8.75 3.375 0.0
0.25 3.625 1137792.76386
0.75 3.625 1183871.59853
1.25 3.625 1052724.146
1.75 3.625 1070446.77472
2.25 3.625 988922.682607
2.75 3.625 946388.373678
3.25 3.625 808151.869658
3.75 3.625 765617.560728
4.25 3.625 616747.479475
4.75 3.625 489144.552687
5.25 3.625 414709.512061
5.75 3.625 258750.37932
6.25 3.625 173681.761461
6.75 3.625 180770.81295
7.25 3.625 166592.709973
7.75 3.625 46078.8346735
8.25 3.625 0.0
8.75 3.625 0.0
0.25 3.875 999556.25984
0.75 3.875 978289.105375
1.25 3.875 1024367.94005
1.75 3.875 942843.847934
2.25 3.875 882586.910284
2.75 3.875 815240.921146
3.25 3.875 708905.148822
3.75 3.875 581302.222034
4.25 3.875 457243.82099
4.75 3.875 414709.512061
5.25 3.875 308373.739738
5.75 3.875 209127.018903
6.25 3.875 152414.606997
6.75 3.875 116969.349556
7.25 3.875 81524.0921146
7.75 3.875 35445.2574411
8.25 3.875 0.0
8.75 3.875 0.0
0.25 4.125 1017278.88856
0.75 4.125 754983.983496
1.25 4.125 790429.240937
1.75 4.125 790429.240937
2.25 4.125 765617.560728
2.75 4.125 708905.148822
3.25 4.125 552946.016081
3.75 4.125 471421.923967
4.25 4.125 471421.923967
4.75 4.125 333185.419947
5.25 4.125 255205.853576
5.75 4.125 134691.978276
6.25 4.125 134691.978276
6.75 4.125 81524.0921146
7.25 4.125 35445.2574411
7.75 4.125 0.0
8.25 4.125 0.0
8.75 4.125 0.0
0.25 4.375 691182.520102
0.75 4.375 687637.994358
1.25 4.375 599024.850755
1.75 4.375 630925.582452
2.25 4.375 552946.016081
2.75 4.375 591935.799267
3.25 4.375 446610.243758
3.75 4.375 386353.306108
4.25 4.375 304829.213994
4.75 4.375 255205.853576
5.25 4.375 180770.81295
5.75 4.375 141781.029764
6.25 4.375 77979.5663705
6.75 4.375 49623.3604176
7.25 4.375 31900.731697
7.75 4.375 10633.5772323
8.25 4.375 0.0
8.75 4.375 0.0
0.25 4.625 584846.747778
0.75 4.625 588391.273523
1.25 4.625 535223.387361
1.75 4.625 478510.975455
2.25 4.625 485600.026943
2.75 4.625 485600.026943
3.25 4.625 425343.089293
3.75 4.625 322551.842714
4.25 4.625 198493.44167
4.75 4.625 226849.647623
5.25 4.625 106335.772323
5.75 4.625 74435.0406264
6.25 4.625 46078.8346735
6.75 4.625 21267.1544647
7.25 4.625 24811.6802088
7.75 4.625 3544.52574411
8.25 4.625 0.0
8.75 4.625 0.0
0.25 4.875 450154.769502
0.75 4.875 457243.82099
1.25 4.875 510411.707152
1.75 4.875 386353.306108
2.25 4.875 393442.357596
2.75 4.875 343818.997179
3.25 4.875 315462.791226
3.75 4.875 230394.173367
4.25 4.875 248116.802088
4.75 4.875 148870.081253
5.25 4.875 138236.50402
5.75 4.875 74435.0406264
6.25 4.875 38989.7831852
6.75 4.875 28356.2059529
7.25 4.875 10633.5772323
7.75 4.875 0.0
8.25 4.875 0.0
8.75 4.875 0.0
0.25 5.125 365086.151644
0.75 5.125 354452.574411
1.25 5.125 411164.986317
1.75 5.125 389897.831852
2.25 5.125 357997.100155
2.75 5.125 248116.802088
3.25 5.125 244572.276344
3.75 5.125 241027.7506
4.25 5.125 141781.029764
4.75 5.125 141781.029764
5.25 5.125 102791.246579
5.75 5.125 31900.731697
6.25 5.125 49623.3604176
6.75 5.125 21267.1544647
7.25 5.125 10633.5772323
7.75 5.125 0.0
8.25 5.125 0.0
8.75 5.125 0.0
0.25 5.375 269383.956553
0.75 5.375 343818.997179
1.25 5.375 308373.739738
1.75 5.375 347363.522923
2.25 5.375 265839.430808
2.75 5.375 265839.430808
3.25 5.375 241027.7506
3.75 5.375 180770.81295
4.25 5.375 109880.298067
4.75 5.375 77979.5663705
5.25 5.375 74435.0406264
5.75 5.375 31900.731697
6.25 5.375 53167.8861617
6.75 5.375 14178.1029764
7.25 5.375 3544.52574411
7.75 5.375 0.0
8.25 5.375 0.0
8.75 5.375 0.0
0.25 5.625 258750.37932
0.75 5.625 258750.37932
1.25 5.625 272928.482297
1.75 5.625 262294.905064
2.25 5.625 230394.173367
2.75 5.625 173681.761461
3.25 5.625 194948.915926
3.75 5.625 102791.246579
4.25 5.625 92157.6693469
4.75 5.625 77979.5663705
5.25 5.625 63801.463394
5.75 5.625 28356.2059529
6.25 5.625 24811.6802088
6.75 5.625 17722.6287206
7.25 5.625 0.0
7.75 5.625 0.0
8.25 5.625 0.0
8.75 5.625 0.0
0.25 5.875 173681.761461
0.75 5.875 272928.482297
1.25 5.875 230394.173367
1.75 5.875 223305.121879
2.25 5.875 131147.452532
2.75 5.875 184315.338694
3.25 5.875 152414.606997
3.75 5.875 116969.349556
4.25 5.875 102791.246579
4.75 5.875 77979.5663705
5.25 5.875 35445.2574411
5.75 5.875 31900.731697
6.25 5.875 7089.05148822
6.75 5.875 7089.05148822
7.25 5.875 0.0
7.75 5.875 0.0
8.25 5.875 0.0
8.75 5.875 0.0
0.25 6.125 219760.596135
0.75 6.125 198493.44167
1.25 6.125 216216.070391
1.75 6.125 166592.709973
2.25 6.125 138236.50402
2.75 6.125 177226.287206
3.25 6.125 120513.8753
3.75 6.125 127602.926788
4.25 6.125 60256.9376499
4.75 6.125 46078.8346735
5.25 6.125 28356.2059529
5.75 6.125 7089.05148822
6.25 6.125 3544.52574411
6.75 6.125 3544.52574411
7.25 6.125 0.0
7.75 6.125 0.0
8.25 6.125 0.0
8.75 6.125 0.0
0.25 6.375 166592.709973
0.75 6.375 148870.081253
1.25 6.375 138236.50402
1.75 6.375 124058.401044
2.25 6.375 155959.132741
2.75 6.375 102791.246579
3.25 6.375 155959.132741
3.75 6.375 81524.0921146
4.25 6.375 46078.8346735
4.75 6.375 53167.8861617
5.25 6.375 28356.2059529
5.75 6.375 7089.05148822
6.25 6.375 7089.05148822
6.75 6.375 0.0
7.25 6.375 0.0
7.75 6.375 0.0
8.25 6.375 0.0
8.75 6.375 0.0
0.25 6.625 159503.658485
0.75 6.625 170137.235717
1.25 6.625 124058.401044
1.75 6.625 124058.401044
2.25 6.625 131147.452532
2.75 6.625 88613.1436028
3.25 6.625 85068.6178587
3.75 6.625 85068.6178587
4.25 6.625 53167.8861617
4.75 6.625 28356.2059529
5.25 6.625 31900.731697
5.75 6.625 14178.1029764
6.25 6.625 7089.05148822
6.75 6.625 0.0
7.25 6.625 0.0
7.75 6.625 0.0
8.25 6.625 0.0
8.75 6.625 0.0
0.25 6.875 120513.8753
0.75 6.875 106335.772323
1.25 6.875 127602.926788
1.75 6.875 120513.8753
2.25 6.875 116969.349556
2.75 6.875 102791.246579
3.25 6.875 77979.5663705
3.75 6.875 42534.3089293
4.25 6.875 42534.3089293
4.75 6.875 17722.6287206
5.25 6.875 14178.1029764
5.75 6.875 10633.5772323
6.25 6.875 7089.05148822
6.75 6.875 0.0
7.25 6.875 0.0
7.75 6.875 0.0
8.25 6.875 0.0
8.75 6.875 0.0
0.25 7.125 99246.7208351
0.75 7.125 102791.246579
1.25 7.125 127602.926788
1.75 7.125 95702.195091
2.25 7.125 99246.7208351
2.75 7.125 67345.9891381
3.25 7.125 46078.8346735
3.75 7.125 56712.4119058
4.25 7.125 28356.2059529
4.75 7.125 24811.6802088
5.25 7.125 17722.6287206
5.75 7.125 10633.5772323
6.25 7.125 7089.05148822
6.75 7.125 0.0
7.25 7.125 0.0
7.75 7.125 0.0
8.25 7.125 0.0
8.75 7.125 0.0
0.25 7.375 102791.246579
0.75 7.375 74435.0406264
1.25 7.375 88613.1436028
1.75 7.375 92157.6693469
2.25 7.375 88613.1436028
2.75 7.375 42534.3089293
3.25 7.375 67345.9891381
3.75 7.375 53167.8861617
4.25 7.375 46078.8346735
4.75 7.375 17722.6287206
5.25 7.375 14178.1029764
5.75 7.375 7089.05148822
6.25 7.375 0.0
6.75 7.375 0.0
7.25 7.375 0.0
7.75 7.375 0.0
8.25 7.375 0.0
8.75 7.375 0.0
0.25 7.625 77979.5663705
0.75 7.625 88613.1436028
1.25 7.625 74435.0406264
1.75 7.625 46078.8346735
2.25 7.625 56712.4119058
2.75 7.625 60256.9376499
3.25 7.625 38989.7831852
3.75 7.625 31900.731697
4.25 7.625 24811.6802088
4.75 7.625 7089.05148822
5.25 7.625 7089.05148822
5.75 7.625 10633.5772323
6.25 7.625 0.0
6.75 7.625 0.0
7.25 7.625 0.0
7.75 7.625 0.0
8.25 7.625 0.0
8.75 7.625 0.0
0.25 7.875 42534.3089293
0.75 7.875 81524.0921146
1.25 7.875 67345.9891381
1.75 7.875 85068.6178587
2.25 7.875 63801.463394
2.75 7.875 67345.9891381
3.25 7.875 56712.4119058
3.75 7.875 14178.1029764
4.25 7.875 14178.1029764
4.75 7.875 17722.6287206
5.25 7.875 7089.05148822
5.75 7.875 0.0
6.25 7.875 0.0
6.75 7.875 0.0
7.25 7.875 0.0
7.75 7.875 0.0
8.25 7.875 0.0
8.75 7.875 0.0
0.25 8.125 60256.9376499
0.75 8.125 67345.9891381
1.25 8.125 67345.9891381
1.75 8.125 38989.7831852
2.25 8.125 31900.731697
2.75 8.125 31900.731697
3.25 8.125 31900.731697
3.75 8.125 28356.2059529
4.25 8.125 14178.1029764
4.75 8.125 10633.5772323
5.25 8.125 0.0
5.75 8.125 10633.5772323
6.25 8.125 0.0
6.75 8.125 0.0
7.25 8.125 0.0
7.75 8.125 0.0
8.25 8.125 0.0
8.75 8.125 0.0
0.25 8.375 46078.8346735
0.75 8.375 38989.7831852
1.25 8.375 56712.4119058
1.75 8.375 38989.7831852
2.25 8.375 24811.6802088
2.75 8.375 42534.3089293
3.25 8.375 21267.1544647
3.75 8.375 21267.1544647
4.25 8.375 21267.1544647
4.75 8.375 10633.5772323
5.25 8.375 7089.05148822
5.75 8.375 0.0
6.25 8.375 0.0
6.75 8.375 0.0
7.25 8.375 0.0
7.75 8.375 0.0
8.25 8.375 0.0
8.75 8.375 0.0
0.25 8.625 24811.6802088
0.75 8.625 46078.8346735
1.25 8.625 42534.3089293
1.75 8.625 42534.3089293
2.25 8.625 24811.6802088
2.75 8.625 28356.2059529
3.25 8.625 24811.6802088
3.75 8.625 17722.6287206
4.25 8.625 10633.5772323
4.75 8.625 3544.52574411
5.25 8.625 14178.1029764
5.75 8.625 3544.52574411
6.25 8.625 0.0
6.75 8.625 0.0
7.25 8.625 0.0
7.75 8.625 0.0
8.25 8.625 0.0
8.75 8.625 0.0
0.25 8.875 38989.7831852
0.75 8.875 21267.1544647
1.25 8.875 42534.3089293
1.75 8.875 21267.1544647
2.25 8.875 17722.6287206
2.75 8.875 38989.7831852
3.25 8.875 21267.1544647
3.75 8.875 21267.1544647
4.25 8.875 3544.52574411
4.75 8.875 10633.5772323
5.25 8.875 10633.5772323
5.75 8.875 0.0
6.25 8.875 3544.52574411
6.75 8.875 0.0
7.25 8.875 0.0
7.75 8.875 0.0
8.25 8.875 0.0
8.75 8.875 0.0
0.25 9.125 28356.2059529
0.75 9.125 38989.7831852
1.25 9.125 14178.1029764
1.75 9.125 28356.2059529
2.25 9.125 38989.7831852
2.75 9.125 14178.1029764
3.25 9.125 21267.1544647
3.75 9.125 14178.1029764
4.25 9.125 7089.05148822
4.75 9.125 0.0
5.25 9.125 3544.52574411
5.75 9.125 3544.52574411
6.25 9.125 0.0
6.75 9.125 0.0
7.25 9.125 0.0
7.75 9.125 0.0
8.25 9.125 0.0
8.75 9.125 0.0
0.25 9.375 38989.7831852
0.75 9.375 28356.2059529
1.25 9.375 35445.2574411
1.75 9.375 31900.731697
2.25 9.375 7089.05148822
2.75 9.375 28356.2059529
3.25 9.375 10633.5772323
3.75 9.375 24811.6802088
4.25 9.375 3544.52574411
4.75 9.375 3544.52574411
5.25 9.375 3544.52574411
5.75 9.375 3544.52574411
6.25 9.375 0.0
6.75 9.375 0.0
7.25 9.375 0.0
7.75 9.375 0.0
8.25 9.375 0.0
8.75 9.375 0.0
0.25 9.625 42534.3089293
0.75 9.625 21267.1544647
1.25 9.625 28356.2059529
1.75 9.625 21267.1544647
2.25 9.625 21267.1544647
2.75 9.625 31900.731697
3.25 9.625 10633.5772323
3.75 9.625 10633.5772323
4.25 9.625 14178.1029764
4.75 9.625 10633.5772323
5.25 9.625 3544.52574411
5.75 9.625 0.0
6.25 9.625 0.0
6.75 9.625 0.0
7.25 9.625 0.0
7.75 9.625 0.0
8.25 9.625 0.0
8.75 9.625 0.0
0.25 9.875 21267.1544647
0.75 9.875 10633.5772323
1.25 9.875 24811.6802088
1.75 9.875 24811.6802088
2.25 9.875 42534.3089293
2.75 9.875 17722.6287206
3.25 9.875 17722.6287206
3.75 9.875 7089.05148822
4.25 9.875 7089.05148822
4.75 9.875 0.0
5.25 9.875 10633.5772323
5.75 9.875 0.0
6.25 9.875 0.0
6.75 9.875 0.0
7.25 9.875 0.0
7.75 9.875 0.0
8.25 9.875 0.0
8.75 9.875 0.0
0.25 10.125 3544.52574411
0.75 10.125 14178.1029764
1.25 10.125 10633.5772323
1.75 10.125 17722.6287206
2.25 10.125 10633.5772323
2.75 10.125 17722.6287206
3.25 10.125 14178.1029764
3.75 10.125 3544.52574411
4.25 10.125 0.0
4.75 10.125 0.0
5.25 10.125 0.0
5.75 10.125 0.0
6.25 10.125 0.0
6.75 10.125 0.0
7.25 10.125 0.0
7.75 10.125 0.0
8.25 10.125 0.0
8.75 10.125 0.0
0.25 10.375 24811.6802088
0.75 10.375 14178.1029764
1.25 10.375 24811.6802088
1.75 10.375 21267.1544647
2.25 10.375 17722.6287206
2.75 10.375 24811.6802088
3.25 10.375 7089.05148822
3.75 10.375 7089.05148822
4.25 10.375 3544.52574411
4.75 10.375 3544.52574411
5.25 10.375 0.0
5.75 10.375 0.0
6.25 10.375 3544.52574411
6.75 10.375 0.0
7.25 10.375 0.0
7.75 10.375 0.0
8.25 10.375 0.0
8.75 10.375 0.0
0.25 10.625 14178.1029764
0.75 10.625 10633.5772323
1.25 10.625 10633.5772323
1.75 10.625 28356.2059529
2.25 10.625 21267.1544647
2.75 10.625 3544.52574411
3.25 10.625 10633.5772323
3.75 10.625 0.0
4.25 10.625 0.0
4.75 10.625 0.0
5.25 10.625 3544.52574411
5.75 10.625 0.0
6.25 10.625 0.0
6.75 10.625 0.0
7.25 10.625 0.0
7.75 10.625 0.0
8.25 10.625 0.0
8.75 10.625 0.0
0.25 10.875 28356.2059529
0.75 10.875 10633.5772323
1.25 10.875 21267.1544647
1.75 10.875 7089.05148822
2.25 10.875 7089.05148822
2.75 10.875 0.0
3.25 10.875 7089.05148822
3.75 10.875 10633.5772323
4.25 10.875 3544.52574411
4.75 10.875 0.0
5.25 10.875 0.0
5.75 10.875 0.0
6.25 10.875 0.0
6.75 10.875 0.0
7.25 10.875 0.0
7.75 10.875 0.0
8.25 10.875 0.0
8.75 10.875 0.0
0.25 11.125 3544.52574411
0.75 11.125 3544.52574411
1.25 11.125 3544.52574411
1.75 11.125 7089.05148822
2.25 11.125 10633.5772323
2.75 11.125 14178.1029764
3.25 11.125 10633.5772323
3.75 11.125 3544.52574411
4.25 11.125 3544.52574411
4.75 11.125 3544.52574411
5.25 11.125 0.0
5.75 11.125 0.0
6.25 11.125 0.0
6.75 11.125 0.0
7.25 11.125 0.0
7.75 11.125 0.0
8.25 11.125 0.0
8.75 11.125 0.0
0.25 11.375 14178.1029764
0.75 11.375 14178.1029764
1.25 11.375 10633.5772323
1.75 11.375 0.0
2.25 11.375 3544.52574411
2.75 11.375 14178.1029764
3.25 11.375 7089.05148822
3.75 11.375 7089.05148822
4.25 11.375 3544.52574411
4.75 11.375 3544.52574411
5.25 11.375 0.0
5.75 11.375 0.0
6.25 11.375 0.0
6.75 11.375 0.0
7.25 11.375 0.0
7.75 11.375 0.0
8.25 11.375 0.0
8.75 11.375 0.0
0.25 11.625 10633.5772323
0.75 11.625 14178.1029764
1.25 11.625 10633.5772323
1.75 11.625 0.0
2.25 11.625 17722.6287206
2.75 11.625 0.0
3.25 11.625 10633.5772323
3.75 11.625 3544.52574411
4.25 11.625 3544.52574411
4.75 11.625 0.0
5.25 11.625 0.0
5.75 11.625 0.0
6.25 11.625 0.0
6.75 11.625 0.0
7.25 11.625 0.0
7.75 11.625 0.0
8.25 11.625 0.0
8.75 11.625 0.0
0.25 11.875 3544.52574411
0.75 11.875 3544.52574411
1.25 11.875 17722.6287206
1.75 11.875 10633.5772323
2.25 11.875 3544.52574411
2.75 11.875 3544.52574411
3.25 11.875 10633.5772323
3.75 11.875 3544.52574411
4.25 11.875 3544.52574411
4.75 11.875 0.0
5.25 11.875 0.0
5.75 11.875 0.0
6.25 11.875 0.0
6.75 11.875 0.0
7.25 11.875 0.0
7.75 11.875 0.0
8.25 11.875 0.0
8.75 11.875 0.0
0.25 12.125 7089.05148822
0.75 12.125 7089.05148822
1.25 12.125 0.0
1.75 12.125 10633.5772323
2.25 12.125 3544.52574411
2.75 12.125 10633.5772323
3.25 12.125 3544.52574411
3.75 12.125 3544.52574411
4.25 12.125 3544.52574411
4.75 12.125 3544.52574411
5.25 12.125 0.0
5.75 12.125 0.0
6.25 12.125 0.0
6.75 12.125 0.0
7.25 12.125 0.0
7.75 12.125 0.0
8.25 12.125 0.0
8.75 12.125 0.0
0.25 12.375 14178.1029764
0.75 12.375 10633.5772323
1.25 12.375 14178.1029764
1.75 12.375 0.0
2.25 12.375 0.0
2.75 12.375 7089.05148822
3.25 12.375 14178.1029764
3.75 12.375 0.0
4.25 12.375 7089.05148822
4.75 12.375 0.0
5.25 12.375 0.0
5.75 12.375 0.0
6.25 12.375 0.0
6.75 12.375 0.0
7.25 12.375 0.0
7.75 12.375 0.0
8.25 12.375 0.0
8.75 12.375 0.0
0.25 12.625 7089.05148822
0.75 12.625 3544.52574411
1.25 12.625 10633.5772323
1.75 12.625 3544.52574411
2.25 12.625 7089.05148822
2.75 12.625 7089.05148822
3.25 12.625 0.0
3.75 12.625 0.0
4.25 12.625 3544.52574411
4.75 12.625 0.0
5.25 12.625 0.0
5.75 12.625 0.0
6.25 12.625 0.0
6.75 12.625 0.0
7.25 12.625 0.0
7.75 12.625 0.0
8.25 12.625 0.0
8.75 12.625 0.0
0.25 12.875 3544.52574411
0.75 12.875 3544.52574411
1.25 12.875 3544.52574411
1.75 12.875 7089.05148822
2.25 12.875 0.0
2.75 12.875 3544.52574411
3.25 12.875 0.0
3.75 12.875 3544.52574411
4.25 12.875 0.0
4.75 12.875 3544.52574411
5.25 12.875 0.0
5.75 12.875 0.0
6.25 12.875 0.0
6.75 12.875 0.0
7.25 12.875 0.0
7.75 12.875 0.0
8.25 12.875 0.0
8.75 12.875 0.0
0.25 13.125 0.0
0.75 13.125 7089.05148822
1.25 13.125 0.0
1.75 13.125 10633.5772323
2.25 13.125 0.0
2.75 13.125 10633.5772323
3.25 13.125 3544.52574411
3.75 13.125 0.0
4.25 13.125 0.0
4.75 13.125 0.0
5.25 13.125 0.0
5.75 13.125 0.0
6.25 13.125 0.0
6.75 13.125 0.0
7.25 13.125 0.0
7.75 13.125 0.0
8.25 13.125 0.0
8.75 13.125 0.0
0.25 13.375 7089.05148822
0.75 13.375 7089.05148822
1.25 13.375 3544.52574411
1.75 13.375 3544.52574411
2.25 13.375 3544.52574411
2.75 13.375 7089.05148822
3.25 13.375 3544.52574411
3.75 13.375 0.0
4.25 13.375 3544.52574411
4.75 13.375 0.0
5.25 13.375 0.0
5.75 13.375 0.0
6.25 13.375 0.0
6.75 13.375 0.0
7.25 13.375 0.0
7.75 13.375 0.0
8.25 13.375 0.0
8.75 13.375 0.0
0.25 13.625 3544.52574411
0.75 13.625 0.0
1.25 13.625 3544.52574411
1.75 13.625 0.0
2.25 13.625 3544.52574411
2.75 13.625 7089.05148822
3.25 13.625 0.0
3.75 13.625 0.0
4.25 13.625 0.0
4.75 13.625 0.0
5.25 13.625 0.0
5.75 13.625 0.0
6.25 13.625 0.0
6.75 13.625 0.0
7.25 13.625 0.0
7.75 13.625 0.0
8.25 13.625 0.0
8.75 13.625 0.0
0.25 13.875 3544.52574411
0.75 13.875 3544.52574411
1.25 13.875 0.0
1.75 13.875 7089.05148822
2.25 13.875 0.0
2.75 13.875 0.0
3.25 13.875 3544.52574411
3.75 13.875 7089.05148822
4.25 13.875 3544.52574411
4.75 13.875 0.0
5.25 13.875 0.0
5.75 13.875 0.0
6.25 13.875 0.0
6.75 13.875 0.0
7.25 13.875 0.0
7.75 13.875 0.0
8.25 13.875 0.0
8.75 13.875 0.0
0.25 14.125 3544.52574411
0.75 14.125 3544.52574411
1.25 14.125 3544.52574411
1.75 14.125 0.0
2.25 14.125 3544.52574411
2.75 14.125 7089.05148822
3.25 14.125 3544.52574411
3.75 14.125 0.0
4.25 14.125 0.0
4.75 14.125 0.0
5.25 14.125 0.0
5.75 14.125 0.0
6.25 14.125 0.0
6.75 14.125 0.0
7.25 14.125 0.0
7.75 14.125 0.0
8.25 14.125 0.0
8.75 14.125 0.0
0.25 14.375 7089.05148822
0.75 14.375 3544.52574411
1.25 14.375 7089.05148822
1.75 14.375 3544.52574411
2.25 14.375 0.0
2.75 14.375 0.0
3.25 14.375 3544.52574411
3.75 14.375 0.0
4.25 14.375 0.0
4.75 14.375 0.0
5.25 14.375 0.0
5.75 14.375 0.0
6.25 14.375 0.0
6.75 14.375 0.0
7.25 14.375 0.0
7.75 14.375 0.0
8.25 14.375 0.0
8.75 14.375 0.0
0.25 14.625 7089.05148822
0.75 14.625 7089.05148822
1.25 14.625 7089.05148822
1.75 14.625 0.0
2.25 14.625 3544.52574411
2.75 14.625 3544.52574411
3.25 14.625 0.0
3.75 14.625 0.0
4.25 14.625 3544.52574411
4.75 14.625 0.0
5.25 14.625 0.0
5.75 14.625 0.0
6.25 14.625 0.0
6.75 14.625 0.0
7.25 14.625 0.0
7.75 14.625 0.0
8.25 14.625 0.0
8.75 14.625 0.0
0.25 14.875 7089.05148822
0.75 14.875 0.0
1.25 14.875 3544.52574411
1.75 14.875 3544.52574411
2.25 14.875 7089.05148822
2.75 14.875 0.0
3.25 14.875 0.0
3.75 14.875 3544.52574411
4.25 14.875 0.0
4.75 14.875 0.0
5.25 14.875 0.0
5.75 14.875 3544.52574411
6.25 14.875 0.0
6.75 14.875 0.0
7.25 14.875 0.0
7.75 14.875 0.0
8.25 14.875 0.0
8.75 14.875 0.0
0.25 15.125 10633.5772323
0.75 15.125 3544.52574411
1.25 15.125 0.0
1.75 15.125 0.0
2.25 15.125 3544.52574411
2.75 15.125 3544.52574411
3.25 15.125 0.0
3.75 15.125 0.0
4.25 15.125 0.0
4.75 15.125 0.0
5.25 15.125 0.0
5.75 15.125 0.0
6.25 15.125 0.0
6.75 15.125 0.0
7.25 15.125 0.0
7.75 15.125 0.0
8.25 15.125 0.0
8.75 15.125 0.0
0.25 15.375 0.0
0.75 15.375 0.0
1.25 15.375 7089.05148822
1.75 15.375 0.0
2.25 15.375 0.0
2.75 15.375 0.0
3.25 15.375 0.0
3.75 15.375 3544.52574411
4.25 15.375 0.0
4.75 15.375 0.0
5.25 15.375 0.0
5.75 15.375 0.0
6.25 15.375 0.0
6.75 15.375 0.0
7.25 15.375 0.0
7.75 15.375 0.0
8.25 15.375 0.0
8.75 15.375 0.0
0.25 15.625 0.0
0.75 15.625 3544.52574411
1.25 15.625 3544.52574411
1.75 15.625 0.0
2.25 15.625 0.0
2.75 15.625 3544.52574411
3.25 15.625 0.0
3.75 15.625 0.0
4.25 15.625 0.0
4.75 15.625 0.0
5.25 15.625 0.0
5.75 15.625 0.0
6.25 15.625 0.0
6.75 15.625 0.0
7.25 15.625 0.0
7.75 15.625 0.0
8.25 15.625 0.0
8.75 15.625 0.0
0.25 15.875 0.0
0.75 15.875 0.0
1.25 15.875 3544.52574411
1.75 15.875 0.0
2.25 15.875 0.0
2.75 15.875 3544.52574411
3.25 15.875 0.0
3.75 15.875 0.0
4.25 15.875 0.0
4.75 15.875 0.0
5.25 15.875 0.0
5.75 15.875 0.0
6.25 15.875 0.0
6.75 15.875 0.0
7.25 15.875 0.0
7.75 15.875 0.0
8.25 15.875 0.0
8.75 15.875 0.0
0.25 16.125 3544.52574411
0.75 16.125 3544.52574411
1.25 16.125 3544.52574411
1.75 16.125 3544.52574411
2.25 16.125 0.0
2.75 16.125 0.0
3.25 16.125 0.0
3.75 16.125 0.0
4.25 16.125 0.0
4.75 16.125 3544.52574411
5.25 16.125 0.0
5.75 16.125 0.0
6.25 16.125 0.0
6.75 16.125 0.0
7.25 16.125 0.0
7.75 16.125 0.0
8.25 16.125 0.0
8.75 16.125 0.0
0.25 16.375 0.0
0.75 16.375 0.0
1.25 16.375 3544.52574411
1.75 16.375 3544.52574411
2.25 16.375 0.0
2.75 16.375 0.0
3.25 16.375 0.0
3.75 16.375 0.0
4.25 16.375 0.0
4.75 16.375 0.0
5.25 16.375 0.0
5.75 16.375 0.0
6.25 16.375 0.0
6.75 16.375 0.0
7.25 16.375 0.0
7.75 16.375 0.0
8.25 16.375 0.0
8.75 16.375 0.0
0.25 16.625 0.0
0.75 16.625 3544.52574411
1.25 16.625 0.0
1.75 16.625 0.0
2.25 16.625 0.0
2.75 16.625 3544.52574411
3.25 16.625 0.0
3.75 16.625 0.0
4.25 16.625 0.0
4.75 16.625 0.0
5.25 16.625 0.0
5.75 16.625 0.0
6.25 16.625 0.0
6.75 16.625 0.0
7.25 16.625 0.0
7.75 16.625 0.0
8.25 16.625 0.0
8.75 16.625 0.0
0.25 16.875 0.0
0.75 16.875 3544.52574411
1.25 16.875 0.0
1.75 16.875 0.0
2.25 16.875 0.0
2.75 16.875 0.0
3.25 16.875 3544.52574411
3.75 16.875 0.0
4.25 16.875 0.0
4.75 16.875 0.0
5.25 16.875 0.0
5.75 16.875 0.0
6.25 16.875 0.0
6.75 16.875 0.0
7.25 16.875 0.0
7.75 16.875 0.0
8.25 16.875 0.0
8.75 16.875 0.0
0.25 17.125 0.0
0.75 17.125 3544.52574411
1.25 17.125 3544.52574411
1.75 17.125 3544.52574411
2.25 17.125 0.0
2.75 17.125 0.0
3.25 17.125 0.0
3.75 17.125 0.0
4.25 17.125 0.0
4.75 17.125 0.0
5.25 17.125 0.0
5.75 17.125 0.0
6.25 17.125 0.0
6.75 17.125 0.0
7.25 17.125 0.0
7.75 17.125 0.0
8.25 17.125 0.0
8.75 17.125 0.0
0.25 17.375 0.0
0.75 17.375 0.0
1.25 17.375 0.0
1.75 17.375 3544.52574411
2.25 17.375 0.0
2.75 17.375 0.0
3.25 17.375 0.0
3.75 17.375 0.0
4.25 17.375 0.0
4.75 17.375 0.0
5.25 17.375 0.0
5.75 17.375 0.0
6.25 17.375 0.0
6.75 17.375 0.0
7.25 17.375 0.0
7.75 17.375 0.0
8.25 17.375 0.0
8.75 17.375 0.0
0.25 17.625 0.0
0.75 17.625 3544.52574411
1.25 17.625 0.0
1.75 17.625 0.0
2.25 17.625 0.0
2.75 17.625 0.0
3.25 17.625 0.0
3.75 17.625 0.0
4.25 17.625 0.0
4.75 17.625 0.0
5.25 17.625 0.0
5.75 17.625 0.0
6.25 17.625 0.0
6.75 17.625 0.0
7.25 17.625 0.0
7.75 17.625 0.0
8.25 17.625 0.0
8.75 17.625 0.0
0.25 17.875 0.0
0.75 17.875 0.0
1.25 17.875 0.0
1.75 17.875 0.0
2.25 17.875 3544.52574411
2.75 17.875 0.0
3.25 17.875 0.0
3.75 17.875 0.0
4.25 17.875 3544.52574411
4.75 17.875 0.0
5.25 17.875 0.0
5.75 17.875 0.0
6.25 17.875 0.0
6.75 17.875 0.0
7.25 17.875 0.0
7.75 17.875 0.0
8.25 17.875 0.0
8.75 17.875 0.0
0.25 18.125 0.0
0.75 18.125 0.0
1.25 18.125 3544.52574411
1.75 18.125 0.0
2.25 18.125 0.0
2.75 18.125 0.0
3.25 18.125 0.0
3.75 18.125 0.0
4.25 18.125 0.0
4.75 18.125 0.0
5.25 18.125 0.0
5.75 18.125 0.0
6.25 18.125 0.0
6.75 18.125 0.0
7.25 18.125 0.0
7.75 18.125 0.0
8.25 18.125 0.0
8.75 18.125 0.0
0.25 18.375 0.0
0.75 18.375 3544.52574411
1.25 18.375 0.0
1.75 18.375 0.0
2.25 18.375 0.0
2.75 18.375 0.0
3.25 18.375 0.0
3.75 18.375 0.0
4.25 18.375 0.0
4.75 18.375 0.0
5.25 18.375 0.0
5.75 18.375 0.0
6.25 18.375 0.0
6.75 18.375 0.0
7.25 18.375 0.0
7.75 18.375 0.0
8.25 18.375 0.0
8.75 18.375 0.0
0.25 18.625 0.0
0.75 18.625 0.0
1.25 18.625 0.0
1.75 18.625 0.0
2.25 18.625 0.0
2.75 18.625 0.0
3.25 18.625 0.0
3.75 18.625 0.0
4.25 18.625 0.0
4.75 18.625 0.0
5.25 18.625 0.0
5.75 18.625 0.0
6.25 18.625 0.0
6.75 18.625 0.0
7.25 18.625 0.0
7.75 18.625 0.0
8.25 18.625 0.0
8.75 18.625 0.0
0.25 18.875 3544.52574411
0.75 18.875 7089.05148822
1.25 18.875 0.0
1.75 18.875 0.0
2.25 18.875 0.0
2.75 18.875 0.0
3.25 18.875 0.0
3.75 18.875 0.0
4.25 18.875 0.0
4.75 18.875 0.0
5.25 18.875 0.0
5.75 18.875 0.0
6.25 18.875 0.0
6.75 18.875 0.0
7.25 18.875 0.0
7.75 18.875 0.0
8.25 18.875 0.0
8.75 18.875 0.0
0.25 19.125 3544.52574411
0.75 19.125 0.0
1.25 19.125 0.0
1.75 19.125 7089.05148822
2.25 19.125 0.0
2.75 19.125 0.0
3.25 19.125 0.0
3.75 19.125 0.0
4.25 19.125 0.0
4.75 19.125 0.0
5.25 19.125 0.0
5.75 19.125 0.0
6.25 19.125 0.0
6.75 19.125 0.0
7.25 19.125 0.0
7.75 19.125 0.0
8.25 19.125 0.0
8.75 19.125 0.0
0.25 19.375 0.0
0.75 19.375 3544.52574411
1.25 19.375 0.0
1.75 19.375 0.0
2.25 19.375 0.0
2.75 19.375 0.0
3.25 19.375 0.0
3.75 19.375 0.0
4.25 19.375 0.0
4.75 19.375 0.0
5.25 19.375 0.0
5.75 19.375 0.0
6.25 19.375 0.0
6.75 19.375 0.0
7.25 19.375 0.0
7.75 19.375 0.0
8.25 19.375 0.0
8.75 19.375 0.0
0.25 19.625 0.0
0.75 19.625 0.0
1.25 19.625 0.0
1.75 19.625 0.0
2.25 19.625 0.0
2.75 19.625 0.0
3.25 19.625 0.0
3.75 19.625 0.0
4.25 19.625 0.0
4.75 19.625 0.0
5.25 19.625 0.0
5.75 19.625 0.0
6.25 19.625 0.0
6.75 19.625 0.0
7.25 19.625 0.0
7.75 19.625 0.0
8.25 19.625 0.0
8.75 19.625 0.0
0.25 19.875 0.0
0.75 19.875 0.0
1.25 19.875 0.0
1.75 19.875 0.0
2.25 19.875 0.0
2.75 19.875 0.0
3.25 19.875 0.0
3.75 19.875 0.0
4.25 19.875 0.0
4.75 19.875 0.0
5.25 19.875 0.0
5.75 19.875 0.0
6.25 19.875 0.0
6.75 19.875 0.0
7.25 19.875 0.0
7.75 19.875 0.0
8.25 19.875 0.0
8.75 19.875 0.0
0.25 20.125 0.0
0.75 20.125 0.0
1.25 20.125 0.0
1.75 20.125 3544.52574411
2.25 20.125 0.0
2.75 20.125 0.0
3.25 20.125 0.0
3.75 20.125 0.0
4.25 20.125 0.0
4.75 20.125 0.0
5.25 20.125 0.0
5.75 20.125 0.0
6.25 20.125 0.0
6.75 20.125 0.0
7.25 20.125 0.0
7.75 20.125 0.0
8.25 20.125 0.0
8.75 20.125 0.0
0.25 20.375 0.0
0.75 20.375 0.0
1.25 20.375 0.0
1.75 20.375 0.0
2.25 20.375 0.0
2.75 20.375 0.0
3.25 20.375 0.0
3.75 20.375 0.0
4.25 20.375 0.0
4.75 20.375 0.0
5.25 20.375 0.0
5.75 20.375 0.0
6.25 20.375 0.0
6.75 20.375 0.0
7.25 20.375 0.0
7.75 20.375 0.0
8.25 20.375 0.0
8.75 20.375 0.0
0.25 20.625 0.0
0.75 20.625 0.0
1.25 20.625 3544.52574411
1.75 20.625 0.0
2.25 20.625 3544.52574411
2.75 20.625 0.0
3.25 20.625 0.0
3.75 20.625 0.0
4.25 20.625 0.0
4.75 20.625 0.0
5.25 20.625 0.0
5.75 20.625 0.0
6.25 20.625 0.0
6.75 20.625 0.0
7.25 20.625 0.0
7.75 20.625 0.0
8.25 20.625 0.0
8.75 20.625 0.0
0.25 20.875 0.0
0.75 20.875 0.0
1.25 20.875 0.0
1.75 20.875 0.0
2.25 20.875 0.0
2.75 20.875 0.0
3.25 20.875 0.0
3.75 20.875 0.0
4.25 20.875 0.0
4.75 20.875 0.0
5.25 20.875 0.0
5.75 20.875 0.0
6.25 20.875 0.0
6.75 20.875 0.0
7.25 20.875 0.0
7.75 20.875 0.0
8.25 20.875 0.0
8.75 20.875 0.0
0.25 21.125 0.0
0.75 21.125 0.0
1.25 21.125 3544.52574411
1.75 21.125 0.0
2.25 21.125 0.0
2.75 21.125 0.0
3.25 21.125 0.0
3.75 21.125 0.0
4.25 21.125 0.0
4.75 21.125 0.0
5.25 21.125 0.0
5.75 21.125 0.0
6.25 21.125 0.0
6.75 21.125 0.0
7.25 21.125 0.0
7.75 21.125 0.0
8.25 21.125 0.0
8.75 21.125 0.0
0.25 21.375 0.0
0.75 21.375 0.0
1.25 21.375 3544.52574411
1.75 21.375 0.0
2.25 21.375 0.0
2.75 21.375 0.0
3.25 21.375 0.0
3.75 21.375 0.0
4.25 21.375 3544.52574411
4.75 21.375 0.0
5.25 21.375 0.0
5.75 21.375 0.0
6.25 21.375 0.0
6.75 21.375 0.0
7.25 21.375 0.0
7.75 21.375 0.0
8.25 21.375 0.0
8.75 21.375 0.0
0.25 21.625 0.0
0.75 21.625 3544.52574411
1.25 21.625 0.0
1.75 21.625 0.0
2.25 21.625 0.0
2.75 21.625 0.0
3.25 21.625 0.0
3.75 21.625 0.0
4.25 21.625 0.0
4.75 21.625 0.0
5.25 21.625 0.0
5.75 21.625 0.0
6.25 21.625 0.0
6.75 21.625 0.0
7.25 21.625 0.0
7.75 21.625 0.0
8.25 21.625 0.0
8.75 21.625 0.0
0.25 21.875 0.0
0.75 21.875 3544.52574411
1.25 21.875 0.0
1.75 21.875 0.0
2.25 21.875 0.0
2.75 21.875 0.0
3.25 21.875 0.0
3.75 21.875 0.0
4.25 21.875 0.0
4.75 21.875 0.0
5.25 21.875 0.0
5.75 21.875 0.0
6.25 21.875 0.0
6.75 21.875 0.0
7.25 21.875 0.0
7.75 21.875 0.0
8.25 21.875 0.0
8.75 21.875 0.0
0.25 22.125 0.0
0.75 22.125 0.0
1.25 22.125 3544.52574411
1.75 22.125 0.0
2.25 22.125 0.0
2.75 22.125 0.0
3.25 22.125 0.0
3.75 22.125 0.0
4.25 22.125 0.0
4.75 22.125 0.0
5.25 22.125 0.0
5.75 22.125 0.0
6.25 22.125 0.0
6.75 22.125 0.0
7.25 22.125 0.0
7.75 22.125 0.0
8.25 22.125 0.0
8.75 22.125 0.0
0.25 22.375 0.0
0.75 22.375 0.0
1.25 22.375 0.0
1.75 22.375 0.0
2.25 22.375 0.0
2.75 22.375 0.0
3.25 22.375 0.0
3.75 22.375 0.0
4.25 22.375 0.0
4.75 22.375 0.0
5.25 22.375 0.0
5.75 22.375 0.0
6.25 22.375 0.0
6.75 22.375 0.0
7.25 22.375 0.0
7.75 22.375 0.0
8.25 22.375 0.0
8.75 22.375 0.0
0.25 22.625 0.0
0.75 22.625 0.0
1.25 22.625 0.0
1.75 22.625 0.0
2.25 22.625 0.0
2.75 22.625 0.0
3.25 22.625 0.0
3.75 22.625 0.0
4.25 22.625 0.0
4.75 22.625 0.0
5.25 22.625 0.0
5.75 22.625 0.0
6.25 22.625 0.0
6.75 22.625 0.0
7.25 22.625 0.0
7.75 22.625 0.0
8.25 22.625 0.0
8.75 22.625 0.0
0.25 22.875 0.0
0.75 22.875 0.0
1.25 22.875 0.0
1.75 22.875 0.0
2.25 22.875 0.0
2.75 22.875 0.0
3.25 22.875 0.0
3.75 22.875 0.0
4.25 22.875 0.0
4.75 22.875 0.0
5.25 22.875 0.0
5.75 22.875 0.0
6.25 22.875 0.0
6.75 22.875 0.0
7.25 22.875 0.0
7.75 22.875 0.0
8.25 22.875 0.0
8.75 22.875 0.0
0.25 23.125 0.0
0.75 23.125 0.0
1.25 23.125 0.0
1.75 23.125 0.0
2.25 23.125 0.0
2.75 23.125 0.0
3.25 23.125 0.0
3.75 23.125 0.0
4.25 23.125 0.0
4.75 23.125 0.0
5.25 23.125 0.0
5.75 23.125 0.0
6.25 23.125 0.0
6.75 23.125 0.0
7.25 23.125 0.0
7.75 23.125 0.0
8.25 23.125 0.0
8.75 23.125 0.0
0.25 23.375 0.0
0.75 23.375 0.0
1.25 23.375 0.0
1.75 23.375 0.0
2.25 23.375 0.0
2.75 23.375 0.0
3.25 23.375 0.0
3.75 23.375 0.0
4.25 23.375 0.0
4.75 23.375 0.0
5.25 23.375 0.0
5.75 23.375 0.0
6.25 23.375 0.0
6.75 23.375 0.0
7.25 23.375 0.0
7.75 23.375 0.0
8.25 23.375 0.0
8.75 23.375 0.0
0.25 23.625 0.0
0.75 23.625 0.0
1.25 23.625 0.0
1.75 23.625 3544.52574411
2.25 23.625 0.0
2.75 23.625 0.0
3.25 23.625 0.0
3.75 23.625 0.0
4.25 23.625 0.0
4.75 23.625 0.0
5.25 23.625 0.0
5.75 23.625 0.0
6.25 23.625 0.0
6.75 23.625 0.0
7.25 23.625 0.0
7.75 23.625 0.0
8.25 23.625 0.0
8.75 23.625 0.0
0.25 23.875 0.0
0.75 23.875 0.0
1.25 23.875 0.0
1.75 23.875 0.0
2.25 23.875 0.0
2.75 23.875 0.0
3.25 23.875 0.0
3.75 23.875 0.0
4.25 23.875 0.0
4.75 23.875 0.0
5.25 23.875 0.0
5.75 23.875 0.0
6.25 23.875 0.0
6.75 23.875 0.0
7.25 23.875 0.0
7.75 23.875 0.0
8.25 23.875 0.0
8.75 23.875 0.0
0.25 24.125 0.0
0.75 24.125 0.0
1.25 24.125 0.0
1.75 24.125 0.0
2.25 24.125 0.0
2.75 24.125 0.0
3.25 24.125 0.0
3.75 24.125 0.0
4.25 24.125 0.0
4.75 24.125 0.0
5.25 24.125 0.0
5.75 24.125 0.0
6.25 24.125 0.0
6.75 24.125 0.0
7.25 24.125 0.0
7.75 24.125 0.0
8.25 24.125 0.0
8.75 24.125 0.0
0.25 24.375 0.0
0.75 24.375 0.0
1.25 24.375 0.0
1.75 24.375 0.0
2.25 24.375 0.0
2.75 24.375 0.0
3.25 24.375 0.0
3.75 24.375 0.0
4.25 24.375 0.0
4.75 24.375 0.0
5.25 24.375 0.0
5.75 24.375 0.0
6.25 24.375 0.0
6.75 24.375 0.0
7.25 24.375 0.0
7.75 24.375 0.0
8.25 24.375 0.0
8.75 24.375 0.0
0.25 24.625 0.0
0.75 24.625 0.0
1.25 24.625 0.0
1.75 24.625 0.0
2.25 24.625 0.0
2.75 24.625 0.0
3.25 24.625 0.0
3.75 24.625 0.0
4.25 24.625 0.0
4.75 24.625 0.0
5.25 24.625 0.0
5.75 24.625 0.0
6.25 24.625 0.0
6.75 24.625 0.0
7.25 24.625 0.0
7.75 24.625 0.0
8.25 24.625 0.0
8.75 24.625 0.0
0.25 24.875 0.0
0.75 24.875 3544.52574411
1.25 24.875 0.0
1.75 24.875 0.0
2.25 24.875 0.0
2.75 24.875 0.0
3.25 24.875 0.0
3.75 24.875 0.0
4.25 24.875 0.0
4.75 24.875 0.0
5.25 24.875 0.0
5.75 24.875 0.0
6.25 24.875 0.0
6.75 24.875 0.0
7.25 24.875 0.0
7.75 24.875 0.0
8.25 24.875 0.0
8.75 24.875 0.0
0.25 25.125 0.0
0.75 25.125 0.0
1.25 25.125 0.0
1.75 25.125 0.0
2.25 25.125 0.0
2.75 25.125 0.0
3.25 25.125 0.0
3.75 25.125 0.0
4.25 25.125 0.0
4.75 25.125 0.0
5.25 25.125 0.0
5.75 25.125 0.0
6.25 25.125 0.0
6.75 25.125 0.0
7.25 25.125 0.0
7.75 25.125 0.0
8.25 25.125 0.0
8.75 25.125 0.0
0.25 25.375 0.0
0.75 25.375 0.0
1.25 25.375 0.0
1.75 25.375 0.0
2.25 25.375 0.0
2.75 25.375 0.0
3.25 25.375 0.0
3.75 25.375 0.0
4.25 25.375 0.0
4.75 25.375 0.0
5.25 25.375 0.0
5.75 25.375 0.0
6.25 25.375 0.0
6.75 25.375 0.0
7.25 25.375 0.0
7.75 25.375 0.0
8.25 25.375 0.0
8.75 25.375 0.0
0.25 25.625 0.0
0.75 25.625 0.0
1.25 25.625 0.0
1.75 25.625 0.0
2.25 25.625 0.0
2.75 25.625 0.0
3.25 25.625 3544.52574411
3.75 25.625 0.0
4.25 25.625 0.0
4.75 25.625 0.0
5.25 25.625 0.0
5.75 25.625 0.0
6.25 25.625 0.0
6.75 25.625 0.0
7.25 25.625 0.0
7.75 25.625 0.0
8.25 25.625 0.0
8.75 25.625 0.0
0.25 25.875 0.0
0.75 25.875 0.0
1.25 25.875 0.0
1.75 25.875 0.0
2.25 25.875 0.0
2.75 25.875 0.0
3.25 25.875 0.0
3.75 25.875 0.0
4.25 25.875 0.0
4.75 25.875 0.0
5.25 25.875 0.0
5.75 25.875 0.0
6.25 25.875 0.0
6.75 25.875 0.0
7.25 25.875 0.0
7.75 25.875 0.0
8.25 25.875 0.0
8.75 25.875 0.0
0.25 26.125 0.0
0.75 26.125 0.0
1.25 26.125 0.0
1.75 26.125 0.0
2.25 26.125 0.0
2.75 26.125 0.0
3.25 26.125 0.0
3.75 26.125 0.0
4.25 26.125 0.0
4.75 26.125 0.0
5.25 26.125 0.0
5.75 26.125 0.0
6.25 26.125 0.0
6.75 26.125 0.0
7.25 26.125 0.0
7.75 26.125 0.0
8.25 26.125 0.0
8.75 26.125 0.0
0.25 26.375 0.0
0.75 26.375 0.0
1.25 26.375 0.0
1.75 26.375 0.0
2.25 26.375 3544.52574411
2.75 26.375 0.0
3.25 26.375 0.0
3.75 26.375 0.0
4.25 26.375 0.0
4.75 26.375 0.0
5.25 26.375 0.0
5.75 26.375 0.0
6.25 26.375 0.0
6.75 26.375 0.0
7.25 26.375 0.0
7.75 26.375 0.0
8.25 26.375 0.0
8.75 26.375 0.0
0.25 26.625 0.0
0.75 26.625 0.0
1.25 26.625 0.0
1.75 26.625 0.0
2.25 26.625 0.0
2.75 26.625 0.0
3.25 26.625 0.0
3.75 26.625 0.0
4.25 26.625 0.0
4.75 26.625 0.0
5.25 26.625 0.0
5.75 26.625 0.0
6.25 26.625 0.0
6.75 26.625 0.0
7.25 26.625 0.0
7.75 26.625 0.0
8.25 26.625 0.0
8.75 26.625 0.0
0.25 26.875 0.0
0.75 26.875 0.0
1.25 26.875 0.0
1.75 26.875 0.0
2.25 26.875 0.0
2.75 26.875 0.0
3.25 26.875 0.0
3.75 26.875 0.0
4.25 26.875 0.0
4.75 26.875 0.0
5.25 26.875 0.0
5.75 26.875 0.0
6.25 26.875 0.0
6.75 26.875 0.0
7.25 26.875 0.0
7.75 26.875 0.0
8.25 26.875 0.0
8.75 26.875 0.0
0.25 27.125 0.0
0.75 27.125 0.0
1.25 27.125 0.0
1.75 27.125 0.0
2.25 27.125 0.0
2.75 27.125 0.0
3.25 27.125 0.0
3.75 27.125 0.0
4.25 27.125 0.0
4.75 27.125 0.0
5.25 27.125 0.0
5.75 27.125 0.0
6.25 27.125 0.0
6.75 27.125 0.0
7.25 27.125 0.0
7.75 27.125 0.0
8.25 27.125 0.0
8.75 27.125 0.0
0.25 27.375 0.0
0.75 27.375 0.0
1.25 27.375 0.0
1.75 27.375 0.0
2.25 27.375 0.0
2.75 27.375 0.0
3.25 27.375 0.0
3.75 27.375 0.0
4.25 27.375 0.0
4.75 27.375 0.0
5.25 27.375 0.0
5.75 27.375 0.0
6.25 27.375 0.0
6.75 27.375 0.0
7.25 27.375 0.0
7.75 27.375 0.0
8.25 27.375 0.0
8.75 27.375 0.0
0.25 27.625 0.0
0.75 27.625 0.0
1.25 27.625 0.0
1.75 27.625 0.0
2.25 27.625 0.0
2.75 27.625 0.0
3.25 27.625 0.0
3.75 27.625 0.0
4.25 27.625 0.0
4.75 27.625 0.0
5.25 27.625 0.0
5.75 27.625 0.0
6.25 27.625 0.0
6.75 27.625 0.0
7.25 27.625 0.0
7.75 27.625 0.0
8.25 27.625 0.0
8.75 27.625 0.0
0.25 27.875 0.0
0.75 27.875 0.0
1.25 27.875 0.0
1.75 27.875 0.0
2.25 27.875 0.0
2.75 27.875 0.0
3.25 27.875 0.0
3.75 27.875 0.0
4.25 27.875 0.0
4.75 27.875 0.0
5.25 27.875 0.0
5.75 27.875 0.0
6.25 27.875 0.0
6.75 27.875 0.0
7.25 27.875 0.0
7.75 27.875 0.0
8.25 27.875 0.0
8.75 27.875 0.0
0.25 28.125 0.0
0.75 28.125 0.0
1.25 28.125 0.0
1.75 28.125 0.0
2.25 28.125 0.0
2.75 28.125 0.0
3.25 28.125 0.0
3.75 28.125 0.0
4.25 28.125 0.0
4.75 28.125 0.0
5.25 28.125 0.0
5.75 28.125 0.0
6.25 28.125 0.0
6.75 28.125 0.0
7.25 28.125 0.0
7.75 28.125 0.0
8.25 28.125 0.0
8.75 28.125 0.0
0.25 28.375 3544.52574411
0.75 28.375 0.0
1.25 28.375 0.0
1.75 28.375 0.0
2.25 28.375 0.0
2.75 28.375 0.0
3.25 28.375 0.0
3.75 28.375 0.0
4.25 28.375 0.0
4.75 28.375 0.0
5.25 28.375 0.0
5.75 28.375 0.0
6.25 28.375 0.0
6.75 28.375 0.0
7.25 28.375 0.0
7.75 28.375 0.0
8.25 28.375 0.0
8.75 28.375 0.0
0.25 28.625 0.0
0.75 28.625 0.0
1.25 28.625 0.0
1.75 28.625 0.0
2.25 28.625 0.0
2.75 28.625 0.0
3.25 28.625 0.0
3.75 28.625 0.0
4.25 28.625 0.0
4.75 28.625 0.0
5.25 28.625 0.0
5.75 28.625 0.0
6.25 28.625 0.0
6.75 28.625 0.0
7.25 28.625 0.0
7.75 28.625 0.0
8.25 28.625 0.0
8.75 28.625 0.0
0.25 28.875 0.0
0.75 28.875 0.0
1.25 28.875 0.0
1.75 28.875 0.0
2.25 28.875 0.0
2.75 28.875 0.0
3.25 28.875 0.0
3.75 28.875 0.0
4.25 28.875 0.0
4.75 28.875 0.0
5.25 28.875 0.0
5.75 28.875 0.0
6.25 28.875 0.0
6.75 28.875 0.0
7.25 28.875 0.0
7.75 28.875 0.0
8.25 28.875 0.0
8.75 28.875 0.0
0.25 29.125 0.0
0.75 29.125 0.0
1.25 29.125 0.0
1.75 29.125 0.0
2.25 29.125 0.0
2.75 29.125 0.0
3.25 29.125 0.0
3.75 29.125 0.0
4.25 29.125 0.0
4.75 29.125 0.0
5.25 29.125 0.0
5.75 29.125 0.0
6.25 29.125 0.0
6.75 29.125 0.0
7.25 29.125 0.0
7.75 29.125 0.0
8.25 29.125 0.0
8.75 29.125 0.0
0.25 29.375 0.0
0.75 29.375 0.0
1.25 29.375 0.0
1.75 29.375 0.0
2.25 29.375 0.0
2.75 29.375 0.0
3.25 29.375 0.0
3.75 29.375 0.0
4.25 29.375 0.0
4.75 29.375 0.0
5.25 29.375 0.0
5.75 29.375 0.0
6.25 29.375 0.0
6.75 29.375 0.0
7.25 29.375 0.0
7.75 29.375 0.0
8.25 29.375 0.0
8.75 29.375 0.0
0.25 29.625 0.0
0.75 29.625 0.0
1.25 29.625 0.0
1.75 29.625 0.0
2.25 29.625 0.0
2.75 29.625 0.0
3.25 29.625 0.0
3.75 29.625 0.0
4.25 29.625 0.0
4.75 29.625 0.0
5.25 29.625 0.0
5.75 29.625 0.0
6.25 29.625 0.0
6.75 29.625 0.0
7.25 29.625 0.0
7.75 29.625 0.0
8.25 29.625 0.0
8.75 29.625 0.0
0.25 29.875 0.0
0.75 29.875 3544.52574411
1.25 29.875 0.0
1.75 29.875 0.0
2.25 29.875 0.0
2.75 29.875 0.0
3.25 29.875 0.0
3.75 29.875 0.0
4.25 29.875 0.0
4.75 29.875 0.0
5.25 29.875 0.0
5.75 29.875 0.0
6.25 29.875 0.0
6.75 29.875 0.0
7.25 29.875 0.0
7.75 29.875 0.0
8.25 29.875 0.0
8.75 29.875 0.0
