0.25 0.125 14883463.5995
0.75 0.125 14514832.9221
1.25 0.125 15361974.575
1.75 0.125 15727060.7266
2.25 0.125 15946821.3228
2.75 0.125 15900742.4881
3.25 0.125 16102780.4555
3.75 0.125 16145314.7644
4.25 0.125 15854663.6534
4.75 0.125 14553822.7053
5.25 0.125 12703580.2669
5.75 0.125 10956129.0751
6.25 0.125 9336280.80999
6.75 0.125 8049617.96488
7.25 0.125 6972082.13867
7.75 0.125 3665039.61941
8.25 0.125 1070446.77472
8.75 0.125 10633.5772323
0.25 0.375 47057123.7788
0.75 0.375 47507278.5483
1.25 0.375 47617158.8464
1.75 0.375 47507278.5483
2.25 0.375 47439932.5592
2.75 0.375 47560446.4345
3.25 0.375 48255173.4803
3.75 0.375 47167004.0769
4.25 0.375 46209982.126
4.75 0.375 41687167.2765
5.25 0.375 38433292.6434
5.75 0.375 32485578.4448
6.25 0.375 27923773.8121
6.75 0.375 24007072.8649
7.25 0.375 18112526.5524
7.75 0.375 10034552.3816
8.25 0.375 2729284.82297
8.75 0.375 28356.2059529
0.25 0.625 78380097.7795
0.75 0.625 80152360.6516
1.25 0.625 78383642.3053
1.75 0.625 75987542.9023
2.25 0.625 75675624.6368
2.75 0.625 74282626.0194
3.25 0.625 73453206.9952
3.75 0.625 71443460.8983
4.25 0.625 70114263.7443
4.75 0.625 64524546.6458
5.25 0.625 59055343.4227
5.75 0.625 51108516.7044
6.25 0.625 42442151.26
6.75 0.625 33963645.6801
7.25 0.625 24995995.5475
7.75 0.625 12448374.4133
8.25 0.625 3051836.66568
8.75 0.625 21267.1544647
0.25 0.875 97871444.8464
0.75 0.875 98984425.9301
1.25 0.875 96836443.3291
1.75 0.875 95673838.8851
2.25 0.875 91661435.7427
2.75 0.875 89297237.0714
3.25 0.875 86248944.9315
3.75 0.875 84264010.5148
4.25 0.875 80854176.7489
4.75 0.875 75530299.0813
5.25 0.875 68111606.6989
5.75 0.875 59349539.0594
6.25 0.875 49867932.6939
6.75 0.875 37540072.1559
7.25 0.875 25995551.8073
7.75 0.875 12522809.4539
8.25 0.875 2268496.47623
8.75 0.875 7089.05148822
0.25 1.125 104850616.037
0.75 1.125 102677821.755
1.25 1.125 100816945.74
1.75 1.125 99835112.1087
2.25 1.125 95450533.7632
2.75 1.125 91211280.9732
3.25 1.125 86996839.8635
3.75 1.125 83725242.6017
4.25 1.125 78585680.2727
4.75 1.125 72825825.9385
5.25 1.125 66534292.7427
5.75 1.125 56864826.5128
6.25 1.125 46170992.3428
6.75 1.125 34520136.2219
7.25 1.125 22560906.3613
7.75 1.125 9534774.25166
8.25 1.125 1385909.56595
8.75 1.125 0.0
0.25 1.375 97215707.5838
0.75 1.375 96868344.0608
1.25 1.375 94326919.1023
1.75 1.375 92689348.2085
2.25 1.375 87670299.7549
2.75 1.375 83874112.6829
3.25 1.375 79315852.576
3.75 1.375 74406684.4204
4.25 1.375 68941025.723
4.75 1.375 63918432.7436
5.25 1.375 57052686.3772
5.75 1.375 47592347.1662
6.25 1.375 38383669.283
6.75 1.375 27044731.4276
7.25 1.375 17020812.6232
7.75 1.375 6911825.20102
8.25 1.375 662826.314149
8.75 1.375 0.0
0.25 1.625 85256477.7231
0.75 1.625 83625995.8808
1.25 1.625 82442124.2823
1.75 1.625 78950766.4244
2.25 1.625 75750059.6774
2.75 1.625 71351303.229
3.25 1.625 68193130.791
3.75 1.625 62851530.4946
4.25 1.625 57743868.8973
4.75 1.625 52271121.1484
5.25 1.625 45256504.7008
5.75 1.625 36997759.717
6.25 1.625 28494442.4569
6.75 1.625 19746552.9204
7.25 1.625 11909606.5002
7.75 1.625 3771375.39174
8.25 1.625 202037.967414
8.75 1.625 0.0
0.25 1.875 70759367.4297
0.75 1.875 69766900.2214
1.25 1.875 68178952.688
1.75 1.875 65896278.1088
2.25 1.875 63517901.3345
2.75 1.875 59923752.23
3.25 1.875 55365492.123
3.75 1.875 50934834.9429
4.25 1.875 45366384.9989
4.75 1.875 40134665.0006
5.25 1.875 34849777.1161
5.75 1.875 27459440.9396
6.25 1.875 20352666.8227
6.75 1.875 13621612.4346
7.25 1.875 7361979.97052
7.75 1.875 2133804.49796
8.25 1.875 49623.3604176
8.75 1.875 0.0
0.25 2.125 58417328.7887
0.75 2.125 57180289.304
1.25 2.125 55780201.6351
1.75 2.125 53717287.652
2.25 2.125 51608294.8343
2.75 2.125 48191372.0169
3.25 2.125 44611401.0154
3.75 2.125 40159476.6808
4.25 2.125 35817432.6443
4.75 2.125 31347785.6809
5.25 2.125 25711989.7478
5.75 2.125 20171896.0097
6.25 2.125 14284438.7488
6.75 2.125 9428438.47934
7.25 2.125 4459013.38609
7.75 2.125 903854.064749
8.25 2.125 24811.6802088
8.75 2.125 0.0
0.25 2.375 46482910.6083
0.75 2.375 46727482.8846
1.25 2.375 44561777.655
1.75 2.375 43526776.1377
2.25 2.375 41821859.2548
2.75 2.375 38677864.9198
3.25 2.375 35136883.7014
3.75 2.375 32120492.2931
4.25 2.375 27682746.0615
4.75 2.375 23641986.7132
5.25 2.375 19239685.739
5.75 2.375 14330517.5834
6.25 2.375 9857326.09438
6.75 2.375 5979614.93032
7.25 2.375 2619404.5249
7.75 2.375 563579.593314
8.25 2.375 7089.05148822
8.75 2.375 0.0
0.25 2.625 38181631.3156
0.75 2.625 37738565.5976
1.25 2.625 36108083.7553
1.75 2.625 33999090.9375
2.25 2.625 32921555.1113
2.75 2.625 30344684.8953
3.25 2.625 28451908.148
3.75 2.625 25410705.0595
4.25 2.625 21774021.6461
4.75 2.625 18119615.6039
5.25 2.625 14213548.2339
5.75 2.625 10360648.75
6.25 2.625 7039428.12781
6.75 2.625 3969868.83341
7.25 2.625 1495789.86402
7.75 2.625 173681.761461
8.25 2.625 0.0
8.75 2.625 0.0
0.25 2.875 30482921.3994
0.75 2.875 29809461.508
1.25 2.875 29050932.9987
1.75 2.875 27682746.0615
2.25 2.875 26396083.2164
2.75 2.875 24393426.171
3.25 2.875 22273799.776
3.75 2.875 19952135.4136
4.25 2.875 16304818.4229
4.75 2.875 14093034.3586
5.25 2.875 10708012.273
5.75 2.875 7780234.00833
6.25 2.875 4721308.29116
6.75 2.875 2807264.38934
7.25 2.875 900309.539004
7.75 2.875 95702.195091
8.25 2.875 0.0
8.75 2.875 0.0
0.25 3.125 24485583.8403
0.75 3.125 23620719.5588
1.25 3.125 23592363.3528
1.75 3.125 22362412.9196
2.25 3.125 20972958.8279
2.75 3.125 19441723.7065
3.25 3.125 17346908.9917
3.75 3.125 15074867.9897
4.25 3.125 13029676.6354
4.75 3.125 10442172.8422
5.25 3.125 7773144.95684
5.75 3.125 5674785.71632
6.25 3.125 3505535.96093
6.75 3.125 1768718.34631
7.25 3.125 485600.026943
7.75 3.125 31900.731697
8.25 3.125 0.0
8.75 3.125 0.0
0.25 3.375 20154173.381
0.75 3.375 19618949.9937
1.25 3.375 18594582.0536
1.75 3.375 17612748.4225
2.25 3.375 16747884.1409
2.75 3.375 15181203.762
3.25 3.375 13749215.3614
3.75 3.375 11725291.1615
4.25 3.375 10045185.9588
4.75 3.375 8095696.79955
5.25 3.375 6135574.06306
5.75 3.375 4196718.48103
6.25 3.375 2505979.70109
6.75 3.375 1261851.1649
7.25 3.375 322551.842714
7.75 3.375 10633.5772323
8.25 3.375 0.0
8.75 3.375 0.0
0.25 3.625 15907831.5396
0.75 3.625 15826307.4475
1.25 3.625 15457676.7701
1.75 3.625 14918908.857
2.25 3.625 13369951.1068
2.75 3.625 12395206.5272
3.25 3.625 10871060.4572
3.75 3.625 9343369.86148
4.25 3.625 8113419.42827
4.75 3.625 6135574.06306
5.25 3.625 4668140.405
5.75 3.625 2934867.31612
6.25 3.625 1772262.87206
6.75 3.625 740805.880519
7.25 3.625 138236.50402
7.75 3.625 7089.05148822
8.25 3.625 0.0
8.75 3.625 0.0
0.25 3.875 12568888.2886
0.75 3.875 12395206.5272
1.25 3.875 12494453.248
1.75 3.875 11470085.3079
2.25 3.875 11225513.0316
2.75 3.875 9924672.08351
3.25 3.875 8666365.44435
3.75 3.875 7929104.08958
4.25 3.875 6344701.08196
4.75 3.875 4703585.66244
5.25 3.875 3590604.57879
5.75 3.875 2342931.51686
6.25 3.875 1219316.85597
6.75 3.875 552946.016081
7.25 3.875 109880.298067
7.75 3.875 0.0
8.25 3.875 0.0
8.75 3.875 0.0
0.25 4.125 10881694.0344
0.75 4.125 10477618.0996
1.25 4.125 9981384.49542
1.75 4.125 9644654.54973
2.25 4.125 8545851.56905
2.75 4.125 7929104.08958
3.25 4.125 6812578.48018
3.75 4.125 6234820.78389
4.25 4.125 4770931.65157
4.75 4.125 3778464.44322
5.25 4.125 2793086.28636
5.75 4.125 1733273.08887
6.25 4.125 999556.25984
6.75 4.125 425343.089293
7.25 4.125 35445.2574411
7.75 4.125 3544.52574411
8.25 4.125 0.0
8.75 4.125 0.0
0.25 4.375 8496228.20864
0.75 4.375 8382803.38482
1.25 4.375 8216210.67485
1.75 4.375 7673898.236
2.25 4.375 7078417.91099
2.75 4.375 6383690.86515
3.25 4.375 5579083.52123
3.75 4.375 4714219.23967
4.25 4.375 3831632.32939
4.75 4.375 2959678.99633
5.25 4.375 2052280.40584
5.75 4.375 1183871.59853
6.25 4.375 726627.777543
6.75 4.375 251661.327832
7.25 4.375 28356.2059529
7.75 4.375 0.0
8.25 4.375 0.0
8.75 4.375 0.0
0.25 4.625 6972082.13867
0.75 4.625 7128041.27141
1.25 4.625 6826756.58316
1.75 4.625 6263176.98985
2.25 4.625 5777576.9629
2.75 4.625 5185641.16364
3.25 4.625 4646873.25053
3.75 4.625 3937968.10171
4.25 4.625 2980946.1508
4.75 4.625 2406732.98025
5.25 4.625 1680105.20271
5.75 4.625 1066902.24898
6.25 4.625 446610.243758
6.75 4.625 173681.761461
7.25 4.625 10633.5772323
7.75 4.625 0.0
8.25 4.625 0.0
8.75 4.625 0.0
0.25 4.875 5756309.80844
0.75 4.875 5954803.25011
1.25 4.875 5440847.01721
1.75 4.875 5224630.94682
2.25 4.875 4887901.00113
2.75 4.875 4232163.73847
3.25 4.875 3746563.71153
3.75 4.875 3055381.19142
4.25 4.875 2353565.09409
4.75 4.875 1860876.01566
5.25 4.875 1187416.12428
5.75 4.875 818785.44689
6.25 4.875 361541.625899
6.75 4.875 113424.823812
7.25 4.875 24811.6802088
7.75 4.875 0.0
8.25 4.875 0.0
8.75 4.875 0.0
0.25 5.125 4749664.49711
0.75 5.125 4451924.3346
1.25 5.125 4565349.15842
1.75 5.125 4168362.27508
2.25 5.125 3700484.87685
2.75 5.125 3448823.54902
3.25 5.125 3058925.71717
3.75 5.125 2583959.26746
4.25 5.125 1970756.31373
4.75 5.125 1520601.54422
5.25 5.125 992467.208351
5.75 5.125 687637.994358
6.25 5.125 241027.7506
6.75 5.125 49623.3604176
7.25 5.125 0.0
7.75 5.125 0.0
8.25 5.125 0.0
8.75 5.125 0.0
0.25 5.375 3753652.76301
0.75 5.375 3817454.22641
1.25 5.375 3714662.97983
1.75 5.375 3572881.95006
2.25 5.375 3090826.44887
2.75 5.375 2874610.37847
3.25 5.375 2335842.46537
3.75 5.375 2006201.57117
4.25 5.375 1456800.08083
4.75 5.375 1205138.753
5.25 5.375 730172.303287
5.75 5.375 450154.769502
6.25 5.375 202037.967414
6.75 5.375 24811.6802088
7.25 5.375 0.0
7.75 5.375 0.0
8.25 5.375 0.0
8.75 5.375 0.0
0.25 5.625 3459457.12625
0.75 5.625 3246785.58161
1.25 5.625 3019935.93398
1.75 5.625 2874610.37847
2.25 5.625 2690295.03978
2.75 5.625 2466989.9179
3.25 5.625 2123170.92072
3.75 5.625 1754540.24334
4.25 5.625 1240584.01044
4.75 5.625 886131.436028
5.25 5.625 641559.159684
5.75 5.625 368630.677388
6.25 5.625 124058.401044
6.75 5.625 38989.7831852
7.25 5.625 0.0
7.75 5.625 0.0
8.25 5.625 0.0
8.75 5.625 0.0
0.25 5.875 2796630.8121
0.75 5.875 2559147.58725
1.25 5.875 2541424.95853
1.75 5.875 2417366.55748
2.25 5.875 2144438.07519
2.75 5.875 1999112.51968
3.25 5.875 1719094.98589
3.75 5.875 1382365.0402
4.25 5.875 1010189.83707
4.75 5.875 645103.685428
5.25 5.875 446610.243758
5.75 5.875 269383.956553
6.25 5.875 131147.452532
6.75 5.875 14178.1029764
7.25 5.875 0.0
7.75 5.875 0.0
8.25 5.875 0.0
8.75 5.875 0.0
0.25 6.125 2183427.85837
0.75 6.125 2353565.09409
1.25 6.125 2201150.48709
1.75 6.125 1828975.28396
2.25 6.125 1864420.5414
2.75 6.125 1648204.47101
3.25 6.125 1485156.28678
3.75 6.125 1081080.35195
4.25 6.125 829419.024122
4.75 6.125 606113.902243
5.25 6.125 411164.986317
5.75 6.125 226849.647623
6.25 6.125 85068.6178587
6.75 6.125 14178.1029764
7.25 6.125 0.0
7.75 6.125 0.0
8.25 6.125 0.0
8.75 6.125 0.0
0.25 6.375 1797074.55226
0.75 6.375 1999112.51968
1.25 6.375 1828975.28396
1.75 6.375 1669471.62548
2.25 6.375 1478067.23529
2.75 6.375 1293751.8966
3.25 6.375 1006645.31133
3.75 6.375 939299.32219
4.25 6.375 708905.148822
4.75 6.375 545856.964593
5.25 6.375 248116.802088
5.75 6.375 148870.081253
6.25 6.375 92157.6693469
6.75 6.375 10633.5772323
7.25 6.375 0.0
7.75 6.375 0.0
8.25 6.375 0.0
8.75 6.375 0.0
0.25 6.625 1456800.08083
0.75 6.625 1509967.96699
1.25 6.625 1492245.33827
1.75 6.625 1424899.34913
2.25 6.625 1332741.67979
2.75 6.625 1084624.8777
3.25 6.625 840052.601355
3.75 6.625 744350.406264
4.25 6.625 606113.902243
4.75 6.625 365086.151644
5.25 6.625 258750.37932
5.75 6.625 124058.401044
6.25 6.625 28356.2059529
6.75 6.625 10633.5772323
7.25 6.625 0.0
7.75 6.625 0.0
8.25 6.625 0.0
8.75 6.625 0.0
0.25 6.875 1417810.29764
0.75 6.875 1283118.31937
1.25 6.875 1297296.42234
1.75 6.875 1215772.33023
2.25 6.875 1123614.66088
2.75 6.875 928665.744957
3.25 6.875 871953.333052
3.75 6.875 662826.314149
4.25 6.875 407620.460573
4.75 6.875 333185.419947
5.25 6.875 219760.596135
5.75 6.875 116969.349556
6.25 6.875 38989.7831852
6.75 6.875 3544.52574411
7.25 6.875 0.0
7.75 6.875 0.0
8.25 6.875 0.0
8.75 6.875 0.0
0.25 7.125 1112981.08365
0.75 7.125 1137792.76386
1.25 7.125 1098802.98067
1.75 7.125 1105892.03216
2.25 7.125 992467.208351
2.75 7.125 854230.704331
3.25 7.125 669915.365637
3.75 7.125 549401.490337
4.25 7.125 368630.677388
4.75 7.125 280017.533785
5.25 7.125 138236.50402
5.75 7.125 99246.7208351
6.25 7.125 14178.1029764
6.75 7.125 3544.52574411
7.25 7.125 0.0
7.75 7.125 0.0
8.25 7.125 0.0
8.75 7.125 0.0
0.25 7.375 1056268.67175
0.75 7.375 910943.116237
1.25 7.375 967655.528143
1.75 7.375 861319.755819
2.25 7.375 804607.343913
2.75 7.375 662826.314149
3.25 7.375 524589.810129
3.75 7.375 482055.501199
4.25 7.375 372175.203132
4.75 7.375 209127.018903
5.25 7.375 102791.246579
5.75 7.375 81524.0921146
6.25 7.375 21267.1544647
6.75 7.375 7089.05148822
7.25 7.375 0.0
7.75 7.375 0.0
8.25 7.375 0.0
8.75 7.375 0.0
0.25 7.625 850686.178587
0.75 7.625 797518.292425
1.25 7.625 754983.983496
1.75 7.625 762073.034984
2.25 7.625 620292.00522
2.75 7.625 567124.119058
3.25 7.625 489144.552687
3.75 7.625 396986.883341
4.25 7.625 262294.905064
4.75 7.625 155959.132741
5.25 7.625 99246.7208351
5.75 7.625 46078.8346735
6.25 7.625 0.0
6.75 7.625 0.0
7.25 7.625 0.0
7.75 7.625 0.0
8.25 7.625 0.0
8.75 7.625 0.0
0.25 7.875 811696.395402
0.75 7.875 701816.097334
1.25 7.875 684093.468614
1.75 7.875 669915.365637
2.25 7.875 634470.108196
2.75 7.875 528134.335873
3.25 7.875 389897.831852
3.75 7.875 354452.574411
4.25 7.875 180770.81295
4.75 7.875 141781.029764
5.25 7.875 106335.772323
5.75 7.875 35445.2574411
6.25 7.875 14178.1029764
6.75 7.875 0.0
7.25 7.875 0.0
7.75 7.875 0.0
8.25 7.875 0.0
8.75 7.875 0.0
0.25 8.125 591935.799267
0.75 8.125 521045.284384
1.25 8.125 620292.00522
1.75 8.125 524589.810129
2.25 8.125 474966.449711
2.75 8.125 396986.883341
3.25 8.125 372175.203132
3.75 8.125 269383.956553
4.25 8.125 205582.493158
4.75 8.125 95702.195091
5.25 8.125 88613.1436028
5.75 8.125 42534.3089293
6.25 8.125 7089.05148822
6.75 8.125 0.0
7.25 8.125 0.0
7.75 8.125 0.0
8.25 8.125 0.0
8.75 8.125 0.0
0.25 8.375 563579.593314
0.75 8.375 453699.295246
1.25 8.375 513956.232896
1.75 8.375 513956.232896
2.25 8.375 365086.151644
2.75 8.375 404075.934829
3.25 8.375 326096.368458
3.75 8.375 276473.008041
4.25 8.375 155959.132741
4.75 8.375 131147.452532
5.25 8.375 49623.3604176
5.75 8.375 38989.7831852
6.25 8.375 3544.52574411
6.75 8.375 0.0
7.25 8.375 0.0
7.75 8.375 0.0
8.25 8.375 0.0
8.75 8.375 0.0
0.25 8.625 435976.666526
0.75 8.625 435976.666526
1.25 8.625 524589.810129
1.75 8.625 421798.563549
2.25 8.625 372175.203132
2.75 8.625 357997.100155
3.25 8.625 272928.482297
3.75 8.625 226849.647623
4.25 8.625 148870.081253
4.75 8.625 106335.772323
5.25 8.625 81524.0921146
5.75 8.625 14178.1029764
6.25 8.625 3544.52574411
6.75 8.625 0.0
7.25 8.625 0.0
7.75 8.625 0.0
8.25 8.625 0.0
8.75 8.625 0.0
0.25 8.875 446610.243758
0.75 8.875 379264.25462
1.25 8.875 450154.769502
1.75 8.875 443065.718014
2.25 8.875 322551.842714
2.75 8.875 272928.482297
3.25 8.875 219760.596135
3.75 8.875 177226.287206
4.25 8.875 141781.029764
4.75 8.875 106335.772323
5.25 8.875 38989.7831852
5.75 8.875 31900.731697
6.25 8.875 14178.1029764
6.75 8.875 0.0
7.25 8.875 0.0
7.75 8.875 0.0
8.25 8.875 0.0
8.75 8.875 0.0
0.25 9.125 400531.409085
0.75 9.125 343818.997179
1.25 9.125 418254.037805
1.75 9.125 340274.471435
2.25 9.125 265839.430808
2.75 9.125 219760.596135
3.25 9.125 233938.699111
3.75 9.125 173681.761461
4.25 9.125 120513.8753
4.75 9.125 81524.0921146
5.25 9.125 31900.731697
5.75 9.125 14178.1029764
6.25 9.125 14178.1029764
6.75 9.125 0.0
7.25 9.125 0.0
7.75 9.125 0.0
8.25 9.125 0.0
8.75 9.125 0.0
0.25 9.375 276473.008041
0.75 9.375 326096.368458
1.25 9.375 304829.213994
1.75 9.375 272928.482297
2.25 9.375 248116.802088
2.75 9.375 216216.070391
3.25 9.375 198493.44167
3.75 9.375 124058.401044
4.25 9.375 102791.246579
4.75 9.375 60256.9376499
5.25 9.375 17722.6287206
5.75 9.375 21267.1544647
6.25 9.375 0.0
6.75 9.375 0.0
7.25 9.375 0.0
7.75 9.375 0.0
8.25 9.375 0.0
8.75 9.375 0.0
0.25 9.625 251661.327832
0.75 9.625 276473.008041
1.25 9.625 311918.265482
1.75 9.625 255205.853576
2.25 9.625 244572.276344
2.75 9.625 237483.224856
3.25 9.625 124058.401044
3.75 9.625 106335.772323
4.25 9.625 77979.5663705
4.75 9.625 46078.8346735
5.25 9.625 14178.1029764
5.75 9.625 3544.52574411
6.25 9.625 0.0
6.75 9.625 0.0
7.25 9.625 0.0
7.75 9.625 0.0
8.25 9.625 0.0
8.75 9.625 0.0
0.25 9.875 255205.853576
0.75 9.875 262294.905064
1.25 9.875 265839.430808
1.75 9.875 191404.390182
2.25 9.875 166592.709973
2.75 9.875 134691.978276
3.25 9.875 131147.452532
3.75 9.875 99246.7208351
4.25 9.875 53167.8861617
4.75 9.875 28356.2059529
5.25 9.875 17722.6287206
5.75 9.875 7089.05148822
6.25 9.875 0.0
6.75 9.875 0.0
7.25 9.875 0.0
7.75 9.875 0.0
8.25 9.875 0.0
8.75 9.875 0.0
0.25 10.125 248116.802088
0.75 10.125 219760.596135
1.25 10.125 166592.709973
1.75 10.125 187859.864438
2.25 10.125 152414.606997
2.75 10.125 141781.029764
3.25 10.125 124058.401044
3.75 10.125 124058.401044
4.25 10.125 85068.6178587
4.75 10.125 35445.2574411
5.25 10.125 24811.6802088
5.75 10.125 0.0
6.25 10.125 0.0
6.75 10.125 0.0
7.25 10.125 0.0
7.75 10.125 0.0
8.25 10.125 0.0
8.75 10.125 0.0
0.25 10.375 180770.81295
0.75 10.375 187859.864438
1.25 10.375 191404.390182
1.75 10.375 134691.978276
2.25 10.375 127602.926788
2.75 10.375 159503.658485
3.25 10.375 124058.401044
3.75 10.375 74435.0406264
4.25 10.375 35445.2574411
4.75 10.375 35445.2574411
5.25 10.375 24811.6802088
5.75 10.375 7089.05148822
6.25 10.375 0.0
6.75 10.375 0.0
7.25 10.375 0.0
7.75 10.375 0.0
8.25 10.375 0.0
8.75 10.375 0.0
0.25 10.625 152414.606997
0.75 10.625 152414.606997
1.25 10.625 152414.606997
1.75 10.625 116969.349556
2.25 10.625 102791.246579
2.75 10.625 131147.452532
3.25 10.625 92157.6693469
3.75 10.625 60256.9376499
4.25 10.625 53167.8861617
4.75 10.625 14178.1029764
5.25 10.625 17722.6287206
5.75 10.625 3544.52574411
6.25 10.625 0.0
6.75 10.625 0.0
7.25 10.625 0.0
7.75 10.625 0.0
8.25 10.625 0.0
8.75 10.625 0.0
0.25 10.875 138236.50402
0.75 10.875 163048.184229
1.25 10.875 99246.7208351
1.75 10.875 163048.184229
2.25 10.875 152414.606997
2.75 10.875 56712.4119058
3.25 10.875 77979.5663705
3.75 10.875 46078.8346735
4.25 10.875 24811.6802088
4.75 10.875 28356.2059529
5.25 10.875 3544.52574411
5.75 10.875 10633.5772323
6.25 10.875 0.0
6.75 10.875 0.0
7.25 10.875 0.0
7.75 10.875 0.0
8.25 10.875 0.0
8.75 10.875 0.0
0.25 11.125 152414.606997
0.75 11.125 124058.401044
1.25 11.125 127602.926788
1.75 11.125 88613.1436028
2.25 11.125 102791.246579
2.75 11.125 63801.463394
3.25 11.125 99246.7208351
3.75 11.125 49623.3604176
4.25 11.125 28356.2059529
4.75 11.125 31900.731697
5.25 11.125 3544.52574411
5.75 11.125 7089.05148822
6.25 11.125 0.0
6.75 11.125 0.0
7.25 11.125 0.0
7.75 11.125 0.0
8.25 11.125 0.0
8.75 11.125 0.0
0.25 11.375 131147.452532
0.75 11.375 113424.823812
1.25 11.375 85068.6178587
1.75 11.375 88613.1436028
2.25 11.375 106335.772323
2.75 11.375 63801.463394
3.25 11.375 74435.0406264
3.75 11.375 67345.9891381
4.25 11.375 28356.2059529
4.75 11.375 17722.6287206
5.25 11.375 7089.05148822
5.75 11.375 3544.52574411
6.25 11.375 0.0
6.75 11.375 0.0
7.25 11.375 0.0
7.75 11.375 0.0
8.25 11.375 0.0
8.75 11.375 0.0
0.25 11.625 106335.772323
0.75 11.625 134691.978276
1.25 11.625 120513.8753
1.75 11.625 134691.978276
2.25 11.625 99246.7208351
2.75 11.625 81524.0921146
3.25 11.625 70890.5148822
3.75 11.625 53167.8861617
4.25 11.625 46078.8346735
4.75 11.625 31900.731697
5.25 11.625 10633.5772323
5.75 11.625 10633.5772323
6.25 11.625 0.0
6.75 11.625 0.0
7.25 11.625 0.0
7.75 11.625 0.0
8.25 11.625 0.0
8.75 11.625 0.0
0.25 11.875 113424.823812
0.75 11.875 145325.555509
1.25 11.875 74435.0406264
1.75 11.875 88613.1436028
2.25 11.875 81524.0921146
2.75 11.875 67345.9891381
3.25 11.875 53167.8861617
3.75 11.875 31900.731697
4.25 11.875 24811.6802088
4.75 11.875 24811.6802088
5.25 11.875 0.0
5.75 11.875 7089.05148822
6.25 11.875 0.0
6.75 11.875 0.0
7.25 11.875 0.0
7.75 11.875 0.0
8.25 11.875 0.0
8.75 11.875 0.0
0.25 12.125 85068.6178587
0.75 12.125 88613.1436028
1.25 12.125 109880.298067
1.75 12.125 67345.9891381
2.25 12.125 60256.9376499
2.75 12.125 63801.463394
3.25 12.125 42534.3089293
3.75 12.125 28356.2059529
4.25 12.125 24811.6802088
4.75 12.125 14178.1029764
5.25 12.125 7089.05148822
5.75 12.125 3544.52574411
6.25 12.125 0.0
6.75 12.125 0.0
7.25 12.125 0.0
7.75 12.125 0.0
8.25 12.125 0.0
8.75 12.125 0.0
0.25 12.375 60256.9376499
0.75 12.375 74435.0406264
1.25 12.375 53167.8861617
1.75 12.375 77979.5663705
2.25 12.375 56712.4119058
2.75 12.375 24811.6802088
3.25 12.375 63801.463394
3.75 12.375 24811.6802088
4.25 12.375 46078.8346735
4.75 12.375 10633.5772323
5.25 12.375 7089.05148822
5.75 12.375 0.0
6.25 12.375 0.0
6.75 12.375 0.0
7.25 12.375 0.0
7.75 12.375 0.0
8.25 12.375 0.0
8.75 12.375 0.0
0.25 12.625 67345.9891381
0.75 12.625 74435.0406264
1.25 12.625 92157.6693469
1.75 12.625 53167.8861617
2.25 12.625 56712.4119058
2.75 12.625 46078.8346735
3.25 12.625 38989.7831852
3.75 12.625 49623.3604176
4.25 12.625 7089.05148822
4.75 12.625 14178.1029764
5.25 12.625 0.0
5.75 12.625 3544.52574411
6.25 12.625 0.0
6.75 12.625 0.0
7.25 12.625 0.0
7.75 12.625 0.0
8.25 12.625 0.0
8.75 12.625 0.0
0.25 12.875 63801.463394
0.75 12.875 67345.9891381
1.25 12.875 60256.9376499
1.75 12.875 56712.4119058
2.25 12.875 49623.3604176
2.75 12.875 24811.6802088
3.25 12.875 38989.7831852
3.75 12.875 24811.6802088
4.25 12.875 24811.6802088
4.75 12.875 0.0
5.25 12.875 3544.52574411
5.75 12.875 0.0
6.25 12.875 0.0
6.75 12.875 0.0
7.25 12.875 0.0
7.75 12.875 0.0
8.25 12.875 0.0
8.75 12.875 0.0
0.25 13.125 60256.9376499
0.75 13.125 77979.5663705
1.25 13.125 77979.5663705
1.75 13.125 38989.7831852
2.25 13.125 28356.2059529
2.75 13.125 49623.3604176
3.25 13.125 42534.3089293
3.75 13.125 24811.6802088
4.25 13.125 10633.5772323
4.75 13.125 0.0
5.25 13.125 7089.05148822
5.75 13.125 0.0
6.25 13.125 0.0
6.75 13.125 0.0
7.25 13.125 0.0
7.75 13.125 0.0
8.25 13.125 0.0
8.75 13.125 0.0
0.25 13.375 53167.8861617
0.75 13.375 67345.9891381
1.25 13.375 46078.8346735
1.75 13.375 49623.3604176
2.25 13.375 38989.7831852
2.75 13.375 35445.2574411
3.25 13.375 24811.6802088
3.75 13.375 14178.1029764
4.25 13.375 3544.52574411
4.75 13.375 14178.1029764
5.25 13.375 3544.52574411
5.75 13.375 0.0
6.25 13.375 0.0
6.75 13.375 0.0
7.25 13.375 0.0
7.75 13.375 0.0
8.25 13.375 0.0
8.75 13.375 0.0
0.25 13.625 46078.8346735
0.75 13.625 42534.3089293
1.25 13.625 35445.2574411
1.75 13.625 42534.3089293
2.25 13.625 42534.3089293
2.75 13.625 24811.6802088
3.25 13.625 28356.2059529
3.75 13.625 17722.6287206
4.25 13.625 0.0
4.75 13.625 7089.05148822
5.25 13.625 3544.52574411
5.75 13.625 0.0
6.25 13.625 0.0
6.75 13.625 0.0
7.25 13.625 0.0
7.75 13.625 0.0
8.25 13.625 0.0
8.75 13.625 0.0
0.25 13.875 31900.731697
0.75 13.875 53167.8861617
1.25 13.875 21267.1544647
1.75 13.875 53167.8861617
2.25 13.875 24811.6802088
2.75 13.875 28356.2059529
3.25 13.875 17722.6287206
3.75 13.875 21267.1544647
4.25 13.875 10633.5772323
4.75 13.875 3544.52574411
5.25 13.875 3544.52574411
5.75 13.875 0.0
6.25 13.875 0.0
6.75 13.875 0.0
7.25 13.875 0.0
7.75 13.875 0.0
8.25 13.875 0.0
8.75 13.875 0.0
0.25 14.125 31900.731697
0.75 14.125 46078.8346735
1.25 14.125 38989.7831852
1.75 14.125 67345.9891381
2.25 14.125 31900.731697
2.75 14.125 35445.2574411
3.25 14.125 31900.731697
3.75 14.125 10633.5772323
4.25 14.125 3544.52574411
4.75 14.125 14178.1029764
5.25 14.125 3544.52574411
5.75 14.125 3544.52574411
6.25 14.125 0.0
6.75 14.125 0.0
7.25 14.125 0.0
7.75 14.125 0.0
8.25 14.125 0.0
8.75 14.125 0.0
0.25 14.375 38989.7831852
0.75 14.375 35445.2574411
1.25 14.375 21267.1544647
1.75 14.375 28356.2059529
2.25 14.375 31900.731697
2.75 14.375 21267.1544647
3.25 14.375 24811.6802088
3.75 14.375 14178.1029764
4.25 14.375 3544.52574411
4.75 14.375 3544.52574411
5.25 14.375 3544.52574411
5.75 14.375 10633.5772323
6.25 14.375 0.0
6.75 14.375 0.0
7.25 14.375 0.0
7.75 14.375 0.0
8.25 14.375 0.0
8.75 14.375 0.0
0.25 14.625 49623.3604176
0.75 14.625 31900.731697
1.25 14.625 60256.9376499
1.75 14.625 49623.3604176
2.25 14.625 35445.2574411
2.75 14.625 10633.5772323
3.25 14.625 21267.1544647
3.75 14.625 14178.1029764
4.25 14.625 3544.52574411
4.75 14.625 3544.52574411
5.25 14.625 0.0
5.75 14.625 0.0
6.25 14.625 0.0
6.75 14.625 0.0
7.25 14.625 0.0
7.75 14.625 0.0
8.25 14.625 0.0
8.75 14.625 0.0
0.25 14.875 35445.2574411
0.75 14.875 28356.2059529
1.25 14.875 35445.2574411
1.75 14.875 21267.1544647
2.25 14.875 14178.1029764
2.75 14.875 10633.5772323
3.25 14.875 24811.6802088
3.75 14.875 0.0
4.25 14.875 10633.5772323
4.75 14.875 7089.05148822
5.25 14.875 0.0
5.75 14.875 0.0
6.25 14.875 0.0
6.75 14.875 0.0
7.25 14.875 0.0
7.75 14.875 0.0
8.25 14.875 0.0
8.75 14.875 0.0
0.25 15.125 24811.6802088
0.75 15.125 28356.2059529
1.25 15.125 35445.2574411
1.75 15.125 31900.731697
2.25 15.125 28356.2059529
2.75 15.125 14178.1029764
3.25 15.125 7089.05148822
3.75 15.125 3544.52574411
4.25 15.125 3544.52574411
4.75 15.125 10633.5772323
5.25 15.125 3544.52574411
5.75 15.125 0.0
6.25 15.125 0.0
6.75 15.125 0.0
7.25 15.125 0.0
7.75 15.125 0.0
8.25 15.125 0.0
8.75 15.125 0.0
0.25 15.375 53167.8861617
0.75 15.375 38989.7831852
1.25 15.375 31900.731697
1.75 15.375 21267.1544647
2.25 15.375 28356.2059529
2.75 15.375 24811.6802088
3.25 15.375 7089.05148822
3.75 15.375 14178.1029764
4.25 15.375 3544.52574411
4.75 15.375 0.0
5.25 15.375 0.0
5.75 15.375 0.0
6.25 15.375 0.0
6.75 15.375 0.0
7.25 15.375 0.0
7.75 15.375 0.0
8.25 15.375 0.0
8.75 15.375 0.0
0.25 15.625 24811.6802088
0.75 15.625 7089.05148822
1.25 15.625 17722.6287206
1.75 15.625 24811.6802088
2.25 15.625 10633.5772323
2.75 15.625 7089.05148822
3.25 15.625 17722.6287206
3.75 15.625 0.0
4.25 15.625 14178.1029764
4.75 15.625 7089.05148822
5.25 15.625 3544.52574411
5.75 15.625 0.0
6.25 15.625 0.0
6.75 15.625 0.0
7.25 15.625 0.0
7.75 15.625 0.0
8.25 15.625 0.0
8.75 15.625 0.0
0.25 15.875 35445.2574411
0.75 15.875 42534.3089293
1.25 15.875 10633.5772323
1.75 15.875 31900.731697
2.25 15.875 3544.52574411
2.75 15.875 21267.1544647
3.25 15.875 7089.05148822
3.75 15.875 0.0
4.25 15.875 3544.52574411
4.75 15.875 10633.5772323
5.25 15.875 0.0
5.75 15.875 0.0
6.25 15.875 0.0
6.75 15.875 0.0
7.25 15.875 0.0
7.75 15.875 0.0
8.25 15.875 0.0
8.75 15.875 0.0
0.25 16.125 14178.1029764
0.75 16.125 7089.05148822
1.25 16.125 21267.1544647
1.75 16.125 24811.6802088
2.25 16.125 24811.6802088
2.75 16.125 10633.5772323
3.25 16.125 0.0
3.75 16.125 7089.05148822
4.25 16.125 14178.1029764
4.75 16.125 0.0
5.25 16.125 7089.05148822
5.75 16.125 0.0
6.25 16.125 0.0
6.75 16.125 0.0
7.25 16.125 0.0
7.75 16.125 0.0
8.25 16.125 0.0
8.75 16.125 0.0
0.25 16.375 31900.731697
0.75 16.375 17722.6287206
1.25 16.375 31900.731697
1.75 16.375 24811.6802088
2.25 16.375 7089.05148822
2.75 16.375 10633.5772323
3.25 16.375 3544.52574411
3.75 16.375 3544.52574411
4.25 16.375 10633.5772323
4.75 16.375 3544.52574411
5.25 16.375 0.0
5.75 16.375 0.0
6.25 16.375 0.0
6.75 16.375 0.0
7.25 16.375 0.0
7.75 16.375 0.0
8.25 16.375 0.0
8.75 16.375 0.0
0.25 16.625 10633.5772323
0.75 16.625 10633.5772323
1.25 16.625 28356.2059529
1.75 16.625 3544.52574411
2.25 16.625 3544.52574411
2.75 16.625 14178.1029764
3.25 16.625 7089.05148822
3.75 16.625 10633.5772323
4.25 16.625 3544.52574411
4.75 16.625 0.0
5.25 16.625 0.0
5.75 16.625 0.0
6.25 16.625 0.0
6.75 16.625 0.0
7.25 16.625 0.0
7.75 16.625 0.0
8.25 16.625 0.0
8.75 16.625 0.0
0.25 16.875 21267.1544647
0.75 16.875 7089.05148822
1.25 16.875 0.0
1.75 16.875 3544.52574411
2.25 16.875 3544.52574411
2.75 16.875 3544.52574411
3.25 16.875 10633.5772323
3.75 16.875 3544.52574411
4.25 16.875 0.0
4.75 16.875 0.0
5.25 16.875 0.0
5.75 16.875 0.0
6.25 16.875 0.0
6.75 16.875 0.0
7.25 16.875 0.0
7.75 16.875 0.0
8.25 16.875 0.0
8.75 16.875 0.0
0.25 17.125 14178.1029764
0.75 17.125 10633.5772323
1.25 17.125 14178.1029764
1.75 17.125 21267.1544647
2.25 17.125 10633.5772323
2.75 17.125 14178.1029764
3.25 17.125 14178.1029764
3.75 17.125 3544.52574411
4.25 17.125 3544.52574411
4.75 17.125 0.0
5.25 17.125 0.0
5.75 17.125 0.0
6.25 17.125 0.0
6.75 17.125 0.0
7.25 17.125 0.0
7.75 17.125 0.0
8.25 17.125 0.0
8.75 17.125 0.0
0.25 17.375 14178.1029764
0.75 17.375 21267.1544647
1.25 17.375 14178.1029764
1.75 17.375 7089.05148822
2.25 17.375 10633.5772323
2.75 17.375 10633.5772323
3.25 17.375 10633.5772323
3.75 17.375 0.0
4.25 17.375 3544.52574411
4.75 17.375 0.0
5.25 17.375 0.0
5.75 17.375 0.0
6.25 17.375 0.0
6.75 17.375 0.0
7.25 17.375 0.0
7.75 17.375 0.0
8.25 17.375 0.0
8.75 17.375 0.0
0.25 17.625 10633.5772323
0.75 17.625 21267.1544647
1.25 17.625 10633.5772323
1.75 17.625 17722.6287206
2.25 17.625 10633.5772323
2.75 17.625 7089.05148822
3.25 17.625 3544.52574411
3.75 17.625 3544.52574411
4.25 17.625 0.0
4.75 17.625 3544.52574411
5.25 17.625 3544.52574411
5.75 17.625 0.0
6.25 17.625 0.0
6.75 17.625 0.0
7.25 17.625 0.0
7.75 17.625 0.0
8.25 17.625 0.0
8.75 17.625 0.0
0.25 17.875 21267.1544647
0.75 17.875 21267.1544647
1.25 17.875 24811.6802088
1.75 17.875 14178.1029764
2.25 17.875 3544.52574411
2.75 17.875 10633.5772323
3.25 17.875 7089.05148822
3.75 17.875 0.0
4.25 17.875 0.0
4.75 17.875 3544.52574411
5.25 17.875 0.0
5.75 17.875 0.0
6.25 17.875 0.0
6.75 17.875 0.0
7.25 17.875 0.0
7.75 17.875 0.0
8.25 17.875 0.0
8.75 17.875 0.0
0.25 18.125 3544.52574411
0.75 18.125 21267.1544647
1.25 18.125 7089.05148822
1.75 18.125 3544.52574411
2.25 18.125 7089.05148822
2.75 18.125 7089.05148822
3.25 18.125 0.0
3.75 18.125 0.0
4.25 18.125 3544.52574411
4.75 18.125 0.0
5.25 18.125 0.0
5.75 18.125 0.0
6.25 18.125 0.0
6.75 18.125 0.0
7.25 18.125 0.0
7.75 18.125 0.0
8.25 18.125 0.0
8.75 18.125 0.0
0.25 18.375 7089.05148822
0.75 18.375 0.0
1.25 18.375 17722.6287206
1.75 18.375 0.0
2.25 18.375 7089.05148822
2.75 18.375 0.0
3.25 18.375 7089.05148822
3.75 18.375 0.0
4.25 18.375 10633.5772323
4.75 18.375 0.0
5.25 18.375 0.0
5.75 18.375 0.0
6.25 18.375 0.0
6.75 18.375 0.0
7.25 18.375 0.0
7.75 18.375 0.0
8.25 18.375 0.0
8.75 18.375 0.0
0.25 18.625 3544.52574411
0.75 18.625 17722.6287206
1.25 18.625 3544.52574411
1.75 18.625 7089.05148822
2.25 18.625 0.0
2.75 18.625 3544.52574411
3.25 18.625 3544.52574411
3.75 18.625 3544.52574411
4.25 18.625 3544.52574411
4.75 18.625 0.0
5.25 18.625 0.0
5.75 18.625 0.0
6.25 18.625 0.0
6.75 18.625 0.0
7.25 18.625 0.0
7.75 18.625 0.0
8.25 18.625 0.0
8.75 18.625 0.0
0.25 18.875 3544.52574411
0.75 18.875 7089.05148822
1.25 18.875 14178.1029764
1.75 18.875 7089.05148822
2.25 18.875 17722.6287206
2.75 18.875 10633.5772323
3.25 18.875 14178.1029764
3.75 18.875 14178.1029764
4.25 18.875 3544.52574411
4.75 18.875 0.0
5.25 18.875 7089.05148822
5.75 18.875 0.0
6.25 18.875 0.0
6.75 18.875 0.0
7.25 18.875 0.0
7.75 18.875 0.0
8.25 18.875 0.0
8.75 18.875 0.0
0.25 19.125 17722.6287206
0.75 19.125 7089.05148822
1.25 19.125 24811.6802088
1.75 19.125 0.0
2.25 19.125 10633.5772323
2.75 19.125 0.0
3.25 19.125 17722.6287206
3.75 19.125 0.0
4.25 19.125 0.0
4.75 19.125 0.0
5.25 19.125 0.0
5.75 19.125 0.0
6.25 19.125 0.0
6.75 19.125 0.0
7.25 19.125 0.0
7.75 19.125 0.0
8.25 19.125 0.0
8.75 19.125 0.0
0.25 19.375 7089.05148822
0.75 19.375 14178.1029764
1.25 19.375 14178.1029764
1.75 19.375 17722.6287206
2.25 19.375 3544.52574411
2.75 19.375 3544.52574411
3.25 19.375 0.0
3.75 19.375 0.0
4.25 19.375 3544.52574411
4.75 19.375 0.0
5.25 19.375 0.0
5.75 19.375 0.0
6.25 19.375 0.0
6.75 19.375 0.0
7.25 19.375 0.0
7.75 19.375 0.0
8.25 19.375 0.0
8.75 19.375 0.0
0.25 19.625 3544.52574411
0.75 19.625 10633.5772323
1.25 19.625 14178.1029764
1.75 19.625 10633.5772323
2.25 19.625 0.0
2.75 19.625 3544.52574411
3.25 19.625 0.0
3.75 19.625 0.0
4.25 19.625 0.0
4.75 19.625 0.0
5.25 19.625 0.0
5.75 19.625 0.0
6.25 19.625 0.0
6.75 19.625 0.0
7.25 19.625 0.0
7.75 19.625 0.0
8.25 19.625 0.0
8.75 19.625 0.0
0.25 19.875 7089.05148822
0.75 19.875 3544.52574411
1.25 19.875 7089.05148822
1.75 19.875 0.0
2.25 19.875 0.0
2.75 19.875 3544.52574411
3.25 19.875 0.0
3.75 19.875 0.0
4.25 19.875 0.0
4.75 19.875 0.0
5.25 19.875 0.0
5.75 19.875 0.0
6.25 19.875 0.0
6.75 19.875 0.0
7.25 19.875 0.0
7.75 19.875 0.0
8.25 19.875 0.0
8.75 19.875 0.0
0.25 20.125 10633.5772323
0.75 20.125 3544.52574411
1.25 20.125 10633.5772323
1.75 20.125 7089.05148822
2.25 20.125 7089.05148822
2.75 20.125 7089.05148822
3.25 20.125 3544.52574411
3.75 20.125 0.0
4.25 20.125 7089.05148822
4.75 20.125 0.0
5.25 20.125 0.0
5.75 20.125 0.0
6.25 20.125 0.0
6.75 20.125 0.0
7.25 20.125 0.0
7.75 20.125 0.0
8.25 20.125 0.0
8.75 20.125 0.0
0.25 20.375 3544.52574411
0.75 20.375 10633.5772323
1.25 20.375 17722.6287206
1.75 20.375 7089.05148822
2.25 20.375 3544.52574411
2.75 20.375 3544.52574411
3.25 20.375 0.0
3.75 20.375 3544.52574411
4.25 20.375 3544.52574411
4.75 20.375 3544.52574411
5.25 20.375 0.0
5.75 20.375 0.0
6.25 20.375 0.0
6.75 20.375 0.0
7.25 20.375 0.0
7.75 20.375 0.0
8.25 20.375 0.0
8.75 20.375 0.0
0.25 20.625 0.0
0.75 20.625 0.0
1.25 20.625 0.0
1.75 20.625 0.0
2.25 20.625 3544.52574411
2.75 20.625 3544.52574411
3.25 20.625 0.0
3.75 20.625 3544.52574411
4.25 20.625 0.0
4.75 20.625 3544.52574411
5.25 20.625 0.0
5.75 20.625 0.0
6.25 20.625 0.0
6.75 20.625 0.0
7.25 20.625 0.0
7.75 20.625 0.0
8.25 20.625 0.0
8.75 20.625 0.0
0.25 20.875 3544.52574411
0.75 20.875 0.0
1.25 20.875 10633.5772323
1.75 20.875 3544.52574411
2.25 20.875 7089.05148822
2.75 20.875 3544.52574411
3.25 20.875 7089.05148822
3.75 20.875 0.0
4.25 20.875 0.0
4.75 20.875 0.0
5.25 20.875 0.0
5.75 20.875 0.0
6.25 20.875 0.0
6.75 20.875 0.0
7.25 20.875 0.0
7.75 20.875 0.0
8.25 20.875 0.0
8.75 20.875 0.0
0.25 21.125 3544.52574411
0.75 21.125 10633.5772323
1.25 21.125 0.0
1.75 21.125 7089.05148822
2.25 21.125 10633.5772323
2.75 21.125 0.0
3.25 21.125 0.0
3.75 21.125 0.0
4.25 21.125 3544.52574411
4.75 21.125 0.0
5.25 21.125 0.0
5.75 21.125 0.0
6.25 21.125 0.0
6.75 21.125 0.0
7.25 21.125 0.0
7.75 21.125 0.0
8.25 21.125 0.0
8.75 21.125 0.0
0.25 21.375 7089.05148822
0.75 21.375 0.0
1.25 21.375 7089.05148822
1.75 21.375 0.0
2.25 21.375 3544.52574411
2.75 21.375 0.0
3.25 21.375 0.0
3.75 21.375 0.0
4.25 21.375 0.0
4.75 21.375 0.0
5.25 21.375 0.0
5.75 21.375 0.0
6.25 21.375 0.0
6.75 21.375 0.0
7.25 21.375 0.0
7.75 21.375 0.0
8.25 21.375 0.0
8.75 21.375 0.0
0.25 21.625 0.0
0.75 21.625 0.0
1.25 21.625 7089.05148822
1.75 21.625 0.0
2.25 21.625 3544.52574411
2.75 21.625 0.0
3.25 21.625 0.0
3.75 21.625 0.0
4.25 21.625 0.0
4.75 21.625 0.0
5.25 21.625 0.0
5.75 21.625 0.0
6.25 21.625 0.0
6.75 21.625 0.0
7.25 21.625 0.0
7.75 21.625 0.0
8.25 21.625 0.0
8.75 21.625 0.0
0.25 21.875 10633.5772323
0.75 21.875 7089.05148822
1.25 21.875 0.0
1.75 21.875 0.0
2.25 21.875 7089.05148822
2.75 21.875 7089.05148822
3.25 21.875 3544.52574411
3.75 21.875 3544.52574411
4.25 21.875 3544.52574411
4.75 21.875 0.0
5.25 21.875 0.0
5.75 21.875 0.0
6.25 21.875 0.0
6.75 21.875 0.0
7.25 21.875 0.0
7.75 21.875 0.0
8.25 21.875 0.0
8.75 21.875 0.0
0.25 22.125 10633.5772323
0.75 22.125 3544.52574411
1.25 22.125 7089.05148822
1.75 22.125 0.0
2.25 22.125 0.0
2.75 22.125 3544.52574411
3.25 22.125 0.0
3.75 22.125 0.0
4.25 22.125 3544.52574411
4.75 22.125 0.0
5.25 22.125 0.0
5.75 22.125 0.0
6.25 22.125 0.0
6.75 22.125 0.0
7.25 22.125 0.0
7.75 22.125 0.0
8.25 22.125 0.0
8.75 22.125 0.0
0.25 22.375 0.0
0.75 22.375 3544.52574411
1.25 22.375 3544.52574411
1.75 22.375 10633.5772323
2.25 22.375 3544.52574411
2.75 22.375 3544.52574411
3.25 22.375 3544.52574411
3.75 22.375 0.0
4.25 22.375 0.0
4.75 22.375 0.0
5.25 22.375 0.0
5.75 22.375 0.0
6.25 22.375 0.0
6.75 22.375 0.0
7.25 22.375 0.0
7.75 22.375 0.0
8.25 22.375 0.0
8.75 22.375 0.0
0.25 22.625 7089.05148822
0.75 22.625 3544.52574411
1.25 22.625 0.0
1.75 22.625 0.0
2.25 22.625 3544.52574411
2.75 22.625 3544.52574411
3.25 22.625 0.0
3.75 22.625 3544.52574411
4.25 22.625 0.0
4.75 22.625 0.0
5.25 22.625 0.0
5.75 22.625 0.0
6.25 22.625 0.0
6.75 22.625 0.0
7.25 22.625 0.0
7.75 22.625 0.0
8.25 22.625 0.0
8.75 22.625 0.0
0.25 22.875 0.0
0.75 22.875 3544.52574411
1.25 22.875 3544.52574411
1.75 22.875 7089.05148822
2.25 22.875 0.0
2.75 22.875 3544.52574411
3.25 22.875 0.0
3.75 22.875 3544.52574411
4.25 22.875 0.0
4.75 22.875 3544.52574411
5.25 22.875 0.0
5.75 22.875 0.0
6.25 22.875 0.0
6.75 22.875 0.0
7.25 22.875 0.0
7.75 22.875 0.0
8.25 22.875 0.0
8.75 22.875 0.0
0.25 23.125 0.0
0.75 23.125 3544.52574411
1.25 23.125 7089.05148822
1.75 23.125 3544.52574411
2.25 23.125 3544.52574411
2.75 23.125 3544.52574411
3.25 23.125 3544.52574411
3.75 23.125 0.0
4.25 23.125 0.0
4.75 23.125 0.0
5.25 23.125 0.0
5.75 23.125 0.0
6.25 23.125 0.0
6.75 23.125 0.0
7.25 23.125 0.0
7.75 23.125 0.0
8.25 23.125 0.0
8.75 23.125 0.0
0.25 23.375 3544.52574411
0.75 23.375 7089.05148822
1.25 23.375 3544.52574411
1.75 23.375 0.0
2.25 23.375 3544.52574411
2.75 23.375 3544.52574411
3.25 23.375 0.0
3.75 23.375 0.0
4.25 23.375 3544.52574411
4.75 23.375 0.0
5.25 23.375 0.0
5.75 23.375 0.0
6.25 23.375 0.0
6.75 23.375 0.0
7.25 23.375 0.0
7.75 23.375 0.0
8.25 23.375 0.0
8.75 23.375 0.0
0.25 23.625 0.0
0.75 23.625 3544.52574411
1.25 23.625 3544.52574411
1.75 23.625 3544.52574411
2.25 23.625 0.0
2.75 23.625 0.0
3.25 23.625 0.0
3.75 23.625 0.0
4.25 23.625 0.0
4.75 23.625 0.0
5.25 23.625 0.0
5.75 23.625 0.0
6.25 23.625 0.0
6.75 23.625 0.0
7.25 23.625 0.0
7.75 23.625 0.0
8.25 23.625 0.0
8.75 23.625 0.0
0.25 23.875 3544.52574411
0.75 23.875 0.0
1.25 23.875 3544.52574411
1.75 23.875 3544.52574411
2.25 23.875 3544.52574411
2.75 23.875 7089.05148822
3.25 23.875 0.0
3.75 23.875 0.0
4.25 23.875 0.0
4.75 23.875 0.0
5.25 23.875 0.0
5.75 23.875 0.0
6.25 23.875 0.0
6.75 23.875 0.0
7.25 23.875 0.0
7.75 23.875 0.0
8.25 23.875 0.0
8.75 23.875 0.0
0.25 24.125 3544.52574411
0.75 24.125 7089.05148822
1.25 24.125 0.0
1.75 24.125 3544.52574411
2.25 24.125 3544.52574411
2.75 24.125 0.0
3.25 24.125 0.0
3.75 24.125 0.0
4.25 24.125 0.0
4.75 24.125 0.0
5.25 24.125 0.0
5.75 24.125 0.0
6.25 24.125 0.0
6.75 24.125 0.0
7.25 24.125 0.0
7.75 24.125 0.0
8.25 24.125 0.0
8.75 24.125 0.0
0.25 24.375 10633.5772323
0.75 24.375 0.0
1.25 24.375 0.0
1.75 24.375 7089.05148822
2.25 24.375 3544.52574411
2.75 24.375 0.0
3.25 24.375 0.0
3.75 24.375 3544.52574411
4.25 24.375 0.0
4.75 24.375 0.0
5.25 24.375 0.0
5.75 24.375 0.0
6.25 24.375 0.0
6.75 24.375 0.0
7.25 24.375 0.0
7.75 24.375 0.0
8.25 24.375 0.0
8.75 24.375 0.0
0.25 24.625 0.0
0.75 24.625 3544.52574411
1.25 24.625 3544.52574411
1.75 24.625 0.0
2.25 24.625 0.0
2.75 24.625 0.0
3.25 24.625 0.0
3.75 24.625 0.0
4.25 24.625 3544.52574411
4.75 24.625 0.0
5.25 24.625 0.0
5.75 24.625 0.0
6.25 24.625 0.0
6.75 24.625 0.0
7.25 24.625 0.0
7.75 24.625 0.0
8.25 24.625 0.0
8.75 24.625 0.0
0.25 24.875 3544.52574411
0.75 24.875 7089.05148822
1.25 24.875 3544.52574411
1.75 24.875 3544.52574411
2.25 24.875 0.0
2.75 24.875 0.0
3.25 24.875 0.0
3.75 24.875 0.0
4.25 24.875 3544.52574411
4.75 24.875 0.0
5.25 24.875 0.0
5.75 24.875 0.0
6.25 24.875 0.0
6.75 24.875 0.0
7.25 24.875 0.0
7.75 24.875 0.0
8.25 24.875 0.0
8.75 24.875 0.0
0.25 25.125 0.0
0.75 25.125 3544.52574411
1.25 25.125 0.0
1.75 25.125 7089.05148822
2.25 25.125 0.0
2.75 25.125 0.0
3.25 25.125 0.0
3.75 25.125 0.0
4.25 25.125 0.0
4.75 25.125 0.0
5.25 25.125 0.0
5.75 25.125 0.0
6.25 25.125 0.0
6.75 25.125 0.0
7.25 25.125 0.0
7.75 25.125 0.0
8.25 25.125 0.0
8.75 25.125 0.0
0.25 25.375 3544.52574411
0.75 25.375 7089.05148822
1.25 25.375 0.0
1.75 25.375 0.0
2.25 25.375 0.0
2.75 25.375 0.0
3.25 25.375 0.0
3.75 25.375 0.0
4.25 25.375 0.0
4.75 25.375 0.0
5.25 25.375 0.0
5.75 25.375 0.0
6.25 25.375 0.0
6.75 25.375 0.0
7.25 25.375 0.0
7.75 25.375 0.0
8.25 25.375 0.0
8.75 25.375 0.0
0.25 25.625 3544.52574411
0.75 25.625 0.0
1.25 25.625 0.0
1.75 25.625 7089.05148822
2.25 25.625 0.0
2.75 25.625 0.0
3.25 25.625 0.0
3.75 25.625 0.0
4.25 25.625 0.0
4.75 25.625 0.0
5.25 25.625 0.0
5.75 25.625 0.0
6.25 25.625 0.0
6.75 25.625 0.0
7.25 25.625 0.0
7.75 25.625 0.0
8.25 25.625 0.0
8.75 25.625 0.0
0.25 25.875 7089.05148822
0.75 25.875 0.0
1.25 25.875 3544.52574411
1.75 25.875 3544.52574411
2.25 25.875 0.0
2.75 25.875 3544.52574411
3.25 25.875 0.0
3.75 25.875 0.0
4.25 25.875 0.0
4.75 25.875 3544.52574411
5.25 25.875 0.0
5.75 25.875 0.0
6.25 25.875 0.0
6.75 25.875 0.0
7.25 25.875 0.0
7.75 25.875 0.0
8.25 25.875 0.0
8.75 25.875 0.0
0.25 26.125 7089.05148822
0.75 26.125 3544.52574411
1.25 26.125 7089.05148822
1.75 26.125 3544.52574411
2.25 26.125 3544.52574411
2.75 26.125 0.0
3.25 26.125 7089.05148822
3.75 26.125 0.0
4.25 26.125 0.0
4.75 26.125 0.0
5.25 26.125 0.0
5.75 26.125 0.0
6.25 26.125 0.0
6.75 26.125 0.0
7.25 26.125 0.0
7.75 26.125 0.0
8.25 26.125 0.0
8.75 26.125 0.0
0.25 26.375 7089.05148822
0.75 26.375 7089.05148822
1.25 26.375 7089.05148822
1.75 26.375 7089.05148822
2.25 26.375 0.0
2.75 26.375 0.0
3.25 26.375 0.0
3.75 26.375 0.0
4.25 26.375 0.0
4.75 26.375 0.0
5.25 26.375 0.0
5.75 26.375 0.0
6.25 26.375 0.0
6.75 26.375 0.0
7.25 26.375 0.0
7.75 26.375 0.0
8.25 26.375 0.0
8.75 26.375 0.0
0.25 26.625 0.0
0.75 26.625 0.0
1.25 26.625 0.0
1.75 26.625 0.0
2.25 26.625 3544.52574411
2.75 26.625 0.0
3.25 26.625 0.0
3.75 26.625 0.0
4.25 26.625 0.0
4.75 26.625 0.0
5.25 26.625 0.0
5.75 26.625 0.0
6.25 26.625 0.0
6.75 26.625 0.0
7.25 26.625 0.0
7.75 26.625 0.0
8.25 26.625 0.0
8.75 26.625 0.0
0.25 26.875 7089.05148822
0.75 26.875 0.0
1.25 26.875 3544.52574411
1.75 26.875 3544.52574411
2.25 26.875 0.0
2.75 26.875 0.0
3.25 26.875 10633.5772323
3.75 26.875 0.0
4.25 26.875 0.0
4.75 26.875 0.0
5.25 26.875 0.0
5.75 26.875 0.0
6.25 26.875 0.0
6.75 26.875 0.0
7.25 26.875 0.0
7.75 26.875 0.0
8.25 26.875 0.0
8.75 26.875 0.0
0.25 27.125 0.0
0.75 27.125 3544.52574411
1.25 27.125 0.0
1.75 27.125 3544.52574411
2.25 27.125 0.0
2.75 27.125 0.0
3.25 27.125 0.0
3.75 27.125 0.0
4.25 27.125 0.0
4.75 27.125 0.0
5.25 27.125 0.0
5.75 27.125 0.0
6.25 27.125 0.0
6.75 27.125 0.0
7.25 27.125 0.0
7.75 27.125 0.0
8.25 27.125 0.0
8.75 27.125 0.0
0.25 27.375 0.0
0.75 27.375 0.0
1.25 27.375 3544.52574411
1.75 27.375 0.0
2.25 27.375 3544.52574411
2.75 27.375 0.0
3.25 27.375 0.0
3.75 27.375 3544.52574411
4.25 27.375 0.0
4.75 27.375 0.0
5.25 27.375 0.0
5.75 27.375 0.0
6.25 27.375 0.0
6.75 27.375 0.0
7.25 27.375 0.0
7.75 27.375 0.0
8.25 27.375 0.0
8.75 27.375 0.0
0.25 27.625 0.0
0.75 27.625 3544.52574411
1.25 27.625 0.0
1.75 27.625 3544.52574411
2.25 27.625 0.0
2.75 27.625 3544.52574411
3.25 27.625 0.0
3.75 27.625 0.0
4.25 27.625 0.0
4.75 27.625 0.0
5.25 27.625 0.0
5.75 27.625 0.0
6.25 27.625 0.0
6.75 27.625 0.0
7.25 27.625 0.0
7.75 27.625 0.0
8.25 27.625 0.0
8.75 27.625 0.0
0.25 27.875 0.0
0.75 27.875 0.0
1.25 27.875 3544.52574411
1.75 27.875 0.0
2.25 27.875 0.0
2.75 27.875 0.0
3.25 27.875 0.0
3.75 27.875 0.0
4.25 27.875 0.0
4.75 27.875 0.0
5.25 27.875 0.0
5.75 27.875 0.0
6.25 27.875 0.0
6.75 27.875 0.0
7.25 27.875 0.0
7.75 27.875 0.0
8.25 27.875 0.0
8.75 27.875 0.0
0.25 28.125 3544.52574411
0.75 28.125 0.0
1.25 28.125 3544.52574411
1.75 28.125 0.0
2.25 28.125 0.0
2.75 28.125 3544.52574411
3.25 28.125 3544.52574411
3.75 28.125 0.0
4.25 28.125 0.0
4.75 28.125 0.0
5.25 28.125 0.0
5.75 28.125 0.0
6.25 28.125 0.0
6.75 28.125 0.0
7.25 28.125 0.0
7.75 28.125 0.0
8.25 28.125 0.0
8.75 28.125 0.0
0.25 28.375 0.0
0.75 28.375 0.0
1.25 28.375 0.0
1.75 28.375 0.0
2.25 28.375 0.0
2.75 28.375 0.0
3.25 28.375 0.0
3.75 28.375 0.0
4.25 28.375 0.0
4.75 28.375 0.0
5.25 28.375 0.0
5.75 28.375 0.0
6.25 28.375 0.0
6.75 28.375 0.0
7.25 28.375 0.0
7.75 28.375 0.0
8.25 28.375 0.0
8.75 28.375 0.0
0.25 28.625 3544.52574411
0.75 28.625 3544.52574411
1.25 28.625 0.0
1.75 28.625 0.0
2.25 28.625 3544.52574411
2.75 28.625 0.0
3.25 28.625 0.0
3.75 28.625 0.0
4.25 28.625 0.0
4.75 28.625 0.0
5.25 28.625 0.0
5.75 28.625 0.0
6.25 28.625 0.0
6.75 28.625 0.0
7.25 28.625 0.0
7.75 28.625 0.0
8.25 28.625 0.0
8.75 28.625 0.0
0.25 28.875 0.0
0.75 28.875 0.0
1.25 28.875 0.0
1.75 28.875 0.0
2.25 28.875 3544.52574411
2.75 28.875 0.0
3.25 28.875 0.0
3.75 28.875 3544.52574411
4.25 28.875 0.0
4.75 28.875 0.0
5.25 28.875 0.0
5.75 28.875 0.0
6.25 28.875 0.0
6.75 28.875 0.0
7.25 28.875 0.0
7.75 28.875 0.0
8.25 28.875 0.0
8.75 28.875 0.0
0.25 29.125 0.0
0.75 29.125 7089.05148822
1.25 29.125 0.0
1.75 29.125 0.0
2.25 29.125 0.0
2.75 29.125 0.0
3.25 29.125 0.0
3.75 29.125 0.0
4.25 29.125 0.0
4.75 29.125 0.0
5.25 29.125 0.0
5.75 29.125 0.0
6.25 29.125 0.0
6.75 29.125 0.0
7.25 29.125 0.0
7.75 29.125 0.0
8.25 29.125 0.0
8.75 29.125 0.0
0.25 29.375 0.0
0.75 29.375 0.0
1.25 29.375 3544.52574411
1.75 29.375 0.0
2.25 29.375 3544.52574411
2.75 29.375 3544.52574411
3.25 29.375 0.0
3.75 29.375 0.0
4.25 29.375 0.0
4.75 29.375 0.0
5.25 29.375 0.0
5.75 29.375 0.0
6.25 29.375 0.0
6.75 29.375 0.0
7.25 29.375 0.0
7.75 29.375 0.0
8.25 29.375 0.0
8.75 29.375 0.0
0.25 29.625 3544.52574411
0.75 29.625 0.0
1.25 29.625 0.0
1.75 29.625 0.0
2.25 29.625 0.0
2.75 29.625 0.0
3.25 29.625 0.0
3.75 29.625 0.0
4.25 29.625 0.0
4.75 29.625 0.0
5.25 29.625 0.0
5.75 29.625 0.0
6.25 29.625 0.0
6.75 29.625 0.0
7.25 29.625 0.0
7.75 29.625 0.0
8.25 29.625 0.0
8.75 29.625 0.0
0.25 29.875 0.0
0.75 29.875 0.0
1.25 29.875 0.0
1.75 29.875 0.0
2.25 29.875 0.0
2.75 29.875 0.0
3.25 29.875 0.0
3.75 29.875 0.0
4.25 29.875 0.0
4.75 29.875 0.0
5.25 29.875 0.0
5.75 29.875 0.0
6.25 29.875 0.0
6.75 29.875 0.0
7.25 29.875 0.0
7.75 29.875 0.0
8.25 29.875 0.0
8.75 29.875 0.0
