11.294627058970837 69.4291083987475
14.219093021276404 608.0021527730529
17.900777537149963 641.9198257186221
22.535743732392298 1504.4141483771298
28.370820458389794 5884.290146625493
35.71674682851676 8596.006221032865
44.96472020903849 7028.339376660984
56.60722890537329 19805.272173120804
71.26427896022373 23875.164046369442
89.71641173621407 44909.59420632184
112.94627058970838 67667.41447790967
142.1909302127641 87318.869577478
179.00777537149963 116210.01264744438
225.35743732392305 138230.9595542003
283.7082045838981 221740.97207323177
357.1674682851676 276451.13475549116
449.6472020903849 318835.94713489397
566.0722890537327 366914.7178159426
712.6427896022376 373349.04885719484
897.164117362141 333659.7055348919
1129.4627058970837 281389.11086998787
1421.9093021276408 192560.98388060462
1790.0777537149975 119559.00740745384
2253.5743732392316 66669.2675562473
2837.082045838981 26390.181621644646
3571.674682851676 7929.230626644567
4496.47202090385 2352.7474134173244
5660.72289053733 483.84500484215096
7126.427896022379 16.585716544650495
8971.64117362141 0.24631410324946046
