11.294627058970837 98.34544340801018
14.219093021276404 2502.062563506352
17.900777537149963 3582.9227582650924
22.535743732392298 3702.596234178014
28.370820458389794 28421.251177967417
35.71674682851676 51027.11869218651
44.96472020903849 14936.523797893256
56.60722890537329 44100.8489083914
71.26427896022373 117859.23162861669
89.71641173621407 183713.7101441315
112.94627058970838 183256.34480617894
142.1909302127641 295213.9548839667
179.00777537149963 295821.59161120735
225.35743732392305 466871.228244666
283.7082045838981 536308.3312797761
357.1674682851676 577224.7515433342
449.6472020903849 568714.6891807644
566.0722890537327 702469.1315512541
712.6427896022376 508813.07123497454
897.164117362141 439987.32185991015
1129.4627058970837 311792.57166074216
1421.9093021276408 156450.17702814657
1790.0777537149975 86990.3392411694
2253.5743732392316 29950.513889262453
2837.082045838981 9368.834176729433
3571.674682851676 2213.07700722944
4496.47202090385 318.44470851588994
5660.72289053733 39.760932959616184
7126.427896022379 1.1501151388511062
8971.64117362141 0.00017394870519638062
