11.294627058970837 36.18402673358367
14.219093021276404 347.4294202287519
17.900777537149963 453.5072698175408
22.535743732392298 2006.4350480308015
28.370820458389794 8004.500664249951
35.71674682851676 4625.1635696699195
44.96472020903849 12610.465457927252
56.60722890537329 19121.930406026902
71.26427896022373 21324.86805825062
89.71641173621407 37083.880239820704
112.94627058970838 45066.20108282211
142.1909302127641 58690.40341308914
179.00777537149963 58413.8309375149
225.35743732392305 63911.06099008513
283.7082045838981 58661.61636687111
357.1674682851676 49639.703582524206
449.6472020903849 43432.19521967578
566.0722890537327 39447.15064768138
712.6427896022376 37456.54800064408
897.164117362141 26772.99472068844
1129.4627058970837 20298.812754946994
1421.9093021276408 12377.684252388077
1790.0777537149975 6658.082207493251
2253.5743732392316 3152.5628055180423
2837.082045838981 834.5582036055857
3571.674682851676 180.0956841346342
4496.47202090385 18.5561740527628
5660.72289053733 2.0959751534974203
7126.427896022379 0.14926492422819138
8971.64117362141 2.1034618839621544e-05
