11.294627058970837 424.0620483298321
14.219093021276404 121.79245647479752
17.900777537149963 1973.860373433951
22.535743732392298 12557.528674907602
28.370820458389794 9690.082150235057
35.71674682851676 18859.122553358153
44.96472020903849 28102.65632721663
56.60722890537329 74484.43451302491
71.26427896022373 130474.95433144912
89.71641173621407 196923.87680196553
112.94627058970838 221597.08873294573
142.1909302127641 255571.92938833346
179.00777537149963 360289.05997440487
225.35743732392305 438477.34614945226
283.7082045838981 453088.5930342714
357.1674682851676 544319.3524458511
449.6472020903849 652394.8445416805
566.0722890537327 633375.3832599507
712.6427896022376 512907.31239895243
897.164117362141 400734.55942686275
1129.4627058970837 306328.28428296465
1421.9093021276408 155919.10019381996
1790.0777537149975 77786.2963664839
2253.5743732392316 31309.655577736907
2837.082045838981 9110.37320544105
3571.674682851676 2014.6140727847815
4496.47202090385 299.38382802996784
5660.72289053733 23.22296089027077
7126.427896022379 0.6317675830796361
8971.64117362141 6.989575922489166e-06
