11.294627058970837 2082.6985973897654
14.219093021276404 2948.2306643896263
17.900777537149963 3204.3881905711432
22.535743732392298 6842.290775420413
28.370820458389794 8625.670585987462
35.71674682851676 14189.65393504938
44.96472020903849 36379.410949604084
56.60722890537329 56493.24270885867
71.26427896022373 115764.86256075004
89.71641173621407 130411.30727327961
112.94627058970838 219925.58720269258
142.1909302127641 284750.8394379391
179.00777537149963 292679.4059236868
225.35743732392305 467988.34219096927
283.7082045838981 489691.0273216702
357.1674682851676 613936.8294321909
449.6472020903849 657311.0769425314
566.0722890537327 583408.3544960637
712.6427896022376 560607.6148954248
897.164117362141 418968.4876546459
1129.4627058970837 285278.6362444181
1421.9093021276408 177691.96697161254
1790.0777537149975 85083.35606211796
2253.5743732392316 33090.276257304475
2837.082045838981 10443.43315083813
3571.674682851676 2082.381317138672
4496.47202090385 425.3020354118198
5660.72289053733 27.310793888755143
7126.427896022379 0.644614091143012
8971.64117362141 1.8067657947540283e-07
