11.294627058970837 99.57009835462412
14.219093021276404 109.9013717446999
17.900777537149963 333.14578452226306
22.535743732392298 1171.1072627667986
28.370820458389794 3961.0892625339857
35.71674682851676 3282.06344703837
44.96472020903849 3882.5989853033934
56.60722890537329 7232.130664767987
71.26427896022373 9802.851954907503
89.71641173621407 12027.495269067887
112.94627058970838 14727.835071733949
142.1909302127641 19201.640298435923
179.00777537149963 19086.30129360828
225.35743732392305 23183.571066377262
283.7082045838981 19301.64878294377
357.1674682851676 17150.49518370451
449.6472020903849 13303.554539144301
566.0722890537327 12552.267050065944
712.6427896022376 10492.85519977563
897.164117362141 9472.042412333161
1129.4627058970837 6826.195892402553
1421.9093021276408 3941.3693483630777
1790.0777537149975 2498.2916115067783
2253.5743732392316 731.2522951780993
2837.082045838981 134.75521736967494
3571.674682851676 4.8173700623447075
4496.47202090385 0.23605987601331435
5660.72289053733 0.0
7126.427896022379 0.0
8971.64117362141 0.0
