0.25 0.125 17170670.1749
0.75 0.125 18731640.1908
1.25 0.125 18419446.1876
1.75 0.125 14985312.1526
2.25 0.125 17795058.1812
2.75 0.125 18731640.1908
3.25 0.125 15297506.1558
3.75 0.125 16546282.1685
4.25 0.125 13736536.1399
4.75 0.125 11551178.1176
5.25 0.125 11238984.1145
5.75 0.125 9365820.09539
6.25 0.125 9053626.09221
6.75 0.125 4682910.04769
7.25 0.125 2497552.02544
7.75 0.125 1873164.01908
8.25 0.125 0.0
8.75 0.125 0.0
0.25 0.375 43707160.4451
0.75 0.375 52448592.5342
1.25 0.375 49638846.5056
1.75 0.375 53385174.5437
2.25 0.375 50263234.5119
2.75 0.375 44643742.4547
3.25 0.375 55258338.5628
3.75 0.375 47141294.4801
4.25 0.375 36838892.3752
4.75 0.375 40897414.4165
5.25 0.375 28097460.2862
5.75 0.375 24975520.2544
6.25 0.375 18731640.1908
6.75 0.375 9678014.09857
7.25 0.375 4682910.04769
7.75 0.375 1873164.01908
8.25 0.375 0.0
8.75 0.375 0.0
0.25 0.625 74302172.7567
0.75 0.625 73365590.7472
1.25 0.625 75550948.7695
1.75 0.625 78048500.7949
2.25 0.625 69931456.7122
2.75 0.625 59316860.6041
3.25 0.625 54946144.5596
3.75 0.625 54633950.5564
4.25 0.625 46829100.4769
4.75 0.625 44955936.4579
5.25 0.625 34653534.3529
5.75 0.625 31219400.318
6.25 0.625 25599908.2607
6.75 0.625 14673118.1494
7.25 0.625 7180462.07313
7.75 0.625 1248776.01272
8.25 0.625 0.0
8.75 0.625 0.0
0.25 0.875 93658200.9539
0.75 0.875 88038708.8966
1.25 0.875 84916768.8649
1.75 0.875 83355798.849
2.25 0.875 79297276.8076
2.75 0.875 73989978.7536
3.25 0.875 75550948.7695
3.75 0.875 70243650.7154
4.25 0.875 60877830.62
4.75 0.875 53697368.5469
5.25 0.875 44955936.4579
5.75 0.875 45580324.4642
6.25 0.875 24351132.248
6.75 0.875 15609700.159
7.25 0.875 5931686.06041
7.75 0.875 3434134.03498
8.25 0.875 312194.00318
8.75 0.875 0.0
0.25 1.125 88663096.903
0.75 1.125 103960603.059
1.25 1.125 91160648.9284
1.75 1.125 88975290.9062
2.25 1.125 92097230.938
2.75 1.125 94282588.9602
3.25 1.125 69931456.7122
3.75 1.125 78985082.8044
4.25 1.125 59941248.6105
4.75 1.125 48077876.4897
5.25 1.125 47141294.4801
5.75 1.125 26536490.2703
6.25 1.125 20916998.213
6.75 1.125 11238984.1145
7.25 1.125 5931686.06041
7.75 1.125 936582.009539
8.25 1.125 624388.006359
8.75 1.125 0.0
0.25 1.375 86477738.8807
0.75 1.375 95843558.9761
1.25 1.375 80546052.8203
1.75 1.375 86477738.8807
2.25 1.375 89911872.9157
2.75 1.375 80546052.8203
3.25 1.375 73365590.7472
3.75 1.375 71804620.7313
4.25 1.375 61502218.6264
4.75 1.375 54633950.5564
5.25 1.375 37775474.3847
5.75 1.375 30595012.3116
6.25 1.375 22790162.2321
6.75 1.375 13424342.1367
7.25 1.375 5619492.05723
7.75 1.375 1560970.0159
8.25 1.375 0.0
8.75 1.375 312194.00318
0.25 1.625 97404528.992
0.75 1.625 95843558.9761
1.25 1.625 101150857.03
1.75 1.625 85228962.868
2.25 1.625 83980186.8553
2.75 1.625 71804620.7313
3.25 1.625 66809516.6804
3.75 1.625 67433904.6868
4.25 1.625 50575428.5151
4.75 1.625 45268130.461
5.25 1.625 37463280.3816
5.75 1.625 25912102.2639
6.25 1.625 19980416.2035
6.75 1.625 14673118.1494
7.25 1.625 2497552.02544
7.75 1.625 0.0
8.25 1.625 0.0
8.75 1.625 0.0
0.25 1.875 80858246.8235
0.75 1.875 85853350.8744
1.25 1.875 83355798.849
1.75 1.875 83043604.8458
2.25 1.875 73053396.744
2.75 1.875 77111918.7854
3.25 1.875 71804620.7313
3.75 1.875 51512010.5246
4.25 1.875 49326652.5024
4.75 1.875 35902310.3657
5.25 1.875 31843788.3243
5.75 1.875 19356028.1971
6.25 1.875 15921894.1622
6.75 1.875 9053626.09221
7.25 1.875 1873164.01908
7.75 1.875 624388.006359
8.25 1.875 0.0
8.75 1.875 0.0
0.25 2.125 77424112.7885
0.75 2.125 72116814.7345
1.25 2.125 69619262.7091
1.75 2.125 64624158.6582
2.25 2.125 70555844.7186
2.75 2.125 63687576.6486
3.25 2.125 60877830.62
3.75 2.125 47141294.4801
4.25 2.125 42458384.4324
4.75 2.125 35590116.3625
5.25 2.125 29034042.2957
5.75 2.125 16858476.1717
6.25 2.125 9678014.09857
6.75 2.125 6243880.06359
7.25 2.125 1248776.01272
7.75 2.125 0.0
8.25 2.125 0.0
8.75 2.125 0.0
0.25 2.375 74614366.7599
0.75 2.375 68682680.6995
1.25 2.375 74926560.7631
1.75 2.375 60253442.6137
2.25 2.375 58692472.5978
2.75 2.375 48702264.496
3.25 2.375 54009562.5501
3.75 2.375 45892518.4674
4.25 2.375 41833996.4261
4.75 2.375 32155982.3275
5.25 2.375 29970624.3052
5.75 2.375 20604804.2099
6.25 2.375 11238984.1145
6.75 2.375 3746328.03816
7.25 2.375 936582.009539
7.75 2.375 0.0
8.25 2.375 0.0
8.75 2.375 0.0
0.25 2.625 64311964.655
0.75 2.625 61814412.6296
1.25 2.625 62438800.6359
1.75 2.625 57131502.5819
2.25 2.625 52760786.5374
2.75 2.625 49638846.5056
3.25 2.625 52136398.531
3.75 2.625 40585220.4133
4.25 2.625 35590116.3625
4.75 2.625 30595012.3116
5.25 2.625 20292610.2067
5.75 2.625 20292610.2067
6.25 2.625 8741432.08903
6.75 2.625 2497552.02544
7.25 2.625 624388.006359
7.75 2.625 0.0
8.25 2.625 0.0
8.75 2.625 0.0
0.25 2.875 58068084.5914
0.75 2.875 58380278.5946
1.25 2.875 55882726.5691
1.75 2.875 52448592.5342
2.25 2.875 54321756.5533
2.75 2.875 45580324.4642
3.25 2.875 41209608.4197
3.75 2.875 30907206.3148
4.25 2.875 30907206.3148
4.75 2.875 22477968.2289
5.25 2.875 17482864.1781
5.75 2.875 9365820.09539
6.25 2.875 10302402.1049
6.75 2.875 2185358.02226
7.25 2.875 624388.006359
7.75 2.875 0.0
8.25 2.875 0.0
8.75 2.875 0.0
0.25 3.125 47765682.4865
0.75 3.125 54009562.5501
1.25 3.125 43394966.442
1.75 3.125 42458384.4324
2.25 3.125 42458384.4324
2.75 3.125 37151086.3784
3.25 3.125 37151086.3784
3.75 3.125 33716952.3434
4.25 3.125 20292610.2067
4.75 3.125 19668222.2003
5.25 3.125 13112148.1335
5.75 3.125 10614596.1081
6.25 3.125 4995104.05087
6.75 3.125 1560970.0159
7.25 3.125 0.0
7.75 3.125 0.0
8.25 3.125 0.0
8.75 3.125 0.0
0.25 3.375 46204712.4706
0.75 3.375 42770578.4356
1.25 3.375 41833996.4261
1.75 3.375 35590116.3625
2.25 3.375 38712056.3943
2.75 3.375 44331548.4515
3.25 3.375 38399862.3911
3.75 3.375 24351132.248
4.25 3.375 22477968.2289
4.75 3.375 18419446.1876
5.25 3.375 10302402.1049
5.75 3.375 9053626.09221
6.25 3.375 4682910.04769
6.75 3.375 1248776.01272
7.25 3.375 0.0
7.75 3.375 0.0
8.25 3.375 0.0
8.75 3.375 0.0
0.25 3.625 38087668.3879
0.75 3.625 36526698.372
1.25 3.625 33092564.337
1.75 3.625 38087668.3879
2.25 3.625 32155982.3275
2.75 3.625 29034042.2957
3.25 3.625 21853580.2226
3.75 3.625 19668222.2003
4.25 3.625 15609700.159
4.75 3.625 13424342.1367
5.25 3.625 5619492.05723
5.75 3.625 6556074.06677
6.25 3.625 4682910.04769
6.75 3.625 624388.006359
7.25 3.625 312194.00318
7.75 3.625 0.0
8.25 3.625 0.0
8.75 3.625 0.0
0.25 3.875 29346236.2989
0.75 3.875 37775474.3847
1.25 3.875 31843788.3243
1.75 3.875 26224296.2671
2.25 3.875 29658430.3021
2.75 3.875 26848684.2734
3.25 3.875 25287714.2575
3.75 3.875 19043834.194
4.25 3.875 13424342.1367
4.75 3.875 9678014.09857
5.25 3.875 11238984.1145
5.75 3.875 5619492.05723
6.25 3.875 1873164.01908
6.75 3.875 312194.00318
7.25 3.875 0.0
7.75 3.875 0.0
8.25 3.875 0.0
8.75 3.875 0.0
0.25 4.125 27785266.283
0.75 4.125 29970624.3052
1.25 4.125 30282818.3084
1.75 4.125 27473072.2798
2.25 4.125 20604804.2099
2.75 4.125 23102356.2353
3.25 4.125 17482864.1781
3.75 4.125 20292610.2067
4.25 4.125 11551178.1176
4.75 4.125 9990208.10175
5.25 4.125 7492656.07631
5.75 4.125 2497552.02544
6.25 4.125 1873164.01908
6.75 4.125 312194.00318
7.25 4.125 0.0
7.75 4.125 0.0
8.25 4.125 0.0
8.75 4.125 0.0
0.25 4.375 25287714.2575
0.75 4.375 26224296.2671
1.25 4.375 24038938.2448
1.75 4.375 20604804.2099
2.25 4.375 20292610.2067
2.75 4.375 15921894.1622
3.25 4.375 15297506.1558
3.75 4.375 11863372.1208
4.25 4.375 12175566.124
4.75 4.375 9678014.09857
5.25 4.375 8429238.08585
5.75 4.375 4995104.05087
6.25 4.375 312194.00318
6.75 4.375 0.0
7.25 4.375 312194.00318
7.75 4.375 0.0
8.25 4.375 0.0
8.75 4.375 0.0
0.25 4.625 26848684.2734
0.75 4.625 20292610.2067
1.25 4.625 22790162.2321
1.75 4.625 18419446.1876
2.25 4.625 14985312.1526
2.75 4.625 15921894.1622
3.25 4.625 11863372.1208
3.75 4.625 12487760.1272
4.25 4.625 10302402.1049
4.75 4.625 11551178.1176
5.25 4.625 4995104.05087
5.75 4.625 2497552.02544
6.25 4.625 624388.006359
6.75 4.625 0.0
7.25 4.625 0.0
7.75 4.625 0.0
8.25 4.625 0.0
8.75 4.625 0.0
0.25 4.875 20292610.2067
0.75 4.875 18419446.1876
1.25 4.875 16234088.1653
1.75 4.875 16546282.1685
2.25 4.875 17170670.1749
2.75 4.875 16546282.1685
3.25 4.875 11551178.1176
3.75 4.875 9990208.10175
4.25 4.875 9990208.10175
4.75 4.875 6243880.06359
5.25 4.875 6556074.06677
5.75 4.875 2185358.02226
6.25 4.875 0.0
6.75 4.875 0.0
7.25 4.875 0.0
7.75 4.875 0.0
8.25 4.875 0.0
8.75 4.875 0.0
0.25 5.125 17482864.1781
0.75 5.125 12799954.1304
1.25 5.125 14360924.1463
1.75 5.125 14048730.1431
2.25 5.125 15921894.1622
2.75 5.125 11551178.1176
3.25 5.125 8117044.08267
3.75 5.125 12487760.1272
4.25 5.125 6243880.06359
4.75 5.125 4995104.05087
5.25 5.125 2809746.02862
5.75 5.125 1873164.01908
6.25 5.125 936582.009539
6.75 5.125 312194.00318
7.25 5.125 0.0
7.75 5.125 0.0
8.25 5.125 0.0
8.75 5.125 0.0
0.25 5.375 18419446.1876
0.75 5.375 10614596.1081
1.25 5.375 16234088.1653
1.75 5.375 12175566.124
2.25 5.375 10926790.1113
2.75 5.375 9678014.09857
3.25 5.375 8741432.08903
3.75 5.375 6556074.06677
4.25 5.375 6556074.06677
4.75 5.375 5307298.05405
5.25 5.375 1560970.0159
5.75 5.375 624388.006359
6.25 5.375 0.0
6.75 5.375 312194.00318
7.25 5.375 0.0
7.75 5.375 0.0
8.25 5.375 0.0
8.75 5.375 0.0
0.25 5.625 8741432.08903
0.75 5.625 10614596.1081
1.25 5.625 12175566.124
1.75 5.625 10926790.1113
2.25 5.625 8429238.08585
2.75 5.625 9678014.09857
3.25 5.625 6556074.06677
3.75 5.625 6868268.06995
4.25 5.625 4370716.04451
4.75 5.625 4995104.05087
5.25 5.625 1248776.01272
5.75 5.625 624388.006359
6.25 5.625 312194.00318
6.75 5.625 0.0
7.25 5.625 0.0
7.75 5.625 0.0
8.25 5.625 0.0
8.75 5.625 0.0
0.25 5.875 9365820.09539
0.75 5.875 8117044.08267
1.25 5.875 10614596.1081
1.75 5.875 9678014.09857
2.25 5.875 11551178.1176
2.75 5.875 6556074.06677
3.25 5.875 5307298.05405
3.75 5.875 6243880.06359
4.25 5.875 4370716.04451
4.75 5.875 1248776.01272
5.25 5.875 2497552.02544
5.75 5.875 1560970.0159
6.25 5.875 312194.00318
6.75 5.875 0.0
7.25 5.875 0.0
7.75 5.875 0.0
8.25 5.875 0.0
8.75 5.875 0.0
0.25 6.125 6243880.06359
0.75 6.125 9678014.09857
1.25 6.125 5619492.05723
1.75 6.125 3746328.03816
2.25 6.125 5619492.05723
2.75 6.125 9053626.09221
3.25 6.125 5619492.05723
3.75 6.125 5619492.05723
4.25 6.125 3746328.03816
4.75 6.125 2185358.02226
5.25 6.125 1873164.01908
5.75 6.125 624388.006359
6.25 6.125 624388.006359
6.75 6.125 0.0
7.25 6.125 0.0
7.75 6.125 0.0
8.25 6.125 0.0
8.75 6.125 0.0
0.25 6.375 10302402.1049
0.75 6.375 9678014.09857
1.25 6.375 5931686.06041
1.75 6.375 4995104.05087
2.25 6.375 9053626.09221
2.75 6.375 6868268.06995
3.25 6.375 4370716.04451
3.75 6.375 5931686.06041
4.25 6.375 2185358.02226
4.75 6.375 624388.006359
5.25 6.375 624388.006359
5.75 6.375 0.0
6.25 6.375 312194.00318
6.75 6.375 0.0
7.25 6.375 0.0
7.75 6.375 0.0
8.25 6.375 0.0
8.75 6.375 0.0
0.25 6.625 5307298.05405
0.75 6.625 6556074.06677
1.25 6.625 6243880.06359
1.75 6.625 9365820.09539
2.25 6.625 6243880.06359
2.75 6.625 3746328.03816
3.25 6.625 4058522.04133
3.75 6.625 2497552.02544
4.25 6.625 1248776.01272
4.75 6.625 1560970.0159
5.25 6.625 2497552.02544
5.75 6.625 624388.006359
6.25 6.625 0.0
6.75 6.625 0.0
7.25 6.625 0.0
7.75 6.625 0.0
8.25 6.625 0.0
8.75 6.625 0.0
0.25 6.875 5307298.05405
0.75 6.875 2809746.02862
1.25 6.875 4995104.05087
1.75 6.875 5307298.05405
2.25 6.875 4682910.04769
2.75 6.875 5307298.05405
3.25 6.875 3434134.03498
3.75 6.875 4682910.04769
4.25 6.875 1560970.0159
4.75 6.875 2185358.02226
5.25 6.875 624388.006359
5.75 6.875 0.0
6.25 6.875 0.0
6.75 6.875 0.0
7.25 6.875 0.0
7.75 6.875 0.0
8.25 6.875 0.0
8.75 6.875 0.0
0.25 7.125 5619492.05723
0.75 7.125 4682910.04769
1.25 7.125 3746328.03816
1.75 7.125 4058522.04133
2.25 7.125 4370716.04451
2.75 7.125 3746328.03816
3.25 7.125 2809746.02862
3.75 7.125 4682910.04769
4.25 7.125 1560970.0159
4.75 7.125 624388.006359
5.25 7.125 624388.006359
5.75 7.125 0.0
6.25 7.125 0.0
6.75 7.125 0.0
7.25 7.125 0.0
7.75 7.125 0.0
8.25 7.125 0.0
8.75 7.125 0.0
0.25 7.375 4682910.04769
0.75 7.375 3746328.03816
1.25 7.375 4682910.04769
1.75 7.375 3434134.03498
2.25 7.375 4370716.04451
2.75 7.375 3434134.03498
3.25 7.375 4995104.05087
3.75 7.375 2185358.02226
4.25 7.375 2497552.02544
4.75 7.375 1248776.01272
5.25 7.375 312194.00318
5.75 7.375 0.0
6.25 7.375 0.0
6.75 7.375 0.0
7.25 7.375 0.0
7.75 7.375 0.0
8.25 7.375 0.0
8.75 7.375 0.0
0.25 7.625 3121940.0318
0.75 7.625 3121940.0318
1.25 7.625 4682910.04769
1.75 7.625 3121940.0318
2.25 7.625 2809746.02862
2.75 7.625 3434134.03498
3.25 7.625 3121940.0318
3.75 7.625 624388.006359
4.25 7.625 936582.009539
4.75 7.625 1248776.01272
5.25 7.625 624388.006359
5.75 7.625 0.0
6.25 7.625 312194.00318
6.75 7.625 0.0
7.25 7.625 0.0
7.75 7.625 0.0
8.25 7.625 0.0
8.75 7.625 0.0
0.25 7.875 3746328.03816
0.75 7.875 4058522.04133
1.25 7.875 2809746.02862
1.75 7.875 3434134.03498
2.25 7.875 2809746.02862
2.75 7.875 3746328.03816
3.25 7.875 1560970.0159
3.75 7.875 2185358.02226
4.25 7.875 312194.00318
4.75 7.875 936582.009539
5.25 7.875 624388.006359
5.75 7.875 0.0
6.25 7.875 0.0
6.75 7.875 0.0
7.25 7.875 0.0
7.75 7.875 0.0
8.25 7.875 0.0
8.75 7.875 0.0
0.25 8.125 1560970.0159
0.75 8.125 2809746.02862
1.25 8.125 2185358.02226
1.75 8.125 1873164.01908
2.25 8.125 2809746.02862
2.75 8.125 2809746.02862
3.25 8.125 936582.009539
3.75 8.125 1248776.01272
4.25 8.125 312194.00318
4.75 8.125 936582.009539
5.25 8.125 0.0
5.75 8.125 936582.009539
6.25 8.125 0.0
6.75 8.125 0.0
7.25 8.125 0.0
7.75 8.125 0.0
8.25 8.125 0.0
8.75 8.125 0.0
0.25 8.375 3434134.03498
0.75 8.375 2185358.02226
1.25 8.375 4058522.04133
1.75 8.375 2185358.02226
2.25 8.375 1560970.0159
2.75 8.375 624388.006359
3.25 8.375 312194.00318
3.75 8.375 1873164.01908
4.25 8.375 1248776.01272
4.75 8.375 312194.00318
5.25 8.375 312194.00318
5.75 8.375 0.0
6.25 8.375 0.0
6.75 8.375 0.0
7.25 8.375 0.0
7.75 8.375 0.0
8.25 8.375 0.0
8.75 8.375 0.0
0.25 8.625 1873164.01908
0.75 8.625 2185358.02226
1.25 8.625 2497552.02544
1.75 8.625 2185358.02226
2.25 8.625 2497552.02544
2.75 8.625 1248776.01272
3.25 8.625 1248776.01272
3.75 8.625 1248776.01272
4.25 8.625 936582.009539
4.75 8.625 1248776.01272
5.25 8.625 0.0
5.75 8.625 0.0
6.25 8.625 0.0
6.75 8.625 0.0
7.25 8.625 0.0
7.75 8.625 0.0
8.25 8.625 0.0
8.75 8.625 0.0
0.25 8.875 1248776.01272
0.75 8.875 1873164.01908
1.25 8.875 3746328.03816
1.75 8.875 1560970.0159
2.25 8.875 312194.00318
2.75 8.875 2185358.02226
3.25 8.875 936582.009539
3.75 8.875 936582.009539
4.25 8.875 0.0
4.75 8.875 312194.00318
5.25 8.875 0.0
5.75 8.875 0.0
6.25 8.875 0.0
6.75 8.875 0.0
7.25 8.875 0.0
7.75 8.875 0.0
8.25 8.875 0.0
8.75 8.875 0.0
0.25 9.125 2185358.02226
0.75 9.125 624388.006359
1.25 9.125 2809746.02862
1.75 9.125 624388.006359
2.25 9.125 1248776.01272
2.75 9.125 936582.009539
3.25 9.125 312194.00318
3.75 9.125 624388.006359
4.25 9.125 936582.009539
4.75 9.125 0.0
5.25 9.125 0.0
5.75 9.125 0.0
6.25 9.125 0.0
6.75 9.125 0.0
7.25 9.125 0.0
7.75 9.125 0.0
8.25 9.125 0.0
8.75 9.125 0.0
0.25 9.375 1560970.0159
0.75 9.375 1873164.01908
1.25 9.375 2185358.02226
1.75 9.375 624388.006359
2.25 9.375 936582.009539
2.75 9.375 0.0
3.25 9.375 312194.00318
3.75 9.375 936582.009539
4.25 9.375 312194.00318
4.75 9.375 0.0
5.25 9.375 312194.00318
5.75 9.375 0.0
6.25 9.375 0.0
6.75 9.375 0.0
7.25 9.375 0.0
7.75 9.375 0.0
8.25 9.375 0.0
8.75 9.375 0.0
0.25 9.625 1873164.01908
0.75 9.625 1248776.01272
1.25 9.625 1560970.0159
1.75 9.625 936582.009539
2.25 9.625 0.0
2.75 9.625 936582.009539
3.25 9.625 312194.00318
3.75 9.625 312194.00318
4.25 9.625 312194.00318
4.75 9.625 312194.00318
5.25 9.625 624388.006359
5.75 9.625 0.0
6.25 9.625 0.0
6.75 9.625 0.0
7.25 9.625 0.0
7.75 9.625 0.0
8.25 9.625 0.0
8.75 9.625 0.0
0.25 9.875 936582.009539
0.75 9.875 1560970.0159
1.25 9.875 0.0
1.75 9.875 2497552.02544
2.25 9.875 624388.006359
2.75 9.875 624388.006359
3.25 9.875 312194.00318
3.75 9.875 936582.009539
4.25 9.875 312194.00318
4.75 9.875 0.0
5.25 9.875 0.0
5.75 9.875 312194.00318
6.25 9.875 0.0
6.75 9.875 0.0
7.25 9.875 0.0
7.75 9.875 0.0
8.25 9.875 0.0
8.75 9.875 0.0
0.25 10.125 936582.009539
0.75 10.125 936582.009539
1.25 10.125 1560970.0159
1.75 10.125 936582.009539
2.25 10.125 936582.009539
2.75 10.125 1873164.01908
3.25 10.125 0.0
3.75 10.125 624388.006359
4.25 10.125 0.0
4.75 10.125 0.0
5.25 10.125 0.0
5.75 10.125 0.0
6.25 10.125 0.0
6.75 10.125 0.0
7.25 10.125 0.0
7.75 10.125 0.0
8.25 10.125 0.0
8.75 10.125 0.0
0.25 10.375 936582.009539
0.75 10.375 1873164.01908
1.25 10.375 1560970.0159
1.75 10.375 1248776.01272
2.25 10.375 312194.00318
2.75 10.375 312194.00318
3.25 10.375 312194.00318
3.75 10.375 624388.006359
4.25 10.375 0.0
4.75 10.375 312194.00318
5.25 10.375 0.0
5.75 10.375 0.0
6.25 10.375 0.0
6.75 10.375 0.0
7.25 10.375 0.0
7.75 10.375 0.0
8.25 10.375 0.0
8.75 10.375 0.0
0.25 10.625 312194.00318
0.75 10.625 936582.009539
1.25 10.625 312194.00318
1.75 10.625 1560970.0159
2.25 10.625 312194.00318
2.75 10.625 312194.00318
3.25 10.625 624388.006359
3.75 10.625 312194.00318
4.25 10.625 312194.00318
4.75 10.625 0.0
5.25 10.625 0.0
5.75 10.625 0.0
6.25 10.625 0.0
6.75 10.625 0.0
7.25 10.625 0.0
7.75 10.625 0.0
8.25 10.625 0.0
8.75 10.625 0.0
0.25 10.875 1248776.01272
0.75 10.875 936582.009539
1.25 10.875 624388.006359
1.75 10.875 936582.009539
2.25 10.875 936582.009539
2.75 10.875 936582.009539
3.25 10.875 624388.006359
3.75 10.875 0.0
4.25 10.875 0.0
4.75 10.875 312194.00318
5.25 10.875 0.0
5.75 10.875 0.0
6.25 10.875 0.0
6.75 10.875 0.0
7.25 10.875 0.0
7.75 10.875 0.0
8.25 10.875 0.0
8.75 10.875 0.0
0.25 11.125 936582.009539
0.75 11.125 936582.009539
1.25 11.125 936582.009539
1.75 11.125 1560970.0159
2.25 11.125 312194.00318
2.75 11.125 624388.006359
3.25 11.125 936582.009539
3.75 11.125 0.0
4.25 11.125 312194.00318
4.75 11.125 0.0
5.25 11.125 0.0
5.75 11.125 0.0
6.25 11.125 0.0
6.75 11.125 0.0
7.25 11.125 0.0
7.75 11.125 0.0
8.25 11.125 0.0
8.75 11.125 0.0
0.25 11.375 936582.009539
0.75 11.375 624388.006359
1.25 11.375 624388.006359
1.75 11.375 624388.006359
2.25 11.375 936582.009539
2.75 11.375 0.0
3.25 11.375 936582.009539
3.75 11.375 624388.006359
4.25 11.375 0.0
4.75 11.375 0.0
5.25 11.375 0.0
5.75 11.375 0.0
6.25 11.375 0.0
6.75 11.375 0.0
7.25 11.375 0.0
7.75 11.375 0.0
8.25 11.375 0.0
8.75 11.375 0.0
0.25 11.625 936582.009539
0.75 11.625 624388.006359
1.25 11.625 0.0
1.75 11.625 0.0
2.25 11.625 624388.006359
2.75 11.625 312194.00318
3.25 11.625 936582.009539
3.75 11.625 0.0
4.25 11.625 312194.00318
4.75 11.625 0.0
5.25 11.625 0.0
5.75 11.625 0.0
6.25 11.625 0.0
6.75 11.625 0.0
7.25 11.625 0.0
7.75 11.625 0.0
8.25 11.625 0.0
8.75 11.625 0.0
0.25 11.875 936582.009539
0.75 11.875 1248776.01272
1.25 11.875 1248776.01272
1.75 11.875 312194.00318
2.25 11.875 0.0
2.75 11.875 624388.006359
3.25 11.875 624388.006359
3.75 11.875 312194.00318
4.25 11.875 312194.00318
4.75 11.875 0.0
5.25 11.875 0.0
5.75 11.875 0.0
6.25 11.875 0.0
6.75 11.875 0.0
7.25 11.875 0.0
7.75 11.875 0.0
8.25 11.875 0.0
8.75 11.875 0.0
0.25 12.125 624388.006359
0.75 12.125 312194.00318
1.25 12.125 624388.006359
1.75 12.125 1248776.01272
2.25 12.125 312194.00318
2.75 12.125 0.0
3.25 12.125 0.0
3.75 12.125 312194.00318
4.25 12.125 312194.00318
4.75 12.125 936582.009539
5.25 12.125 312194.00318
5.75 12.125 0.0
6.25 12.125 0.0
6.75 12.125 0.0
7.25 12.125 0.0
7.75 12.125 0.0
8.25 12.125 0.0
8.75 12.125 0.0
0.25 12.375 0.0
0.75 12.375 936582.009539
1.25 12.375 624388.006359
1.75 12.375 624388.006359
2.25 12.375 0.0
2.75 12.375 312194.00318
3.25 12.375 312194.00318
3.75 12.375 0.0
4.25 12.375 0.0
4.75 12.375 0.0
5.25 12.375 0.0
5.75 12.375 0.0
6.25 12.375 0.0
6.75 12.375 0.0
7.25 12.375 0.0
7.75 12.375 0.0
8.25 12.375 0.0
8.75 12.375 0.0
0.25 12.625 624388.006359
0.75 12.625 0.0
1.25 12.625 312194.00318
1.75 12.625 0.0
2.25 12.625 312194.00318
2.75 12.625 0.0
3.25 12.625 312194.00318
3.75 12.625 0.0
4.25 12.625 0.0
4.75 12.625 0.0
5.25 12.625 312194.00318
5.75 12.625 0.0
6.25 12.625 0.0
6.75 12.625 0.0
7.25 12.625 0.0
7.75 12.625 0.0
8.25 12.625 0.0
8.75 12.625 0.0
0.25 12.875 312194.00318
0.75 12.875 1248776.01272
1.25 12.875 312194.00318
1.75 12.875 0.0
2.25 12.875 624388.006359
2.75 12.875 624388.006359
3.25 12.875 312194.00318
3.75 12.875 312194.00318
4.25 12.875 0.0
4.75 12.875 0.0
5.25 12.875 0.0
5.75 12.875 0.0
6.25 12.875 0.0
6.75 12.875 0.0
7.25 12.875 0.0
7.75 12.875 0.0
8.25 12.875 0.0
8.75 12.875 0.0
0.25 13.125 0.0
0.75 13.125 624388.006359
1.25 13.125 312194.00318
1.75 13.125 312194.00318
2.25 13.125 0.0
2.75 13.125 312194.00318
3.25 13.125 312194.00318
3.75 13.125 0.0
4.25 13.125 312194.00318
4.75 13.125 0.0
5.25 13.125 0.0
5.75 13.125 0.0
6.25 13.125 0.0
6.75 13.125 0.0
7.25 13.125 0.0
7.75 13.125 0.0
8.25 13.125 0.0
8.75 13.125 0.0
0.25 13.375 0.0
0.75 13.375 312194.00318
1.25 13.375 312194.00318
1.75 13.375 624388.006359
2.25 13.375 0.0
2.75 13.375 0.0
3.25 13.375 0.0
3.75 13.375 0.0
4.25 13.375 0.0
4.75 13.375 312194.00318
5.25 13.375 0.0
5.75 13.375 0.0
6.25 13.375 0.0
6.75 13.375 0.0
7.25 13.375 0.0
7.75 13.375 0.0
8.25 13.375 0.0
8.75 13.375 0.0
0.25 13.625 624388.006359
0.75 13.625 936582.009539
1.25 13.625 312194.00318
1.75 13.625 0.0
2.25 13.625 936582.009539
2.75 13.625 0.0
3.25 13.625 0.0
3.75 13.625 312194.00318
4.25 13.625 312194.00318
4.75 13.625 0.0
5.25 13.625 0.0
5.75 13.625 0.0
6.25 13.625 0.0
6.75 13.625 0.0
7.25 13.625 0.0
7.75 13.625 0.0
8.25 13.625 0.0
8.75 13.625 0.0
0.25 13.875 0.0
0.75 13.875 0.0
1.25 13.875 312194.00318
1.75 13.875 0.0
2.25 13.875 312194.00318
2.75 13.875 312194.00318
3.25 13.875 0.0
3.75 13.875 0.0
4.25 13.875 312194.00318
4.75 13.875 0.0
5.25 13.875 0.0
5.75 13.875 0.0
6.25 13.875 0.0
6.75 13.875 0.0
7.25 13.875 0.0
7.75 13.875 0.0
8.25 13.875 0.0
8.75 13.875 0.0
0.25 14.125 0.0
0.75 14.125 624388.006359
1.25 14.125 624388.006359
1.75 14.125 312194.00318
2.25 14.125 0.0
2.75 14.125 0.0
3.25 14.125 0.0
3.75 14.125 312194.00318
4.25 14.125 0.0
4.75 14.125 0.0
5.25 14.125 0.0
5.75 14.125 0.0
6.25 14.125 0.0
6.75 14.125 0.0
7.25 14.125 0.0
7.75 14.125 0.0
8.25 14.125 0.0
8.75 14.125 0.0
0.25 14.375 312194.00318
0.75 14.375 0.0
1.25 14.375 0.0
1.75 14.375 0.0
2.25 14.375 0.0
2.75 14.375 312194.00318
3.25 14.375 312194.00318
3.75 14.375 0.0
4.25 14.375 0.0
4.75 14.375 0.0
5.25 14.375 0.0
5.75 14.375 0.0
6.25 14.375 0.0
6.75 14.375 0.0
7.25 14.375 0.0
7.75 14.375 0.0
8.25 14.375 0.0
8.75 14.375 0.0
0.25 14.625 624388.006359
0.75 14.625 0.0
1.25 14.625 0.0
1.75 14.625 312194.00318
2.25 14.625 312194.00318
2.75 14.625 624388.006359
3.25 14.625 312194.00318
3.75 14.625 312194.00318
4.25 14.625 0.0
4.75 14.625 0.0
5.25 14.625 0.0
5.75 14.625 0.0
6.25 14.625 0.0
6.75 14.625 0.0
7.25 14.625 0.0
7.75 14.625 0.0
8.25 14.625 0.0
8.75 14.625 0.0
0.25 14.875 312194.00318
0.75 14.875 312194.00318
1.25 14.875 0.0
1.75 14.875 0.0
2.25 14.875 0.0
2.75 14.875 312194.00318
3.25 14.875 0.0
3.75 14.875 0.0
4.25 14.875 312194.00318
4.75 14.875 0.0
5.25 14.875 0.0
5.75 14.875 0.0
6.25 14.875 0.0
6.75 14.875 0.0
7.25 14.875 0.0
7.75 14.875 0.0
8.25 14.875 0.0
8.75 14.875 0.0
0.25 15.125 312194.00318
0.75 15.125 0.0
1.25 15.125 0.0
1.75 15.125 312194.00318
2.25 15.125 312194.00318
2.75 15.125 312194.00318
3.25 15.125 0.0
3.75 15.125 0.0
4.25 15.125 0.0
4.75 15.125 312194.00318
5.25 15.125 0.0
5.75 15.125 0.0
6.25 15.125 0.0
6.75 15.125 0.0
7.25 15.125 0.0
7.75 15.125 0.0
8.25 15.125 0.0
8.75 15.125 0.0
0.25 15.375 624388.006359
0.75 15.375 0.0
1.25 15.375 0.0
1.75 15.375 0.0
2.25 15.375 624388.006359
2.75 15.375 0.0
3.25 15.375 312194.00318
3.75 15.375 0.0
4.25 15.375 0.0
4.75 15.375 0.0
5.25 15.375 0.0
5.75 15.375 0.0
6.25 15.375 0.0
6.75 15.375 0.0
7.25 15.375 0.0
7.75 15.375 0.0
8.25 15.375 0.0
8.75 15.375 0.0
0.25 15.625 312194.00318
0.75 15.625 0.0
1.25 15.625 624388.006359
1.75 15.625 312194.00318
2.25 15.625 0.0
2.75 15.625 0.0
3.25 15.625 0.0
3.75 15.625 624388.006359
4.25 15.625 0.0
4.75 15.625 0.0
5.25 15.625 0.0
5.75 15.625 0.0
6.25 15.625 0.0
6.75 15.625 0.0
7.25 15.625 0.0
7.75 15.625 0.0
8.25 15.625 0.0
8.75 15.625 0.0
0.25 15.875 0.0
0.75 15.875 624388.006359
1.25 15.875 0.0
1.75 15.875 0.0
2.25 15.875 0.0
2.75 15.875 0.0
3.25 15.875 0.0
3.75 15.875 0.0
4.25 15.875 0.0
4.75 15.875 0.0
5.25 15.875 0.0
5.75 15.875 0.0
6.25 15.875 0.0
6.75 15.875 0.0
7.25 15.875 0.0
7.75 15.875 0.0
8.25 15.875 0.0
8.75 15.875 0.0
0.25 16.125 0.0
0.75 16.125 624388.006359
1.25 16.125 312194.00318
1.75 16.125 0.0
2.25 16.125 312194.00318
2.75 16.125 0.0
3.25 16.125 0.0
3.75 16.125 312194.00318
4.25 16.125 0.0
4.75 16.125 0.0
5.25 16.125 0.0
5.75 16.125 0.0
6.25 16.125 0.0
6.75 16.125 0.0
7.25 16.125 0.0
7.75 16.125 0.0
8.25 16.125 0.0
8.75 16.125 0.0
0.25 16.375 0.0
0.75 16.375 312194.00318
1.25 16.375 312194.00318
1.75 16.375 624388.006359
2.25 16.375 312194.00318
2.75 16.375 312194.00318
3.25 16.375 0.0
3.75 16.375 0.0
4.25 16.375 0.0
4.75 16.375 0.0
5.25 16.375 0.0
5.75 16.375 0.0
6.25 16.375 0.0
6.75 16.375 0.0
7.25 16.375 0.0
7.75 16.375 0.0
8.25 16.375 0.0
8.75 16.375 0.0
0.25 16.625 0.0
0.75 16.625 0.0
1.25 16.625 0.0
1.75 16.625 0.0
2.25 16.625 0.0
2.75 16.625 0.0
3.25 16.625 0.0
3.75 16.625 0.0
4.25 16.625 0.0
4.75 16.625 0.0
5.25 16.625 0.0
5.75 16.625 0.0
6.25 16.625 0.0
6.75 16.625 0.0
7.25 16.625 0.0
7.75 16.625 0.0
8.25 16.625 0.0
8.75 16.625 0.0
0.25 16.875 312194.00318
0.75 16.875 0.0
1.25 16.875 0.0
1.75 16.875 0.0
2.25 16.875 0.0
2.75 16.875 0.0
3.25 16.875 0.0
3.75 16.875 312194.00318
4.25 16.875 0.0
4.75 16.875 312194.00318
5.25 16.875 0.0
5.75 16.875 0.0
6.25 16.875 0.0
6.75 16.875 0.0
7.25 16.875 0.0
7.75 16.875 0.0
8.25 16.875 0.0
8.75 16.875 0.0
0.25 17.125 0.0
0.75 17.125 0.0
1.25 17.125 0.0
1.75 17.125 312194.00318
2.25 17.125 0.0
2.75 17.125 0.0
3.25 17.125 312194.00318
3.75 17.125 0.0
4.25 17.125 312194.00318
4.75 17.125 0.0
5.25 17.125 0.0
5.75 17.125 0.0
6.25 17.125 0.0
6.75 17.125 0.0
7.25 17.125 0.0
7.75 17.125 0.0
8.25 17.125 0.0
8.75 17.125 0.0
0.25 17.375 0.0
0.75 17.375 312194.00318
1.25 17.375 624388.006359
1.75 17.375 312194.00318
2.25 17.375 312194.00318
2.75 17.375 0.0
3.25 17.375 312194.00318
3.75 17.375 0.0
4.25 17.375 0.0
4.75 17.375 0.0
5.25 17.375 0.0
5.75 17.375 0.0
6.25 17.375 0.0
6.75 17.375 0.0
7.25 17.375 0.0
7.75 17.375 0.0
8.25 17.375 0.0
8.75 17.375 0.0
0.25 17.625 0.0
0.75 17.625 0.0
1.25 17.625 0.0
1.75 17.625 0.0
2.25 17.625 0.0
2.75 17.625 0.0
3.25 17.625 0.0
3.75 17.625 0.0
4.25 17.625 0.0
4.75 17.625 0.0
5.25 17.625 0.0
5.75 17.625 0.0
6.25 17.625 0.0
6.75 17.625 0.0
7.25 17.625 0.0
7.75 17.625 0.0
8.25 17.625 0.0
8.75 17.625 0.0
0.25 17.875 624388.006359
0.75 17.875 312194.00318
1.25 17.875 0.0
1.75 17.875 0.0
2.25 17.875 0.0
2.75 17.875 312194.00318
3.25 17.875 0.0
3.75 17.875 0.0
4.25 17.875 0.0
4.75 17.875 0.0
5.25 17.875 0.0
5.75 17.875 0.0
6.25 17.875 0.0
6.75 17.875 0.0
7.25 17.875 0.0
7.75 17.875 0.0
8.25 17.875 0.0
8.75 17.875 0.0
0.25 18.125 0.0
0.75 18.125 0.0
1.25 18.125 0.0
1.75 18.125 0.0
2.25 18.125 0.0
2.75 18.125 0.0
3.25 18.125 0.0
3.75 18.125 0.0
4.25 18.125 0.0
4.75 18.125 0.0
5.25 18.125 0.0
5.75 18.125 0.0
6.25 18.125 0.0
6.75 18.125 0.0
7.25 18.125 0.0
7.75 18.125 0.0
8.25 18.125 0.0
8.75 18.125 0.0
0.25 18.375 0.0
0.75 18.375 0.0
1.25 18.375 0.0
1.75 18.375 312194.00318
2.25 18.375 0.0
2.75 18.375 0.0
3.25 18.375 312194.00318
3.75 18.375 0.0
4.25 18.375 0.0
4.75 18.375 0.0
5.25 18.375 0.0
5.75 18.375 0.0
6.25 18.375 0.0
6.75 18.375 0.0
7.25 18.375 0.0
7.75 18.375 0.0
8.25 18.375 0.0
8.75 18.375 0.0
0.25 18.625 0.0
0.75 18.625 0.0
1.25 18.625 0.0
1.75 18.625 0.0
2.25 18.625 0.0
2.75 18.625 0.0
3.25 18.625 0.0
3.75 18.625 0.0
4.25 18.625 0.0
4.75 18.625 0.0
5.25 18.625 0.0
5.75 18.625 0.0
6.25 18.625 0.0
6.75 18.625 0.0
7.25 18.625 0.0
7.75 18.625 0.0
8.25 18.625 0.0
8.75 18.625 0.0
0.25 18.875 312194.00318
0.75 18.875 0.0
1.25 18.875 312194.00318
1.75 18.875 624388.006359
2.25 18.875 312194.00318
2.75 18.875 0.0
3.25 18.875 0.0
3.75 18.875 0.0
4.25 18.875 0.0
4.75 18.875 0.0
5.25 18.875 0.0
5.75 18.875 0.0
6.25 18.875 0.0
6.75 18.875 0.0
7.25 18.875 0.0
7.75 18.875 0.0
8.25 18.875 0.0
8.75 18.875 0.0
0.25 19.125 312194.00318
0.75 19.125 0.0
1.25 19.125 0.0
1.75 19.125 0.0
2.25 19.125 312194.00318
2.75 19.125 0.0
3.25 19.125 0.0
3.75 19.125 0.0
4.25 19.125 0.0
4.75 19.125 0.0
5.25 19.125 0.0
5.75 19.125 0.0
6.25 19.125 0.0
6.75 19.125 0.0
7.25 19.125 0.0
7.75 19.125 0.0
8.25 19.125 0.0
8.75 19.125 0.0
0.25 19.375 0.0
0.75 19.375 0.0
1.25 19.375 312194.00318
1.75 19.375 0.0
2.25 19.375 0.0
2.75 19.375 0.0
3.25 19.375 0.0
3.75 19.375 0.0
4.25 19.375 0.0
4.75 19.375 0.0
5.25 19.375 0.0
5.75 19.375 0.0
6.25 19.375 0.0
6.75 19.375 0.0
7.25 19.375 0.0
7.75 19.375 0.0
8.25 19.375 0.0
8.75 19.375 0.0
0.25 19.625 0.0
0.75 19.625 0.0
1.25 19.625 0.0
1.75 19.625 0.0
2.25 19.625 312194.00318
2.75 19.625 0.0
3.25 19.625 0.0
3.75 19.625 0.0
4.25 19.625 0.0
4.75 19.625 0.0
5.25 19.625 0.0
5.75 19.625 0.0
6.25 19.625 0.0
6.75 19.625 0.0
7.25 19.625 0.0
7.75 19.625 0.0
8.25 19.625 0.0
8.75 19.625 0.0
0.25 19.875 0.0
0.75 19.875 0.0
1.25 19.875 0.0
1.75 19.875 0.0
2.25 19.875 0.0
2.75 19.875 312194.00318
3.25 19.875 0.0
3.75 19.875 0.0
4.25 19.875 0.0
4.75 19.875 0.0
5.25 19.875 0.0
5.75 19.875 0.0
6.25 19.875 0.0
6.75 19.875 0.0
7.25 19.875 0.0
7.75 19.875 0.0
8.25 19.875 0.0
8.75 19.875 0.0
0.25 20.125 312194.00318
0.75 20.125 0.0
1.25 20.125 0.0
1.75 20.125 312194.00318
2.25 20.125 0.0
2.75 20.125 0.0
3.25 20.125 0.0
3.75 20.125 0.0
4.25 20.125 0.0
4.75 20.125 0.0
5.25 20.125 0.0
5.75 20.125 0.0
6.25 20.125 0.0
6.75 20.125 0.0
7.25 20.125 0.0
7.75 20.125 0.0
8.25 20.125 0.0
8.75 20.125 0.0
0.25 20.375 0.0
0.75 20.375 312194.00318
1.25 20.375 312194.00318
1.75 20.375 0.0
2.25 20.375 0.0
2.75 20.375 0.0
3.25 20.375 0.0
3.75 20.375 0.0
4.25 20.375 312194.00318
4.75 20.375 0.0
5.25 20.375 0.0
5.75 20.375 0.0
6.25 20.375 0.0
6.75 20.375 0.0
7.25 20.375 0.0
7.75 20.375 0.0
8.25 20.375 0.0
8.75 20.375 0.0
0.25 20.625 0.0
0.75 20.625 0.0
1.25 20.625 0.0
1.75 20.625 0.0
2.25 20.625 312194.00318
2.75 20.625 0.0
3.25 20.625 0.0
3.75 20.625 0.0
4.25 20.625 0.0
4.75 20.625 0.0
5.25 20.625 0.0
5.75 20.625 0.0
6.25 20.625 0.0
6.75 20.625 0.0
7.25 20.625 0.0
7.75 20.625 0.0
8.25 20.625 0.0
8.75 20.625 0.0
0.25 20.875 0.0
0.75 20.875 0.0
1.25 20.875 312194.00318
1.75 20.875 0.0
2.25 20.875 0.0
2.75 20.875 0.0
3.25 20.875 0.0
3.75 20.875 0.0
4.25 20.875 0.0
4.75 20.875 0.0
5.25 20.875 0.0
5.75 20.875 0.0
6.25 20.875 0.0
6.75 20.875 0.0
7.25 20.875 0.0
7.75 20.875 0.0
8.25 20.875 0.0
8.75 20.875 0.0
0.25 21.125 0.0
0.75 21.125 0.0
1.25 21.125 0.0
1.75 21.125 0.0
2.25 21.125 0.0
2.75 21.125 0.0
3.25 21.125 0.0
3.75 21.125 0.0
4.25 21.125 0.0
4.75 21.125 312194.00318
5.25 21.125 0.0
5.75 21.125 0.0
6.25 21.125 0.0
6.75 21.125 0.0
7.25 21.125 0.0
7.75 21.125 0.0
8.25 21.125 0.0
8.75 21.125 0.0
0.25 21.375 0.0
0.75 21.375 0.0
1.25 21.375 0.0
1.75 21.375 0.0
2.25 21.375 0.0
2.75 21.375 0.0
3.25 21.375 0.0
3.75 21.375 0.0
4.25 21.375 0.0
4.75 21.375 0.0
5.25 21.375 0.0
5.75 21.375 0.0
6.25 21.375 0.0
6.75 21.375 0.0
7.25 21.375 0.0
7.75 21.375 0.0
8.25 21.375 0.0
8.75 21.375 0.0
0.25 21.625 0.0
0.75 21.625 0.0
1.25 21.625 0.0
1.75 21.625 0.0
2.25 21.625 0.0
2.75 21.625 0.0
3.25 21.625 312194.00318
3.75 21.625 0.0
4.25 21.625 0.0
4.75 21.625 0.0
5.25 21.625 0.0
5.75 21.625 0.0
6.25 21.625 0.0
6.75 21.625 0.0
7.25 21.625 0.0
7.75 21.625 0.0
8.25 21.625 0.0
8.75 21.625 0.0
0.25 21.875 0.0
0.75 21.875 312194.00318
1.25 21.875 0.0
1.75 21.875 0.0
2.25 21.875 0.0
2.75 21.875 0.0
3.25 21.875 0.0
3.75 21.875 0.0
4.25 21.875 0.0
4.75 21.875 0.0
5.25 21.875 0.0
5.75 21.875 0.0
6.25 21.875 0.0
6.75 21.875 0.0
7.25 21.875 0.0
7.75 21.875 0.0
8.25 21.875 0.0
8.75 21.875 0.0
0.25 22.125 0.0
0.75 22.125 0.0
1.25 22.125 0.0
1.75 22.125 0.0
2.25 22.125 0.0
2.75 22.125 0.0
3.25 22.125 0.0
3.75 22.125 0.0
4.25 22.125 0.0
4.75 22.125 0.0
5.25 22.125 0.0
5.75 22.125 0.0
6.25 22.125 0.0
6.75 22.125 0.0
7.25 22.125 0.0
7.75 22.125 0.0
8.25 22.125 0.0
8.75 22.125 0.0
0.25 22.375 0.0
0.75 22.375 0.0
1.25 22.375 0.0
1.75 22.375 0.0
2.25 22.375 0.0
2.75 22.375 0.0
3.25 22.375 0.0
3.75 22.375 0.0
4.25 22.375 0.0
4.75 22.375 0.0
5.25 22.375 0.0
5.75 22.375 0.0
6.25 22.375 0.0
6.75 22.375 0.0
7.25 22.375 0.0
7.75 22.375 0.0
8.25 22.375 0.0
8.75 22.375 0.0
0.25 22.625 0.0
0.75 22.625 0.0
1.25 22.625 0.0
1.75 22.625 0.0
2.25 22.625 0.0
2.75 22.625 0.0
3.25 22.625 0.0
3.75 22.625 0.0
4.25 22.625 0.0
4.75 22.625 0.0
5.25 22.625 0.0
5.75 22.625 0.0
6.25 22.625 0.0
6.75 22.625 0.0
7.25 22.625 0.0
7.75 22.625 0.0
8.25 22.625 0.0
8.75 22.625 0.0
0.25 22.875 0.0
0.75 22.875 312194.00318
1.25 22.875 0.0
1.75 22.875 0.0
2.25 22.875 0.0
2.75 22.875 0.0
3.25 22.875 0.0
3.75 22.875 0.0
4.25 22.875 0.0
4.75 22.875 0.0
5.25 22.875 0.0
5.75 22.875 0.0
6.25 22.875 0.0
6.75 22.875 0.0
7.25 22.875 0.0
7.75 22.875 0.0
8.25 22.875 0.0
8.75 22.875 0.0
0.25 23.125 0.0
0.75 23.125 0.0
1.25 23.125 0.0
1.75 23.125 0.0
2.25 23.125 0.0
2.75 23.125 312194.00318
3.25 23.125 0.0
3.75 23.125 0.0
4.25 23.125 0.0
4.75 23.125 0.0
5.25 23.125 0.0
5.75 23.125 0.0
6.25 23.125 0.0
6.75 23.125 0.0
7.25 23.125 0.0
7.75 23.125 0.0
8.25 23.125 0.0
8.75 23.125 0.0
0.25 23.375 0.0
0.75 23.375 0.0
1.25 23.375 0.0
1.75 23.375 0.0
2.25 23.375 0.0
2.75 23.375 0.0
3.25 23.375 0.0
3.75 23.375 0.0
4.25 23.375 0.0
4.75 23.375 0.0
5.25 23.375 0.0
5.75 23.375 0.0
6.25 23.375 0.0
6.75 23.375 0.0
7.25 23.375 0.0
7.75 23.375 0.0
8.25 23.375 0.0
8.75 23.375 0.0
0.25 23.625 0.0
0.75 23.625 0.0
1.25 23.625 0.0
1.75 23.625 0.0
2.25 23.625 0.0
2.75 23.625 0.0
3.25 23.625 0.0
3.75 23.625 0.0
4.25 23.625 0.0
4.75 23.625 0.0
5.25 23.625 0.0
5.75 23.625 0.0
6.25 23.625 0.0
6.75 23.625 0.0
7.25 23.625 0.0
7.75 23.625 0.0
8.25 23.625 0.0
8.75 23.625 0.0
0.25 23.875 0.0
0.75 23.875 0.0
1.25 23.875 0.0
1.75 23.875 0.0
2.25 23.875 0.0
2.75 23.875 0.0
3.25 23.875 0.0
3.75 23.875 312194.00318
4.25 23.875 0.0
4.75 23.875 0.0
5.25 23.875 0.0
5.75 23.875 0.0
6.25 23.875 0.0
6.75 23.875 0.0
7.25 23.875 0.0
7.75 23.875 0.0
8.25 23.875 0.0
8.75 23.875 0.0
0.25 24.125 0.0
0.75 24.125 0.0
1.25 24.125 0.0
1.75 24.125 0.0
2.25 24.125 0.0
2.75 24.125 0.0
3.25 24.125 0.0
3.75 24.125 0.0
4.25 24.125 0.0
4.75 24.125 0.0
5.25 24.125 0.0
5.75 24.125 0.0
6.25 24.125 0.0
6.75 24.125 0.0
7.25 24.125 0.0
7.75 24.125 0.0
8.25 24.125 0.0
8.75 24.125 0.0
0.25 24.375 0.0
0.75 24.375 0.0
1.25 24.375 0.0
1.75 24.375 0.0
2.25 24.375 0.0
2.75 24.375 0.0
3.25 24.375 0.0
3.75 24.375 0.0
4.25 24.375 0.0
4.75 24.375 0.0
5.25 24.375 0.0
5.75 24.375 0.0
6.25 24.375 0.0
6.75 24.375 0.0
7.25 24.375 0.0
7.75 24.375 0.0
8.25 24.375 0.0
8.75 24.375 0.0
0.25 24.625 0.0
0.75 24.625 0.0
1.25 24.625 0.0
1.75 24.625 0.0
2.25 24.625 0.0
2.75 24.625 0.0
3.25 24.625 0.0
3.75 24.625 0.0
4.25 24.625 0.0
4.75 24.625 0.0
5.25 24.625 0.0
5.75 24.625 0.0
6.25 24.625 0.0
6.75 24.625 0.0
7.25 24.625 0.0
7.75 24.625 0.0
8.25 24.625 0.0
8.75 24.625 0.0
0.25 24.875 0.0
0.75 24.875 0.0
1.25 24.875 0.0
1.75 24.875 312194.00318
2.25 24.875 0.0
2.75 24.875 0.0
3.25 24.875 0.0
3.75 24.875 0.0
4.25 24.875 0.0
4.75 24.875 0.0
5.25 24.875 0.0
5.75 24.875 0.0
6.25 24.875 0.0
6.75 24.875 0.0
7.25 24.875 0.0
7.75 24.875 0.0
8.25 24.875 0.0
8.75 24.875 0.0
0.25 25.125 0.0
0.75 25.125 0.0
1.25 25.125 0.0
1.75 25.125 0.0
2.25 25.125 0.0
2.75 25.125 0.0
3.25 25.125 0.0
3.75 25.125 0.0
4.25 25.125 0.0
4.75 25.125 0.0
5.25 25.125 0.0
5.75 25.125 0.0
6.25 25.125 0.0
6.75 25.125 0.0
7.25 25.125 0.0
7.75 25.125 0.0
8.25 25.125 0.0
8.75 25.125 0.0
0.25 25.375 0.0
0.75 25.375 0.0
1.25 25.375 0.0
1.75 25.375 0.0
2.25 25.375 0.0
2.75 25.375 0.0
3.25 25.375 0.0
3.75 25.375 0.0
4.25 25.375 0.0
4.75 25.375 0.0
5.25 25.375 0.0
5.75 25.375 0.0
6.25 25.375 0.0
6.75 25.375 0.0
7.25 25.375 0.0
7.75 25.375 0.0
8.25 25.375 0.0
8.75 25.375 0.0
0.25 25.625 0.0
0.75 25.625 0.0
1.25 25.625 0.0
1.75 25.625 0.0
2.25 25.625 0.0
2.75 25.625 0.0
3.25 25.625 0.0
3.75 25.625 0.0
4.25 25.625 0.0
4.75 25.625 0.0
5.25 25.625 0.0
5.75 25.625 0.0
6.25 25.625 0.0
6.75 25.625 0.0
7.25 25.625 0.0
7.75 25.625 0.0
8.25 25.625 0.0
8.75 25.625 0.0
0.25 25.875 0.0
0.75 25.875 0.0
1.25 25.875 0.0
1.75 25.875 0.0
2.25 25.875 312194.00318
2.75 25.875 0.0
3.25 25.875 0.0
3.75 25.875 0.0
4.25 25.875 0.0
4.75 25.875 0.0
5.25 25.875 0.0
5.75 25.875 0.0
6.25 25.875 0.0
6.75 25.875 0.0
7.25 25.875 0.0
7.75 25.875 0.0
8.25 25.875 0.0
8.75 25.875 0.0
0.25 26.125 0.0
0.75 26.125 0.0
1.25 26.125 0.0
1.75 26.125 0.0
2.25 26.125 0.0
2.75 26.125 0.0
3.25 26.125 0.0
3.75 26.125 0.0
4.25 26.125 0.0
4.75 26.125 0.0
5.25 26.125 0.0
5.75 26.125 0.0
6.25 26.125 0.0
6.75 26.125 0.0
7.25 26.125 0.0
7.75 26.125 0.0
8.25 26.125 0.0
8.75 26.125 0.0
0.25 26.375 0.0
0.75 26.375 0.0
1.25 26.375 0.0
1.75 26.375 0.0
2.25 26.375 0.0
2.75 26.375 0.0
3.25 26.375 0.0
3.75 26.375 0.0
4.25 26.375 0.0
4.75 26.375 0.0
5.25 26.375 0.0
5.75 26.375 0.0
6.25 26.375 0.0
6.75 26.375 0.0
7.25 26.375 0.0
7.75 26.375 0.0
8.25 26.375 0.0
8.75 26.375 0.0
0.25 26.625 0.0
0.75 26.625 0.0
1.25 26.625 0.0
1.75 26.625 0.0
2.25 26.625 0.0
2.75 26.625 0.0
3.25 26.625 0.0
3.75 26.625 0.0
4.25 26.625 0.0
4.75 26.625 0.0
5.25 26.625 0.0
5.75 26.625 0.0
6.25 26.625 0.0
6.75 26.625 0.0
7.25 26.625 0.0
7.75 26.625 0.0
8.25 26.625 0.0
8.75 26.625 0.0
0.25 26.875 0.0
0.75 26.875 0.0
1.25 26.875 0.0
1.75 26.875 0.0
2.25 26.875 0.0
2.75 26.875 0.0
3.25 26.875 0.0
3.75 26.875 0.0
4.25 26.875 0.0
4.75 26.875 0.0
5.25 26.875 0.0
5.75 26.875 0.0
6.25 26.875 0.0
6.75 26.875 0.0
7.25 26.875 0.0
7.75 26.875 0.0
8.25 26.875 0.0
8.75 26.875 0.0
0.25 27.125 0.0
0.75 27.125 0.0
1.25 27.125 312194.00318
1.75 27.125 0.0
2.25 27.125 0.0
2.75 27.125 0.0
3.25 27.125 0.0
3.75 27.125 0.0
4.25 27.125 0.0
4.75 27.125 0.0
5.25 27.125 0.0
5.75 27.125 0.0
6.25 27.125 0.0
6.75 27.125 0.0
7.25 27.125 0.0
7.75 27.125 0.0
8.25 27.125 0.0
8.75 27.125 0.0
0.25 27.375 0.0
0.75 27.375 0.0
1.25 27.375 0.0
1.75 27.375 0.0
2.25 27.375 0.0
2.75 27.375 0.0
3.25 27.375 0.0
3.75 27.375 0.0
4.25 27.375 0.0
4.75 27.375 0.0
5.25 27.375 0.0
5.75 27.375 0.0
6.25 27.375 0.0
6.75 27.375 0.0
7.25 27.375 0.0
7.75 27.375 0.0
8.25 27.375 0.0
8.75 27.375 0.0
0.25 27.625 0.0
0.75 27.625 0.0
1.25 27.625 0.0
1.75 27.625 0.0
2.25 27.625 0.0
2.75 27.625 0.0
3.25 27.625 0.0
3.75 27.625 0.0
4.25 27.625 0.0
4.75 27.625 0.0
5.25 27.625 0.0
5.75 27.625 0.0
6.25 27.625 0.0
6.75 27.625 0.0
7.25 27.625 0.0
7.75 27.625 0.0
8.25 27.625 0.0
8.75 27.625 0.0
0.25 27.875 0.0
0.75 27.875 0.0
1.25 27.875 0.0
1.75 27.875 0.0
2.25 27.875 0.0
2.75 27.875 0.0
3.25 27.875 0.0
3.75 27.875 0.0
4.25 27.875 0.0
4.75 27.875 0.0
5.25 27.875 0.0
5.75 27.875 0.0
6.25 27.875 0.0
6.75 27.875 0.0
7.25 27.875 0.0
7.75 27.875 0.0
8.25 27.875 0.0
8.75 27.875 0.0
0.25 28.125 0.0
0.75 28.125 0.0
1.25 28.125 0.0
1.75 28.125 0.0
2.25 28.125 0.0
2.75 28.125 0.0
3.25 28.125 0.0
3.75 28.125 0.0
4.25 28.125 0.0
4.75 28.125 0.0
5.25 28.125 0.0
5.75 28.125 0.0
6.25 28.125 0.0
6.75 28.125 0.0
7.25 28.125 0.0
7.75 28.125 0.0
8.25 28.125 0.0
8.75 28.125 0.0
0.25 28.375 0.0
0.75 28.375 0.0
1.25 28.375 0.0
1.75 28.375 0.0
2.25 28.375 0.0
2.75 28.375 0.0
3.25 28.375 0.0
3.75 28.375 0.0
4.25 28.375 0.0
4.75 28.375 0.0
5.25 28.375 0.0
5.75 28.375 0.0
6.25 28.375 0.0
6.75 28.375 0.0
7.25 28.375 0.0
7.75 28.375 0.0
8.25 28.375 0.0
8.75 28.375 0.0
0.25 28.625 0.0
0.75 28.625 0.0
1.25 28.625 0.0
1.75 28.625 0.0
2.25 28.625 0.0
2.75 28.625 0.0
3.25 28.625 0.0
3.75 28.625 0.0
4.25 28.625 0.0
4.75 28.625 0.0
5.25 28.625 0.0
5.75 28.625 0.0
6.25 28.625 0.0
6.75 28.625 0.0
7.25 28.625 0.0
7.75 28.625 0.0
8.25 28.625 0.0
8.75 28.625 0.0
0.25 28.875 0.0
0.75 28.875 0.0
1.25 28.875 0.0
1.75 28.875 0.0
2.25 28.875 0.0
2.75 28.875 0.0
3.25 28.875 0.0
3.75 28.875 0.0
4.25 28.875 0.0
4.75 28.875 0.0
5.25 28.875 0.0
5.75 28.875 0.0
6.25 28.875 0.0
6.75 28.875 0.0
7.25 28.875 0.0
7.75 28.875 0.0
8.25 28.875 0.0
8.75 28.875 0.0
0.25 29.125 0.0
0.75 29.125 0.0
1.25 29.125 0.0
1.75 29.125 0.0
2.25 29.125 0.0
2.75 29.125 0.0
3.25 29.125 0.0
3.75 29.125 0.0
4.25 29.125 0.0
4.75 29.125 0.0
5.25 29.125 0.0
5.75 29.125 0.0
6.25 29.125 0.0
6.75 29.125 0.0
7.25 29.125 0.0
7.75 29.125 0.0
8.25 29.125 0.0
8.75 29.125 0.0
0.25 29.375 0.0
0.75 29.375 0.0
1.25 29.375 0.0
1.75 29.375 0.0
2.25 29.375 0.0
2.75 29.375 0.0
3.25 29.375 0.0
3.75 29.375 0.0
4.25 29.375 0.0
4.75 29.375 0.0
5.25 29.375 0.0
5.75 29.375 0.0
6.25 29.375 0.0
6.75 29.375 0.0
7.25 29.375 0.0
7.75 29.375 0.0
8.25 29.375 0.0
8.75 29.375 0.0
0.25 29.625 0.0
0.75 29.625 0.0
1.25 29.625 0.0
1.75 29.625 0.0
2.25 29.625 0.0
2.75 29.625 0.0
3.25 29.625 0.0
3.75 29.625 0.0
4.25 29.625 0.0
4.75 29.625 0.0
5.25 29.625 0.0
5.75 29.625 0.0
6.25 29.625 0.0
6.75 29.625 0.0
7.25 29.625 0.0
7.75 29.625 0.0
8.25 29.625 0.0
8.75 29.625 0.0
0.25 29.875 0.0
0.75 29.875 312194.00318
1.25 29.875 0.0
1.75 29.875 0.0
2.25 29.875 0.0
2.75 29.875 312194.00318
3.25 29.875 0.0
3.75 29.875 0.0
4.25 29.875 0.0
4.75 29.875 0.0
5.25 29.875 0.0
5.75 29.875 0.0
6.25 29.875 0.0
6.75 29.875 0.0
7.25 29.875 0.0
7.75 29.875 0.0
8.25 29.875 0.0
8.75 29.875 0.0
