11.294627058970837 6.0478222296028505
14.219093021276404 77.80827375337552
17.900777537149963 3788.230675635235
22.535743732392298 1903.9744910415498
28.370820458389794 3746.891789763091
35.71674682851676 6780.035188873562
44.96472020903849 17481.437717869107
56.60722890537329 21571.97388197034
71.26427896022373 49977.706610857276
89.71641173621407 62463.84553955574
112.94627058970838 73624.82662116448
142.1909302127641 109649.97559078262
179.00777537149963 123094.69183005654
225.35743732392305 145578.02142348106
283.7082045838981 173596.3982746055
357.1674682851676 198207.6105649768
449.6472020903849 178535.9024869142
566.0722890537327 202977.32112130942
712.6427896022376 176307.466563856
897.164117362141 131136.46409177408
1129.4627058970837 94657.90003538248
1421.9093021276408 53957.883038474014
1790.0777537149975 28182.565344112692
2253.5743732392316 10983.517478049034
2837.082045838981 3956.026706263656
3571.674682851676 1488.0411651374307
4496.47202090385 771.0598848692607
5660.72289053733 242.1320812876802
7126.427896022379 63.90486367512494
8971.64117362141 0.0
