11.294627058970837 262.82750709113265
14.219093021276404 228.3874750018188
17.900777537149963 484.45917004895136
22.535743732392298 980.1107347382965
28.370820458389794 2052.2092764169697
35.71674682851676 2663.64516098742
44.96472020903849 4547.3860872827345
56.60722890537329 8660.363238771046
71.26427896022373 8336.545788030126
89.71641173621407 11490.543587724518
112.94627058970838 17734.870415783043
142.1909302127641 17135.989468000793
179.00777537149963 18527.04905500778
225.35743732392305 19661.626864883714
283.7082045838981 17104.846726159973
357.1674682851676 17609.5814539626
449.6472020903849 12885.720607367519
566.0722890537327 13180.744817015278
712.6427896022376 13205.318036170123
897.164117362141 10159.815416635858
1129.4627058970837 7169.234607041406
1421.9093021276408 3958.9514376472216
1790.0777537149975 2000.6861358316382
2253.5743732392316 911.5320967852022
2837.082045838981 407.71037770752446
3571.674682851676 123.11833977824426
4496.47202090385 53.76045102250646
5660.72289053733 4.11793339275755
7126.427896022379 0.6906937113089953
8971.64117362141 0.0
