11.294627058970837 15.611032186731345
14.219093021276404 3403.013587666977
17.900777537149963 3598.748325843899
22.535743732392298 6137.988600286571
28.370820458389794 5385.5604341038525
35.71674682851676 10735.89410404355
44.96472020903849 18880.759879783716
56.60722890537329 20722.39044247924
71.26427896022373 31816.02967500442
89.71641173621407 59068.14097544474
112.94627058970838 66120.4267360981
142.1909302127641 109036.64909525274
179.00777537149963 133349.07991117245
225.35743732392305 141278.06972487073
283.7082045838981 206470.7351350016
357.1674682851676 193642.08022179012
449.6472020903849 205798.06773022725
566.0722890537327 199881.59244154557
712.6427896022376 188589.57347168797
897.164117362141 145540.85014858143
1129.4627058970837 99239.47329718107
1421.9093021276408 59032.12351270928
1790.0777537149975 35363.519346188754
2253.5743732392316 15762.659377741395
2837.082045838981 5750.320024866378
3571.674682851676 2128.2107254324947
4496.47202090385 572.1256895796396
5660.72289053733 92.4744459327776
7126.427896022379 2.7505956715904176
8971.64117362141 0.0
