0.25 0.125 21541386.2194
0.75 0.125 19668222.2003
1.25 0.125 17170670.1749
1.75 0.125 21229192.2162
2.25 0.125 20292610.2067
2.75 0.125 13112148.1335
3.25 0.125 14048730.1431
3.75 0.125 16234088.1653
4.25 0.125 12799954.1304
4.75 0.125 13424342.1367
5.25 0.125 7492656.07631
5.75 0.125 10302402.1049
6.25 0.125 9678014.09857
6.75 0.125 5931686.06041
7.25 0.125 1560970.0159
7.75 0.125 312194.00318
8.25 0.125 0.0
8.75 0.125 0.0
0.25 0.375 50263234.5119
0.75 0.375 51824204.5278
1.25 0.375 50575428.5151
1.75 0.375 52760786.5374
2.25 0.375 50263234.5119
2.75 0.375 46204712.4706
3.25 0.375 40273026.4102
3.75 0.375 41521802.4229
4.25 0.375 32780370.3339
4.75 0.375 36214504.3688
5.25 0.375 25287714.2575
5.75 0.375 19980416.2035
6.25 0.375 17170670.1749
6.75 0.375 12175566.124
7.25 0.375 5931686.06041
7.75 0.375 2185358.02226
8.25 0.375 312194.00318
8.75 0.375 0.0
0.25 0.625 80858246.8235
0.75 0.625 78360694.7981
1.25 0.625 68682680.6995
1.75 0.625 64311964.655
2.25 0.625 68994874.7027
2.75 0.625 59629054.6073
3.25 0.625 64311964.655
3.75 0.625 49326652.5024
4.25 0.625 51824204.5278
4.75 0.625 43394966.442
5.25 0.625 39024250.3975
5.75 0.625 32155982.3275
6.25 0.625 22477968.2289
6.75 0.625 16234088.1653
7.25 0.625 7804850.07949
7.75 0.625 2185358.02226
8.25 0.625 624388.006359
8.75 0.625 0.0
0.25 0.875 89599678.9125
0.75 0.875 93346006.9507
1.25 0.875 90224066.9189
1.75 0.875 82731410.8426
2.25 0.875 80233858.8172
2.75 0.875 78360694.7981
3.25 0.875 68058292.6932
3.75 0.875 70555844.7186
4.25 0.875 57131502.5819
4.75 0.875 49326652.5024
5.25 0.875 45268130.461
5.75 0.875 29970624.3052
6.25 0.875 23102356.2353
6.75 0.875 17170670.1749
7.25 0.875 7492656.07631
7.75 0.875 1248776.01272
8.25 0.875 312194.00318
8.75 0.875 0.0
0.25 1.125 92097230.938
0.75 1.125 90536260.9221
1.25 1.125 88663096.903
1.75 1.125 86789932.8839
2.25 1.125 83355798.849
2.75 1.125 81482634.8299
3.25 1.125 79921664.814
3.75 1.125 69619262.7091
4.25 1.125 58068084.5914
4.75 1.125 57755890.5882
5.25 1.125 37463280.3816
5.75 1.125 31843788.3243
6.25 1.125 23414550.2385
6.75 1.125 13736536.1399
7.25 1.125 6556074.06677
7.75 1.125 936582.009539
8.25 1.125 312194.00318
8.75 1.125 0.0
0.25 1.375 90848454.9253
0.75 1.375 87414320.8903
1.25 1.375 94282588.9602
1.75 1.375 81170440.8267
2.25 1.375 97716722.9952
2.75 1.375 87726514.8935
3.25 1.375 68058292.6932
3.75 1.375 59004666.6009
4.25 1.375 60565636.6168
4.75 1.375 39336444.4006
5.25 1.375 37775474.3847
5.75 1.375 30595012.3116
6.25 1.375 20604804.2099
6.75 1.375 11551178.1176
7.25 1.375 2185358.02226
7.75 1.375 624388.006359
8.25 1.375 0.0
8.75 1.375 0.0
0.25 1.625 96155752.9793
0.75 1.625 89911872.9157
1.25 1.625 86165544.8776
1.75 1.625 91160648.9284
2.25 1.625 80233858.8172
2.75 1.625 68682680.6995
3.25 1.625 70555844.7186
3.75 1.625 62438800.6359
4.25 1.625 62438800.6359
4.75 1.625 44955936.4579
5.25 1.625 38399862.3911
5.75 1.625 29970624.3052
6.25 1.625 19668222.2003
6.75 1.625 7492656.07631
7.25 1.625 2809746.02862
7.75 1.625 624388.006359
8.25 1.625 0.0
8.75 1.625 0.0
0.25 1.875 90224066.9189
0.75 1.875 87414320.8903
1.25 1.875 84916768.8649
1.75 1.875 88663096.903
2.25 1.875 68682680.6995
2.75 1.875 65248546.6645
3.25 1.875 58380278.5946
3.75 1.875 51199816.5215
4.25 1.875 53697368.5469
4.75 1.875 42770578.4356
5.25 1.875 35902310.3657
5.75 1.875 24975520.2544
6.25 1.875 14048730.1431
6.75 1.875 9053626.09221
7.25 1.875 3434134.03498
7.75 1.875 0.0
8.25 1.875 0.0
8.75 1.875 0.0
0.25 2.125 75863142.7726
0.75 2.125 78985082.8044
1.25 2.125 70555844.7186
1.75 2.125 78672888.8013
2.25 2.125 68370486.6963
2.75 2.125 64624158.6582
3.25 2.125 54946144.5596
3.75 2.125 52448592.5342
4.25 2.125 39648638.4038
4.75 2.125 34341340.3498
5.25 2.125 24351132.248
5.75 2.125 21853580.2226
6.25 2.125 9990208.10175
6.75 2.125 6243880.06359
7.25 2.125 936582.009539
7.75 2.125 312194.00318
8.25 2.125 0.0
8.75 2.125 0.0
0.25 2.375 72116814.7345
0.75 2.375 70868038.7218
1.25 2.375 76799724.7822
1.75 2.375 59316860.6041
2.25 2.375 63999770.6518
2.75 2.375 53697368.5469
3.25 2.375 54946144.5596
3.75 2.375 42770578.4356
4.25 2.375 37151086.3784
4.75 2.375 30907206.3148
5.25 2.375 24663326.2512
5.75 2.375 17482864.1781
6.25 2.375 11863372.1208
6.75 2.375 4682910.04769
7.25 2.375 936582.009539
7.75 2.375 0.0
8.25 2.375 0.0
8.75 2.375 0.0
0.25 2.625 69307068.7059
0.75 2.625 56819308.5787
1.25 2.625 56507114.5755
1.75 2.625 64936352.6614
2.25 2.625 56507114.5755
2.75 2.625 51512010.5246
3.25 2.625 43707160.4451
3.75 2.625 47453488.4833
4.25 2.625 35902310.3657
4.75 2.625 30282818.3084
5.25 2.625 23726744.2416
5.75 2.625 13112148.1335
6.25 2.625 7180462.07313
6.75 2.625 3746328.03816
7.25 2.625 2809746.02862
7.75 2.625 0.0
8.25 2.625 0.0
8.75 2.625 0.0
0.25 2.875 52760786.5374
0.75 2.875 55882726.5691
1.25 2.875 57131502.5819
1.75 2.875 54321756.5533
2.25 2.875 46516906.4738
2.75 2.875 44643742.4547
3.25 2.875 35590116.3625
3.75 2.875 30907206.3148
4.25 2.875 33092564.337
4.75 2.875 26848684.2734
5.25 2.875 15921894.1622
5.75 2.875 14985312.1526
6.25 2.875 4682910.04769
6.75 2.875 2809746.02862
7.25 2.875 312194.00318
7.75 2.875 0.0
8.25 2.875 0.0
8.75 2.875 0.0
0.25 3.125 49951040.5087
0.75 3.125 50263234.5119
1.25 3.125 44331548.4515
1.75 3.125 44955936.4579
2.25 3.125 40273026.4102
2.75 3.125 42770578.4356
3.25 3.125 34341340.3498
3.75 3.125 29346236.2989
4.25 3.125 26536490.2703
4.75 3.125 19356028.1971
5.25 3.125 9678014.09857
5.75 3.125 10614596.1081
6.25 3.125 4370716.04451
6.75 3.125 1248776.01272
7.25 3.125 624388.006359
7.75 3.125 0.0
8.25 3.125 0.0
8.75 3.125 0.0
0.25 3.375 42770578.4356
0.75 3.375 48702264.496
1.25 3.375 45892518.4674
1.75 3.375 40897414.4165
2.25 3.375 36526698.372
2.75 3.375 37151086.3784
3.25 3.375 28409654.2893
3.75 3.375 25287714.2575
4.25 3.375 24663326.2512
4.75 3.375 14673118.1494
5.25 3.375 11238984.1145
5.75 3.375 7492656.07631
6.25 3.375 3746328.03816
6.75 3.375 1560970.0159
7.25 3.375 0.0
7.75 3.375 0.0
8.25 3.375 0.0
8.75 3.375 0.0
0.25 3.625 41209608.4197
0.75 3.625 37463280.3816
1.25 3.625 36526698.372
1.75 3.625 33716952.3434
2.25 3.625 36838892.3752
2.75 3.625 26848684.2734
3.25 3.625 33092564.337
3.75 3.625 21853580.2226
4.25 3.625 17795058.1812
4.75 3.625 14360924.1463
5.25 3.625 10614596.1081
5.75 3.625 7180462.07313
6.25 3.625 3746328.03816
6.75 3.625 624388.006359
7.25 3.625 312194.00318
7.75 3.625 0.0
8.25 3.625 0.0
8.75 3.625 0.0
0.25 3.875 43082772.4388
0.75 3.875 34965728.3561
1.25 3.875 27785266.283
1.75 3.875 28409654.2893
2.25 3.875 33092564.337
2.75 3.875 25287714.2575
3.25 3.875 18107252.1844
3.75 3.875 18731640.1908
4.25 3.875 11238984.1145
4.75 3.875 15297506.1558
5.25 3.875 7180462.07313
5.75 3.875 5931686.06041
6.25 3.875 1560970.0159
6.75 3.875 624388.006359
7.25 3.875 0.0
7.75 3.875 0.0
8.25 3.875 0.0
8.75 3.875 0.0
0.25 4.125 32155982.3275
0.75 4.125 31531594.3211
1.25 4.125 24975520.2544
1.75 4.125 26848684.2734
2.25 4.125 25599908.2607
2.75 4.125 24038938.2448
3.25 4.125 14985312.1526
3.75 4.125 16546282.1685
4.25 4.125 13112148.1335
4.75 4.125 8429238.08585
5.25 4.125 7180462.07313
5.75 4.125 3434134.03498
6.25 4.125 1873164.01908
6.75 4.125 0.0
7.25 4.125 0.0
7.75 4.125 0.0
8.25 4.125 0.0
8.75 4.125 0.0
0.25 4.375 24975520.2544
0.75 4.375 25912102.2639
1.25 4.375 20916998.213
1.75 4.375 26536490.2703
2.25 4.375 23414550.2385
2.75 4.375 19356028.1971
3.25 4.375 13424342.1367
3.75 4.375 17482864.1781
4.25 4.375 10926790.1113
4.75 4.375 9678014.09857
5.25 4.375 4995104.05087
5.75 4.375 4370716.04451
6.25 4.375 1560970.0159
6.75 4.375 936582.009539
7.25 4.375 0.0
7.75 4.375 0.0
8.25 4.375 0.0
8.75 4.375 0.0
0.25 4.625 24663326.2512
0.75 4.625 20292610.2067
1.25 4.625 21229192.2162
1.75 4.625 21229192.2162
2.25 4.625 19980416.2035
2.75 4.625 15921894.1622
3.25 4.625 15297506.1558
3.75 4.625 14048730.1431
4.25 4.625 11551178.1176
4.75 4.625 7180462.07313
5.25 4.625 3121940.0318
5.75 4.625 2185358.02226
6.25 4.625 624388.006359
6.75 4.625 624388.006359
7.25 4.625 0.0
7.75 4.625 0.0
8.25 4.625 0.0
8.75 4.625 0.0
0.25 4.875 19043834.194
0.75 4.875 16234088.1653
1.25 4.875 18731640.1908
1.75 4.875 18731640.1908
2.25 4.875 17795058.1812
2.75 4.875 13736536.1399
3.25 4.875 12799954.1304
3.75 4.875 10926790.1113
4.25 4.875 7492656.07631
4.75 4.875 8117044.08267
5.25 4.875 6868268.06995
5.75 4.875 2185358.02226
6.25 4.875 624388.006359
6.75 4.875 0.0
7.25 4.875 0.0
7.75 4.875 0.0
8.25 4.875 0.0
8.75 4.875 0.0
0.25 5.125 16858476.1717
0.75 5.125 13112148.1335
1.25 5.125 13112148.1335
1.75 5.125 19356028.1971
2.25 5.125 14673118.1494
2.75 5.125 16858476.1717
3.25 5.125 9053626.09221
3.75 5.125 7180462.07313
4.25 5.125 7180462.07313
4.75 5.125 4682910.04769
5.25 5.125 4370716.04451
5.75 5.125 2497552.02544
6.25 5.125 624388.006359
6.75 5.125 312194.00318
7.25 5.125 0.0
7.75 5.125 0.0
8.25 5.125 0.0
8.75 5.125 0.0
0.25 5.375 14673118.1494
0.75 5.375 16858476.1717
1.25 5.375 12799954.1304
1.75 5.375 14673118.1494
2.25 5.375 13424342.1367
2.75 5.375 12175566.124
3.25 5.375 8741432.08903
3.75 5.375 2497552.02544
4.25 5.375 4995104.05087
4.75 5.375 5307298.05405
5.25 5.375 1873164.01908
5.75 5.375 2497552.02544
6.25 5.375 312194.00318
6.75 5.375 0.0
7.25 5.375 0.0
7.75 5.375 0.0
8.25 5.375 0.0
8.75 5.375 0.0
0.25 5.625 11551178.1176
0.75 5.625 10614596.1081
1.25 5.625 12175566.124
1.75 5.625 10926790.1113
2.25 5.625 9053626.09221
2.75 5.625 10926790.1113
3.25 5.625 7180462.07313
3.75 5.625 6556074.06677
4.25 5.625 5931686.06041
4.75 5.625 1560970.0159
5.25 5.625 2497552.02544
5.75 5.625 624388.006359
6.25 5.625 936582.009539
6.75 5.625 0.0
7.25 5.625 0.0
7.75 5.625 0.0
8.25 5.625 0.0
8.75 5.625 0.0
0.25 5.875 12799954.1304
0.75 5.875 7804850.07949
1.25 5.875 11238984.1145
1.75 5.875 11863372.1208
2.25 5.875 9365820.09539
2.75 5.875 6868268.06995
3.25 5.875 6868268.06995
3.75 5.875 6868268.06995
4.25 5.875 4058522.04133
4.75 5.875 2497552.02544
5.25 5.875 2185358.02226
5.75 5.875 312194.00318
6.25 5.875 312194.00318
6.75 5.875 0.0
7.25 5.875 0.0
7.75 5.875 0.0
8.25 5.875 0.0
8.75 5.875 0.0
0.25 6.125 10926790.1113
0.75 6.125 10614596.1081
1.25 6.125 6868268.06995
1.75 6.125 6868268.06995
2.25 6.125 7492656.07631
2.75 6.125 5931686.06041
3.25 6.125 6556074.06677
3.75 6.125 3434134.03498
4.25 6.125 4058522.04133
4.75 6.125 1873164.01908
5.25 6.125 936582.009539
5.75 6.125 624388.006359
6.25 6.125 312194.00318
6.75 6.125 0.0
7.25 6.125 0.0
7.75 6.125 0.0
8.25 6.125 0.0
8.75 6.125 0.0
0.25 6.375 9678014.09857
0.75 6.375 10302402.1049
1.25 6.375 9678014.09857
1.75 6.375 5619492.05723
2.25 6.375 6243880.06359
2.75 6.375 5931686.06041
3.25 6.375 4058522.04133
3.75 6.375 2497552.02544
4.25 6.375 1560970.0159
4.75 6.375 1560970.0159
5.25 6.375 1248776.01272
5.75 6.375 0.0
6.25 6.375 624388.006359
6.75 6.375 0.0
7.25 6.375 0.0
7.75 6.375 0.0
8.25 6.375 0.0
8.75 6.375 0.0
0.25 6.625 6868268.06995
0.75 6.625 6868268.06995
1.25 6.625 9053626.09221
1.75 6.625 4370716.04451
2.25 6.625 4995104.05087
2.75 6.625 4682910.04769
3.25 6.625 5619492.05723
3.75 6.625 2185358.02226
4.25 6.625 2497552.02544
4.75 6.625 2185358.02226
5.25 6.625 1248776.01272
5.75 6.625 312194.00318
6.25 6.625 624388.006359
6.75 6.625 0.0
7.25 6.625 0.0
7.75 6.625 0.0
8.25 6.625 0.0
8.75 6.625 0.0
0.25 6.875 6243880.06359
0.75 6.875 5931686.06041
1.25 6.875 7492656.07631
1.75 6.875 2809746.02862
2.25 6.875 6556074.06677
2.75 6.875 2185358.02226
3.25 6.875 3121940.0318
3.75 6.875 4058522.04133
4.25 6.875 5307298.05405
4.75 6.875 1873164.01908
5.25 6.875 936582.009539
5.75 6.875 0.0
6.25 6.875 312194.00318
6.75 6.875 0.0
7.25 6.875 0.0
7.75 6.875 0.0
8.25 6.875 0.0
8.75 6.875 0.0
0.25 7.125 5931686.06041
0.75 7.125 5619492.05723
1.25 7.125 3746328.03816
1.75 7.125 2497552.02544
2.25 7.125 4682910.04769
2.75 7.125 4370716.04451
3.25 7.125 4995104.05087
3.75 7.125 2809746.02862
4.25 7.125 1873164.01908
4.75 7.125 1248776.01272
5.25 7.125 936582.009539
5.75 7.125 624388.006359
6.25 7.125 312194.00318
6.75 7.125 0.0
7.25 7.125 0.0
7.75 7.125 0.0
8.25 7.125 0.0
8.75 7.125 0.0
0.25 7.375 4370716.04451
0.75 7.375 8741432.08903
1.25 7.375 4682910.04769
1.75 7.375 4682910.04769
2.25 7.375 4370716.04451
2.75 7.375 3434134.03498
3.25 7.375 1873164.01908
3.75 7.375 1560970.0159
4.25 7.375 1873164.01908
4.75 7.375 312194.00318
5.25 7.375 936582.009539
5.75 7.375 312194.00318
6.25 7.375 0.0
6.75 7.375 0.0
7.25 7.375 0.0
7.75 7.375 0.0
8.25 7.375 0.0
8.75 7.375 0.0
0.25 7.625 4995104.05087
0.75 7.625 2809746.02862
1.25 7.625 4995104.05087
1.75 7.625 2809746.02862
2.25 7.625 3746328.03816
2.75 7.625 2185358.02226
3.25 7.625 2809746.02862
3.75 7.625 2185358.02226
4.25 7.625 1560970.0159
4.75 7.625 624388.006359
5.25 7.625 936582.009539
5.75 7.625 936582.009539
6.25 7.625 312194.00318
6.75 7.625 0.0
7.25 7.625 0.0
7.75 7.625 0.0
8.25 7.625 0.0
8.75 7.625 0.0
0.25 7.875 4058522.04133
0.75 7.875 4682910.04769
1.25 7.875 4058522.04133
1.75 7.875 2497552.02544
2.25 7.875 1873164.01908
2.75 7.875 2185358.02226
3.25 7.875 2497552.02544
3.75 7.875 3121940.0318
4.25 7.875 1248776.01272
4.75 7.875 624388.006359
5.25 7.875 312194.00318
5.75 7.875 312194.00318
6.25 7.875 0.0
6.75 7.875 0.0
7.25 7.875 0.0
7.75 7.875 0.0
8.25 7.875 0.0
8.75 7.875 0.0
0.25 8.125 1873164.01908
0.75 8.125 2809746.02862
1.25 8.125 2185358.02226
1.75 8.125 2185358.02226
2.25 8.125 1873164.01908
2.75 8.125 936582.009539
3.25 8.125 1248776.01272
3.75 8.125 0.0
4.25 8.125 936582.009539
4.75 8.125 312194.00318
5.25 8.125 0.0
5.75 8.125 0.0
6.25 8.125 0.0
6.75 8.125 0.0
7.25 8.125 0.0
7.75 8.125 0.0
8.25 8.125 0.0
8.75 8.125 0.0
0.25 8.375 2497552.02544
0.75 8.375 2809746.02862
1.25 8.375 2497552.02544
1.75 8.375 1560970.0159
2.25 8.375 1873164.01908
2.75 8.375 3121940.0318
3.25 8.375 1560970.0159
3.75 8.375 1873164.01908
4.25 8.375 1560970.0159
4.75 8.375 936582.009539
5.25 8.375 0.0
5.75 8.375 0.0
6.25 8.375 0.0
6.75 8.375 0.0
7.25 8.375 0.0
7.75 8.375 0.0
8.25 8.375 0.0
8.75 8.375 0.0
0.25 8.625 2185358.02226
0.75 8.625 2497552.02544
1.25 8.625 3746328.03816
1.75 8.625 3434134.03498
2.25 8.625 2809746.02862
2.75 8.625 312194.00318
3.25 8.625 936582.009539
3.75 8.625 936582.009539
4.25 8.625 624388.006359
4.75 8.625 624388.006359
5.25 8.625 624388.006359
5.75 8.625 312194.00318
6.25 8.625 0.0
6.75 8.625 0.0
7.25 8.625 0.0
7.75 8.625 0.0
8.25 8.625 0.0
8.75 8.625 0.0
0.25 8.875 1560970.0159
0.75 8.875 1560970.0159
1.25 8.875 1560970.0159
1.75 8.875 1873164.01908
2.25 8.875 2185358.02226
2.75 8.875 1248776.01272
3.25 8.875 1873164.01908
3.75 8.875 1248776.01272
4.25 8.875 1248776.01272
4.75 8.875 0.0
5.25 8.875 0.0
5.75 8.875 0.0
6.25 8.875 0.0
6.75 8.875 0.0
7.25 8.875 0.0
7.75 8.875 0.0
8.25 8.875 0.0
8.75 8.875 0.0
0.25 9.125 2185358.02226
0.75 9.125 312194.00318
1.25 9.125 1873164.01908
1.75 9.125 936582.009539
2.25 9.125 1248776.01272
2.75 9.125 1248776.01272
3.25 9.125 0.0
3.75 9.125 624388.006359
4.25 9.125 0.0
4.75 9.125 624388.006359
5.25 9.125 0.0
5.75 9.125 0.0
6.25 9.125 0.0
6.75 9.125 0.0
7.25 9.125 0.0
7.75 9.125 0.0
8.25 9.125 0.0
8.75 9.125 0.0
0.25 9.375 1873164.01908
0.75 9.375 2497552.02544
1.25 9.375 2809746.02862
1.75 9.375 1873164.01908
2.25 9.375 936582.009539
2.75 9.375 1248776.01272
3.25 9.375 624388.006359
3.75 9.375 1873164.01908
4.25 9.375 0.0
4.75 9.375 312194.00318
5.25 9.375 312194.00318
5.75 9.375 0.0
6.25 9.375 0.0
6.75 9.375 0.0
7.25 9.375 0.0
7.75 9.375 0.0
8.25 9.375 0.0
8.75 9.375 0.0
0.25 9.625 1560970.0159
0.75 9.625 3121940.0318
1.25 9.625 936582.009539
1.75 9.625 1560970.0159
2.25 9.625 936582.009539
2.75 9.625 936582.009539
3.25 9.625 624388.006359
3.75 9.625 936582.009539
4.25 9.625 624388.006359
4.75 9.625 0.0
5.25 9.625 312194.00318
5.75 9.625 0.0
6.25 9.625 0.0
6.75 9.625 0.0
7.25 9.625 0.0
7.75 9.625 0.0
8.25 9.625 0.0
8.75 9.625 0.0
0.25 9.875 936582.009539
0.75 9.875 2497552.02544
1.25 9.875 1560970.0159
1.75 9.875 936582.009539
2.25 9.875 1248776.01272
2.75 9.875 936582.009539
3.25 9.875 624388.006359
3.75 9.875 0.0
4.25 9.875 1248776.01272
4.75 9.875 0.0
5.25 9.875 0.0
5.75 9.875 0.0
6.25 9.875 0.0
6.75 9.875 0.0
7.25 9.875 0.0
7.75 9.875 0.0
8.25 9.875 0.0
8.75 9.875 0.0
0.25 10.125 2185358.02226
0.75 10.125 936582.009539
1.25 10.125 312194.00318
1.75 10.125 1873164.01908
2.25 10.125 312194.00318
2.75 10.125 936582.009539
3.25 10.125 624388.006359
3.75 10.125 312194.00318
4.25 10.125 624388.006359
4.75 10.125 624388.006359
5.25 10.125 312194.00318
5.75 10.125 0.0
6.25 10.125 0.0
6.75 10.125 0.0
7.25 10.125 0.0
7.75 10.125 0.0
8.25 10.125 0.0
8.75 10.125 0.0
0.25 10.375 2497552.02544
0.75 10.375 1560970.0159
1.25 10.375 0.0
1.75 10.375 1560970.0159
2.25 10.375 936582.009539
2.75 10.375 624388.006359
3.25 10.375 624388.006359
3.75 10.375 312194.00318
4.25 10.375 0.0
4.75 10.375 0.0
5.25 10.375 0.0
5.75 10.375 0.0
6.25 10.375 0.0
6.75 10.375 0.0
7.25 10.375 0.0
7.75 10.375 0.0
8.25 10.375 0.0
8.75 10.375 0.0
0.25 10.625 2497552.02544
0.75 10.625 936582.009539
1.25 10.625 936582.009539
1.75 10.625 312194.00318
2.25 10.625 936582.009539
2.75 10.625 936582.009539
3.25 10.625 936582.009539
3.75 10.625 936582.009539
4.25 10.625 936582.009539
4.75 10.625 0.0
5.25 10.625 312194.00318
5.75 10.625 0.0
6.25 10.625 0.0
6.75 10.625 0.0
7.25 10.625 0.0
7.75 10.625 0.0
8.25 10.625 0.0
8.75 10.625 0.0
0.25 10.875 936582.009539
0.75 10.875 624388.006359
1.25 10.875 312194.00318
1.75 10.875 1560970.0159
2.25 10.875 1560970.0159
2.75 10.875 312194.00318
3.25 10.875 312194.00318
3.75 10.875 0.0
4.25 10.875 0.0
4.75 10.875 0.0
5.25 10.875 0.0
5.75 10.875 0.0
6.25 10.875 0.0
6.75 10.875 0.0
7.25 10.875 0.0
7.75 10.875 0.0
8.25 10.875 0.0
8.75 10.875 0.0
0.25 11.125 1873164.01908
0.75 11.125 1873164.01908
1.25 11.125 312194.00318
1.75 11.125 624388.006359
2.25 11.125 624388.006359
2.75 11.125 624388.006359
3.25 11.125 624388.006359
3.75 11.125 0.0
4.25 11.125 312194.00318
4.75 11.125 0.0
5.25 11.125 624388.006359
5.75 11.125 312194.00318
6.25 11.125 0.0
6.75 11.125 0.0
7.25 11.125 0.0
7.75 11.125 0.0
8.25 11.125 0.0
8.75 11.125 0.0
0.25 11.375 624388.006359
0.75 11.375 624388.006359
1.25 11.375 312194.00318
1.75 11.375 312194.00318
2.25 11.375 936582.009539
2.75 11.375 0.0
3.25 11.375 936582.009539
3.75 11.375 0.0
4.25 11.375 312194.00318
4.75 11.375 0.0
5.25 11.375 0.0
5.75 11.375 0.0
6.25 11.375 0.0
6.75 11.375 0.0
7.25 11.375 0.0
7.75 11.375 0.0
8.25 11.375 0.0
8.75 11.375 0.0
0.25 11.625 1248776.01272
0.75 11.625 1248776.01272
1.25 11.625 1560970.0159
1.75 11.625 624388.006359
2.25 11.625 312194.00318
2.75 11.625 624388.006359
3.25 11.625 312194.00318
3.75 11.625 0.0
4.25 11.625 0.0
4.75 11.625 0.0
5.25 11.625 0.0
5.75 11.625 0.0
6.25 11.625 0.0
6.75 11.625 0.0
7.25 11.625 0.0
7.75 11.625 0.0
8.25 11.625 0.0
8.75 11.625 0.0
0.25 11.875 936582.009539
0.75 11.875 312194.00318
1.25 11.875 624388.006359
1.75 11.875 0.0
2.25 11.875 0.0
2.75 11.875 312194.00318
3.25 11.875 936582.009539
3.75 11.875 624388.006359
4.25 11.875 0.0
4.75 11.875 0.0
5.25 11.875 0.0
5.75 11.875 0.0
6.25 11.875 0.0
6.75 11.875 0.0
7.25 11.875 0.0
7.75 11.875 0.0
8.25 11.875 0.0
8.75 11.875 0.0
0.25 12.125 312194.00318
0.75 12.125 0.0
1.25 12.125 312194.00318
1.75 12.125 624388.006359
2.25 12.125 0.0
2.75 12.125 0.0
3.25 12.125 0.0
3.75 12.125 312194.00318
4.25 12.125 312194.00318
4.75 12.125 312194.00318
5.25 12.125 0.0
5.75 12.125 0.0
6.25 12.125 0.0
6.75 12.125 0.0
7.25 12.125 0.0
7.75 12.125 0.0
8.25 12.125 0.0
8.75 12.125 0.0
0.25 12.375 312194.00318
0.75 12.375 0.0
1.25 12.375 624388.006359
1.75 12.375 312194.00318
2.25 12.375 0.0
2.75 12.375 0.0
3.25 12.375 312194.00318
3.75 12.375 936582.009539
4.25 12.375 0.0
4.75 12.375 0.0
5.25 12.375 0.0
5.75 12.375 0.0
6.25 12.375 0.0
6.75 12.375 0.0
7.25 12.375 0.0
7.75 12.375 0.0
8.25 12.375 0.0
8.75 12.375 0.0
0.25 12.625 0.0
0.75 12.625 312194.00318
1.25 12.625 0.0
1.75 12.625 624388.006359
2.25 12.625 936582.009539
2.75 12.625 624388.006359
3.25 12.625 0.0
3.75 12.625 0.0
4.25 12.625 0.0
4.75 12.625 0.0
5.25 12.625 0.0
5.75 12.625 0.0
6.25 12.625 0.0
6.75 12.625 0.0
7.25 12.625 0.0
7.75 12.625 0.0
8.25 12.625 0.0
8.75 12.625 0.0
0.25 12.875 624388.006359
0.75 12.875 624388.006359
1.25 12.875 312194.00318
1.75 12.875 936582.009539
2.25 12.875 312194.00318
2.75 12.875 312194.00318
3.25 12.875 624388.006359
3.75 12.875 0.0
4.25 12.875 0.0
4.75 12.875 0.0
5.25 12.875 0.0
5.75 12.875 0.0
6.25 12.875 0.0
6.75 12.875 0.0
7.25 12.875 0.0
7.75 12.875 0.0
8.25 12.875 0.0
8.75 12.875 0.0
0.25 13.125 0.0
0.75 13.125 312194.00318
1.25 13.125 0.0
1.75 13.125 312194.00318
2.25 13.125 0.0
2.75 13.125 312194.00318
3.25 13.125 312194.00318
3.75 13.125 312194.00318
4.25 13.125 0.0
4.75 13.125 0.0
5.25 13.125 0.0
5.75 13.125 0.0
6.25 13.125 0.0
6.75 13.125 0.0
7.25 13.125 0.0
7.75 13.125 0.0
8.25 13.125 0.0
8.75 13.125 0.0
0.25 13.375 312194.00318
0.75 13.375 624388.006359
1.25 13.375 312194.00318
1.75 13.375 0.0
2.25 13.375 0.0
2.75 13.375 624388.006359
3.25 13.375 0.0
3.75 13.375 312194.00318
4.25 13.375 0.0
4.75 13.375 0.0
5.25 13.375 312194.00318
5.75 13.375 0.0
6.25 13.375 0.0
6.75 13.375 0.0
7.25 13.375 0.0
7.75 13.375 0.0
8.25 13.375 0.0
8.75 13.375 0.0
0.25 13.625 312194.00318
0.75 13.625 312194.00318
1.25 13.625 0.0
1.75 13.625 0.0
2.25 13.625 312194.00318
2.75 13.625 0.0
3.25 13.625 0.0
3.75 13.625 0.0
4.25 13.625 0.0
4.75 13.625 0.0
5.25 13.625 0.0
5.75 13.625 0.0
6.25 13.625 0.0
6.75 13.625 0.0
7.25 13.625 0.0
7.75 13.625 0.0
8.25 13.625 0.0
8.75 13.625 0.0
0.25 13.875 0.0
0.75 13.875 312194.00318
1.25 13.875 312194.00318
1.75 13.875 624388.006359
2.25 13.875 0.0
2.75 13.875 312194.00318
3.25 13.875 0.0
3.75 13.875 0.0
4.25 13.875 0.0
4.75 13.875 0.0
5.25 13.875 0.0
5.75 13.875 0.0
6.25 13.875 0.0
6.75 13.875 0.0
7.25 13.875 0.0
7.75 13.875 0.0
8.25 13.875 0.0
8.75 13.875 0.0
0.25 14.125 0.0
0.75 14.125 312194.00318
1.25 14.125 624388.006359
1.75 14.125 312194.00318
2.25 14.125 0.0
2.75 14.125 0.0
3.25 14.125 0.0
3.75 14.125 0.0
4.25 14.125 0.0
4.75 14.125 0.0
5.25 14.125 0.0
5.75 14.125 0.0
6.25 14.125 0.0
6.75 14.125 0.0
7.25 14.125 0.0
7.75 14.125 0.0
8.25 14.125 0.0
8.75 14.125 0.0
0.25 14.375 312194.00318
0.75 14.375 624388.006359
1.25 14.375 0.0
1.75 14.375 312194.00318
2.25 14.375 0.0
2.75 14.375 312194.00318
3.25 14.375 0.0
3.75 14.375 0.0
4.25 14.375 0.0
4.75 14.375 0.0
5.25 14.375 0.0
5.75 14.375 0.0
6.25 14.375 0.0
6.75 14.375 0.0
7.25 14.375 0.0
7.75 14.375 0.0
8.25 14.375 0.0
8.75 14.375 0.0
0.25 14.625 624388.006359
0.75 14.625 312194.00318
1.25 14.625 312194.00318
1.75 14.625 312194.00318
2.25 14.625 624388.006359
2.75 14.625 312194.00318
3.25 14.625 312194.00318
3.75 14.625 0.0
4.25 14.625 0.0
4.75 14.625 0.0
5.25 14.625 0.0
5.75 14.625 0.0
6.25 14.625 0.0
6.75 14.625 0.0
7.25 14.625 0.0
7.75 14.625 0.0
8.25 14.625 0.0
8.75 14.625 0.0
0.25 14.875 0.0
0.75 14.875 312194.00318
1.25 14.875 312194.00318
1.75 14.875 0.0
2.25 14.875 0.0
2.75 14.875 0.0
3.25 14.875 0.0
3.75 14.875 0.0
4.25 14.875 0.0
4.75 14.875 0.0
5.25 14.875 0.0
5.75 14.875 0.0
6.25 14.875 0.0
6.75 14.875 0.0
7.25 14.875 0.0
7.75 14.875 0.0
8.25 14.875 0.0
8.75 14.875 0.0
0.25 15.125 312194.00318
0.75 15.125 0.0
1.25 15.125 0.0
1.75 15.125 312194.00318
2.25 15.125 0.0
2.75 15.125 0.0
3.25 15.125 0.0
3.75 15.125 0.0
4.25 15.125 0.0
4.75 15.125 0.0
5.25 15.125 0.0
5.75 15.125 0.0
6.25 15.125 0.0
6.75 15.125 0.0
7.25 15.125 0.0
7.75 15.125 0.0
8.25 15.125 0.0
8.75 15.125 0.0
0.25 15.375 0.0
0.75 15.375 312194.00318
1.25 15.375 0.0
1.75 15.375 1248776.01272
2.25 15.375 0.0
2.75 15.375 0.0
3.25 15.375 0.0
3.75 15.375 312194.00318
4.25 15.375 0.0
4.75 15.375 0.0
5.25 15.375 0.0
5.75 15.375 0.0
6.25 15.375 0.0
6.75 15.375 0.0
7.25 15.375 0.0
7.75 15.375 0.0
8.25 15.375 0.0
8.75 15.375 0.0
0.25 15.625 312194.00318
0.75 15.625 0.0
1.25 15.625 0.0
1.75 15.625 0.0
2.25 15.625 0.0
2.75 15.625 0.0
3.25 15.625 312194.00318
3.75 15.625 0.0
4.25 15.625 0.0
4.75 15.625 0.0
5.25 15.625 0.0
5.75 15.625 0.0
6.25 15.625 0.0
6.75 15.625 0.0
7.25 15.625 0.0
7.75 15.625 0.0
8.25 15.625 0.0
8.75 15.625 0.0
0.25 15.875 0.0
0.75 15.875 0.0
1.25 15.875 0.0
1.75 15.875 0.0
2.25 15.875 312194.00318
2.75 15.875 0.0
3.25 15.875 312194.00318
3.75 15.875 0.0
4.25 15.875 0.0
4.75 15.875 0.0
5.25 15.875 0.0
5.75 15.875 0.0
6.25 15.875 0.0
6.75 15.875 0.0
7.25 15.875 0.0
7.75 15.875 0.0
8.25 15.875 0.0
8.75 15.875 0.0
0.25 16.125 312194.00318
0.75 16.125 312194.00318
1.25 16.125 0.0
1.75 16.125 0.0
2.25 16.125 312194.00318
2.75 16.125 0.0
3.25 16.125 312194.00318
3.75 16.125 0.0
4.25 16.125 0.0
4.75 16.125 0.0
5.25 16.125 0.0
5.75 16.125 0.0
6.25 16.125 0.0
6.75 16.125 0.0
7.25 16.125 0.0
7.75 16.125 0.0
8.25 16.125 0.0
8.75 16.125 0.0
0.25 16.375 312194.00318
0.75 16.375 0.0
1.25 16.375 0.0
1.75 16.375 0.0
2.25 16.375 0.0
2.75 16.375 0.0
3.25 16.375 0.0
3.75 16.375 0.0
4.25 16.375 0.0
4.75 16.375 0.0
5.25 16.375 0.0
5.75 16.375 0.0
6.25 16.375 0.0
6.75 16.375 0.0
7.25 16.375 0.0
7.75 16.375 0.0
8.25 16.375 0.0
8.75 16.375 0.0
0.25 16.625 0.0
0.75 16.625 0.0
1.25 16.625 0.0
1.75 16.625 0.0
2.25 16.625 0.0
2.75 16.625 312194.00318
3.25 16.625 312194.00318
3.75 16.625 0.0
4.25 16.625 312194.00318
4.75 16.625 0.0
5.25 16.625 0.0
5.75 16.625 0.0
6.25 16.625 0.0
6.75 16.625 0.0
7.25 16.625 0.0
7.75 16.625 0.0
8.25 16.625 0.0
8.75 16.625 0.0
0.25 16.875 0.0
0.75 16.875 312194.00318
1.25 16.875 0.0
1.75 16.875 0.0
2.25 16.875 0.0
2.75 16.875 624388.006359
3.25 16.875 0.0
3.75 16.875 0.0
4.25 16.875 0.0
4.75 16.875 0.0
5.25 16.875 0.0
5.75 16.875 0.0
6.25 16.875 0.0
6.75 16.875 0.0
7.25 16.875 0.0
7.75 16.875 0.0
8.25 16.875 0.0
8.75 16.875 0.0
0.25 17.125 0.0
0.75 17.125 0.0
1.25 17.125 0.0
1.75 17.125 0.0
2.25 17.125 0.0
2.75 17.125 0.0
3.25 17.125 0.0
3.75 17.125 0.0
4.25 17.125 0.0
4.75 17.125 0.0
5.25 17.125 0.0
5.75 17.125 0.0
6.25 17.125 0.0
6.75 17.125 0.0
7.25 17.125 0.0
7.75 17.125 0.0
8.25 17.125 0.0
8.75 17.125 0.0
0.25 17.375 0.0
0.75 17.375 0.0
1.25 17.375 0.0
1.75 17.375 0.0
2.25 17.375 0.0
2.75 17.375 0.0
3.25 17.375 0.0
3.75 17.375 0.0
4.25 17.375 0.0
4.75 17.375 0.0
5.25 17.375 0.0
5.75 17.375 0.0
6.25 17.375 0.0
6.75 17.375 0.0
7.25 17.375 0.0
7.75 17.375 0.0
8.25 17.375 0.0
8.75 17.375 0.0
0.25 17.625 0.0
0.75 17.625 0.0
1.25 17.625 312194.00318
1.75 17.625 312194.00318
2.25 17.625 0.0
2.75 17.625 312194.00318
3.25 17.625 0.0
3.75 17.625 0.0
4.25 17.625 0.0
4.75 17.625 0.0
5.25 17.625 0.0
5.75 17.625 0.0
6.25 17.625 0.0
6.75 17.625 0.0
7.25 17.625 0.0
7.75 17.625 0.0
8.25 17.625 0.0
8.75 17.625 0.0
0.25 17.875 0.0
0.75 17.875 0.0
1.25 17.875 0.0
1.75 17.875 0.0
2.25 17.875 624388.006359
2.75 17.875 0.0
3.25 17.875 0.0
3.75 17.875 0.0
4.25 17.875 0.0
4.75 17.875 0.0
5.25 17.875 0.0
5.75 17.875 0.0
6.25 17.875 0.0
6.75 17.875 0.0
7.25 17.875 0.0
7.75 17.875 0.0
8.25 17.875 0.0
8.75 17.875 0.0
0.25 18.125 0.0
0.75 18.125 312194.00318
1.25 18.125 0.0
1.75 18.125 0.0
2.25 18.125 0.0
2.75 18.125 0.0
3.25 18.125 0.0
3.75 18.125 0.0
4.25 18.125 0.0
4.75 18.125 0.0
5.25 18.125 0.0
5.75 18.125 0.0
6.25 18.125 0.0
6.75 18.125 0.0
7.25 18.125 0.0
7.75 18.125 0.0
8.25 18.125 0.0
8.75 18.125 0.0
0.25 18.375 0.0
0.75 18.375 0.0
1.25 18.375 312194.00318
1.75 18.375 0.0
2.25 18.375 0.0
2.75 18.375 0.0
3.25 18.375 0.0
3.75 18.375 0.0
4.25 18.375 0.0
4.75 18.375 0.0
5.25 18.375 0.0
5.75 18.375 0.0
6.25 18.375 0.0
6.75 18.375 0.0
7.25 18.375 0.0
7.75 18.375 0.0
8.25 18.375 0.0
8.75 18.375 0.0
0.25 18.625 0.0
0.75 18.625 0.0
1.25 18.625 0.0
1.75 18.625 0.0
2.25 18.625 0.0
2.75 18.625 0.0
3.25 18.625 0.0
3.75 18.625 0.0
4.25 18.625 0.0
4.75 18.625 0.0
5.25 18.625 0.0
5.75 18.625 0.0
6.25 18.625 0.0
6.75 18.625 0.0
7.25 18.625 0.0
7.75 18.625 0.0
8.25 18.625 0.0
8.75 18.625 0.0
0.25 18.875 0.0
0.75 18.875 0.0
1.25 18.875 312194.00318
1.75 18.875 0.0
2.25 18.875 0.0
2.75 18.875 0.0
3.25 18.875 0.0
3.75 18.875 0.0
4.25 18.875 0.0
4.75 18.875 0.0
5.25 18.875 0.0
5.75 18.875 0.0
6.25 18.875 0.0
6.75 18.875 0.0
7.25 18.875 0.0
7.75 18.875 0.0
8.25 18.875 0.0
8.75 18.875 0.0
0.25 19.125 0.0
0.75 19.125 0.0
1.25 19.125 0.0
1.75 19.125 0.0
2.25 19.125 0.0
2.75 19.125 0.0
3.25 19.125 0.0
3.75 19.125 0.0
4.25 19.125 0.0
4.75 19.125 0.0
5.25 19.125 0.0
5.75 19.125 0.0
6.25 19.125 0.0
6.75 19.125 0.0
7.25 19.125 0.0
7.75 19.125 0.0
8.25 19.125 0.0
8.75 19.125 0.0
0.25 19.375 0.0
0.75 19.375 312194.00318
1.25 19.375 0.0
1.75 19.375 0.0
2.25 19.375 0.0
2.75 19.375 0.0
3.25 19.375 0.0
3.75 19.375 0.0
4.25 19.375 0.0
4.75 19.375 0.0
5.25 19.375 0.0
5.75 19.375 0.0
6.25 19.375 0.0
6.75 19.375 0.0
7.25 19.375 0.0
7.75 19.375 0.0
8.25 19.375 0.0
8.75 19.375 0.0
0.25 19.625 0.0
0.75 19.625 0.0
1.25 19.625 312194.00318
1.75 19.625 0.0
2.25 19.625 0.0
2.75 19.625 0.0
3.25 19.625 0.0
3.75 19.625 0.0
4.25 19.625 312194.00318
4.75 19.625 0.0
5.25 19.625 0.0
5.75 19.625 0.0
6.25 19.625 0.0
6.75 19.625 0.0
7.25 19.625 0.0
7.75 19.625 0.0
8.25 19.625 0.0
8.75 19.625 0.0
0.25 19.875 0.0
0.75 19.875 0.0
1.25 19.875 0.0
1.75 19.875 0.0
2.25 19.875 0.0
2.75 19.875 0.0
3.25 19.875 0.0
3.75 19.875 312194.00318
4.25 19.875 0.0
4.75 19.875 0.0
5.25 19.875 0.0
5.75 19.875 0.0
6.25 19.875 0.0
6.75 19.875 0.0
7.25 19.875 0.0
7.75 19.875 0.0
8.25 19.875 0.0
8.75 19.875 0.0
0.25 20.125 312194.00318
0.75 20.125 312194.00318
1.25 20.125 624388.006359
1.75 20.125 0.0
2.25 20.125 0.0
2.75 20.125 0.0
3.25 20.125 312194.00318
3.75 20.125 0.0
4.25 20.125 0.0
4.75 20.125 0.0
5.25 20.125 0.0
5.75 20.125 0.0
6.25 20.125 0.0
6.75 20.125 0.0
7.25 20.125 0.0
7.75 20.125 0.0
8.25 20.125 0.0
8.75 20.125 0.0
0.25 20.375 0.0
0.75 20.375 0.0
1.25 20.375 0.0
1.75 20.375 0.0
2.25 20.375 312194.00318
2.75 20.375 0.0
3.25 20.375 0.0
3.75 20.375 0.0
4.25 20.375 0.0
4.75 20.375 0.0
5.25 20.375 0.0
5.75 20.375 0.0
6.25 20.375 0.0
6.75 20.375 0.0
7.25 20.375 0.0
7.75 20.375 0.0
8.25 20.375 0.0
8.75 20.375 0.0
0.25 20.625 312194.00318
0.75 20.625 0.0
1.25 20.625 0.0
1.75 20.625 0.0
2.25 20.625 0.0
2.75 20.625 0.0
3.25 20.625 0.0
3.75 20.625 0.0
4.25 20.625 0.0
4.75 20.625 0.0
5.25 20.625 0.0
5.75 20.625 0.0
6.25 20.625 0.0
6.75 20.625 0.0
7.25 20.625 0.0
7.75 20.625 0.0
8.25 20.625 0.0
8.75 20.625 0.0
0.25 20.875 0.0
0.75 20.875 0.0
1.25 20.875 0.0
1.75 20.875 0.0
2.25 20.875 0.0
2.75 20.875 0.0
3.25 20.875 0.0
3.75 20.875 0.0
4.25 20.875 0.0
4.75 20.875 0.0
5.25 20.875 0.0
5.75 20.875 0.0
6.25 20.875 0.0
6.75 20.875 0.0
7.25 20.875 0.0
7.75 20.875 0.0
8.25 20.875 0.0
8.75 20.875 0.0
0.25 21.125 0.0
0.75 21.125 0.0
1.25 21.125 0.0
1.75 21.125 0.0
2.25 21.125 0.0
2.75 21.125 0.0
3.25 21.125 0.0
3.75 21.125 0.0
4.25 21.125 0.0
4.75 21.125 0.0
5.25 21.125 0.0
5.75 21.125 0.0
6.25 21.125 0.0
6.75 21.125 0.0
7.25 21.125 0.0
7.75 21.125 0.0
8.25 21.125 0.0
8.75 21.125 0.0
0.25 21.375 0.0
0.75 21.375 0.0
1.25 21.375 312194.00318
1.75 21.375 0.0
2.25 21.375 0.0
2.75 21.375 0.0
3.25 21.375 0.0
3.75 21.375 0.0
4.25 21.375 0.0
4.75 21.375 0.0
5.25 21.375 0.0
5.75 21.375 0.0
6.25 21.375 0.0
6.75 21.375 0.0
7.25 21.375 0.0
7.75 21.375 0.0
8.25 21.375 0.0
8.75 21.375 0.0
0.25 21.625 0.0
0.75 21.625 0.0
1.25 21.625 0.0
1.75 21.625 0.0
2.25 21.625 0.0
2.75 21.625 0.0
3.25 21.625 0.0
3.75 21.625 312194.00318
4.25 21.625 0.0
4.75 21.625 0.0
5.25 21.625 0.0
5.75 21.625 0.0
6.25 21.625 0.0
6.75 21.625 0.0
7.25 21.625 0.0
7.75 21.625 0.0
8.25 21.625 0.0
8.75 21.625 0.0
0.25 21.875 0.0
0.75 21.875 0.0
1.25 21.875 312194.00318
1.75 21.875 0.0
2.25 21.875 0.0
2.75 21.875 0.0
3.25 21.875 0.0
3.75 21.875 0.0
4.25 21.875 0.0
4.75 21.875 0.0
5.25 21.875 0.0
5.75 21.875 0.0
6.25 21.875 0.0
6.75 21.875 0.0
7.25 21.875 0.0
7.75 21.875 0.0
8.25 21.875 0.0
8.75 21.875 0.0
0.25 22.125 0.0
0.75 22.125 0.0
1.25 22.125 0.0
1.75 22.125 312194.00318
2.25 22.125 0.0
2.75 22.125 0.0
3.25 22.125 0.0
3.75 22.125 0.0
4.25 22.125 0.0
4.75 22.125 0.0
5.25 22.125 0.0
5.75 22.125 0.0
6.25 22.125 0.0
6.75 22.125 0.0
7.25 22.125 0.0
7.75 22.125 0.0
8.25 22.125 0.0
8.75 22.125 0.0
0.25 22.375 0.0
0.75 22.375 0.0
1.25 22.375 0.0
1.75 22.375 0.0
2.25 22.375 0.0
2.75 22.375 0.0
3.25 22.375 0.0
3.75 22.375 0.0
4.25 22.375 0.0
4.75 22.375 0.0
5.25 22.375 0.0
5.75 22.375 0.0
6.25 22.375 0.0
6.75 22.375 0.0
7.25 22.375 0.0
7.75 22.375 0.0
8.25 22.375 0.0
8.75 22.375 0.0
0.25 22.625 0.0
0.75 22.625 0.0
1.25 22.625 0.0
1.75 22.625 0.0
2.25 22.625 0.0
2.75 22.625 0.0
3.25 22.625 0.0
3.75 22.625 0.0
4.25 22.625 0.0
4.75 22.625 0.0
5.25 22.625 0.0
5.75 22.625 0.0
6.25 22.625 0.0
6.75 22.625 0.0
7.25 22.625 0.0
7.75 22.625 0.0
8.25 22.625 0.0
8.75 22.625 0.0
0.25 22.875 312194.00318
0.75 22.875 0.0
1.25 22.875 0.0
1.75 22.875 0.0
2.25 22.875 0.0
2.75 22.875 0.0
3.25 22.875 0.0
3.75 22.875 0.0
4.25 22.875 0.0
4.75 22.875 0.0
5.25 22.875 0.0
5.75 22.875 0.0
6.25 22.875 0.0
6.75 22.875 0.0
7.25 22.875 0.0
7.75 22.875 0.0
8.25 22.875 0.0
8.75 22.875 0.0
0.25 23.125 0.0
0.75 23.125 0.0
1.25 23.125 0.0
1.75 23.125 0.0
2.25 23.125 0.0
2.75 23.125 0.0
3.25 23.125 0.0
3.75 23.125 0.0
4.25 23.125 0.0
4.75 23.125 0.0
5.25 23.125 0.0
5.75 23.125 0.0
6.25 23.125 0.0
6.75 23.125 0.0
7.25 23.125 0.0
7.75 23.125 0.0
8.25 23.125 0.0
8.75 23.125 0.0
0.25 23.375 0.0
0.75 23.375 312194.00318
1.25 23.375 0.0
1.75 23.375 0.0
2.25 23.375 0.0
2.75 23.375 0.0
3.25 23.375 0.0
3.75 23.375 0.0
4.25 23.375 0.0
4.75 23.375 0.0
5.25 23.375 0.0
5.75 23.375 0.0
6.25 23.375 0.0
6.75 23.375 0.0
7.25 23.375 0.0
7.75 23.375 0.0
8.25 23.375 0.0
8.75 23.375 0.0
0.25 23.625 0.0
0.75 23.625 0.0
1.25 23.625 0.0
1.75 23.625 0.0
2.25 23.625 0.0
2.75 23.625 0.0
3.25 23.625 0.0
3.75 23.625 0.0
4.25 23.625 0.0
4.75 23.625 0.0
5.25 23.625 0.0
5.75 23.625 0.0
6.25 23.625 0.0
6.75 23.625 0.0
7.25 23.625 0.0
7.75 23.625 0.0
8.25 23.625 0.0
8.75 23.625 0.0
0.25 23.875 0.0
0.75 23.875 0.0
1.25 23.875 0.0
1.75 23.875 0.0
2.25 23.875 0.0
2.75 23.875 0.0
3.25 23.875 0.0
3.75 23.875 0.0
4.25 23.875 0.0
4.75 23.875 0.0
5.25 23.875 0.0
5.75 23.875 0.0
6.25 23.875 0.0
6.75 23.875 0.0
7.25 23.875 0.0
7.75 23.875 0.0
8.25 23.875 0.0
8.75 23.875 0.0
0.25 24.125 0.0
0.75 24.125 0.0
1.25 24.125 0.0
1.75 24.125 0.0
2.25 24.125 0.0
2.75 24.125 0.0
3.25 24.125 0.0
3.75 24.125 312194.00318
4.25 24.125 0.0
4.75 24.125 0.0
5.25 24.125 0.0
5.75 24.125 0.0
6.25 24.125 0.0
6.75 24.125 0.0
7.25 24.125 0.0
7.75 24.125 0.0
8.25 24.125 0.0
8.75 24.125 0.0
0.25 24.375 312194.00318
0.75 24.375 0.0
1.25 24.375 0.0
1.75 24.375 312194.00318
2.25 24.375 0.0
2.75 24.375 0.0
3.25 24.375 0.0
3.75 24.375 0.0
4.25 24.375 0.0
4.75 24.375 0.0
5.25 24.375 0.0
5.75 24.375 0.0
6.25 24.375 0.0
6.75 24.375 0.0
7.25 24.375 0.0
7.75 24.375 0.0
8.25 24.375 0.0
8.75 24.375 0.0
0.25 24.625 0.0
0.75 24.625 0.0
1.25 24.625 0.0
1.75 24.625 0.0
2.25 24.625 0.0
2.75 24.625 0.0
3.25 24.625 0.0
3.75 24.625 0.0
4.25 24.625 0.0
4.75 24.625 0.0
5.25 24.625 0.0
5.75 24.625 0.0
6.25 24.625 0.0
6.75 24.625 0.0
7.25 24.625 0.0
7.75 24.625 0.0
8.25 24.625 0.0
8.75 24.625 0.0
0.25 24.875 0.0
0.75 24.875 0.0
1.25 24.875 0.0
1.75 24.875 0.0
2.25 24.875 0.0
2.75 24.875 0.0
3.25 24.875 0.0
3.75 24.875 0.0
4.25 24.875 0.0
4.75 24.875 0.0
5.25 24.875 0.0
5.75 24.875 0.0
6.25 24.875 0.0
6.75 24.875 0.0
7.25 24.875 0.0
7.75 24.875 0.0
8.25 24.875 0.0
8.75 24.875 0.0
0.25 25.125 312194.00318
0.75 25.125 0.0
1.25 25.125 0.0
1.75 25.125 0.0
2.25 25.125 0.0
2.75 25.125 0.0
3.25 25.125 0.0
3.75 25.125 0.0
4.25 25.125 0.0
4.75 25.125 0.0
5.25 25.125 0.0
5.75 25.125 0.0
6.25 25.125 0.0
6.75 25.125 0.0
7.25 25.125 0.0
7.75 25.125 0.0
8.25 25.125 0.0
8.75 25.125 0.0
0.25 25.375 0.0
0.75 25.375 0.0
1.25 25.375 0.0
1.75 25.375 0.0
2.25 25.375 0.0
2.75 25.375 0.0
3.25 25.375 0.0
3.75 25.375 0.0
4.25 25.375 0.0
4.75 25.375 0.0
5.25 25.375 0.0
5.75 25.375 0.0
6.25 25.375 0.0
6.75 25.375 0.0
7.25 25.375 0.0
7.75 25.375 0.0
8.25 25.375 0.0
8.75 25.375 0.0
0.25 25.625 0.0
0.75 25.625 0.0
1.25 25.625 0.0
1.75 25.625 0.0
2.25 25.625 0.0
2.75 25.625 0.0
3.25 25.625 0.0
3.75 25.625 0.0
4.25 25.625 0.0
4.75 25.625 0.0
5.25 25.625 0.0
5.75 25.625 0.0
6.25 25.625 0.0
6.75 25.625 0.0
7.25 25.625 0.0
7.75 25.625 0.0
8.25 25.625 0.0
8.75 25.625 0.0
0.25 25.875 0.0
0.75 25.875 0.0
1.25 25.875 0.0
1.75 25.875 0.0
2.25 25.875 0.0
2.75 25.875 0.0
3.25 25.875 0.0
3.75 25.875 0.0
4.25 25.875 0.0
4.75 25.875 0.0
5.25 25.875 0.0
5.75 25.875 0.0
6.25 25.875 0.0
6.75 25.875 0.0
7.25 25.875 0.0
7.75 25.875 0.0
8.25 25.875 0.0
8.75 25.875 0.0
0.25 26.125 0.0
0.75 26.125 0.0
1.25 26.125 0.0
1.75 26.125 0.0
2.25 26.125 0.0
2.75 26.125 312194.00318
3.25 26.125 0.0
3.75 26.125 0.0
4.25 26.125 0.0
4.75 26.125 0.0
5.25 26.125 0.0
5.75 26.125 0.0
6.25 26.125 0.0
6.75 26.125 0.0
7.25 26.125 0.0
7.75 26.125 0.0
8.25 26.125 0.0
8.75 26.125 0.0
0.25 26.375 0.0
0.75 26.375 0.0
1.25 26.375 0.0
1.75 26.375 0.0
2.25 26.375 0.0
2.75 26.375 0.0
3.25 26.375 0.0
3.75 26.375 0.0
4.25 26.375 0.0
4.75 26.375 0.0
5.25 26.375 0.0
5.75 26.375 0.0
6.25 26.375 0.0
6.75 26.375 0.0
7.25 26.375 0.0
7.75 26.375 0.0
8.25 26.375 0.0
8.75 26.375 0.0
0.25 26.625 0.0
0.75 26.625 0.0
1.25 26.625 0.0
1.75 26.625 0.0
2.25 26.625 0.0
2.75 26.625 0.0
3.25 26.625 0.0
3.75 26.625 0.0
4.25 26.625 0.0
4.75 26.625 0.0
5.25 26.625 0.0
5.75 26.625 0.0
6.25 26.625 0.0
6.75 26.625 0.0
7.25 26.625 0.0
7.75 26.625 0.0
8.25 26.625 0.0
8.75 26.625 0.0
0.25 26.875 0.0
0.75 26.875 0.0
1.25 26.875 0.0
1.75 26.875 0.0
2.25 26.875 0.0
2.75 26.875 0.0
3.25 26.875 0.0
3.75 26.875 0.0
4.25 26.875 0.0
4.75 26.875 0.0
5.25 26.875 0.0
5.75 26.875 0.0
6.25 26.875 0.0
6.75 26.875 0.0
7.25 26.875 0.0
7.75 26.875 0.0
8.25 26.875 0.0
8.75 26.875 0.0
0.25 27.125 0.0
0.75 27.125 0.0
1.25 27.125 0.0
1.75 27.125 0.0
2.25 27.125 0.0
2.75 27.125 0.0
3.25 27.125 0.0
3.75 27.125 0.0
4.25 27.125 0.0
4.75 27.125 0.0
5.25 27.125 0.0
5.75 27.125 0.0
6.25 27.125 0.0
6.75 27.125 0.0
7.25 27.125 0.0
7.75 27.125 0.0
8.25 27.125 0.0
8.75 27.125 0.0
0.25 27.375 0.0
0.75 27.375 0.0
1.25 27.375 0.0
1.75 27.375 0.0
2.25 27.375 0.0
2.75 27.375 0.0
3.25 27.375 0.0
3.75 27.375 0.0
4.25 27.375 0.0
4.75 27.375 0.0
5.25 27.375 0.0
5.75 27.375 0.0
6.25 27.375 0.0
6.75 27.375 0.0
7.25 27.375 0.0
7.75 27.375 0.0
8.25 27.375 0.0
8.75 27.375 0.0
0.25 27.625 0.0
0.75 27.625 0.0
1.25 27.625 0.0
1.75 27.625 0.0
2.25 27.625 0.0
2.75 27.625 0.0
3.25 27.625 0.0
3.75 27.625 0.0
4.25 27.625 0.0
4.75 27.625 0.0
5.25 27.625 0.0
5.75 27.625 0.0
6.25 27.625 0.0
6.75 27.625 0.0
7.25 27.625 0.0
7.75 27.625 0.0
8.25 27.625 0.0
8.75 27.625 0.0
0.25 27.875 0.0
0.75 27.875 0.0
1.25 27.875 0.0
1.75 27.875 0.0
2.25 27.875 0.0
2.75 27.875 0.0
3.25 27.875 0.0
3.75 27.875 0.0
4.25 27.875 0.0
4.75 27.875 0.0
5.25 27.875 0.0
5.75 27.875 0.0
6.25 27.875 0.0
6.75 27.875 0.0
7.25 27.875 0.0
7.75 27.875 0.0
8.25 27.875 0.0
8.75 27.875 0.0
0.25 28.125 0.0
0.75 28.125 0.0
1.25 28.125 0.0
1.75 28.125 0.0
2.25 28.125 0.0
2.75 28.125 0.0
3.25 28.125 0.0
3.75 28.125 0.0
4.25 28.125 0.0
4.75 28.125 0.0
5.25 28.125 0.0
5.75 28.125 0.0
6.25 28.125 0.0
6.75 28.125 0.0
7.25 28.125 0.0
7.75 28.125 0.0
8.25 28.125 0.0
8.75 28.125 0.0
0.25 28.375 0.0
0.75 28.375 0.0
1.25 28.375 0.0
1.75 28.375 0.0
2.25 28.375 0.0
2.75 28.375 0.0
3.25 28.375 0.0
3.75 28.375 0.0
4.25 28.375 0.0
4.75 28.375 0.0
5.25 28.375 0.0
5.75 28.375 0.0
6.25 28.375 0.0
6.75 28.375 0.0
7.25 28.375 0.0
7.75 28.375 0.0
8.25 28.375 0.0
8.75 28.375 0.0
0.25 28.625 0.0
0.75 28.625 0.0
1.25 28.625 0.0
1.75 28.625 312194.00318
2.25 28.625 0.0
2.75 28.625 0.0
3.25 28.625 0.0
3.75 28.625 0.0
4.25 28.625 0.0
4.75 28.625 0.0
5.25 28.625 0.0
5.75 28.625 0.0
6.25 28.625 0.0
6.75 28.625 0.0
7.25 28.625 0.0
7.75 28.625 0.0
8.25 28.625 0.0
8.75 28.625 0.0
0.25 28.875 0.0
0.75 28.875 0.0
1.25 28.875 0.0
1.75 28.875 0.0
2.25 28.875 0.0
2.75 28.875 0.0
3.25 28.875 0.0
3.75 28.875 0.0
4.25 28.875 0.0
4.75 28.875 0.0
5.25 28.875 0.0
5.75 28.875 0.0
6.25 28.875 0.0
6.75 28.875 0.0
7.25 28.875 0.0
7.75 28.875 0.0
8.25 28.875 0.0
8.75 28.875 0.0
0.25 29.125 0.0
0.75 29.125 0.0
1.25 29.125 0.0
1.75 29.125 0.0
2.25 29.125 0.0
2.75 29.125 0.0
3.25 29.125 0.0
3.75 29.125 0.0
4.25 29.125 0.0
4.75 29.125 0.0
5.25 29.125 0.0
5.75 29.125 0.0
6.25 29.125 0.0
6.75 29.125 0.0
7.25 29.125 0.0
7.75 29.125 0.0
8.25 29.125 0.0
8.75 29.125 0.0
0.25 29.375 0.0
0.75 29.375 0.0
1.25 29.375 0.0
1.75 29.375 0.0
2.25 29.375 0.0
2.75 29.375 0.0
3.25 29.375 0.0
3.75 29.375 0.0
4.25 29.375 0.0
4.75 29.375 0.0
5.25 29.375 0.0
5.75 29.375 0.0
6.25 29.375 0.0
6.75 29.375 0.0
7.25 29.375 0.0
7.75 29.375 0.0
8.25 29.375 0.0
8.75 29.375 0.0
0.25 29.625 0.0
0.75 29.625 0.0
1.25 29.625 0.0
1.75 29.625 0.0
2.25 29.625 0.0
2.75 29.625 0.0
3.25 29.625 0.0
3.75 29.625 0.0
4.25 29.625 0.0
4.75 29.625 0.0
5.25 29.625 0.0
5.75 29.625 0.0
6.25 29.625 0.0
6.75 29.625 0.0
7.25 29.625 0.0
7.75 29.625 0.0
8.25 29.625 0.0
8.75 29.625 0.0
0.25 29.875 0.0
0.75 29.875 0.0
1.25 29.875 0.0
1.75 29.875 0.0
2.25 29.875 0.0
2.75 29.875 0.0
3.25 29.875 0.0
3.75 29.875 0.0
4.25 29.875 0.0
4.75 29.875 0.0
5.25 29.875 0.0
5.75 29.875 0.0
6.25 29.875 0.0
6.75 29.875 0.0
7.25 29.875 0.0
7.75 29.875 0.0
8.25 29.875 0.0
8.75 29.875 0.0
