11.294627058970837 0.0
14.219093021276404 11.77061303860969
17.900777537149963 851.34047427131
22.535743732392298 1840.3455111238145
28.370820458389794 3898.812856611964
35.71674682851676 11112.843437310374
44.96472020903849 13429.449049239396
56.60722890537329 27740.299848478102
71.26427896022373 33080.64973734622
89.71641173621407 61663.51031973297
112.94627058970838 70762.22632402202
142.1909302127641 92185.56201865023
179.00777537149963 128281.6194429209
225.35743732392305 160015.77703562612
283.7082045838981 183391.66289041273
357.1674682851676 187039.11134117655
449.6472020903849 208438.40310105064
566.0722890537327 192892.46765009593
712.6427896022376 186948.70827890793
897.164117362141 148628.07602350018
1129.4627058970837 103868.39788925787
1421.9093021276408 63202.793163174996
1790.0777537149975 32407.636675568763
2253.5743732392316 14291.890723250108
2837.082045838981 6144.311938589206
3571.674682851676 1991.2115800904576
4496.47202090385 528.1335889762267
5660.72289053733 104.22829346125945
7126.427896022379 8.169355310266837
8971.64117362141 0.0
