11.294627058970837 882.3468500541047
14.219093021276404 107.65895312264581
17.900777537149963 4566.333157708701
22.535743732392298 4331.547756128776
28.370820458389794 6532.636330926523
35.71674682851676 6074.034426610346
44.96472020903849 16647.190740804836
56.60722890537329 45570.63815547541
71.26427896022373 35833.26509035552
89.71641173621407 62889.12613708105
112.94627058970838 80590.06409660485
142.1909302127641 109731.9051764271
179.00777537149963 133911.6951293918
225.35743732392305 152294.35130447045
283.7082045838981 164652.87403972563
357.1674682851676 165865.8325964074
449.6472020903849 185042.24877488601
566.0722890537327 181368.03920543473
712.6427896022376 161783.3184736867
897.164117362141 124537.98380887741
1129.4627058970837 85716.5220593377
1421.9093021276408 51689.30256721331
1790.0777537149975 27759.453079633415
2253.5743732392316 10453.055791777791
2837.082045838981 4135.951145060826
3571.674682851676 1240.841810255777
4496.47202090385 593.5317306783982
5660.72289053733 257.0971632678993
7126.427896022379 43.56117852893658
8971.64117362141 2.3048242607619613
