11.294627058970837 0.0
14.219093021276404 0.0
17.900777537149963 7.706256020155377
22.535743732392298 358.374822160648
28.370820458389794 8.550395591555571e-07
35.71674682851676 0.8771575873225288
44.96472020903849 11.186223228934182
56.60722890537329 443.93165299008035
71.26427896022373 254.87208724426227
89.71641173621407 1722.374749226799
112.94627058970838 1895.698930519954
142.1909302127641 5488.765520775129
179.00777537149963 3028.164764911924
225.35743732392305 3466.228614060372
283.7082045838981 6801.088079346315
357.1674682851676 12816.991820687934
449.6472020903849 14276.696537660326
566.0722890537327 20436.184102268162
712.6427896022376 30179.91833315522
897.164117362141 29262.667756594397
1129.4627058970837 35361.38424993298
1421.9093021276408 30593.444050425314
1790.0777537149975 19178.299941175123
2253.5743732392316 10583.99001222194
2837.082045838981 2548.591804522439
3571.674682851676 727.5949530230428
4496.47202090385 27.336149879498407
5660.72289053733 0.13602251894189976
7126.427896022379 0.0
8971.64117362141 0.0
