11.294627058970837 0.040662106168145404
14.219093021276404 0.0
17.900777537149963 2.6925251044339737
22.535743732392298 336.4032024658298
28.370820458389794 749.2429750287183
35.71674682851676 156.37848709691434
44.96472020903849 950.1148702230867
56.60722890537329 671.7333869630602
71.26427896022373 702.7744588077162
89.71641173621407 1357.592575434553
112.94627058970838 4391.030921795159
142.1909302127641 5837.263092866615
179.00777537149963 7245.575106920447
225.35743732392305 12176.763660456149
283.7082045838981 14639.915903578403
357.1674682851676 20330.38572228611
449.6472020903849 36195.77920166898
566.0722890537327 42246.65753787864
712.6427896022376 57770.7071920303
897.164117362141 54495.473195960745
1129.4627058970837 58156.66008832457
1421.9093021276408 52699.3164624584
1790.0777537149975 33301.809536551475
2253.5743732392316 18425.293433231593
2837.082045838981 5032.469852277602
3571.674682851676 785.9161470421241
4496.47202090385 89.06937274656957
5660.72289053733 0.05209011415718123
7126.427896022379 0.0
8971.64117362141 0.0
