11.294627058970837 0.0
14.219093021276404 22.50712765639973
17.900777537149963 2090.0706786248243
22.535743732392298 231.03000795960997
28.370820458389794 5888.070602867098
35.71674682851676 5590.0423187949855
44.96472020903849 12417.021446721601
56.60722890537329 21253.5103243658
71.26427896022373 35813.06718587126
89.71641173621407 50277.567777140415
112.94627058970838 93533.95752068463
142.1909302127641 116104.69704919466
179.00777537149963 171512.74061133555
225.35743732392305 177887.77232322982
283.7082045838981 204094.2790106251
357.1674682851676 240867.52970420162
449.6472020903849 286907.3487612193
566.0722890537327 277142.0436292349
712.6427896022376 300713.7167325821
897.164117362141 271782.24767760676
1129.4627058970837 205255.1791171725
1421.9093021276408 126725.45795685612
1790.0777537149975 65088.892495568376
2253.5743732392316 23994.784621236846
2837.082045838981 5241.721564963926
3571.674682851676 917.5987941618077
4496.47202090385 72.55632017366588
5660.72289053733 1.0470909317955375
7126.427896022379 4.329066723585129e-05
8971.64117362141 0.0
