11.294627058970837 457.4767662833452
14.219093021276404 11.92426283274591
17.900777537149963 497.8966659786034
22.535743732392298 1302.3593540783759
28.370820458389794 6586.586627454984
35.71674682851676 13156.880442299844
44.96472020903849 17892.30362233824
56.60722890537329 22384.531403162313
71.26427896022373 34378.57750321982
89.71641173621407 54405.10392389978
112.94627058970838 73559.10228057316
142.1909302127641 117237.58808089184
179.00777537149963 160797.28085696872
225.35743732392305 181255.69473595783
283.7082045838981 219105.32561554224
357.1674682851676 246524.53076559003
449.6472020903849 275795.6527702855
566.0722890537327 287862.80722625647
712.6427896022376 279840.6594285595
897.164117362141 254562.30451795855
1129.4627058970837 192712.78422812745
1421.9093021276408 111469.98635214567
1790.0777537149975 65286.78743492393
2253.5743732392316 24839.430784122087
2837.082045838981 6264.285572374705
3571.674682851676 1010.6855420335196
4496.47202090385 64.81666119163856
5660.72289053733 0.07288789516314864
7126.427896022379 0.0
8971.64117362141 0.0
