11.294627058970837 572.6463302049981
14.219093021276404 1549.2659682841334
17.900777537149963 82.32391198970527
22.535743732392298 1044.9496426717433
28.370820458389794 813.3566684056032
35.71674682851676 8027.608891799451
44.96472020903849 8342.503982407372
56.60722890537329 21029.482606212583
71.26427896022373 42988.30924071348
89.71641173621407 53975.48241767836
112.94627058970838 70626.14993079589
142.1909302127641 108092.1271300125
179.00777537149963 124609.1759952284
225.35743732392305 173989.26696215238
283.7082045838981 203336.95744955516
357.1674682851676 256981.26896080247
449.6472020903849 261925.71008819342
566.0722890537327 279223.9738783252
712.6427896022376 277255.3861068052
897.164117362141 255594.06687006843
1129.4627058970837 178718.64318798948
1421.9093021276408 124267.51738611795
1790.0777537149975 56096.870071367826
2253.5743732392316 23485.50399347581
2837.082045838981 6503.268377156928
3571.674682851676 1141.03736823285
4496.47202090385 47.30029820278287
5660.72289053733 0.2587205716408789
7126.427896022379 2.4586915969848633e-07
8971.64117362141 0.0
