11.294627058970837 0.0
14.219093021276404 0.0
17.900777537149963 0.0
22.535743732392298 0.39308124334610617
28.370820458389794 7.184384514067846
35.71674682851676 18.45226556028308
44.96472020903849 70.78310754297476
56.60722890537329 819.0379508854429
71.26427896022373 207.2622795686225
89.71641173621407 2193.9979998613344
112.94627058970838 1292.4309256177307
142.1909302127641 2453.9409503329634
179.00777537149963 6314.34971900192
225.35743732392305 5080.532836571258
283.7082045838981 8487.9663467268
357.1674682851676 8446.083109231891
449.6472020903849 17710.554272061883
566.0722890537327 22872.29472734713
712.6427896022376 24252.084491601505
897.164117362141 27430.692094058308
1129.4627058970837 32239.482025888792
1421.9093021276408 23463.722847743426
1790.0777537149975 22206.688815511792
2253.5743732392316 11775.586795030336
2837.082045838981 2676.383759522898
3571.674682851676 700.730108120566
4496.47202090385 18.826206474826904
5660.72289053733 0.09541818182333373
7126.427896022379 0.0
8971.64117362141 0.0
