11.294627058970837 0.0
14.219093021276404 0.0
17.900777537149963 0.15710130412001233
22.535743732392298 0.0
28.370820458389794 76.4868648359554
35.71674682851676 80.69398785811806
44.96472020903849 431.8656666068921
56.60722890537329 873.5694318503582
71.26427896022373 1878.6526154583232
89.71641173621407 3002.3241425904234
112.94627058970838 4000.576807556112
142.1909302127641 5432.042409248119
179.00777537149963 6449.648808393096
225.35743732392305 9409.482214581003
283.7082045838981 11731.668465187358
357.1674682851676 25232.84418865836
449.6472020903849 33587.22072687834
566.0722890537327 44365.098046328494
712.6427896022376 44938.98242254753
897.164117362141 59765.10855480822
1129.4627058970837 61135.77023093929
1421.9093021276408 50525.90670235589
1790.0777537149975 29496.257831196708
2253.5743732392316 15098.46837974654
2837.082045838981 4826.716520705551
3571.674682851676 922.2076665627537
4496.47202090385 35.494481195521075
5660.72289053733 0.4017359162680805
7126.427896022379 0.0
8971.64117362141 0.0
