11.294627058970837 0.00915275148137729
14.219093021276404 1.7950649239827907
17.900777537149963 5.614615170129827
22.535743732392298 1.7977030133674994
28.370820458389794 33.269683658861275
35.71674682851676 17.855120643927435
44.96472020903849 79.86168261691594
56.60722890537329 151.16844973502492
71.26427896022373 68.49668125340605
89.71641173621407 212.61182402550645
112.94627058970838 254.934027487594
142.1909302127641 265.2419579475019
179.00777537149963 458.23206798176284
225.35743732392305 448.5939899180273
283.7082045838981 312.9059359472103
357.1674682851676 248.8418268551559
449.6472020903849 199.84503170176413
566.0722890537327 187.36477301938385
712.6427896022376 126.90143353505346
897.164117362141 127.04336645702278
1129.4627058970837 102.3275801593204
1421.9093021276408 69.95525703978092
1790.0777537149975 43.67567040592985
2253.5743732392316 14.334759033180035
2837.082045838981 4.358183160383305
3571.674682851676 0.46783405630912966
4496.47202090385 0.018314626664050593
5660.72289053733 0.00033211930758625385
7126.427896022379 0.0
8971.64117362141 0.0
