11.294627058970837 17.861469904717506
14.219093021276404 121.09285479450143
17.900777537149963 239.57056114904822
22.535743732392298 1240.9908012012374
28.370820458389794 3419.708675061096
35.71674682851676 3037.9092676620758
44.96472020903849 3964.099504337005
56.60722890537329 5898.133644599677
71.26427896022373 8529.490769046424
89.71641173621407 10581.79965304082
112.94627058970838 12005.042425835643
142.1909302127641 16778.652899710687
179.00777537149963 12624.689375956295
225.35743732392305 14428.91502812173
283.7082045838981 13114.904274988337
357.1674682851676 10236.666639510615
449.6472020903849 8160.287556329247
566.0722890537327 9687.649176479259
712.6427896022376 7171.243897805922
897.164117362141 6245.345175313239
1129.4627058970837 3912.74737509602
1421.9093021276408 2237.9542361050844
1790.0777537149975 1047.864957287762
2253.5743732392316 292.036593362398
2837.082045838981 70.95595252307248
3571.674682851676 7.018351562379394
4496.47202090385 0.20525718189310282
5660.72289053733 4.344526678323746e-05
7126.427896022379 0.0
8971.64117362141 0.0
