11.294627058970837 15.652866459888406
14.219093021276404 0.0
17.900777537149963 335.7871157042159
22.535743732392298 0.0
28.370820458389794 0.011143757530874154
35.71674682851676 23.47054809859668
44.96472020903849 333.2004580974377
56.60722890537329 174.11795768762966
71.26427896022373 24.095423346110692
89.71641173621407 469.6482380854188
112.94627058970838 3930.8957512441502
142.1909302127641 3188.1784534846156
179.00777537149963 3811.8065557368354
225.35743732392305 4090.7838132025845
283.7082045838981 6285.741107300095
357.1674682851676 11179.247361313126
449.6472020903849 18178.893134402344
566.0722890537327 19945.974514832036
712.6427896022376 25820.374005812235
897.164117362141 27554.393099360546
1129.4627058970837 37192.41771795886
1421.9093021276408 30869.043456494022
1790.0777537149975 21651.054296026734
2253.5743732392316 12651.82925811407
2837.082045838981 3848.9526953696914
3571.674682851676 674.4341059878934
4496.47202090385 35.78333952225512
5660.72289053733 0.9562878661963623
7126.427896022379 0.0
8971.64117362141 0.0
