11.294627058970837 31.26014394691284
14.219093021276404 67.36788819332338
17.900777537149963 106.11403356368498
22.535743732392298 647.4659571332958
28.370820458389794 1083.8477588333244
35.71674682851676 1252.040328567508
44.96472020903849 2615.8243539647524
56.60722890537329 4558.641336333301
71.26427896022373 5771.525808155826
89.71641173621407 10830.174292059173
112.94627058970838 14930.19680351708
142.1909302127641 18423.234087559926
179.00777537149963 22429.79310574737
225.35743732392305 27546.502766200385
283.7082045838981 26072.638624166328
357.1674682851676 23812.57370682538
449.6472020903849 19535.477954465285
566.0722890537327 17746.690279352682
712.6427896022376 17260.215321648604
897.164117362141 15920.238332724577
1129.4627058970837 14108.84844414494
1421.9093021276408 9346.038042339234
1790.0777537149975 5970.154372017394
2253.5743732392316 3276.198542596103
2837.082045838981 1236.83879359829
3571.674682851676 497.5390121413511
4496.47202090385 105.35697625938337
5660.72289053733 27.098787757684477
7126.427896022379 1.5738315071794204
8971.64117362141 0.09132292569847777
