0.25 0.125 17807697.3384
0.75 0.125 18392544.0862
1.25 0.125 18332287.1485
1.75 0.125 18392544.0862
2.25 0.125 18591037.5279
2.75 0.125 18534325.116
3.25 0.125 19271586.4707
3.75 0.125 18771808.3408
4.25 0.125 18630027.3111
4.75 0.125 16255195.0625
5.25 0.125 15227282.5967
5.75 0.125 12434196.3103
6.25 0.125 10449261.8936
6.75 0.125 9059807.80195
7.25 0.125 7167031.05459
7.75 0.125 4427112.6544
8.25 0.125 1719094.98589
8.75 0.125 152414.606997
0.25 0.375 55276878.9794
0.75 0.375 53798811.7441
1.25 0.375 54156808.8443
1.75 0.375 53309667.1914
2.25 0.375 53185608.7904
2.75 0.375 53802356.2699
3.25 0.375 54011483.2888
3.75 0.375 53086362.0696
4.25 0.375 50849766.325
4.75 0.375 47556901.9088
5.25 0.375 42027441.7479
5.75 0.375 35636661.8313
6.25 0.375 29557800.1801
6.75 0.375 24389881.6452
7.25 0.375 18824976.227
7.75 0.375 11292859.0207
8.25 0.375 4611427.99309
8.75 0.375 322551.842714
0.25 0.625 85086340.4874
0.75 0.625 84760244.119
1.25 0.625 83055327.236
1.75 0.625 81222807.4263
2.25 0.625 80258696.4239
2.75 0.625 78713283.1995
3.25 0.625 77182048.078
3.75 0.625 75494853.8238
4.25 0.625 73112932.5238
4.75 0.625 67094327.8103
5.25 0.625 60497965.4005
5.75 0.625 53664119.7659
6.25 0.625 43353094.3762
6.75 0.625 33098781.3985
7.25 0.625 24134675.7917
7.75 0.625 14525466.4994
8.25 0.625 5199819.26661
8.75 0.625 372175.203132
0.25 0.875 99640163.1927
0.75 0.875 99803211.377
1.25 0.875 97704852.1364
1.75 0.875 95826253.4921
2.25 0.875 92331351.1084
2.75 0.875 89226346.5565
3.25 0.875 85837779.9452
3.75 0.875 81952979.7296
4.25 0.875 79510801.4919
4.75 0.875 74243636.2362
5.25 0.875 68058438.8127
5.75 0.875 58062876.2143
6.25 0.875 47723494.6187
6.75 0.875 35491336.2758
7.25 0.875 25772246.6854
7.75 0.875 14298616.8517
8.25 0.875 4342044.03654
8.75 0.875 177226.287206
0.25 1.125 99994615.7671
0.75 1.125 98254253.6268
1.25 1.125 97049114.8738
1.75 1.125 93472688.398
2.25 1.125 90502375.8244
2.75 1.125 87556874.9311
3.25 1.125 82576816.2606
3.75 1.125 77550678.7554
4.25 1.125 73361049.3259
4.75 1.125 69150152.7419
5.25 1.125 61639302.6901
5.75 1.125 53458537.2727
6.25 1.125 44090355.731
6.75 1.125 32074413.4585
7.25 1.125 22511283.0009
7.75 1.125 11572876.5545
8.25 1.125 2754096.50318
8.75 1.125 81524.0921146
0.25 1.375 88882527.5594
0.75 1.375 88900250.1881
1.25 1.375 86085896.7472
1.75 1.375 83828033.8482
2.25 1.375 80024757.7248
2.75 1.375 76703537.1026
3.25 1.375 72248068.2422
3.75 1.375 67406246.0758
4.25 1.375 62766461.8767
4.75 1.375 57853749.1954
5.25 1.375 51005725.4578
5.75 1.375 43796160.0942
6.25 1.375 36147073.5385
6.75 1.375 27051820.4791
7.25 1.375 17648193.6799
7.75 1.375 8333180.02441
8.25 1.375 1488700.81253
8.75 1.375 10633.5772323
0.25 1.625 75182935.5584
0.75 1.625 74410228.9461
1.25 1.625 72531630.3018
1.75 1.625 70582141.1425
2.25 1.625 67065971.6043
2.75 1.625 63641959.7355
3.25 1.625 59154590.1435
3.75 1.625 55213077.516
4.25 1.625 50803687.4904
4.75 1.625 45866163.1288
5.25 1.625 39844013.8896
5.75 1.625 33109414.9758
6.25 1.625 26973840.9127
6.75 1.625 19760731.0234
7.25 1.625 12512175.8767
7.75 1.625 5260076.20426
8.25 1.625 708905.148822
8.75 1.625 0.0
0.25 1.875 60820517.2432
0.75 1.875 60458975.6173
1.25 1.875 58474041.2006
1.75 1.875 56322514.0739
2.25 1.875 53883880.362
2.75 1.875 51384989.7124
3.25 1.875 47248528.169
3.75 1.875 43115611.1514
4.25 1.875 39457660.5835
4.75 1.875 33992001.886
5.25 1.875 30011499.4754
5.75 1.875 24127586.7402
6.25 1.875 18725729.5061
6.75 1.875 13518821.188
7.25 1.875 8230388.77783
7.75 1.875 2803719.86359
8.25 1.875 301284.68825
8.75 1.875 0.0
0.25 2.125 48010601.204
0.75 2.125 47085479.9848
1.25 2.125 46160358.7656
1.75 2.125 44178968.8746
2.25 2.125 42917117.7097
2.75 2.125 39641975.9221
3.25 2.125 37242331.9934
3.75 2.125 32864842.6994
4.25 2.125 30007954.9497
4.75 2.125 26094798.5282
5.25 2.125 21245887.3102
5.75 2.125 16971189.2628
6.25 2.125 13245892.7057
6.75 2.125 9300835.55255
7.25 2.125 4983603.19622
7.75 2.125 1428443.87488
8.25 2.125 49623.3604176
8.75 2.125 0.0
0.25 2.375 37511715.9499
0.75 2.375 36948136.3566
1.25 2.375 36391645.8148
1.75 2.375 34552036.9536
2.25 2.375 33711984.3522
2.75 2.375 30702681.9955
3.25 2.375 28232147.5519
3.75 2.375 25495773.6774
4.25 2.375 22376591.0226
4.75 2.375 18644205.414
5.25 2.375 15337162.8948
5.75 2.375 12122278.0449
6.25 2.375 8733711.43349
6.75 2.375 5873279.15799
7.25 2.375 3016391.40824
7.75 2.375 638014.63394
8.25 2.375 14178.1029764
8.75 2.375 0.0
0.25 2.625 29291960.7493
0.75 2.625 28717747.5788
1.25 2.625 28115178.2023
1.75 2.625 26190500.7232
2.25 2.625 25584386.821
2.75 2.625 24134675.7917
3.25 2.625 21968970.562
3.75 2.625 19576415.6847
4.25 2.625 16818774.6558
4.75 2.625 14383685.4696
5.25 2.625 11427550.999
5.75 2.625 8659276.39287
6.25 2.625 6256087.93836
6.75 2.625 3930879.05022
7.25 2.625 1704916.88292
7.75 2.625 287106.585273
8.25 2.625 10633.5772323
8.75 2.625 0.0
0.25 2.875 22560906.3613
0.75 2.875 22529005.6296
1.25 2.875 21997326.768
1.75 2.875 21635785.1421
2.25 2.875 20317221.5652
2.75 2.875 18828520.7527
3.25 2.875 16871942.542
3.75 2.875 14894097.1768
4.25 2.875 12593699.9688
4.75 2.875 10785991.8393
5.25 2.875 8170131.84018
5.75 2.875 6475848.53449
6.25 2.875 4363311.191
6.75 2.875 2754096.50318
7.25 2.875 981833.631119
7.75 2.875 120513.8753
8.25 2.875 0.0
8.75 2.875 0.0
0.25 3.125 17836053.5444
0.75 3.125 17878587.8533
1.25 3.125 17612748.4225
1.75 3.125 16237472.4338
2.25 3.125 15241460.6997
2.75 3.125 14273805.1715
3.25 3.125 12831183.1937
3.75 3.125 11388561.2158
4.25 3.125 9963661.8667
4.75 3.125 7627819.40133
5.25 3.125 6054049.97094
5.75 3.125 4490914.11779
6.25 3.125 2984490.67654
6.75 3.125 1729728.56313
7.25 3.125 662826.314149
7.75 3.125 60256.9376499
8.25 3.125 0.0
8.75 3.125 0.0
0.25 3.375 14436853.3558
0.75 3.375 14227726.3369
1.25 3.375 13621612.4346
1.75 3.375 13175002.1909
2.25 3.375 12459007.9906
2.75 3.375 11051831.2701
3.25 3.375 10087720.2677
3.75 3.375 8829413.62858
4.25 3.375 7535661.73198
4.75 3.375 6121395.96008
5.25 3.375 4653962.30202
5.75 3.375 3062470.24291
6.25 3.375 1974300.83947
6.75 3.375 1045635.09451
7.25 3.375 343818.997179
7.75 3.375 38989.7831852
8.25 3.375 0.0
8.75 3.375 0.0
0.25 3.625 11526797.7199
0.75 3.625 11193612.2999
1.25 3.625 10559142.1917
1.75 3.625 10679656.067
2.25 3.625 9793524.63098
2.75 3.625 9137787.36832
3.25 3.625 7766055.90535
3.75 3.625 6972082.13867
4.25 3.625 5476292.27465
4.75 3.625 4334954.98505
5.25 3.625 3310587.045
5.75 3.625 2413822.03174
6.25 3.625 1470978.18381
6.75 3.625 719538.726055
7.25 3.625 226849.647623
7.75 3.625 7089.05148822
8.25 3.625 0.0
8.75 3.625 0.0
0.25 3.875 9244123.14064
0.75 3.875 8801057.42263
1.25 3.875 8634464.71266
1.75 3.875 8095696.79955
2.25 3.875 7454137.63987
2.75 3.875 6918914.25251
3.25 3.875 6273810.56708
3.75 3.875 5160829.48343
4.25 3.875 4490914.11779
4.75 3.875 3338943.25095
5.25 3.875 2605226.42192
5.75 3.875 1704916.88292
6.25 3.875 1052724.146
6.75 3.875 542312.438849
7.25 3.875 120513.8753
7.75 3.875 0.0
8.25 3.875 0.0
8.75 3.875 0.0
0.25 4.125 7404514.27945
0.75 4.125 6922458.77825
1.25 4.125 7085506.96248
1.75 4.125 6599906.93554
2.25 4.125 5883912.73523
2.75 4.125 5855556.52927
3.25 4.125 5068671.81408
3.75 4.125 4054937.45126
4.25 4.125 3494902.38369
4.75 4.125 2722195.77148
5.25 4.125 1832519.80971
5.75 4.125 1286662.84511
6.25 4.125 889675.961772
6.75 4.125 350908.048667
7.25 4.125 92157.6693469
7.75 4.125 0.0
8.25 4.125 0.0
8.75 4.125 0.0
0.25 4.375 5653518.56186
0.75 4.375 5947714.19862
1.25 4.375 5369956.50233
1.75 4.375 5284887.88447
2.25 4.375 5054493.7111
2.75 4.375 4260519.94442
3.25 4.375 4012403.14233
3.75 4.375 3260963.68458
4.25 4.375 2761185.55466
4.75 4.375 1984934.4167
5.25 4.375 1548957.75018
5.75 4.375 1013734.36282
6.25 4.375 513956.232896
6.75 4.375 241027.7506
7.25 4.375 28356.2059529
7.75 4.375 0.0
8.25 4.375 0.0
8.75 4.375 0.0
0.25 4.625 4753209.02285
0.75 4.625 4661051.35351
1.25 4.625 4671684.93074
1.75 4.625 4086838.18296
2.25 4.625 3994680.51361
2.75 4.625 3590604.57879
3.25 4.625 3310587.045
3.75 4.625 2708017.6685
4.25 4.625 2218873.11581
4.75 4.625 1715550.46015
5.25 4.625 1151970.86684
5.75 4.625 765617.560728
6.25 4.625 467877.398223
6.75 4.625 191404.390182
7.25 4.625 14178.1029764
7.75 4.625 0.0
8.25 4.625 0.0
8.75 4.625 0.0
0.25 4.875 3859988.53534
0.75 4.875 3803276.12343
1.25 4.875 4040759.34829
1.75 4.875 3629594.36197
2.25 4.875 3353121.35393
2.75 4.875 2966768.04782
3.25 4.875 2562692.11299
3.75 4.875 2225962.1673
4.25 4.875 1669471.62548
4.75 4.875 1343375.25702
5.25 4.875 875497.858796
5.75 4.875 620292.00522
6.25 4.875 322551.842714
6.75 4.875 99246.7208351
7.25 4.875 3544.52574411
7.75 4.875 0.0
8.25 4.875 0.0
8.75 4.875 0.0
0.25 5.125 3076648.34589
0.75 5.125 3090826.44887
1.25 5.125 3066014.76866
1.75 5.125 2885243.95571
2.25 5.125 2633582.62788
2.75 5.125 2360654.14558
3.25 5.125 2105448.292
3.75 5.125 1768718.34631
4.25 5.125 1385909.56595
4.75 5.125 1049179.62026
5.25 5.125 708905.148822
5.75 5.125 439521.19227
6.25 5.125 184315.338694
6.75 5.125 67345.9891381
7.25 5.125 7089.05148822
7.75 5.125 0.0
8.25 5.125 0.0
8.75 5.125 0.0
0.25 5.375 2793086.28636
0.75 5.375 2633582.62788
1.25 5.375 2725740.29722
1.75 5.375 2371287.72281
2.25 5.375 2275585.52772
2.75 5.375 1889232.22161
3.25 5.375 1641115.41952
3.75 5.375 1382365.0402
4.25 5.375 1187416.12428
4.75 5.375 932210.270701
5.25 5.375 584846.747778
5.75 5.375 421798.563549
6.25 5.375 212671.544647
6.75 5.375 35445.2574411
7.25 5.375 0.0
7.75 5.375 0.0
8.25 5.375 0.0
8.75 5.375 0.0
0.25 5.625 2119626.39498
0.75 5.625 2190516.90986
1.25 5.625 2279130.05346
1.75 5.625 2126715.44647
2.25 5.625 1793530.02652
2.75 5.625 1598581.11059
3.25 5.625 1198049.70151
3.75 5.625 1215772.33023
4.25 5.625 928665.744957
4.75 5.625 719538.726055
5.25 5.625 450154.769502
5.75 5.625 248116.802088
6.25 5.625 138236.50402
6.75 5.625 21267.1544647
7.25 5.625 0.0
7.75 5.625 0.0
8.25 5.625 0.0
8.75 5.625 0.0
0.25 5.875 1899865.79884
0.75 5.875 1938855.58203
1.25 5.875 1736817.61461
1.75 5.875 1690738.77994
2.25 5.875 1573769.43039
2.75 5.875 1424899.34913
3.25 5.875 1116525.6094
3.75 5.875 1003100.78558
4.25 5.875 772706.612216
4.75 5.875 574213.170546
5.25 5.875 396986.883341
5.75 5.875 241027.7506
6.25 5.875 106335.772323
6.75 5.875 14178.1029764
7.25 5.875 0.0
7.75 5.875 0.0
8.25 5.875 0.0
8.75 5.875 0.0
0.25 6.125 1704916.88292
0.75 6.125 1651748.99676
1.25 6.125 1644659.94527
1.75 6.125 1435532.92637
2.25 6.125 1368186.93723
2.75 6.125 1268940.21639
3.25 6.125 964111.002398
3.75 6.125 818785.44689
4.25 6.125 577757.69629
4.75 6.125 485600.026943
5.25 6.125 262294.905064
5.75 6.125 226849.647623
6.25 6.125 77979.5663705
6.75 6.125 21267.1544647
7.25 6.125 0.0
7.75 6.125 0.0
8.25 6.125 0.0
8.75 6.125 0.0
0.25 6.375 1410721.24616
0.75 6.375 1325652.6283
1.25 6.375 1169693.49556
1.75 6.375 1123614.66088
2.25 6.375 1073991.30047
2.75 6.375 932210.270701
3.25 6.375 801062.818169
3.75 6.375 616747.479475
4.25 6.375 538767.913105
4.75 6.375 304829.213994
5.25 6.375 194948.915926
5.75 6.375 148870.081253
6.25 6.375 42534.3089293
6.75 6.375 10633.5772323
7.25 6.375 0.0
7.75 6.375 0.0
8.25 6.375 0.0
8.75 6.375 0.0
0.25 6.625 1123614.66088
0.75 6.625 1208683.27874
1.25 6.625 988922.682607
1.75 6.625 1063357.72323
2.25 6.625 836508.07561
2.75 6.625 811696.395402
3.25 6.625 705360.623078
3.75 6.625 577757.69629
4.25 6.625 400531.409085
4.75 6.625 301284.68825
5.25 6.625 163048.184229
5.75 6.625 127602.926788
6.25 6.625 28356.2059529
6.75 6.625 10633.5772323
7.25 6.625 0.0
7.75 6.625 0.0
8.25 6.625 0.0
8.75 6.625 0.0
0.25 6.875 999556.25984
0.75 6.875 925121.219213
1.25 6.875 953477.425166
1.75 6.875 871953.333052
2.25 6.875 786884.715193
2.75 6.875 712449.674567
3.25 6.875 567124.119058
3.75 6.875 453699.295246
4.25 6.875 361541.625899
4.75 6.875 255205.853576
5.25 6.875 148870.081253
5.75 6.875 127602.926788
6.25 6.875 42534.3089293
6.75 6.875 3544.52574411
7.25 6.875 0.0
7.75 6.875 0.0
8.25 6.875 0.0
8.75 6.875 0.0
0.25 7.125 882586.910284
0.75 7.125 815240.921146
1.25 7.125 801062.818169
1.75 7.125 747894.932008
2.25 7.125 655737.262661
2.75 7.125 599024.850755
3.25 7.125 506867.181408
3.75 7.125 357997.100155
4.25 7.125 283562.059529
4.75 7.125 255205.853576
5.25 7.125 138236.50402
5.75 7.125 88613.1436028
6.25 7.125 21267.1544647
6.75 7.125 0.0
7.25 7.125 0.0
7.75 7.125 0.0
8.25 7.125 0.0
8.75 7.125 0.0
0.25 7.375 712449.674567
0.75 7.375 719538.726055
1.25 7.375 776251.137961
1.75 7.375 669915.365637
2.25 7.375 496233.604176
2.75 7.375 496233.604176
3.25 7.375 389897.831852
3.75 7.375 311918.265482
4.25 7.375 233938.699111
4.75 7.375 131147.452532
5.25 7.375 120513.8753
5.75 7.375 46078.8346735
6.25 7.375 24811.6802088
6.75 7.375 0.0
7.25 7.375 0.0
7.75 7.375 0.0
8.25 7.375 0.0
8.75 7.375 0.0
0.25 7.625 634470.108196
0.75 7.625 570668.644802
1.25 7.625 506867.181408
1.75 7.625 623836.530964
2.25 7.625 467877.398223
2.75 7.625 425343.089293
3.25 7.625 343818.997179
3.75 7.625 326096.368458
4.25 7.625 219760.596135
4.75 7.625 163048.184229
5.25 7.625 77979.5663705
5.75 7.625 49623.3604176
6.25 7.625 35445.2574411
6.75 7.625 3544.52574411
7.25 7.625 0.0
7.75 7.625 0.0
8.25 7.625 0.0
8.75 7.625 0.0
0.25 7.875 606113.902243
0.75 7.875 599024.850755
1.25 7.875 496233.604176
1.75 7.875 457243.82099
2.25 7.875 311918.265482
2.75 7.875 372175.203132
3.25 7.875 262294.905064
3.75 7.875 216216.070391
4.25 7.875 141781.029764
4.75 7.875 145325.555509
5.25 7.875 70890.5148822
5.75 7.875 53167.8861617
6.25 7.875 24811.6802088
6.75 7.875 0.0
7.25 7.875 0.0
7.75 7.875 0.0
8.25 7.875 0.0
8.75 7.875 0.0
0.25 8.125 492689.078432
0.75 8.125 503322.655664
1.25 8.125 453699.295246
1.75 8.125 414709.512061
2.25 8.125 350908.048667
2.75 8.125 329640.894202
3.25 8.125 272928.482297
3.75 8.125 230394.173367
4.25 8.125 184315.338694
4.75 8.125 99246.7208351
5.25 8.125 60256.9376499
5.75 8.125 31900.731697
6.25 8.125 21267.1544647
6.75 8.125 0.0
7.25 8.125 0.0
7.75 8.125 0.0
8.25 8.125 0.0
8.75 8.125 0.0
0.25 8.375 435976.666526
0.75 8.375 432432.140782
1.25 8.375 435976.666526
1.75 8.375 336729.945691
2.25 8.375 368630.677388
2.75 8.375 315462.791226
3.25 8.375 233938.699111
3.75 8.375 219760.596135
4.25 8.375 113424.823812
4.75 8.375 92157.6693469
5.25 8.375 56712.4119058
5.75 8.375 17722.6287206
6.25 8.375 17722.6287206
6.75 8.375 0.0
7.25 8.375 0.0
7.75 8.375 0.0
8.25 8.375 0.0
8.75 8.375 0.0
0.25 8.625 347363.522923
0.75 8.625 396986.883341
1.25 8.625 350908.048667
1.75 8.625 297740.162505
2.25 8.625 301284.68825
2.75 8.625 241027.7506
3.25 8.625 202037.967414
3.75 8.625 184315.338694
4.25 8.625 88613.1436028
4.75 8.625 70890.5148822
5.25 8.625 53167.8861617
5.75 8.625 31900.731697
6.25 8.625 3544.52574411
6.75 8.625 0.0
7.25 8.625 0.0
7.75 8.625 0.0
8.25 8.625 0.0
8.75 8.625 0.0
0.25 8.875 326096.368458
0.75 8.875 308373.739738
1.25 8.875 241027.7506
1.75 8.875 269383.956553
2.25 8.875 248116.802088
2.75 8.875 255205.853576
3.25 8.875 173681.761461
3.75 8.875 106335.772323
4.25 8.875 120513.8753
4.75 8.875 70890.5148822
5.25 8.875 38989.7831852
5.75 8.875 28356.2059529
6.25 8.875 3544.52574411
6.75 8.875 0.0
7.25 8.875 0.0
7.75 8.875 0.0
8.25 8.875 0.0
8.75 8.875 0.0
0.25 9.125 283562.059529
0.75 9.125 276473.008041
1.25 9.125 272928.482297
1.75 9.125 255205.853576
2.25 9.125 202037.967414
2.75 9.125 233938.699111
3.25 9.125 134691.978276
3.75 9.125 106335.772323
4.25 9.125 88613.1436028
4.75 9.125 53167.8861617
5.25 9.125 46078.8346735
5.75 9.125 14178.1029764
6.25 9.125 0.0
6.75 9.125 0.0
7.25 9.125 0.0
7.75 9.125 0.0
8.25 9.125 0.0
8.75 9.125 0.0
0.25 9.375 244572.276344
0.75 9.375 216216.070391
1.25 9.375 251661.327832
1.75 9.375 184315.338694
2.25 9.375 198493.44167
2.75 9.375 209127.018903
3.25 9.375 127602.926788
3.75 9.375 120513.8753
4.25 9.375 77979.5663705
4.75 9.375 53167.8861617
5.25 9.375 17722.6287206
5.75 9.375 7089.05148822
6.25 9.375 3544.52574411
6.75 9.375 0.0
7.25 9.375 0.0
7.75 9.375 0.0
8.25 9.375 0.0
8.75 9.375 0.0
0.25 9.625 237483.224856
0.75 9.625 152414.606997
1.25 9.625 198493.44167
1.75 9.625 173681.761461
2.25 9.625 134691.978276
2.75 9.625 159503.658485
3.25 9.625 77979.5663705
3.75 9.625 106335.772323
4.25 9.625 99246.7208351
4.75 9.625 38989.7831852
5.25 9.625 28356.2059529
5.75 9.625 10633.5772323
6.25 9.625 0.0
6.75 9.625 0.0
7.25 9.625 0.0
7.75 9.625 0.0
8.25 9.625 0.0
8.75 9.625 0.0
0.25 9.875 241027.7506
0.75 9.875 209127.018903
1.25 9.875 209127.018903
1.75 9.875 184315.338694
2.25 9.875 138236.50402
2.75 9.875 124058.401044
3.25 9.875 92157.6693469
3.75 9.875 85068.6178587
4.25 9.875 63801.463394
4.75 9.875 24811.6802088
5.25 9.875 7089.05148822
5.75 9.875 10633.5772323
6.25 9.875 0.0
6.75 9.875 0.0
7.25 9.875 0.0
7.75 9.875 0.0
8.25 9.875 0.0
8.75 9.875 0.0
0.25 10.125 173681.761461
0.75 10.125 198493.44167
1.25 10.125 163048.184229
1.75 10.125 148870.081253
2.25 10.125 173681.761461
2.75 10.125 116969.349556
3.25 10.125 77979.5663705
3.75 10.125 74435.0406264
4.25 10.125 38989.7831852
4.75 10.125 38989.7831852
5.25 10.125 17722.6287206
5.75 10.125 7089.05148822
6.25 10.125 0.0
6.75 10.125 0.0
7.25 10.125 0.0
7.75 10.125 0.0
8.25 10.125 0.0
8.75 10.125 0.0
0.25 10.375 170137.235717
0.75 10.375 226849.647623
1.25 10.375 177226.287206
1.75 10.375 131147.452532
2.25 10.375 102791.246579
2.75 10.375 92157.6693469
3.25 10.375 77979.5663705
3.75 10.375 49623.3604176
4.25 10.375 35445.2574411
4.75 10.375 28356.2059529
5.25 10.375 10633.5772323
5.75 10.375 7089.05148822
6.25 10.375 0.0
6.75 10.375 0.0
7.25 10.375 0.0
7.75 10.375 0.0
8.25 10.375 0.0
8.75 10.375 0.0
0.25 10.625 113424.823812
0.75 10.625 127602.926788
1.25 10.625 116969.349556
1.75 10.625 138236.50402
2.25 10.625 109880.298067
2.75 10.625 109880.298067
3.25 10.625 99246.7208351
3.75 10.625 60256.9376499
4.25 10.625 56712.4119058
4.75 10.625 10633.5772323
5.25 10.625 17722.6287206
5.75 10.625 7089.05148822
6.25 10.625 0.0
6.75 10.625 0.0
7.25 10.625 0.0
7.75 10.625 0.0
8.25 10.625 0.0
8.75 10.625 0.0
0.25 10.875 116969.349556
0.75 10.875 120513.8753
1.25 10.875 109880.298067
1.75 10.875 106335.772323
2.25 10.875 63801.463394
2.75 10.875 102791.246579
3.25 10.875 102791.246579
3.75 10.875 49623.3604176
4.25 10.875 28356.2059529
4.75 10.875 21267.1544647
5.25 10.875 21267.1544647
5.75 10.875 7089.05148822
6.25 10.875 3544.52574411
6.75 10.875 0.0
7.25 10.875 0.0
7.75 10.875 0.0
8.25 10.875 0.0
8.75 10.875 0.0
0.25 11.125 95702.195091
0.75 11.125 95702.195091
1.25 11.125 124058.401044
1.75 11.125 124058.401044
2.25 11.125 95702.195091
2.75 11.125 85068.6178587
3.25 11.125 56712.4119058
3.75 11.125 74435.0406264
4.25 11.125 38989.7831852
4.75 11.125 7089.05148822
5.25 11.125 7089.05148822
5.75 11.125 3544.52574411
6.25 11.125 0.0
6.75 11.125 0.0
7.25 11.125 0.0
7.75 11.125 0.0
8.25 11.125 0.0
8.75 11.125 0.0
0.25 11.375 102791.246579
0.75 11.375 113424.823812
1.25 11.375 92157.6693469
1.75 11.375 70890.5148822
2.25 11.375 85068.6178587
2.75 11.375 53167.8861617
3.25 11.375 49623.3604176
3.75 11.375 53167.8861617
4.25 11.375 17722.6287206
4.75 11.375 14178.1029764
5.25 11.375 0.0
5.75 11.375 0.0
6.25 11.375 0.0
6.75 11.375 0.0
7.25 11.375 0.0
7.75 11.375 0.0
8.25 11.375 0.0
8.75 11.375 0.0
0.25 11.625 131147.452532
0.75 11.625 95702.195091
1.25 11.625 106335.772323
1.75 11.625 67345.9891381
2.25 11.625 63801.463394
2.75 11.625 46078.8346735
3.25 11.625 46078.8346735
3.75 11.625 21267.1544647
4.25 11.625 31900.731697
4.75 11.625 7089.05148822
5.25 11.625 0.0
5.75 11.625 0.0
6.25 11.625 0.0
6.75 11.625 0.0
7.25 11.625 0.0
7.75 11.625 0.0
8.25 11.625 0.0
8.75 11.625 0.0
0.25 11.875 92157.6693469
0.75 11.875 67345.9891381
1.25 11.875 53167.8861617
1.75 11.875 95702.195091
2.25 11.875 63801.463394
2.75 11.875 38989.7831852
3.25 11.875 28356.2059529
3.75 11.875 35445.2574411
4.25 11.875 28356.2059529
4.75 11.875 7089.05148822
5.25 11.875 7089.05148822
5.75 11.875 3544.52574411
6.25 11.875 0.0
6.75 11.875 0.0
7.25 11.875 0.0
7.75 11.875 0.0
8.25 11.875 0.0
8.75 11.875 0.0
0.25 12.125 74435.0406264
0.75 12.125 63801.463394
1.25 12.125 81524.0921146
1.75 12.125 74435.0406264
2.25 12.125 49623.3604176
2.75 12.125 67345.9891381
3.25 12.125 46078.8346735
3.75 12.125 24811.6802088
4.25 12.125 21267.1544647
4.75 12.125 7089.05148822
5.25 12.125 7089.05148822
5.75 12.125 0.0
6.25 12.125 0.0
6.75 12.125 0.0
7.25 12.125 0.0
7.75 12.125 0.0
8.25 12.125 0.0
8.75 12.125 0.0
0.25 12.375 49623.3604176
0.75 12.375 60256.9376499
1.25 12.375 63801.463394
1.75 12.375 88613.1436028
2.25 12.375 74435.0406264
2.75 12.375 46078.8346735
3.25 12.375 21267.1544647
3.75 12.375 31900.731697
4.25 12.375 14178.1029764
4.75 12.375 7089.05148822
5.25 12.375 0.0
5.75 12.375 3544.52574411
6.25 12.375 0.0
6.75 12.375 0.0
7.25 12.375 0.0
7.75 12.375 0.0
8.25 12.375 0.0
8.75 12.375 0.0
0.25 12.625 81524.0921146
0.75 12.625 46078.8346735
1.25 12.625 81524.0921146
1.75 12.625 49623.3604176
2.25 12.625 60256.9376499
2.75 12.625 31900.731697
3.25 12.625 42534.3089293
3.75 12.625 21267.1544647
4.25 12.625 14178.1029764
4.75 12.625 14178.1029764
5.25 12.625 14178.1029764
5.75 12.625 0.0
6.25 12.625 0.0
6.75 12.625 0.0
7.25 12.625 0.0
7.75 12.625 0.0
8.25 12.625 0.0
8.75 12.625 0.0
0.25 12.875 42534.3089293
0.75 12.875 42534.3089293
1.25 12.875 53167.8861617
1.75 12.875 67345.9891381
2.25 12.875 49623.3604176
2.75 12.875 35445.2574411
3.25 12.875 24811.6802088
3.75 12.875 21267.1544647
4.25 12.875 17722.6287206
4.75 12.875 7089.05148822
5.25 12.875 3544.52574411
5.75 12.875 3544.52574411
6.25 12.875 0.0
6.75 12.875 0.0
7.25 12.875 0.0
7.75 12.875 0.0
8.25 12.875 0.0
8.75 12.875 0.0
0.25 13.125 74435.0406264
0.75 13.125 56712.4119058
1.25 13.125 49623.3604176
1.75 13.125 74435.0406264
2.25 13.125 46078.8346735
2.75 13.125 28356.2059529
3.25 13.125 21267.1544647
3.75 13.125 3544.52574411
4.25 13.125 14178.1029764
4.75 13.125 7089.05148822
5.25 13.125 3544.52574411
5.75 13.125 0.0
6.25 13.125 0.0
6.75 13.125 0.0
7.25 13.125 0.0
7.75 13.125 0.0
8.25 13.125 0.0
8.75 13.125 0.0
0.25 13.375 49623.3604176
0.75 13.375 46078.8346735
1.25 13.375 56712.4119058
1.75 13.375 38989.7831852
2.25 13.375 21267.1544647
2.75 13.375 38989.7831852
3.25 13.375 31900.731697
3.75 13.375 21267.1544647
4.25 13.375 10633.5772323
4.75 13.375 7089.05148822
5.25 13.375 0.0
5.75 13.375 0.0
6.25 13.375 0.0
6.75 13.375 0.0
7.25 13.375 0.0
7.75 13.375 0.0
8.25 13.375 0.0
8.75 13.375 0.0
0.25 13.625 38989.7831852
0.75 13.625 53167.8861617
1.25 13.625 28356.2059529
1.75 13.625 53167.8861617
2.25 13.625 38989.7831852
2.75 13.625 21267.1544647
3.25 13.625 24811.6802088
3.75 13.625 17722.6287206
4.25 13.625 17722.6287206
4.75 13.625 7089.05148822
5.25 13.625 0.0
5.75 13.625 0.0
6.25 13.625 0.0
6.75 13.625 0.0
7.25 13.625 0.0
7.75 13.625 0.0
8.25 13.625 0.0
8.75 13.625 0.0
0.25 13.875 46078.8346735
0.75 13.875 56712.4119058
1.25 13.875 38989.7831852
1.75 13.875 35445.2574411
2.25 13.875 49623.3604176
2.75 13.875 14178.1029764
3.25 13.875 24811.6802088
3.75 13.875 17722.6287206
4.25 13.875 7089.05148822
4.75 13.875 3544.52574411
5.25 13.875 0.0
5.75 13.875 0.0
6.25 13.875 0.0
6.75 13.875 0.0
7.25 13.875 0.0
7.75 13.875 0.0
8.25 13.875 0.0
8.75 13.875 0.0
0.25 14.125 56712.4119058
0.75 14.125 38989.7831852
1.25 14.125 38989.7831852
1.75 14.125 17722.6287206
2.25 14.125 31900.731697
2.75 14.125 21267.1544647
3.25 14.125 7089.05148822
3.75 14.125 10633.5772323
4.25 14.125 10633.5772323
4.75 14.125 7089.05148822
5.25 14.125 3544.52574411
5.75 14.125 0.0
6.25 14.125 0.0
6.75 14.125 0.0
7.25 14.125 0.0
7.75 14.125 0.0
8.25 14.125 0.0
8.75 14.125 0.0
0.25 14.375 38989.7831852
0.75 14.375 28356.2059529
1.25 14.375 31900.731697
1.75 14.375 24811.6802088
2.25 14.375 21267.1544647
2.75 14.375 14178.1029764
3.25 14.375 7089.05148822
3.75 14.375 7089.05148822
4.25 14.375 0.0
4.75 14.375 7089.05148822
5.25 14.375 3544.52574411
5.75 14.375 3544.52574411
6.25 14.375 0.0
6.75 14.375 0.0
7.25 14.375 0.0
7.75 14.375 0.0
8.25 14.375 0.0
8.75 14.375 0.0
0.25 14.625 14178.1029764
0.75 14.625 24811.6802088
1.25 14.625 28356.2059529
1.75 14.625 24811.6802088
2.25 14.625 17722.6287206
2.75 14.625 14178.1029764
3.25 14.625 14178.1029764
3.75 14.625 14178.1029764
4.25 14.625 17722.6287206
4.75 14.625 0.0
5.25 14.625 0.0
5.75 14.625 0.0
6.25 14.625 0.0
6.75 14.625 0.0
7.25 14.625 0.0
7.75 14.625 0.0
8.25 14.625 0.0
8.75 14.625 0.0
0.25 14.875 60256.9376499
0.75 14.875 31900.731697
1.25 14.875 24811.6802088
1.75 14.875 24811.6802088
2.25 14.875 28356.2059529
2.75 14.875 31900.731697
3.25 14.875 10633.5772323
3.75 14.875 10633.5772323
4.25 14.875 17722.6287206
4.75 14.875 3544.52574411
5.25 14.875 0.0
5.75 14.875 0.0
6.25 14.875 0.0
6.75 14.875 0.0
7.25 14.875 0.0
7.75 14.875 0.0
8.25 14.875 0.0
8.75 14.875 0.0
0.25 15.125 28356.2059529
0.75 15.125 42534.3089293
1.25 15.125 24811.6802088
1.75 15.125 21267.1544647
2.25 15.125 10633.5772323
2.75 15.125 14178.1029764
3.25 15.125 7089.05148822
3.75 15.125 10633.5772323
4.25 15.125 7089.05148822
4.75 15.125 0.0
5.25 15.125 0.0
5.75 15.125 0.0
6.25 15.125 0.0
6.75 15.125 0.0
7.25 15.125 0.0
7.75 15.125 0.0
8.25 15.125 0.0
8.75 15.125 0.0
0.25 15.375 42534.3089293
0.75 15.375 38989.7831852
1.25 15.375 24811.6802088
1.75 15.375 10633.5772323
2.25 15.375 14178.1029764
2.75 15.375 10633.5772323
3.25 15.375 14178.1029764
3.75 15.375 17722.6287206
4.25 15.375 0.0
4.75 15.375 0.0
5.25 15.375 3544.52574411
5.75 15.375 0.0
6.25 15.375 0.0
6.75 15.375 0.0
7.25 15.375 0.0
7.75 15.375 0.0
8.25 15.375 0.0
8.75 15.375 0.0
0.25 15.625 24811.6802088
0.75 15.625 10633.5772323
1.25 15.625 24811.6802088
1.75 15.625 31900.731697
2.25 15.625 24811.6802088
2.75 15.625 10633.5772323
3.25 15.625 7089.05148822
3.75 15.625 0.0
4.25 15.625 0.0
4.75 15.625 3544.52574411
5.25 15.625 0.0
5.75 15.625 0.0
6.25 15.625 0.0
6.75 15.625 0.0
7.25 15.625 0.0
7.75 15.625 0.0
8.25 15.625 0.0
8.75 15.625 0.0
0.25 15.875 31900.731697
0.75 15.875 24811.6802088
1.25 15.875 10633.5772323
1.75 15.875 21267.1544647
2.25 15.875 17722.6287206
2.75 15.875 7089.05148822
3.25 15.875 21267.1544647
3.75 15.875 7089.05148822
4.25 15.875 0.0
4.75 15.875 3544.52574411
5.25 15.875 3544.52574411
5.75 15.875 0.0
6.25 15.875 0.0
6.75 15.875 0.0
7.25 15.875 0.0
7.75 15.875 0.0
8.25 15.875 0.0
8.75 15.875 0.0
0.25 16.125 10633.5772323
0.75 16.125 31900.731697
1.25 16.125 10633.5772323
1.75 16.125 14178.1029764
2.25 16.125 10633.5772323
2.75 16.125 3544.52574411
3.25 16.125 21267.1544647
3.75 16.125 10633.5772323
4.25 16.125 3544.52574411
4.75 16.125 0.0
5.25 16.125 0.0
5.75 16.125 0.0
6.25 16.125 0.0
6.75 16.125 0.0
7.25 16.125 0.0
7.75 16.125 0.0
8.25 16.125 0.0
8.75 16.125 0.0
0.25 16.375 24811.6802088
0.75 16.375 14178.1029764
1.25 16.375 24811.6802088
1.75 16.375 24811.6802088
2.25 16.375 17722.6287206
2.75 16.375 3544.52574411
3.25 16.375 3544.52574411
3.75 16.375 14178.1029764
4.25 16.375 0.0
4.75 16.375 0.0
5.25 16.375 0.0
5.75 16.375 0.0
6.25 16.375 0.0
6.75 16.375 0.0
7.25 16.375 0.0
7.75 16.375 0.0
8.25 16.375 0.0
8.75 16.375 0.0
0.25 16.625 14178.1029764
0.75 16.625 24811.6802088
1.25 16.625 17722.6287206
1.75 16.625 24811.6802088
2.25 16.625 3544.52574411
2.75 16.625 3544.52574411
3.25 16.625 3544.52574411
3.75 16.625 3544.52574411
4.25 16.625 3544.52574411
4.75 16.625 3544.52574411
5.25 16.625 0.0
5.75 16.625 0.0
6.25 16.625 0.0
6.75 16.625 0.0
7.25 16.625 0.0
7.75 16.625 0.0
8.25 16.625 0.0
8.75 16.625 0.0
0.25 16.875 28356.2059529
0.75 16.875 14178.1029764
1.25 16.875 21267.1544647
1.75 16.875 17722.6287206
2.25 16.875 10633.5772323
2.75 16.875 10633.5772323
3.25 16.875 14178.1029764
3.75 16.875 7089.05148822
4.25 16.875 3544.52574411
4.75 16.875 7089.05148822
5.25 16.875 0.0
5.75 16.875 0.0
6.25 16.875 0.0
6.75 16.875 0.0
7.25 16.875 0.0
7.75 16.875 0.0
8.25 16.875 0.0
8.75 16.875 0.0
0.25 17.125 10633.5772323
0.75 17.125 24811.6802088
1.25 17.125 7089.05148822
1.75 17.125 3544.52574411
2.25 17.125 10633.5772323
2.75 17.125 14178.1029764
3.25 17.125 0.0
3.75 17.125 3544.52574411
4.25 17.125 7089.05148822
4.75 17.125 0.0
5.25 17.125 0.0
5.75 17.125 0.0
6.25 17.125 0.0
6.75 17.125 0.0
7.25 17.125 0.0
7.75 17.125 0.0
8.25 17.125 0.0
8.75 17.125 0.0
0.25 17.375 17722.6287206
0.75 17.375 28356.2059529
1.25 17.375 21267.1544647
1.75 17.375 3544.52574411
2.25 17.375 10633.5772323
2.75 17.375 7089.05148822
3.25 17.375 10633.5772323
3.75 17.375 17722.6287206
4.25 17.375 3544.52574411
4.75 17.375 3544.52574411
5.25 17.375 0.0
5.75 17.375 0.0
6.25 17.375 0.0
6.75 17.375 0.0
7.25 17.375 0.0
7.75 17.375 0.0
8.25 17.375 0.0
8.75 17.375 0.0
0.25 17.625 21267.1544647
0.75 17.625 10633.5772323
1.25 17.625 7089.05148822
1.75 17.625 10633.5772323
2.25 17.625 7089.05148822
2.75 17.625 10633.5772323
3.25 17.625 3544.52574411
3.75 17.625 3544.52574411
4.25 17.625 7089.05148822
4.75 17.625 0.0
5.25 17.625 0.0
5.75 17.625 0.0
6.25 17.625 0.0
6.75 17.625 0.0
7.25 17.625 0.0
7.75 17.625 0.0
8.25 17.625 0.0
8.75 17.625 0.0
0.25 17.875 21267.1544647
0.75 17.875 14178.1029764
1.25 17.875 17722.6287206
1.75 17.875 21267.1544647
2.25 17.875 14178.1029764
2.75 17.875 3544.52574411
3.25 17.875 10633.5772323
3.75 17.875 7089.05148822
4.25 17.875 0.0
4.75 17.875 0.0
5.25 17.875 0.0
5.75 17.875 0.0
6.25 17.875 0.0
6.75 17.875 0.0
7.25 17.875 0.0
7.75 17.875 0.0
8.25 17.875 0.0
8.75 17.875 0.0
0.25 18.125 14178.1029764
0.75 18.125 17722.6287206
1.25 18.125 7089.05148822
1.75 18.125 14178.1029764
2.25 18.125 3544.52574411
2.75 18.125 10633.5772323
3.25 18.125 3544.52574411
3.75 18.125 3544.52574411
4.25 18.125 0.0
4.75 18.125 3544.52574411
5.25 18.125 0.0
5.75 18.125 0.0
6.25 18.125 0.0
6.75 18.125 0.0
7.25 18.125 0.0
7.75 18.125 0.0
8.25 18.125 0.0
8.75 18.125 0.0
0.25 18.375 17722.6287206
0.75 18.375 7089.05148822
1.25 18.375 17722.6287206
1.75 18.375 7089.05148822
2.25 18.375 3544.52574411
2.75 18.375 10633.5772323
3.25 18.375 3544.52574411
3.75 18.375 3544.52574411
4.25 18.375 0.0
4.75 18.375 3544.52574411
5.25 18.375 0.0
5.75 18.375 0.0
6.25 18.375 0.0
6.75 18.375 0.0
7.25 18.375 0.0
7.75 18.375 0.0
8.25 18.375 0.0
8.75 18.375 0.0
0.25 18.625 17722.6287206
0.75 18.625 10633.5772323
1.25 18.625 10633.5772323
1.75 18.625 14178.1029764
2.25 18.625 17722.6287206
2.75 18.625 3544.52574411
3.25 18.625 14178.1029764
3.75 18.625 3544.52574411
4.25 18.625 0.0
4.75 18.625 3544.52574411
5.25 18.625 0.0
5.75 18.625 0.0
6.25 18.625 0.0
6.75 18.625 0.0
7.25 18.625 0.0
7.75 18.625 0.0
8.25 18.625 0.0
8.75 18.625 0.0
0.25 18.875 10633.5772323
0.75 18.875 17722.6287206
1.25 18.875 14178.1029764
1.75 18.875 3544.52574411
2.25 18.875 10633.5772323
2.75 18.875 7089.05148822
3.25 18.875 0.0
3.75 18.875 3544.52574411
4.25 18.875 7089.05148822
4.75 18.875 0.0
5.25 18.875 0.0
5.75 18.875 0.0
6.25 18.875 0.0
6.75 18.875 0.0
7.25 18.875 0.0
7.75 18.875 0.0
8.25 18.875 0.0
8.75 18.875 0.0
0.25 19.125 10633.5772323
0.75 19.125 14178.1029764
1.25 19.125 10633.5772323
1.75 19.125 0.0
2.25 19.125 3544.52574411
2.75 19.125 3544.52574411
3.25 19.125 0.0
3.75 19.125 0.0
4.25 19.125 0.0
4.75 19.125 0.0
5.25 19.125 0.0
5.75 19.125 0.0
6.25 19.125 0.0
6.75 19.125 0.0
7.25 19.125 0.0
7.75 19.125 0.0
8.25 19.125 0.0
8.75 19.125 0.0
0.25 19.375 14178.1029764
0.75 19.375 3544.52574411
1.25 19.375 3544.52574411
1.75 19.375 17722.6287206
2.25 19.375 7089.05148822
2.75 19.375 0.0
3.25 19.375 0.0
3.75 19.375 0.0
4.25 19.375 0.0
4.75 19.375 0.0
5.25 19.375 0.0
5.75 19.375 0.0
6.25 19.375 0.0
6.75 19.375 0.0
7.25 19.375 0.0
7.75 19.375 0.0
8.25 19.375 0.0
8.75 19.375 0.0
0.25 19.625 3544.52574411
0.75 19.625 10633.5772323
1.25 19.625 7089.05148822
1.75 19.625 3544.52574411
2.25 19.625 10633.5772323
2.75 19.625 10633.5772323
3.25 19.625 3544.52574411
3.75 19.625 3544.52574411
4.25 19.625 0.0
4.75 19.625 0.0
5.25 19.625 0.0
5.75 19.625 0.0
6.25 19.625 0.0
6.75 19.625 0.0
7.25 19.625 0.0
7.75 19.625 0.0
8.25 19.625 0.0
8.75 19.625 0.0
0.25 19.875 17722.6287206
0.75 19.875 3544.52574411
1.25 19.875 10633.5772323
1.75 19.875 3544.52574411
2.25 19.875 7089.05148822
2.75 19.875 3544.52574411
3.25 19.875 0.0
3.75 19.875 7089.05148822
4.25 19.875 0.0
4.75 19.875 0.0
5.25 19.875 0.0
5.75 19.875 0.0
6.25 19.875 0.0
6.75 19.875 0.0
7.25 19.875 0.0
7.75 19.875 0.0
8.25 19.875 0.0
8.75 19.875 0.0
0.25 20.125 3544.52574411
0.75 20.125 7089.05148822
1.25 20.125 24811.6802088
1.75 20.125 17722.6287206
2.25 20.125 3544.52574411
2.75 20.125 10633.5772323
3.25 20.125 0.0
3.75 20.125 0.0
4.25 20.125 0.0
4.75 20.125 0.0
5.25 20.125 0.0
5.75 20.125 0.0
6.25 20.125 0.0
6.75 20.125 0.0
7.25 20.125 0.0
7.75 20.125 0.0
8.25 20.125 0.0
8.75 20.125 0.0
0.25 20.375 14178.1029764
0.75 20.375 3544.52574411
1.25 20.375 3544.52574411
1.75 20.375 3544.52574411
2.25 20.375 7089.05148822
2.75 20.375 3544.52574411
3.25 20.375 0.0
3.75 20.375 0.0
4.25 20.375 0.0
4.75 20.375 0.0
5.25 20.375 0.0
5.75 20.375 0.0
6.25 20.375 0.0
6.75 20.375 0.0
7.25 20.375 0.0
7.75 20.375 0.0
8.25 20.375 0.0
8.75 20.375 0.0
0.25 20.625 7089.05148822
0.75 20.625 10633.5772323
1.25 20.625 7089.05148822
1.75 20.625 7089.05148822
2.25 20.625 0.0
2.75 20.625 0.0
3.25 20.625 0.0
3.75 20.625 0.0
4.25 20.625 0.0
4.75 20.625 0.0
5.25 20.625 0.0
5.75 20.625 0.0
6.25 20.625 0.0
6.75 20.625 0.0
7.25 20.625 0.0
7.75 20.625 0.0
8.25 20.625 0.0
8.75 20.625 0.0
0.25 20.875 0.0
0.75 20.875 0.0
1.25 20.875 3544.52574411
1.75 20.875 0.0
2.25 20.875 7089.05148822
2.75 20.875 7089.05148822
3.25 20.875 0.0
3.75 20.875 3544.52574411
4.25 20.875 0.0
4.75 20.875 0.0
5.25 20.875 0.0
5.75 20.875 0.0
6.25 20.875 0.0
6.75 20.875 0.0
7.25 20.875 0.0
7.75 20.875 0.0
8.25 20.875 0.0
8.75 20.875 0.0
0.25 21.125 7089.05148822
0.75 21.125 3544.52574411
1.25 21.125 17722.6287206
1.75 21.125 7089.05148822
2.25 21.125 7089.05148822
2.75 21.125 3544.52574411
3.25 21.125 0.0
3.75 21.125 0.0
4.25 21.125 0.0
4.75 21.125 0.0
5.25 21.125 0.0
5.75 21.125 0.0
6.25 21.125 0.0
6.75 21.125 0.0
7.25 21.125 0.0
7.75 21.125 0.0
8.25 21.125 0.0
8.75 21.125 0.0
0.25 21.375 10633.5772323
0.75 21.375 21267.1544647
1.25 21.375 7089.05148822
1.75 21.375 3544.52574411
2.25 21.375 14178.1029764
2.75 21.375 3544.52574411
3.25 21.375 0.0
3.75 21.375 0.0
4.25 21.375 0.0
4.75 21.375 0.0
5.25 21.375 0.0
5.75 21.375 0.0
6.25 21.375 0.0
6.75 21.375 0.0
7.25 21.375 0.0
7.75 21.375 0.0
8.25 21.375 0.0
8.75 21.375 0.0
0.25 21.625 10633.5772323
0.75 21.625 0.0
1.25 21.625 7089.05148822
1.75 21.625 0.0
2.25 21.625 3544.52574411
2.75 21.625 7089.05148822
3.25 21.625 0.0
3.75 21.625 0.0
4.25 21.625 0.0
4.75 21.625 7089.05148822
5.25 21.625 0.0
5.75 21.625 0.0
6.25 21.625 0.0
6.75 21.625 0.0
7.25 21.625 0.0
7.75 21.625 0.0
8.25 21.625 0.0
8.75 21.625 0.0
0.25 21.875 3544.52574411
0.75 21.875 7089.05148822
1.25 21.875 10633.5772323
1.75 21.875 0.0
2.25 21.875 7089.05148822
2.75 21.875 0.0
3.25 21.875 0.0
3.75 21.875 0.0
4.25 21.875 0.0
4.75 21.875 0.0
5.25 21.875 0.0
5.75 21.875 0.0
6.25 21.875 0.0
6.75 21.875 0.0
7.25 21.875 0.0
7.75 21.875 0.0
8.25 21.875 0.0
8.75 21.875 0.0
0.25 22.125 3544.52574411
0.75 22.125 0.0
1.25 22.125 3544.52574411
1.75 22.125 0.0
2.25 22.125 3544.52574411
2.75 22.125 0.0
3.25 22.125 7089.05148822
3.75 22.125 0.0
4.25 22.125 0.0
4.75 22.125 0.0
5.25 22.125 0.0
5.75 22.125 0.0
6.25 22.125 0.0
6.75 22.125 0.0
7.25 22.125 0.0
7.75 22.125 0.0
8.25 22.125 0.0
8.75 22.125 0.0
0.25 22.375 14178.1029764
0.75 22.375 10633.5772323
1.25 22.375 0.0
1.75 22.375 3544.52574411
2.25 22.375 0.0
2.75 22.375 3544.52574411
3.25 22.375 0.0
3.75 22.375 0.0
4.25 22.375 3544.52574411
4.75 22.375 0.0
5.25 22.375 0.0
5.75 22.375 0.0
6.25 22.375 0.0
6.75 22.375 0.0
7.25 22.375 0.0
7.75 22.375 0.0
8.25 22.375 0.0
8.75 22.375 0.0
0.25 22.625 7089.05148822
0.75 22.625 7089.05148822
1.25 22.625 3544.52574411
1.75 22.625 0.0
2.25 22.625 3544.52574411
2.75 22.625 3544.52574411
3.25 22.625 0.0
3.75 22.625 3544.52574411
4.25 22.625 0.0
4.75 22.625 0.0
5.25 22.625 0.0
5.75 22.625 0.0
6.25 22.625 0.0
6.75 22.625 0.0
7.25 22.625 0.0
7.75 22.625 0.0
8.25 22.625 0.0
8.75 22.625 0.0
0.25 22.875 3544.52574411
0.75 22.875 7089.05148822
1.25 22.875 0.0
1.75 22.875 0.0
2.25 22.875 0.0
2.75 22.875 0.0
3.25 22.875 0.0
3.75 22.875 0.0
4.25 22.875 0.0
4.75 22.875 0.0
5.25 22.875 0.0
5.75 22.875 0.0
6.25 22.875 0.0
6.75 22.875 0.0
7.25 22.875 0.0
7.75 22.875 0.0
8.25 22.875 0.0
8.75 22.875 0.0
0.25 23.125 0.0
0.75 23.125 0.0
1.25 23.125 0.0
1.75 23.125 7089.05148822
2.25 23.125 3544.52574411
2.75 23.125 0.0
3.25 23.125 0.0
3.75 23.125 0.0
4.25 23.125 0.0
4.75 23.125 0.0
5.25 23.125 0.0
5.75 23.125 0.0
6.25 23.125 0.0
6.75 23.125 0.0
7.25 23.125 0.0
7.75 23.125 0.0
8.25 23.125 0.0
8.75 23.125 0.0
0.25 23.375 0.0
0.75 23.375 0.0
1.25 23.375 0.0
1.75 23.375 0.0
2.25 23.375 3544.52574411
2.75 23.375 7089.05148822
3.25 23.375 0.0
3.75 23.375 0.0
4.25 23.375 0.0
4.75 23.375 0.0
5.25 23.375 0.0
5.75 23.375 0.0
6.25 23.375 0.0
6.75 23.375 0.0
7.25 23.375 0.0
7.75 23.375 0.0
8.25 23.375 0.0
8.75 23.375 0.0
0.25 23.625 0.0
0.75 23.625 7089.05148822
1.25 23.625 3544.52574411
1.75 23.625 0.0
2.25 23.625 0.0
2.75 23.625 0.0
3.25 23.625 0.0
3.75 23.625 0.0
4.25 23.625 3544.52574411
4.75 23.625 0.0
5.25 23.625 0.0
5.75 23.625 0.0
6.25 23.625 0.0
6.75 23.625 0.0
7.25 23.625 0.0
7.75 23.625 0.0
8.25 23.625 0.0
8.75 23.625 0.0
0.25 23.875 0.0
0.75 23.875 0.0
1.25 23.875 3544.52574411
1.75 23.875 0.0
2.25 23.875 0.0
2.75 23.875 0.0
3.25 23.875 0.0
3.75 23.875 0.0
4.25 23.875 0.0
4.75 23.875 0.0
5.25 23.875 0.0
5.75 23.875 0.0
6.25 23.875 0.0
6.75 23.875 0.0
7.25 23.875 0.0
7.75 23.875 0.0
8.25 23.875 0.0
8.75 23.875 0.0
0.25 24.125 3544.52574411
0.75 24.125 0.0
1.25 24.125 7089.05148822
1.75 24.125 0.0
2.25 24.125 0.0
2.75 24.125 7089.05148822
3.25 24.125 0.0
3.75 24.125 3544.52574411
4.25 24.125 3544.52574411
4.75 24.125 0.0
5.25 24.125 0.0
5.75 24.125 0.0
6.25 24.125 0.0
6.75 24.125 0.0
7.25 24.125 0.0
7.75 24.125 0.0
8.25 24.125 0.0
8.75 24.125 0.0
0.25 24.375 3544.52574411
0.75 24.375 3544.52574411
1.25 24.375 3544.52574411
1.75 24.375 0.0
2.25 24.375 0.0
2.75 24.375 0.0
3.25 24.375 3544.52574411
3.75 24.375 0.0
4.25 24.375 0.0
4.75 24.375 0.0
5.25 24.375 0.0
5.75 24.375 0.0
6.25 24.375 0.0
6.75 24.375 0.0
7.25 24.375 0.0
7.75 24.375 0.0
8.25 24.375 0.0
8.75 24.375 0.0
0.25 24.625 3544.52574411
0.75 24.625 3544.52574411
1.25 24.625 0.0
1.75 24.625 0.0
2.25 24.625 0.0
2.75 24.625 3544.52574411
3.25 24.625 0.0
3.75 24.625 0.0
4.25 24.625 0.0
4.75 24.625 0.0
5.25 24.625 0.0
5.75 24.625 0.0
6.25 24.625 0.0
6.75 24.625 0.0
7.25 24.625 0.0
7.75 24.625 0.0
8.25 24.625 0.0
8.75 24.625 0.0
0.25 24.875 3544.52574411
0.75 24.875 0.0
1.25 24.875 0.0
1.75 24.875 0.0
2.25 24.875 3544.52574411
2.75 24.875 0.0
3.25 24.875 0.0
3.75 24.875 0.0
4.25 24.875 0.0
4.75 24.875 3544.52574411
5.25 24.875 0.0
5.75 24.875 0.0
6.25 24.875 0.0
6.75 24.875 0.0
7.25 24.875 0.0
7.75 24.875 0.0
8.25 24.875 0.0
8.75 24.875 0.0
0.25 25.125 0.0
0.75 25.125 0.0
1.25 25.125 0.0
1.75 25.125 3544.52574411
2.25 25.125 3544.52574411
2.75 25.125 0.0
3.25 25.125 0.0
3.75 25.125 3544.52574411
4.25 25.125 0.0
4.75 25.125 0.0
5.25 25.125 0.0
5.75 25.125 0.0
6.25 25.125 0.0
6.75 25.125 0.0
7.25 25.125 0.0
7.75 25.125 0.0
8.25 25.125 0.0
8.75 25.125 0.0
0.25 25.375 0.0
0.75 25.375 0.0
1.25 25.375 0.0
1.75 25.375 0.0
2.25 25.375 0.0
2.75 25.375 0.0
3.25 25.375 3544.52574411
3.75 25.375 0.0
4.25 25.375 0.0
4.75 25.375 0.0
5.25 25.375 0.0
5.75 25.375 0.0
6.25 25.375 0.0
6.75 25.375 0.0
7.25 25.375 0.0
7.75 25.375 0.0
8.25 25.375 0.0
8.75 25.375 0.0
0.25 25.625 0.0
0.75 25.625 0.0
1.25 25.625 0.0
1.75 25.625 0.0
2.25 25.625 0.0
2.75 25.625 3544.52574411
3.25 25.625 0.0
3.75 25.625 3544.52574411
4.25 25.625 0.0
4.75 25.625 3544.52574411
5.25 25.625 0.0
5.75 25.625 0.0
6.25 25.625 0.0
6.75 25.625 0.0
7.25 25.625 0.0
7.75 25.625 0.0
8.25 25.625 0.0
8.75 25.625 0.0
0.25 25.875 7089.05148822
0.75 25.875 0.0
1.25 25.875 3544.52574411
1.75 25.875 3544.52574411
2.25 25.875 3544.52574411
2.75 25.875 0.0
3.25 25.875 0.0
3.75 25.875 0.0
4.25 25.875 0.0
4.75 25.875 0.0
5.25 25.875 0.0
5.75 25.875 0.0
6.25 25.875 0.0
6.75 25.875 0.0
7.25 25.875 0.0
7.75 25.875 0.0
8.25 25.875 0.0
8.75 25.875 0.0
0.25 26.125 0.0
0.75 26.125 3544.52574411
1.25 26.125 3544.52574411
1.75 26.125 3544.52574411
2.25 26.125 3544.52574411
2.75 26.125 0.0
3.25 26.125 0.0
3.75 26.125 0.0
4.25 26.125 0.0
4.75 26.125 0.0
5.25 26.125 0.0
5.75 26.125 0.0
6.25 26.125 0.0
6.75 26.125 0.0
7.25 26.125 0.0
7.75 26.125 0.0
8.25 26.125 0.0
8.75 26.125 0.0
0.25 26.375 3544.52574411
0.75 26.375 3544.52574411
1.25 26.375 0.0
1.75 26.375 0.0
2.25 26.375 0.0
2.75 26.375 0.0
3.25 26.375 0.0
3.75 26.375 0.0
4.25 26.375 0.0
4.75 26.375 0.0
5.25 26.375 0.0
5.75 26.375 0.0
6.25 26.375 0.0
6.75 26.375 0.0
7.25 26.375 0.0
7.75 26.375 0.0
8.25 26.375 0.0
8.75 26.375 0.0
0.25 26.625 3544.52574411
0.75 26.625 0.0
1.25 26.625 3544.52574411
1.75 26.625 0.0
2.25 26.625 0.0
2.75 26.625 0.0
3.25 26.625 0.0
3.75 26.625 3544.52574411
4.25 26.625 0.0
4.75 26.625 0.0
5.25 26.625 0.0
5.75 26.625 0.0
6.25 26.625 0.0
6.75 26.625 0.0
7.25 26.625 0.0
7.75 26.625 0.0
8.25 26.625 0.0
8.75 26.625 0.0
0.25 26.875 0.0
0.75 26.875 0.0
1.25 26.875 0.0
1.75 26.875 3544.52574411
2.25 26.875 3544.52574411
2.75 26.875 0.0
3.25 26.875 0.0
3.75 26.875 0.0
4.25 26.875 3544.52574411
4.75 26.875 0.0
5.25 26.875 0.0
5.75 26.875 0.0
6.25 26.875 0.0
6.75 26.875 0.0
7.25 26.875 0.0
7.75 26.875 0.0
8.25 26.875 0.0
8.75 26.875 0.0
0.25 27.125 3544.52574411
0.75 27.125 3544.52574411
1.25 27.125 0.0
1.75 27.125 0.0
2.25 27.125 0.0
2.75 27.125 3544.52574411
3.25 27.125 0.0
3.75 27.125 0.0
4.25 27.125 0.0
4.75 27.125 0.0
5.25 27.125 0.0
5.75 27.125 0.0
6.25 27.125 0.0
6.75 27.125 0.0
7.25 27.125 0.0
7.75 27.125 0.0
8.25 27.125 0.0
8.75 27.125 0.0
0.25 27.375 3544.52574411
0.75 27.375 0.0
1.25 27.375 0.0
1.75 27.375 3544.52574411
2.25 27.375 0.0
2.75 27.375 3544.52574411
3.25 27.375 0.0
3.75 27.375 0.0
4.25 27.375 0.0
4.75 27.375 0.0
5.25 27.375 0.0
5.75 27.375 0.0
6.25 27.375 0.0
6.75 27.375 0.0
7.25 27.375 0.0
7.75 27.375 0.0
8.25 27.375 0.0
8.75 27.375 0.0
0.25 27.625 0.0
0.75 27.625 0.0
1.25 27.625 0.0
1.75 27.625 0.0
2.25 27.625 3544.52574411
2.75 27.625 0.0
3.25 27.625 3544.52574411
3.75 27.625 0.0
4.25 27.625 0.0
4.75 27.625 0.0
5.25 27.625 0.0
5.75 27.625 0.0
6.25 27.625 0.0
6.75 27.625 0.0
7.25 27.625 0.0
7.75 27.625 0.0
8.25 27.625 0.0
8.75 27.625 0.0
0.25 27.875 0.0
0.75 27.875 3544.52574411
1.25 27.875 0.0
1.75 27.875 3544.52574411
2.25 27.875 0.0
2.75 27.875 0.0
3.25 27.875 0.0
3.75 27.875 0.0
4.25 27.875 0.0
4.75 27.875 0.0
5.25 27.875 0.0
5.75 27.875 0.0
6.25 27.875 0.0
6.75 27.875 0.0
7.25 27.875 0.0
7.75 27.875 0.0
8.25 27.875 0.0
8.75 27.875 0.0
0.25 28.125 0.0
0.75 28.125 0.0
1.25 28.125 0.0
1.75 28.125 0.0
2.25 28.125 3544.52574411
2.75 28.125 0.0
3.25 28.125 0.0
3.75 28.125 0.0
4.25 28.125 0.0
4.75 28.125 0.0
5.25 28.125 0.0
5.75 28.125 0.0
6.25 28.125 0.0
6.75 28.125 0.0
7.25 28.125 0.0
7.75 28.125 0.0
8.25 28.125 0.0
8.75 28.125 0.0
0.25 28.375 0.0
0.75 28.375 0.0
1.25 28.375 0.0
1.75 28.375 3544.52574411
2.25 28.375 0.0
2.75 28.375 0.0
3.25 28.375 0.0
3.75 28.375 0.0
4.25 28.375 0.0
4.75 28.375 0.0
5.25 28.375 0.0
5.75 28.375 0.0
6.25 28.375 0.0
6.75 28.375 0.0
7.25 28.375 0.0
7.75 28.375 0.0
8.25 28.375 0.0
8.75 28.375 0.0
0.25 28.625 0.0
0.75 28.625 3544.52574411
1.25 28.625 0.0
1.75 28.625 3544.52574411
2.25 28.625 0.0
2.75 28.625 0.0
3.25 28.625 0.0
3.75 28.625 0.0
4.25 28.625 0.0
4.75 28.625 0.0
5.25 28.625 0.0
5.75 28.625 0.0
6.25 28.625 0.0
6.75 28.625 0.0
7.25 28.625 0.0
7.75 28.625 0.0
8.25 28.625 0.0
8.75 28.625 0.0
0.25 28.875 0.0
0.75 28.875 0.0
1.25 28.875 0.0
1.75 28.875 0.0
2.25 28.875 0.0
2.75 28.875 0.0
3.25 28.875 0.0
3.75 28.875 0.0
4.25 28.875 0.0
4.75 28.875 0.0
5.25 28.875 0.0
5.75 28.875 0.0
6.25 28.875 0.0
6.75 28.875 0.0
7.25 28.875 0.0
7.75 28.875 0.0
8.25 28.875 0.0
8.75 28.875 0.0
0.25 29.125 7089.05148822
0.75 29.125 0.0
1.25 29.125 3544.52574411
1.75 29.125 3544.52574411
2.25 29.125 0.0
2.75 29.125 0.0
3.25 29.125 0.0
3.75 29.125 0.0
4.25 29.125 0.0
4.75 29.125 0.0
5.25 29.125 0.0
5.75 29.125 0.0
6.25 29.125 0.0
6.75 29.125 0.0
7.25 29.125 0.0
7.75 29.125 0.0
8.25 29.125 0.0
8.75 29.125 0.0
0.25 29.375 3544.52574411
0.75 29.375 0.0
1.25 29.375 0.0
1.75 29.375 0.0
2.25 29.375 0.0
2.75 29.375 0.0
3.25 29.375 0.0
3.75 29.375 0.0
4.25 29.375 0.0
4.75 29.375 0.0
5.25 29.375 0.0
5.75 29.375 0.0
6.25 29.375 0.0
6.75 29.375 0.0
7.25 29.375 0.0
7.75 29.375 0.0
8.25 29.375 0.0
8.75 29.375 0.0
0.25 29.625 0.0
0.75 29.625 3544.52574411
1.25 29.625 0.0
1.75 29.625 3544.52574411
2.25 29.625 0.0
2.75 29.625 0.0
3.25 29.625 0.0
3.75 29.625 0.0
4.25 29.625 0.0
4.75 29.625 0.0
5.25 29.625 0.0
5.75 29.625 0.0
6.25 29.625 0.0
6.75 29.625 0.0
7.25 29.625 0.0
7.75 29.625 0.0
8.25 29.625 0.0
8.75 29.625 0.0
0.25 29.875 0.0
0.75 29.875 7089.05148822
1.25 29.875 0.0
1.75 29.875 0.0
2.25 29.875 0.0
2.75 29.875 0.0
3.25 29.875 0.0
3.75 29.875 0.0
4.25 29.875 0.0
4.75 29.875 0.0
5.25 29.875 0.0
5.75 29.875 0.0
6.25 29.875 0.0
6.75 29.875 0.0
7.25 29.875 0.0
7.75 29.875 0.0
8.25 29.875 0.0
8.75 29.875 0.0
