11.294627058970837 0.0
14.219093021276404 108.39446751737684
17.900777537149963 388.6325534459655
22.535743732392298 641.5033583413259
28.370820458389794 5013.692825029928
35.71674682851676 5011.57426300156
44.96472020903849 11771.42587846217
56.60722890537329 21537.630690585876
71.26427896022373 29237.733889494935
89.71641173621407 37091.21192808292
112.94627058970838 69912.40516061863
142.1909302127641 94356.87826121785
179.00777537149963 117376.53023289464
225.35743732392305 165063.96583724953
283.7082045838981 207848.42947958037
357.1674682851676 254121.8660641776
449.6472020903849 301044.90041675046
566.0722890537327 370643.90330636594
712.6427896022376 372953.93440458714
897.164117362141 345328.3439714161
1129.4627058970837 306821.34738802025
1421.9093021276408 208915.61305051018
1790.0777537149975 142242.89537598472
2253.5743732392316 76503.52535691531
2837.082045838981 33227.37106378935
3571.674682851676 12014.171563183423
4496.47202090385 3104.7983042700216
5660.72289053733 279.14634419372305
7126.427896022379 46.38533019227907
8971.64117362141 0.12491381354629993
