11.294627058970837 89.84006242676533
14.219093021276404 24.384084817562723
17.900777537149963 2144.8542394680003
22.535743732392298 2013.478828858195
28.370820458389794 3323.440308005278
35.71674682851676 5451.43290375005
44.96472020903849 7784.763028126656
56.60722890537329 14487.258729037
71.26427896022373 26279.685749196797
89.71641173621407 40100.27019190931
112.94627058970838 58233.60812157502
142.1909302127641 63631.72404118144
179.00777537149963 121093.80485465779
225.35743732392305 140788.05415194383
283.7082045838981 203533.81667850347
357.1674682851676 263448.61945277534
449.6472020903849 326949.97735535423
566.0722890537327 372666.8542152322
712.6427896022376 428731.0030258389
897.164117362141 369503.42858322524
1129.4627058970837 289557.8773189541
1421.9093021276408 205649.67527383938
1790.0777537149975 137793.35478992155
2253.5743732392316 74056.23689984484
2837.082045838981 34339.74502990348
3571.674682851676 12769.426978953648
4496.47202090385 3068.8709553247318
5660.72289053733 632.400647082366
7126.427896022379 44.55538155185059
8971.64117362141 0.0010748892091214657
