0.25 0.125 9212222.40895
0.75 0.125 9435527.53083
1.25 0.125 9279568.39809
1.75 0.125 9084619.48216
2.25 0.125 9552496.88038
2.75 0.125 9577308.56059
3.25 0.125 10190511.5143
3.75 0.125 9712000.53887
4.25 0.125 9467428.26252
4.75 0.125 8606108.5067
5.25 0.125 7819223.79151
5.75 0.125 6759410.59402
6.25 0.125 5408946.28551
6.75 0.125 4611427.99309
7.25 0.125 3611871.73325
7.75 0.125 2211784.06433
8.25 0.125 935754.796446
8.75 0.125 88613.1436028
0.25 0.375 28161257.037
0.75 0.375 28122267.2538
1.25 0.375 28001753.3785
1.75 0.375 27377916.8475
2.25 0.375 27204235.0861
2.75 0.375 27509064.3001
3.25 0.375 27743002.9992
3.75 0.375 27413362.105
4.25 0.375 25843137.2003
4.75 0.375 24432415.9542
5.25 0.375 21444380.7519
5.75 0.375 18339376.2
6.25 0.375 15085501.5669
6.75 0.375 12320771.4865
7.25 0.375 9616298.34378
7.75 0.375 5688963.8193
8.25 0.375 2038102.30286
8.75 0.375 170137.235717
0.25 0.625 43466519.2
0.75 0.625 43714636.0021
1.25 0.625 43037631.585
1.75 0.625 41694256.328
2.25 0.625 41378793.5368
2.75 0.625 40811669.4177
3.25 0.625 39276889.7705
3.75 0.625 38149730.5839
4.25 0.625 36880790.3675
4.75 0.625 34183406.2762
5.25 0.625 31695149.2038
5.75 0.625 27172334.3544
6.25 0.625 21848456.6867
6.75 0.625 17283107.5283
7.25 0.625 12359761.2697
7.75 0.625 7475404.79433
8.25 0.625 2583959.26746
8.75 0.625 177226.287206
0.25 0.875 51406256.8669
0.75 0.875 50527214.4823
1.25 0.875 50147950.2277
1.75 0.875 49775775.0246
2.25 0.875 47120925.2422
2.75 0.875 46330496.0013
3.25 0.875 43831605.3517
3.75 0.875 43342460.799
4.25 0.875 40744323.4286
4.75 0.875 37564883.8361
5.25 0.875 34768253.024
5.75 0.875 29887441.0744
6.25 0.875 23911370.6698
6.75 0.875 18218862.3247
7.25 0.875 12778015.3075
7.75 0.875 6872835.41783
8.25 0.875 2197605.96135
8.75 0.875 102791.246579
0.25 1.125 51604750.3085
0.75 1.125 50959646.6231
1.25 1.125 49389421.7185
1.75 1.125 48251628.9546
2.25 1.125 45476265.297
2.75 1.125 44076177.628
3.25 1.125 42140866.5717
3.75 1.125 40719511.7484
4.25 1.125 37915791.8848
4.75 1.125 35363733.349
5.25 1.125 32095680.6129
5.75 1.125 27555143.1347
6.25 1.125 23110307.8516
6.75 1.125 17112970.2926
7.25 1.125 11473629.8337
7.75 1.125 6061139.02243
8.25 1.125 1400087.66892
8.75 1.125 42534.3089293
0.25 1.375 46458098.9281
0.75 1.375 45880341.2318
1.25 1.375 44264037.4925
1.75 1.375 43225491.4494
2.25 1.375 41580831.5042
2.75 1.375 40166565.7323
3.25 1.375 37384113.0231
3.75 1.375 34626471.9942
4.25 1.375 32496212.022
4.75 1.375 29486909.6653
5.25 1.375 26172778.0945
5.75 1.375 23223732.6754
6.25 1.375 18647749.9398
6.75 1.375 14071767.2041
7.25 1.375 9265390.29511
7.75 1.375 4111649.86317
8.25 1.375 815240.921146
8.75 1.375 7089.05148822
0.25 1.625 39875914.6213
0.75 1.625 39248533.5646
1.25 1.625 37862623.9986
1.75 1.625 35973391.777
2.25 1.625 34711540.6121
2.75 1.625 32680527.3607
3.25 1.625 30886997.3342
3.75 1.625 28792182.6194
4.25 1.625 26218856.9292
4.75 1.625 24659265.6018
5.25 1.625 20785098.9635
5.75 1.625 17453244.764
6.25 1.625 14362418.3151
6.75 1.625 10559142.1917
7.25 1.625 6723965.33658
7.75 1.625 2530791.3813
8.25 1.625 382808.780364
8.75 1.625 0.0
0.25 1.875 32393420.7754
0.75 1.875 31946810.5317
1.25 1.875 30840918.4995
1.75 1.875 29486909.6653
2.25 1.875 28292404.4895
2.75 1.875 26956118.284
3.25 1.875 24850669.992
3.75 1.875 22741677.1742
4.25 1.875 20554704.7901
4.75 1.875 18708006.8774
5.25 1.875 16074424.2495
5.75 1.875 12845361.2967
6.25 1.875 9743901.27056
6.75 1.875 7195387.26055
7.25 1.875 4377489.29398
7.75 1.875 1361097.88574
8.25 1.875 170137.235717
8.75 1.875 0.0
0.25 2.125 25116509.4228
0.75 2.125 24655721.076
1.25 2.125 24301268.5016
1.75 2.125 23252088.8814
2.25 2.125 22227720.9413
2.75 2.125 21738576.3886
3.25 2.125 19750097.4462
3.75 2.125 17843142.5959
4.25 2.125 15776684.087
4.75 2.125 13618067.9089
5.25 2.125 11030564.1157
5.75 2.125 9488695.41699
6.25 2.125 7014616.4476
6.75 2.125 4739030.91988
7.25 2.125 2541424.95853
7.75 2.125 769162.086472
8.25 2.125 56712.4119058
8.75 2.125 0.0
0.25 2.375 20416468.2861
0.75 2.375 19863522.27
1.25 2.375 19923779.2077
1.75 2.375 17683638.9374
2.25 2.375 17524135.2789
2.75 2.375 16180760.0219
3.25 2.375 15447043.1928
3.75 2.375 13494009.5078
4.25 2.375 12051387.53
4.75 2.375 9850237.04289
5.25 2.375 8141775.63423
5.75 2.375 6575095.25533
6.25 2.375 4990692.24771
6.75 2.375 3473635.22923
7.25 2.375 1517057.01848
7.75 2.375 354452.574411
8.25 2.375 7089.05148822
8.75 2.375 0.0
0.25 2.625 15532111.8107
0.75 2.625 15184748.2878
1.25 2.625 14950809.5887
1.75 2.625 14855107.3936
2.25 2.625 13607434.3316
2.75 2.625 12579521.8659
3.25 2.625 11399194.7931
3.75 2.625 10381915.9045
4.25 2.625 8726622.382
4.75 2.625 7797956.63705
5.25 2.625 6266721.51559
5.75 2.625 4700041.13669
6.25 2.625 3544525.74411
6.75 2.625 2179883.33263
7.25 2.625 886131.436028
7.75 2.625 152414.606997
8.25 2.625 7089.05148822
8.75 2.625 0.0
0.25 2.875 12366850.3212
0.75 2.875 12076199.2102
1.25 2.875 11771369.9962
1.75 2.875 11548064.8743
2.25 2.875 10796625.4166
2.75 2.875 10009740.7014
3.25 2.875 9049174.22472
3.75 2.875 7911381.46086
4.25 2.875 6851568.26337
4.75 2.875 5529460.16081
5.25 2.875 4207352.05826
5.75 2.875 3236152.00437
6.25 2.875 2403188.45451
6.75 2.875 1414265.7719
7.25 2.875 570668.644802
7.75 2.875 92157.6693469
8.25 2.875 0.0
8.75 2.875 0.0
0.25 3.125 9573764.03485
0.75 3.125 9591486.66357
1.25 3.125 9261845.76936
1.75 3.125 8932204.87516
2.25 3.125 8357991.70462
2.75 3.125 7425781.43391
3.25 3.125 7145763.90013
3.75 3.125 6103673.33136
4.25 3.125 5440847.01721
4.75 3.125 4310143.30484
5.25 3.125 3431100.9203
5.75 3.125 2449267.28918
6.25 3.125 1648204.47101
6.75 3.125 964111.002398
7.25 3.125 350908.048667
7.75 3.125 42534.3089293
8.25 3.125 0.0
8.75 3.125 0.0
0.25 3.375 7514394.57752
0.75 3.375 7464771.2171
1.25 3.375 7528572.68049
1.75 3.375 7113863.16843
2.25 3.375 6429769.69982
2.75 3.375 5958347.77585
3.25 3.375 5469203.22316
3.75 3.375 4515725.798
4.25 3.375 3870622.11257
4.75 3.375 3264508.21033
5.25 3.375 2541424.95853
5.75 3.375 1697827.83143
6.25 3.375 1187416.12428
6.75 3.375 691182.520102
7.25 3.375 191404.390182
7.75 3.375 7089.05148822
8.25 3.375 0.0
8.75 3.375 0.0
0.25 3.625 6117851.43434
0.75 3.625 6185197.42348
1.25 3.625 5929991.5699
1.75 3.625 5646429.51037
2.25 3.625 5284887.88447
2.75 3.625 4639784.19904
3.25 3.625 4363311.191
3.75 3.625 3682762.24813
4.25 3.625 3037658.5627
4.75 3.625 2389010.35153
5.25 3.625 1726184.03738
5.75 3.625 1350464.30851
6.25 3.625 811696.395402
6.75 3.625 478510.975455
7.25 3.625 113424.823812
7.75 3.625 0.0
8.25 3.625 0.0
8.75 3.625 0.0
0.25 3.875 4767387.12583
0.75 3.875 5054493.7111
1.25 3.875 4742575.44562
1.75 3.875 4324321.40782
2.25 3.875 4182540.37805
2.75 3.875 4005314.09085
3.25 3.875 3253874.63309
3.75 3.875 2892333.0072
4.25 3.875 2534335.90704
4.75 3.875 1846697.91268
5.25 3.875 1580858.48187
5.75 3.875 1056268.67175
6.25 3.875 616747.479475
6.75 3.875 212671.544647
7.25 3.875 70890.5148822
7.75 3.875 0.0
8.25 3.875 0.0
8.75 3.875 0.0
0.25 4.125 3881255.6898
0.75 4.125 3877711.16406
1.25 4.125 3661495.09367
1.75 4.125 3477179.75497
2.25 4.125 3225518.42714
2.75 4.125 3119182.65482
3.25 4.125 2725740.29722
3.75 4.125 2342931.51686
4.25 4.125 1878598.64438
4.75 4.125 1488700.81253
5.25 4.125 1141337.2896
5.75 4.125 762073.034984
6.25 4.125 400531.409085
6.75 4.125 219760.596135
7.25 4.125 21267.1544647
7.75 4.125 0.0
8.25 4.125 0.0
8.75 4.125 0.0
0.25 4.375 3275141.78756
0.75 4.375 3172350.54098
1.25 4.375 2910055.63592
1.75 4.375 2991579.72803
2.25 4.375 2552058.53576
2.75 4.375 2431544.66046
3.25 4.375 2062913.98307
3.75 4.375 1860876.01566
4.25 4.375 1371731.46297
4.75 4.375 1151970.86684
5.25 4.375 918032.167725
5.75 4.375 528134.335873
6.25 4.375 326096.368458
6.75 4.375 127602.926788
7.25 4.375 21267.1544647
7.75 4.375 0.0
8.25 4.375 0.0
8.75 4.375 0.0
0.25 4.625 2569781.16448
0.75 4.625 2669027.88532
1.25 4.625 2342931.51686
1.75 4.625 2396099.40302
2.25 4.625 2197605.96135
2.75 4.625 1928222.0048
3.25 4.625 1655293.5225
3.75 4.625 1424899.34913
4.25 4.625 1198049.70151
4.75 4.625 914487.641981
5.25 4.625 567124.119058
5.75 4.625 432432.140782
6.25 4.625 294195.636761
6.75 4.625 85068.6178587
7.25 4.625 21267.1544647
7.75 4.625 0.0
8.25 4.625 0.0
8.75 4.625 0.0
0.25 4.875 2077092.08605
0.75 4.875 2137349.0237
1.25 4.875 2162160.70391
1.75 4.875 1850242.43843
2.25 4.875 1743906.6661
2.75 4.875 1566680.3789
3.25 4.875 1382365.0402
3.75 4.875 1166148.96981
4.25 4.875 896765.01326
4.75 4.875 801062.818169
5.25 4.875 567124.119058
5.75 4.875 244572.276344
6.25 4.875 141781.029764
6.75 4.875 42534.3089293
7.25 4.875 10633.5772323
7.75 4.875 0.0
8.25 4.875 0.0
8.75 4.875 0.0
0.25 5.125 1694283.30569
0.75 5.125 1736817.61461
1.25 5.125 1740362.14036
1.75 5.125 1538324.17294
2.25 5.125 1517057.01848
2.75 5.125 1431988.40062
3.25 5.125 1095258.45493
3.75 5.125 893220.487516
4.25 5.125 790429.240937
4.75 5.125 581302.222034
5.25 5.125 276473.008041
5.75 5.125 272928.482297
6.25 5.125 184315.338694
6.75 5.125 60256.9376499
7.25 5.125 0.0
7.75 5.125 0.0
8.25 5.125 0.0
8.75 5.125 0.0
0.25 5.375 1619848.26506
0.75 5.375 1439077.45211
1.25 5.375 1400087.66892
1.75 5.375 1268940.21639
2.25 5.375 1258306.63916
2.75 5.375 1120070.13514
3.25 5.375 971200.053887
3.75 5.375 811696.395402
4.25 5.375 634470.108196
4.75 5.375 489144.552687
5.25 5.375 290651.111017
5.75 5.375 241027.7506
6.25 5.375 95702.195091
6.75 5.375 10633.5772323
7.25 5.375 0.0
7.75 5.375 0.0
8.25 5.375 0.0
8.75 5.375 0.0
0.25 5.625 1229950.43321
0.75 5.625 1201594.22725
1.25 5.625 1187416.12428
1.75 5.625 1081080.35195
2.25 5.625 925121.219213
2.75 5.625 871953.333052
3.25 5.625 790429.240937
3.75 5.625 638014.63394
4.25 5.625 563579.593314
4.75 5.625 333185.419947
5.25 5.625 294195.636761
5.75 5.625 124058.401044
6.25 5.625 56712.4119058
6.75 5.625 42534.3089293
7.25 5.625 0.0
7.75 5.625 0.0
8.25 5.625 0.0
8.75 5.625 0.0
0.25 5.875 1024367.94005
0.75 5.875 1017278.88856
1.25 5.875 957021.95091
1.75 5.875 949932.899422
2.25 5.875 847141.652843
2.75 5.875 762073.034984
3.25 5.875 595480.325011
3.75 5.875 552946.016081
4.25 5.875 411164.986317
4.75 5.875 290651.111017
5.25 5.875 202037.967414
5.75 5.875 120513.8753
6.25 5.875 60256.9376499
6.75 5.875 21267.1544647
7.25 5.875 0.0
7.75 5.875 0.0
8.25 5.875 0.0
8.75 5.875 0.0
0.25 6.125 871953.333052
0.75 6.125 953477.425166
1.25 6.125 960566.476654
1.75 6.125 801062.818169
2.25 6.125 641559.159684
2.75 6.125 769162.086472
3.25 6.125 549401.490337
3.75 6.125 435976.666526
4.25 6.125 382808.780364
4.75 6.125 255205.853576
5.25 6.125 191404.390182
5.75 6.125 81524.0921146
6.25 6.125 35445.2574411
6.75 6.125 7089.05148822
7.25 6.125 0.0
7.75 6.125 0.0
8.25 6.125 0.0
8.75 6.125 0.0
0.25 6.375 712449.674567
0.75 6.375 680548.94287
1.25 6.375 648648.211172
1.75 6.375 666370.839893
2.25 6.375 627381.056708
2.75 6.375 556490.541826
3.25 6.375 400531.409085
3.75 6.375 457243.82099
4.25 6.375 336729.945691
4.75 6.375 230394.173367
5.25 6.375 138236.50402
5.75 6.375 74435.0406264
6.25 6.375 35445.2574411
6.75 6.375 10633.5772323
7.25 6.375 0.0
7.75 6.375 0.0
8.25 6.375 0.0
8.75 6.375 0.0
0.25 6.625 705360.623078
0.75 6.625 677004.417125
1.25 6.625 581302.222034
1.75 6.625 560035.06757
2.25 6.625 446610.243758
2.75 6.625 443065.718014
3.25 6.625 365086.151644
3.75 6.625 315462.791226
4.25 6.625 265839.430808
4.75 6.625 141781.029764
5.25 6.625 124058.401044
5.75 6.625 60256.9376499
6.25 6.625 10633.5772323
6.75 6.625 3544.52574411
7.25 6.625 0.0
7.75 6.625 0.0
8.25 6.625 0.0
8.75 6.625 0.0
0.25 6.875 524589.810129
0.75 6.875 521045.284384
1.25 6.875 496233.604176
1.75 6.875 528134.335873
2.25 6.875 425343.089293
2.75 6.875 357997.100155
3.25 6.875 308373.739738
3.75 6.875 226849.647623
4.25 6.875 187859.864438
4.75 6.875 131147.452532
5.25 6.875 85068.6178587
5.75 6.875 24811.6802088
6.25 6.875 28356.2059529
6.75 6.875 0.0
7.25 6.875 0.0
7.75 6.875 0.0
8.25 6.875 0.0
8.75 6.875 0.0
0.25 7.125 460788.346735
0.75 7.125 524589.810129
1.25 7.125 499778.12992
1.75 7.125 418254.037805
2.25 7.125 386353.306108
2.75 7.125 304829.213994
3.25 7.125 297740.162505
3.75 7.125 198493.44167
4.25 7.125 138236.50402
4.75 7.125 85068.6178587
5.25 7.125 42534.3089293
5.75 7.125 21267.1544647
6.25 7.125 14178.1029764
6.75 7.125 7089.05148822
7.25 7.125 0.0
7.75 7.125 0.0
8.25 7.125 0.0
8.75 7.125 0.0
0.25 7.375 443065.718014
0.75 7.375 372175.203132
1.25 7.375 347363.522923
1.75 7.375 343818.997179
2.25 7.375 315462.791226
2.75 7.375 226849.647623
3.25 7.375 255205.853576
3.75 7.375 184315.338694
4.25 7.375 120513.8753
4.75 7.375 99246.7208351
5.25 7.375 49623.3604176
5.75 7.375 46078.8346735
6.25 7.375 0.0
6.75 7.375 0.0
7.25 7.375 0.0
7.75 7.375 0.0
8.25 7.375 0.0
8.75 7.375 0.0
0.25 7.625 379264.25462
0.75 7.625 283562.059529
1.25 7.625 333185.419947
1.75 7.625 301284.68825
2.25 7.625 315462.791226
2.75 7.625 233938.699111
3.25 7.625 194948.915926
3.75 7.625 163048.184229
4.25 7.625 99246.7208351
4.75 7.625 85068.6178587
5.25 7.625 63801.463394
5.75 7.625 17722.6287206
6.25 7.625 3544.52574411
6.75 7.625 0.0
7.25 7.625 0.0
7.75 7.625 0.0
8.25 7.625 0.0
8.75 7.625 0.0
0.25 7.875 294195.636761
0.75 7.875 287106.585273
1.25 7.875 262294.905064
1.75 7.875 237483.224856
2.25 7.875 269383.956553
2.75 7.875 219760.596135
3.25 7.875 180770.81295
3.75 7.875 127602.926788
4.25 7.875 109880.298067
4.75 7.875 60256.9376499
5.25 7.875 46078.8346735
5.75 7.875 10633.5772323
6.25 7.875 7089.05148822
6.75 7.875 0.0
7.25 7.875 0.0
7.75 7.875 0.0
8.25 7.875 0.0
8.75 7.875 0.0
0.25 8.125 258750.37932
0.75 8.125 265839.430808
1.25 8.125 265839.430808
1.75 8.125 194948.915926
2.25 8.125 233938.699111
2.75 8.125 177226.287206
3.25 8.125 138236.50402
3.75 8.125 88613.1436028
4.25 8.125 74435.0406264
4.75 8.125 63801.463394
5.25 8.125 31900.731697
5.75 8.125 21267.1544647
6.25 8.125 0.0
6.75 8.125 0.0
7.25 8.125 0.0
7.75 8.125 0.0
8.25 8.125 0.0
8.75 8.125 0.0
0.25 8.375 226849.647623
0.75 8.375 241027.7506
1.25 8.375 237483.224856
1.75 8.375 223305.121879
2.25 8.375 191404.390182
2.75 8.375 141781.029764
3.25 8.375 148870.081253
3.75 8.375 85068.6178587
4.25 8.375 74435.0406264
4.75 8.375 38989.7831852
5.25 8.375 10633.5772323
5.75 8.375 10633.5772323
6.25 8.375 7089.05148822
6.75 8.375 0.0
7.25 8.375 0.0
7.75 8.375 0.0
8.25 8.375 0.0
8.75 8.375 0.0
0.25 8.625 180770.81295
0.75 8.625 173681.761461
1.25 8.625 219760.596135
1.75 8.625 187859.864438
2.25 8.625 163048.184229
2.75 8.625 148870.081253
3.25 8.625 120513.8753
3.75 8.625 99246.7208351
4.25 8.625 53167.8861617
4.75 8.625 38989.7831852
5.25 8.625 35445.2574411
5.75 8.625 7089.05148822
6.25 8.625 3544.52574411
6.75 8.625 0.0
7.25 8.625 0.0
7.75 8.625 0.0
8.25 8.625 0.0
8.75 8.625 0.0
0.25 8.875 237483.224856
0.75 8.875 223305.121879
1.25 8.875 148870.081253
1.75 8.875 138236.50402
2.25 8.875 109880.298067
2.75 8.875 120513.8753
3.25 8.875 116969.349556
3.75 8.875 49623.3604176
4.25 8.875 63801.463394
4.75 8.875 46078.8346735
5.25 8.875 10633.5772323
5.75 8.875 14178.1029764
6.25 8.875 3544.52574411
6.75 8.875 0.0
7.25 8.875 0.0
7.75 8.875 0.0
8.25 8.875 0.0
8.75 8.875 0.0
0.25 9.125 166592.709973
0.75 9.125 145325.555509
1.25 9.125 131147.452532
1.75 9.125 127602.926788
2.25 9.125 109880.298067
2.75 9.125 81524.0921146
3.25 9.125 77979.5663705
3.75 9.125 42534.3089293
4.25 9.125 38989.7831852
4.75 9.125 17722.6287206
5.25 9.125 10633.5772323
5.75 9.125 3544.52574411
6.25 9.125 3544.52574411
6.75 9.125 0.0
7.25 9.125 0.0
7.75 9.125 0.0
8.25 9.125 0.0
8.75 9.125 0.0
0.25 9.375 148870.081253
0.75 9.375 127602.926788
1.25 9.375 141781.029764
1.75 9.375 152414.606997
2.25 9.375 95702.195091
2.75 9.375 99246.7208351
3.25 9.375 120513.8753
3.75 9.375 46078.8346735
4.25 9.375 10633.5772323
4.75 9.375 24811.6802088
5.25 9.375 3544.52574411
5.75 9.375 21267.1544647
6.25 9.375 3544.52574411
6.75 9.375 0.0
7.25 9.375 0.0
7.75 9.375 0.0
8.25 9.375 0.0
8.75 9.375 0.0
0.25 9.625 95702.195091
0.75 9.625 145325.555509
1.25 9.625 88613.1436028
1.75 9.625 46078.8346735
2.25 9.625 113424.823812
2.75 9.625 70890.5148822
3.25 9.625 60256.9376499
3.75 9.625 53167.8861617
4.25 9.625 38989.7831852
4.75 9.625 21267.1544647
5.25 9.625 7089.05148822
5.75 9.625 14178.1029764
6.25 9.625 3544.52574411
6.75 9.625 0.0
7.25 9.625 0.0
7.75 9.625 0.0
8.25 9.625 0.0
8.75 9.625 0.0
0.25 9.875 109880.298067
0.75 9.875 113424.823812
1.25 9.875 124058.401044
1.75 9.875 106335.772323
2.25 9.875 99246.7208351
2.75 9.875 77979.5663705
3.25 9.875 42534.3089293
3.75 9.875 49623.3604176
4.25 9.875 35445.2574411
4.75 9.875 10633.5772323
5.25 9.875 17722.6287206
5.75 9.875 7089.05148822
6.25 9.875 0.0
6.75 9.875 0.0
7.25 9.875 0.0
7.75 9.875 0.0
8.25 9.875 0.0
8.75 9.875 0.0
0.25 10.125 81524.0921146
0.75 10.125 127602.926788
1.25 10.125 74435.0406264
1.75 10.125 53167.8861617
2.25 10.125 92157.6693469
2.75 10.125 77979.5663705
3.25 10.125 53167.8861617
3.75 10.125 60256.9376499
4.25 10.125 28356.2059529
4.75 10.125 10633.5772323
5.25 10.125 7089.05148822
5.75 10.125 7089.05148822
6.25 10.125 0.0
6.75 10.125 0.0
7.25 10.125 0.0
7.75 10.125 0.0
8.25 10.125 0.0
8.75 10.125 0.0
0.25 10.375 74435.0406264
0.75 10.375 81524.0921146
1.25 10.375 81524.0921146
1.75 10.375 49623.3604176
2.25 10.375 74435.0406264
2.75 10.375 60256.9376499
3.25 10.375 53167.8861617
3.75 10.375 24811.6802088
4.25 10.375 10633.5772323
4.75 10.375 10633.5772323
5.25 10.375 14178.1029764
5.75 10.375 0.0
6.25 10.375 0.0
6.75 10.375 0.0
7.25 10.375 0.0
7.75 10.375 0.0
8.25 10.375 0.0
8.75 10.375 0.0
0.25 10.625 113424.823812
0.75 10.625 77979.5663705
1.25 10.625 77979.5663705
1.75 10.625 67345.9891381
2.25 10.625 88613.1436028
2.75 10.625 28356.2059529
3.25 10.625 49623.3604176
3.75 10.625 38989.7831852
4.25 10.625 17722.6287206
4.75 10.625 17722.6287206
5.25 10.625 3544.52574411
5.75 10.625 3544.52574411
6.25 10.625 0.0
6.75 10.625 0.0
7.25 10.625 0.0
7.75 10.625 0.0
8.25 10.625 0.0
8.75 10.625 0.0
0.25 10.875 74435.0406264
0.75 10.875 60256.9376499
1.25 10.875 70890.5148822
1.75 10.875 60256.9376499
2.25 10.875 56712.4119058
2.75 10.875 49623.3604176
3.25 10.875 17722.6287206
3.75 10.875 21267.1544647
4.25 10.875 31900.731697
4.75 10.875 10633.5772323
5.25 10.875 0.0
5.75 10.875 7089.05148822
6.25 10.875 0.0
6.75 10.875 0.0
7.25 10.875 0.0
7.75 10.875 0.0
8.25 10.875 0.0
8.75 10.875 0.0
0.25 11.125 49623.3604176
0.75 11.125 74435.0406264
1.25 11.125 49623.3604176
1.75 11.125 49623.3604176
2.25 11.125 42534.3089293
2.75 11.125 60256.9376499
3.25 11.125 38989.7831852
3.75 11.125 14178.1029764
4.25 11.125 14178.1029764
4.75 11.125 17722.6287206
5.25 11.125 3544.52574411
5.75 11.125 0.0
6.25 11.125 0.0
6.75 11.125 0.0
7.25 11.125 0.0
7.75 11.125 0.0
8.25 11.125 0.0
8.75 11.125 0.0
0.25 11.375 42534.3089293
0.75 11.375 46078.8346735
1.25 11.375 63801.463394
1.75 11.375 49623.3604176
2.25 11.375 46078.8346735
2.75 11.375 53167.8861617
3.25 11.375 10633.5772323
3.75 11.375 14178.1029764
4.25 11.375 3544.52574411
4.75 11.375 10633.5772323
5.25 11.375 0.0
5.75 11.375 0.0
6.25 11.375 0.0
6.75 11.375 0.0
7.25 11.375 0.0
7.75 11.375 0.0
8.25 11.375 0.0
8.75 11.375 0.0
0.25 11.625 81524.0921146
0.75 11.625 77979.5663705
1.25 11.625 38989.7831852
1.75 11.625 53167.8861617
2.25 11.625 38989.7831852
2.75 11.625 28356.2059529
3.25 11.625 21267.1544647
3.75 11.625 35445.2574411
4.25 11.625 10633.5772323
4.75 11.625 14178.1029764
5.25 11.625 0.0
5.75 11.625 0.0
6.25 11.625 0.0
6.75 11.625 0.0
7.25 11.625 0.0
7.75 11.625 0.0
8.25 11.625 0.0
8.75 11.625 0.0
0.25 11.875 28356.2059529
0.75 11.875 53167.8861617
1.25 11.875 31900.731697
1.75 11.875 46078.8346735
2.25 11.875 24811.6802088
2.75 11.875 14178.1029764
3.25 11.875 31900.731697
3.75 11.875 7089.05148822
4.25 11.875 7089.05148822
4.75 11.875 10633.5772323
5.25 11.875 0.0
5.75 11.875 3544.52574411
6.25 11.875 0.0
6.75 11.875 0.0
7.25 11.875 0.0
7.75 11.875 0.0
8.25 11.875 0.0
8.75 11.875 0.0
0.25 12.125 38989.7831852
0.75 12.125 53167.8861617
1.25 12.125 53167.8861617
1.75 12.125 53167.8861617
2.25 12.125 38989.7831852
2.75 12.125 38989.7831852
3.25 12.125 7089.05148822
3.75 12.125 17722.6287206
4.25 12.125 7089.05148822
4.75 12.125 7089.05148822
5.25 12.125 7089.05148822
5.75 12.125 0.0
6.25 12.125 0.0
6.75 12.125 0.0
7.25 12.125 0.0
7.75 12.125 0.0
8.25 12.125 0.0
8.75 12.125 0.0
0.25 12.375 42534.3089293
0.75 12.375 17722.6287206
1.25 12.375 24811.6802088
1.75 12.375 49623.3604176
2.25 12.375 28356.2059529
2.75 12.375 31900.731697
3.25 12.375 17722.6287206
3.75 12.375 3544.52574411
4.25 12.375 28356.2059529
4.75 12.375 3544.52574411
5.25 12.375 3544.52574411
5.75 12.375 0.0
6.25 12.375 0.0
6.75 12.375 0.0
7.25 12.375 0.0
7.75 12.375 0.0
8.25 12.375 0.0
8.75 12.375 0.0
0.25 12.625 35445.2574411
0.75 12.625 35445.2574411
1.25 12.625 17722.6287206
1.75 12.625 21267.1544647
2.25 12.625 49623.3604176
2.75 12.625 21267.1544647
3.25 12.625 31900.731697
3.75 12.625 28356.2059529
4.25 12.625 7089.05148822
4.75 12.625 7089.05148822
5.25 12.625 10633.5772323
5.75 12.625 0.0
6.25 12.625 0.0
6.75 12.625 0.0
7.25 12.625 0.0
7.75 12.625 0.0
8.25 12.625 0.0
8.75 12.625 0.0
0.25 12.875 38989.7831852
0.75 12.875 21267.1544647
1.25 12.875 21267.1544647
1.75 12.875 28356.2059529
2.25 12.875 10633.5772323
2.75 12.875 14178.1029764
3.25 12.875 7089.05148822
3.75 12.875 3544.52574411
4.25 12.875 0.0
4.75 12.875 3544.52574411
5.25 12.875 0.0
5.75 12.875 3544.52574411
6.25 12.875 0.0
6.75 12.875 0.0
7.25 12.875 0.0
7.75 12.875 0.0
8.25 12.875 0.0
8.75 12.875 0.0
0.25 13.125 56712.4119058
0.75 13.125 14178.1029764
1.25 13.125 31900.731697
1.75 13.125 10633.5772323
2.25 13.125 14178.1029764
2.75 13.125 28356.2059529
3.25 13.125 10633.5772323
3.75 13.125 14178.1029764
4.25 13.125 7089.05148822
4.75 13.125 7089.05148822
5.25 13.125 0.0
5.75 13.125 3544.52574411
6.25 13.125 0.0
6.75 13.125 0.0
7.25 13.125 0.0
7.75 13.125 0.0
8.25 13.125 0.0
8.75 13.125 0.0
0.25 13.375 49623.3604176
0.75 13.375 17722.6287206
1.25 13.375 28356.2059529
1.75 13.375 17722.6287206
2.25 13.375 10633.5772323
2.75 13.375 17722.6287206
3.25 13.375 14178.1029764
3.75 13.375 7089.05148822
4.25 13.375 10633.5772323
4.75 13.375 3544.52574411
5.25 13.375 3544.52574411
5.75 13.375 0.0
6.25 13.375 0.0
6.75 13.375 0.0
7.25 13.375 0.0
7.75 13.375 0.0
8.25 13.375 0.0
8.75 13.375 0.0
0.25 13.625 28356.2059529
0.75 13.625 46078.8346735
1.25 13.625 24811.6802088
1.75 13.625 7089.05148822
2.25 13.625 0.0
2.75 13.625 28356.2059529
3.25 13.625 17722.6287206
3.75 13.625 14178.1029764
4.25 13.625 7089.05148822
4.75 13.625 7089.05148822
5.25 13.625 0.0
5.75 13.625 0.0
6.25 13.625 0.0
6.75 13.625 0.0
7.25 13.625 0.0
7.75 13.625 0.0
8.25 13.625 0.0
8.75 13.625 0.0
0.25 13.875 28356.2059529
0.75 13.875 21267.1544647
1.25 13.875 14178.1029764
1.75 13.875 21267.1544647
2.25 13.875 21267.1544647
2.75 13.875 10633.5772323
3.25 13.875 14178.1029764
3.75 13.875 3544.52574411
4.25 13.875 7089.05148822
4.75 13.875 3544.52574411
5.25 13.875 0.0
5.75 13.875 0.0
6.25 13.875 0.0
6.75 13.875 0.0
7.25 13.875 0.0
7.75 13.875 0.0
8.25 13.875 0.0
8.75 13.875 0.0
0.25 14.125 35445.2574411
0.75 14.125 21267.1544647
1.25 14.125 24811.6802088
1.75 14.125 24811.6802088
2.25 14.125 28356.2059529
2.75 14.125 3544.52574411
3.25 14.125 7089.05148822
3.75 14.125 10633.5772323
4.25 14.125 3544.52574411
4.75 14.125 0.0
5.25 14.125 3544.52574411
5.75 14.125 3544.52574411
6.25 14.125 0.0
6.75 14.125 0.0
7.25 14.125 0.0
7.75 14.125 0.0
8.25 14.125 0.0
8.75 14.125 0.0
0.25 14.375 21267.1544647
0.75 14.375 21267.1544647
1.25 14.375 17722.6287206
1.75 14.375 14178.1029764
2.25 14.375 7089.05148822
2.75 14.375 7089.05148822
3.25 14.375 10633.5772323
3.75 14.375 3544.52574411
4.25 14.375 7089.05148822
4.75 14.375 3544.52574411
5.25 14.375 0.0
5.75 14.375 0.0
6.25 14.375 0.0
6.75 14.375 0.0
7.25 14.375 0.0
7.75 14.375 0.0
8.25 14.375 0.0
8.75 14.375 0.0
0.25 14.625 10633.5772323
0.75 14.625 17722.6287206
1.25 14.625 14178.1029764
1.75 14.625 17722.6287206
2.25 14.625 3544.52574411
2.75 14.625 14178.1029764
3.25 14.625 3544.52574411
3.75 14.625 0.0
4.25 14.625 0.0
4.75 14.625 0.0
5.25 14.625 0.0
5.75 14.625 0.0
6.25 14.625 0.0
6.75 14.625 0.0
7.25 14.625 0.0
7.75 14.625 0.0
8.25 14.625 0.0
8.75 14.625 0.0
0.25 14.875 14178.1029764
0.75 14.875 14178.1029764
1.25 14.875 10633.5772323
1.75 14.875 21267.1544647
2.25 14.875 14178.1029764
2.75 14.875 7089.05148822
3.25 14.875 7089.05148822
3.75 14.875 3544.52574411
4.25 14.875 0.0
4.75 14.875 7089.05148822
5.25 14.875 0.0
5.75 14.875 0.0
6.25 14.875 0.0
6.75 14.875 0.0
7.25 14.875 0.0
7.75 14.875 0.0
8.25 14.875 0.0
8.75 14.875 0.0
0.25 15.125 14178.1029764
0.75 15.125 31900.731697
1.25 15.125 7089.05148822
1.75 15.125 24811.6802088
2.25 15.125 10633.5772323
2.75 15.125 17722.6287206
3.25 15.125 14178.1029764
3.75 15.125 0.0
4.25 15.125 0.0
4.75 15.125 3544.52574411
5.25 15.125 0.0
5.75 15.125 0.0
6.25 15.125 0.0
6.75 15.125 0.0
7.25 15.125 0.0
7.75 15.125 0.0
8.25 15.125 0.0
8.75 15.125 0.0
0.25 15.375 14178.1029764
0.75 15.375 14178.1029764
1.25 15.375 7089.05148822
1.75 15.375 21267.1544647
2.25 15.375 21267.1544647
2.75 15.375 0.0
3.25 15.375 0.0
3.75 15.375 3544.52574411
4.25 15.375 0.0
4.75 15.375 0.0
5.25 15.375 0.0
5.75 15.375 0.0
6.25 15.375 0.0
6.75 15.375 0.0
7.25 15.375 0.0
7.75 15.375 0.0
8.25 15.375 0.0
8.75 15.375 0.0
0.25 15.625 3544.52574411
0.75 15.625 21267.1544647
1.25 15.625 14178.1029764
1.75 15.625 7089.05148822
2.25 15.625 10633.5772323
2.75 15.625 14178.1029764
3.25 15.625 10633.5772323
3.75 15.625 7089.05148822
4.25 15.625 0.0
4.75 15.625 0.0
5.25 15.625 0.0
5.75 15.625 0.0
6.25 15.625 0.0
6.75 15.625 0.0
7.25 15.625 0.0
7.75 15.625 0.0
8.25 15.625 0.0
8.75 15.625 0.0
0.25 15.875 7089.05148822
0.75 15.875 14178.1029764
1.25 15.875 28356.2059529
1.75 15.875 10633.5772323
2.25 15.875 7089.05148822
2.75 15.875 28356.2059529
3.25 15.875 3544.52574411
3.75 15.875 0.0
4.25 15.875 3544.52574411
4.75 15.875 0.0
5.25 15.875 0.0
5.75 15.875 0.0
6.25 15.875 0.0
6.75 15.875 0.0
7.25 15.875 0.0
7.75 15.875 0.0
8.25 15.875 0.0
8.75 15.875 0.0
0.25 16.125 10633.5772323
0.75 16.125 10633.5772323
1.25 16.125 10633.5772323
1.75 16.125 14178.1029764
2.25 16.125 17722.6287206
2.75 16.125 0.0
3.25 16.125 7089.05148822
3.75 16.125 10633.5772323
4.25 16.125 0.0
4.75 16.125 3544.52574411
5.25 16.125 0.0
5.75 16.125 0.0
6.25 16.125 0.0
6.75 16.125 0.0
7.25 16.125 0.0
7.75 16.125 0.0
8.25 16.125 0.0
8.75 16.125 0.0
0.25 16.375 21267.1544647
0.75 16.375 3544.52574411
1.25 16.375 28356.2059529
1.75 16.375 3544.52574411
2.25 16.375 14178.1029764
2.75 16.375 7089.05148822
3.25 16.375 14178.1029764
3.75 16.375 0.0
4.25 16.375 3544.52574411
4.75 16.375 0.0
5.25 16.375 0.0
5.75 16.375 0.0
6.25 16.375 0.0
6.75 16.375 0.0
7.25 16.375 0.0
7.75 16.375 0.0
8.25 16.375 0.0
8.75 16.375 0.0
0.25 16.625 17722.6287206
0.75 16.625 10633.5772323
1.25 16.625 7089.05148822
1.75 16.625 7089.05148822
2.25 16.625 0.0
2.75 16.625 3544.52574411
3.25 16.625 3544.52574411
3.75 16.625 0.0
4.25 16.625 0.0
4.75 16.625 0.0
5.25 16.625 0.0
5.75 16.625 0.0
6.25 16.625 0.0
6.75 16.625 0.0
7.25 16.625 0.0
7.75 16.625 0.0
8.25 16.625 0.0
8.75 16.625 0.0
0.25 16.875 31900.731697
0.75 16.875 14178.1029764
1.25 16.875 10633.5772323
1.75 16.875 3544.52574411
2.25 16.875 3544.52574411
2.75 16.875 7089.05148822
3.25 16.875 0.0
3.75 16.875 0.0
4.25 16.875 0.0
4.75 16.875 0.0
5.25 16.875 0.0
5.75 16.875 0.0
6.25 16.875 0.0
6.75 16.875 0.0
7.25 16.875 0.0
7.75 16.875 0.0
8.25 16.875 0.0
8.75 16.875 0.0
0.25 17.125 7089.05148822
0.75 17.125 14178.1029764
1.25 17.125 14178.1029764
1.75 17.125 10633.5772323
2.25 17.125 0.0
2.75 17.125 3544.52574411
3.25 17.125 3544.52574411
3.75 17.125 0.0
4.25 17.125 3544.52574411
4.75 17.125 0.0
5.25 17.125 0.0
5.75 17.125 0.0
6.25 17.125 0.0
6.75 17.125 0.0
7.25 17.125 0.0
7.75 17.125 0.0
8.25 17.125 0.0
8.75 17.125 0.0
0.25 17.375 14178.1029764
0.75 17.375 10633.5772323
1.25 17.375 7089.05148822
1.75 17.375 0.0
2.25 17.375 7089.05148822
2.75 17.375 0.0
3.25 17.375 7089.05148822
3.75 17.375 0.0
4.25 17.375 0.0
4.75 17.375 0.0
5.25 17.375 0.0
5.75 17.375 0.0
6.25 17.375 0.0
6.75 17.375 0.0
7.25 17.375 0.0
7.75 17.375 0.0
8.25 17.375 0.0
8.75 17.375 0.0
0.25 17.625 10633.5772323
0.75 17.625 7089.05148822
1.25 17.625 3544.52574411
1.75 17.625 10633.5772323
2.25 17.625 3544.52574411
2.75 17.625 3544.52574411
3.25 17.625 0.0
3.75 17.625 7089.05148822
4.25 17.625 0.0
4.75 17.625 0.0
5.25 17.625 0.0
5.75 17.625 0.0
6.25 17.625 0.0
6.75 17.625 0.0
7.25 17.625 0.0
7.75 17.625 0.0
8.25 17.625 0.0
8.75 17.625 0.0
0.25 17.875 3544.52574411
0.75 17.875 3544.52574411
1.25 17.875 7089.05148822
1.75 17.875 17722.6287206
2.25 17.875 3544.52574411
2.75 17.875 0.0
3.25 17.875 3544.52574411
3.75 17.875 0.0
4.25 17.875 3544.52574411
4.75 17.875 0.0
5.25 17.875 0.0
5.75 17.875 0.0
6.25 17.875 0.0
6.75 17.875 0.0
7.25 17.875 0.0
7.75 17.875 0.0
8.25 17.875 0.0
8.75 17.875 0.0
0.25 18.125 7089.05148822
0.75 18.125 10633.5772323
1.25 18.125 7089.05148822
1.75 18.125 3544.52574411
2.25 18.125 7089.05148822
2.75 18.125 7089.05148822
3.25 18.125 7089.05148822
3.75 18.125 3544.52574411
4.25 18.125 3544.52574411
4.75 18.125 0.0
5.25 18.125 0.0
5.75 18.125 0.0
6.25 18.125 0.0
6.75 18.125 0.0
7.25 18.125 0.0
7.75 18.125 0.0
8.25 18.125 0.0
8.75 18.125 0.0
0.25 18.375 3544.52574411
0.75 18.375 0.0
1.25 18.375 3544.52574411
1.75 18.375 7089.05148822
2.25 18.375 3544.52574411
2.75 18.375 3544.52574411
3.25 18.375 3544.52574411
3.75 18.375 0.0
4.25 18.375 3544.52574411
4.75 18.375 0.0
5.25 18.375 0.0
5.75 18.375 0.0
6.25 18.375 0.0
6.75 18.375 0.0
7.25 18.375 0.0
7.75 18.375 0.0
8.25 18.375 0.0
8.75 18.375 0.0
0.25 18.625 3544.52574411
0.75 18.625 3544.52574411
1.25 18.625 3544.52574411
1.75 18.625 7089.05148822
2.25 18.625 3544.52574411
2.75 18.625 0.0
3.25 18.625 0.0
3.75 18.625 0.0
4.25 18.625 0.0
4.75 18.625 0.0
5.25 18.625 0.0
5.75 18.625 0.0
6.25 18.625 0.0
6.75 18.625 0.0
7.25 18.625 0.0
7.75 18.625 0.0
8.25 18.625 0.0
8.75 18.625 0.0
0.25 18.875 10633.5772323
0.75 18.875 3544.52574411
1.25 18.875 7089.05148822
1.75 18.875 3544.52574411
2.25 18.875 7089.05148822
2.75 18.875 0.0
3.25 18.875 0.0
3.75 18.875 0.0
4.25 18.875 0.0
4.75 18.875 0.0
5.25 18.875 0.0
5.75 18.875 0.0
6.25 18.875 0.0
6.75 18.875 0.0
7.25 18.875 0.0
7.75 18.875 0.0
8.25 18.875 0.0
8.75 18.875 0.0
0.25 19.125 10633.5772323
0.75 19.125 0.0
1.25 19.125 3544.52574411
1.75 19.125 0.0
2.25 19.125 0.0
2.75 19.125 10633.5772323
3.25 19.125 3544.52574411
3.75 19.125 3544.52574411
4.25 19.125 0.0
4.75 19.125 0.0
5.25 19.125 0.0
5.75 19.125 0.0
6.25 19.125 0.0
6.75 19.125 0.0
7.25 19.125 0.0
7.75 19.125 0.0
8.25 19.125 0.0
8.75 19.125 0.0
0.25 19.375 7089.05148822
0.75 19.375 7089.05148822
1.25 19.375 3544.52574411
1.75 19.375 3544.52574411
2.25 19.375 0.0
2.75 19.375 0.0
3.25 19.375 3544.52574411
3.75 19.375 0.0
4.25 19.375 0.0
4.75 19.375 0.0
5.25 19.375 0.0
5.75 19.375 0.0
6.25 19.375 0.0
6.75 19.375 0.0
7.25 19.375 0.0
7.75 19.375 0.0
8.25 19.375 0.0
8.75 19.375 0.0
0.25 19.625 0.0
0.75 19.625 0.0
1.25 19.625 3544.52574411
1.75 19.625 10633.5772323
2.25 19.625 0.0
2.75 19.625 0.0
3.25 19.625 3544.52574411
3.75 19.625 0.0
4.25 19.625 0.0
4.75 19.625 0.0
5.25 19.625 0.0
5.75 19.625 0.0
6.25 19.625 0.0
6.75 19.625 0.0
7.25 19.625 0.0
7.75 19.625 0.0
8.25 19.625 0.0
8.75 19.625 0.0
0.25 19.875 7089.05148822
0.75 19.875 3544.52574411
1.25 19.875 0.0
1.75 19.875 0.0
2.25 19.875 3544.52574411
2.75 19.875 0.0
3.25 19.875 0.0
3.75 19.875 0.0
4.25 19.875 0.0
4.75 19.875 0.0
5.25 19.875 0.0
5.75 19.875 0.0
6.25 19.875 0.0
6.75 19.875 0.0
7.25 19.875 0.0
7.75 19.875 0.0
8.25 19.875 0.0
8.75 19.875 0.0
0.25 20.125 10633.5772323
0.75 20.125 3544.52574411
1.25 20.125 3544.52574411
1.75 20.125 0.0
2.25 20.125 3544.52574411
2.75 20.125 3544.52574411
3.25 20.125 3544.52574411
3.75 20.125 0.0
4.25 20.125 0.0
4.75 20.125 0.0
5.25 20.125 0.0
5.75 20.125 0.0
6.25 20.125 0.0
6.75 20.125 0.0
7.25 20.125 0.0
7.75 20.125 0.0
8.25 20.125 0.0
8.75 20.125 0.0
0.25 20.375 7089.05148822
0.75 20.375 14178.1029764
1.25 20.375 3544.52574411
1.75 20.375 3544.52574411
2.25 20.375 3544.52574411
2.75 20.375 3544.52574411
3.25 20.375 0.0
3.75 20.375 0.0
4.25 20.375 0.0
4.75 20.375 0.0
5.25 20.375 0.0
5.75 20.375 0.0
6.25 20.375 0.0
6.75 20.375 0.0
7.25 20.375 0.0
7.75 20.375 0.0
8.25 20.375 0.0
8.75 20.375 0.0
0.25 20.625 0.0
0.75 20.625 0.0
1.25 20.625 7089.05148822
1.75 20.625 3544.52574411
2.25 20.625 0.0
2.75 20.625 0.0
3.25 20.625 0.0
3.75 20.625 0.0
4.25 20.625 0.0
4.75 20.625 0.0
5.25 20.625 0.0
5.75 20.625 0.0
6.25 20.625 0.0
6.75 20.625 0.0
7.25 20.625 0.0
7.75 20.625 0.0
8.25 20.625 0.0
8.75 20.625 0.0
0.25 20.875 0.0
0.75 20.875 0.0
1.25 20.875 0.0
1.75 20.875 7089.05148822
2.25 20.875 0.0
2.75 20.875 3544.52574411
3.25 20.875 0.0
3.75 20.875 0.0
4.25 20.875 0.0
4.75 20.875 0.0
5.25 20.875 0.0
5.75 20.875 0.0
6.25 20.875 0.0
6.75 20.875 0.0
7.25 20.875 0.0
7.75 20.875 0.0
8.25 20.875 0.0
8.75 20.875 0.0
0.25 21.125 3544.52574411
0.75 21.125 0.0
1.25 21.125 0.0
1.75 21.125 3544.52574411
2.25 21.125 0.0
2.75 21.125 0.0
3.25 21.125 0.0
3.75 21.125 0.0
4.25 21.125 0.0
4.75 21.125 0.0
5.25 21.125 0.0
5.75 21.125 0.0
6.25 21.125 0.0
6.75 21.125 0.0
7.25 21.125 0.0
7.75 21.125 0.0
8.25 21.125 0.0
8.75 21.125 0.0
0.25 21.375 0.0
0.75 21.375 10633.5772323
1.25 21.375 3544.52574411
1.75 21.375 0.0
2.25 21.375 0.0
2.75 21.375 0.0
3.25 21.375 0.0
3.75 21.375 0.0
4.25 21.375 0.0
4.75 21.375 0.0
5.25 21.375 0.0
5.75 21.375 0.0
6.25 21.375 0.0
6.75 21.375 0.0
7.25 21.375 0.0
7.75 21.375 0.0
8.25 21.375 0.0
8.75 21.375 0.0
0.25 21.625 3544.52574411
0.75 21.625 0.0
1.25 21.625 0.0
1.75 21.625 0.0
2.25 21.625 0.0
2.75 21.625 7089.05148822
3.25 21.625 7089.05148822
3.75 21.625 0.0
4.25 21.625 0.0
4.75 21.625 0.0
5.25 21.625 0.0
5.75 21.625 0.0
6.25 21.625 0.0
6.75 21.625 0.0
7.25 21.625 0.0
7.75 21.625 0.0
8.25 21.625 0.0
8.75 21.625 0.0
0.25 21.875 3544.52574411
0.75 21.875 3544.52574411
1.25 21.875 0.0
1.75 21.875 7089.05148822
2.25 21.875 0.0
2.75 21.875 0.0
3.25 21.875 0.0
3.75 21.875 0.0
4.25 21.875 0.0
4.75 21.875 0.0
5.25 21.875 0.0
5.75 21.875 0.0
6.25 21.875 0.0
6.75 21.875 0.0
7.25 21.875 0.0
7.75 21.875 0.0
8.25 21.875 0.0
8.75 21.875 0.0
0.25 22.125 0.0
0.75 22.125 3544.52574411
1.25 22.125 3544.52574411
1.75 22.125 0.0
2.25 22.125 0.0
2.75 22.125 0.0
3.25 22.125 0.0
3.75 22.125 0.0
4.25 22.125 0.0
4.75 22.125 0.0
5.25 22.125 0.0
5.75 22.125 0.0
6.25 22.125 0.0
6.75 22.125 0.0
7.25 22.125 0.0
7.75 22.125 0.0
8.25 22.125 0.0
8.75 22.125 0.0
0.25 22.375 0.0
0.75 22.375 0.0
1.25 22.375 3544.52574411
1.75 22.375 0.0
2.25 22.375 0.0
2.75 22.375 3544.52574411
3.25 22.375 0.0
3.75 22.375 0.0
4.25 22.375 0.0
4.75 22.375 3544.52574411
5.25 22.375 0.0
5.75 22.375 0.0
6.25 22.375 0.0
6.75 22.375 0.0
7.25 22.375 0.0
7.75 22.375 0.0
8.25 22.375 0.0
8.75 22.375 0.0
0.25 22.625 3544.52574411
0.75 22.625 3544.52574411
1.25 22.625 0.0
1.75 22.625 0.0
2.25 22.625 0.0
2.75 22.625 0.0
3.25 22.625 0.0
3.75 22.625 0.0
4.25 22.625 0.0
4.75 22.625 0.0
5.25 22.625 0.0
5.75 22.625 0.0
6.25 22.625 0.0
6.75 22.625 0.0
7.25 22.625 0.0
7.75 22.625 0.0
8.25 22.625 0.0
8.75 22.625 0.0
0.25 22.875 3544.52574411
0.75 22.875 0.0
1.25 22.875 3544.52574411
1.75 22.875 0.0
2.25 22.875 0.0
2.75 22.875 3544.52574411
3.25 22.875 0.0
3.75 22.875 3544.52574411
4.25 22.875 0.0
4.75 22.875 0.0
5.25 22.875 0.0
5.75 22.875 0.0
6.25 22.875 0.0
6.75 22.875 0.0
7.25 22.875 0.0
7.75 22.875 0.0
8.25 22.875 0.0
8.75 22.875 0.0
0.25 23.125 0.0
0.75 23.125 0.0
1.25 23.125 0.0
1.75 23.125 0.0
2.25 23.125 0.0
2.75 23.125 0.0
3.25 23.125 0.0
3.75 23.125 0.0
4.25 23.125 0.0
4.75 23.125 0.0
5.25 23.125 0.0
5.75 23.125 0.0
6.25 23.125 0.0
6.75 23.125 0.0
7.25 23.125 0.0
7.75 23.125 0.0
8.25 23.125 0.0
8.75 23.125 0.0
0.25 23.375 3544.52574411
0.75 23.375 0.0
1.25 23.375 0.0
1.75 23.375 3544.52574411
2.25 23.375 0.0
2.75 23.375 0.0
3.25 23.375 0.0
3.75 23.375 0.0
4.25 23.375 3544.52574411
4.75 23.375 0.0
5.25 23.375 0.0
5.75 23.375 0.0
6.25 23.375 0.0
6.75 23.375 0.0
7.25 23.375 0.0
7.75 23.375 0.0
8.25 23.375 0.0
8.75 23.375 0.0
0.25 23.625 0.0
0.75 23.625 0.0
1.25 23.625 0.0
1.75 23.625 0.0
2.25 23.625 3544.52574411
2.75 23.625 0.0
3.25 23.625 0.0
3.75 23.625 0.0
4.25 23.625 0.0
4.75 23.625 0.0
5.25 23.625 0.0
5.75 23.625 0.0
6.25 23.625 0.0
6.75 23.625 0.0
7.25 23.625 0.0
7.75 23.625 0.0
8.25 23.625 0.0
8.75 23.625 0.0
0.25 23.875 3544.52574411
0.75 23.875 0.0
1.25 23.875 0.0
1.75 23.875 3544.52574411
2.25 23.875 3544.52574411
2.75 23.875 0.0
3.25 23.875 0.0
3.75 23.875 0.0
4.25 23.875 3544.52574411
4.75 23.875 0.0
5.25 23.875 0.0
5.75 23.875 0.0
6.25 23.875 0.0
6.75 23.875 0.0
7.25 23.875 0.0
7.75 23.875 0.0
8.25 23.875 0.0
8.75 23.875 0.0
0.25 24.125 0.0
0.75 24.125 3544.52574411
1.25 24.125 0.0
1.75 24.125 7089.05148822
2.25 24.125 0.0
2.75 24.125 0.0
3.25 24.125 0.0
3.75 24.125 0.0
4.25 24.125 0.0
4.75 24.125 0.0
5.25 24.125 0.0
5.75 24.125 0.0
6.25 24.125 0.0
6.75 24.125 0.0
7.25 24.125 0.0
7.75 24.125 0.0
8.25 24.125 0.0
8.75 24.125 0.0
0.25 24.375 0.0
0.75 24.375 0.0
1.25 24.375 3544.52574411
1.75 24.375 0.0
2.25 24.375 3544.52574411
2.75 24.375 0.0
3.25 24.375 0.0
3.75 24.375 0.0
4.25 24.375 0.0
4.75 24.375 0.0
5.25 24.375 0.0
5.75 24.375 0.0
6.25 24.375 0.0
6.75 24.375 0.0
7.25 24.375 0.0
7.75 24.375 0.0
8.25 24.375 0.0
8.75 24.375 0.0
0.25 24.625 0.0
0.75 24.625 3544.52574411
1.25 24.625 0.0
1.75 24.625 0.0
2.25 24.625 0.0
2.75 24.625 3544.52574411
3.25 24.625 0.0
3.75 24.625 0.0
4.25 24.625 0.0
4.75 24.625 0.0
5.25 24.625 0.0
5.75 24.625 0.0
6.25 24.625 0.0
6.75 24.625 0.0
7.25 24.625 0.0
7.75 24.625 0.0
8.25 24.625 0.0
8.75 24.625 0.0
0.25 24.875 0.0
0.75 24.875 0.0
1.25 24.875 3544.52574411
1.75 24.875 0.0
2.25 24.875 0.0
2.75 24.875 0.0
3.25 24.875 0.0
3.75 24.875 0.0
4.25 24.875 0.0
4.75 24.875 0.0
5.25 24.875 0.0
5.75 24.875 0.0
6.25 24.875 0.0
6.75 24.875 0.0
7.25 24.875 0.0
7.75 24.875 0.0
8.25 24.875 0.0
8.75 24.875 0.0
0.25 25.125 3544.52574411
0.75 25.125 0.0
1.25 25.125 0.0
1.75 25.125 0.0
2.25 25.125 3544.52574411
2.75 25.125 0.0
3.25 25.125 0.0
3.75 25.125 0.0
4.25 25.125 0.0
4.75 25.125 0.0
5.25 25.125 0.0
5.75 25.125 0.0
6.25 25.125 0.0
6.75 25.125 0.0
7.25 25.125 0.0
7.75 25.125 0.0
8.25 25.125 0.0
8.75 25.125 0.0
0.25 25.375 0.0
0.75 25.375 0.0
1.25 25.375 0.0
1.75 25.375 0.0
2.25 25.375 0.0
2.75 25.375 0.0
3.25 25.375 3544.52574411
3.75 25.375 0.0
4.25 25.375 0.0
4.75 25.375 0.0
5.25 25.375 0.0
5.75 25.375 0.0
6.25 25.375 0.0
6.75 25.375 0.0
7.25 25.375 0.0
7.75 25.375 0.0
8.25 25.375 0.0
8.75 25.375 0.0
0.25 25.625 0.0
0.75 25.625 0.0
1.25 25.625 0.0
1.75 25.625 0.0
2.25 25.625 0.0
2.75 25.625 0.0
3.25 25.625 0.0
3.75 25.625 0.0
4.25 25.625 0.0
4.75 25.625 0.0
5.25 25.625 0.0
5.75 25.625 0.0
6.25 25.625 0.0
6.75 25.625 0.0
7.25 25.625 0.0
7.75 25.625 0.0
8.25 25.625 0.0
8.75 25.625 0.0
0.25 25.875 3544.52574411
0.75 25.875 3544.52574411
1.25 25.875 0.0
1.75 25.875 0.0
2.25 25.875 0.0
2.75 25.875 0.0
3.25 25.875 0.0
3.75 25.875 0.0
4.25 25.875 0.0
4.75 25.875 0.0
5.25 25.875 0.0
5.75 25.875 0.0
6.25 25.875 0.0
6.75 25.875 0.0
7.25 25.875 0.0
7.75 25.875 0.0
8.25 25.875 0.0
8.75 25.875 0.0
0.25 26.125 3544.52574411
0.75 26.125 0.0
1.25 26.125 0.0
1.75 26.125 0.0
2.25 26.125 0.0
2.75 26.125 0.0
3.25 26.125 0.0
3.75 26.125 0.0
4.25 26.125 0.0
4.75 26.125 0.0
5.25 26.125 0.0
5.75 26.125 0.0
6.25 26.125 0.0
6.75 26.125 0.0
7.25 26.125 0.0
7.75 26.125 0.0
8.25 26.125 0.0
8.75 26.125 0.0
0.25 26.375 0.0
0.75 26.375 0.0
1.25 26.375 3544.52574411
1.75 26.375 0.0
2.25 26.375 0.0
2.75 26.375 0.0
3.25 26.375 0.0
3.75 26.375 0.0
4.25 26.375 0.0
4.75 26.375 0.0
5.25 26.375 0.0
5.75 26.375 0.0
6.25 26.375 0.0
6.75 26.375 0.0
7.25 26.375 0.0
7.75 26.375 0.0
8.25 26.375 0.0
8.75 26.375 0.0
0.25 26.625 0.0
0.75 26.625 0.0
1.25 26.625 0.0
1.75 26.625 3544.52574411
2.25 26.625 0.0
2.75 26.625 0.0
3.25 26.625 0.0
3.75 26.625 0.0
4.25 26.625 0.0
4.75 26.625 0.0
5.25 26.625 0.0
5.75 26.625 0.0
6.25 26.625 0.0
6.75 26.625 0.0
7.25 26.625 0.0
7.75 26.625 0.0
8.25 26.625 0.0
8.75 26.625 0.0
0.25 26.875 0.0
0.75 26.875 0.0
1.25 26.875 0.0
1.75 26.875 0.0
2.25 26.875 3544.52574411
2.75 26.875 3544.52574411
3.25 26.875 0.0
3.75 26.875 0.0
4.25 26.875 0.0
4.75 26.875 0.0
5.25 26.875 0.0
5.75 26.875 0.0
6.25 26.875 0.0
6.75 26.875 0.0
7.25 26.875 0.0
7.75 26.875 0.0
8.25 26.875 0.0
8.75 26.875 0.0
0.25 27.125 0.0
0.75 27.125 0.0
1.25 27.125 0.0
1.75 27.125 0.0
2.25 27.125 3544.52574411
2.75 27.125 0.0
3.25 27.125 0.0
3.75 27.125 0.0
4.25 27.125 0.0
4.75 27.125 0.0
5.25 27.125 0.0
5.75 27.125 0.0
6.25 27.125 0.0
6.75 27.125 0.0
7.25 27.125 0.0
7.75 27.125 0.0
8.25 27.125 0.0
8.75 27.125 0.0
0.25 27.375 0.0
0.75 27.375 0.0
1.25 27.375 7089.05148822
1.75 27.375 0.0
2.25 27.375 3544.52574411
2.75 27.375 0.0
3.25 27.375 0.0
3.75 27.375 0.0
4.25 27.375 0.0
4.75 27.375 0.0
5.25 27.375 0.0
5.75 27.375 0.0
6.25 27.375 0.0
6.75 27.375 0.0
7.25 27.375 0.0
7.75 27.375 0.0
8.25 27.375 0.0
8.75 27.375 0.0
0.25 27.625 0.0
0.75 27.625 3544.52574411
1.25 27.625 0.0
1.75 27.625 0.0
2.25 27.625 3544.52574411
2.75 27.625 0.0
3.25 27.625 0.0
3.75 27.625 0.0
4.25 27.625 0.0
4.75 27.625 0.0
5.25 27.625 0.0
5.75 27.625 0.0
6.25 27.625 0.0
6.75 27.625 0.0
7.25 27.625 0.0
7.75 27.625 0.0
8.25 27.625 0.0
8.75 27.625 0.0
0.25 27.875 0.0
0.75 27.875 0.0
1.25 27.875 3544.52574411
1.75 27.875 0.0
2.25 27.875 0.0
2.75 27.875 0.0
3.25 27.875 0.0
3.75 27.875 0.0
4.25 27.875 0.0
4.75 27.875 0.0
5.25 27.875 0.0
5.75 27.875 0.0
6.25 27.875 0.0
6.75 27.875 0.0
7.25 27.875 0.0
7.75 27.875 0.0
8.25 27.875 0.0
8.75 27.875 0.0
0.25 28.125 0.0
0.75 28.125 0.0
1.25 28.125 0.0
1.75 28.125 0.0
2.25 28.125 0.0
2.75 28.125 0.0
3.25 28.125 0.0
3.75 28.125 3544.52574411
4.25 28.125 0.0
4.75 28.125 0.0
5.25 28.125 0.0
5.75 28.125 0.0
6.25 28.125 0.0
6.75 28.125 0.0
7.25 28.125 0.0
7.75 28.125 0.0
8.25 28.125 0.0
8.75 28.125 0.0
0.25 28.375 0.0
0.75 28.375 3544.52574411
1.25 28.375 0.0
1.75 28.375 0.0
2.25 28.375 3544.52574411
2.75 28.375 0.0
3.25 28.375 0.0
3.75 28.375 0.0
4.25 28.375 0.0
4.75 28.375 0.0
5.25 28.375 0.0
5.75 28.375 0.0
6.25 28.375 0.0
6.75 28.375 0.0
7.25 28.375 0.0
7.75 28.375 0.0
8.25 28.375 0.0
8.75 28.375 0.0
0.25 28.625 0.0
0.75 28.625 0.0
1.25 28.625 0.0
1.75 28.625 0.0
2.25 28.625 0.0
2.75 28.625 0.0
3.25 28.625 0.0
3.75 28.625 0.0
4.25 28.625 0.0
4.75 28.625 0.0
5.25 28.625 0.0
5.75 28.625 0.0
6.25 28.625 0.0
6.75 28.625 0.0
7.25 28.625 0.0
7.75 28.625 0.0
8.25 28.625 0.0
8.75 28.625 0.0
0.25 28.875 0.0
0.75 28.875 0.0
1.25 28.875 3544.52574411
1.75 28.875 0.0
2.25 28.875 0.0
2.75 28.875 0.0
3.25 28.875 0.0
3.75 28.875 0.0
4.25 28.875 0.0
4.75 28.875 0.0
5.25 28.875 0.0
5.75 28.875 0.0
6.25 28.875 0.0
6.75 28.875 0.0
7.25 28.875 0.0
7.75 28.875 0.0
8.25 28.875 0.0
8.75 28.875 0.0
0.25 29.125 0.0
0.75 29.125 0.0
1.25 29.125 0.0
1.75 29.125 0.0
2.25 29.125 0.0
2.75 29.125 0.0
3.25 29.125 0.0
3.75 29.125 0.0
4.25 29.125 0.0
4.75 29.125 0.0
5.25 29.125 0.0
5.75 29.125 0.0
6.25 29.125 0.0
6.75 29.125 0.0
7.25 29.125 0.0
7.75 29.125 0.0
8.25 29.125 0.0
8.75 29.125 0.0
0.25 29.375 0.0
0.75 29.375 0.0
1.25 29.375 0.0
1.75 29.375 0.0
2.25 29.375 0.0
2.75 29.375 0.0
3.25 29.375 3544.52574411
3.75 29.375 0.0
4.25 29.375 0.0
4.75 29.375 0.0
5.25 29.375 0.0
5.75 29.375 0.0
6.25 29.375 0.0
6.75 29.375 0.0
7.25 29.375 0.0
7.75 29.375 0.0
8.25 29.375 0.0
8.75 29.375 0.0
0.25 29.625 0.0
0.75 29.625 3544.52574411
1.25 29.625 0.0
1.75 29.625 0.0
2.25 29.625 0.0
2.75 29.625 0.0
3.25 29.625 0.0
3.75 29.625 3544.52574411
4.25 29.625 0.0
4.75 29.625 0.0
5.25 29.625 0.0
5.75 29.625 0.0
6.25 29.625 0.0
6.75 29.625 0.0
7.25 29.625 0.0
7.75 29.625 0.0
8.25 29.625 0.0
8.75 29.625 0.0
0.25 29.875 0.0
0.75 29.875 3544.52574411
1.25 29.875 0.0
1.75 29.875 0.0
2.25 29.875 0.0
2.75 29.875 3544.52574411
3.25 29.875 0.0
3.75 29.875 0.0
4.25 29.875 0.0
4.75 29.875 0.0
5.25 29.875 0.0
5.75 29.875 0.0
6.25 29.875 0.0
6.75 29.875 0.0
7.25 29.875 0.0
7.75 29.875 0.0
8.25 29.875 0.0
8.75 29.875 0.0
