11.294627058970837 66.07033270704267
14.219093021276404 1635.8357059385148
17.900777537149963 2358.7820676958663
22.535743732392298 2937.5245878906235
28.370820458389794 2210.3363902946776
35.71674682851676 5899.88607842228
44.96472020903849 8110.492816186164
56.60722890537329 23212.669462079666
71.26427896022373 34158.207417702375
89.71641173621407 38484.649317061674
112.94627058970838 58753.61219777631
142.1909302127641 86778.42646611473
179.00777537149963 127282.54252384364
225.35743732392305 160140.98832852737
283.7082045838981 217578.4383779799
357.1674682851676 272368.9906756963
449.6472020903849 320126.6744798523
566.0722890537327 352396.92026693
712.6427896022376 370848.0605157064
897.164117362141 328156.52135158726
1129.4627058970837 287578.28446676955
1421.9093021276408 209492.4626867124
1790.0777537149975 124909.66723560868
2253.5743732392316 62424.635032569524
2837.082045838981 26748.501573654357
3571.674682851676 8971.738804354798
4496.47202090385 2678.350921558216
5660.72289053733 579.846138691064
7126.427896022379 63.448521309997886
8971.64117362141 1.0584535175003111
