11.294627058970837 49.49574136398575
14.219093021276404 50.223319977103465
17.900777537149963 396.16887297423636
22.535743732392298 511.92124590378165
28.370820458389794 1748.6222765905316
35.71674682851676 2675.0190282977237
44.96472020903849 2997.0184581268995
56.60722890537329 5475.327888843887
71.26427896022373 6779.65303152838
89.71641173621407 9163.810906713974
112.94627058970838 13297.281519909633
142.1909302127641 16584.710187339333
179.00777537149963 22724.16995811325
225.35743732392305 24330.406030107348
283.7082045838981 23090.288408590422
357.1674682851676 22311.760426575565
449.6472020903849 20220.794196363422
566.0722890537327 18960.891691407684
712.6427896022376 18001.044825037097
897.164117362141 17598.70223022203
1129.4627058970837 12291.130133618717
1421.9093021276408 10335.177793372743
1790.0777537149975 7347.975512957928
2253.5743732392316 2984.56572799111
2837.082045838981 1284.893711190467
3571.674682851676 368.0084604047879
4496.47202090385 94.71864953154
5660.72289053733 9.95082391917822
7126.427896022379 0.7549030974041671
8971.64117362141 0.0
