0.25 0.125 5458569.64593
0.75 0.125 5859101.05502
1.25 0.125 5649974.03611
1.75 0.125 5628706.88165
2.25 0.125 5486925.85189
2.75 0.125 5054493.7111
3.25 0.125 5483381.32614
3.75 0.125 5423124.38849
4.25 0.125 5387679.13105
4.75 0.125 4894990.05262
5.25 0.125 4717763.76541
5.75 0.125 4012403.14233
6.25 0.125 3328309.67372
6.75 0.125 2835620.59529
7.25 0.125 2959678.99633
7.75 0.125 2888788.48145
8.25 0.125 3835176.85513
8.75 0.125 1045635.09451
0.25 0.375 14816117.6104
0.75 0.375 14603446.0657
1.25 0.375 14302161.3775
1.75 0.375 14132024.1418
2.25 0.375 14018599.318
2.75 0.375 14071767.2041
3.25 0.375 14128479.616
3.75 0.375 13784660.6189
4.25 0.375 13486920.4563
4.75 0.375 12806371.5135
5.25 0.375 11640222.5437
5.75 0.375 10261402.0292
6.25 0.375 8730166.90775
6.75 0.375 8155953.7372
7.25 0.375 7631363.92707
7.75 0.375 7932648.61532
8.25 0.375 10112531.948
8.75 0.375 2264951.95049
0.25 0.625 20267598.2048
0.75 0.625 19583504.7362
1.25 0.625 19817443.4353
1.75 0.625 18977390.834
2.25 0.625 18665472.5685
2.75 0.625 18247218.5307
3.25 0.625 18211773.2732
3.75 0.625 18002646.2543
4.25 0.625 17027901.6747
4.75 0.625 16485589.2359
5.25 0.625 15716427.1494
5.75 0.625 13547177.394
6.25 0.625 11991130.5923
6.75 0.625 10186966.9886
7.25 0.625 10793080.8908
7.75 0.625 10555597.666
8.25 0.625 14057589.1011
8.75 0.625 2169249.7554
0.25 0.875 22032772.0254
0.75 0.875 21774021.6461
1.25 0.875 21082839.126
1.75 0.875 21118284.3834
2.25 0.875 20143539.8038
2.75 0.875 20122272.6493
3.25 0.875 19895423.0017
3.75 0.875 19271586.4707
4.25 0.875 18069992.2435
4.75 0.875 16964100.2113
5.25 0.875 16811685.6043
5.75 0.875 14553822.7053
6.25 0.875 12076199.2102
6.75 0.875 10920683.8176
7.25 0.875 11452362.6792
7.75 0.875 11810359.7794
8.25 0.875 13483375.9306
8.75 0.875 971200.053887
0.25 1.125 21876812.8927
0.75 1.125 21143096.0636
1.25 1.125 20409379.2346
1.75 1.125 19913145.6304
2.25 1.125 19654395.2511
2.75 1.125 18970301.7825
3.25 1.125 18555592.2704
3.75 1.125 18027457.9346
4.25 1.125 16698260.7805
4.75 1.125 15641992.1088
5.25 1.125 14709781.8381
5.75 1.125 13029676.6354
6.25 1.125 11193612.2999
6.75 1.125 10155066.2569
7.25 1.125 10722190.3759
7.75 1.125 10463439.9966
8.25 1.125 10583953.8719
8.75 1.125 191404.390182
0.25 1.375 18679650.6715
0.75 1.375 18197595.1703
1.25 1.375 17889221.4305
1.75 1.375 17424888.5581
2.25 1.375 16925110.4281
2.75 1.375 16464322.0814
3.25 1.375 16088602.3525
3.75 1.375 15315895.7403
4.25 1.375 13568444.5485
4.75 1.375 12760292.6788
5.25 1.375 11806815.2536
5.75 1.375 10463439.9966
6.25 1.375 9056263.27621
6.75 1.375 8085063.22232
7.25 1.375 9020818.01877
7.75 1.375 8747889.53647
8.25 1.375 6525471.89491
8.75 1.375 3544.52574411
0.25 1.625 15287539.5344
0.75 1.625 15553378.9652
1.25 1.625 15439954.1414
1.75 1.625 14741682.5698
2.25 1.625 14323428.532
2.75 1.625 13756304.4129
3.25 1.625 13373495.6325
3.75 1.625 12334949.5895
4.25 1.625 11129810.8365
4.75 1.625 10254312.9777
5.25 1.625 9137787.36832
5.75 1.625 8088607.74806
6.25 1.625 6582184.30682
6.75 1.625 6004426.61053
7.25 1.625 7011071.92185
7.75 1.625 6181652.89773
8.25 1.625 3374388.50839
8.75 1.625 0.0
0.25 1.875 12611422.5976
0.75 1.875 12334949.5895
1.25 1.875 12125822.5706
1.75 1.875 11700479.4813
2.25 1.875 11182978.7227
2.75 1.875 11041197.6929
3.25 1.875 10498885.2541
3.75 1.875 9694277.91015
4.25 1.875 8521039.88885
4.75 1.875 7606552.24686
5.25 1.875 6681431.02765
5.75 1.875 5362867.45084
6.25 1.875 4845366.6922
6.75 1.875 4327865.93356
7.25 1.875 4476736.01481
7.75 1.875 3835176.85513
8.25 1.875 1400087.66892
8.75 1.875 0.0
0.25 2.125 9889226.82607
0.75 2.125 9680099.80717
1.25 2.125 9765168.42503
1.75 2.125 9396537.74764
2.25 2.125 8882581.51474
2.75 2.125 8591930.40373
3.25 2.125 7879480.72916
3.75 2.125 7716432.54493
4.25 2.125 6635352.19298
4.75 2.125 5618073.30442
5.25 2.125 4990692.24771
5.75 2.125 4303054.25335
6.25 2.125 3076648.34589
6.75 2.125 2895877.53294
7.25 2.125 2800175.33785
7.75 2.125 1992023.46819
8.25 2.125 563579.593314
8.75 2.125 0.0
0.25 2.375 7680987.28749
0.75 2.375 7766055.90535
1.25 2.375 7262733.24969
1.75 2.375 7432870.4854
2.25 2.375 7124496.74567
2.75 2.375 6362423.71068
3.25 2.375 6319889.40175
3.75 2.375 5777576.9629
4.25 2.375 4944613.41304
4.75 2.375 4264064.47017
5.25 2.375 3477179.75497
5.75 2.375 2768274.60615
6.25 2.375 2215328.59007
6.75 2.375 1818341.70673
7.25 2.375 1860876.01566
7.75 2.375 988922.682607
8.25 2.375 219760.596135
8.75 2.375 0.0
0.25 2.625 6178108.37199
0.75 2.625 6093039.75413
1.25 2.625 6029238.29073
1.75 2.625 5986703.98181
2.25 2.625 5642884.98463
2.75 2.625 5125384.22599
3.25 2.625 4887901.00113
3.75 2.625 4607883.46735
4.25 2.625 3665039.61941
4.75 2.625 2920689.21315
5.25 2.625 2406732.98025
5.75 2.625 2091270.18903
6.25 2.625 1541868.69869
6.75 2.625 1190960.65002
7.25 2.625 1003100.78558
7.75 2.625 556490.541826
8.25 2.625 99246.7208351
8.75 2.625 0.0
0.25 2.875 5153740.43194
0.75 2.875 4848911.21795
1.25 2.875 4473191.48907
1.75 2.875 4501547.69502
2.25 2.875 4430657.18014
2.75 2.875 4154184.1721
3.25 2.875 3704029.4026
3.75 2.875 3782008.96897
4.25 2.875 2789541.76062
4.75 2.875 2435089.1862
5.25 2.875 1736817.61461
5.75 2.875 1431988.40062
6.25 2.875 1102347.50642
6.75 2.875 861319.755819
7.25 2.875 613202.953731
7.75 2.875 269383.956553
8.25 2.875 14178.1029764
8.75 2.875 0.0
0.25 3.125 3891889.26703
0.75 3.125 3952146.20468
1.25 3.125 3831632.32939
1.75 3.125 3696940.35111
2.25 3.125 3392111.13712
2.75 3.125 3005757.83101
3.25 3.125 2704473.14276
3.75 3.125 2778908.18338
4.25 3.125 2286219.10495
4.75 3.125 1765173.82057
5.25 3.125 1414265.7719
5.75 3.125 1013734.36282
6.25 3.125 825874.498378
6.75 3.125 528134.335873
7.25 3.125 418254.037805
7.75 3.125 159503.658485
8.25 3.125 14178.1029764
8.75 3.125 0.0
0.25 3.375 3385022.08563
0.75 3.375 3151083.38652
1.25 3.375 3083737.39738
1.75 3.375 2938411.84187
2.25 3.375 2658394.30808
2.75 3.375 2527246.85555
3.25 3.375 2431544.66046
3.75 3.375 2201150.48709
4.25 3.375 1903410.32459
4.75 3.375 1336286.20553
5.25 3.375 1003100.78558
5.75 3.375 751439.457752
6.25 3.375 506867.181408
6.75 3.375 393442.357596
7.25 3.375 251661.327832
7.75 3.375 46078.8346735
8.25 3.375 0.0
8.75 3.375 0.0
0.25 3.625 2541424.95853
0.75 3.625 2413822.03174
1.25 3.625 2530791.3813
1.75 3.625 2353565.09409
2.25 3.625 2208239.53858
2.75 3.625 1903410.32459
3.25 3.625 1928222.0048
3.75 3.625 1552502.27592
4.25 3.625 1258306.63916
4.75 3.625 1006645.31133
5.25 3.625 723083.251799
5.75 3.625 577757.69629
6.25 3.625 368630.677388
6.75 3.625 280017.533785
7.25 3.625 113424.823812
7.75 3.625 38989.7831852
8.25 3.625 0.0
8.75 3.625 0.0
0.25 3.875 1970756.31373
0.75 3.875 1949489.15926
1.25 3.875 2031013.25138
1.75 3.875 1864420.5414
2.25 3.875 1814797.18099
2.75 3.875 1463889.13232
3.25 3.875 1520601.54422
3.75 3.875 1272484.74214
4.25 3.875 942843.847934
4.75 3.875 801062.818169
5.25 3.875 687637.994358
5.75 3.875 428887.615038
6.25 3.875 283562.059529
6.75 3.875 145325.555509
7.25 3.875 56712.4119058
7.75 3.875 17722.6287206
8.25 3.875 0.0
8.75 3.875 0.0
0.25 4.125 1676560.67696
0.75 4.125 1648204.47101
1.25 4.125 1573769.43039
1.75 4.125 1584403.00762
2.25 4.125 1392998.61744
2.75 4.125 1293751.8966
3.25 4.125 1127159.18663
3.75 4.125 1045635.09451
4.25 4.125 893220.487516
4.75 4.125 634470.108196
5.25 4.125 389897.831852
5.75 4.125 343818.997179
6.25 4.125 226849.647623
6.75 4.125 113424.823812
7.25 4.125 35445.2574411
7.75 4.125 3544.52574411
8.25 4.125 0.0
8.75 4.125 0.0
0.25 4.375 1361097.88574
0.75 4.375 1389454.09169
1.25 4.375 1318563.57681
1.75 4.375 1332741.67979
2.25 4.375 1159059.91832
2.75 4.375 1042090.56877
3.25 4.375 914487.641981
3.75 4.375 818785.44689
4.25 4.375 754983.983496
4.75 4.375 439521.19227
5.25 4.375 407620.460573
5.75 4.375 304829.213994
6.25 4.375 155959.132741
6.75 4.375 63801.463394
7.25 4.375 17722.6287206
7.75 4.375 7089.05148822
8.25 4.375 0.0
8.75 4.375 0.0
0.25 4.625 1155515.39258
0.75 4.625 1212227.80449
1.25 4.625 1059813.19749
1.75 4.625 1066902.24898
2.25 4.625 918032.167725
2.75 4.625 882586.910284
3.25 4.625 666370.839893
3.75 4.625 733716.829031
4.25 4.625 531678.861617
4.75 4.625 365086.151644
5.25 4.625 241027.7506
5.75 4.625 219760.596135
6.25 4.625 120513.8753
6.75 4.625 49623.3604176
7.25 4.625 7089.05148822
7.75 4.625 3544.52574411
8.25 4.625 0.0
8.75 4.625 0.0
0.25 4.875 797518.292425
0.75 4.875 861319.755819
1.25 4.875 964111.002398
1.75 4.875 808151.869658
2.25 4.875 801062.818169
2.75 4.875 556490.541826
3.25 4.875 645103.685428
3.75 4.875 567124.119058
4.25 4.875 474966.449711
4.75 4.875 319007.31697
5.25 4.875 262294.905064
5.75 4.875 134691.978276
6.25 4.875 99246.7208351
6.75 4.875 21267.1544647
7.25 4.875 3544.52574411
7.75 4.875 0.0
8.25 4.875 0.0
8.75 4.875 0.0
0.25 5.125 737261.354775
0.75 5.125 790429.240937
1.25 5.125 737261.354775
1.75 5.125 641559.159684
2.25 5.125 602569.376499
2.75 5.125 556490.541826
3.25 5.125 435976.666526
3.75 5.125 453699.295246
4.25 5.125 368630.677388
4.75 5.125 244572.276344
5.25 5.125 159503.658485
5.75 5.125 99246.7208351
6.25 5.125 63801.463394
6.75 5.125 24811.6802088
7.25 5.125 0.0
7.75 5.125 0.0
8.25 5.125 0.0
8.75 5.125 0.0
0.25 5.375 684093.468614
0.75 5.375 552946.016081
1.25 5.375 591935.799267
1.75 5.375 552946.016081
2.25 5.375 545856.964593
2.75 5.375 503322.655664
3.25 5.375 400531.409085
3.75 5.375 280017.533785
4.25 5.375 290651.111017
4.75 5.375 163048.184229
5.25 5.375 116969.349556
5.75 5.375 81524.0921146
6.25 5.375 49623.3604176
6.75 5.375 21267.1544647
7.25 5.375 0.0
7.75 5.375 0.0
8.25 5.375 0.0
8.75 5.375 0.0
0.25 5.625 503322.655664
0.75 5.625 492689.078432
1.25 5.625 496233.604176
1.75 5.625 503322.655664
2.25 5.625 379264.25462
2.75 5.625 340274.471435
3.25 5.625 301284.68825
3.75 5.625 251661.327832
4.25 5.625 241027.7506
4.75 5.625 152414.606997
5.25 5.625 116969.349556
5.75 5.625 60256.9376499
6.25 5.625 24811.6802088
6.75 5.625 10633.5772323
7.25 5.625 3544.52574411
7.75 5.625 0.0
8.25 5.625 0.0
8.75 5.625 0.0
0.25 5.875 393442.357596
0.75 5.875 350908.048667
1.25 5.875 400531.409085
1.75 5.875 361541.625899
2.25 5.875 421798.563549
2.75 5.875 311918.265482
3.25 5.875 290651.111017
3.75 5.875 191404.390182
4.25 5.875 138236.50402
4.75 5.875 102791.246579
5.25 5.875 81524.0921146
5.75 5.875 42534.3089293
6.25 5.875 24811.6802088
6.75 5.875 10633.5772323
7.25 5.875 0.0
7.75 5.875 0.0
8.25 5.875 0.0
8.75 5.875 0.0
0.25 6.125 333185.419947
0.75 6.125 361541.625899
1.25 6.125 343818.997179
1.75 6.125 354452.574411
2.25 6.125 276473.008041
2.75 6.125 241027.7506
3.25 6.125 216216.070391
3.75 6.125 180770.81295
4.25 6.125 170137.235717
4.75 6.125 106335.772323
5.25 6.125 60256.9376499
5.75 6.125 28356.2059529
6.25 6.125 21267.1544647
6.75 6.125 7089.05148822
7.25 6.125 0.0
7.75 6.125 0.0
8.25 6.125 0.0
8.75 6.125 0.0
0.25 6.375 251661.327832
0.75 6.375 336729.945691
1.25 6.375 244572.276344
1.75 6.375 297740.162505
2.25 6.375 230394.173367
2.75 6.375 173681.761461
3.25 6.375 127602.926788
3.75 6.375 166592.709973
4.25 6.375 99246.7208351
4.75 6.375 95702.195091
5.25 6.375 35445.2574411
5.75 6.375 28356.2059529
6.25 6.375 3544.52574411
6.75 6.375 3544.52574411
7.25 6.375 0.0
7.75 6.375 0.0
8.25 6.375 0.0
8.75 6.375 0.0
0.25 6.625 258750.37932
0.75 6.625 233938.699111
1.25 6.625 198493.44167
1.75 6.625 223305.121879
2.25 6.625 219760.596135
2.75 6.625 212671.544647
3.25 6.625 148870.081253
3.75 6.625 109880.298067
4.25 6.625 113424.823812
4.75 6.625 81524.0921146
5.25 6.625 42534.3089293
5.75 6.625 35445.2574411
6.25 6.625 17722.6287206
6.75 6.625 3544.52574411
7.25 6.625 0.0
7.75 6.625 0.0
8.25 6.625 0.0
8.75 6.625 0.0
0.25 6.875 251661.327832
0.75 6.875 198493.44167
1.25 6.875 255205.853576
1.75 6.875 180770.81295
2.25 6.875 155959.132741
2.75 6.875 131147.452532
3.25 6.875 138236.50402
3.75 6.875 124058.401044
4.25 6.875 92157.6693469
4.75 6.875 56712.4119058
5.25 6.875 17722.6287206
5.75 6.875 7089.05148822
6.25 6.875 3544.52574411
6.75 6.875 0.0
7.25 6.875 0.0
7.75 6.875 0.0
8.25 6.875 0.0
8.75 6.875 0.0
0.25 7.125 187859.864438
0.75 7.125 148870.081253
1.25 7.125 145325.555509
1.75 7.125 194948.915926
2.25 7.125 131147.452532
2.75 7.125 148870.081253
3.25 7.125 124058.401044
3.75 7.125 67345.9891381
4.25 7.125 49623.3604176
4.75 7.125 21267.1544647
5.25 7.125 42534.3089293
5.75 7.125 21267.1544647
6.25 7.125 3544.52574411
6.75 7.125 0.0
7.25 7.125 0.0
7.75 7.125 0.0
8.25 7.125 0.0
8.75 7.125 0.0
0.25 7.375 145325.555509
0.75 7.375 134691.978276
1.25 7.375 141781.029764
1.75 7.375 131147.452532
2.25 7.375 138236.50402
2.75 7.375 95702.195091
3.25 7.375 74435.0406264
3.75 7.375 88613.1436028
4.25 7.375 42534.3089293
4.75 7.375 38989.7831852
5.25 7.375 14178.1029764
5.75 7.375 10633.5772323
6.25 7.375 0.0
6.75 7.375 0.0
7.25 7.375 0.0
7.75 7.375 0.0
8.25 7.375 0.0
8.75 7.375 0.0
0.25 7.625 102791.246579
0.75 7.625 138236.50402
1.25 7.625 102791.246579
1.75 7.625 120513.8753
2.25 7.625 88613.1436028
2.75 7.625 102791.246579
3.25 7.625 74435.0406264
3.75 7.625 56712.4119058
4.25 7.625 46078.8346735
4.75 7.625 24811.6802088
5.25 7.625 3544.52574411
5.75 7.625 3544.52574411
6.25 7.625 10633.5772323
6.75 7.625 0.0
7.25 7.625 0.0
7.75 7.625 0.0
8.25 7.625 0.0
8.75 7.625 0.0
0.25 7.875 113424.823812
0.75 7.875 109880.298067
1.25 7.875 113424.823812
1.75 7.875 99246.7208351
2.25 7.875 99246.7208351
2.75 7.875 60256.9376499
3.25 7.875 56712.4119058
3.75 7.875 53167.8861617
4.25 7.875 10633.5772323
4.75 7.875 53167.8861617
5.25 7.875 14178.1029764
5.75 7.875 7089.05148822
6.25 7.875 7089.05148822
6.75 7.875 3544.52574411
7.25 7.875 0.0
7.75 7.875 0.0
8.25 7.875 0.0
8.75 7.875 0.0
0.25 8.125 99246.7208351
0.75 8.125 95702.195091
1.25 8.125 81524.0921146
1.75 8.125 49623.3604176
2.25 8.125 70890.5148822
2.75 8.125 53167.8861617
3.25 8.125 49623.3604176
3.75 8.125 28356.2059529
4.25 8.125 31900.731697
4.75 8.125 28356.2059529
5.25 8.125 10633.5772323
5.75 8.125 3544.52574411
6.25 8.125 0.0
6.75 8.125 0.0
7.25 8.125 0.0
7.75 8.125 0.0
8.25 8.125 0.0
8.75 8.125 0.0
0.25 8.375 81524.0921146
0.75 8.375 99246.7208351
1.25 8.375 77979.5663705
1.75 8.375 95702.195091
2.25 8.375 70890.5148822
2.75 8.375 74435.0406264
3.25 8.375 28356.2059529
3.75 8.375 28356.2059529
4.25 8.375 46078.8346735
4.75 8.375 17722.6287206
5.25 8.375 10633.5772323
5.75 8.375 7089.05148822
6.25 8.375 0.0
6.75 8.375 0.0
7.25 8.375 0.0
7.75 8.375 0.0
8.25 8.375 0.0
8.75 8.375 0.0
0.25 8.625 67345.9891381
0.75 8.625 70890.5148822
1.25 8.625 70890.5148822
1.75 8.625 95702.195091
2.25 8.625 49623.3604176
2.75 8.625 31900.731697
3.25 8.625 42534.3089293
3.75 8.625 31900.731697
4.25 8.625 17722.6287206
4.75 8.625 24811.6802088
5.25 8.625 3544.52574411
5.75 8.625 3544.52574411
6.25 8.625 0.0
6.75 8.625 0.0
7.25 8.625 0.0
7.75 8.625 0.0
8.25 8.625 0.0
8.75 8.625 0.0
0.25 8.875 56712.4119058
0.75 8.875 63801.463394
1.25 8.875 67345.9891381
1.75 8.875 56712.4119058
2.25 8.875 42534.3089293
2.75 8.875 49623.3604176
3.25 8.875 28356.2059529
3.75 8.875 35445.2574411
4.25 8.875 28356.2059529
4.75 8.875 17722.6287206
5.25 8.875 10633.5772323
5.75 8.875 3544.52574411
6.25 8.875 0.0
6.75 8.875 0.0
7.25 8.875 0.0
7.75 8.875 0.0
8.25 8.875 0.0
8.75 8.875 0.0
0.25 9.125 42534.3089293
0.75 9.125 46078.8346735
1.25 9.125 56712.4119058
1.75 9.125 46078.8346735
2.25 9.125 28356.2059529
2.75 9.125 28356.2059529
3.25 9.125 31900.731697
3.75 9.125 17722.6287206
4.25 9.125 10633.5772323
4.75 9.125 7089.05148822
5.25 9.125 10633.5772323
5.75 9.125 0.0
6.25 9.125 0.0
6.75 9.125 0.0
7.25 9.125 0.0
7.75 9.125 0.0
8.25 9.125 0.0
8.75 9.125 0.0
0.25 9.375 46078.8346735
0.75 9.375 35445.2574411
1.25 9.375 60256.9376499
1.75 9.375 31900.731697
2.25 9.375 31900.731697
2.75 9.375 24811.6802088
3.25 9.375 28356.2059529
3.75 9.375 10633.5772323
4.25 9.375 7089.05148822
4.75 9.375 10633.5772323
5.25 9.375 7089.05148822
5.75 9.375 3544.52574411
6.25 9.375 0.0
6.75 9.375 0.0
7.25 9.375 0.0
7.75 9.375 0.0
8.25 9.375 0.0
8.75 9.375 0.0
0.25 9.625 56712.4119058
0.75 9.625 17722.6287206
1.25 9.625 42534.3089293
1.75 9.625 31900.731697
2.25 9.625 46078.8346735
2.75 9.625 38989.7831852
3.25 9.625 28356.2059529
3.75 9.625 14178.1029764
4.25 9.625 3544.52574411
4.75 9.625 3544.52574411
5.25 9.625 7089.05148822
5.75 9.625 0.0
6.25 9.625 0.0
6.75 9.625 0.0
7.25 9.625 0.0
7.75 9.625 0.0
8.25 9.625 0.0
8.75 9.625 0.0
0.25 9.875 31900.731697
0.75 9.875 28356.2059529
1.25 9.875 24811.6802088
1.75 9.875 17722.6287206
2.25 9.875 31900.731697
2.75 9.875 38989.7831852
3.25 9.875 14178.1029764
3.75 9.875 14178.1029764
4.25 9.875 7089.05148822
4.75 9.875 3544.52574411
5.25 9.875 0.0
5.75 9.875 3544.52574411
6.25 9.875 0.0
6.75 9.875 0.0
7.25 9.875 0.0
7.75 9.875 0.0
8.25 9.875 0.0
8.75 9.875 0.0
0.25 10.125 28356.2059529
0.75 10.125 24811.6802088
1.25 10.125 21267.1544647
1.75 10.125 42534.3089293
2.25 10.125 17722.6287206
2.75 10.125 14178.1029764
3.25 10.125 7089.05148822
3.75 10.125 10633.5772323
4.25 10.125 17722.6287206
4.75 10.125 3544.52574411
5.25 10.125 3544.52574411
5.75 10.125 0.0
6.25 10.125 3544.52574411
6.75 10.125 0.0
7.25 10.125 0.0
7.75 10.125 0.0
8.25 10.125 0.0
8.75 10.125 0.0
0.25 10.375 31900.731697
0.75 10.375 28356.2059529
1.25 10.375 21267.1544647
1.75 10.375 24811.6802088
2.25 10.375 14178.1029764
2.75 10.375 17722.6287206
3.25 10.375 17722.6287206
3.75 10.375 10633.5772323
4.25 10.375 3544.52574411
4.75 10.375 10633.5772323
5.25 10.375 0.0
5.75 10.375 0.0
6.25 10.375 0.0
6.75 10.375 0.0
7.25 10.375 0.0
7.75 10.375 0.0
8.25 10.375 0.0
8.75 10.375 0.0
0.25 10.625 17722.6287206
0.75 10.625 24811.6802088
1.25 10.625 7089.05148822
1.75 10.625 7089.05148822
2.25 10.625 14178.1029764
2.75 10.625 3544.52574411
3.25 10.625 3544.52574411
3.75 10.625 14178.1029764
4.25 10.625 3544.52574411
4.75 10.625 3544.52574411
5.25 10.625 3544.52574411
5.75 10.625 7089.05148822
6.25 10.625 0.0
6.75 10.625 0.0
7.25 10.625 0.0
7.75 10.625 0.0
8.25 10.625 0.0
8.75 10.625 0.0
0.25 10.875 24811.6802088
0.75 10.875 14178.1029764
1.25 10.875 24811.6802088
1.75 10.875 21267.1544647
2.25 10.875 17722.6287206
2.75 10.875 17722.6287206
3.25 10.875 3544.52574411
3.75 10.875 3544.52574411
4.25 10.875 3544.52574411
4.75 10.875 0.0
5.25 10.875 3544.52574411
5.75 10.875 0.0
6.25 10.875 0.0
6.75 10.875 0.0
7.25 10.875 0.0
7.75 10.875 0.0
8.25 10.875 0.0
8.75 10.875 0.0
0.25 11.125 28356.2059529
0.75 11.125 17722.6287206
1.25 11.125 14178.1029764
1.75 11.125 17722.6287206
2.25 11.125 21267.1544647
2.75 11.125 7089.05148822
3.25 11.125 3544.52574411
3.75 11.125 3544.52574411
4.25 11.125 0.0
4.75 11.125 3544.52574411
5.25 11.125 0.0
5.75 11.125 0.0
6.25 11.125 0.0
6.75 11.125 0.0
7.25 11.125 0.0
7.75 11.125 0.0
8.25 11.125 0.0
8.75 11.125 0.0
0.25 11.375 14178.1029764
0.75 11.375 10633.5772323
1.25 11.375 7089.05148822
1.75 11.375 21267.1544647
2.25 11.375 10633.5772323
2.75 11.375 0.0
3.25 11.375 7089.05148822
3.75 11.375 7089.05148822
4.25 11.375 3544.52574411
4.75 11.375 7089.05148822
5.25 11.375 0.0
5.75 11.375 0.0
6.25 11.375 0.0
6.75 11.375 0.0
7.25 11.375 0.0
7.75 11.375 0.0
8.25 11.375 0.0
8.75 11.375 0.0
0.25 11.625 24811.6802088
0.75 11.625 14178.1029764
1.25 11.625 24811.6802088
1.75 11.625 14178.1029764
2.25 11.625 14178.1029764
2.75 11.625 17722.6287206
3.25 11.625 10633.5772323
3.75 11.625 7089.05148822
4.25 11.625 3544.52574411
4.75 11.625 3544.52574411
5.25 11.625 0.0
5.75 11.625 0.0
6.25 11.625 0.0
6.75 11.625 0.0
7.25 11.625 0.0
7.75 11.625 0.0
8.25 11.625 0.0
8.75 11.625 0.0
0.25 11.875 14178.1029764
0.75 11.875 10633.5772323
1.25 11.875 10633.5772323
1.75 11.875 7089.05148822
2.25 11.875 3544.52574411
2.75 11.875 7089.05148822
3.25 11.875 3544.52574411
3.75 11.875 0.0
4.25 11.875 7089.05148822
4.75 11.875 0.0
5.25 11.875 0.0
5.75 11.875 3544.52574411
6.25 11.875 0.0
6.75 11.875 0.0
7.25 11.875 0.0
7.75 11.875 0.0
8.25 11.875 0.0
8.75 11.875 0.0
0.25 12.125 14178.1029764
0.75 12.125 7089.05148822
1.25 12.125 14178.1029764
1.75 12.125 14178.1029764
2.25 12.125 17722.6287206
2.75 12.125 7089.05148822
3.25 12.125 0.0
3.75 12.125 7089.05148822
4.25 12.125 3544.52574411
4.75 12.125 0.0
5.25 12.125 0.0
5.75 12.125 0.0
6.25 12.125 0.0
6.75 12.125 0.0
7.25 12.125 0.0
7.75 12.125 0.0
8.25 12.125 0.0
8.75 12.125 0.0
0.25 12.375 7089.05148822
0.75 12.375 10633.5772323
1.25 12.375 24811.6802088
1.75 12.375 3544.52574411
2.25 12.375 7089.05148822
2.75 12.375 0.0
3.25 12.375 10633.5772323
3.75 12.375 7089.05148822
4.25 12.375 3544.52574411
4.75 12.375 0.0
5.25 12.375 0.0
5.75 12.375 0.0
6.25 12.375 0.0
6.75 12.375 0.0
7.25 12.375 0.0
7.75 12.375 0.0
8.25 12.375 0.0
8.75 12.375 0.0
0.25 12.625 3544.52574411
0.75 12.625 10633.5772323
1.25 12.625 0.0
1.75 12.625 24811.6802088
2.25 12.625 10633.5772323
2.75 12.625 3544.52574411
3.25 12.625 0.0
3.75 12.625 0.0
4.25 12.625 3544.52574411
4.75 12.625 0.0
5.25 12.625 0.0
5.75 12.625 0.0
6.25 12.625 0.0
6.75 12.625 0.0
7.25 12.625 0.0
7.75 12.625 0.0
8.25 12.625 0.0
8.75 12.625 0.0
0.25 12.875 7089.05148822
0.75 12.875 7089.05148822
1.25 12.875 3544.52574411
1.75 12.875 7089.05148822
2.25 12.875 3544.52574411
2.75 12.875 3544.52574411
3.25 12.875 7089.05148822
3.75 12.875 3544.52574411
4.25 12.875 0.0
4.75 12.875 3544.52574411
5.25 12.875 0.0
5.75 12.875 0.0
6.25 12.875 0.0
6.75 12.875 0.0
7.25 12.875 0.0
7.75 12.875 0.0
8.25 12.875 0.0
8.75 12.875 0.0
0.25 13.125 7089.05148822
0.75 13.125 10633.5772323
1.25 13.125 3544.52574411
1.75 13.125 3544.52574411
2.25 13.125 3544.52574411
2.75 13.125 3544.52574411
3.25 13.125 3544.52574411
3.75 13.125 7089.05148822
4.25 13.125 0.0
4.75 13.125 0.0
5.25 13.125 0.0
5.75 13.125 0.0
6.25 13.125 0.0
6.75 13.125 0.0
7.25 13.125 0.0
7.75 13.125 0.0
8.25 13.125 0.0
8.75 13.125 0.0
0.25 13.375 3544.52574411
0.75 13.375 3544.52574411
1.25 13.375 3544.52574411
1.75 13.375 7089.05148822
2.25 13.375 3544.52574411
2.75 13.375 3544.52574411
3.25 13.375 3544.52574411
3.75 13.375 3544.52574411
4.25 13.375 0.0
4.75 13.375 0.0
5.25 13.375 3544.52574411
5.75 13.375 0.0
6.25 13.375 0.0
6.75 13.375 0.0
7.25 13.375 0.0
7.75 13.375 0.0
8.25 13.375 0.0
8.75 13.375 0.0
0.25 13.625 3544.52574411
0.75 13.625 10633.5772323
1.25 13.625 14178.1029764
1.75 13.625 0.0
2.25 13.625 3544.52574411
2.75 13.625 10633.5772323
3.25 13.625 10633.5772323
3.75 13.625 0.0
4.25 13.625 0.0
4.75 13.625 0.0
5.25 13.625 0.0
5.75 13.625 0.0
6.25 13.625 0.0
6.75 13.625 0.0
7.25 13.625 0.0
7.75 13.625 0.0
8.25 13.625 0.0
8.75 13.625 0.0
0.25 13.875 10633.5772323
0.75 13.875 7089.05148822
1.25 13.875 10633.5772323
1.75 13.875 3544.52574411
2.25 13.875 0.0
2.75 13.875 7089.05148822
3.25 13.875 3544.52574411
3.75 13.875 3544.52574411
4.25 13.875 0.0
4.75 13.875 0.0
5.25 13.875 0.0
5.75 13.875 0.0
6.25 13.875 0.0
6.75 13.875 0.0
7.25 13.875 0.0
7.75 13.875 0.0
8.25 13.875 0.0
8.75 13.875 0.0
0.25 14.125 10633.5772323
0.75 14.125 7089.05148822
1.25 14.125 0.0
1.75 14.125 7089.05148822
2.25 14.125 7089.05148822
2.75 14.125 0.0
3.25 14.125 0.0
3.75 14.125 3544.52574411
4.25 14.125 0.0
4.75 14.125 0.0
5.25 14.125 0.0
5.75 14.125 0.0
6.25 14.125 0.0
6.75 14.125 0.0
7.25 14.125 0.0
7.75 14.125 0.0
8.25 14.125 0.0
8.75 14.125 0.0
0.25 14.375 3544.52574411
0.75 14.375 3544.52574411
1.25 14.375 3544.52574411
1.75 14.375 0.0
2.25 14.375 3544.52574411
2.75 14.375 3544.52574411
3.25 14.375 3544.52574411
3.75 14.375 0.0
4.25 14.375 0.0
4.75 14.375 0.0
5.25 14.375 0.0
5.75 14.375 0.0
6.25 14.375 0.0
6.75 14.375 0.0
7.25 14.375 0.0
7.75 14.375 0.0
8.25 14.375 0.0
8.75 14.375 0.0
0.25 14.625 3544.52574411
0.75 14.625 3544.52574411
1.25 14.625 0.0
1.75 14.625 3544.52574411
2.25 14.625 10633.5772323
2.75 14.625 3544.52574411
3.25 14.625 0.0
3.75 14.625 0.0
4.25 14.625 0.0
4.75 14.625 0.0
5.25 14.625 0.0
5.75 14.625 0.0
6.25 14.625 0.0
6.75 14.625 0.0
7.25 14.625 0.0
7.75 14.625 0.0
8.25 14.625 0.0
8.75 14.625 0.0
0.25 14.875 7089.05148822
0.75 14.875 3544.52574411
1.25 14.875 0.0
1.75 14.875 0.0
2.25 14.875 0.0
2.75 14.875 0.0
3.25 14.875 3544.52574411
3.75 14.875 3544.52574411
4.25 14.875 0.0
4.75 14.875 0.0
5.25 14.875 0.0
5.75 14.875 0.0
6.25 14.875 0.0
6.75 14.875 0.0
7.25 14.875 0.0
7.75 14.875 0.0
8.25 14.875 0.0
8.75 14.875 0.0
0.25 15.125 0.0
0.75 15.125 3544.52574411
1.25 15.125 0.0
1.75 15.125 7089.05148822
2.25 15.125 3544.52574411
2.75 15.125 0.0
3.25 15.125 0.0
3.75 15.125 0.0
4.25 15.125 0.0
4.75 15.125 0.0
5.25 15.125 0.0
5.75 15.125 0.0
6.25 15.125 0.0
6.75 15.125 0.0
7.25 15.125 0.0
7.75 15.125 0.0
8.25 15.125 0.0
8.75 15.125 0.0
0.25 15.375 0.0
0.75 15.375 3544.52574411
1.25 15.375 3544.52574411
1.75 15.375 0.0
2.25 15.375 3544.52574411
2.75 15.375 3544.52574411
3.25 15.375 0.0
3.75 15.375 0.0
4.25 15.375 0.0
4.75 15.375 0.0
5.25 15.375 0.0
5.75 15.375 0.0
6.25 15.375 0.0
6.75 15.375 0.0
7.25 15.375 0.0
7.75 15.375 0.0
8.25 15.375 0.0
8.75 15.375 0.0
0.25 15.625 0.0
0.75 15.625 0.0
1.25 15.625 0.0
1.75 15.625 3544.52574411
2.25 15.625 3544.52574411
2.75 15.625 0.0
3.25 15.625 0.0
3.75 15.625 0.0
4.25 15.625 3544.52574411
4.75 15.625 0.0
5.25 15.625 0.0
5.75 15.625 0.0
6.25 15.625 0.0
6.75 15.625 0.0
7.25 15.625 0.0
7.75 15.625 0.0
8.25 15.625 0.0
8.75 15.625 0.0
0.25 15.875 7089.05148822
0.75 15.875 7089.05148822
1.25 15.875 7089.05148822
1.75 15.875 0.0
2.25 15.875 0.0
2.75 15.875 0.0
3.25 15.875 0.0
3.75 15.875 0.0
4.25 15.875 0.0
4.75 15.875 0.0
5.25 15.875 0.0
5.75 15.875 0.0
6.25 15.875 0.0
6.75 15.875 0.0
7.25 15.875 0.0
7.75 15.875 0.0
8.25 15.875 0.0
8.75 15.875 0.0
0.25 16.125 0.0
0.75 16.125 7089.05148822
1.25 16.125 0.0
1.75 16.125 0.0
2.25 16.125 7089.05148822
2.75 16.125 0.0
3.25 16.125 3544.52574411
3.75 16.125 0.0
4.25 16.125 0.0
4.75 16.125 0.0
5.25 16.125 0.0
5.75 16.125 0.0
6.25 16.125 0.0
6.75 16.125 0.0
7.25 16.125 0.0
7.75 16.125 0.0
8.25 16.125 0.0
8.75 16.125 0.0
0.25 16.375 3544.52574411
0.75 16.375 0.0
1.25 16.375 0.0
1.75 16.375 3544.52574411
2.25 16.375 3544.52574411
2.75 16.375 0.0
3.25 16.375 0.0
3.75 16.375 0.0
4.25 16.375 3544.52574411
4.75 16.375 0.0
5.25 16.375 0.0
5.75 16.375 0.0
6.25 16.375 0.0
6.75 16.375 0.0
7.25 16.375 0.0
7.75 16.375 0.0
8.25 16.375 0.0
8.75 16.375 0.0
0.25 16.625 0.0
0.75 16.625 3544.52574411
1.25 16.625 3544.52574411
1.75 16.625 3544.52574411
2.25 16.625 0.0
2.75 16.625 0.0
3.25 16.625 0.0
3.75 16.625 0.0
4.25 16.625 3544.52574411
4.75 16.625 0.0
5.25 16.625 0.0
5.75 16.625 0.0
6.25 16.625 0.0
6.75 16.625 0.0
7.25 16.625 0.0
7.75 16.625 0.0
8.25 16.625 0.0
8.75 16.625 0.0
0.25 16.875 0.0
0.75 16.875 0.0
1.25 16.875 0.0
1.75 16.875 0.0
2.25 16.875 0.0
2.75 16.875 0.0
3.25 16.875 0.0
3.75 16.875 0.0
4.25 16.875 0.0
4.75 16.875 0.0
5.25 16.875 0.0
5.75 16.875 0.0
6.25 16.875 0.0
6.75 16.875 0.0
7.25 16.875 0.0
7.75 16.875 0.0
8.25 16.875 0.0
8.75 16.875 0.0
0.25 17.125 0.0
0.75 17.125 0.0
1.25 17.125 0.0
1.75 17.125 0.0
2.25 17.125 0.0
2.75 17.125 0.0
3.25 17.125 0.0
3.75 17.125 0.0
4.25 17.125 0.0
4.75 17.125 0.0
5.25 17.125 0.0
5.75 17.125 0.0
6.25 17.125 0.0
6.75 17.125 0.0
7.25 17.125 0.0
7.75 17.125 0.0
8.25 17.125 0.0
8.75 17.125 0.0
0.25 17.375 0.0
0.75 17.375 3544.52574411
1.25 17.375 0.0
1.75 17.375 0.0
2.25 17.375 0.0
2.75 17.375 3544.52574411
3.25 17.375 0.0
3.75 17.375 0.0
4.25 17.375 0.0
4.75 17.375 0.0
5.25 17.375 0.0
5.75 17.375 0.0
6.25 17.375 0.0
6.75 17.375 0.0
7.25 17.375 0.0
7.75 17.375 0.0
8.25 17.375 0.0
8.75 17.375 0.0
0.25 17.625 0.0
0.75 17.625 0.0
1.25 17.625 3544.52574411
1.75 17.625 3544.52574411
2.25 17.625 0.0
2.75 17.625 3544.52574411
3.25 17.625 0.0
3.75 17.625 0.0
4.25 17.625 0.0
4.75 17.625 0.0
5.25 17.625 0.0
5.75 17.625 0.0
6.25 17.625 0.0
6.75 17.625 0.0
7.25 17.625 0.0
7.75 17.625 0.0
8.25 17.625 0.0
8.75 17.625 0.0
0.25 17.875 0.0
0.75 17.875 0.0
1.25 17.875 3544.52574411
1.75 17.875 3544.52574411
2.25 17.875 0.0
2.75 17.875 0.0
3.25 17.875 0.0
3.75 17.875 0.0
4.25 17.875 0.0
4.75 17.875 0.0
5.25 17.875 0.0
5.75 17.875 0.0
6.25 17.875 0.0
6.75 17.875 0.0
7.25 17.875 0.0
7.75 17.875 0.0
8.25 17.875 0.0
8.75 17.875 0.0
0.25 18.125 0.0
0.75 18.125 3544.52574411
1.25 18.125 3544.52574411
1.75 18.125 0.0
2.25 18.125 0.0
2.75 18.125 0.0
3.25 18.125 0.0
3.75 18.125 3544.52574411
4.25 18.125 0.0
4.75 18.125 0.0
5.25 18.125 0.0
5.75 18.125 0.0
6.25 18.125 0.0
6.75 18.125 0.0
7.25 18.125 0.0
7.75 18.125 0.0
8.25 18.125 0.0
8.75 18.125 0.0
0.25 18.375 3544.52574411
0.75 18.375 0.0
1.25 18.375 0.0
1.75 18.375 0.0
2.25 18.375 0.0
2.75 18.375 0.0
3.25 18.375 3544.52574411
3.75 18.375 0.0
4.25 18.375 0.0
4.75 18.375 0.0
5.25 18.375 0.0
5.75 18.375 0.0
6.25 18.375 0.0
6.75 18.375 0.0
7.25 18.375 0.0
7.75 18.375 0.0
8.25 18.375 0.0
8.75 18.375 0.0
0.25 18.625 7089.05148822
0.75 18.625 3544.52574411
1.25 18.625 0.0
1.75 18.625 0.0
2.25 18.625 0.0
2.75 18.625 0.0
3.25 18.625 0.0
3.75 18.625 0.0
4.25 18.625 0.0
4.75 18.625 0.0
5.25 18.625 0.0
5.75 18.625 0.0
6.25 18.625 0.0
6.75 18.625 0.0
7.25 18.625 0.0
7.75 18.625 0.0
8.25 18.625 0.0
8.75 18.625 0.0
0.25 18.875 0.0
0.75 18.875 0.0
1.25 18.875 0.0
1.75 18.875 3544.52574411
2.25 18.875 7089.05148822
2.75 18.875 3544.52574411
3.25 18.875 0.0
3.75 18.875 0.0
4.25 18.875 0.0
4.75 18.875 0.0
5.25 18.875 0.0
5.75 18.875 0.0
6.25 18.875 0.0
6.75 18.875 0.0
7.25 18.875 0.0
7.75 18.875 0.0
8.25 18.875 0.0
8.75 18.875 0.0
0.25 19.125 0.0
0.75 19.125 0.0
1.25 19.125 0.0
1.75 19.125 0.0
2.25 19.125 0.0
2.75 19.125 0.0
3.25 19.125 0.0
3.75 19.125 0.0
4.25 19.125 0.0
4.75 19.125 0.0
5.25 19.125 0.0
5.75 19.125 0.0
6.25 19.125 0.0
6.75 19.125 0.0
7.25 19.125 0.0
7.75 19.125 0.0
8.25 19.125 0.0
8.75 19.125 0.0
0.25 19.375 3544.52574411
0.75 19.375 3544.52574411
1.25 19.375 3544.52574411
1.75 19.375 0.0
2.25 19.375 0.0
2.75 19.375 0.0
3.25 19.375 0.0
3.75 19.375 0.0
4.25 19.375 0.0
4.75 19.375 0.0
5.25 19.375 0.0
5.75 19.375 0.0
6.25 19.375 0.0
6.75 19.375 0.0
7.25 19.375 0.0
7.75 19.375 0.0
8.25 19.375 0.0
8.75 19.375 0.0
0.25 19.625 0.0
0.75 19.625 0.0
1.25 19.625 0.0
1.75 19.625 3544.52574411
2.25 19.625 3544.52574411
2.75 19.625 0.0
3.25 19.625 0.0
3.75 19.625 0.0
4.25 19.625 0.0
4.75 19.625 0.0
5.25 19.625 0.0
5.75 19.625 0.0
6.25 19.625 0.0
6.75 19.625 0.0
7.25 19.625 0.0
7.75 19.625 0.0
8.25 19.625 0.0
8.75 19.625 0.0
0.25 19.875 0.0
0.75 19.875 0.0
1.25 19.875 0.0
1.75 19.875 0.0
2.25 19.875 0.0
2.75 19.875 0.0
3.25 19.875 0.0
3.75 19.875 0.0
4.25 19.875 0.0
4.75 19.875 0.0
5.25 19.875 0.0
5.75 19.875 0.0
6.25 19.875 0.0
6.75 19.875 0.0
7.25 19.875 0.0
7.75 19.875 0.0
8.25 19.875 0.0
8.75 19.875 0.0
0.25 20.125 0.0
0.75 20.125 0.0
1.25 20.125 0.0
1.75 20.125 0.0
2.25 20.125 0.0
2.75 20.125 0.0
3.25 20.125 0.0
3.75 20.125 0.0
4.25 20.125 0.0
4.75 20.125 0.0
5.25 20.125 0.0
5.75 20.125 0.0
6.25 20.125 0.0
6.75 20.125 0.0
7.25 20.125 0.0
7.75 20.125 0.0
8.25 20.125 0.0
8.75 20.125 0.0
0.25 20.375 3544.52574411
0.75 20.375 3544.52574411
1.25 20.375 0.0
1.75 20.375 0.0
2.25 20.375 3544.52574411
2.75 20.375 0.0
3.25 20.375 0.0
3.75 20.375 0.0
4.25 20.375 0.0
4.75 20.375 0.0
5.25 20.375 0.0
5.75 20.375 0.0
6.25 20.375 0.0
6.75 20.375 0.0
7.25 20.375 0.0
7.75 20.375 0.0
8.25 20.375 0.0
8.75 20.375 0.0
0.25 20.625 0.0
0.75 20.625 0.0
1.25 20.625 0.0
1.75 20.625 0.0
2.25 20.625 0.0
2.75 20.625 0.0
3.25 20.625 0.0
3.75 20.625 0.0
4.25 20.625 0.0
4.75 20.625 0.0
5.25 20.625 0.0
5.75 20.625 0.0
6.25 20.625 0.0
6.75 20.625 0.0
7.25 20.625 0.0
7.75 20.625 0.0
8.25 20.625 0.0
8.75 20.625 0.0
0.25 20.875 0.0
0.75 20.875 0.0
1.25 20.875 0.0
1.75 20.875 0.0
2.25 20.875 0.0
2.75 20.875 0.0
3.25 20.875 0.0
3.75 20.875 0.0
4.25 20.875 0.0
4.75 20.875 0.0
5.25 20.875 0.0
5.75 20.875 0.0
6.25 20.875 0.0
6.75 20.875 0.0
7.25 20.875 0.0
7.75 20.875 0.0
8.25 20.875 0.0
8.75 20.875 0.0
0.25 21.125 0.0
0.75 21.125 0.0
1.25 21.125 0.0
1.75 21.125 0.0
2.25 21.125 0.0
2.75 21.125 0.0
3.25 21.125 0.0
3.75 21.125 0.0
4.25 21.125 0.0
4.75 21.125 0.0
5.25 21.125 0.0
5.75 21.125 0.0
6.25 21.125 0.0
6.75 21.125 0.0
7.25 21.125 0.0
7.75 21.125 0.0
8.25 21.125 0.0
8.75 21.125 0.0
0.25 21.375 3544.52574411
0.75 21.375 0.0
1.25 21.375 0.0
1.75 21.375 0.0
2.25 21.375 0.0
2.75 21.375 0.0
3.25 21.375 0.0
3.75 21.375 0.0
4.25 21.375 0.0
4.75 21.375 0.0
5.25 21.375 0.0
5.75 21.375 0.0
6.25 21.375 0.0
6.75 21.375 0.0
7.25 21.375 0.0
7.75 21.375 0.0
8.25 21.375 0.0
8.75 21.375 0.0
0.25 21.625 0.0
0.75 21.625 3544.52574411
1.25 21.625 0.0
1.75 21.625 0.0
2.25 21.625 0.0
2.75 21.625 0.0
3.25 21.625 0.0
3.75 21.625 3544.52574411
4.25 21.625 0.0
4.75 21.625 0.0
5.25 21.625 0.0
5.75 21.625 0.0
6.25 21.625 0.0
6.75 21.625 0.0
7.25 21.625 0.0
7.75 21.625 0.0
8.25 21.625 0.0
8.75 21.625 0.0
0.25 21.875 0.0
0.75 21.875 0.0
1.25 21.875 0.0
1.75 21.875 0.0
2.25 21.875 0.0
2.75 21.875 0.0
3.25 21.875 0.0
3.75 21.875 0.0
4.25 21.875 3544.52574411
4.75 21.875 0.0
5.25 21.875 0.0
5.75 21.875 0.0
6.25 21.875 0.0
6.75 21.875 0.0
7.25 21.875 0.0
7.75 21.875 0.0
8.25 21.875 0.0
8.75 21.875 0.0
0.25 22.125 0.0
0.75 22.125 0.0
1.25 22.125 0.0
1.75 22.125 7089.05148822
2.25 22.125 0.0
2.75 22.125 0.0
3.25 22.125 0.0
3.75 22.125 0.0
4.25 22.125 0.0
4.75 22.125 0.0
5.25 22.125 0.0
5.75 22.125 0.0
6.25 22.125 0.0
6.75 22.125 0.0
7.25 22.125 0.0
7.75 22.125 0.0
8.25 22.125 0.0
8.75 22.125 0.0
0.25 22.375 0.0
0.75 22.375 0.0
1.25 22.375 0.0
1.75 22.375 3544.52574411
2.25 22.375 0.0
2.75 22.375 0.0
3.25 22.375 0.0
3.75 22.375 0.0
4.25 22.375 0.0
4.75 22.375 0.0
5.25 22.375 0.0
5.75 22.375 0.0
6.25 22.375 0.0
6.75 22.375 0.0
7.25 22.375 0.0
7.75 22.375 0.0
8.25 22.375 0.0
8.75 22.375 0.0
0.25 22.625 0.0
0.75 22.625 0.0
1.25 22.625 0.0
1.75 22.625 0.0
2.25 22.625 0.0
2.75 22.625 0.0
3.25 22.625 0.0
3.75 22.625 0.0
4.25 22.625 0.0
4.75 22.625 0.0
5.25 22.625 0.0
5.75 22.625 0.0
6.25 22.625 0.0
6.75 22.625 0.0
7.25 22.625 0.0
7.75 22.625 0.0
8.25 22.625 0.0
8.75 22.625 0.0
0.25 22.875 0.0
0.75 22.875 0.0
1.25 22.875 0.0
1.75 22.875 0.0
2.25 22.875 0.0
2.75 22.875 3544.52574411
3.25 22.875 0.0
3.75 22.875 0.0
4.25 22.875 0.0
4.75 22.875 0.0
5.25 22.875 0.0
5.75 22.875 0.0
6.25 22.875 0.0
6.75 22.875 0.0
7.25 22.875 0.0
7.75 22.875 0.0
8.25 22.875 0.0
8.75 22.875 0.0
0.25 23.125 0.0
0.75 23.125 0.0
1.25 23.125 0.0
1.75 23.125 0.0
2.25 23.125 0.0
2.75 23.125 0.0
3.25 23.125 0.0
3.75 23.125 0.0
4.25 23.125 0.0
4.75 23.125 0.0
5.25 23.125 0.0
5.75 23.125 0.0
6.25 23.125 0.0
6.75 23.125 0.0
7.25 23.125 0.0
7.75 23.125 0.0
8.25 23.125 0.0
8.75 23.125 0.0
0.25 23.375 3544.52574411
0.75 23.375 0.0
1.25 23.375 3544.52574411
1.75 23.375 0.0
2.25 23.375 0.0
2.75 23.375 0.0
3.25 23.375 0.0
3.75 23.375 0.0
4.25 23.375 0.0
4.75 23.375 0.0
5.25 23.375 0.0
5.75 23.375 0.0
6.25 23.375 0.0
6.75 23.375 0.0
7.25 23.375 0.0
7.75 23.375 0.0
8.25 23.375 0.0
8.75 23.375 0.0
0.25 23.625 0.0
0.75 23.625 0.0
1.25 23.625 0.0
1.75 23.625 0.0
2.25 23.625 0.0
2.75 23.625 0.0
3.25 23.625 0.0
3.75 23.625 0.0
4.25 23.625 0.0
4.75 23.625 0.0
5.25 23.625 0.0
5.75 23.625 0.0
6.25 23.625 0.0
6.75 23.625 0.0
7.25 23.625 0.0
7.75 23.625 0.0
8.25 23.625 0.0
8.75 23.625 0.0
0.25 23.875 0.0
0.75 23.875 3544.52574411
1.25 23.875 0.0
1.75 23.875 0.0
2.25 23.875 0.0
2.75 23.875 0.0
3.25 23.875 0.0
3.75 23.875 0.0
4.25 23.875 0.0
4.75 23.875 0.0
5.25 23.875 0.0
5.75 23.875 0.0
6.25 23.875 0.0
6.75 23.875 0.0
7.25 23.875 0.0
7.75 23.875 0.0
8.25 23.875 0.0
8.75 23.875 0.0
0.25 24.125 0.0
0.75 24.125 0.0
1.25 24.125 0.0
1.75 24.125 0.0
2.25 24.125 0.0
2.75 24.125 0.0
3.25 24.125 0.0
3.75 24.125 0.0
4.25 24.125 0.0
4.75 24.125 0.0
5.25 24.125 0.0
5.75 24.125 0.0
6.25 24.125 0.0
6.75 24.125 0.0
7.25 24.125 0.0
7.75 24.125 0.0
8.25 24.125 0.0
8.75 24.125 0.0
0.25 24.375 3544.52574411
0.75 24.375 0.0
1.25 24.375 0.0
1.75 24.375 0.0
2.25 24.375 0.0
2.75 24.375 0.0
3.25 24.375 0.0
3.75 24.375 0.0
4.25 24.375 0.0
4.75 24.375 0.0
5.25 24.375 0.0
5.75 24.375 0.0
6.25 24.375 0.0
6.75 24.375 0.0
7.25 24.375 0.0
7.75 24.375 0.0
8.25 24.375 0.0
8.75 24.375 0.0
0.25 24.625 0.0
0.75 24.625 0.0
1.25 24.625 0.0
1.75 24.625 0.0
2.25 24.625 0.0
2.75 24.625 0.0
3.25 24.625 0.0
3.75 24.625 0.0
4.25 24.625 0.0
4.75 24.625 0.0
5.25 24.625 0.0
5.75 24.625 0.0
6.25 24.625 0.0
6.75 24.625 0.0
7.25 24.625 0.0
7.75 24.625 0.0
8.25 24.625 0.0
8.75 24.625 0.0
0.25 24.875 0.0
0.75 24.875 0.0
1.25 24.875 0.0
1.75 24.875 0.0
2.25 24.875 0.0
2.75 24.875 0.0
3.25 24.875 0.0
3.75 24.875 0.0
4.25 24.875 0.0
4.75 24.875 0.0
5.25 24.875 0.0
5.75 24.875 0.0
6.25 24.875 0.0
6.75 24.875 0.0
7.25 24.875 0.0
7.75 24.875 0.0
8.25 24.875 0.0
8.75 24.875 0.0
0.25 25.125 0.0
0.75 25.125 0.0
1.25 25.125 0.0
1.75 25.125 0.0
2.25 25.125 0.0
2.75 25.125 0.0
3.25 25.125 0.0
3.75 25.125 0.0
4.25 25.125 0.0
4.75 25.125 0.0
5.25 25.125 0.0
5.75 25.125 0.0
6.25 25.125 0.0
6.75 25.125 0.0
7.25 25.125 0.0
7.75 25.125 0.0
8.25 25.125 0.0
8.75 25.125 0.0
0.25 25.375 0.0
0.75 25.375 0.0
1.25 25.375 3544.52574411
1.75 25.375 0.0
2.25 25.375 0.0
2.75 25.375 0.0
3.25 25.375 0.0
3.75 25.375 0.0
4.25 25.375 0.0
4.75 25.375 0.0
5.25 25.375 0.0
5.75 25.375 0.0
6.25 25.375 0.0
6.75 25.375 0.0
7.25 25.375 0.0
7.75 25.375 0.0
8.25 25.375 0.0
8.75 25.375 0.0
0.25 25.625 0.0
0.75 25.625 3544.52574411
1.25 25.625 0.0
1.75 25.625 0.0
2.25 25.625 0.0
2.75 25.625 0.0
3.25 25.625 0.0
3.75 25.625 0.0
4.25 25.625 0.0
4.75 25.625 0.0
5.25 25.625 0.0
5.75 25.625 0.0
6.25 25.625 0.0
6.75 25.625 0.0
7.25 25.625 0.0
7.75 25.625 0.0
8.25 25.625 0.0
8.75 25.625 0.0
0.25 25.875 0.0
0.75 25.875 0.0
1.25 25.875 0.0
1.75 25.875 0.0
2.25 25.875 0.0
2.75 25.875 0.0
3.25 25.875 0.0
3.75 25.875 0.0
4.25 25.875 0.0
4.75 25.875 0.0
5.25 25.875 0.0
5.75 25.875 0.0
6.25 25.875 0.0
6.75 25.875 0.0
7.25 25.875 0.0
7.75 25.875 0.0
8.25 25.875 0.0
8.75 25.875 0.0
0.25 26.125 0.0
0.75 26.125 0.0
1.25 26.125 0.0
1.75 26.125 0.0
2.25 26.125 0.0
2.75 26.125 0.0
3.25 26.125 0.0
3.75 26.125 0.0
4.25 26.125 0.0
4.75 26.125 0.0
5.25 26.125 0.0
5.75 26.125 0.0
6.25 26.125 0.0
6.75 26.125 0.0
7.25 26.125 0.0
7.75 26.125 0.0
8.25 26.125 0.0
8.75 26.125 0.0
0.25 26.375 0.0
0.75 26.375 0.0
1.25 26.375 0.0
1.75 26.375 0.0
2.25 26.375 0.0
2.75 26.375 0.0
3.25 26.375 0.0
3.75 26.375 0.0
4.25 26.375 0.0
4.75 26.375 0.0
5.25 26.375 0.0
5.75 26.375 0.0
6.25 26.375 0.0
6.75 26.375 0.0
7.25 26.375 0.0
7.75 26.375 0.0
8.25 26.375 0.0
8.75 26.375 0.0
0.25 26.625 0.0
0.75 26.625 0.0
1.25 26.625 0.0
1.75 26.625 0.0
2.25 26.625 0.0
2.75 26.625 0.0
3.25 26.625 0.0
3.75 26.625 0.0
4.25 26.625 0.0
4.75 26.625 0.0
5.25 26.625 0.0
5.75 26.625 0.0
6.25 26.625 0.0
6.75 26.625 0.0
7.25 26.625 0.0
7.75 26.625 0.0
8.25 26.625 0.0
8.75 26.625 0.0
0.25 26.875 0.0
0.75 26.875 0.0
1.25 26.875 0.0
1.75 26.875 0.0
2.25 26.875 0.0
2.75 26.875 0.0
3.25 26.875 0.0
3.75 26.875 0.0
4.25 26.875 0.0
4.75 26.875 0.0
5.25 26.875 0.0
5.75 26.875 0.0
6.25 26.875 0.0
6.75 26.875 0.0
7.25 26.875 0.0
7.75 26.875 0.0
8.25 26.875 0.0
8.75 26.875 0.0
0.25 27.125 0.0
0.75 27.125 0.0
1.25 27.125 0.0
1.75 27.125 0.0
2.25 27.125 0.0
2.75 27.125 0.0
3.25 27.125 0.0
3.75 27.125 0.0
4.25 27.125 0.0
4.75 27.125 0.0
5.25 27.125 0.0
5.75 27.125 0.0
6.25 27.125 0.0
6.75 27.125 0.0
7.25 27.125 0.0
7.75 27.125 0.0
8.25 27.125 0.0
8.75 27.125 0.0
0.25 27.375 0.0
0.75 27.375 0.0
1.25 27.375 0.0
1.75 27.375 0.0
2.25 27.375 0.0
2.75 27.375 0.0
3.25 27.375 0.0
3.75 27.375 0.0
4.25 27.375 0.0
4.75 27.375 0.0
5.25 27.375 0.0
5.75 27.375 0.0
6.25 27.375 0.0
6.75 27.375 0.0
7.25 27.375 0.0
7.75 27.375 0.0
8.25 27.375 0.0
8.75 27.375 0.0
0.25 27.625 0.0
0.75 27.625 0.0
1.25 27.625 0.0
1.75 27.625 0.0
2.25 27.625 0.0
2.75 27.625 0.0
3.25 27.625 0.0
3.75 27.625 0.0
4.25 27.625 0.0
4.75 27.625 0.0
5.25 27.625 0.0
5.75 27.625 0.0
6.25 27.625 0.0
6.75 27.625 0.0
7.25 27.625 0.0
7.75 27.625 0.0
8.25 27.625 0.0
8.75 27.625 0.0
0.25 27.875 0.0
0.75 27.875 0.0
1.25 27.875 0.0
1.75 27.875 0.0
2.25 27.875 0.0
2.75 27.875 0.0
3.25 27.875 0.0
3.75 27.875 0.0
4.25 27.875 0.0
4.75 27.875 0.0
5.25 27.875 0.0
5.75 27.875 0.0
6.25 27.875 0.0
6.75 27.875 0.0
7.25 27.875 0.0
7.75 27.875 0.0
8.25 27.875 0.0
8.75 27.875 0.0
0.25 28.125 0.0
0.75 28.125 0.0
1.25 28.125 0.0
1.75 28.125 0.0
2.25 28.125 0.0
2.75 28.125 0.0
3.25 28.125 0.0
3.75 28.125 0.0
4.25 28.125 0.0
4.75 28.125 0.0
5.25 28.125 0.0
5.75 28.125 0.0
6.25 28.125 0.0
6.75 28.125 0.0
7.25 28.125 0.0
7.75 28.125 0.0
8.25 28.125 0.0
8.75 28.125 0.0
0.25 28.375 0.0
0.75 28.375 0.0
1.25 28.375 0.0
1.75 28.375 0.0
2.25 28.375 0.0
2.75 28.375 0.0
3.25 28.375 0.0
3.75 28.375 0.0
4.25 28.375 0.0
4.75 28.375 0.0
5.25 28.375 0.0
5.75 28.375 0.0
6.25 28.375 0.0
6.75 28.375 0.0
7.25 28.375 0.0
7.75 28.375 0.0
8.25 28.375 0.0
8.75 28.375 0.0
0.25 28.625 0.0
0.75 28.625 0.0
1.25 28.625 0.0
1.75 28.625 0.0
2.25 28.625 0.0
2.75 28.625 0.0
3.25 28.625 0.0
3.75 28.625 0.0
4.25 28.625 0.0
4.75 28.625 0.0
5.25 28.625 0.0
5.75 28.625 0.0
6.25 28.625 0.0
6.75 28.625 0.0
7.25 28.625 0.0
7.75 28.625 0.0
8.25 28.625 0.0
8.75 28.625 0.0
0.25 28.875 0.0
0.75 28.875 0.0
1.25 28.875 0.0
1.75 28.875 0.0
2.25 28.875 0.0
2.75 28.875 0.0
3.25 28.875 0.0
3.75 28.875 0.0
4.25 28.875 0.0
4.75 28.875 0.0
5.25 28.875 0.0
5.75 28.875 0.0
6.25 28.875 0.0
6.75 28.875 0.0
7.25 28.875 0.0
7.75 28.875 0.0
8.25 28.875 0.0
8.75 28.875 0.0
0.25 29.125 0.0
0.75 29.125 0.0
1.25 29.125 0.0
1.75 29.125 0.0
2.25 29.125 0.0
2.75 29.125 0.0
3.25 29.125 0.0
3.75 29.125 0.0
4.25 29.125 0.0
4.75 29.125 0.0
5.25 29.125 0.0
5.75 29.125 0.0
6.25 29.125 0.0
6.75 29.125 0.0
7.25 29.125 0.0
7.75 29.125 0.0
8.25 29.125 0.0
8.75 29.125 0.0
0.25 29.375 0.0
0.75 29.375 0.0
1.25 29.375 0.0
1.75 29.375 0.0
2.25 29.375 0.0
2.75 29.375 0.0
3.25 29.375 0.0
3.75 29.375 0.0
4.25 29.375 0.0
4.75 29.375 0.0
5.25 29.375 0.0
5.75 29.375 0.0
6.25 29.375 0.0
6.75 29.375 0.0
7.25 29.375 0.0
7.75 29.375 0.0
8.25 29.375 0.0
8.75 29.375 0.0
0.25 29.625 0.0
0.75 29.625 0.0
1.25 29.625 0.0
1.75 29.625 0.0
2.25 29.625 0.0
2.75 29.625 0.0
3.25 29.625 0.0
3.75 29.625 0.0
4.25 29.625 0.0
4.75 29.625 0.0
5.25 29.625 0.0
5.75 29.625 0.0
6.25 29.625 0.0
6.75 29.625 0.0
7.25 29.625 0.0
7.75 29.625 0.0
8.25 29.625 0.0
8.75 29.625 0.0
0.25 29.875 0.0
0.75 29.875 0.0
1.25 29.875 0.0
1.75 29.875 0.0
2.25 29.875 0.0
2.75 29.875 0.0
3.25 29.875 0.0
3.75 29.875 0.0
4.25 29.875 0.0
4.75 29.875 0.0
5.25 29.875 0.0
5.75 29.875 0.0
6.25 29.875 0.0
6.75 29.875 0.0
7.25 29.875 0.0
7.75 29.875 0.0
8.25 29.875 0.0
8.75 29.875 0.0
