11.294627058970837 21.257301647913486
14.219093021276404 48.395651169298866
17.900777537149963 124.2561277430804
22.535743732392298 407.50921966329054
28.370820458389794 1566.6380467003278
35.71674682851676 1452.3885050620688
44.96472020903849 3130.4483999556896
56.60722890537329 4209.885725873109
71.26427896022373 5286.680493176784
89.71641173621407 7286.429418642128
112.94627058970838 11013.504195654681
142.1909302127641 17328.055531735838
179.00777537149963 17445.993900278314
225.35743732392305 17978.43263568054
283.7082045838981 18400.94846571976
357.1674682851676 15932.599019546265
449.6472020903849 12485.118031203194
566.0722890537327 13159.780501136527
712.6427896022376 12821.9072089142
897.164117362141 11755.017131361179
1129.4627058970837 9188.867504822643
1421.9093021276408 6055.02892199537
1790.0777537149975 3163.0132056573348
2253.5743732392316 1114.9242782616348
2837.082045838981 372.89206041942816
3571.674682851676 75.60044794809073
4496.47202090385 12.507668148813536
5660.72289053733 0.5146943200670648
7126.427896022379 0.0
8971.64117362141 0.0
