0.25 0.125 28738942.3252
0.75 0.125 14653312.5683
1.25 0.125 12453541.6743
1.75 0.125 10856933.7673
2.25 0.125 10821453.5916
2.75 0.125 10821453.5916
3.25 0.125 10785973.4159
3.75 0.125 10040889.726
4.25 0.125 10502132.0102
4.75 0.125 8018519.71049
5.25 0.125 7770158.48052
5.75 0.125 6421911.80354
6.25 0.125 5180105.65368
6.75 0.125 3831858.9767
7.25 0.125 2838414.05681
7.75 0.125 993444.919884
8.25 0.125 106440.52713
8.75 0.125 0.0
0.25 0.375 60209858.1801
0.75 0.375 41121523.6481
1.25 0.375 30867752.8678
1.75 0.375 28135779.3381
2.25 0.375 27710017.2296
2.75 0.375 25652167.0384
3.25 0.375 27035893.8911
3.75 0.375 23984598.7801
4.25 0.375 24339400.5372
4.75 0.375 22955673.6845
5.25 0.375 18910933.6535
5.75 0.375 16037039.421
6.25 0.375 12843823.6071
6.75 0.375 8373321.46759
7.25 0.375 7202475.66916
7.75 0.375 2448132.124
8.25 0.375 248361.229971
8.75 0.375 0.0
0.25 0.625 76885540.7639
0.75 0.625 56377999.2034
1.25 0.625 45662986.139
1.75 0.625 42327849.6222
2.25 0.625 37750906.9556
2.75 0.625 38034748.3613
3.25 0.625 35905937.8187
3.75 0.625 38318589.767
4.25 0.625 35905937.8187
4.75 0.625 34699611.8445
5.25 0.625 29342105.3123
5.75 0.625 25474766.1599
6.25 0.625 17243365.3951
6.75 0.625 13092184.837
7.25 0.625 8266880.94046
7.75 0.625 3193215.81391
8.25 0.625 106440.52713
8.75 0.625 0.0
0.25 0.875 84407338.0144
0.75 0.875 66064087.1723
1.25 0.875 55845796.5678
1.75 0.875 49281964.0614
2.25 0.875 47401514.7488
2.75 0.875 45804906.8418
3.25 0.875 45982307.7203
3.75 0.875 42753611.7307
4.25 0.875 41902087.5137
4.75 0.875 38425030.2941
5.25 0.875 34628651.4931
5.75 0.875 26361770.5526
6.25 0.875 20968783.8447
6.75 0.875 14582352.2169
7.25 0.875 8444281.81901
7.75 0.875 2483612.29971
8.25 0.875 212881.054261
8.75 0.875 0.0
0.25 1.125 76743620.061
0.75 1.125 62267708.3713
1.25 1.125 56839241.4876
1.75 1.125 50807611.6169
2.25 1.125 47188633.6945
2.75 1.125 45911347.3689
3.25 1.125 45024342.9762
3.75 1.125 42895532.4336
4.25 1.125 37573506.077
4.75 1.125 35196334.3045
5.25 1.125 32038598.6663
5.75 1.125 25758607.5656
6.25 1.125 18627092.2478
6.75 1.125 12524502.0257
7.25 1.125 6989594.6149
7.75 1.125 1703048.43409
8.25 1.125 106440.52713
8.75 1.125 0.0
0.25 1.375 56377999.2034
0.75 1.375 52510660.051
1.25 1.375 49885127.0485
1.75 1.375 44563100.6919
2.25 1.375 40802202.0667
2.75 1.375 40128078.7282
3.25 1.375 35231814.4802
3.75 1.375 32322440.0719
4.25 1.375 31009673.5707
4.75 1.375 28171259.5139
5.25 1.375 22991153.8602
5.75 1.375 18343250.8421
6.25 1.375 13943709.0541
6.75 1.375 8941004.27896
7.25 1.375 5109145.30226
7.75 1.375 1064405.2713
8.25 1.375 0.0
8.75 1.375 0.0
0.25 1.625 43285814.3664
0.75 1.625 42079488.3922
1.25 1.625 38283109.5912
1.75 1.625 34451250.6145
2.25 1.625 31399955.5035
2.75 1.625 29448545.8394
3.25 1.625 28703462.1495
3.75 1.625 25652167.0384
4.25 1.625 24091039.3072
4.75 1.625 18520651.7207
5.25 1.625 15717717.8396
5.75 1.625 12701902.9042
6.25 1.625 8941004.27896
6.75 1.625 5960669.5193
7.25 1.625 2519092.47542
7.75 1.625 532202.635652
8.25 1.625 0.0
8.75 1.625 0.0
0.25 1.875 35373735.183
0.75 1.875 31045153.7464
1.25 1.875 29271144.9609
1.75 1.875 28313180.2167
2.25 1.875 25439285.9842
2.75 1.875 23523356.4958
3.25 1.875 21252625.2504
3.75 1.875 18307770.6664
4.25 1.875 16285400.651
4.75 1.875 14724272.9197
5.25 1.875 11708457.9843
5.75 1.875 9047444.80609
6.25 1.875 5712308.28933
6.75 1.875 3689938.27385
7.25 1.875 1844969.13693
7.75 1.875 141920.702841
8.25 1.875 0.0
8.75 1.875 0.0
0.25 2.125 25013523.8757
0.75 2.125 24694202.2943
1.25 2.125 23133074.563
1.75 2.125 20046299.2762
2.25 2.125 19975338.9248
2.75 2.125 17172405.0437
3.25 2.125 16178960.1238
3.75 2.125 13695347.8241
4.25 2.125 13659867.6484
4.75 2.125 9544167.26603
5.25 2.125 9047444.80609
5.75 2.125 5747788.46504
6.25 2.125 3583497.74672
6.75 2.125 2873894.23252
7.25 2.125 674123.338493
7.75 2.125 0.0
8.25 2.125 0.0
8.75 2.125 0.0
0.25 2.375 18698052.5992
0.75 2.375 19691497.5191
1.25 2.375 17917488.7336
1.75 2.375 16462801.5295
2.25 2.375 15540316.961
2.75 2.375 13695347.8241
3.25 2.375 12808343.4314
3.75 2.375 10360211.3074
4.25 2.375 9047444.80609
4.75 2.375 6989594.6149
5.25 2.375 5889709.16788
5.75 2.375 3831858.9767
6.25 2.375 3051295.11107
6.75 2.375 1738528.6098
7.25 2.375 816044.041333
7.75 2.375 0.0
8.25 2.375 0.0
8.75 2.375 0.0
0.25 2.625 15469356.6096
0.75 2.625 15008114.3254
1.25 2.625 13234105.5399
1.75 2.625 13163145.1885
2.25 2.625 11708457.9843
2.75 2.625 10289250.9559
3.25 2.625 10360211.3074
3.75 2.625 8266880.94046
4.25 2.625 6315471.27641
4.75 2.625 5641347.93791
5.25 2.625 4576942.66661
5.75 2.625 2873894.23252
6.25 2.625 1844969.13693
6.75 2.625 1241806.14985
7.25 2.625 283841.405681
7.75 2.625 0.0
8.25 2.625 0.0
8.75 2.625 0.0
0.25 2.875 11460096.7544
0.75 2.875 11743938.1601
1.25 2.875 10892413.943
1.75 2.875 10076369.9017
2.25 2.875 10005409.5503
2.75 2.875 8160440.41333
3.25 2.875 7521797.25055
3.75 2.875 6421911.80354
4.25 2.875 5357506.53223
4.75 2.875 5073665.12655
5.25 2.875 3477057.21959
5.75 2.875 2483612.29971
6.25 2.875 1454687.20412
6.75 2.875 638643.162783
7.25 2.875 106440.52713
7.75 2.875 0.0
8.25 2.875 0.0
8.75 2.875 0.0
0.25 3.125 9011964.63038
0.75 3.125 9508687.09032
1.25 3.125 7947559.35907
1.75 3.125 7663717.95339
2.25 3.125 6173550.57356
2.75 3.125 5925189.34359
3.25 3.125 5251066.0051
3.75 3.125 4576942.66661
4.25 3.125 4222140.90951
4.75 3.125 2767453.70539
5.25 3.125 2270731.24545
5.75 3.125 1454687.20412
6.25 3.125 1064405.2713
6.75 3.125 319321.581391
7.25 3.125 70960.3514203
7.75 3.125 0.0
8.25 3.125 0.0
8.75 3.125 0.0
0.25 3.375 7450836.89913
0.75 3.375 6244510.92499
1.25 3.375 6386431.62783
1.75 3.375 5960669.5193
2.25 3.375 5676828.11362
2.75 3.375 4967224.59942
3.25 3.375 4399541.78806
3.75 3.375 4115700.38238
4.25 3.375 3618977.92243
4.75 3.375 2306211.42116
5.25 3.375 1703048.43409
5.75 3.375 709603.514203
6.25 3.375 638643.162783
6.75 3.375 283841.405681
7.25 3.375 0.0
7.75 3.375 0.0
8.25 3.375 0.0
8.75 3.375 0.0
0.25 3.625 5996149.69501
0.75 3.625 5109145.30226
1.25 3.625 4825303.89658
1.75 3.625 4044740.03096
2.25 3.625 4718863.36945
2.75 3.625 3796378.80099
3.25 3.625 4080220.20667
3.75 3.625 2341691.59687
4.25 3.625 2377171.77258
4.75 3.625 2093330.3669
5.25 3.625 1241806.14985
5.75 3.625 780563.865623
6.25 3.625 319321.581391
6.75 3.625 248361.229971
7.25 3.625 0.0
7.75 3.625 0.0
8.25 3.625 0.0
8.75 3.625 0.0
0.25 3.875 4222140.90951
0.75 3.875 4612422.84232
1.25 3.875 4257621.08522
1.75 3.875 3938299.50383
2.25 3.875 3264176.16533
2.75 3.875 3193215.81391
3.25 3.875 2270731.24545
3.75 3.875 2057850.19119
4.25 3.875 1774008.78551
4.75 3.875 1703048.43409
5.25 3.875 993444.919884
5.75 3.875 638643.162783
6.25 3.875 390281.932812
6.75 3.875 70960.3514203
7.25 3.875 0.0
7.75 3.875 0.0
8.25 3.875 0.0
8.75 3.875 0.0
0.25 4.125 4257621.08522
0.75 4.125 3335136.51675
1.25 4.125 3122255.46249
1.75 4.125 3264176.16533
2.25 4.125 2696493.35397
2.75 4.125 2093330.3669
3.25 4.125 2377171.77258
3.75 4.125 1454687.20412
4.25 4.125 1951409.66406
4.75 4.125 745083.689913
5.25 4.125 780563.865623
5.75 4.125 283841.405681
6.25 4.125 141920.702841
6.75 4.125 70960.3514203
7.25 4.125 35480.1757101
7.75 4.125 0.0
8.25 4.125 0.0
8.75 4.125 0.0
0.25 4.375 2412651.94829
0.75 4.375 2448132.124
1.25 4.375 2802933.8811
1.75 4.375 2483612.29971
2.25 4.375 2128810.54261
2.75 4.375 1915929.48835
3.25 4.375 1844969.13693
3.75 4.375 1348246.67699
4.25 4.375 1064405.2713
4.75 4.375 1028925.09559
5.25 4.375 709603.514203
5.75 4.375 532202.635652
6.25 4.375 35480.1757101
6.75 4.375 35480.1757101
7.25 4.375 0.0
7.75 4.375 0.0
8.25 4.375 0.0
8.75 4.375 0.0
0.25 4.625 2554572.65113
0.75 4.625 2909374.40823
1.25 4.625 2270731.24545
1.75 4.625 2625533.00255
2.25 4.625 1561127.73125
2.75 4.625 1490167.37983
3.25 4.625 1490167.37983
3.75 4.625 1206325.97414
4.25 4.625 1206325.97414
4.75 4.625 567682.811362
5.25 4.625 283841.405681
5.75 4.625 248361.229971
6.25 4.625 106440.52713
6.75 4.625 0.0
7.25 4.625 0.0
7.75 4.625 0.0
8.25 4.625 0.0
8.75 4.625 0.0
0.25 4.875 2519092.47542
0.75 4.875 2448132.124
1.25 4.875 1348246.67699
1.75 4.875 1703048.43409
2.25 4.875 1738528.6098
2.75 4.875 1738528.6098
3.25 4.875 1490167.37983
3.75 4.875 887004.392754
4.25 4.875 1135365.62272
4.75 4.875 887004.392754
5.25 4.875 461242.284232
5.75 4.875 177400.878551
6.25 4.875 70960.3514203
6.75 4.875 0.0
7.25 4.875 0.0
7.75 4.875 0.0
8.25 4.875 0.0
8.75 4.875 0.0
0.25 5.125 1596607.90696
0.75 5.125 1632088.08267
1.25 5.125 1561127.73125
1.75 5.125 1703048.43409
2.25 5.125 1312766.50128
2.75 5.125 993444.919884
3.25 5.125 780563.865623
3.75 5.125 1028925.09559
4.25 5.125 496722.459942
4.75 5.125 603162.987072
5.25 5.125 283841.405681
5.75 5.125 141920.702841
6.25 5.125 141920.702841
6.75 5.125 0.0
7.25 5.125 0.0
7.75 5.125 0.0
8.25 5.125 0.0
8.75 5.125 0.0
0.25 5.375 1348246.67699
0.75 5.375 1312766.50128
1.25 5.375 1312766.50128
1.75 5.375 1170845.79843
2.25 5.375 1135365.62272
2.75 5.375 851524.217043
3.25 5.375 851524.217043
3.75 5.375 461242.284232
4.25 5.375 638643.162783
4.75 5.375 283841.405681
5.25 5.375 70960.3514203
5.75 5.375 70960.3514203
6.25 5.375 35480.1757101
6.75 5.375 0.0
7.25 5.375 0.0
7.75 5.375 0.0
8.25 5.375 0.0
8.75 5.375 0.0
0.25 5.625 1312766.50128
0.75 5.625 851524.217043
1.25 5.625 1525647.55554
1.75 5.625 1099885.44701
2.25 5.625 1099885.44701
2.75 5.625 887004.392754
3.25 5.625 745083.689913
3.75 5.625 425762.108522
4.25 5.625 425762.108522
4.75 5.625 319321.581391
5.25 5.625 177400.878551
5.75 5.625 106440.52713
6.25 5.625 0.0
6.75 5.625 0.0
7.25 5.625 0.0
7.75 5.625 0.0
8.25 5.625 0.0
8.75 5.625 0.0
0.25 5.875 1206325.97414
0.75 5.875 1170845.79843
1.25 5.875 887004.392754
1.75 5.875 1099885.44701
2.25 5.875 745083.689913
2.75 5.875 851524.217043
3.25 5.875 745083.689913
3.75 5.875 425762.108522
4.25 5.875 390281.932812
4.75 5.875 177400.878551
5.25 5.875 177400.878551
5.75 5.875 70960.3514203
6.25 5.875 70960.3514203
6.75 5.875 0.0
7.25 5.875 0.0
7.75 5.875 0.0
8.25 5.875 0.0
8.75 5.875 0.0
0.25 6.125 1099885.44701
0.75 6.125 851524.217043
1.25 6.125 816044.041333
1.75 6.125 887004.392754
2.25 6.125 816044.041333
2.75 6.125 745083.689913
3.25 6.125 390281.932812
3.75 6.125 141920.702841
4.25 6.125 212881.054261
4.75 6.125 177400.878551
5.25 6.125 212881.054261
5.75 6.125 70960.3514203
6.25 6.125 0.0
6.75 6.125 0.0
7.25 6.125 0.0
7.75 6.125 0.0
8.25 6.125 0.0
8.75 6.125 0.0
0.25 6.375 851524.217043
0.75 6.375 567682.811362
1.25 6.375 745083.689913
1.75 6.375 603162.987072
2.25 6.375 567682.811362
2.75 6.375 461242.284232
3.25 6.375 461242.284232
3.75 6.375 603162.987072
4.25 6.375 177400.878551
4.75 6.375 283841.405681
5.25 6.375 70960.3514203
5.75 6.375 70960.3514203
6.25 6.375 35480.1757101
6.75 6.375 0.0
7.25 6.375 0.0
7.75 6.375 0.0
8.25 6.375 0.0
8.75 6.375 0.0
0.25 6.625 816044.041333
0.75 6.625 638643.162783
1.25 6.625 603162.987072
1.75 6.625 567682.811362
2.25 6.625 709603.514203
2.75 6.625 603162.987072
3.25 6.625 496722.459942
3.75 6.625 283841.405681
4.25 6.625 425762.108522
4.75 6.625 177400.878551
5.25 6.625 212881.054261
5.75 6.625 106440.52713
6.25 6.625 35480.1757101
6.75 6.625 0.0
7.25 6.625 0.0
7.75 6.625 0.0
8.25 6.625 0.0
8.75 6.625 0.0
0.25 6.875 425762.108522
0.75 6.875 745083.689913
1.25 6.875 567682.811362
1.75 6.875 319321.581391
2.25 6.875 532202.635652
2.75 6.875 461242.284232
3.25 6.875 177400.878551
3.75 6.875 248361.229971
4.25 6.875 212881.054261
4.75 6.875 177400.878551
5.25 6.875 70960.3514203
5.75 6.875 0.0
6.25 6.875 0.0
6.75 6.875 0.0
7.25 6.875 0.0
7.75 6.875 0.0
8.25 6.875 0.0
8.75 6.875 0.0
0.25 7.125 461242.284232
0.75 7.125 532202.635652
1.25 7.125 638643.162783
1.75 7.125 567682.811362
2.25 7.125 248361.229971
2.75 7.125 354801.757101
3.25 7.125 248361.229971
3.75 7.125 177400.878551
4.25 7.125 177400.878551
4.75 7.125 70960.3514203
5.25 7.125 35480.1757101
5.75 7.125 106440.52713
6.25 7.125 35480.1757101
6.75 7.125 0.0
7.25 7.125 0.0
7.75 7.125 0.0
8.25 7.125 0.0
8.75 7.125 0.0
0.25 7.375 390281.932812
0.75 7.375 496722.459942
1.25 7.375 390281.932812
1.75 7.375 248361.229971
2.25 7.375 283841.405681
2.75 7.375 390281.932812
3.25 7.375 283841.405681
3.75 7.375 248361.229971
4.25 7.375 70960.3514203
4.75 7.375 70960.3514203
5.25 7.375 35480.1757101
5.75 7.375 0.0
6.25 7.375 0.0
6.75 7.375 0.0
7.25 7.375 0.0
7.75 7.375 0.0
8.25 7.375 0.0
8.75 7.375 0.0
0.25 7.625 425762.108522
0.75 7.625 177400.878551
1.25 7.625 390281.932812
1.75 7.625 248361.229971
2.25 7.625 319321.581391
2.75 7.625 212881.054261
3.25 7.625 283841.405681
3.75 7.625 212881.054261
4.25 7.625 106440.52713
4.75 7.625 0.0
5.25 7.625 0.0
5.75 7.625 35480.1757101
6.25 7.625 0.0
6.75 7.625 0.0
7.25 7.625 0.0
7.75 7.625 0.0
8.25 7.625 0.0
8.75 7.625 0.0
0.25 7.875 354801.757101
0.75 7.875 319321.581391
1.25 7.875 319321.581391
1.75 7.875 319321.581391
2.25 7.875 212881.054261
2.75 7.875 177400.878551
3.25 7.875 212881.054261
3.75 7.875 177400.878551
4.25 7.875 106440.52713
4.75 7.875 70960.3514203
5.25 7.875 0.0
5.75 7.875 35480.1757101
6.25 7.875 0.0
6.75 7.875 0.0
7.25 7.875 0.0
7.75 7.875 0.0
8.25 7.875 0.0
8.75 7.875 0.0
0.25 8.125 354801.757101
0.75 8.125 212881.054261
1.25 8.125 212881.054261
1.75 8.125 319321.581391
2.25 8.125 319321.581391
2.75 8.125 212881.054261
3.25 8.125 248361.229971
3.75 8.125 248361.229971
4.25 8.125 70960.3514203
4.75 8.125 70960.3514203
5.25 8.125 0.0
5.75 8.125 0.0
6.25 8.125 0.0
6.75 8.125 0.0
7.25 8.125 0.0
7.75 8.125 0.0
8.25 8.125 0.0
8.75 8.125 0.0
0.25 8.375 283841.405681
0.75 8.375 283841.405681
1.25 8.375 248361.229971
1.75 8.375 212881.054261
2.25 8.375 248361.229971
2.75 8.375 177400.878551
3.25 8.375 141920.702841
3.75 8.375 70960.3514203
4.25 8.375 70960.3514203
4.75 8.375 70960.3514203
5.25 8.375 0.0
5.75 8.375 70960.3514203
6.25 8.375 0.0
6.75 8.375 0.0
7.25 8.375 0.0
7.75 8.375 0.0
8.25 8.375 0.0
8.75 8.375 0.0
0.25 8.625 319321.581391
0.75 8.625 212881.054261
1.25 8.625 212881.054261
1.75 8.625 177400.878551
2.25 8.625 319321.581391
2.75 8.625 35480.1757101
3.25 8.625 354801.757101
3.75 8.625 106440.52713
4.25 8.625 70960.3514203
4.75 8.625 70960.3514203
5.25 8.625 0.0
5.75 8.625 0.0
6.25 8.625 0.0
6.75 8.625 0.0
7.25 8.625 0.0
7.75 8.625 0.0
8.25 8.625 0.0
8.75 8.625 0.0
0.25 8.875 248361.229971
0.75 8.875 106440.52713
1.25 8.875 141920.702841
1.75 8.875 283841.405681
2.25 8.875 70960.3514203
2.75 8.875 141920.702841
3.25 8.875 70960.3514203
3.75 8.875 35480.1757101
4.25 8.875 106440.52713
4.75 8.875 0.0
5.25 8.875 35480.1757101
5.75 8.875 0.0
6.25 8.875 0.0
6.75 8.875 0.0
7.25 8.875 0.0
7.75 8.875 0.0
8.25 8.875 0.0
8.75 8.875 0.0
0.25 9.125 141920.702841
0.75 9.125 177400.878551
1.25 9.125 212881.054261
1.75 9.125 177400.878551
2.25 9.125 177400.878551
2.75 9.125 0.0
3.25 9.125 106440.52713
3.75 9.125 106440.52713
4.25 9.125 0.0
4.75 9.125 0.0
5.25 9.125 0.0
5.75 9.125 70960.3514203
6.25 9.125 0.0
6.75 9.125 0.0
7.25 9.125 0.0
7.75 9.125 0.0
8.25 9.125 0.0
8.75 9.125 0.0
0.25 9.375 70960.3514203
0.75 9.375 106440.52713
1.25 9.375 177400.878551
1.75 9.375 177400.878551
2.25 9.375 248361.229971
2.75 9.375 106440.52713
3.25 9.375 106440.52713
3.75 9.375 106440.52713
4.25 9.375 0.0
4.75 9.375 0.0
5.25 9.375 0.0
5.75 9.375 0.0
6.25 9.375 0.0
6.75 9.375 0.0
7.25 9.375 0.0
7.75 9.375 0.0
8.25 9.375 0.0
8.75 9.375 0.0
0.25 9.625 177400.878551
0.75 9.625 212881.054261
1.25 9.625 106440.52713
1.75 9.625 283841.405681
2.25 9.625 70960.3514203
2.75 9.625 70960.3514203
3.25 9.625 35480.1757101
3.75 9.625 0.0
4.25 9.625 70960.3514203
4.75 9.625 35480.1757101
5.25 9.625 0.0
5.75 9.625 0.0
6.25 9.625 0.0
6.75 9.625 0.0
7.25 9.625 0.0
7.75 9.625 0.0
8.25 9.625 0.0
8.75 9.625 0.0
0.25 9.875 141920.702841
0.75 9.875 106440.52713
1.25 9.875 70960.3514203
1.75 9.875 141920.702841
2.25 9.875 35480.1757101
2.75 9.875 106440.52713
3.25 9.875 70960.3514203
3.75 9.875 35480.1757101
4.25 9.875 35480.1757101
4.75 9.875 70960.3514203
5.25 9.875 0.0
5.75 9.875 35480.1757101
6.25 9.875 0.0
6.75 9.875 0.0
7.25 9.875 0.0
7.75 9.875 0.0
8.25 9.875 0.0
8.75 9.875 0.0
0.25 10.125 70960.3514203
0.75 10.125 0.0
1.25 10.125 177400.878551
1.75 10.125 106440.52713
2.25 10.125 70960.3514203
2.75 10.125 70960.3514203
3.25 10.125 0.0
3.75 10.125 141920.702841
4.25 10.125 106440.52713
4.75 10.125 0.0
5.25 10.125 0.0
5.75 10.125 0.0
6.25 10.125 0.0
6.75 10.125 0.0
7.25 10.125 0.0
7.75 10.125 0.0
8.25 10.125 0.0
8.75 10.125 0.0
0.25 10.375 141920.702841
0.75 10.375 35480.1757101
1.25 10.375 212881.054261
1.75 10.375 106440.52713
2.25 10.375 70960.3514203
2.75 10.375 70960.3514203
3.25 10.375 106440.52713
3.75 10.375 70960.3514203
4.25 10.375 0.0
4.75 10.375 35480.1757101
5.25 10.375 35480.1757101
5.75 10.375 0.0
6.25 10.375 0.0
6.75 10.375 0.0
7.25 10.375 0.0
7.75 10.375 0.0
8.25 10.375 0.0
8.75 10.375 0.0
0.25 10.625 70960.3514203
0.75 10.625 0.0
1.25 10.625 70960.3514203
1.75 10.625 106440.52713
2.25 10.625 106440.52713
2.75 10.625 35480.1757101
3.25 10.625 35480.1757101
3.75 10.625 35480.1757101
4.25 10.625 35480.1757101
4.75 10.625 0.0
5.25 10.625 0.0
5.75 10.625 0.0
6.25 10.625 0.0
6.75 10.625 0.0
7.25 10.625 0.0
7.75 10.625 0.0
8.25 10.625 0.0
8.75 10.625 0.0
0.25 10.875 70960.3514203
0.75 10.875 106440.52713
1.25 10.875 141920.702841
1.75 10.875 106440.52713
2.25 10.875 70960.3514203
2.75 10.875 35480.1757101
3.25 10.875 35480.1757101
3.75 10.875 0.0
4.25 10.875 0.0
4.75 10.875 35480.1757101
5.25 10.875 35480.1757101
5.75 10.875 0.0
6.25 10.875 0.0
6.75 10.875 0.0
7.25 10.875 0.0
7.75 10.875 0.0
8.25 10.875 0.0
8.75 10.875 0.0
0.25 11.125 35480.1757101
0.75 11.125 106440.52713
1.25 11.125 70960.3514203
1.75 11.125 141920.702841
2.25 11.125 35480.1757101
2.75 11.125 0.0
3.25 11.125 35480.1757101
3.75 11.125 70960.3514203
4.25 11.125 106440.52713
4.75 11.125 70960.3514203
5.25 11.125 70960.3514203
5.75 11.125 0.0
6.25 11.125 0.0
6.75 11.125 0.0
7.25 11.125 0.0
7.75 11.125 0.0
8.25 11.125 0.0
8.75 11.125 0.0
0.25 11.375 141920.702841
0.75 11.375 70960.3514203
1.25 11.375 35480.1757101
1.75 11.375 70960.3514203
2.25 11.375 70960.3514203
2.75 11.375 35480.1757101
3.25 11.375 70960.3514203
3.75 11.375 0.0
4.25 11.375 0.0
4.75 11.375 0.0
5.25 11.375 0.0
5.75 11.375 0.0
6.25 11.375 0.0
6.75 11.375 0.0
7.25 11.375 0.0
7.75 11.375 0.0
8.25 11.375 0.0
8.75 11.375 0.0
0.25 11.625 35480.1757101
0.75 11.625 177400.878551
1.25 11.625 0.0
1.75 11.625 106440.52713
2.25 11.625 35480.1757101
2.75 11.625 35480.1757101
3.25 11.625 0.0
3.75 11.625 35480.1757101
4.25 11.625 0.0
4.75 11.625 0.0
5.25 11.625 0.0
5.75 11.625 0.0
6.25 11.625 0.0
6.75 11.625 0.0
7.25 11.625 0.0
7.75 11.625 0.0
8.25 11.625 0.0
8.75 11.625 0.0
0.25 11.875 35480.1757101
0.75 11.875 70960.3514203
1.25 11.875 35480.1757101
1.75 11.875 35480.1757101
2.25 11.875 106440.52713
2.75 11.875 35480.1757101
3.25 11.875 0.0
3.75 11.875 35480.1757101
4.25 11.875 35480.1757101
4.75 11.875 0.0
5.25 11.875 0.0
5.75 11.875 0.0
6.25 11.875 0.0
6.75 11.875 0.0
7.25 11.875 0.0
7.75 11.875 0.0
8.25 11.875 0.0
8.75 11.875 0.0
0.25 12.125 70960.3514203
0.75 12.125 106440.52713
1.25 12.125 70960.3514203
1.75 12.125 70960.3514203
2.25 12.125 0.0
2.75 12.125 0.0
3.25 12.125 35480.1757101
3.75 12.125 35480.1757101
4.25 12.125 0.0
4.75 12.125 0.0
5.25 12.125 35480.1757101
5.75 12.125 0.0
6.25 12.125 0.0
6.75 12.125 0.0
7.25 12.125 0.0
7.75 12.125 0.0
8.25 12.125 0.0
8.75 12.125 0.0
0.25 12.375 0.0
0.75 12.375 35480.1757101
1.25 12.375 0.0
1.75 12.375 70960.3514203
2.25 12.375 35480.1757101
2.75 12.375 0.0
3.25 12.375 70960.3514203
3.75 12.375 0.0
4.25 12.375 0.0
4.75 12.375 0.0
5.25 12.375 0.0
5.75 12.375 0.0
6.25 12.375 0.0
6.75 12.375 0.0
7.25 12.375 0.0
7.75 12.375 0.0
8.25 12.375 0.0
8.75 12.375 0.0
0.25 12.625 35480.1757101
0.75 12.625 0.0
1.25 12.625 0.0
1.75 12.625 0.0
2.25 12.625 35480.1757101
2.75 12.625 106440.52713
3.25 12.625 35480.1757101
3.75 12.625 0.0
4.25 12.625 35480.1757101
4.75 12.625 0.0
5.25 12.625 0.0
5.75 12.625 0.0
6.25 12.625 0.0
6.75 12.625 0.0
7.25 12.625 0.0
7.75 12.625 0.0
8.25 12.625 0.0
8.75 12.625 0.0
0.25 12.875 35480.1757101
0.75 12.875 141920.702841
1.25 12.875 35480.1757101
1.75 12.875 106440.52713
2.25 12.875 35480.1757101
2.75 12.875 70960.3514203
3.25 12.875 0.0
3.75 12.875 0.0
4.25 12.875 0.0
4.75 12.875 0.0
5.25 12.875 0.0
5.75 12.875 0.0
6.25 12.875 0.0
6.75 12.875 0.0
7.25 12.875 0.0
7.75 12.875 0.0
8.25 12.875 0.0
8.75 12.875 0.0
0.25 13.125 70960.3514203
0.75 13.125 35480.1757101
1.25 13.125 35480.1757101
1.75 13.125 0.0
2.25 13.125 0.0
2.75 13.125 35480.1757101
3.25 13.125 0.0
3.75 13.125 35480.1757101
4.25 13.125 35480.1757101
4.75 13.125 0.0
5.25 13.125 0.0
5.75 13.125 0.0
6.25 13.125 0.0
6.75 13.125 0.0
7.25 13.125 0.0
7.75 13.125 0.0
8.25 13.125 0.0
8.75 13.125 0.0
0.25 13.375 0.0
0.75 13.375 70960.3514203
1.25 13.375 35480.1757101
1.75 13.375 70960.3514203
2.25 13.375 35480.1757101
2.75 13.375 35480.1757101
3.25 13.375 0.0
3.75 13.375 0.0
4.25 13.375 0.0
4.75 13.375 0.0
5.25 13.375 0.0
5.75 13.375 0.0
6.25 13.375 0.0
6.75 13.375 0.0
7.25 13.375 0.0
7.75 13.375 0.0
8.25 13.375 0.0
8.75 13.375 0.0
0.25 13.625 35480.1757101
0.75 13.625 35480.1757101
1.25 13.625 70960.3514203
1.75 13.625 70960.3514203
2.25 13.625 0.0
2.75 13.625 35480.1757101
3.25 13.625 0.0
3.75 13.625 0.0
4.25 13.625 0.0
4.75 13.625 0.0
5.25 13.625 0.0
5.75 13.625 0.0
6.25 13.625 0.0
6.75 13.625 0.0
7.25 13.625 0.0
7.75 13.625 0.0
8.25 13.625 0.0
8.75 13.625 0.0
0.25 13.875 0.0
0.75 13.875 0.0
1.25 13.875 35480.1757101
1.75 13.875 35480.1757101
2.25 13.875 0.0
2.75 13.875 35480.1757101
3.25 13.875 0.0
3.75 13.875 35480.1757101
4.25 13.875 0.0
4.75 13.875 0.0
5.25 13.875 0.0
5.75 13.875 0.0
6.25 13.875 0.0
6.75 13.875 0.0
7.25 13.875 0.0
7.75 13.875 0.0
8.25 13.875 0.0
8.75 13.875 0.0
0.25 14.125 70960.3514203
0.75 14.125 0.0
1.25 14.125 0.0
1.75 14.125 35480.1757101
2.25 14.125 0.0
2.75 14.125 35480.1757101
3.25 14.125 0.0
3.75 14.125 35480.1757101
4.25 14.125 0.0
4.75 14.125 0.0
5.25 14.125 0.0
5.75 14.125 0.0
6.25 14.125 0.0
6.75 14.125 0.0
7.25 14.125 0.0
7.75 14.125 0.0
8.25 14.125 0.0
8.75 14.125 0.0
0.25 14.375 70960.3514203
0.75 14.375 0.0
1.25 14.375 35480.1757101
1.75 14.375 0.0
2.25 14.375 35480.1757101
2.75 14.375 35480.1757101
3.25 14.375 0.0
3.75 14.375 0.0
4.25 14.375 0.0
4.75 14.375 0.0
5.25 14.375 0.0
5.75 14.375 0.0
6.25 14.375 0.0
6.75 14.375 0.0
7.25 14.375 0.0
7.75 14.375 0.0
8.25 14.375 0.0
8.75 14.375 0.0
0.25 14.625 35480.1757101
0.75 14.625 35480.1757101
1.25 14.625 0.0
1.75 14.625 35480.1757101
2.25 14.625 35480.1757101
2.75 14.625 35480.1757101
3.25 14.625 0.0
3.75 14.625 0.0
4.25 14.625 0.0
4.75 14.625 0.0
5.25 14.625 0.0
5.75 14.625 0.0
6.25 14.625 0.0
6.75 14.625 0.0
7.25 14.625 0.0
7.75 14.625 0.0
8.25 14.625 0.0
8.75 14.625 0.0
0.25 14.875 0.0
0.75 14.875 0.0
1.25 14.875 0.0
1.75 14.875 35480.1757101
2.25 14.875 35480.1757101
2.75 14.875 35480.1757101
3.25 14.875 0.0
3.75 14.875 35480.1757101
4.25 14.875 0.0
4.75 14.875 35480.1757101
5.25 14.875 0.0
5.75 14.875 0.0
6.25 14.875 0.0
6.75 14.875 0.0
7.25 14.875 0.0
7.75 14.875 0.0
8.25 14.875 0.0
8.75 14.875 0.0
0.25 15.125 0.0
0.75 15.125 35480.1757101
1.25 15.125 0.0
1.75 15.125 0.0
2.25 15.125 35480.1757101
2.75 15.125 0.0
3.25 15.125 0.0
3.75 15.125 35480.1757101
4.25 15.125 35480.1757101
4.75 15.125 0.0
5.25 15.125 0.0
5.75 15.125 0.0
6.25 15.125 0.0
6.75 15.125 0.0
7.25 15.125 0.0
7.75 15.125 0.0
8.25 15.125 0.0
8.75 15.125 0.0
0.25 15.375 0.0
0.75 15.375 70960.3514203
1.25 15.375 35480.1757101
1.75 15.375 35480.1757101
2.25 15.375 0.0
2.75 15.375 0.0
3.25 15.375 35480.1757101
3.75 15.375 0.0
4.25 15.375 0.0
4.75 15.375 0.0
5.25 15.375 0.0
5.75 15.375 0.0
6.25 15.375 0.0
6.75 15.375 0.0
7.25 15.375 0.0
7.75 15.375 0.0
8.25 15.375 0.0
8.75 15.375 0.0
0.25 15.625 35480.1757101
0.75 15.625 70960.3514203
1.25 15.625 35480.1757101
1.75 15.625 0.0
2.25 15.625 0.0
2.75 15.625 0.0
3.25 15.625 0.0
3.75 15.625 0.0
4.25 15.625 0.0
4.75 15.625 35480.1757101
5.25 15.625 0.0
5.75 15.625 0.0
6.25 15.625 0.0
6.75 15.625 0.0
7.25 15.625 0.0
7.75 15.625 0.0
8.25 15.625 0.0
8.75 15.625 0.0
0.25 15.875 0.0
0.75 15.875 35480.1757101
1.25 15.875 35480.1757101
1.75 15.875 0.0
2.25 15.875 0.0
2.75 15.875 0.0
3.25 15.875 35480.1757101
3.75 15.875 0.0
4.25 15.875 0.0
4.75 15.875 0.0
5.25 15.875 0.0
5.75 15.875 0.0
6.25 15.875 0.0
6.75 15.875 0.0
7.25 15.875 0.0
7.75 15.875 0.0
8.25 15.875 0.0
8.75 15.875 0.0
0.25 16.125 0.0
0.75 16.125 70960.3514203
1.25 16.125 0.0
1.75 16.125 35480.1757101
2.25 16.125 0.0
2.75 16.125 0.0
3.25 16.125 0.0
3.75 16.125 0.0
4.25 16.125 0.0
4.75 16.125 0.0
5.25 16.125 0.0
5.75 16.125 0.0
6.25 16.125 0.0
6.75 16.125 0.0
7.25 16.125 0.0
7.75 16.125 0.0
8.25 16.125 0.0
8.75 16.125 0.0
0.25 16.375 35480.1757101
0.75 16.375 0.0
1.25 16.375 0.0
1.75 16.375 0.0
2.25 16.375 0.0
2.75 16.375 0.0
3.25 16.375 0.0
3.75 16.375 0.0
4.25 16.375 0.0
4.75 16.375 0.0
5.25 16.375 0.0
5.75 16.375 0.0
6.25 16.375 0.0
6.75 16.375 0.0
7.25 16.375 0.0
7.75 16.375 0.0
8.25 16.375 0.0
8.75 16.375 0.0
0.25 16.625 35480.1757101
0.75 16.625 0.0
1.25 16.625 35480.1757101
1.75 16.625 0.0
2.25 16.625 0.0
2.75 16.625 0.0
3.25 16.625 0.0
3.75 16.625 0.0
4.25 16.625 0.0
4.75 16.625 35480.1757101
5.25 16.625 0.0
5.75 16.625 0.0
6.25 16.625 0.0
6.75 16.625 0.0
7.25 16.625 0.0
7.75 16.625 0.0
8.25 16.625 0.0
8.75 16.625 0.0
0.25 16.875 70960.3514203
0.75 16.875 0.0
1.25 16.875 0.0
1.75 16.875 0.0
2.25 16.875 0.0
2.75 16.875 0.0
3.25 16.875 0.0
3.75 16.875 0.0
4.25 16.875 0.0
4.75 16.875 0.0
5.25 16.875 0.0
5.75 16.875 0.0
6.25 16.875 0.0
6.75 16.875 0.0
7.25 16.875 0.0
7.75 16.875 0.0
8.25 16.875 0.0
8.75 16.875 0.0
0.25 17.125 0.0
0.75 17.125 0.0
1.25 17.125 0.0
1.75 17.125 0.0
2.25 17.125 0.0
2.75 17.125 35480.1757101
3.25 17.125 0.0
3.75 17.125 0.0
4.25 17.125 0.0
4.75 17.125 0.0
5.25 17.125 0.0
5.75 17.125 0.0
6.25 17.125 0.0
6.75 17.125 0.0
7.25 17.125 0.0
7.75 17.125 0.0
8.25 17.125 0.0
8.75 17.125 0.0
0.25 17.375 0.0
0.75 17.375 0.0
1.25 17.375 70960.3514203
1.75 17.375 0.0
2.25 17.375 0.0
2.75 17.375 0.0
3.25 17.375 0.0
3.75 17.375 0.0
4.25 17.375 0.0
4.75 17.375 0.0
5.25 17.375 0.0
5.75 17.375 0.0
6.25 17.375 0.0
6.75 17.375 0.0
7.25 17.375 0.0
7.75 17.375 0.0
8.25 17.375 0.0
8.75 17.375 0.0
0.25 17.625 0.0
0.75 17.625 0.0
1.25 17.625 0.0
1.75 17.625 35480.1757101
2.25 17.625 0.0
2.75 17.625 0.0
3.25 17.625 35480.1757101
3.75 17.625 0.0
4.25 17.625 0.0
4.75 17.625 0.0
5.25 17.625 0.0
5.75 17.625 0.0
6.25 17.625 0.0
6.75 17.625 0.0
7.25 17.625 0.0
7.75 17.625 0.0
8.25 17.625 0.0
8.75 17.625 0.0
0.25 17.875 0.0
0.75 17.875 0.0
1.25 17.875 35480.1757101
1.75 17.875 35480.1757101
2.25 17.875 0.0
2.75 17.875 0.0
3.25 17.875 0.0
3.75 17.875 0.0
4.25 17.875 0.0
4.75 17.875 0.0
5.25 17.875 0.0
5.75 17.875 0.0
6.25 17.875 0.0
6.75 17.875 0.0
7.25 17.875 0.0
7.75 17.875 0.0
8.25 17.875 0.0
8.75 17.875 0.0
0.25 18.125 0.0
0.75 18.125 0.0
1.25 18.125 0.0
1.75 18.125 35480.1757101
2.25 18.125 0.0
2.75 18.125 35480.1757101
3.25 18.125 0.0
3.75 18.125 0.0
4.25 18.125 0.0
4.75 18.125 35480.1757101
5.25 18.125 0.0
5.75 18.125 0.0
6.25 18.125 0.0
6.75 18.125 0.0
7.25 18.125 0.0
7.75 18.125 0.0
8.25 18.125 0.0
8.75 18.125 0.0
0.25 18.375 0.0
0.75 18.375 0.0
1.25 18.375 0.0
1.75 18.375 0.0
2.25 18.375 0.0
2.75 18.375 0.0
3.25 18.375 0.0
3.75 18.375 0.0
4.25 18.375 0.0
4.75 18.375 0.0
5.25 18.375 0.0
5.75 18.375 0.0
6.25 18.375 0.0
6.75 18.375 0.0
7.25 18.375 0.0
7.75 18.375 0.0
8.25 18.375 0.0
8.75 18.375 0.0
0.25 18.625 0.0
0.75 18.625 0.0
1.25 18.625 0.0
1.75 18.625 70960.3514203
2.25 18.625 0.0
2.75 18.625 0.0
3.25 18.625 35480.1757101
3.75 18.625 0.0
4.25 18.625 0.0
4.75 18.625 0.0
5.25 18.625 0.0
5.75 18.625 0.0
6.25 18.625 0.0
6.75 18.625 0.0
7.25 18.625 0.0
7.75 18.625 0.0
8.25 18.625 0.0
8.75 18.625 0.0
0.25 18.875 0.0
0.75 18.875 0.0
1.25 18.875 0.0
1.75 18.875 0.0
2.25 18.875 35480.1757101
2.75 18.875 0.0
3.25 18.875 0.0
3.75 18.875 0.0
4.25 18.875 0.0
4.75 18.875 0.0
5.25 18.875 0.0
5.75 18.875 0.0
6.25 18.875 0.0
6.75 18.875 0.0
7.25 18.875 0.0
7.75 18.875 0.0
8.25 18.875 0.0
8.75 18.875 0.0
0.25 19.125 0.0
0.75 19.125 0.0
1.25 19.125 0.0
1.75 19.125 0.0
2.25 19.125 0.0
2.75 19.125 0.0
3.25 19.125 35480.1757101
3.75 19.125 0.0
4.25 19.125 0.0
4.75 19.125 0.0
5.25 19.125 0.0
5.75 19.125 0.0
6.25 19.125 0.0
6.75 19.125 0.0
7.25 19.125 0.0
7.75 19.125 0.0
8.25 19.125 0.0
8.75 19.125 0.0
0.25 19.375 0.0
0.75 19.375 0.0
1.25 19.375 0.0
1.75 19.375 0.0
2.25 19.375 0.0
2.75 19.375 0.0
3.25 19.375 0.0
3.75 19.375 0.0
4.25 19.375 0.0
4.75 19.375 0.0
5.25 19.375 0.0
5.75 19.375 0.0
6.25 19.375 0.0
6.75 19.375 0.0
7.25 19.375 0.0
7.75 19.375 0.0
8.25 19.375 0.0
8.75 19.375 0.0
0.25 19.625 0.0
0.75 19.625 0.0
1.25 19.625 0.0
1.75 19.625 0.0
2.25 19.625 0.0
2.75 19.625 0.0
3.25 19.625 0.0
3.75 19.625 0.0
4.25 19.625 0.0
4.75 19.625 0.0
5.25 19.625 0.0
5.75 19.625 0.0
6.25 19.625 0.0
6.75 19.625 0.0
7.25 19.625 0.0
7.75 19.625 0.0
8.25 19.625 0.0
8.75 19.625 0.0
0.25 19.875 0.0
0.75 19.875 35480.1757101
1.25 19.875 0.0
1.75 19.875 0.0
2.25 19.875 0.0
2.75 19.875 0.0
3.25 19.875 0.0
3.75 19.875 0.0
4.25 19.875 0.0
4.75 19.875 0.0
5.25 19.875 0.0
5.75 19.875 0.0
6.25 19.875 0.0
6.75 19.875 0.0
7.25 19.875 0.0
7.75 19.875 0.0
8.25 19.875 0.0
8.75 19.875 0.0
0.25 20.125 35480.1757101
0.75 20.125 0.0
1.25 20.125 0.0
1.75 20.125 0.0
2.25 20.125 0.0
2.75 20.125 0.0
3.25 20.125 0.0
3.75 20.125 0.0
4.25 20.125 35480.1757101
4.75 20.125 0.0
5.25 20.125 0.0
5.75 20.125 0.0
6.25 20.125 0.0
6.75 20.125 0.0
7.25 20.125 0.0
7.75 20.125 0.0
8.25 20.125 0.0
8.75 20.125 0.0
0.25 20.375 0.0
0.75 20.375 0.0
1.25 20.375 0.0
1.75 20.375 0.0
2.25 20.375 0.0
2.75 20.375 0.0
3.25 20.375 0.0
3.75 20.375 0.0
4.25 20.375 0.0
4.75 20.375 0.0
5.25 20.375 0.0
5.75 20.375 0.0
6.25 20.375 0.0
6.75 20.375 0.0
7.25 20.375 0.0
7.75 20.375 0.0
8.25 20.375 0.0
8.75 20.375 0.0
0.25 20.625 0.0
0.75 20.625 0.0
1.25 20.625 0.0
1.75 20.625 0.0
2.25 20.625 0.0
2.75 20.625 0.0
3.25 20.625 0.0
3.75 20.625 0.0
4.25 20.625 0.0
4.75 20.625 0.0
5.25 20.625 0.0
5.75 20.625 0.0
6.25 20.625 0.0
6.75 20.625 0.0
7.25 20.625 0.0
7.75 20.625 0.0
8.25 20.625 0.0
8.75 20.625 0.0
0.25 20.875 0.0
0.75 20.875 0.0
1.25 20.875 0.0
1.75 20.875 35480.1757101
2.25 20.875 0.0
2.75 20.875 0.0
3.25 20.875 0.0
3.75 20.875 0.0
4.25 20.875 0.0
4.75 20.875 0.0
5.25 20.875 0.0
5.75 20.875 0.0
6.25 20.875 0.0
6.75 20.875 0.0
7.25 20.875 0.0
7.75 20.875 0.0
8.25 20.875 0.0
8.75 20.875 0.0
0.25 21.125 0.0
0.75 21.125 0.0
1.25 21.125 0.0
1.75 21.125 0.0
2.25 21.125 0.0
2.75 21.125 35480.1757101
3.25 21.125 0.0
3.75 21.125 0.0
4.25 21.125 0.0
4.75 21.125 0.0
5.25 21.125 0.0
5.75 21.125 0.0
6.25 21.125 0.0
6.75 21.125 0.0
7.25 21.125 0.0
7.75 21.125 0.0
8.25 21.125 0.0
8.75 21.125 0.0
0.25 21.375 0.0
0.75 21.375 0.0
1.25 21.375 0.0
1.75 21.375 0.0
2.25 21.375 0.0
2.75 21.375 0.0
3.25 21.375 0.0
3.75 21.375 35480.1757101
4.25 21.375 0.0
4.75 21.375 0.0
5.25 21.375 0.0
5.75 21.375 0.0
6.25 21.375 0.0
6.75 21.375 0.0
7.25 21.375 0.0
7.75 21.375 0.0
8.25 21.375 0.0
8.75 21.375 0.0
0.25 21.625 0.0
0.75 21.625 0.0
1.25 21.625 0.0
1.75 21.625 0.0
2.25 21.625 0.0
2.75 21.625 0.0
3.25 21.625 0.0
3.75 21.625 0.0
4.25 21.625 0.0
4.75 21.625 0.0
5.25 21.625 0.0
5.75 21.625 0.0
6.25 21.625 0.0
6.75 21.625 0.0
7.25 21.625 0.0
7.75 21.625 0.0
8.25 21.625 0.0
8.75 21.625 0.0
0.25 21.875 0.0
0.75 21.875 35480.1757101
1.25 21.875 0.0
1.75 21.875 35480.1757101
2.25 21.875 0.0
2.75 21.875 0.0
3.25 21.875 0.0
3.75 21.875 0.0
4.25 21.875 0.0
4.75 21.875 0.0
5.25 21.875 0.0
5.75 21.875 0.0
6.25 21.875 0.0
6.75 21.875 0.0
7.25 21.875 0.0
7.75 21.875 0.0
8.25 21.875 0.0
8.75 21.875 0.0
0.25 22.125 0.0
0.75 22.125 0.0
1.25 22.125 0.0
1.75 22.125 0.0
2.25 22.125 0.0
2.75 22.125 0.0
3.25 22.125 0.0
3.75 22.125 0.0
4.25 22.125 0.0
4.75 22.125 0.0
5.25 22.125 0.0
5.75 22.125 0.0
6.25 22.125 0.0
6.75 22.125 0.0
7.25 22.125 0.0
7.75 22.125 0.0
8.25 22.125 0.0
8.75 22.125 0.0
0.25 22.375 0.0
0.75 22.375 0.0
1.25 22.375 35480.1757101
1.75 22.375 0.0
2.25 22.375 0.0
2.75 22.375 0.0
3.25 22.375 0.0
3.75 22.375 0.0
4.25 22.375 0.0
4.75 22.375 0.0
5.25 22.375 0.0
5.75 22.375 0.0
6.25 22.375 0.0
6.75 22.375 0.0
7.25 22.375 0.0
7.75 22.375 0.0
8.25 22.375 0.0
8.75 22.375 0.0
0.25 22.625 0.0
0.75 22.625 0.0
1.25 22.625 0.0
1.75 22.625 0.0
2.25 22.625 0.0
2.75 22.625 35480.1757101
3.25 22.625 0.0
3.75 22.625 0.0
4.25 22.625 0.0
4.75 22.625 0.0
5.25 22.625 0.0
5.75 22.625 0.0
6.25 22.625 0.0
6.75 22.625 0.0
7.25 22.625 0.0
7.75 22.625 0.0
8.25 22.625 0.0
8.75 22.625 0.0
0.25 22.875 0.0
0.75 22.875 0.0
1.25 22.875 0.0
1.75 22.875 0.0
2.25 22.875 0.0
2.75 22.875 0.0
3.25 22.875 0.0
3.75 22.875 0.0
4.25 22.875 0.0
4.75 22.875 0.0
5.25 22.875 0.0
5.75 22.875 0.0
6.25 22.875 0.0
6.75 22.875 0.0
7.25 22.875 0.0
7.75 22.875 0.0
8.25 22.875 0.0
8.75 22.875 0.0
0.25 23.125 0.0
0.75 23.125 0.0
1.25 23.125 0.0
1.75 23.125 0.0
2.25 23.125 0.0
2.75 23.125 0.0
3.25 23.125 0.0
3.75 23.125 0.0
4.25 23.125 0.0
4.75 23.125 0.0
5.25 23.125 0.0
5.75 23.125 0.0
6.25 23.125 0.0
6.75 23.125 0.0
7.25 23.125 0.0
7.75 23.125 0.0
8.25 23.125 0.0
8.75 23.125 0.0
0.25 23.375 0.0
0.75 23.375 0.0
1.25 23.375 0.0
1.75 23.375 0.0
2.25 23.375 0.0
2.75 23.375 35480.1757101
3.25 23.375 0.0
3.75 23.375 0.0
4.25 23.375 0.0
4.75 23.375 0.0
5.25 23.375 0.0
5.75 23.375 0.0
6.25 23.375 0.0
6.75 23.375 0.0
7.25 23.375 0.0
7.75 23.375 0.0
8.25 23.375 0.0
8.75 23.375 0.0
0.25 23.625 0.0
0.75 23.625 0.0
1.25 23.625 0.0
1.75 23.625 0.0
2.25 23.625 0.0
2.75 23.625 70960.3514203
3.25 23.625 0.0
3.75 23.625 0.0
4.25 23.625 0.0
4.75 23.625 0.0
5.25 23.625 0.0
5.75 23.625 0.0
6.25 23.625 0.0
6.75 23.625 0.0
7.25 23.625 0.0
7.75 23.625 0.0
8.25 23.625 0.0
8.75 23.625 0.0
0.25 23.875 0.0
0.75 23.875 0.0
1.25 23.875 0.0
1.75 23.875 0.0
2.25 23.875 0.0
2.75 23.875 0.0
3.25 23.875 0.0
3.75 23.875 0.0
4.25 23.875 0.0
4.75 23.875 0.0
5.25 23.875 0.0
5.75 23.875 0.0
6.25 23.875 0.0
6.75 23.875 0.0
7.25 23.875 0.0
7.75 23.875 0.0
8.25 23.875 0.0
8.75 23.875 0.0
0.25 24.125 0.0
0.75 24.125 35480.1757101
1.25 24.125 0.0
1.75 24.125 0.0
2.25 24.125 0.0
2.75 24.125 0.0
3.25 24.125 0.0
3.75 24.125 0.0
4.25 24.125 0.0
4.75 24.125 0.0
5.25 24.125 0.0
5.75 24.125 0.0
6.25 24.125 0.0
6.75 24.125 0.0
7.25 24.125 0.0
7.75 24.125 0.0
8.25 24.125 0.0
8.75 24.125 0.0
0.25 24.375 0.0
0.75 24.375 0.0
1.25 24.375 0.0
1.75 24.375 0.0
2.25 24.375 35480.1757101
2.75 24.375 0.0
3.25 24.375 0.0
3.75 24.375 0.0
4.25 24.375 0.0
4.75 24.375 0.0
5.25 24.375 0.0
5.75 24.375 0.0
6.25 24.375 0.0
6.75 24.375 0.0
7.25 24.375 0.0
7.75 24.375 0.0
8.25 24.375 0.0
8.75 24.375 0.0
0.25 24.625 0.0
0.75 24.625 0.0
1.25 24.625 0.0
1.75 24.625 0.0
2.25 24.625 0.0
2.75 24.625 0.0
3.25 24.625 0.0
3.75 24.625 0.0
4.25 24.625 0.0
4.75 24.625 0.0
5.25 24.625 0.0
5.75 24.625 0.0
6.25 24.625 0.0
6.75 24.625 0.0
7.25 24.625 0.0
7.75 24.625 0.0
8.25 24.625 0.0
8.75 24.625 0.0
0.25 24.875 0.0
0.75 24.875 0.0
1.25 24.875 0.0
1.75 24.875 0.0
2.25 24.875 0.0
2.75 24.875 0.0
3.25 24.875 0.0
3.75 24.875 0.0
4.25 24.875 0.0
4.75 24.875 0.0
5.25 24.875 0.0
5.75 24.875 0.0
6.25 24.875 0.0
6.75 24.875 0.0
7.25 24.875 0.0
7.75 24.875 0.0
8.25 24.875 0.0
8.75 24.875 0.0
0.25 25.125 0.0
0.75 25.125 0.0
1.25 25.125 0.0
1.75 25.125 0.0
2.25 25.125 0.0
2.75 25.125 0.0
3.25 25.125 0.0
3.75 25.125 0.0
4.25 25.125 0.0
4.75 25.125 0.0
5.25 25.125 0.0
5.75 25.125 0.0
6.25 25.125 0.0
6.75 25.125 0.0
7.25 25.125 0.0
7.75 25.125 0.0
8.25 25.125 0.0
8.75 25.125 0.0
0.25 25.375 0.0
0.75 25.375 0.0
1.25 25.375 0.0
1.75 25.375 0.0
2.25 25.375 0.0
2.75 25.375 0.0
3.25 25.375 0.0
3.75 25.375 0.0
4.25 25.375 0.0
4.75 25.375 0.0
5.25 25.375 0.0
5.75 25.375 0.0
6.25 25.375 0.0
6.75 25.375 0.0
7.25 25.375 0.0
7.75 25.375 0.0
8.25 25.375 0.0
8.75 25.375 0.0
0.25 25.625 0.0
0.75 25.625 0.0
1.25 25.625 0.0
1.75 25.625 0.0
2.25 25.625 0.0
2.75 25.625 0.0
3.25 25.625 0.0
3.75 25.625 0.0
4.25 25.625 0.0
4.75 25.625 0.0
5.25 25.625 0.0
5.75 25.625 0.0
6.25 25.625 0.0
6.75 25.625 0.0
7.25 25.625 0.0
7.75 25.625 0.0
8.25 25.625 0.0
8.75 25.625 0.0
0.25 25.875 0.0
0.75 25.875 0.0
1.25 25.875 0.0
1.75 25.875 0.0
2.25 25.875 0.0
2.75 25.875 0.0
3.25 25.875 0.0
3.75 25.875 0.0
4.25 25.875 0.0
4.75 25.875 0.0
5.25 25.875 0.0
5.75 25.875 0.0
6.25 25.875 0.0
6.75 25.875 0.0
7.25 25.875 0.0
7.75 25.875 0.0
8.25 25.875 0.0
8.75 25.875 0.0
0.25 26.125 0.0
0.75 26.125 0.0
1.25 26.125 0.0
1.75 26.125 0.0
2.25 26.125 0.0
2.75 26.125 0.0
3.25 26.125 0.0
3.75 26.125 0.0
4.25 26.125 0.0
4.75 26.125 0.0
5.25 26.125 0.0
5.75 26.125 0.0
6.25 26.125 0.0
6.75 26.125 0.0
7.25 26.125 0.0
7.75 26.125 0.0
8.25 26.125 0.0
8.75 26.125 0.0
0.25 26.375 0.0
0.75 26.375 35480.1757101
1.25 26.375 0.0
1.75 26.375 0.0
2.25 26.375 0.0
2.75 26.375 0.0
3.25 26.375 0.0
3.75 26.375 0.0
4.25 26.375 0.0
4.75 26.375 0.0
5.25 26.375 0.0
5.75 26.375 0.0
6.25 26.375 0.0
6.75 26.375 0.0
7.25 26.375 0.0
7.75 26.375 0.0
8.25 26.375 0.0
8.75 26.375 0.0
0.25 26.625 0.0
0.75 26.625 0.0
1.25 26.625 0.0
1.75 26.625 0.0
2.25 26.625 0.0
2.75 26.625 0.0
3.25 26.625 0.0
3.75 26.625 0.0
4.25 26.625 0.0
4.75 26.625 0.0
5.25 26.625 0.0
5.75 26.625 0.0
6.25 26.625 0.0
6.75 26.625 0.0
7.25 26.625 0.0
7.75 26.625 0.0
8.25 26.625 0.0
8.75 26.625 0.0
0.25 26.875 0.0
0.75 26.875 0.0
1.25 26.875 0.0
1.75 26.875 0.0
2.25 26.875 0.0
2.75 26.875 0.0
3.25 26.875 0.0
3.75 26.875 0.0
4.25 26.875 0.0
4.75 26.875 0.0
5.25 26.875 0.0
5.75 26.875 0.0
6.25 26.875 0.0
6.75 26.875 0.0
7.25 26.875 0.0
7.75 26.875 0.0
8.25 26.875 0.0
8.75 26.875 0.0
0.25 27.125 0.0
0.75 27.125 0.0
1.25 27.125 0.0
1.75 27.125 0.0
2.25 27.125 0.0
2.75 27.125 0.0
3.25 27.125 0.0
3.75 27.125 0.0
4.25 27.125 0.0
4.75 27.125 0.0
5.25 27.125 0.0
5.75 27.125 0.0
6.25 27.125 0.0
6.75 27.125 0.0
7.25 27.125 0.0
7.75 27.125 0.0
8.25 27.125 0.0
8.75 27.125 0.0
0.25 27.375 0.0
0.75 27.375 0.0
1.25 27.375 0.0
1.75 27.375 0.0
2.25 27.375 0.0
2.75 27.375 0.0
3.25 27.375 0.0
3.75 27.375 0.0
4.25 27.375 0.0
4.75 27.375 0.0
5.25 27.375 0.0
5.75 27.375 0.0
6.25 27.375 0.0
6.75 27.375 0.0
7.25 27.375 0.0
7.75 27.375 0.0
8.25 27.375 0.0
8.75 27.375 0.0
0.25 27.625 0.0
0.75 27.625 0.0
1.25 27.625 0.0
1.75 27.625 0.0
2.25 27.625 0.0
2.75 27.625 0.0
3.25 27.625 0.0
3.75 27.625 0.0
4.25 27.625 0.0
4.75 27.625 0.0
5.25 27.625 0.0
5.75 27.625 0.0
6.25 27.625 0.0
6.75 27.625 0.0
7.25 27.625 0.0
7.75 27.625 0.0
8.25 27.625 0.0
8.75 27.625 0.0
0.25 27.875 0.0
0.75 27.875 0.0
1.25 27.875 0.0
1.75 27.875 0.0
2.25 27.875 0.0
2.75 27.875 0.0
3.25 27.875 0.0
3.75 27.875 0.0
4.25 27.875 0.0
4.75 27.875 0.0
5.25 27.875 0.0
5.75 27.875 0.0
6.25 27.875 0.0
6.75 27.875 0.0
7.25 27.875 0.0
7.75 27.875 0.0
8.25 27.875 0.0
8.75 27.875 0.0
0.25 28.125 0.0
0.75 28.125 0.0
1.25 28.125 0.0
1.75 28.125 0.0
2.25 28.125 0.0
2.75 28.125 0.0
3.25 28.125 0.0
3.75 28.125 0.0
4.25 28.125 0.0
4.75 28.125 0.0
5.25 28.125 0.0
5.75 28.125 0.0
6.25 28.125 0.0
6.75 28.125 0.0
7.25 28.125 0.0
7.75 28.125 0.0
8.25 28.125 0.0
8.75 28.125 0.0
0.25 28.375 0.0
0.75 28.375 0.0
1.25 28.375 0.0
1.75 28.375 0.0
2.25 28.375 0.0
2.75 28.375 0.0
3.25 28.375 0.0
3.75 28.375 0.0
4.25 28.375 0.0
4.75 28.375 0.0
5.25 28.375 0.0
5.75 28.375 0.0
6.25 28.375 0.0
6.75 28.375 0.0
7.25 28.375 0.0
7.75 28.375 0.0
8.25 28.375 0.0
8.75 28.375 0.0
0.25 28.625 0.0
0.75 28.625 0.0
1.25 28.625 0.0
1.75 28.625 0.0
2.25 28.625 0.0
2.75 28.625 0.0
3.25 28.625 0.0
3.75 28.625 0.0
4.25 28.625 0.0
4.75 28.625 0.0
5.25 28.625 0.0
5.75 28.625 0.0
6.25 28.625 0.0
6.75 28.625 0.0
7.25 28.625 0.0
7.75 28.625 0.0
8.25 28.625 0.0
8.75 28.625 0.0
0.25 28.875 0.0
0.75 28.875 0.0
1.25 28.875 0.0
1.75 28.875 0.0
2.25 28.875 0.0
2.75 28.875 0.0
3.25 28.875 0.0
3.75 28.875 0.0
4.25 28.875 0.0
4.75 28.875 0.0
5.25 28.875 0.0
5.75 28.875 0.0
6.25 28.875 0.0
6.75 28.875 0.0
7.25 28.875 0.0
7.75 28.875 0.0
8.25 28.875 0.0
8.75 28.875 0.0
0.25 29.125 0.0
0.75 29.125 0.0
1.25 29.125 0.0
1.75 29.125 0.0
2.25 29.125 0.0
2.75 29.125 0.0
3.25 29.125 0.0
3.75 29.125 0.0
4.25 29.125 0.0
4.75 29.125 0.0
5.25 29.125 0.0
5.75 29.125 0.0
6.25 29.125 0.0
6.75 29.125 0.0
7.25 29.125 0.0
7.75 29.125 0.0
8.25 29.125 0.0
8.75 29.125 0.0
0.25 29.375 0.0
0.75 29.375 0.0
1.25 29.375 0.0
1.75 29.375 0.0
2.25 29.375 0.0
2.75 29.375 0.0
3.25 29.375 0.0
3.75 29.375 0.0
4.25 29.375 0.0
4.75 29.375 0.0
5.25 29.375 0.0
5.75 29.375 0.0
6.25 29.375 0.0
6.75 29.375 0.0
7.25 29.375 0.0
7.75 29.375 0.0
8.25 29.375 0.0
8.75 29.375 0.0
0.25 29.625 0.0
0.75 29.625 0.0
1.25 29.625 0.0
1.75 29.625 0.0
2.25 29.625 0.0
2.75 29.625 0.0
3.25 29.625 0.0
3.75 29.625 0.0
4.25 29.625 0.0
4.75 29.625 0.0
5.25 29.625 0.0
5.75 29.625 0.0
6.25 29.625 0.0
6.75 29.625 0.0
7.25 29.625 0.0
7.75 29.625 0.0
8.25 29.625 0.0
8.75 29.625 0.0
0.25 29.875 0.0
0.75 29.875 0.0
1.25 29.875 0.0
1.75 29.875 0.0
2.25 29.875 35480.1757101
2.75 29.875 0.0
3.25 29.875 0.0
3.75 29.875 0.0
4.25 29.875 0.0
4.75 29.875 0.0
5.25 29.875 0.0
5.75 29.875 0.0
6.25 29.875 0.0
6.75 29.875 0.0
7.25 29.875 0.0
7.75 29.875 0.0
8.25 29.875 0.0
8.75 29.875 0.0
