0.25 0.125 9615127.61745
0.75 0.125 5286546.18081
1.25 0.125 3441577.04388
1.75 0.125 3938299.50383
2.25 0.125 3760898.62528
2.75 0.125 3831858.9767
3.25 0.125 3477057.21959
3.75 0.125 3548017.57101
4.25 0.125 3548017.57101
4.75 0.125 3264176.16533
5.25 0.125 2661013.17826
5.75 0.125 2235251.06974
6.25 0.125 1490167.37983
6.75 0.125 1454687.20412
7.25 0.125 1099885.44701
7.75 0.125 425762.108522
8.25 0.125 35480.1757101
8.75 0.125 0.0
0.25 0.375 19975338.9248
0.75 0.375 12772863.2557
1.25 0.375 10608572.5373
1.75 0.375 9153885.33322
2.25 0.375 8692643.04898
2.75 0.375 9863488.84742
3.25 0.375 9260325.86035
3.75 0.375 8160440.41333
4.25 0.375 8337841.29188
4.75 0.375 7734678.30481
5.25 0.375 6421911.80354
5.75 0.375 5641347.93791
6.25 0.375 4186660.7338
6.75 0.375 2802933.8811
7.25 0.375 1986889.83977
7.75 0.375 780563.865623
8.25 0.375 35480.1757101
8.75 0.375 0.0
0.25 0.625 26361770.5526
0.75 0.625 18343250.8421
1.25 0.625 15504836.7853
1.75 0.625 15682237.6639
2.25 0.625 13198625.3642
2.75 0.625 13163145.1885
3.25 0.625 11708457.9843
3.75 0.625 13056704.6613
4.25 0.625 12027779.5657
4.75 0.625 10537612.1859
5.25 0.625 9437726.7389
5.75 0.625 8018519.71049
6.25 0.625 4718863.36945
6.75 0.625 4044740.03096
7.25 0.625 2483612.29971
7.75 0.625 993444.919884
8.25 0.625 35480.1757101
8.75 0.625 0.0
0.25 0.875 25829567.917
0.75 0.875 22707312.4545
1.25 0.875 18307770.6664
1.75 0.875 15682237.6639
2.25 0.875 15895118.7181
2.75 0.875 16427321.3538
3.25 0.875 13624387.4727
3.75 0.875 14333990.9869
4.25 0.875 12382581.3228
4.75 0.875 12666422.7285
5.25 0.875 9934449.19884
5.75 0.875 9224845.68464
6.25 0.875 5747788.46504
6.75 0.875 4825303.89658
7.25 0.875 2944854.58394
7.75 0.875 603162.987072
8.25 0.875 0.0
8.75 0.875 0.0
0.25 1.125 25758607.5656
0.75 1.125 22068669.2917
1.25 1.125 18733532.775
1.75 1.125 17420766.2737
2.25 1.125 16427321.3538
2.75 1.125 15504836.7853
3.25 1.125 15646757.4882
3.75 1.125 14121109.9326
4.25 1.125 13269585.7156
4.75 1.125 11637497.6329
5.25 1.125 11176255.3487
5.75 1.125 8621682.69756
6.25 1.125 5605867.7622
6.75 1.125 4222140.90951
7.25 1.125 2412651.94829
7.75 1.125 603162.987072
8.25 1.125 0.0
8.75 1.125 0.0
0.25 1.375 20436581.209
0.75 1.375 19372175.9377
1.25 1.375 15611277.3125
1.75 1.375 17314325.7465
2.25 1.375 14724272.9197
2.75 1.375 13943709.0541
3.25 1.375 12098739.9172
3.75 1.375 10076369.9017
4.25 1.375 10360211.3074
4.75 1.375 9047444.80609
5.25 1.375 7096035.14203
5.75 1.375 5854228.99217
6.25 1.375 4896264.248
6.75 1.375 2980334.75965
7.25 1.375 1206325.97414
7.75 1.375 141920.702841
8.25 1.375 0.0
8.75 1.375 0.0
0.25 1.625 16604722.2323
0.75 1.625 14156590.1083
1.25 1.625 13056704.6613
1.75 1.625 11637497.6329
2.25 1.625 9650607.79316
2.75 1.625 10360211.3074
3.25 1.625 9331286.21177
3.75 1.625 8692643.04898
4.25 1.625 7770158.48052
4.75 1.625 6315471.27641
5.25 1.625 5286546.18081
5.75 1.625 4399541.78806
6.25 1.625 3086775.28678
6.75 1.625 1915929.48835
7.25 1.625 709603.514203
7.75 1.625 0.0
8.25 1.625 0.0
8.75 1.625 0.0
0.25 1.875 11034334.6459
0.75 1.875 10821453.5916
1.25 1.875 11353656.2272
1.75 1.875 9082924.9818
2.25 1.875 8231400.76475
2.75 1.875 8231400.76475
3.25 1.875 7663717.95339
3.75 1.875 7166995.49345
4.25 1.875 5286546.18081
4.75 1.875 5073665.12655
5.25 1.875 3512537.3953
5.75 1.875 2661013.17826
6.25 1.875 2164290.71832
6.75 1.875 709603.514203
7.25 1.875 532202.635652
7.75 1.875 35480.1757101
8.25 1.875 0.0
8.75 1.875 0.0
0.25 2.125 8195920.58904
0.75 2.125 8408801.6433
1.25 2.125 7166995.49345
1.75 2.125 6599312.68209
2.25 2.125 6209030.74927
2.75 2.125 6102590.22214
3.25 2.125 5463947.05936
3.75 2.125 4399541.78806
4.25 2.125 5109145.30226
4.75 2.125 3796378.80099
5.25 2.125 2554572.65113
5.75 2.125 1809488.96122
6.25 2.125 1383726.8527
6.75 2.125 745083.689913
7.25 2.125 248361.229971
7.75 2.125 0.0
8.25 2.125 0.0
8.75 2.125 0.0
0.25 2.375 6776713.56064
0.75 2.375 5747788.46504
1.25 2.375 7025074.79061
1.75 2.375 5428466.88365
2.25 2.375 5038184.95084
2.75 2.375 4470502.13948
3.25 2.375 3725418.44956
3.75 2.375 3477057.21959
4.25 2.375 3015814.93536
4.75 2.375 2235251.06974
5.25 2.375 2235251.06974
5.75 2.375 1880449.31264
6.25 2.375 780563.865623
6.75 2.375 532202.635652
7.25 2.375 248361.229971
7.75 2.375 0.0
8.25 2.375 0.0
8.75 2.375 0.0
0.25 2.625 4789823.72087
0.75 2.625 4612422.84232
1.25 2.625 5002704.77513
1.75 2.625 3689938.27385
2.25 2.625 4080220.20667
2.75 2.625 2944854.58394
3.25 2.625 2448132.124
3.75 2.625 3477057.21959
4.25 2.625 1703048.43409
4.75 2.625 1490167.37983
5.25 2.625 1348246.67699
5.75 2.625 922484.568464
6.25 2.625 567682.811362
6.75 2.625 354801.757101
7.25 2.625 70960.3514203
7.75 2.625 0.0
8.25 2.625 0.0
8.75 2.625 0.0
0.25 2.875 4435021.96377
0.75 2.875 3760898.62528
1.25 2.875 3406096.86817
1.75 2.875 3618977.92243
2.25 2.875 2661013.17826
2.75 2.875 2519092.47542
3.25 2.875 1844969.13693
3.75 2.875 2306211.42116
4.25 2.875 1312766.50128
4.75 2.875 1277286.32557
5.25 2.875 780563.865623
5.75 2.875 567682.811362
6.25 2.875 461242.284232
6.75 2.875 283841.405681
7.25 2.875 70960.3514203
7.75 2.875 0.0
8.25 2.875 0.0
8.75 2.875 0.0
0.25 3.125 3086775.28678
0.75 3.125 3051295.11107
1.25 3.125 2625533.00255
1.75 3.125 2909374.40823
2.25 3.125 2696493.35397
2.75 3.125 2128810.54261
3.25 3.125 2093330.3669
3.75 3.125 1454687.20412
4.25 3.125 1135365.62272
4.75 3.125 1028925.09559
5.25 3.125 709603.514203
5.75 3.125 780563.865623
6.25 3.125 354801.757101
6.75 3.125 70960.3514203
7.25 3.125 35480.1757101
7.75 3.125 0.0
8.25 3.125 0.0
8.75 3.125 0.0
0.25 3.375 2235251.06974
0.75 3.375 2412651.94829
1.25 3.375 3122255.46249
1.75 3.375 2057850.19119
2.25 3.375 2093330.3669
2.75 3.375 1454687.20412
3.25 3.375 1419207.02841
3.75 3.375 1064405.2713
4.25 3.375 1135365.62272
4.75 3.375 674123.338493
5.25 3.375 567682.811362
5.75 3.375 319321.581391
6.25 3.375 212881.054261
6.75 3.375 141920.702841
7.25 3.375 0.0
7.75 3.375 0.0
8.25 3.375 0.0
8.75 3.375 0.0
0.25 3.625 1951409.66406
0.75 3.625 2022370.01548
1.25 3.625 2022370.01548
1.75 3.625 1880449.31264
2.25 3.625 1561127.73125
2.75 3.625 1419207.02841
3.25 3.625 1596607.90696
3.75 3.625 993444.919884
4.25 3.625 709603.514203
4.75 3.625 638643.162783
5.25 3.625 425762.108522
5.75 3.625 212881.054261
6.25 3.625 212881.054261
6.75 3.625 0.0
7.25 3.625 0.0
7.75 3.625 0.0
8.25 3.625 0.0
8.75 3.625 0.0
0.25 3.875 1880449.31264
0.75 3.875 1774008.78551
1.25 3.875 1348246.67699
1.75 3.875 1419207.02841
2.25 3.875 1135365.62272
2.75 3.875 1383726.8527
3.25 3.875 957964.744174
3.75 3.875 887004.392754
4.25 3.875 780563.865623
4.75 3.875 496722.459942
5.25 3.875 390281.932812
5.75 3.875 177400.878551
6.25 3.875 0.0
6.75 3.875 35480.1757101
7.25 3.875 0.0
7.75 3.875 0.0
8.25 3.875 0.0
8.75 3.875 0.0
0.25 4.125 1170845.79843
0.75 4.125 993444.919884
1.25 4.125 1241806.14985
1.75 4.125 1064405.2713
2.25 4.125 922484.568464
2.75 4.125 1099885.44701
3.25 4.125 638643.162783
3.75 4.125 674123.338493
4.25 4.125 674123.338493
4.75 4.125 283841.405681
5.25 4.125 248361.229971
5.75 4.125 177400.878551
6.25 4.125 35480.1757101
6.75 4.125 35480.1757101
7.25 4.125 0.0
7.75 4.125 0.0
8.25 4.125 0.0
8.75 4.125 0.0
0.25 4.375 922484.568464
0.75 4.375 816044.041333
1.25 4.375 1099885.44701
1.75 4.375 816044.041333
2.25 4.375 1135365.62272
2.75 4.375 603162.987072
3.25 4.375 745083.689913
3.75 4.375 532202.635652
4.25 4.375 425762.108522
4.75 4.375 283841.405681
5.25 4.375 70960.3514203
5.75 4.375 70960.3514203
6.25 4.375 35480.1757101
6.75 4.375 0.0
7.25 4.375 0.0
7.75 4.375 0.0
8.25 4.375 0.0
8.75 4.375 0.0
0.25 4.625 709603.514203
0.75 4.625 887004.392754
1.25 4.625 745083.689913
1.75 4.625 638643.162783
2.25 4.625 567682.811362
2.75 4.625 283841.405681
3.25 4.625 390281.932812
3.75 4.625 248361.229971
4.25 4.625 283841.405681
4.75 4.625 425762.108522
5.25 4.625 177400.878551
5.75 4.625 319321.581391
6.25 4.625 141920.702841
6.75 4.625 0.0
7.25 4.625 0.0
7.75 4.625 0.0
8.25 4.625 0.0
8.75 4.625 0.0
0.25 4.875 674123.338493
0.75 4.875 532202.635652
1.25 4.875 532202.635652
1.75 4.875 638643.162783
2.25 4.875 603162.987072
2.75 4.875 461242.284232
3.25 4.875 390281.932812
3.75 4.875 248361.229971
4.25 4.875 177400.878551
4.75 4.875 354801.757101
5.25 4.875 0.0
5.75 4.875 0.0
6.25 4.875 0.0
6.75 4.875 0.0
7.25 4.875 0.0
7.75 4.875 0.0
8.25 4.875 0.0
8.75 4.875 0.0
0.25 5.125 957964.744174
0.75 5.125 248361.229971
1.25 5.125 532202.635652
1.75 5.125 567682.811362
2.25 5.125 532202.635652
2.75 5.125 603162.987072
3.25 5.125 461242.284232
3.75 5.125 283841.405681
4.25 5.125 106440.52713
4.75 5.125 141920.702841
5.25 5.125 35480.1757101
5.75 5.125 35480.1757101
6.25 5.125 106440.52713
6.75 5.125 0.0
7.25 5.125 0.0
7.75 5.125 0.0
8.25 5.125 0.0
8.75 5.125 0.0
0.25 5.375 283841.405681
0.75 5.375 319321.581391
1.25 5.375 425762.108522
1.75 5.375 461242.284232
2.25 5.375 603162.987072
2.75 5.375 212881.054261
3.25 5.375 212881.054261
3.75 5.375 212881.054261
4.25 5.375 177400.878551
4.75 5.375 177400.878551
5.25 5.375 0.0
5.75 5.375 0.0
6.25 5.375 0.0
6.75 5.375 0.0
7.25 5.375 0.0
7.75 5.375 0.0
8.25 5.375 0.0
8.75 5.375 0.0
0.25 5.625 532202.635652
0.75 5.625 532202.635652
1.25 5.625 354801.757101
1.75 5.625 390281.932812
2.25 5.625 496722.459942
2.75 5.625 212881.054261
3.25 5.625 177400.878551
3.75 5.625 212881.054261
4.25 5.625 106440.52713
4.75 5.625 35480.1757101
5.25 5.625 106440.52713
5.75 5.625 70960.3514203
6.25 5.625 35480.1757101
6.75 5.625 35480.1757101
7.25 5.625 0.0
7.75 5.625 0.0
8.25 5.625 0.0
8.75 5.625 0.0
0.25 5.875 319321.581391
0.75 5.875 425762.108522
1.25 5.875 567682.811362
1.75 5.875 283841.405681
2.25 5.875 425762.108522
2.75 5.875 354801.757101
3.25 5.875 212881.054261
3.75 5.875 177400.878551
4.25 5.875 141920.702841
4.75 5.875 35480.1757101
5.25 5.875 70960.3514203
5.75 5.875 35480.1757101
6.25 5.875 0.0
6.75 5.875 0.0
7.25 5.875 0.0
7.75 5.875 0.0
8.25 5.875 0.0
8.75 5.875 0.0
0.25 6.125 319321.581391
0.75 6.125 319321.581391
1.25 6.125 319321.581391
1.75 6.125 283841.405681
2.25 6.125 212881.054261
2.75 6.125 177400.878551
3.25 6.125 141920.702841
3.75 6.125 141920.702841
4.25 6.125 106440.52713
4.75 6.125 106440.52713
5.25 6.125 0.0
5.75 6.125 0.0
6.25 6.125 0.0
6.75 6.125 0.0
7.25 6.125 0.0
7.75 6.125 0.0
8.25 6.125 0.0
8.75 6.125 0.0
0.25 6.375 354801.757101
0.75 6.375 319321.581391
1.25 6.375 354801.757101
1.75 6.375 319321.581391
2.25 6.375 248361.229971
2.75 6.375 141920.702841
3.25 6.375 248361.229971
3.75 6.375 141920.702841
4.25 6.375 70960.3514203
4.75 6.375 35480.1757101
5.25 6.375 141920.702841
5.75 6.375 35480.1757101
6.25 6.375 0.0
6.75 6.375 0.0
7.25 6.375 0.0
7.75 6.375 0.0
8.25 6.375 0.0
8.75 6.375 0.0
0.25 6.625 70960.3514203
0.75 6.625 283841.405681
1.25 6.625 283841.405681
1.75 6.625 248361.229971
2.25 6.625 248361.229971
2.75 6.625 70960.3514203
3.25 6.625 177400.878551
3.75 6.625 70960.3514203
4.25 6.625 70960.3514203
4.75 6.625 35480.1757101
5.25 6.625 35480.1757101
5.75 6.625 0.0
6.25 6.625 0.0
6.75 6.625 0.0
7.25 6.625 0.0
7.75 6.625 0.0
8.25 6.625 0.0
8.75 6.625 0.0
0.25 6.875 141920.702841
0.75 6.875 177400.878551
1.25 6.875 319321.581391
1.75 6.875 212881.054261
2.25 6.875 70960.3514203
2.75 6.875 35480.1757101
3.25 6.875 70960.3514203
3.75 6.875 106440.52713
4.25 6.875 0.0
4.75 6.875 0.0
5.25 6.875 106440.52713
5.75 6.875 0.0
6.25 6.875 0.0
6.75 6.875 0.0
7.25 6.875 0.0
7.75 6.875 0.0
8.25 6.875 0.0
8.75 6.875 0.0
0.25 7.125 106440.52713
0.75 7.125 354801.757101
1.25 7.125 35480.1757101
1.75 7.125 248361.229971
2.25 7.125 70960.3514203
2.75 7.125 141920.702841
3.25 7.125 70960.3514203
3.75 7.125 70960.3514203
4.25 7.125 177400.878551
4.75 7.125 70960.3514203
5.25 7.125 0.0
5.75 7.125 0.0
6.25 7.125 0.0
6.75 7.125 0.0
7.25 7.125 0.0
7.75 7.125 0.0
8.25 7.125 0.0
8.75 7.125 0.0
0.25 7.375 177400.878551
0.75 7.375 70960.3514203
1.25 7.375 106440.52713
1.75 7.375 106440.52713
2.25 7.375 35480.1757101
2.75 7.375 177400.878551
3.25 7.375 141920.702841
3.75 7.375 35480.1757101
4.25 7.375 35480.1757101
4.75 7.375 70960.3514203
5.25 7.375 70960.3514203
5.75 7.375 0.0
6.25 7.375 0.0
6.75 7.375 0.0
7.25 7.375 0.0
7.75 7.375 0.0
8.25 7.375 0.0
8.75 7.375 0.0
0.25 7.625 141920.702841
0.75 7.625 35480.1757101
1.25 7.625 212881.054261
1.75 7.625 248361.229971
2.25 7.625 35480.1757101
2.75 7.625 141920.702841
3.25 7.625 141920.702841
3.75 7.625 70960.3514203
4.25 7.625 141920.702841
4.75 7.625 0.0
5.25 7.625 0.0
5.75 7.625 0.0
6.25 7.625 0.0
6.75 7.625 0.0
7.25 7.625 0.0
7.75 7.625 0.0
8.25 7.625 0.0
8.75 7.625 0.0
0.25 7.875 106440.52713
0.75 7.875 106440.52713
1.25 7.875 35480.1757101
1.75 7.875 106440.52713
2.25 7.875 141920.702841
2.75 7.875 70960.3514203
3.25 7.875 70960.3514203
3.75 7.875 106440.52713
4.25 7.875 106440.52713
4.75 7.875 35480.1757101
5.25 7.875 0.0
5.75 7.875 0.0
6.25 7.875 0.0
6.75 7.875 0.0
7.25 7.875 0.0
7.75 7.875 0.0
8.25 7.875 0.0
8.75 7.875 0.0
0.25 8.125 106440.52713
0.75 8.125 70960.3514203
1.25 8.125 177400.878551
1.75 8.125 177400.878551
2.25 8.125 35480.1757101
2.75 8.125 35480.1757101
3.25 8.125 70960.3514203
3.75 8.125 0.0
4.25 8.125 35480.1757101
4.75 8.125 0.0
5.25 8.125 35480.1757101
5.75 8.125 0.0
6.25 8.125 0.0
6.75 8.125 0.0
7.25 8.125 0.0
7.75 8.125 0.0
8.25 8.125 0.0
8.75 8.125 0.0
0.25 8.375 70960.3514203
0.75 8.375 70960.3514203
1.25 8.375 70960.3514203
1.75 8.375 35480.1757101
2.25 8.375 35480.1757101
2.75 8.375 35480.1757101
3.25 8.375 70960.3514203
3.75 8.375 70960.3514203
4.25 8.375 0.0
4.75 8.375 35480.1757101
5.25 8.375 0.0
5.75 8.375 0.0
6.25 8.375 0.0
6.75 8.375 0.0
7.25 8.375 0.0
7.75 8.375 0.0
8.25 8.375 0.0
8.75 8.375 0.0
0.25 8.625 70960.3514203
0.75 8.625 70960.3514203
1.25 8.625 0.0
1.75 8.625 35480.1757101
2.25 8.625 0.0
2.75 8.625 35480.1757101
3.25 8.625 106440.52713
3.75 8.625 70960.3514203
4.25 8.625 0.0
4.75 8.625 0.0
5.25 8.625 35480.1757101
5.75 8.625 0.0
6.25 8.625 0.0
6.75 8.625 0.0
7.25 8.625 0.0
7.75 8.625 0.0
8.25 8.625 0.0
8.75 8.625 0.0
0.25 8.875 141920.702841
0.75 8.875 0.0
1.25 8.875 70960.3514203
1.75 8.875 70960.3514203
2.25 8.875 35480.1757101
2.75 8.875 35480.1757101
3.25 8.875 70960.3514203
3.75 8.875 0.0
4.25 8.875 0.0
4.75 8.875 0.0
5.25 8.875 0.0
5.75 8.875 0.0
6.25 8.875 0.0
6.75 8.875 0.0
7.25 8.875 0.0
7.75 8.875 0.0
8.25 8.875 0.0
8.75 8.875 0.0
0.25 9.125 35480.1757101
0.75 9.125 106440.52713
1.25 9.125 106440.52713
1.75 9.125 141920.702841
2.25 9.125 0.0
2.75 9.125 35480.1757101
3.25 9.125 35480.1757101
3.75 9.125 70960.3514203
4.25 9.125 0.0
4.75 9.125 0.0
5.25 9.125 0.0
5.75 9.125 0.0
6.25 9.125 0.0
6.75 9.125 0.0
7.25 9.125 0.0
7.75 9.125 0.0
8.25 9.125 0.0
8.75 9.125 0.0
0.25 9.375 106440.52713
0.75 9.375 106440.52713
1.25 9.375 70960.3514203
1.75 9.375 35480.1757101
2.25 9.375 70960.3514203
2.75 9.375 0.0
3.25 9.375 0.0
3.75 9.375 0.0
4.25 9.375 0.0
4.75 9.375 0.0
5.25 9.375 35480.1757101
5.75 9.375 0.0
6.25 9.375 0.0
6.75 9.375 0.0
7.25 9.375 0.0
7.75 9.375 0.0
8.25 9.375 0.0
8.75 9.375 0.0
0.25 9.625 0.0
0.75 9.625 35480.1757101
1.25 9.625 0.0
1.75 9.625 70960.3514203
2.25 9.625 35480.1757101
2.75 9.625 35480.1757101
3.25 9.625 35480.1757101
3.75 9.625 35480.1757101
4.25 9.625 0.0
4.75 9.625 0.0
5.25 9.625 0.0
5.75 9.625 0.0
6.25 9.625 0.0
6.75 9.625 0.0
7.25 9.625 0.0
7.75 9.625 0.0
8.25 9.625 0.0
8.75 9.625 0.0
0.25 9.875 70960.3514203
0.75 9.875 35480.1757101
1.25 9.875 70960.3514203
1.75 9.875 70960.3514203
2.25 9.875 0.0
2.75 9.875 35480.1757101
3.25 9.875 0.0
3.75 9.875 35480.1757101
4.25 9.875 35480.1757101
4.75 9.875 0.0
5.25 9.875 0.0
5.75 9.875 0.0
6.25 9.875 0.0
6.75 9.875 0.0
7.25 9.875 0.0
7.75 9.875 0.0
8.25 9.875 0.0
8.75 9.875 0.0
0.25 10.125 0.0
0.75 10.125 35480.1757101
1.25 10.125 35480.1757101
1.75 10.125 70960.3514203
2.25 10.125 70960.3514203
2.75 10.125 35480.1757101
3.25 10.125 0.0
3.75 10.125 35480.1757101
4.25 10.125 0.0
4.75 10.125 0.0
5.25 10.125 0.0
5.75 10.125 0.0
6.25 10.125 0.0
6.75 10.125 0.0
7.25 10.125 0.0
7.75 10.125 0.0
8.25 10.125 0.0
8.75 10.125 0.0
0.25 10.375 106440.52713
0.75 10.375 0.0
1.25 10.375 35480.1757101
1.75 10.375 35480.1757101
2.25 10.375 35480.1757101
2.75 10.375 0.0
3.25 10.375 0.0
3.75 10.375 0.0
4.25 10.375 0.0
4.75 10.375 0.0
5.25 10.375 35480.1757101
5.75 10.375 0.0
6.25 10.375 0.0
6.75 10.375 0.0
7.25 10.375 0.0
7.75 10.375 0.0
8.25 10.375 0.0
8.75 10.375 0.0
0.25 10.625 0.0
0.75 10.625 0.0
1.25 10.625 141920.702841
1.75 10.625 70960.3514203
2.25 10.625 0.0
2.75 10.625 0.0
3.25 10.625 0.0
3.75 10.625 0.0
4.25 10.625 0.0
4.75 10.625 0.0
5.25 10.625 0.0
5.75 10.625 0.0
6.25 10.625 0.0
6.75 10.625 0.0
7.25 10.625 0.0
7.75 10.625 0.0
8.25 10.625 0.0
8.75 10.625 0.0
0.25 10.875 0.0
0.75 10.875 35480.1757101
1.25 10.875 0.0
1.75 10.875 35480.1757101
2.25 10.875 0.0
2.75 10.875 35480.1757101
3.25 10.875 0.0
3.75 10.875 0.0
4.25 10.875 0.0
4.75 10.875 0.0
5.25 10.875 0.0
5.75 10.875 0.0
6.25 10.875 0.0
6.75 10.875 0.0
7.25 10.875 0.0
7.75 10.875 0.0
8.25 10.875 0.0
8.75 10.875 0.0
0.25 11.125 70960.3514203
0.75 11.125 70960.3514203
1.25 11.125 0.0
1.75 11.125 0.0
2.25 11.125 0.0
2.75 11.125 0.0
3.25 11.125 0.0
3.75 11.125 0.0
4.25 11.125 0.0
4.75 11.125 0.0
5.25 11.125 0.0
5.75 11.125 0.0
6.25 11.125 0.0
6.75 11.125 0.0
7.25 11.125 0.0
7.75 11.125 0.0
8.25 11.125 0.0
8.75 11.125 0.0
0.25 11.375 35480.1757101
0.75 11.375 35480.1757101
1.25 11.375 35480.1757101
1.75 11.375 0.0
2.25 11.375 0.0
2.75 11.375 35480.1757101
3.25 11.375 0.0
3.75 11.375 0.0
4.25 11.375 0.0
4.75 11.375 0.0
5.25 11.375 0.0
5.75 11.375 0.0
6.25 11.375 0.0
6.75 11.375 0.0
7.25 11.375 0.0
7.75 11.375 0.0
8.25 11.375 0.0
8.75 11.375 0.0
0.25 11.625 0.0
0.75 11.625 106440.52713
1.25 11.625 0.0
1.75 11.625 0.0
2.25 11.625 0.0
2.75 11.625 0.0
3.25 11.625 0.0
3.75 11.625 35480.1757101
4.25 11.625 0.0
4.75 11.625 0.0
5.25 11.625 0.0
5.75 11.625 0.0
6.25 11.625 0.0
6.75 11.625 0.0
7.25 11.625 0.0
7.75 11.625 0.0
8.25 11.625 0.0
8.75 11.625 0.0
0.25 11.875 35480.1757101
0.75 11.875 0.0
1.25 11.875 35480.1757101
1.75 11.875 0.0
2.25 11.875 0.0
2.75 11.875 0.0
3.25 11.875 0.0
3.75 11.875 35480.1757101
4.25 11.875 0.0
4.75 11.875 0.0
5.25 11.875 0.0
5.75 11.875 0.0
6.25 11.875 0.0
6.75 11.875 0.0
7.25 11.875 0.0
7.75 11.875 0.0
8.25 11.875 0.0
8.75 11.875 0.0
0.25 12.125 0.0
0.75 12.125 0.0
1.25 12.125 35480.1757101
1.75 12.125 0.0
2.25 12.125 0.0
2.75 12.125 0.0
3.25 12.125 0.0
3.75 12.125 0.0
4.25 12.125 0.0
4.75 12.125 0.0
5.25 12.125 0.0
5.75 12.125 0.0
6.25 12.125 0.0
6.75 12.125 0.0
7.25 12.125 0.0
7.75 12.125 0.0
8.25 12.125 0.0
8.75 12.125 0.0
0.25 12.375 35480.1757101
0.75 12.375 0.0
1.25 12.375 0.0
1.75 12.375 35480.1757101
2.25 12.375 0.0
2.75 12.375 0.0
3.25 12.375 0.0
3.75 12.375 0.0
4.25 12.375 0.0
4.75 12.375 0.0
5.25 12.375 0.0
5.75 12.375 0.0
6.25 12.375 0.0
6.75 12.375 0.0
7.25 12.375 0.0
7.75 12.375 0.0
8.25 12.375 0.0
8.75 12.375 0.0
0.25 12.625 0.0
0.75 12.625 0.0
1.25 12.625 35480.1757101
1.75 12.625 70960.3514203
2.25 12.625 0.0
2.75 12.625 0.0
3.25 12.625 0.0
3.75 12.625 35480.1757101
4.25 12.625 0.0
4.75 12.625 0.0
5.25 12.625 0.0
5.75 12.625 0.0
6.25 12.625 0.0
6.75 12.625 0.0
7.25 12.625 0.0
7.75 12.625 0.0
8.25 12.625 0.0
8.75 12.625 0.0
0.25 12.875 0.0
0.75 12.875 35480.1757101
1.25 12.875 0.0
1.75 12.875 35480.1757101
2.25 12.875 35480.1757101
2.75 12.875 0.0
3.25 12.875 0.0
3.75 12.875 0.0
4.25 12.875 0.0
4.75 12.875 0.0
5.25 12.875 0.0
5.75 12.875 0.0
6.25 12.875 0.0
6.75 12.875 0.0
7.25 12.875 0.0
7.75 12.875 0.0
8.25 12.875 0.0
8.75 12.875 0.0
0.25 13.125 0.0
0.75 13.125 0.0
1.25 13.125 0.0
1.75 13.125 70960.3514203
2.25 13.125 0.0
2.75 13.125 70960.3514203
3.25 13.125 0.0
3.75 13.125 0.0
4.25 13.125 0.0
4.75 13.125 0.0
5.25 13.125 0.0
5.75 13.125 0.0
6.25 13.125 0.0
6.75 13.125 0.0
7.25 13.125 0.0
7.75 13.125 0.0
8.25 13.125 0.0
8.75 13.125 0.0
0.25 13.375 0.0
0.75 13.375 0.0
1.25 13.375 0.0
1.75 13.375 0.0
2.25 13.375 0.0
2.75 13.375 0.0
3.25 13.375 0.0
3.75 13.375 0.0
4.25 13.375 0.0
4.75 13.375 0.0
5.25 13.375 0.0
5.75 13.375 0.0
6.25 13.375 0.0
6.75 13.375 0.0
7.25 13.375 0.0
7.75 13.375 0.0
8.25 13.375 0.0
8.75 13.375 0.0
0.25 13.625 70960.3514203
0.75 13.625 35480.1757101
1.25 13.625 0.0
1.75 13.625 0.0
2.25 13.625 0.0
2.75 13.625 0.0
3.25 13.625 0.0
3.75 13.625 0.0
4.25 13.625 0.0
4.75 13.625 0.0
5.25 13.625 0.0
5.75 13.625 0.0
6.25 13.625 0.0
6.75 13.625 0.0
7.25 13.625 0.0
7.75 13.625 0.0
8.25 13.625 0.0
8.75 13.625 0.0
0.25 13.875 0.0
0.75 13.875 70960.3514203
1.25 13.875 0.0
1.75 13.875 70960.3514203
2.25 13.875 0.0
2.75 13.875 35480.1757101
3.25 13.875 0.0
3.75 13.875 0.0
4.25 13.875 0.0
4.75 13.875 0.0
5.25 13.875 0.0
5.75 13.875 0.0
6.25 13.875 0.0
6.75 13.875 0.0
7.25 13.875 0.0
7.75 13.875 0.0
8.25 13.875 0.0
8.75 13.875 0.0
0.25 14.125 0.0
0.75 14.125 0.0
1.25 14.125 0.0
1.75 14.125 0.0
2.25 14.125 35480.1757101
2.75 14.125 0.0
3.25 14.125 0.0
3.75 14.125 0.0
4.25 14.125 0.0
4.75 14.125 0.0
5.25 14.125 0.0
5.75 14.125 0.0
6.25 14.125 0.0
6.75 14.125 0.0
7.25 14.125 0.0
7.75 14.125 0.0
8.25 14.125 0.0
8.75 14.125 0.0
0.25 14.375 0.0
0.75 14.375 0.0
1.25 14.375 35480.1757101
1.75 14.375 0.0
2.25 14.375 0.0
2.75 14.375 0.0
3.25 14.375 0.0
3.75 14.375 0.0
4.25 14.375 0.0
4.75 14.375 0.0
5.25 14.375 0.0
5.75 14.375 0.0
6.25 14.375 0.0
6.75 14.375 0.0
7.25 14.375 0.0
7.75 14.375 0.0
8.25 14.375 0.0
8.75 14.375 0.0
0.25 14.625 0.0
0.75 14.625 0.0
1.25 14.625 0.0
1.75 14.625 0.0
2.25 14.625 35480.1757101
2.75 14.625 0.0
3.25 14.625 0.0
3.75 14.625 0.0
4.25 14.625 0.0
4.75 14.625 0.0
5.25 14.625 0.0
5.75 14.625 0.0
6.25 14.625 0.0
6.75 14.625 0.0
7.25 14.625 0.0
7.75 14.625 0.0
8.25 14.625 0.0
8.75 14.625 0.0
0.25 14.875 0.0
0.75 14.875 0.0
1.25 14.875 0.0
1.75 14.875 35480.1757101
2.25 14.875 0.0
2.75 14.875 0.0
3.25 14.875 0.0
3.75 14.875 0.0
4.25 14.875 0.0
4.75 14.875 0.0
5.25 14.875 0.0
5.75 14.875 0.0
6.25 14.875 0.0
6.75 14.875 0.0
7.25 14.875 0.0
7.75 14.875 0.0
8.25 14.875 0.0
8.75 14.875 0.0
0.25 15.125 0.0
0.75 15.125 0.0
1.25 15.125 0.0
1.75 15.125 0.0
2.25 15.125 0.0
2.75 15.125 35480.1757101
3.25 15.125 0.0
3.75 15.125 0.0
4.25 15.125 0.0
4.75 15.125 0.0
5.25 15.125 0.0
5.75 15.125 0.0
6.25 15.125 0.0
6.75 15.125 0.0
7.25 15.125 0.0
7.75 15.125 0.0
8.25 15.125 0.0
8.75 15.125 0.0
0.25 15.375 0.0
0.75 15.375 35480.1757101
1.25 15.375 0.0
1.75 15.375 35480.1757101
2.25 15.375 0.0
2.75 15.375 35480.1757101
3.25 15.375 0.0
3.75 15.375 0.0
4.25 15.375 0.0
4.75 15.375 0.0
5.25 15.375 0.0
5.75 15.375 0.0
6.25 15.375 0.0
6.75 15.375 0.0
7.25 15.375 0.0
7.75 15.375 0.0
8.25 15.375 0.0
8.75 15.375 0.0
0.25 15.625 0.0
0.75 15.625 0.0
1.25 15.625 0.0
1.75 15.625 0.0
2.25 15.625 0.0
2.75 15.625 0.0
3.25 15.625 0.0
3.75 15.625 0.0
4.25 15.625 0.0
4.75 15.625 0.0
5.25 15.625 0.0
5.75 15.625 0.0
6.25 15.625 0.0
6.75 15.625 0.0
7.25 15.625 0.0
7.75 15.625 0.0
8.25 15.625 0.0
8.75 15.625 0.0
0.25 15.875 0.0
0.75 15.875 0.0
1.25 15.875 0.0
1.75 15.875 0.0
2.25 15.875 0.0
2.75 15.875 0.0
3.25 15.875 0.0
3.75 15.875 0.0
4.25 15.875 0.0
4.75 15.875 35480.1757101
5.25 15.875 0.0
5.75 15.875 0.0
6.25 15.875 0.0
6.75 15.875 0.0
7.25 15.875 0.0
7.75 15.875 0.0
8.25 15.875 0.0
8.75 15.875 0.0
0.25 16.125 0.0
0.75 16.125 0.0
1.25 16.125 0.0
1.75 16.125 0.0
2.25 16.125 0.0
2.75 16.125 0.0
3.25 16.125 0.0
3.75 16.125 0.0
4.25 16.125 0.0
4.75 16.125 0.0
5.25 16.125 0.0
5.75 16.125 0.0
6.25 16.125 0.0
6.75 16.125 0.0
7.25 16.125 0.0
7.75 16.125 0.0
8.25 16.125 0.0
8.75 16.125 0.0
0.25 16.375 35480.1757101
0.75 16.375 35480.1757101
1.25 16.375 0.0
1.75 16.375 35480.1757101
2.25 16.375 0.0
2.75 16.375 0.0
3.25 16.375 0.0
3.75 16.375 0.0
4.25 16.375 0.0
4.75 16.375 0.0
5.25 16.375 0.0
5.75 16.375 0.0
6.25 16.375 0.0
6.75 16.375 0.0
7.25 16.375 0.0
7.75 16.375 0.0
8.25 16.375 0.0
8.75 16.375 0.0
0.25 16.625 35480.1757101
0.75 16.625 0.0
1.25 16.625 0.0
1.75 16.625 0.0
2.25 16.625 70960.3514203
2.75 16.625 0.0
3.25 16.625 0.0
3.75 16.625 0.0
4.25 16.625 0.0
4.75 16.625 0.0
5.25 16.625 0.0
5.75 16.625 0.0
6.25 16.625 0.0
6.75 16.625 0.0
7.25 16.625 0.0
7.75 16.625 0.0
8.25 16.625 0.0
8.75 16.625 0.0
0.25 16.875 0.0
0.75 16.875 0.0
1.25 16.875 0.0
1.75 16.875 0.0
2.25 16.875 35480.1757101
2.75 16.875 0.0
3.25 16.875 35480.1757101
3.75 16.875 0.0
4.25 16.875 0.0
4.75 16.875 0.0
5.25 16.875 0.0
5.75 16.875 0.0
6.25 16.875 0.0
6.75 16.875 0.0
7.25 16.875 0.0
7.75 16.875 0.0
8.25 16.875 0.0
8.75 16.875 0.0
0.25 17.125 0.0
0.75 17.125 0.0
1.25 17.125 0.0
1.75 17.125 0.0
2.25 17.125 0.0
2.75 17.125 0.0
3.25 17.125 0.0
3.75 17.125 0.0
4.25 17.125 0.0
4.75 17.125 0.0
5.25 17.125 0.0
5.75 17.125 0.0
6.25 17.125 0.0
6.75 17.125 0.0
7.25 17.125 0.0
7.75 17.125 0.0
8.25 17.125 0.0
8.75 17.125 0.0
0.25 17.375 0.0
0.75 17.375 0.0
1.25 17.375 0.0
1.75 17.375 0.0
2.25 17.375 0.0
2.75 17.375 0.0
3.25 17.375 0.0
3.75 17.375 0.0
4.25 17.375 0.0
4.75 17.375 0.0
5.25 17.375 0.0
5.75 17.375 0.0
6.25 17.375 0.0
6.75 17.375 0.0
7.25 17.375 0.0
7.75 17.375 0.0
8.25 17.375 0.0
8.75 17.375 0.0
0.25 17.625 35480.1757101
0.75 17.625 0.0
1.25 17.625 0.0
1.75 17.625 0.0
2.25 17.625 0.0
2.75 17.625 0.0
3.25 17.625 0.0
3.75 17.625 0.0
4.25 17.625 0.0
4.75 17.625 0.0
5.25 17.625 0.0
5.75 17.625 0.0
6.25 17.625 0.0
6.75 17.625 0.0
7.25 17.625 0.0
7.75 17.625 0.0
8.25 17.625 0.0
8.75 17.625 0.0
0.25 17.875 0.0
0.75 17.875 0.0
1.25 17.875 0.0
1.75 17.875 0.0
2.25 17.875 0.0
2.75 17.875 0.0
3.25 17.875 0.0
3.75 17.875 0.0
4.25 17.875 0.0
4.75 17.875 0.0
5.25 17.875 0.0
5.75 17.875 0.0
6.25 17.875 0.0
6.75 17.875 0.0
7.25 17.875 0.0
7.75 17.875 0.0
8.25 17.875 0.0
8.75 17.875 0.0
0.25 18.125 35480.1757101
0.75 18.125 0.0
1.25 18.125 0.0
1.75 18.125 0.0
2.25 18.125 0.0
2.75 18.125 0.0
3.25 18.125 0.0
3.75 18.125 0.0
4.25 18.125 0.0
4.75 18.125 0.0
5.25 18.125 0.0
5.75 18.125 0.0
6.25 18.125 0.0
6.75 18.125 0.0
7.25 18.125 0.0
7.75 18.125 0.0
8.25 18.125 0.0
8.75 18.125 0.0
0.25 18.375 0.0
0.75 18.375 0.0
1.25 18.375 0.0
1.75 18.375 0.0
2.25 18.375 0.0
2.75 18.375 0.0
3.25 18.375 35480.1757101
3.75 18.375 0.0
4.25 18.375 0.0
4.75 18.375 0.0
5.25 18.375 0.0
5.75 18.375 0.0
6.25 18.375 0.0
6.75 18.375 0.0
7.25 18.375 0.0
7.75 18.375 0.0
8.25 18.375 0.0
8.75 18.375 0.0
0.25 18.625 35480.1757101
0.75 18.625 0.0
1.25 18.625 0.0
1.75 18.625 0.0
2.25 18.625 0.0
2.75 18.625 0.0
3.25 18.625 0.0
3.75 18.625 0.0
4.25 18.625 0.0
4.75 18.625 0.0
5.25 18.625 0.0
5.75 18.625 0.0
6.25 18.625 0.0
6.75 18.625 0.0
7.25 18.625 0.0
7.75 18.625 0.0
8.25 18.625 0.0
8.75 18.625 0.0
0.25 18.875 0.0
0.75 18.875 0.0
1.25 18.875 0.0
1.75 18.875 0.0
2.25 18.875 0.0
2.75 18.875 0.0
3.25 18.875 0.0
3.75 18.875 0.0
4.25 18.875 0.0
4.75 18.875 0.0
5.25 18.875 0.0
5.75 18.875 0.0
6.25 18.875 0.0
6.75 18.875 0.0
7.25 18.875 0.0
7.75 18.875 0.0
8.25 18.875 0.0
8.75 18.875 0.0
0.25 19.125 0.0
0.75 19.125 0.0
1.25 19.125 0.0
1.75 19.125 0.0
2.25 19.125 0.0
2.75 19.125 0.0
3.25 19.125 0.0
3.75 19.125 0.0
4.25 19.125 0.0
4.75 19.125 0.0
5.25 19.125 0.0
5.75 19.125 0.0
6.25 19.125 0.0
6.75 19.125 0.0
7.25 19.125 0.0
7.75 19.125 0.0
8.25 19.125 0.0
8.75 19.125 0.0
0.25 19.375 0.0
0.75 19.375 0.0
1.25 19.375 0.0
1.75 19.375 0.0
2.25 19.375 0.0
2.75 19.375 0.0
3.25 19.375 0.0
3.75 19.375 0.0
4.25 19.375 0.0
4.75 19.375 0.0
5.25 19.375 0.0
5.75 19.375 0.0
6.25 19.375 0.0
6.75 19.375 0.0
7.25 19.375 0.0
7.75 19.375 0.0
8.25 19.375 0.0
8.75 19.375 0.0
0.25 19.625 0.0
0.75 19.625 0.0
1.25 19.625 0.0
1.75 19.625 0.0
2.25 19.625 0.0
2.75 19.625 0.0
3.25 19.625 0.0
3.75 19.625 0.0
4.25 19.625 0.0
4.75 19.625 0.0
5.25 19.625 0.0
5.75 19.625 0.0
6.25 19.625 0.0
6.75 19.625 0.0
7.25 19.625 0.0
7.75 19.625 0.0
8.25 19.625 0.0
8.75 19.625 0.0
0.25 19.875 35480.1757101
0.75 19.875 0.0
1.25 19.875 0.0
1.75 19.875 0.0
2.25 19.875 0.0
2.75 19.875 0.0
3.25 19.875 35480.1757101
3.75 19.875 0.0
4.25 19.875 0.0
4.75 19.875 0.0
5.25 19.875 0.0
5.75 19.875 0.0
6.25 19.875 0.0
6.75 19.875 0.0
7.25 19.875 0.0
7.75 19.875 0.0
8.25 19.875 0.0
8.75 19.875 0.0
0.25 20.125 0.0
0.75 20.125 0.0
1.25 20.125 0.0
1.75 20.125 0.0
2.25 20.125 0.0
2.75 20.125 0.0
3.25 20.125 0.0
3.75 20.125 0.0
4.25 20.125 0.0
4.75 20.125 0.0
5.25 20.125 0.0
5.75 20.125 0.0
6.25 20.125 0.0
6.75 20.125 0.0
7.25 20.125 0.0
7.75 20.125 0.0
8.25 20.125 0.0
8.75 20.125 0.0
0.25 20.375 0.0
0.75 20.375 0.0
1.25 20.375 35480.1757101
1.75 20.375 0.0
2.25 20.375 0.0
2.75 20.375 0.0
3.25 20.375 0.0
3.75 20.375 0.0
4.25 20.375 0.0
4.75 20.375 0.0
5.25 20.375 0.0
5.75 20.375 0.0
6.25 20.375 0.0
6.75 20.375 0.0
7.25 20.375 0.0
7.75 20.375 0.0
8.25 20.375 0.0
8.75 20.375 0.0
0.25 20.625 35480.1757101
0.75 20.625 0.0
1.25 20.625 0.0
1.75 20.625 0.0
2.25 20.625 0.0
2.75 20.625 0.0
3.25 20.625 0.0
3.75 20.625 0.0
4.25 20.625 0.0
4.75 20.625 0.0
5.25 20.625 0.0
5.75 20.625 0.0
6.25 20.625 0.0
6.75 20.625 0.0
7.25 20.625 0.0
7.75 20.625 0.0
8.25 20.625 0.0
8.75 20.625 0.0
0.25 20.875 0.0
0.75 20.875 0.0
1.25 20.875 0.0
1.75 20.875 0.0
2.25 20.875 0.0
2.75 20.875 0.0
3.25 20.875 0.0
3.75 20.875 0.0
4.25 20.875 0.0
4.75 20.875 0.0
5.25 20.875 0.0
5.75 20.875 0.0
6.25 20.875 0.0
6.75 20.875 0.0
7.25 20.875 0.0
7.75 20.875 0.0
8.25 20.875 0.0
8.75 20.875 0.0
0.25 21.125 0.0
0.75 21.125 0.0
1.25 21.125 0.0
1.75 21.125 0.0
2.25 21.125 0.0
2.75 21.125 0.0
3.25 21.125 0.0
3.75 21.125 0.0
4.25 21.125 0.0
4.75 21.125 0.0
5.25 21.125 0.0
5.75 21.125 0.0
6.25 21.125 0.0
6.75 21.125 0.0
7.25 21.125 0.0
7.75 21.125 0.0
8.25 21.125 0.0
8.75 21.125 0.0
0.25 21.375 0.0
0.75 21.375 0.0
1.25 21.375 0.0
1.75 21.375 0.0
2.25 21.375 0.0
2.75 21.375 0.0
3.25 21.375 0.0
3.75 21.375 0.0
4.25 21.375 0.0
4.75 21.375 0.0
5.25 21.375 0.0
5.75 21.375 0.0
6.25 21.375 0.0
6.75 21.375 0.0
7.25 21.375 0.0
7.75 21.375 0.0
8.25 21.375 0.0
8.75 21.375 0.0
0.25 21.625 0.0
0.75 21.625 0.0
1.25 21.625 0.0
1.75 21.625 0.0
2.25 21.625 0.0
2.75 21.625 0.0
3.25 21.625 0.0
3.75 21.625 0.0
4.25 21.625 0.0
4.75 21.625 0.0
5.25 21.625 0.0
5.75 21.625 0.0
6.25 21.625 0.0
6.75 21.625 0.0
7.25 21.625 0.0
7.75 21.625 0.0
8.25 21.625 0.0
8.75 21.625 0.0
0.25 21.875 0.0
0.75 21.875 0.0
1.25 21.875 0.0
1.75 21.875 0.0
2.25 21.875 0.0
2.75 21.875 0.0
3.25 21.875 0.0
3.75 21.875 0.0
4.25 21.875 0.0
4.75 21.875 0.0
5.25 21.875 0.0
5.75 21.875 0.0
6.25 21.875 0.0
6.75 21.875 0.0
7.25 21.875 0.0
7.75 21.875 0.0
8.25 21.875 0.0
8.75 21.875 0.0
0.25 22.125 0.0
0.75 22.125 0.0
1.25 22.125 0.0
1.75 22.125 0.0
2.25 22.125 0.0
2.75 22.125 0.0
3.25 22.125 0.0
3.75 22.125 0.0
4.25 22.125 0.0
4.75 22.125 0.0
5.25 22.125 0.0
5.75 22.125 0.0
6.25 22.125 0.0
6.75 22.125 0.0
7.25 22.125 0.0
7.75 22.125 0.0
8.25 22.125 0.0
8.75 22.125 0.0
0.25 22.375 0.0
0.75 22.375 0.0
1.25 22.375 0.0
1.75 22.375 0.0
2.25 22.375 0.0
2.75 22.375 0.0
3.25 22.375 0.0
3.75 22.375 0.0
4.25 22.375 0.0
4.75 22.375 0.0
5.25 22.375 0.0
5.75 22.375 0.0
6.25 22.375 0.0
6.75 22.375 0.0
7.25 22.375 0.0
7.75 22.375 0.0
8.25 22.375 0.0
8.75 22.375 0.0
0.25 22.625 0.0
0.75 22.625 0.0
1.25 22.625 0.0
1.75 22.625 0.0
2.25 22.625 0.0
2.75 22.625 0.0
3.25 22.625 0.0
3.75 22.625 0.0
4.25 22.625 0.0
4.75 22.625 0.0
5.25 22.625 0.0
5.75 22.625 0.0
6.25 22.625 0.0
6.75 22.625 0.0
7.25 22.625 0.0
7.75 22.625 0.0
8.25 22.625 0.0
8.75 22.625 0.0
0.25 22.875 0.0
0.75 22.875 0.0
1.25 22.875 0.0
1.75 22.875 0.0
2.25 22.875 0.0
2.75 22.875 0.0
3.25 22.875 0.0
3.75 22.875 0.0
4.25 22.875 0.0
4.75 22.875 0.0
5.25 22.875 0.0
5.75 22.875 0.0
6.25 22.875 0.0
6.75 22.875 0.0
7.25 22.875 0.0
7.75 22.875 0.0
8.25 22.875 0.0
8.75 22.875 0.0
0.25 23.125 0.0
0.75 23.125 0.0
1.25 23.125 0.0
1.75 23.125 0.0
2.25 23.125 0.0
2.75 23.125 0.0
3.25 23.125 0.0
3.75 23.125 0.0
4.25 23.125 0.0
4.75 23.125 0.0
5.25 23.125 0.0
5.75 23.125 0.0
6.25 23.125 0.0
6.75 23.125 0.0
7.25 23.125 0.0
7.75 23.125 0.0
8.25 23.125 0.0
8.75 23.125 0.0
0.25 23.375 0.0
0.75 23.375 0.0
1.25 23.375 0.0
1.75 23.375 0.0
2.25 23.375 0.0
2.75 23.375 0.0
3.25 23.375 0.0
3.75 23.375 0.0
4.25 23.375 0.0
4.75 23.375 0.0
5.25 23.375 0.0
5.75 23.375 0.0
6.25 23.375 0.0
6.75 23.375 0.0
7.25 23.375 0.0
7.75 23.375 0.0
8.25 23.375 0.0
8.75 23.375 0.0
0.25 23.625 0.0
0.75 23.625 0.0
1.25 23.625 0.0
1.75 23.625 0.0
2.25 23.625 0.0
2.75 23.625 0.0
3.25 23.625 0.0
3.75 23.625 0.0
4.25 23.625 0.0
4.75 23.625 0.0
5.25 23.625 0.0
5.75 23.625 0.0
6.25 23.625 0.0
6.75 23.625 0.0
7.25 23.625 0.0
7.75 23.625 0.0
8.25 23.625 0.0
8.75 23.625 0.0
0.25 23.875 0.0
0.75 23.875 0.0
1.25 23.875 0.0
1.75 23.875 0.0
2.25 23.875 0.0
2.75 23.875 0.0
3.25 23.875 0.0
3.75 23.875 0.0
4.25 23.875 0.0
4.75 23.875 0.0
5.25 23.875 0.0
5.75 23.875 0.0
6.25 23.875 0.0
6.75 23.875 0.0
7.25 23.875 0.0
7.75 23.875 0.0
8.25 23.875 0.0
8.75 23.875 0.0
0.25 24.125 0.0
0.75 24.125 0.0
1.25 24.125 0.0
1.75 24.125 0.0
2.25 24.125 0.0
2.75 24.125 0.0
3.25 24.125 0.0
3.75 24.125 0.0
4.25 24.125 0.0
4.75 24.125 0.0
5.25 24.125 0.0
5.75 24.125 0.0
6.25 24.125 0.0
6.75 24.125 0.0
7.25 24.125 0.0
7.75 24.125 0.0
8.25 24.125 0.0
8.75 24.125 0.0
0.25 24.375 0.0
0.75 24.375 0.0
1.25 24.375 0.0
1.75 24.375 0.0
2.25 24.375 0.0
2.75 24.375 0.0
3.25 24.375 0.0
3.75 24.375 0.0
4.25 24.375 0.0
4.75 24.375 0.0
5.25 24.375 0.0
5.75 24.375 0.0
6.25 24.375 0.0
6.75 24.375 0.0
7.25 24.375 0.0
7.75 24.375 0.0
8.25 24.375 0.0
8.75 24.375 0.0
0.25 24.625 0.0
0.75 24.625 0.0
1.25 24.625 0.0
1.75 24.625 0.0
2.25 24.625 0.0
2.75 24.625 0.0
3.25 24.625 0.0
3.75 24.625 0.0
4.25 24.625 0.0
4.75 24.625 0.0
5.25 24.625 0.0
5.75 24.625 0.0
6.25 24.625 0.0
6.75 24.625 0.0
7.25 24.625 0.0
7.75 24.625 0.0
8.25 24.625 0.0
8.75 24.625 0.0
0.25 24.875 0.0
0.75 24.875 0.0
1.25 24.875 0.0
1.75 24.875 0.0
2.25 24.875 0.0
2.75 24.875 0.0
3.25 24.875 0.0
3.75 24.875 0.0
4.25 24.875 0.0
4.75 24.875 0.0
5.25 24.875 0.0
5.75 24.875 0.0
6.25 24.875 0.0
6.75 24.875 0.0
7.25 24.875 0.0
7.75 24.875 0.0
8.25 24.875 0.0
8.75 24.875 0.0
0.25 25.125 0.0
0.75 25.125 0.0
1.25 25.125 0.0
1.75 25.125 0.0
2.25 25.125 0.0
2.75 25.125 0.0
3.25 25.125 0.0
3.75 25.125 0.0
4.25 25.125 0.0
4.75 25.125 0.0
5.25 25.125 0.0
5.75 25.125 0.0
6.25 25.125 0.0
6.75 25.125 0.0
7.25 25.125 0.0
7.75 25.125 0.0
8.25 25.125 0.0
8.75 25.125 0.0
0.25 25.375 0.0
0.75 25.375 0.0
1.25 25.375 0.0
1.75 25.375 0.0
2.25 25.375 0.0
2.75 25.375 0.0
3.25 25.375 0.0
3.75 25.375 0.0
4.25 25.375 0.0
4.75 25.375 0.0
5.25 25.375 0.0
5.75 25.375 0.0
6.25 25.375 0.0
6.75 25.375 0.0
7.25 25.375 0.0
7.75 25.375 0.0
8.25 25.375 0.0
8.75 25.375 0.0
0.25 25.625 0.0
0.75 25.625 0.0
1.25 25.625 0.0
1.75 25.625 0.0
2.25 25.625 0.0
2.75 25.625 0.0
3.25 25.625 0.0
3.75 25.625 0.0
4.25 25.625 0.0
4.75 25.625 0.0
5.25 25.625 0.0
5.75 25.625 0.0
6.25 25.625 0.0
6.75 25.625 0.0
7.25 25.625 0.0
7.75 25.625 0.0
8.25 25.625 0.0
8.75 25.625 0.0
0.25 25.875 0.0
0.75 25.875 0.0
1.25 25.875 0.0
1.75 25.875 0.0
2.25 25.875 0.0
2.75 25.875 0.0
3.25 25.875 0.0
3.75 25.875 0.0
4.25 25.875 0.0
4.75 25.875 0.0
5.25 25.875 0.0
5.75 25.875 0.0
6.25 25.875 0.0
6.75 25.875 0.0
7.25 25.875 0.0
7.75 25.875 0.0
8.25 25.875 0.0
8.75 25.875 0.0
0.25 26.125 0.0
0.75 26.125 0.0
1.25 26.125 0.0
1.75 26.125 0.0
2.25 26.125 0.0
2.75 26.125 0.0
3.25 26.125 0.0
3.75 26.125 0.0
4.25 26.125 0.0
4.75 26.125 0.0
5.25 26.125 0.0
5.75 26.125 0.0
6.25 26.125 0.0
6.75 26.125 0.0
7.25 26.125 0.0
7.75 26.125 0.0
8.25 26.125 0.0
8.75 26.125 0.0
0.25 26.375 0.0
0.75 26.375 0.0
1.25 26.375 0.0
1.75 26.375 0.0
2.25 26.375 0.0
2.75 26.375 0.0
3.25 26.375 0.0
3.75 26.375 0.0
4.25 26.375 0.0
4.75 26.375 0.0
5.25 26.375 0.0
5.75 26.375 0.0
6.25 26.375 0.0
6.75 26.375 0.0
7.25 26.375 0.0
7.75 26.375 0.0
8.25 26.375 0.0
8.75 26.375 0.0
0.25 26.625 0.0
0.75 26.625 0.0
1.25 26.625 0.0
1.75 26.625 0.0
2.25 26.625 0.0
2.75 26.625 0.0
3.25 26.625 0.0
3.75 26.625 0.0
4.25 26.625 0.0
4.75 26.625 0.0
5.25 26.625 0.0
5.75 26.625 0.0
6.25 26.625 0.0
6.75 26.625 0.0
7.25 26.625 0.0
7.75 26.625 0.0
8.25 26.625 0.0
8.75 26.625 0.0
0.25 26.875 0.0
0.75 26.875 0.0
1.25 26.875 0.0
1.75 26.875 0.0
2.25 26.875 0.0
2.75 26.875 0.0
3.25 26.875 0.0
3.75 26.875 0.0
4.25 26.875 0.0
4.75 26.875 0.0
5.25 26.875 0.0
5.75 26.875 0.0
6.25 26.875 0.0
6.75 26.875 0.0
7.25 26.875 0.0
7.75 26.875 0.0
8.25 26.875 0.0
8.75 26.875 0.0
0.25 27.125 0.0
0.75 27.125 0.0
1.25 27.125 0.0
1.75 27.125 0.0
2.25 27.125 0.0
2.75 27.125 0.0
3.25 27.125 0.0
3.75 27.125 0.0
4.25 27.125 0.0
4.75 27.125 0.0
5.25 27.125 0.0
5.75 27.125 0.0
6.25 27.125 0.0
6.75 27.125 0.0
7.25 27.125 0.0
7.75 27.125 0.0
8.25 27.125 0.0
8.75 27.125 0.0
0.25 27.375 0.0
0.75 27.375 0.0
1.25 27.375 0.0
1.75 27.375 0.0
2.25 27.375 0.0
2.75 27.375 0.0
3.25 27.375 0.0
3.75 27.375 0.0
4.25 27.375 0.0
4.75 27.375 0.0
5.25 27.375 0.0
5.75 27.375 0.0
6.25 27.375 0.0
6.75 27.375 0.0
7.25 27.375 0.0
7.75 27.375 0.0
8.25 27.375 0.0
8.75 27.375 0.0
0.25 27.625 0.0
0.75 27.625 0.0
1.25 27.625 0.0
1.75 27.625 0.0
2.25 27.625 0.0
2.75 27.625 0.0
3.25 27.625 0.0
3.75 27.625 0.0
4.25 27.625 0.0
4.75 27.625 0.0
5.25 27.625 0.0
5.75 27.625 0.0
6.25 27.625 0.0
6.75 27.625 0.0
7.25 27.625 0.0
7.75 27.625 0.0
8.25 27.625 0.0
8.75 27.625 0.0
0.25 27.875 0.0
0.75 27.875 0.0
1.25 27.875 0.0
1.75 27.875 0.0
2.25 27.875 0.0
2.75 27.875 0.0
3.25 27.875 0.0
3.75 27.875 0.0
4.25 27.875 0.0
4.75 27.875 0.0
5.25 27.875 0.0
5.75 27.875 0.0
6.25 27.875 0.0
6.75 27.875 0.0
7.25 27.875 0.0
7.75 27.875 0.0
8.25 27.875 0.0
8.75 27.875 0.0
0.25 28.125 0.0
0.75 28.125 0.0
1.25 28.125 0.0
1.75 28.125 0.0
2.25 28.125 0.0
2.75 28.125 0.0
3.25 28.125 0.0
3.75 28.125 0.0
4.25 28.125 0.0
4.75 28.125 0.0
5.25 28.125 0.0
5.75 28.125 0.0
6.25 28.125 0.0
6.75 28.125 0.0
7.25 28.125 0.0
7.75 28.125 0.0
8.25 28.125 0.0
8.75 28.125 0.0
0.25 28.375 0.0
0.75 28.375 0.0
1.25 28.375 0.0
1.75 28.375 0.0
2.25 28.375 0.0
2.75 28.375 0.0
3.25 28.375 0.0
3.75 28.375 0.0
4.25 28.375 0.0
4.75 28.375 0.0
5.25 28.375 0.0
5.75 28.375 0.0
6.25 28.375 0.0
6.75 28.375 0.0
7.25 28.375 0.0
7.75 28.375 0.0
8.25 28.375 0.0
8.75 28.375 0.0
0.25 28.625 0.0
0.75 28.625 0.0
1.25 28.625 0.0
1.75 28.625 0.0
2.25 28.625 0.0
2.75 28.625 0.0
3.25 28.625 0.0
3.75 28.625 0.0
4.25 28.625 0.0
4.75 28.625 0.0
5.25 28.625 0.0
5.75 28.625 0.0
6.25 28.625 0.0
6.75 28.625 0.0
7.25 28.625 0.0
7.75 28.625 0.0
8.25 28.625 0.0
8.75 28.625 0.0
0.25 28.875 0.0
0.75 28.875 0.0
1.25 28.875 0.0
1.75 28.875 0.0
2.25 28.875 0.0
2.75 28.875 0.0
3.25 28.875 0.0
3.75 28.875 0.0
4.25 28.875 0.0
4.75 28.875 0.0
5.25 28.875 0.0
5.75 28.875 0.0
6.25 28.875 0.0
6.75 28.875 0.0
7.25 28.875 0.0
7.75 28.875 0.0
8.25 28.875 0.0
8.75 28.875 0.0
0.25 29.125 0.0
0.75 29.125 0.0
1.25 29.125 0.0
1.75 29.125 0.0
2.25 29.125 0.0
2.75 29.125 0.0
3.25 29.125 0.0
3.75 29.125 0.0
4.25 29.125 0.0
4.75 29.125 0.0
5.25 29.125 0.0
5.75 29.125 0.0
6.25 29.125 0.0
6.75 29.125 0.0
7.25 29.125 0.0
7.75 29.125 0.0
8.25 29.125 0.0
8.75 29.125 0.0
0.25 29.375 0.0
0.75 29.375 0.0
1.25 29.375 0.0
1.75 29.375 0.0
2.25 29.375 0.0
2.75 29.375 0.0
3.25 29.375 0.0
3.75 29.375 0.0
4.25 29.375 0.0
4.75 29.375 0.0
5.25 29.375 0.0
5.75 29.375 0.0
6.25 29.375 0.0
6.75 29.375 0.0
7.25 29.375 0.0
7.75 29.375 0.0
8.25 29.375 0.0
8.75 29.375 0.0
0.25 29.625 0.0
0.75 29.625 0.0
1.25 29.625 0.0
1.75 29.625 0.0
2.25 29.625 0.0
2.75 29.625 0.0
3.25 29.625 0.0
3.75 29.625 0.0
4.25 29.625 0.0
4.75 29.625 0.0
5.25 29.625 0.0
5.75 29.625 0.0
6.25 29.625 0.0
6.75 29.625 0.0
7.25 29.625 0.0
7.75 29.625 0.0
8.25 29.625 0.0
8.75 29.625 0.0
0.25 29.875 0.0
0.75 29.875 0.0
1.25 29.875 0.0
1.75 29.875 0.0
2.25 29.875 0.0
2.75 29.875 0.0
3.25 29.875 0.0
3.75 29.875 0.0
4.25 29.875 0.0
4.75 29.875 0.0
5.25 29.875 0.0
5.75 29.875 0.0
6.25 29.875 0.0
6.75 29.875 0.0
7.25 29.875 0.0
7.75 29.875 0.0
8.25 29.875 0.0
8.75 29.875 0.0
