0.25 0.125 28419620.7438
0.75 0.125 15753198.0153
1.25 0.125 11140775.173
1.75 0.125 11105294.9973
2.25 0.125 9898969.02313
2.75 0.125 10963374.2944
3.25 0.125 11034334.6459
3.75 0.125 11105294.9973
4.25 0.125 9579647.44174
4.75 0.125 8124960.23762
5.25 0.125 7557277.42626
5.75 0.125 5428466.88365
6.25 0.125 5712308.28933
6.75 0.125 3796378.80099
7.25 0.125 2696493.35397
7.75 0.125 1703048.43409
8.25 0.125 70960.3514203
8.75 0.125 0.0
0.25 0.375 58897091.6788
0.75 0.375 38354069.9427
1.25 0.375 31116114.0978
1.75 0.375 28987303.5552
2.25 0.375 26468211.0798
2.75 0.375 27639056.8782
3.25 0.375 27710017.2296
3.75 0.375 25971488.6198
4.25 0.375 24978043.6999
4.75 0.375 22742792.6302
5.25 0.375 20081779.4519
5.75 0.375 15575797.1368
6.25 0.375 12950264.1342
6.75 0.375 10537612.1859
7.25 0.375 7202475.66916
7.75 0.375 2661013.17826
8.25 0.375 141920.702841
8.75 0.375 0.0
0.25 0.625 74047126.7071
0.75 0.625 54178228.3094
1.25 0.625 45662986.139
1.75 0.625 44030898.0563
2.25 0.625 37821867.307
2.75 0.625 39560395.9168
3.25 0.625 37786387.1313
3.75 0.625 37821867.307
4.25 0.625 35480175.7101
4.75 0.625 34202889.3846
5.25 0.625 28348660.3924
5.75 0.625 23984598.7801
6.25 0.625 16924043.8137
6.75 0.625 12489021.85
7.25 0.625 9366766.38748
7.75 0.625 3051295.11107
8.25 0.625 106440.52713
8.75 0.625 0.0
0.25 0.875 82136606.769
0.75 0.875 60777540.9915
1.25 0.875 57265003.5962
1.75 0.875 50275408.9813
2.25 0.875 49672245.9942
2.75 0.875 45237224.0304
3.25 0.875 44811461.9219
3.75 0.875 41440845.2294
4.25 0.875 42008528.0408
4.75 0.875 37183224.1442
5.25 0.875 32428880.5991
5.75 0.875 27887418.1082
6.25 0.875 20684942.439
6.75 0.875 13659867.6484
7.25 0.875 9118405.15751
7.75 0.875 2554572.65113
8.25 0.875 35480.1757101
8.75 0.875 0.0
0.25 1.125 76495258.8311
0.75 1.125 67163972.6193
1.25 1.125 57158563.069
1.75 1.125 49459364.9399
2.25 1.125 48253038.9658
2.75 1.125 44669541.2191
3.25 1.125 44066378.232
3.75 1.125 42895532.4336
4.25 1.125 36154299.0486
4.75 1.125 36402660.2786
5.25 1.125 30371030.4079
5.75 1.125 26326290.3769
6.25 1.125 19904378.5734
6.75 1.125 13163145.1885
7.25 1.125 7202475.66916
7.75 1.125 1596607.90696
8.25 1.125 106440.52713
8.75 1.125 0.0
0.25 1.375 58081047.6375
0.75 1.375 54887831.8236
1.25 1.375 47933717.3844
1.75 1.375 44101858.4077
2.25 1.375 41476325.4052
2.75 1.375 35799497.2915
3.25 1.375 35870457.643
3.75 1.375 34167409.2089
4.25 1.375 31222554.6249
4.75 1.375 26893973.1883
5.25 1.375 22387990.8731
5.75 1.375 19549576.8163
6.25 1.375 14795233.2711
6.75 1.375 9721568.14458
7.25 1.375 5251066.0051
7.75 1.375 567682.811362
8.25 1.375 0.0
8.75 1.375 0.0
0.25 1.625 46372589.6532
0.75 1.625 42469770.325
1.25 1.625 37715426.7799
1.75 1.625 33741647.1003
2.25 1.625 30761312.3407
2.75 1.625 29448545.8394
3.25 1.625 26645611.9583
3.75 1.625 23629797.023
4.25 1.625 22387990.8731
4.75 1.625 20649462.2633
5.25 1.625 16569242.0566
5.75 1.625 12701902.9042
6.25 1.625 9473206.91461
6.75 1.625 6209030.74927
7.25 1.625 2838414.05681
7.75 1.625 390281.932812
8.25 1.625 0.0
8.75 1.625 0.0
0.25 1.875 33173964.289
0.75 1.875 30583911.4621
1.25 1.875 30371030.4079
1.75 1.875 25510246.3356
2.25 1.875 24268440.1857
2.75 1.875 24091039.3072
3.25 1.875 20294660.5062
3.75 1.875 19975338.9248
4.25 1.875 17030484.3409
4.75 1.875 15469356.6096
5.25 1.875 12240660.62
5.75 1.875 8657162.87327
6.25 1.875 6563832.50638
6.75 1.875 3193215.81391
7.25 1.875 1099885.44701
7.75 1.875 248361.229971
8.25 1.875 0.0
8.75 1.875 0.0
0.25 2.125 26716572.3097
0.75 2.125 23310475.4416
1.25 2.125 21855788.2374
1.75 2.125 21430026.1289
2.25 2.125 20826863.1419
2.75 2.125 17207885.2194
3.25 2.125 15433876.4339
3.75 2.125 14369471.1626
4.25 2.125 12027779.5657
4.75 2.125 10147330.2531
5.25 2.125 7663717.95339
5.75 2.125 6209030.74927
6.25 2.125 4470502.13948
6.75 2.125 2590052.82684
7.25 2.125 887004.392754
7.75 2.125 70960.3514203
8.25 2.125 0.0
8.75 2.125 0.0
0.25 2.375 19797938.0463
0.75 2.375 19017374.1806
1.25 2.375 17846528.3822
1.75 2.375 17456246.4494
2.25 2.375 15008114.3254
2.75 2.375 14227550.4598
3.25 2.375 13056704.6613
3.75 2.375 11637497.6329
4.25 2.375 10324731.1317
4.75 2.375 6847673.91206
5.25 2.375 5996149.69501
5.75 2.375 4576942.66661
6.25 2.375 2767453.70539
6.75 2.375 1703048.43409
7.25 2.375 461242.284232
7.75 2.375 0.0
8.25 2.375 0.0
8.75 2.375 0.0
0.25 2.625 14440431.514
0.75 2.625 14688792.744
1.25 2.625 13659867.6484
1.75 2.625 12098739.9172
2.25 2.625 12559982.2014
2.75 2.625 9686087.96887
3.25 2.625 9934449.19884
3.75 2.625 7983039.53478
4.25 2.625 6599312.68209
4.75 2.625 5676828.11362
5.25 2.625 4364061.61235
5.75 2.625 3122255.46249
6.25 2.625 1596607.90696
6.75 2.625 1099885.44701
7.25 2.625 283841.405681
7.75 2.625 35480.1757101
8.25 2.625 0.0
8.75 2.625 0.0
0.25 2.875 11602017.4572
0.75 2.875 10431171.6588
1.25 2.875 10785973.4159
1.75 2.875 10573092.3616
2.25 2.875 8621682.69756
2.75 2.875 9047444.80609
3.25 2.875 7060554.96632
3.75 2.875 6599312.68209
4.25 2.875 4789823.72087
4.75 2.875 3654458.09814
5.25 2.875 2731973.52968
5.75 2.875 2128810.54261
6.25 2.875 1419207.02841
6.75 2.875 603162.987072
7.25 2.875 141920.702841
7.75 2.875 0.0
8.25 2.875 0.0
8.75 2.875 0.0
0.25 3.125 8763603.40041
0.75 3.125 8373321.46759
1.25 3.125 8124960.23762
1.75 3.125 7450836.89913
2.25 3.125 6989594.6149
2.75 3.125 6954114.43919
3.25 3.125 5854228.99217
3.75 3.125 5215585.82939
4.25 3.125 4328581.43664
4.75 3.125 2590052.82684
5.25 3.125 1915929.48835
5.75 3.125 1738528.6098
6.25 3.125 1064405.2713
6.75 3.125 567682.811362
7.25 3.125 70960.3514203
7.75 3.125 0.0
8.25 3.125 0.0
8.75 3.125 0.0
0.25 3.375 7202475.66916
0.75 3.375 7486317.07484
1.25 3.375 6883154.08777
1.75 3.375 5712308.28933
2.25 3.375 5463947.05936
2.75 3.375 5038184.95084
3.25 3.375 4683383.19374
3.75 3.375 4044740.03096
4.25 3.375 2873894.23252
4.75 3.375 1915929.48835
5.25 3.375 1561127.73125
5.75 3.375 1596607.90696
6.25 3.375 780563.865623
6.75 3.375 248361.229971
7.25 3.375 0.0
7.75 3.375 0.0
8.25 3.375 0.0
8.75 3.375 0.0
0.25 3.625 6067110.04643
0.75 3.625 6173550.57356
1.25 3.625 5428466.88365
1.75 3.625 4896264.248
2.25 3.625 4222140.90951
2.75 3.625 3725418.44956
3.25 3.625 3831858.9767
3.75 3.625 2554572.65113
4.25 3.625 1951409.66406
4.75 3.625 2235251.06974
5.25 3.625 1383726.8527
5.75 3.625 887004.392754
6.25 3.625 390281.932812
6.75 3.625 141920.702841
7.25 3.625 35480.1757101
7.75 3.625 0.0
8.25 3.625 0.0
8.75 3.625 0.0
0.25 3.875 5286546.18081
0.75 3.875 4896264.248
1.25 3.875 4364061.61235
1.75 3.875 3725418.44956
2.25 3.875 3867339.15241
2.75 3.875 3264176.16533
3.25 3.875 2341691.59687
3.75 3.875 2838414.05681
4.25 3.875 1915929.48835
4.75 3.875 1348246.67699
5.25 3.875 1135365.62272
5.75 3.875 709603.514203
6.25 3.875 390281.932812
6.75 3.875 106440.52713
7.25 3.875 0.0
7.75 3.875 0.0
8.25 3.875 0.0
8.75 3.875 0.0
0.25 4.125 4044740.03096
0.75 4.125 3122255.46249
1.25 4.125 3370616.69246
1.75 4.125 2767453.70539
2.25 4.125 3618977.92243
2.75 4.125 2802933.8811
3.25 4.125 2057850.19119
3.75 4.125 1383726.8527
4.25 4.125 1632088.08267
4.75 4.125 674123.338493
5.25 4.125 390281.932812
5.75 4.125 283841.405681
6.25 4.125 248361.229971
6.75 4.125 35480.1757101
7.25 4.125 0.0
7.75 4.125 0.0
8.25 4.125 0.0
8.75 4.125 0.0
0.25 4.375 2838414.05681
0.75 4.375 3618977.92243
1.25 4.375 3051295.11107
1.75 4.375 2519092.47542
2.25 4.375 2235251.06974
2.75 4.375 2022370.01548
3.25 4.375 2022370.01548
3.75 4.375 1490167.37983
4.25 4.375 1099885.44701
4.75 4.375 816044.041333
5.25 4.375 390281.932812
5.75 4.375 319321.581391
6.25 4.375 283841.405681
6.75 4.375 0.0
7.25 4.375 0.0
7.75 4.375 0.0
8.25 4.375 0.0
8.75 4.375 0.0
0.25 4.625 2767453.70539
0.75 4.625 2377171.77258
1.25 4.625 2057850.19119
1.75 4.625 2199770.89403
2.25 4.625 1986889.83977
2.75 4.625 1312766.50128
3.25 4.625 1561127.73125
3.75 4.625 1241806.14985
4.25 4.625 745083.689913
4.75 4.625 638643.162783
5.25 4.625 461242.284232
5.75 4.625 354801.757101
6.25 4.625 212881.054261
6.75 4.625 141920.702841
7.25 4.625 0.0
7.75 4.625 0.0
8.25 4.625 0.0
8.75 4.625 0.0
0.25 4.875 2377171.77258
0.75 4.875 2377171.77258
1.25 4.875 1809488.96122
1.75 4.875 1454687.20412
2.25 4.875 1951409.66406
2.75 4.875 1206325.97414
3.25 4.875 1099885.44701
3.75 4.875 1490167.37983
4.25 4.875 780563.865623
4.75 4.875 319321.581391
5.25 4.875 496722.459942
5.75 4.875 319321.581391
6.25 4.875 106440.52713
6.75 4.875 35480.1757101
7.25 4.875 0.0
7.75 4.875 0.0
8.25 4.875 0.0
8.75 4.875 0.0
0.25 5.125 1348246.67699
0.75 5.125 1596607.90696
1.25 5.125 1135365.62272
1.75 5.125 1561127.73125
2.25 5.125 1348246.67699
2.75 5.125 1028925.09559
3.25 5.125 993444.919884
3.75 5.125 425762.108522
4.25 5.125 532202.635652
4.75 5.125 319321.581391
5.25 5.125 461242.284232
5.75 5.125 319321.581391
6.25 5.125 35480.1757101
6.75 5.125 0.0
7.25 5.125 0.0
7.75 5.125 0.0
8.25 5.125 0.0
8.75 5.125 0.0
0.25 5.375 1596607.90696
0.75 5.375 1454687.20412
1.25 5.375 1383726.8527
1.75 5.375 1099885.44701
2.25 5.375 887004.392754
2.75 5.375 1383726.8527
3.25 5.375 638643.162783
3.75 5.375 745083.689913
4.25 5.375 709603.514203
4.75 5.375 354801.757101
5.25 5.375 425762.108522
5.75 5.375 35480.1757101
6.25 5.375 106440.52713
6.75 5.375 0.0
7.25 5.375 0.0
7.75 5.375 0.0
8.25 5.375 0.0
8.75 5.375 0.0
0.25 5.625 887004.392754
0.75 5.625 1419207.02841
1.25 5.625 1170845.79843
1.75 5.625 780563.865623
2.25 5.625 1135365.62272
2.75 5.625 1099885.44701
3.25 5.625 780563.865623
3.75 5.625 354801.757101
4.25 5.625 638643.162783
4.75 5.625 248361.229971
5.25 5.625 248361.229971
5.75 5.625 177400.878551
6.25 5.625 70960.3514203
6.75 5.625 0.0
7.25 5.625 0.0
7.75 5.625 0.0
8.25 5.625 0.0
8.75 5.625 0.0
0.25 5.875 1135365.62272
0.75 5.875 1419207.02841
1.25 5.875 1028925.09559
1.75 5.875 957964.744174
2.25 5.875 1206325.97414
2.75 5.875 709603.514203
3.25 5.875 283841.405681
3.75 5.875 390281.932812
4.25 5.875 390281.932812
4.75 5.875 354801.757101
5.25 5.875 177400.878551
5.75 5.875 35480.1757101
6.25 5.875 70960.3514203
6.75 5.875 35480.1757101
7.25 5.875 0.0
7.75 5.875 0.0
8.25 5.875 0.0
8.75 5.875 0.0
0.25 6.125 567682.811362
0.75 6.125 851524.217043
1.25 6.125 745083.689913
1.75 6.125 922484.568464
2.25 6.125 993444.919884
2.75 6.125 496722.459942
3.25 6.125 567682.811362
3.75 6.125 461242.284232
4.25 6.125 319321.581391
4.75 6.125 248361.229971
5.25 6.125 35480.1757101
5.75 6.125 70960.3514203
6.25 6.125 35480.1757101
6.75 6.125 0.0
7.25 6.125 0.0
7.75 6.125 0.0
8.25 6.125 0.0
8.75 6.125 0.0
0.25 6.375 887004.392754
0.75 6.375 957964.744174
1.25 6.375 496722.459942
1.75 6.375 745083.689913
2.25 6.375 603162.987072
2.75 6.375 638643.162783
3.25 6.375 212881.054261
3.75 6.375 283841.405681
4.25 6.375 319321.581391
4.75 6.375 212881.054261
5.25 6.375 177400.878551
5.75 6.375 35480.1757101
6.25 6.375 35480.1757101
6.75 6.375 0.0
7.25 6.375 0.0
7.75 6.375 0.0
8.25 6.375 0.0
8.75 6.375 0.0
0.25 6.625 709603.514203
0.75 6.625 745083.689913
1.25 6.625 638643.162783
1.75 6.625 674123.338493
2.25 6.625 567682.811362
2.75 6.625 425762.108522
3.25 6.625 496722.459942
3.75 6.625 496722.459942
4.25 6.625 354801.757101
4.75 6.625 141920.702841
5.25 6.625 106440.52713
5.75 6.625 106440.52713
6.25 6.625 35480.1757101
6.75 6.625 0.0
7.25 6.625 0.0
7.75 6.625 0.0
8.25 6.625 0.0
8.75 6.625 0.0
0.25 6.875 496722.459942
0.75 6.875 638643.162783
1.25 6.875 603162.987072
1.75 6.875 532202.635652
2.25 6.875 532202.635652
2.75 6.875 283841.405681
3.25 6.875 319321.581391
3.75 6.875 212881.054261
4.25 6.875 283841.405681
4.75 6.875 177400.878551
5.25 6.875 70960.3514203
5.75 6.875 106440.52713
6.25 6.875 0.0
6.75 6.875 0.0
7.25 6.875 0.0
7.75 6.875 0.0
8.25 6.875 0.0
8.75 6.875 0.0
0.25 7.125 496722.459942
0.75 7.125 425762.108522
1.25 7.125 461242.284232
1.75 7.125 212881.054261
2.25 7.125 461242.284232
2.75 7.125 319321.581391
3.25 7.125 248361.229971
3.75 7.125 248361.229971
4.25 7.125 283841.405681
4.75 7.125 70960.3514203
5.25 7.125 0.0
5.75 7.125 70960.3514203
6.25 7.125 35480.1757101
6.75 7.125 0.0
7.25 7.125 0.0
7.75 7.125 0.0
8.25 7.125 0.0
8.75 7.125 0.0
0.25 7.375 319321.581391
0.75 7.375 354801.757101
1.25 7.375 425762.108522
1.75 7.375 390281.932812
2.25 7.375 425762.108522
2.75 7.375 425762.108522
3.25 7.375 70960.3514203
3.75 7.375 141920.702841
4.25 7.375 106440.52713
4.75 7.375 0.0
5.25 7.375 106440.52713
5.75 7.375 0.0
6.25 7.375 0.0
6.75 7.375 0.0
7.25 7.375 0.0
7.75 7.375 0.0
8.25 7.375 0.0
8.75 7.375 0.0
0.25 7.625 532202.635652
0.75 7.625 532202.635652
1.25 7.625 603162.987072
1.75 7.625 319321.581391
2.25 7.625 141920.702841
2.75 7.625 283841.405681
3.25 7.625 141920.702841
3.75 7.625 70960.3514203
4.25 7.625 106440.52713
4.75 7.625 106440.52713
5.25 7.625 70960.3514203
5.75 7.625 35480.1757101
6.25 7.625 0.0
6.75 7.625 0.0
7.25 7.625 0.0
7.75 7.625 0.0
8.25 7.625 0.0
8.75 7.625 0.0
0.25 7.875 425762.108522
0.75 7.875 390281.932812
1.25 7.875 425762.108522
1.75 7.875 248361.229971
2.25 7.875 141920.702841
2.75 7.875 177400.878551
3.25 7.875 35480.1757101
3.75 7.875 70960.3514203
4.25 7.875 141920.702841
4.75 7.875 70960.3514203
5.25 7.875 35480.1757101
5.75 7.875 0.0
6.25 7.875 0.0
6.75 7.875 0.0
7.25 7.875 0.0
7.75 7.875 0.0
8.25 7.875 0.0
8.75 7.875 0.0
0.25 8.125 319321.581391
0.75 8.125 212881.054261
1.25 8.125 354801.757101
1.75 8.125 141920.702841
2.25 8.125 248361.229971
2.75 8.125 248361.229971
3.25 8.125 248361.229971
3.75 8.125 212881.054261
4.25 8.125 70960.3514203
4.75 8.125 35480.1757101
5.25 8.125 0.0
5.75 8.125 0.0
6.25 8.125 0.0
6.75 8.125 0.0
7.25 8.125 0.0
7.75 8.125 0.0
8.25 8.125 0.0
8.75 8.125 0.0
0.25 8.375 141920.702841
0.75 8.375 35480.1757101
1.25 8.375 248361.229971
1.75 8.375 212881.054261
2.25 8.375 283841.405681
2.75 8.375 106440.52713
3.25 8.375 283841.405681
3.75 8.375 106440.52713
4.25 8.375 70960.3514203
4.75 8.375 35480.1757101
5.25 8.375 35480.1757101
5.75 8.375 0.0
6.25 8.375 0.0
6.75 8.375 0.0
7.25 8.375 0.0
7.75 8.375 0.0
8.25 8.375 0.0
8.75 8.375 0.0
0.25 8.625 319321.581391
0.75 8.625 567682.811362
1.25 8.625 106440.52713
1.75 8.625 106440.52713
2.25 8.625 141920.702841
2.75 8.625 141920.702841
3.25 8.625 106440.52713
3.75 8.625 70960.3514203
4.25 8.625 35480.1757101
4.75 8.625 35480.1757101
5.25 8.625 0.0
5.75 8.625 0.0
6.25 8.625 0.0
6.75 8.625 0.0
7.25 8.625 0.0
7.75 8.625 0.0
8.25 8.625 0.0
8.75 8.625 0.0
0.25 8.875 177400.878551
0.75 8.875 106440.52713
1.25 8.875 283841.405681
1.75 8.875 70960.3514203
2.25 8.875 283841.405681
2.75 8.875 35480.1757101
3.25 8.875 177400.878551
3.75 8.875 35480.1757101
4.25 8.875 35480.1757101
4.75 8.875 0.0
5.25 8.875 70960.3514203
5.75 8.875 0.0
6.25 8.875 0.0
6.75 8.875 0.0
7.25 8.875 0.0
7.75 8.875 0.0
8.25 8.875 0.0
8.75 8.875 0.0
0.25 9.125 212881.054261
0.75 9.125 212881.054261
1.25 9.125 177400.878551
1.75 9.125 177400.878551
2.25 9.125 141920.702841
2.75 9.125 70960.3514203
3.25 9.125 141920.702841
3.75 9.125 35480.1757101
4.25 9.125 0.0
4.75 9.125 106440.52713
5.25 9.125 0.0
5.75 9.125 0.0
6.25 9.125 0.0
6.75 9.125 0.0
7.25 9.125 0.0
7.75 9.125 0.0
8.25 9.125 0.0
8.75 9.125 0.0
0.25 9.375 0.0
0.75 9.375 177400.878551
1.25 9.375 106440.52713
1.75 9.375 283841.405681
2.25 9.375 248361.229971
2.75 9.375 283841.405681
3.25 9.375 141920.702841
3.75 9.375 35480.1757101
4.25 9.375 0.0
4.75 9.375 70960.3514203
5.25 9.375 0.0
5.75 9.375 0.0
6.25 9.375 0.0
6.75 9.375 0.0
7.25 9.375 0.0
7.75 9.375 0.0
8.25 9.375 0.0
8.75 9.375 0.0
0.25 9.625 106440.52713
0.75 9.625 141920.702841
1.25 9.625 141920.702841
1.75 9.625 70960.3514203
2.25 9.625 177400.878551
2.75 9.625 212881.054261
3.25 9.625 106440.52713
3.75 9.625 70960.3514203
4.25 9.625 70960.3514203
4.75 9.625 35480.1757101
5.25 9.625 0.0
5.75 9.625 0.0
6.25 9.625 0.0
6.75 9.625 0.0
7.25 9.625 0.0
7.75 9.625 0.0
8.25 9.625 0.0
8.75 9.625 0.0
0.25 9.875 106440.52713
0.75 9.875 248361.229971
1.25 9.875 70960.3514203
1.75 9.875 0.0
2.25 9.875 35480.1757101
2.75 9.875 35480.1757101
3.25 9.875 70960.3514203
3.75 9.875 0.0
4.25 9.875 0.0
4.75 9.875 0.0
5.25 9.875 0.0
5.75 9.875 35480.1757101
6.25 9.875 0.0
6.75 9.875 0.0
7.25 9.875 0.0
7.75 9.875 0.0
8.25 9.875 0.0
8.75 9.875 0.0
0.25 10.125 177400.878551
0.75 10.125 35480.1757101
1.25 10.125 141920.702841
1.75 10.125 106440.52713
2.25 10.125 70960.3514203
2.75 10.125 141920.702841
3.25 10.125 0.0
3.75 10.125 70960.3514203
4.25 10.125 0.0
4.75 10.125 0.0
5.25 10.125 35480.1757101
5.75 10.125 0.0
6.25 10.125 0.0
6.75 10.125 0.0
7.25 10.125 0.0
7.75 10.125 0.0
8.25 10.125 0.0
8.75 10.125 0.0
0.25 10.375 70960.3514203
0.75 10.375 177400.878551
1.25 10.375 141920.702841
1.75 10.375 141920.702841
2.25 10.375 0.0
2.75 10.375 70960.3514203
3.25 10.375 35480.1757101
3.75 10.375 35480.1757101
4.25 10.375 35480.1757101
4.75 10.375 35480.1757101
5.25 10.375 0.0
5.75 10.375 0.0
6.25 10.375 0.0
6.75 10.375 0.0
7.25 10.375 0.0
7.75 10.375 0.0
8.25 10.375 0.0
8.75 10.375 0.0
0.25 10.625 106440.52713
0.75 10.625 212881.054261
1.25 10.625 70960.3514203
1.75 10.625 70960.3514203
2.25 10.625 70960.3514203
2.75 10.625 0.0
3.25 10.625 106440.52713
3.75 10.625 35480.1757101
4.25 10.625 0.0
4.75 10.625 0.0
5.25 10.625 35480.1757101
5.75 10.625 0.0
6.25 10.625 0.0
6.75 10.625 0.0
7.25 10.625 0.0
7.75 10.625 0.0
8.25 10.625 0.0
8.75 10.625 0.0
0.25 10.875 106440.52713
0.75 10.875 177400.878551
1.25 10.875 70960.3514203
1.75 10.875 177400.878551
2.25 10.875 35480.1757101
2.75 10.875 177400.878551
3.25 10.875 0.0
3.75 10.875 0.0
4.25 10.875 0.0
4.75 10.875 0.0
5.25 10.875 0.0
5.75 10.875 0.0
6.25 10.875 0.0
6.75 10.875 0.0
7.25 10.875 0.0
7.75 10.875 0.0
8.25 10.875 0.0
8.75 10.875 0.0
0.25 11.125 212881.054261
0.75 11.125 70960.3514203
1.25 11.125 0.0
1.75 11.125 106440.52713
2.25 11.125 141920.702841
2.75 11.125 35480.1757101
3.25 11.125 141920.702841
3.75 11.125 0.0
4.25 11.125 70960.3514203
4.75 11.125 35480.1757101
5.25 11.125 0.0
5.75 11.125 35480.1757101
6.25 11.125 0.0
6.75 11.125 0.0
7.25 11.125 0.0
7.75 11.125 0.0
8.25 11.125 0.0
8.75 11.125 0.0
0.25 11.375 0.0
0.75 11.375 106440.52713
1.25 11.375 106440.52713
1.75 11.375 0.0
2.25 11.375 0.0
2.75 11.375 0.0
3.25 11.375 0.0
3.75 11.375 0.0
4.25 11.375 0.0
4.75 11.375 0.0
5.25 11.375 0.0
5.75 11.375 0.0
6.25 11.375 0.0
6.75 11.375 0.0
7.25 11.375 0.0
7.75 11.375 0.0
8.25 11.375 0.0
8.75 11.375 0.0
0.25 11.625 70960.3514203
0.75 11.625 141920.702841
1.25 11.625 35480.1757101
1.75 11.625 70960.3514203
2.25 11.625 70960.3514203
2.75 11.625 35480.1757101
3.25 11.625 35480.1757101
3.75 11.625 0.0
4.25 11.625 0.0
4.75 11.625 0.0
5.25 11.625 0.0
5.75 11.625 0.0
6.25 11.625 0.0
6.75 11.625 0.0
7.25 11.625 0.0
7.75 11.625 0.0
8.25 11.625 0.0
8.75 11.625 0.0
0.25 11.875 35480.1757101
0.75 11.875 35480.1757101
1.25 11.875 35480.1757101
1.75 11.875 35480.1757101
2.25 11.875 0.0
2.75 11.875 35480.1757101
3.25 11.875 0.0
3.75 11.875 0.0
4.25 11.875 0.0
4.75 11.875 35480.1757101
5.25 11.875 0.0
5.75 11.875 0.0
6.25 11.875 0.0
6.75 11.875 0.0
7.25 11.875 0.0
7.75 11.875 0.0
8.25 11.875 0.0
8.75 11.875 0.0
0.25 12.125 35480.1757101
0.75 12.125 35480.1757101
1.25 12.125 70960.3514203
1.75 12.125 141920.702841
2.25 12.125 0.0
2.75 12.125 0.0
3.25 12.125 35480.1757101
3.75 12.125 0.0
4.25 12.125 35480.1757101
4.75 12.125 0.0
5.25 12.125 0.0
5.75 12.125 0.0
6.25 12.125 0.0
6.75 12.125 0.0
7.25 12.125 0.0
7.75 12.125 0.0
8.25 12.125 0.0
8.75 12.125 0.0
0.25 12.375 35480.1757101
0.75 12.375 106440.52713
1.25 12.375 70960.3514203
1.75 12.375 106440.52713
2.25 12.375 0.0
2.75 12.375 35480.1757101
3.25 12.375 0.0
3.75 12.375 0.0
4.25 12.375 0.0
4.75 12.375 35480.1757101
5.25 12.375 0.0
5.75 12.375 0.0
6.25 12.375 0.0
6.75 12.375 0.0
7.25 12.375 0.0
7.75 12.375 0.0
8.25 12.375 0.0
8.75 12.375 0.0
0.25 12.625 70960.3514203
0.75 12.625 141920.702841
1.25 12.625 106440.52713
1.75 12.625 0.0
2.25 12.625 35480.1757101
2.75 12.625 70960.3514203
3.25 12.625 35480.1757101
3.75 12.625 0.0
4.25 12.625 0.0
4.75 12.625 0.0
5.25 12.625 0.0
5.75 12.625 0.0
6.25 12.625 0.0
6.75 12.625 0.0
7.25 12.625 0.0
7.75 12.625 0.0
8.25 12.625 0.0
8.75 12.625 0.0
0.25 12.875 70960.3514203
0.75 12.875 35480.1757101
1.25 12.875 106440.52713
1.75 12.875 70960.3514203
2.25 12.875 35480.1757101
2.75 12.875 35480.1757101
3.25 12.875 70960.3514203
3.75 12.875 0.0
4.25 12.875 0.0
4.75 12.875 0.0
5.25 12.875 0.0
5.75 12.875 0.0
6.25 12.875 0.0
6.75 12.875 0.0
7.25 12.875 0.0
7.75 12.875 0.0
8.25 12.875 0.0
8.75 12.875 0.0
0.25 13.125 35480.1757101
0.75 13.125 106440.52713
1.25 13.125 70960.3514203
1.75 13.125 35480.1757101
2.25 13.125 35480.1757101
2.75 13.125 0.0
3.25 13.125 0.0
3.75 13.125 0.0
4.25 13.125 35480.1757101
4.75 13.125 35480.1757101
5.25 13.125 0.0
5.75 13.125 0.0
6.25 13.125 0.0
6.75 13.125 0.0
7.25 13.125 0.0
7.75 13.125 0.0
8.25 13.125 0.0
8.75 13.125 0.0
0.25 13.375 35480.1757101
0.75 13.375 141920.702841
1.25 13.375 35480.1757101
1.75 13.375 106440.52713
2.25 13.375 35480.1757101
2.75 13.375 0.0
3.25 13.375 35480.1757101
3.75 13.375 35480.1757101
4.25 13.375 35480.1757101
4.75 13.375 0.0
5.25 13.375 0.0
5.75 13.375 0.0
6.25 13.375 0.0
6.75 13.375 0.0
7.25 13.375 0.0
7.75 13.375 0.0
8.25 13.375 0.0
8.75 13.375 0.0
0.25 13.625 106440.52713
0.75 13.625 106440.52713
1.25 13.625 35480.1757101
1.75 13.625 70960.3514203
2.25 13.625 0.0
2.75 13.625 35480.1757101
3.25 13.625 0.0
3.75 13.625 35480.1757101
4.25 13.625 35480.1757101
4.75 13.625 0.0
5.25 13.625 0.0
5.75 13.625 0.0
6.25 13.625 0.0
6.75 13.625 0.0
7.25 13.625 0.0
7.75 13.625 0.0
8.25 13.625 0.0
8.75 13.625 0.0
0.25 13.875 106440.52713
0.75 13.875 35480.1757101
1.25 13.875 35480.1757101
1.75 13.875 70960.3514203
2.25 13.875 70960.3514203
2.75 13.875 35480.1757101
3.25 13.875 0.0
3.75 13.875 0.0
4.25 13.875 0.0
4.75 13.875 0.0
5.25 13.875 0.0
5.75 13.875 0.0
6.25 13.875 0.0
6.75 13.875 0.0
7.25 13.875 0.0
7.75 13.875 0.0
8.25 13.875 0.0
8.75 13.875 0.0
0.25 14.125 0.0
0.75 14.125 70960.3514203
1.25 14.125 35480.1757101
1.75 14.125 35480.1757101
2.25 14.125 35480.1757101
2.75 14.125 0.0
3.25 14.125 35480.1757101
3.75 14.125 0.0
4.25 14.125 0.0
4.75 14.125 0.0
5.25 14.125 0.0
5.75 14.125 0.0
6.25 14.125 0.0
6.75 14.125 0.0
7.25 14.125 0.0
7.75 14.125 0.0
8.25 14.125 0.0
8.75 14.125 0.0
0.25 14.375 0.0
0.75 14.375 0.0
1.25 14.375 0.0
1.75 14.375 0.0
2.25 14.375 0.0
2.75 14.375 0.0
3.25 14.375 0.0
3.75 14.375 0.0
4.25 14.375 0.0
4.75 14.375 35480.1757101
5.25 14.375 0.0
5.75 14.375 0.0
6.25 14.375 0.0
6.75 14.375 0.0
7.25 14.375 0.0
7.75 14.375 0.0
8.25 14.375 0.0
8.75 14.375 0.0
0.25 14.625 35480.1757101
0.75 14.625 0.0
1.25 14.625 0.0
1.75 14.625 70960.3514203
2.25 14.625 0.0
2.75 14.625 0.0
3.25 14.625 0.0
3.75 14.625 0.0
4.25 14.625 0.0
4.75 14.625 0.0
5.25 14.625 0.0
5.75 14.625 0.0
6.25 14.625 0.0
6.75 14.625 0.0
7.25 14.625 0.0
7.75 14.625 0.0
8.25 14.625 0.0
8.75 14.625 0.0
0.25 14.875 35480.1757101
0.75 14.875 0.0
1.25 14.875 70960.3514203
1.75 14.875 0.0
2.25 14.875 35480.1757101
2.75 14.875 0.0
3.25 14.875 0.0
3.75 14.875 0.0
4.25 14.875 0.0
4.75 14.875 0.0
5.25 14.875 0.0
5.75 14.875 0.0
6.25 14.875 0.0
6.75 14.875 0.0
7.25 14.875 0.0
7.75 14.875 0.0
8.25 14.875 0.0
8.75 14.875 0.0
0.25 15.125 35480.1757101
0.75 15.125 0.0
1.25 15.125 0.0
1.75 15.125 0.0
2.25 15.125 0.0
2.75 15.125 0.0
3.25 15.125 0.0
3.75 15.125 70960.3514203
4.25 15.125 0.0
4.75 15.125 0.0
5.25 15.125 0.0
5.75 15.125 0.0
6.25 15.125 0.0
6.75 15.125 0.0
7.25 15.125 0.0
7.75 15.125 0.0
8.25 15.125 0.0
8.75 15.125 0.0
0.25 15.375 0.0
0.75 15.375 0.0
1.25 15.375 0.0
1.75 15.375 35480.1757101
2.25 15.375 35480.1757101
2.75 15.375 0.0
3.25 15.375 35480.1757101
3.75 15.375 35480.1757101
4.25 15.375 0.0
4.75 15.375 0.0
5.25 15.375 0.0
5.75 15.375 0.0
6.25 15.375 0.0
6.75 15.375 0.0
7.25 15.375 0.0
7.75 15.375 0.0
8.25 15.375 0.0
8.75 15.375 0.0
0.25 15.625 0.0
0.75 15.625 0.0
1.25 15.625 0.0
1.75 15.625 0.0
2.25 15.625 0.0
2.75 15.625 35480.1757101
3.25 15.625 0.0
3.75 15.625 0.0
4.25 15.625 0.0
4.75 15.625 0.0
5.25 15.625 0.0
5.75 15.625 0.0
6.25 15.625 0.0
6.75 15.625 0.0
7.25 15.625 0.0
7.75 15.625 0.0
8.25 15.625 0.0
8.75 15.625 0.0
0.25 15.875 35480.1757101
0.75 15.875 0.0
1.25 15.875 35480.1757101
1.75 15.875 0.0
2.25 15.875 35480.1757101
2.75 15.875 0.0
3.25 15.875 0.0
3.75 15.875 0.0
4.25 15.875 0.0
4.75 15.875 0.0
5.25 15.875 0.0
5.75 15.875 0.0
6.25 15.875 0.0
6.75 15.875 0.0
7.25 15.875 0.0
7.75 15.875 0.0
8.25 15.875 0.0
8.75 15.875 0.0
0.25 16.125 0.0
0.75 16.125 0.0
1.25 16.125 0.0
1.75 16.125 35480.1757101
2.25 16.125 0.0
2.75 16.125 0.0
3.25 16.125 0.0
3.75 16.125 0.0
4.25 16.125 35480.1757101
4.75 16.125 0.0
5.25 16.125 0.0
5.75 16.125 0.0
6.25 16.125 0.0
6.75 16.125 0.0
7.25 16.125 0.0
7.75 16.125 0.0
8.25 16.125 0.0
8.75 16.125 0.0
0.25 16.375 0.0
0.75 16.375 0.0
1.25 16.375 0.0
1.75 16.375 0.0
2.25 16.375 0.0
2.75 16.375 0.0
3.25 16.375 0.0
3.75 16.375 0.0
4.25 16.375 0.0
4.75 16.375 0.0
5.25 16.375 0.0
5.75 16.375 0.0
6.25 16.375 0.0
6.75 16.375 0.0
7.25 16.375 0.0
7.75 16.375 0.0
8.25 16.375 0.0
8.75 16.375 0.0
0.25 16.625 35480.1757101
0.75 16.625 0.0
1.25 16.625 35480.1757101
1.75 16.625 0.0
2.25 16.625 0.0
2.75 16.625 0.0
3.25 16.625 70960.3514203
3.75 16.625 35480.1757101
4.25 16.625 0.0
4.75 16.625 0.0
5.25 16.625 0.0
5.75 16.625 0.0
6.25 16.625 0.0
6.75 16.625 0.0
7.25 16.625 0.0
7.75 16.625 0.0
8.25 16.625 0.0
8.75 16.625 0.0
0.25 16.875 0.0
0.75 16.875 35480.1757101
1.25 16.875 0.0
1.75 16.875 0.0
2.25 16.875 0.0
2.75 16.875 0.0
3.25 16.875 0.0
3.75 16.875 0.0
4.25 16.875 0.0
4.75 16.875 0.0
5.25 16.875 0.0
5.75 16.875 0.0
6.25 16.875 0.0
6.75 16.875 0.0
7.25 16.875 0.0
7.75 16.875 0.0
8.25 16.875 0.0
8.75 16.875 0.0
0.25 17.125 0.0
0.75 17.125 35480.1757101
1.25 17.125 0.0
1.75 17.125 0.0
2.25 17.125 35480.1757101
2.75 17.125 0.0
3.25 17.125 0.0
3.75 17.125 0.0
4.25 17.125 0.0
4.75 17.125 0.0
5.25 17.125 0.0
5.75 17.125 0.0
6.25 17.125 0.0
6.75 17.125 0.0
7.25 17.125 0.0
7.75 17.125 0.0
8.25 17.125 0.0
8.75 17.125 0.0
0.25 17.375 0.0
0.75 17.375 0.0
1.25 17.375 0.0
1.75 17.375 0.0
2.25 17.375 0.0
2.75 17.375 35480.1757101
3.25 17.375 0.0
3.75 17.375 0.0
4.25 17.375 0.0
4.75 17.375 0.0
5.25 17.375 0.0
5.75 17.375 0.0
6.25 17.375 0.0
6.75 17.375 0.0
7.25 17.375 0.0
7.75 17.375 0.0
8.25 17.375 0.0
8.75 17.375 0.0
0.25 17.625 35480.1757101
0.75 17.625 0.0
1.25 17.625 0.0
1.75 17.625 70960.3514203
2.25 17.625 0.0
2.75 17.625 0.0
3.25 17.625 0.0
3.75 17.625 0.0
4.25 17.625 0.0
4.75 17.625 0.0
5.25 17.625 0.0
5.75 17.625 0.0
6.25 17.625 0.0
6.75 17.625 0.0
7.25 17.625 0.0
7.75 17.625 0.0
8.25 17.625 0.0
8.75 17.625 0.0
0.25 17.875 0.0
0.75 17.875 0.0
1.25 17.875 0.0
1.75 17.875 0.0
2.25 17.875 35480.1757101
2.75 17.875 0.0
3.25 17.875 0.0
3.75 17.875 0.0
4.25 17.875 0.0
4.75 17.875 0.0
5.25 17.875 0.0
5.75 17.875 0.0
6.25 17.875 0.0
6.75 17.875 0.0
7.25 17.875 0.0
7.75 17.875 0.0
8.25 17.875 0.0
8.75 17.875 0.0
0.25 18.125 0.0
0.75 18.125 0.0
1.25 18.125 35480.1757101
1.75 18.125 0.0
2.25 18.125 0.0
2.75 18.125 0.0
3.25 18.125 0.0
3.75 18.125 0.0
4.25 18.125 0.0
4.75 18.125 0.0
5.25 18.125 0.0
5.75 18.125 0.0
6.25 18.125 0.0
6.75 18.125 0.0
7.25 18.125 0.0
7.75 18.125 0.0
8.25 18.125 0.0
8.75 18.125 0.0
0.25 18.375 0.0
0.75 18.375 35480.1757101
1.25 18.375 0.0
1.75 18.375 0.0
2.25 18.375 0.0
2.75 18.375 0.0
3.25 18.375 0.0
3.75 18.375 0.0
4.25 18.375 0.0
4.75 18.375 0.0
5.25 18.375 0.0
5.75 18.375 0.0
6.25 18.375 0.0
6.75 18.375 0.0
7.25 18.375 0.0
7.75 18.375 0.0
8.25 18.375 0.0
8.75 18.375 0.0
0.25 18.625 35480.1757101
0.75 18.625 35480.1757101
1.25 18.625 0.0
1.75 18.625 0.0
2.25 18.625 0.0
2.75 18.625 35480.1757101
3.25 18.625 70960.3514203
3.75 18.625 0.0
4.25 18.625 0.0
4.75 18.625 0.0
5.25 18.625 0.0
5.75 18.625 0.0
6.25 18.625 0.0
6.75 18.625 0.0
7.25 18.625 0.0
7.75 18.625 0.0
8.25 18.625 0.0
8.75 18.625 0.0
0.25 18.875 0.0
0.75 18.875 70960.3514203
1.25 18.875 0.0
1.75 18.875 0.0
2.25 18.875 35480.1757101
2.75 18.875 0.0
3.25 18.875 0.0
3.75 18.875 0.0
4.25 18.875 0.0
4.75 18.875 0.0
5.25 18.875 0.0
5.75 18.875 0.0
6.25 18.875 0.0
6.75 18.875 0.0
7.25 18.875 0.0
7.75 18.875 0.0
8.25 18.875 0.0
8.75 18.875 0.0
0.25 19.125 0.0
0.75 19.125 0.0
1.25 19.125 0.0
1.75 19.125 0.0
2.25 19.125 35480.1757101
2.75 19.125 0.0
3.25 19.125 35480.1757101
3.75 19.125 0.0
4.25 19.125 0.0
4.75 19.125 0.0
5.25 19.125 0.0
5.75 19.125 0.0
6.25 19.125 0.0
6.75 19.125 0.0
7.25 19.125 0.0
7.75 19.125 0.0
8.25 19.125 0.0
8.75 19.125 0.0
0.25 19.375 0.0
0.75 19.375 35480.1757101
1.25 19.375 0.0
1.75 19.375 0.0
2.25 19.375 0.0
2.75 19.375 0.0
3.25 19.375 0.0
3.75 19.375 0.0
4.25 19.375 0.0
4.75 19.375 0.0
5.25 19.375 0.0
5.75 19.375 0.0
6.25 19.375 0.0
6.75 19.375 0.0
7.25 19.375 0.0
7.75 19.375 0.0
8.25 19.375 0.0
8.75 19.375 0.0
0.25 19.625 35480.1757101
0.75 19.625 0.0
1.25 19.625 0.0
1.75 19.625 0.0
2.25 19.625 0.0
2.75 19.625 0.0
3.25 19.625 0.0
3.75 19.625 0.0
4.25 19.625 0.0
4.75 19.625 0.0
5.25 19.625 0.0
5.75 19.625 0.0
6.25 19.625 0.0
6.75 19.625 0.0
7.25 19.625 0.0
7.75 19.625 0.0
8.25 19.625 0.0
8.75 19.625 0.0
0.25 19.875 35480.1757101
0.75 19.875 0.0
1.25 19.875 0.0
1.75 19.875 35480.1757101
2.25 19.875 0.0
2.75 19.875 0.0
3.25 19.875 0.0
3.75 19.875 0.0
4.25 19.875 0.0
4.75 19.875 0.0
5.25 19.875 0.0
5.75 19.875 0.0
6.25 19.875 0.0
6.75 19.875 0.0
7.25 19.875 0.0
7.75 19.875 0.0
8.25 19.875 0.0
8.75 19.875 0.0
0.25 20.125 0.0
0.75 20.125 0.0
1.25 20.125 70960.3514203
1.75 20.125 0.0
2.25 20.125 0.0
2.75 20.125 0.0
3.25 20.125 0.0
3.75 20.125 0.0
4.25 20.125 0.0
4.75 20.125 0.0
5.25 20.125 0.0
5.75 20.125 0.0
6.25 20.125 0.0
6.75 20.125 0.0
7.25 20.125 0.0
7.75 20.125 0.0
8.25 20.125 0.0
8.75 20.125 0.0
0.25 20.375 35480.1757101
0.75 20.375 0.0
1.25 20.375 0.0
1.75 20.375 0.0
2.25 20.375 0.0
2.75 20.375 0.0
3.25 20.375 0.0
3.75 20.375 0.0
4.25 20.375 0.0
4.75 20.375 0.0
5.25 20.375 0.0
5.75 20.375 0.0
6.25 20.375 0.0
6.75 20.375 0.0
7.25 20.375 0.0
7.75 20.375 0.0
8.25 20.375 0.0
8.75 20.375 0.0
0.25 20.625 35480.1757101
0.75 20.625 0.0
1.25 20.625 0.0
1.75 20.625 0.0
2.25 20.625 0.0
2.75 20.625 0.0
3.25 20.625 0.0
3.75 20.625 0.0
4.25 20.625 0.0
4.75 20.625 0.0
5.25 20.625 0.0
5.75 20.625 0.0
6.25 20.625 0.0
6.75 20.625 0.0
7.25 20.625 0.0
7.75 20.625 0.0
8.25 20.625 0.0
8.75 20.625 0.0
0.25 20.875 0.0
0.75 20.875 0.0
1.25 20.875 0.0
1.75 20.875 0.0
2.25 20.875 0.0
2.75 20.875 0.0
3.25 20.875 0.0
3.75 20.875 35480.1757101
4.25 20.875 0.0
4.75 20.875 0.0
5.25 20.875 0.0
5.75 20.875 0.0
6.25 20.875 0.0
6.75 20.875 0.0
7.25 20.875 0.0
7.75 20.875 0.0
8.25 20.875 0.0
8.75 20.875 0.0
0.25 21.125 0.0
0.75 21.125 0.0
1.25 21.125 0.0
1.75 21.125 0.0
2.25 21.125 0.0
2.75 21.125 0.0
3.25 21.125 0.0
3.75 21.125 0.0
4.25 21.125 0.0
4.75 21.125 0.0
5.25 21.125 0.0
5.75 21.125 0.0
6.25 21.125 0.0
6.75 21.125 0.0
7.25 21.125 0.0
7.75 21.125 0.0
8.25 21.125 0.0
8.75 21.125 0.0
0.25 21.375 0.0
0.75 21.375 0.0
1.25 21.375 0.0
1.75 21.375 0.0
2.25 21.375 0.0
2.75 21.375 0.0
3.25 21.375 0.0
3.75 21.375 0.0
4.25 21.375 0.0
4.75 21.375 0.0
5.25 21.375 0.0
5.75 21.375 0.0
6.25 21.375 0.0
6.75 21.375 0.0
7.25 21.375 0.0
7.75 21.375 0.0
8.25 21.375 0.0
8.75 21.375 0.0
0.25 21.625 0.0
0.75 21.625 0.0
1.25 21.625 0.0
1.75 21.625 0.0
2.25 21.625 0.0
2.75 21.625 0.0
3.25 21.625 0.0
3.75 21.625 0.0
4.25 21.625 0.0
4.75 21.625 0.0
5.25 21.625 0.0
5.75 21.625 0.0
6.25 21.625 0.0
6.75 21.625 0.0
7.25 21.625 0.0
7.75 21.625 0.0
8.25 21.625 0.0
8.75 21.625 0.0
0.25 21.875 0.0
0.75 21.875 0.0
1.25 21.875 0.0
1.75 21.875 35480.1757101
2.25 21.875 0.0
2.75 21.875 0.0
3.25 21.875 0.0
3.75 21.875 0.0
4.25 21.875 0.0
4.75 21.875 0.0
5.25 21.875 0.0
5.75 21.875 0.0
6.25 21.875 0.0
6.75 21.875 0.0
7.25 21.875 0.0
7.75 21.875 0.0
8.25 21.875 0.0
8.75 21.875 0.0
0.25 22.125 0.0
0.75 22.125 0.0
1.25 22.125 0.0
1.75 22.125 35480.1757101
2.25 22.125 0.0
2.75 22.125 0.0
3.25 22.125 0.0
3.75 22.125 0.0
4.25 22.125 0.0
4.75 22.125 0.0
5.25 22.125 0.0
5.75 22.125 0.0
6.25 22.125 0.0
6.75 22.125 0.0
7.25 22.125 0.0
7.75 22.125 0.0
8.25 22.125 0.0
8.75 22.125 0.0
0.25 22.375 0.0
0.75 22.375 35480.1757101
1.25 22.375 0.0
1.75 22.375 35480.1757101
2.25 22.375 0.0
2.75 22.375 0.0
3.25 22.375 0.0
3.75 22.375 0.0
4.25 22.375 0.0
4.75 22.375 0.0
5.25 22.375 0.0
5.75 22.375 0.0
6.25 22.375 0.0
6.75 22.375 0.0
7.25 22.375 0.0
7.75 22.375 0.0
8.25 22.375 0.0
8.75 22.375 0.0
0.25 22.625 0.0
0.75 22.625 0.0
1.25 22.625 35480.1757101
1.75 22.625 0.0
2.25 22.625 0.0
2.75 22.625 0.0
3.25 22.625 0.0
3.75 22.625 0.0
4.25 22.625 0.0
4.75 22.625 0.0
5.25 22.625 0.0
5.75 22.625 0.0
6.25 22.625 0.0
6.75 22.625 0.0
7.25 22.625 0.0
7.75 22.625 0.0
8.25 22.625 0.0
8.75 22.625 0.0
0.25 22.875 35480.1757101
0.75 22.875 0.0
1.25 22.875 0.0
1.75 22.875 0.0
2.25 22.875 0.0
2.75 22.875 0.0
3.25 22.875 0.0
3.75 22.875 0.0
4.25 22.875 0.0
4.75 22.875 0.0
5.25 22.875 0.0
5.75 22.875 0.0
6.25 22.875 0.0
6.75 22.875 0.0
7.25 22.875 0.0
7.75 22.875 0.0
8.25 22.875 0.0
8.75 22.875 0.0
0.25 23.125 0.0
0.75 23.125 35480.1757101
1.25 23.125 35480.1757101
1.75 23.125 0.0
2.25 23.125 0.0
2.75 23.125 0.0
3.25 23.125 0.0
3.75 23.125 0.0
4.25 23.125 0.0
4.75 23.125 0.0
5.25 23.125 0.0
5.75 23.125 0.0
6.25 23.125 0.0
6.75 23.125 0.0
7.25 23.125 0.0
7.75 23.125 0.0
8.25 23.125 0.0
8.75 23.125 0.0
0.25 23.375 0.0
0.75 23.375 0.0
1.25 23.375 35480.1757101
1.75 23.375 0.0
2.25 23.375 0.0
2.75 23.375 0.0
3.25 23.375 0.0
3.75 23.375 0.0
4.25 23.375 0.0
4.75 23.375 0.0
5.25 23.375 0.0
5.75 23.375 0.0
6.25 23.375 0.0
6.75 23.375 0.0
7.25 23.375 0.0
7.75 23.375 0.0
8.25 23.375 0.0
8.75 23.375 0.0
0.25 23.625 0.0
0.75 23.625 35480.1757101
1.25 23.625 0.0
1.75 23.625 0.0
2.25 23.625 0.0
2.75 23.625 0.0
3.25 23.625 0.0
3.75 23.625 0.0
4.25 23.625 0.0
4.75 23.625 0.0
5.25 23.625 0.0
5.75 23.625 0.0
6.25 23.625 0.0
6.75 23.625 0.0
7.25 23.625 0.0
7.75 23.625 0.0
8.25 23.625 0.0
8.75 23.625 0.0
0.25 23.875 0.0
0.75 23.875 0.0
1.25 23.875 0.0
1.75 23.875 35480.1757101
2.25 23.875 0.0
2.75 23.875 0.0
3.25 23.875 0.0
3.75 23.875 0.0
4.25 23.875 0.0
4.75 23.875 0.0
5.25 23.875 0.0
5.75 23.875 0.0
6.25 23.875 0.0
6.75 23.875 0.0
7.25 23.875 0.0
7.75 23.875 0.0
8.25 23.875 0.0
8.75 23.875 0.0
0.25 24.125 0.0
0.75 24.125 0.0
1.25 24.125 0.0
1.75 24.125 35480.1757101
2.25 24.125 0.0
2.75 24.125 0.0
3.25 24.125 0.0
3.75 24.125 0.0
4.25 24.125 0.0
4.75 24.125 0.0
5.25 24.125 0.0
5.75 24.125 0.0
6.25 24.125 0.0
6.75 24.125 0.0
7.25 24.125 0.0
7.75 24.125 0.0
8.25 24.125 0.0
8.75 24.125 0.0
0.25 24.375 0.0
0.75 24.375 35480.1757101
1.25 24.375 0.0
1.75 24.375 0.0
2.25 24.375 0.0
2.75 24.375 0.0
3.25 24.375 0.0
3.75 24.375 0.0
4.25 24.375 0.0
4.75 24.375 0.0
5.25 24.375 0.0
5.75 24.375 0.0
6.25 24.375 0.0
6.75 24.375 0.0
7.25 24.375 0.0
7.75 24.375 0.0
8.25 24.375 0.0
8.75 24.375 0.0
0.25 24.625 0.0
0.75 24.625 0.0
1.25 24.625 0.0
1.75 24.625 0.0
2.25 24.625 0.0
2.75 24.625 0.0
3.25 24.625 0.0
3.75 24.625 0.0
4.25 24.625 0.0
4.75 24.625 0.0
5.25 24.625 0.0
5.75 24.625 0.0
6.25 24.625 0.0
6.75 24.625 0.0
7.25 24.625 0.0
7.75 24.625 0.0
8.25 24.625 0.0
8.75 24.625 0.0
0.25 24.875 0.0
0.75 24.875 0.0
1.25 24.875 0.0
1.75 24.875 0.0
2.25 24.875 0.0
2.75 24.875 0.0
3.25 24.875 0.0
3.75 24.875 0.0
4.25 24.875 0.0
4.75 24.875 0.0
5.25 24.875 0.0
5.75 24.875 0.0
6.25 24.875 0.0
6.75 24.875 0.0
7.25 24.875 0.0
7.75 24.875 0.0
8.25 24.875 0.0
8.75 24.875 0.0
0.25 25.125 0.0
0.75 25.125 0.0
1.25 25.125 0.0
1.75 25.125 0.0
2.25 25.125 0.0
2.75 25.125 0.0
3.25 25.125 0.0
3.75 25.125 0.0
4.25 25.125 0.0
4.75 25.125 0.0
5.25 25.125 0.0
5.75 25.125 0.0
6.25 25.125 0.0
6.75 25.125 0.0
7.25 25.125 0.0
7.75 25.125 0.0
8.25 25.125 0.0
8.75 25.125 0.0
0.25 25.375 0.0
0.75 25.375 0.0
1.25 25.375 0.0
1.75 25.375 0.0
2.25 25.375 0.0
2.75 25.375 0.0
3.25 25.375 0.0
3.75 25.375 0.0
4.25 25.375 0.0
4.75 25.375 0.0
5.25 25.375 0.0
5.75 25.375 0.0
6.25 25.375 0.0
6.75 25.375 0.0
7.25 25.375 0.0
7.75 25.375 0.0
8.25 25.375 0.0
8.75 25.375 0.0
0.25 25.625 0.0
0.75 25.625 0.0
1.25 25.625 0.0
1.75 25.625 0.0
2.25 25.625 0.0
2.75 25.625 0.0
3.25 25.625 0.0
3.75 25.625 0.0
4.25 25.625 0.0
4.75 25.625 0.0
5.25 25.625 0.0
5.75 25.625 0.0
6.25 25.625 0.0
6.75 25.625 0.0
7.25 25.625 0.0
7.75 25.625 0.0
8.25 25.625 0.0
8.75 25.625 0.0
0.25 25.875 0.0
0.75 25.875 0.0
1.25 25.875 0.0
1.75 25.875 0.0
2.25 25.875 0.0
2.75 25.875 0.0
3.25 25.875 0.0
3.75 25.875 0.0
4.25 25.875 0.0
4.75 25.875 0.0
5.25 25.875 0.0
5.75 25.875 0.0
6.25 25.875 0.0
6.75 25.875 0.0
7.25 25.875 0.0
7.75 25.875 0.0
8.25 25.875 0.0
8.75 25.875 0.0
0.25 26.125 0.0
0.75 26.125 0.0
1.25 26.125 0.0
1.75 26.125 0.0
2.25 26.125 0.0
2.75 26.125 0.0
3.25 26.125 0.0
3.75 26.125 0.0
4.25 26.125 0.0
4.75 26.125 0.0
5.25 26.125 0.0
5.75 26.125 0.0
6.25 26.125 0.0
6.75 26.125 0.0
7.25 26.125 0.0
7.75 26.125 0.0
8.25 26.125 0.0
8.75 26.125 0.0
0.25 26.375 0.0
0.75 26.375 0.0
1.25 26.375 0.0
1.75 26.375 0.0
2.25 26.375 0.0
2.75 26.375 0.0
3.25 26.375 0.0
3.75 26.375 0.0
4.25 26.375 0.0
4.75 26.375 0.0
5.25 26.375 0.0
5.75 26.375 0.0
6.25 26.375 0.0
6.75 26.375 0.0
7.25 26.375 0.0
7.75 26.375 0.0
8.25 26.375 0.0
8.75 26.375 0.0
0.25 26.625 0.0
0.75 26.625 0.0
1.25 26.625 0.0
1.75 26.625 0.0
2.25 26.625 0.0
2.75 26.625 0.0
3.25 26.625 0.0
3.75 26.625 0.0
4.25 26.625 0.0
4.75 26.625 0.0
5.25 26.625 0.0
5.75 26.625 0.0
6.25 26.625 0.0
6.75 26.625 0.0
7.25 26.625 0.0
7.75 26.625 0.0
8.25 26.625 0.0
8.75 26.625 0.0
0.25 26.875 0.0
0.75 26.875 0.0
1.25 26.875 0.0
1.75 26.875 0.0
2.25 26.875 0.0
2.75 26.875 0.0
3.25 26.875 0.0
3.75 26.875 0.0
4.25 26.875 0.0
4.75 26.875 0.0
5.25 26.875 0.0
5.75 26.875 0.0
6.25 26.875 0.0
6.75 26.875 0.0
7.25 26.875 0.0
7.75 26.875 0.0
8.25 26.875 0.0
8.75 26.875 0.0
0.25 27.125 0.0
0.75 27.125 0.0
1.25 27.125 0.0
1.75 27.125 0.0
2.25 27.125 0.0
2.75 27.125 0.0
3.25 27.125 0.0
3.75 27.125 0.0
4.25 27.125 0.0
4.75 27.125 0.0
5.25 27.125 0.0
5.75 27.125 0.0
6.25 27.125 0.0
6.75 27.125 0.0
7.25 27.125 0.0
7.75 27.125 0.0
8.25 27.125 0.0
8.75 27.125 0.0
0.25 27.375 0.0
0.75 27.375 0.0
1.25 27.375 0.0
1.75 27.375 0.0
2.25 27.375 0.0
2.75 27.375 0.0
3.25 27.375 0.0
3.75 27.375 0.0
4.25 27.375 0.0
4.75 27.375 0.0
5.25 27.375 0.0
5.75 27.375 0.0
6.25 27.375 0.0
6.75 27.375 0.0
7.25 27.375 0.0
7.75 27.375 0.0
8.25 27.375 0.0
8.75 27.375 0.0
0.25 27.625 0.0
0.75 27.625 0.0
1.25 27.625 0.0
1.75 27.625 0.0
2.25 27.625 0.0
2.75 27.625 0.0
3.25 27.625 0.0
3.75 27.625 0.0
4.25 27.625 0.0
4.75 27.625 0.0
5.25 27.625 0.0
5.75 27.625 0.0
6.25 27.625 0.0
6.75 27.625 0.0
7.25 27.625 0.0
7.75 27.625 0.0
8.25 27.625 0.0
8.75 27.625 0.0
0.25 27.875 35480.1757101
0.75 27.875 0.0
1.25 27.875 35480.1757101
1.75 27.875 0.0
2.25 27.875 0.0
2.75 27.875 0.0
3.25 27.875 0.0
3.75 27.875 0.0
4.25 27.875 0.0
4.75 27.875 0.0
5.25 27.875 0.0
5.75 27.875 0.0
6.25 27.875 0.0
6.75 27.875 0.0
7.25 27.875 0.0
7.75 27.875 0.0
8.25 27.875 0.0
8.75 27.875 0.0
0.25 28.125 0.0
0.75 28.125 0.0
1.25 28.125 0.0
1.75 28.125 0.0
2.25 28.125 0.0
2.75 28.125 0.0
3.25 28.125 0.0
3.75 28.125 0.0
4.25 28.125 0.0
4.75 28.125 0.0
5.25 28.125 0.0
5.75 28.125 0.0
6.25 28.125 0.0
6.75 28.125 0.0
7.25 28.125 0.0
7.75 28.125 0.0
8.25 28.125 0.0
8.75 28.125 0.0
0.25 28.375 0.0
0.75 28.375 0.0
1.25 28.375 0.0
1.75 28.375 0.0
2.25 28.375 0.0
2.75 28.375 0.0
3.25 28.375 0.0
3.75 28.375 0.0
4.25 28.375 0.0
4.75 28.375 0.0
5.25 28.375 0.0
5.75 28.375 0.0
6.25 28.375 0.0
6.75 28.375 0.0
7.25 28.375 0.0
7.75 28.375 0.0
8.25 28.375 0.0
8.75 28.375 0.0
0.25 28.625 0.0
0.75 28.625 0.0
1.25 28.625 0.0
1.75 28.625 0.0
2.25 28.625 0.0
2.75 28.625 0.0
3.25 28.625 0.0
3.75 28.625 0.0
4.25 28.625 0.0
4.75 28.625 0.0
5.25 28.625 0.0
5.75 28.625 0.0
6.25 28.625 0.0
6.75 28.625 0.0
7.25 28.625 0.0
7.75 28.625 0.0
8.25 28.625 0.0
8.75 28.625 0.0
0.25 28.875 0.0
0.75 28.875 0.0
1.25 28.875 0.0
1.75 28.875 0.0
2.25 28.875 0.0
2.75 28.875 0.0
3.25 28.875 0.0
3.75 28.875 0.0
4.25 28.875 0.0
4.75 28.875 0.0
5.25 28.875 0.0
5.75 28.875 0.0
6.25 28.875 0.0
6.75 28.875 0.0
7.25 28.875 0.0
7.75 28.875 0.0
8.25 28.875 0.0
8.75 28.875 0.0
0.25 29.125 0.0
0.75 29.125 0.0
1.25 29.125 0.0
1.75 29.125 0.0
2.25 29.125 0.0
2.75 29.125 0.0
3.25 29.125 0.0
3.75 29.125 0.0
4.25 29.125 0.0
4.75 29.125 0.0
5.25 29.125 0.0
5.75 29.125 0.0
6.25 29.125 0.0
6.75 29.125 0.0
7.25 29.125 0.0
7.75 29.125 0.0
8.25 29.125 0.0
8.75 29.125 0.0
0.25 29.375 0.0
0.75 29.375 35480.1757101
1.25 29.375 0.0
1.75 29.375 0.0
2.25 29.375 0.0
2.75 29.375 0.0
3.25 29.375 0.0
3.75 29.375 0.0
4.25 29.375 0.0
4.75 29.375 0.0
5.25 29.375 0.0
5.75 29.375 0.0
6.25 29.375 0.0
6.75 29.375 0.0
7.25 29.375 0.0
7.75 29.375 0.0
8.25 29.375 0.0
8.75 29.375 0.0
0.25 29.625 0.0
0.75 29.625 0.0
1.25 29.625 0.0
1.75 29.625 0.0
2.25 29.625 35480.1757101
2.75 29.625 0.0
3.25 29.625 0.0
3.75 29.625 0.0
4.25 29.625 0.0
4.75 29.625 0.0
5.25 29.625 0.0
5.75 29.625 0.0
6.25 29.625 0.0
6.75 29.625 0.0
7.25 29.625 0.0
7.75 29.625 0.0
8.25 29.625 0.0
8.75 29.625 0.0
0.25 29.875 35480.1757101
0.75 29.875 0.0
1.25 29.875 0.0
1.75 29.875 0.0
2.25 29.875 0.0
2.75 29.875 0.0
3.25 29.875 0.0
3.75 29.875 0.0
4.25 29.875 0.0
4.75 29.875 0.0
5.25 29.875 0.0
5.75 29.875 0.0
6.25 29.875 0.0
6.75 29.875 0.0
7.25 29.875 0.0
7.75 29.875 0.0
8.25 29.875 0.0
8.75 29.875 0.0
