11.294627058970837 0.0
14.219093021276404 1658.1171423669584
17.900777537149963 58.44252613289086
22.535743732392298 1550.0110087932665
28.370820458389794 882.3521553194555
35.71674682851676 6092.228138427171
44.96472020903849 4833.08900751106
56.60722890537329 12515.780044311214
71.26427896022373 27187.045314694682
89.71641173621407 36177.640201968454
112.94627058970838 42781.58093994514
142.1909302127641 64141.9942721774
179.00777537149963 85416.14813216691
225.35743732392305 117128.27854583709
283.7082045838981 161586.40461259946
357.1674682851676 174924.1768378924
449.6472020903849 195362.91393846238
566.0722890537327 210782.7472008512
712.6427896022376 189530.6399570834
897.164117362141 172898.09867423936
1129.4627058970837 124074.67836560961
1421.9093021276408 70243.41727204993
1790.0777537149975 30237.733112844173
2253.5743732392316 10521.857092291582
2837.082045838981 2857.8480510294903
3571.674682851676 489.8484865410719
4496.47202090385 89.22264375421219
5660.72289053733 2.1749887007754296
7126.427896022379 0.0
8971.64117362141 0.0
