11.294627058970837 116.63068448382302
14.219093021276404 2106.592782306031
17.900777537149963 82.17018176447391
22.535743732392298 1080.1694862234676
28.370820458389794 9943.831557692776
35.71674682851676 8961.19139619923
44.96472020903849 21049.72084722137
56.60722890537329 19724.379885158814
71.26427896022373 31954.99525405687
89.71641173621407 45538.651540475636
112.94627058970838 79375.39771797176
142.1909302127641 88720.30855339422
179.00777537149963 129543.24968570558
225.35743732392305 131757.82215537794
283.7082045838981 162757.17533854477
357.1674682851676 163954.0915108585
449.6472020903849 179515.68040105992
566.0722890537327 186720.1215128377
712.6427896022376 173015.29845601693
897.164117362141 130657.74990465725
1129.4627058970837 92256.8376176455
1421.9093021276408 56818.885097957216
1790.0777537149975 28414.66834011767
2253.5743732392316 12262.623544722097
2837.082045838981 4624.753542826977
3571.674682851676 1278.7943291673437
4496.47202090385 166.4444192936644
5660.72289053733 1.1578359808772802
7126.427896022379 0.06223067129030824
8971.64117362141 0.0
