11.294627058970837 131.48358558584823
14.219093021276404 103.96893128479738
17.900777537149963 365.5312798093735
22.535743732392298 2128.019911488759
28.370820458389794 3903.0485509698306
35.71674682851676 3398.478479837513
44.96472020903849 3507.066928163582
56.60722890537329 5284.264131298634
71.26427896022373 7614.865360987333
89.71641173621407 8669.933173246038
112.94627058970838 11876.712239960005
142.1909302127641 14581.321798740639
179.00777537149963 17040.11647357043
225.35743732392305 17824.39725123554
283.7082045838981 15109.175291418826
357.1674682851676 10193.656821021083
449.6472020903849 9627.94633746882
566.0722890537327 8690.31388058298
712.6427896022376 8980.914001221041
897.164117362141 6949.322975138057
1129.4627058970837 4895.829370747058
1421.9093021276408 3090.775671422831
1790.0777537149975 1967.5590665643103
2253.5743732392316 825.4314427495119
2837.082045838981 390.79275326026254
3571.674682851676 143.1834292395215
4496.47202090385 45.03497856829199
5660.72289053733 5.752866608032491
7126.427896022379 0.0
8971.64117362141 0.0
