11.294627058970837 53.789378363567806
14.219093021276404 2743.4417847473796
17.900777537149963 944.7429064725638
22.535743732392298 2536.6046563502546
28.370820458389794 6853.453806808761
35.71674682851676 5204.6607428596435
44.96472020903849 13996.295575684948
56.60722890537329 26096.256673370386
71.26427896022373 21037.11116354283
89.71641173621407 46051.458328389795
112.94627058970838 73611.15824597444
142.1909302127641 96502.03320205025
179.00777537149963 105296.68040868
225.35743732392305 150851.0886635335
283.7082045838981 172401.15644729673
357.1674682851676 186108.67644265352
449.6472020903849 174023.19063067366
566.0722890537327 190951.5399898116
712.6427896022376 168730.29166335822
897.164117362141 128340.20020836289
1129.4627058970837 96054.88155260612
1421.9093021276408 58814.85136913345
1790.0777537149975 31034.309753875015
2253.5743732392316 12850.43061004486
2837.082045838981 5060.850782861235
3571.674682851676 1131.7941557725426
4496.47202090385 270.0899991814513
5660.72289053733 11.035004878183827
7126.427896022379 0.0
8971.64117362141 0.0
