11.294627058970837 1321.4815753923322
14.219093021276404 1685.3235183653296
17.900777537149963 2369.195209314945
22.535743732392298 5094.551813301056
28.370820458389794 1643.8063849771115
35.71674682851676 5575.698069390366
44.96472020903849 9840.45201566712
56.60722890537329 24688.50454075023
71.26427896022373 39245.636007813744
89.71641173621407 49100.97738938783
112.94627058970838 61951.5695008474
142.1909302127641 101476.87021625228
179.00777537149963 118829.72979882249
225.35743732392305 152853.37689936126
283.7082045838981 166924.64532516384
357.1674682851676 181930.95284642326
449.6472020903849 202402.11792735988
566.0722890537327 193081.85349589656
712.6427896022376 165777.9129500538
897.164117362141 133597.029301801
1129.4627058970837 91825.13141404162
1421.9093021276408 56902.87022718997
1790.0777537149975 31103.13102649944
2253.5743732392316 14891.76418806985
2837.082045838981 5988.275227898266
3571.674682851676 1973.6850170751568
4496.47202090385 283.71067665540613
5660.72289053733 47.84055493376218
7126.427896022379 13.462568557821214
8971.64117362141 0.0
