0.25 0.125 27160878.2766
0.75 0.125 37775474.3847
1.25 0.125 32780370.3339
1.75 0.125 28409654.2893
2.25 0.125 37463280.3816
2.75 0.125 32468176.3307
3.25 0.125 29034042.2957
3.75 0.125 31531594.3211
4.25 0.125 25912102.2639
4.75 0.125 21229192.2162
5.25 0.125 18731640.1908
5.75 0.125 16234088.1653
6.25 0.125 13736536.1399
6.75 0.125 5307298.05405
7.25 0.125 4058522.04133
7.75 0.125 1248776.01272
8.25 0.125 0.0
8.75 0.125 0.0
0.25 0.375 90536260.9221
0.75 0.375 94594782.9634
1.25 0.375 96467946.9825
1.75 0.375 93346006.9507
2.25 0.375 93033812.9475
2.75 0.375 81794828.8331
3.25 0.375 73053396.744
3.75 0.375 78048500.7949
4.25 0.375 69619262.7091
4.75 0.375 61814412.6296
5.25 0.375 47765682.4865
5.75 0.375 48702264.496
6.25 0.375 29034042.2957
6.75 0.375 19043834.194
7.25 0.375 7492656.07631
7.75 0.375 4370716.04451
8.25 0.375 1248776.01272
8.75 0.375 312194.00318
0.25 0.625 125501989.278
0.75 0.625 135492197.38
1.25 0.625 137677555.402
1.75 0.625 123316631.256
2.25 0.625 111453259.135
2.75 0.625 113014229.151
3.25 0.625 105521573.075
3.75 0.625 99902081.0175
4.25 0.625 98028916.9984
4.75 0.625 87102126.8871
5.25 0.625 68682680.6995
5.75 0.625 59004666.6009
6.25 0.625 43707160.4451
6.75 0.625 30595012.3116
7.25 0.625 9678014.09857
7.75 0.625 4058522.04133
8.25 0.625 1248776.01272
8.75 0.625 0.0
0.25 0.875 161716493.647
0.75 0.875 141111689.437
1.25 0.875 154223837.571
1.75 0.875 141423883.44
2.25 0.875 151101897.539
2.75 0.875 130184899.326
3.25 0.875 120506885.227
3.75 0.875 123316631.256
4.25 0.875 107082543.091
4.75 0.875 87726514.8935
5.25 0.875 73677784.7504
5.75 0.875 56194920.5723
6.25 0.875 47141294.4801
6.75 0.875 22790162.2321
7.25 0.875 11238984.1145
7.75 0.875 4058522.04133
8.25 0.875 624388.006359
8.75 0.875 0.0
0.25 1.125 149228733.52
0.75 1.125 146731181.494
1.25 1.125 145482405.482
1.75 1.125 145170211.479
2.25 1.125 127375153.297
2.75 1.125 118321527.205
3.25 1.125 127687347.3
3.75 1.125 113950811.161
4.25 1.125 110204483.122
4.75 1.125 89911872.9157
5.25 1.125 74302172.7567
5.75 1.125 52448592.5342
6.25 1.125 36526698.372
6.75 1.125 27160878.2766
7.25 1.125 9990208.10175
7.75 1.125 4058522.04133
8.25 1.125 1560970.0159
8.75 1.125 0.0
0.25 1.375 154536031.574
0.75 1.375 151414091.542
1.25 1.375 152662867.555
1.75 1.375 149228733.52
2.25 1.375 131121481.335
2.75 1.375 128623929.31
3.25 1.375 127687347.3
3.75 1.375 108955707.11
4.25 1.375 96780140.9857
4.75 1.375 78672888.8013
5.25 1.375 59629054.6073
5.75 1.375 44643742.4547
6.25 1.375 34029146.3466
6.75 1.375 17482864.1781
7.25 1.375 7180462.07313
7.75 1.375 1248776.01272
8.25 1.375 0.0
8.75 1.375 0.0
0.25 1.625 142360465.45
0.75 1.625 139862913.424
1.25 1.625 137989749.405
1.75 1.625 135180003.377
2.25 1.625 124565407.269
2.75 1.625 125501989.278
3.25 1.625 102711827.046
3.75 1.625 89287484.9094
4.25 1.625 88975290.9062
4.75 1.625 70868038.7218
5.25 1.625 52448592.5342
5.75 1.625 40585220.4133
6.25 1.625 29034042.2957
6.75 1.625 17170670.1749
7.25 1.625 4058522.04133
7.75 1.625 624388.006359
8.25 1.625 0.0
8.75 1.625 0.0
0.25 1.875 134243421.367
0.75 1.875 131745869.342
1.25 1.875 125189795.275
1.75 1.875 118945915.211
2.25 1.875 112702035.148
2.75 1.875 113326423.154
3.25 1.875 95531364.973
3.75 1.875 83980186.8553
4.25 1.875 78048500.7949
4.75 1.875 69619262.7091
5.25 1.875 50887622.5183
5.75 1.875 36838892.3752
6.25 1.875 21541386.2194
6.75 1.875 11863372.1208
7.25 1.875 4995104.05087
7.75 1.875 1248776.01272
8.25 1.875 0.0
8.75 1.875 0.0
0.25 2.125 125189795.275
0.75 2.125 112702035.148
1.25 2.125 115511781.176
1.75 2.125 109892289.119
2.25 2.125 103960603.059
2.75 2.125 94906976.9666
3.25 2.125 84604574.8617
3.75 2.125 74302172.7567
4.25 2.125 80233858.8172
4.75 2.125 48390070.4928
5.25 2.125 40585220.4133
5.75 2.125 31843788.3243
6.25 2.125 14673118.1494
6.75 2.125 10302402.1049
7.25 2.125 3746328.03816
7.75 2.125 0.0
8.25 2.125 0.0
8.75 2.125 0.0
0.25 2.375 111453259.135
0.75 2.375 109267901.113
1.25 2.375 91785036.9348
1.75 2.375 95219170.9698
2.25 2.375 97092334.9889
2.75 2.375 89287484.9094
3.25 2.375 79297276.8076
3.75 2.375 71804620.7313
4.25 2.375 59629054.6073
4.75 2.375 56507114.5755
5.25 2.375 37151086.3784
5.75 2.375 25287714.2575
6.25 2.375 15921894.1622
6.75 2.375 6868268.06995
7.25 2.375 3121940.0318
7.75 2.375 0.0
8.25 2.375 0.0
8.75 2.375 0.0
0.25 2.625 95843558.9761
0.75 2.625 85541156.8712
1.25 2.625 95843558.9761
1.75 2.625 90848454.9253
2.25 2.625 73365590.7472
2.75 2.625 81482634.8299
3.25 2.625 56819308.5787
3.75 2.625 61190024.6232
4.25 2.625 48077876.4897
4.75 2.625 47453488.4833
5.25 2.625 28721848.2925
5.75 2.625 25599908.2607
6.25 2.625 15921894.1622
6.75 2.625 5619492.05723
7.25 2.625 936582.009539
7.75 2.625 0.0
8.25 2.625 0.0
8.75 2.625 0.0
0.25 2.875 92097230.938
0.75 2.875 85853350.8744
1.25 2.875 73053396.744
1.75 2.875 68370486.6963
2.25 2.875 71804620.7313
2.75 2.875 66497322.6773
3.25 2.875 55258338.5628
3.75 2.875 41521802.4229
4.25 2.875 49951040.5087
4.75 2.875 31219400.318
5.25 2.875 28097460.2862
5.75 2.875 19980416.2035
6.25 2.875 8741432.08903
6.75 2.875 5931686.06041
7.25 2.875 936582.009539
7.75 2.875 0.0
8.25 2.875 0.0
8.75 2.875 0.0
0.25 3.125 78672888.8013
0.75 3.125 69931456.7122
1.25 3.125 61190024.6232
1.75 3.125 71804620.7313
2.25 3.125 58068084.5914
2.75 3.125 58380278.5946
3.25 3.125 51512010.5246
3.75 3.125 43707160.4451
4.25 3.125 33716952.3434
4.75 3.125 27785266.283
5.25 3.125 18419446.1876
5.75 3.125 14048730.1431
6.25 3.125 7492656.07631
6.75 3.125 4058522.04133
7.25 3.125 0.0
7.75 3.125 0.0
8.25 3.125 0.0
8.75 3.125 0.0
0.25 3.375 66185128.6741
0.75 3.375 62750994.6391
1.25 3.375 49951040.5087
1.75 3.375 58692472.5978
2.25 3.375 59004666.6009
2.75 3.375 49014458.4992
3.25 3.375 33716952.3434
3.75 3.375 36526698.372
4.25 3.375 31531594.3211
4.75 3.375 23414550.2385
5.25 3.375 21229192.2162
5.75 3.375 11863372.1208
6.25 3.375 9365820.09539
6.75 3.375 936582.009539
7.25 3.375 312194.00318
7.75 3.375 0.0
8.25 3.375 0.0
8.75 3.375 0.0
0.25 3.625 56819308.5787
0.75 3.625 44019354.4483
1.25 3.625 49638846.5056
1.75 3.625 49014458.4992
2.25 3.625 46829100.4769
2.75 3.625 48077876.4897
3.25 3.625 35902310.3657
3.75 3.625 32468176.3307
4.25 3.625 26224296.2671
4.75 3.625 18731640.1908
5.25 3.625 18731640.1908
5.75 3.625 8429238.08585
6.25 3.625 5619492.05723
6.75 3.625 1560970.0159
7.25 3.625 0.0
7.75 3.625 0.0
8.25 3.625 0.0
8.75 3.625 0.0
0.25 3.875 47765682.4865
0.75 3.875 51199816.5215
1.25 3.875 42458384.4324
1.75 3.875 39648638.4038
2.25 3.875 40273026.4102
2.75 3.875 32155982.3275
3.25 3.875 35902310.3657
3.75 3.875 25599908.2607
4.25 3.875 24038938.2448
4.75 3.875 19043834.194
5.25 3.875 14048730.1431
5.75 3.875 7804850.07949
6.25 3.875 3121940.0318
6.75 3.875 624388.006359
7.25 3.875 0.0
7.75 3.875 0.0
8.25 3.875 0.0
8.75 3.875 0.0
0.25 4.125 39024250.3975
0.75 4.125 38399862.3911
1.25 4.125 32468176.3307
1.75 4.125 37775474.3847
2.25 4.125 34653534.3529
2.75 4.125 36526698.372
3.25 4.125 29034042.2957
3.75 4.125 24975520.2544
4.25 4.125 20604804.2099
4.75 4.125 16234088.1653
5.25 4.125 11238984.1145
5.75 4.125 8117044.08267
6.25 4.125 3746328.03816
6.75 4.125 936582.009539
7.25 4.125 312194.00318
7.75 4.125 0.0
8.25 4.125 0.0
8.75 4.125 0.0
0.25 4.375 36838892.3752
0.75 4.375 38399862.3911
1.25 4.375 34965728.3561
1.75 4.375 34965728.3561
2.25 4.375 24038938.2448
2.75 4.375 31531594.3211
3.25 4.375 27473072.2798
3.75 4.375 17795058.1812
4.25 4.375 11863372.1208
4.75 4.375 11551178.1176
5.25 4.375 8117044.08267
5.75 4.375 5307298.05405
6.25 4.375 2497552.02544
6.75 4.375 936582.009539
7.25 4.375 312194.00318
7.75 4.375 0.0
8.25 4.375 0.0
8.75 4.375 0.0
0.25 4.625 30907206.3148
0.75 4.625 33404758.3402
1.25 4.625 23726744.2416
1.75 4.625 35902310.3657
2.25 4.625 24038938.2448
2.75 4.625 24975520.2544
3.25 4.625 18107252.1844
3.75 4.625 19980416.2035
4.25 4.625 13112148.1335
4.75 4.625 11863372.1208
5.25 4.625 9053626.09221
5.75 4.625 4058522.04133
6.25 4.625 1873164.01908
6.75 4.625 0.0
7.25 4.625 0.0
7.75 4.625 0.0
8.25 4.625 0.0
8.75 4.625 0.0
0.25 4.875 27785266.283
0.75 4.875 26536490.2703
1.25 4.875 22165774.2258
1.75 4.875 24663326.2512
2.25 4.875 27785266.283
2.75 4.875 15609700.159
3.25 4.875 16858476.1717
3.75 4.875 19043834.194
4.25 4.875 7804850.07949
4.75 4.875 8117044.08267
5.25 4.875 3434134.03498
5.75 4.875 2497552.02544
6.25 4.875 1560970.0159
6.75 4.875 0.0
7.25 4.875 0.0
7.75 4.875 0.0
8.25 4.875 0.0
8.75 4.875 0.0
0.25 5.125 19980416.2035
0.75 5.125 21853580.2226
1.25 5.125 26536490.2703
1.75 5.125 17170670.1749
2.25 5.125 23726744.2416
2.75 5.125 17170670.1749
3.25 5.125 18419446.1876
3.75 5.125 12799954.1304
4.25 5.125 7804850.07949
4.75 5.125 5307298.05405
5.25 5.125 4682910.04769
5.75 5.125 2497552.02544
6.25 5.125 624388.006359
6.75 5.125 312194.00318
7.25 5.125 0.0
7.75 5.125 0.0
8.25 5.125 0.0
8.75 5.125 0.0
0.25 5.375 18107252.1844
0.75 5.375 17795058.1812
1.25 5.375 13736536.1399
1.75 5.375 13736536.1399
2.25 5.375 18419446.1876
2.75 5.375 17170670.1749
3.25 5.375 10926790.1113
3.75 5.375 7180462.07313
4.25 5.375 6243880.06359
4.75 5.375 5931686.06041
5.25 5.375 2185358.02226
5.75 5.375 1873164.01908
6.25 5.375 624388.006359
6.75 5.375 0.0
7.25 5.375 0.0
7.75 5.375 0.0
8.25 5.375 0.0
8.75 5.375 0.0
0.25 5.625 18731640.1908
0.75 5.625 12799954.1304
1.25 5.625 18107252.1844
1.75 5.625 13424342.1367
2.25 5.625 16234088.1653
2.75 5.625 12487760.1272
3.25 5.625 14985312.1526
3.75 5.625 7492656.07631
4.25 5.625 7492656.07631
4.75 5.625 3746328.03816
5.25 5.625 2497552.02544
5.75 5.625 1560970.0159
6.25 5.625 936582.009539
6.75 5.625 312194.00318
7.25 5.625 0.0
7.75 5.625 0.0
8.25 5.625 0.0
8.75 5.625 0.0
0.25 5.875 17482864.1781
0.75 5.875 12799954.1304
1.25 5.875 13424342.1367
1.75 5.875 13112148.1335
2.25 5.875 14673118.1494
2.75 5.875 13112148.1335
3.25 5.875 10614596.1081
3.75 5.875 8741432.08903
4.25 5.875 7180462.07313
4.75 5.875 3121940.0318
5.25 5.875 2497552.02544
5.75 5.875 936582.009539
6.25 5.875 1248776.01272
6.75 5.875 0.0
7.25 5.875 0.0
7.75 5.875 0.0
8.25 5.875 0.0
8.75 5.875 0.0
0.25 6.125 15609700.159
0.75 6.125 13736536.1399
1.25 6.125 12799954.1304
1.75 6.125 9678014.09857
2.25 6.125 10614596.1081
2.75 6.125 9990208.10175
3.25 6.125 9678014.09857
3.75 6.125 8117044.08267
4.25 6.125 5619492.05723
4.75 6.125 3434134.03498
5.25 6.125 2185358.02226
5.75 6.125 2497552.02544
6.25 6.125 312194.00318
6.75 6.125 0.0
7.25 6.125 0.0
7.75 6.125 0.0
8.25 6.125 0.0
8.75 6.125 0.0
0.25 6.375 12487760.1272
0.75 6.375 11551178.1176
1.25 6.375 12799954.1304
1.75 6.375 9053626.09221
2.25 6.375 10614596.1081
2.75 6.375 6556074.06677
3.25 6.375 6556074.06677
3.75 6.375 5307298.05405
4.25 6.375 4995104.05087
4.75 6.375 3746328.03816
5.25 6.375 1560970.0159
5.75 6.375 1248776.01272
6.25 6.375 312194.00318
6.75 6.375 0.0
7.25 6.375 0.0
7.75 6.375 0.0
8.25 6.375 0.0
8.75 6.375 0.0
0.25 6.625 9053626.09221
0.75 6.625 9365820.09539
1.25 6.625 9678014.09857
1.75 6.625 10302402.1049
2.25 6.625 7492656.07631
2.75 6.625 6243880.06359
3.25 6.625 7492656.07631
3.75 6.625 3434134.03498
4.25 6.625 2497552.02544
4.75 6.625 1873164.01908
5.25 6.625 1560970.0159
5.75 6.625 624388.006359
6.25 6.625 0.0
6.75 6.625 0.0
7.25 6.625 0.0
7.75 6.625 0.0
8.25 6.625 0.0
8.75 6.625 0.0
0.25 6.875 9053626.09221
0.75 6.875 10302402.1049
1.25 6.875 8429238.08585
1.75 6.875 9678014.09857
2.25 6.875 6243880.06359
2.75 6.875 7180462.07313
3.25 6.875 4995104.05087
3.75 6.875 4682910.04769
4.25 6.875 4058522.04133
4.75 6.875 1873164.01908
5.25 6.875 2185358.02226
5.75 6.875 0.0
6.25 6.875 0.0
6.75 6.875 0.0
7.25 6.875 0.0
7.75 6.875 0.0
8.25 6.875 0.0
8.75 6.875 0.0
0.25 7.125 4995104.05087
0.75 7.125 8429238.08585
1.25 7.125 6243880.06359
1.75 7.125 10614596.1081
2.25 7.125 7492656.07631
2.75 7.125 4370716.04451
3.25 7.125 5307298.05405
3.75 7.125 4682910.04769
4.25 7.125 4058522.04133
4.75 7.125 2185358.02226
5.25 7.125 624388.006359
5.75 7.125 312194.00318
6.25 7.125 0.0
6.75 7.125 0.0
7.25 7.125 0.0
7.75 7.125 0.0
8.25 7.125 0.0
8.75 7.125 0.0
0.25 7.375 7492656.07631
0.75 7.375 7804850.07949
1.25 7.375 6243880.06359
1.75 7.375 4370716.04451
2.25 7.375 6556074.06677
2.75 7.375 2185358.02226
3.25 7.375 5619492.05723
3.75 7.375 4370716.04451
4.25 7.375 2497552.02544
4.75 7.375 1560970.0159
5.25 7.375 0.0
5.75 7.375 0.0
6.25 7.375 312194.00318
6.75 7.375 0.0
7.25 7.375 0.0
7.75 7.375 0.0
8.25 7.375 0.0
8.75 7.375 0.0
0.25 7.625 4995104.05087
0.75 7.625 4995104.05087
1.25 7.625 4370716.04451
1.75 7.625 7180462.07313
2.25 7.625 5619492.05723
2.75 7.625 3434134.03498
3.25 7.625 1248776.01272
3.75 7.625 2809746.02862
4.25 7.625 2185358.02226
4.75 7.625 2809746.02862
5.25 7.625 624388.006359
5.75 7.625 0.0
6.25 7.625 0.0
6.75 7.625 0.0
7.25 7.625 0.0
7.75 7.625 0.0
8.25 7.625 0.0
8.75 7.625 0.0
0.25 7.875 3434134.03498
0.75 7.875 4058522.04133
1.25 7.875 6868268.06995
1.75 7.875 1873164.01908
2.25 7.875 3434134.03498
2.75 7.875 3121940.0318
3.25 7.875 4370716.04451
3.75 7.875 2497552.02544
4.25 7.875 1248776.01272
4.75 7.875 1560970.0159
5.25 7.875 312194.00318
5.75 7.875 312194.00318
6.25 7.875 0.0
6.75 7.875 0.0
7.25 7.875 0.0
7.75 7.875 0.0
8.25 7.875 0.0
8.75 7.875 0.0
0.25 8.125 4995104.05087
0.75 8.125 5307298.05405
1.25 8.125 4370716.04451
1.75 8.125 3434134.03498
2.25 8.125 3746328.03816
2.75 8.125 1560970.0159
3.25 8.125 2497552.02544
3.75 8.125 4058522.04133
4.25 8.125 1873164.01908
4.75 8.125 1560970.0159
5.25 8.125 312194.00318
5.75 8.125 0.0
6.25 8.125 0.0
6.75 8.125 0.0
7.25 8.125 0.0
7.75 8.125 0.0
8.25 8.125 0.0
8.75 8.125 0.0
0.25 8.375 4370716.04451
0.75 8.375 3746328.03816
1.25 8.375 3746328.03816
1.75 8.375 2497552.02544
2.25 8.375 2185358.02226
2.75 8.375 2497552.02544
3.25 8.375 3121940.0318
3.75 8.375 936582.009539
4.25 8.375 624388.006359
4.75 8.375 624388.006359
5.25 8.375 0.0
5.75 8.375 312194.00318
6.25 8.375 0.0
6.75 8.375 0.0
7.25 8.375 0.0
7.75 8.375 0.0
8.25 8.375 0.0
8.75 8.375 0.0
0.25 8.625 4682910.04769
0.75 8.625 3121940.0318
1.25 8.625 2809746.02862
1.75 8.625 2497552.02544
2.25 8.625 3746328.03816
2.75 8.625 1560970.0159
3.25 8.625 2809746.02862
3.75 8.625 2185358.02226
4.25 8.625 0.0
4.75 8.625 312194.00318
5.25 8.625 312194.00318
5.75 8.625 0.0
6.25 8.625 0.0
6.75 8.625 0.0
7.25 8.625 0.0
7.75 8.625 0.0
8.25 8.625 0.0
8.75 8.625 0.0
0.25 8.875 3746328.03816
0.75 8.875 3434134.03498
1.25 8.875 2185358.02226
1.75 8.875 3746328.03816
2.25 8.875 4058522.04133
2.75 8.875 3746328.03816
3.25 8.875 1873164.01908
3.75 8.875 2185358.02226
4.25 8.875 1873164.01908
4.75 8.875 1248776.01272
5.25 8.875 0.0
5.75 8.875 0.0
6.25 8.875 0.0
6.75 8.875 0.0
7.25 8.875 0.0
7.75 8.875 0.0
8.25 8.875 0.0
8.75 8.875 0.0
0.25 9.125 2497552.02544
0.75 9.125 1873164.01908
1.25 9.125 2809746.02862
1.75 9.125 2809746.02862
2.25 9.125 2809746.02862
2.75 9.125 2497552.02544
3.25 9.125 936582.009539
3.75 9.125 624388.006359
4.25 9.125 936582.009539
4.75 9.125 312194.00318
5.25 9.125 312194.00318
5.75 9.125 0.0
6.25 9.125 0.0
6.75 9.125 0.0
7.25 9.125 0.0
7.75 9.125 0.0
8.25 9.125 0.0
8.75 9.125 0.0
0.25 9.375 2809746.02862
0.75 9.375 1873164.01908
1.25 9.375 3746328.03816
1.75 9.375 3746328.03816
2.25 9.375 936582.009539
2.75 9.375 2809746.02862
3.25 9.375 3746328.03816
3.75 9.375 624388.006359
4.25 9.375 1248776.01272
4.75 9.375 936582.009539
5.25 9.375 624388.006359
5.75 9.375 312194.00318
6.25 9.375 0.0
6.75 9.375 0.0
7.25 9.375 0.0
7.75 9.375 0.0
8.25 9.375 0.0
8.75 9.375 0.0
0.25 9.625 4058522.04133
0.75 9.625 3434134.03498
1.25 9.625 2809746.02862
1.75 9.625 1873164.01908
2.25 9.625 1873164.01908
2.75 9.625 1248776.01272
3.25 9.625 936582.009539
3.75 9.625 312194.00318
4.25 9.625 312194.00318
4.75 9.625 936582.009539
5.25 9.625 312194.00318
5.75 9.625 0.0
6.25 9.625 0.0
6.75 9.625 0.0
7.25 9.625 0.0
7.75 9.625 0.0
8.25 9.625 0.0
8.75 9.625 0.0
0.25 9.875 2809746.02862
0.75 9.875 1248776.01272
1.25 9.875 1560970.0159
1.75 9.875 2497552.02544
2.25 9.875 1560970.0159
2.75 9.875 2809746.02862
3.25 9.875 1248776.01272
3.75 9.875 624388.006359
4.25 9.875 936582.009539
4.75 9.875 624388.006359
5.25 9.875 624388.006359
5.75 9.875 0.0
6.25 9.875 0.0
6.75 9.875 0.0
7.25 9.875 0.0
7.75 9.875 0.0
8.25 9.875 0.0
8.75 9.875 0.0
0.25 10.125 2185358.02226
0.75 10.125 936582.009539
1.25 10.125 2809746.02862
1.75 10.125 1873164.01908
2.25 10.125 3121940.0318
2.75 10.125 2497552.02544
3.25 10.125 1873164.01908
3.75 10.125 0.0
4.25 10.125 312194.00318
4.75 10.125 312194.00318
5.25 10.125 0.0
5.75 10.125 0.0
6.25 10.125 0.0
6.75 10.125 0.0
7.25 10.125 0.0
7.75 10.125 0.0
8.25 10.125 0.0
8.75 10.125 0.0
0.25 10.375 936582.009539
0.75 10.375 2185358.02226
1.25 10.375 936582.009539
1.75 10.375 1248776.01272
2.25 10.375 3121940.0318
2.75 10.375 312194.00318
3.25 10.375 936582.009539
3.75 10.375 624388.006359
4.25 10.375 312194.00318
4.75 10.375 624388.006359
5.25 10.375 0.0
5.75 10.375 0.0
6.25 10.375 0.0
6.75 10.375 0.0
7.25 10.375 0.0
7.75 10.375 0.0
8.25 10.375 0.0
8.75 10.375 0.0
0.25 10.625 1873164.01908
0.75 10.625 2185358.02226
1.25 10.625 2809746.02862
1.75 10.625 1248776.01272
2.25 10.625 1248776.01272
2.75 10.625 2809746.02862
3.25 10.625 624388.006359
3.75 10.625 0.0
4.25 10.625 312194.00318
4.75 10.625 0.0
5.25 10.625 0.0
5.75 10.625 0.0
6.25 10.625 0.0
6.75 10.625 0.0
7.25 10.625 0.0
7.75 10.625 0.0
8.25 10.625 0.0
8.75 10.625 0.0
0.25 10.875 1873164.01908
0.75 10.875 1248776.01272
1.25 10.875 1560970.0159
1.75 10.875 624388.006359
2.25 10.875 1873164.01908
2.75 10.875 2185358.02226
3.25 10.875 936582.009539
3.75 10.875 624388.006359
4.25 10.875 312194.00318
4.75 10.875 0.0
5.25 10.875 0.0
5.75 10.875 0.0
6.25 10.875 0.0
6.75 10.875 0.0
7.25 10.875 0.0
7.75 10.875 0.0
8.25 10.875 0.0
8.75 10.875 0.0
0.25 11.125 624388.006359
0.75 11.125 2185358.02226
1.25 11.125 0.0
1.75 11.125 936582.009539
2.25 11.125 2185358.02226
2.75 11.125 624388.006359
3.25 11.125 312194.00318
3.75 11.125 624388.006359
4.25 11.125 312194.00318
4.75 11.125 624388.006359
5.25 11.125 0.0
5.75 11.125 0.0
6.25 11.125 0.0
6.75 11.125 0.0
7.25 11.125 0.0
7.75 11.125 0.0
8.25 11.125 0.0
8.75 11.125 0.0
0.25 11.375 1560970.0159
0.75 11.375 3746328.03816
1.25 11.375 1560970.0159
1.75 11.375 624388.006359
2.25 11.375 312194.00318
2.75 11.375 1248776.01272
3.25 11.375 624388.006359
3.75 11.375 936582.009539
4.25 11.375 624388.006359
4.75 11.375 312194.00318
5.25 11.375 0.0
5.75 11.375 0.0
6.25 11.375 0.0
6.75 11.375 0.0
7.25 11.375 0.0
7.75 11.375 0.0
8.25 11.375 0.0
8.75 11.375 0.0
0.25 11.625 624388.006359
0.75 11.625 1560970.0159
1.25 11.625 1873164.01908
1.75 11.625 936582.009539
2.25 11.625 1248776.01272
2.75 11.625 312194.00318
3.25 11.625 624388.006359
3.75 11.625 0.0
4.25 11.625 0.0
4.75 11.625 624388.006359
5.25 11.625 0.0
5.75 11.625 0.0
6.25 11.625 0.0
6.75 11.625 0.0
7.25 11.625 0.0
7.75 11.625 0.0
8.25 11.625 0.0
8.75 11.625 0.0
0.25 11.875 624388.006359
0.75 11.875 1248776.01272
1.25 11.875 624388.006359
1.75 11.875 1248776.01272
2.25 11.875 312194.00318
2.75 11.875 624388.006359
3.25 11.875 624388.006359
3.75 11.875 1560970.0159
4.25 11.875 0.0
4.75 11.875 312194.00318
5.25 11.875 0.0
5.75 11.875 312194.00318
6.25 11.875 0.0
6.75 11.875 0.0
7.25 11.875 0.0
7.75 11.875 0.0
8.25 11.875 0.0
8.75 11.875 0.0
0.25 12.125 624388.006359
0.75 12.125 936582.009539
1.25 12.125 1248776.01272
1.75 12.125 312194.00318
2.25 12.125 0.0
2.75 12.125 936582.009539
3.25 12.125 936582.009539
3.75 12.125 0.0
4.25 12.125 0.0
4.75 12.125 0.0
5.25 12.125 0.0
5.75 12.125 0.0
6.25 12.125 0.0
6.75 12.125 0.0
7.25 12.125 0.0
7.75 12.125 0.0
8.25 12.125 0.0
8.75 12.125 0.0
0.25 12.375 312194.00318
0.75 12.375 624388.006359
1.25 12.375 936582.009539
1.75 12.375 1248776.01272
2.25 12.375 0.0
2.75 12.375 312194.00318
3.25 12.375 624388.006359
3.75 12.375 312194.00318
4.25 12.375 0.0
4.75 12.375 0.0
5.25 12.375 0.0
5.75 12.375 0.0
6.25 12.375 0.0
6.75 12.375 0.0
7.25 12.375 0.0
7.75 12.375 0.0
8.25 12.375 0.0
8.75 12.375 0.0
0.25 12.625 312194.00318
0.75 12.625 1248776.01272
1.25 12.625 312194.00318
1.75 12.625 936582.009539
2.25 12.625 1873164.01908
2.75 12.625 624388.006359
3.25 12.625 312194.00318
3.75 12.625 0.0
4.25 12.625 624388.006359
4.75 12.625 0.0
5.25 12.625 0.0
5.75 12.625 0.0
6.25 12.625 0.0
6.75 12.625 0.0
7.25 12.625 0.0
7.75 12.625 0.0
8.25 12.625 0.0
8.75 12.625 0.0
0.25 12.875 312194.00318
0.75 12.875 624388.006359
1.25 12.875 312194.00318
1.75 12.875 312194.00318
2.25 12.875 312194.00318
2.75 12.875 936582.009539
3.25 12.875 624388.006359
3.75 12.875 312194.00318
4.25 12.875 312194.00318
4.75 12.875 0.0
5.25 12.875 0.0
5.75 12.875 0.0
6.25 12.875 0.0
6.75 12.875 0.0
7.25 12.875 0.0
7.75 12.875 0.0
8.25 12.875 0.0
8.75 12.875 0.0
0.25 13.125 624388.006359
0.75 13.125 312194.00318
1.25 13.125 936582.009539
1.75 13.125 936582.009539
2.25 13.125 0.0
2.75 13.125 624388.006359
3.25 13.125 0.0
3.75 13.125 0.0
4.25 13.125 0.0
4.75 13.125 0.0
5.25 13.125 0.0
5.75 13.125 0.0
6.25 13.125 0.0
6.75 13.125 0.0
7.25 13.125 0.0
7.75 13.125 0.0
8.25 13.125 0.0
8.75 13.125 0.0
0.25 13.375 936582.009539
0.75 13.375 624388.006359
1.25 13.375 624388.006359
1.75 13.375 312194.00318
2.25 13.375 936582.009539
2.75 13.375 312194.00318
3.25 13.375 0.0
3.75 13.375 0.0
4.25 13.375 0.0
4.75 13.375 0.0
5.25 13.375 0.0
5.75 13.375 312194.00318
6.25 13.375 0.0
6.75 13.375 0.0
7.25 13.375 0.0
7.75 13.375 0.0
8.25 13.375 0.0
8.75 13.375 0.0
0.25 13.625 0.0
0.75 13.625 624388.006359
1.25 13.625 624388.006359
1.75 13.625 936582.009539
2.25 13.625 624388.006359
2.75 13.625 312194.00318
3.25 13.625 0.0
3.75 13.625 0.0
4.25 13.625 0.0
4.75 13.625 0.0
5.25 13.625 0.0
5.75 13.625 0.0
6.25 13.625 0.0
6.75 13.625 0.0
7.25 13.625 0.0
7.75 13.625 0.0
8.25 13.625 0.0
8.75 13.625 0.0
0.25 13.875 624388.006359
0.75 13.875 0.0
1.25 13.875 312194.00318
1.75 13.875 312194.00318
2.25 13.875 0.0
2.75 13.875 312194.00318
3.25 13.875 312194.00318
3.75 13.875 0.0
4.25 13.875 0.0
4.75 13.875 0.0
5.25 13.875 0.0
5.75 13.875 0.0
6.25 13.875 0.0
6.75 13.875 0.0
7.25 13.875 0.0
7.75 13.875 0.0
8.25 13.875 0.0
8.75 13.875 0.0
0.25 14.125 0.0
0.75 14.125 624388.006359
1.25 14.125 1560970.0159
1.75 14.125 312194.00318
2.25 14.125 0.0
2.75 14.125 0.0
3.25 14.125 0.0
3.75 14.125 0.0
4.25 14.125 0.0
4.75 14.125 0.0
5.25 14.125 312194.00318
5.75 14.125 0.0
6.25 14.125 0.0
6.75 14.125 0.0
7.25 14.125 0.0
7.75 14.125 0.0
8.25 14.125 0.0
8.75 14.125 0.0
0.25 14.375 0.0
0.75 14.375 624388.006359
1.25 14.375 312194.00318
1.75 14.375 0.0
2.25 14.375 312194.00318
2.75 14.375 624388.006359
3.25 14.375 0.0
3.75 14.375 0.0
4.25 14.375 0.0
4.75 14.375 0.0
5.25 14.375 0.0
5.75 14.375 0.0
6.25 14.375 0.0
6.75 14.375 0.0
7.25 14.375 0.0
7.75 14.375 0.0
8.25 14.375 0.0
8.75 14.375 0.0
0.25 14.625 0.0
0.75 14.625 624388.006359
1.25 14.625 0.0
1.75 14.625 312194.00318
2.25 14.625 0.0
2.75 14.625 312194.00318
3.25 14.625 624388.006359
3.75 14.625 624388.006359
4.25 14.625 0.0
4.75 14.625 0.0
5.25 14.625 0.0
5.75 14.625 0.0
6.25 14.625 0.0
6.75 14.625 0.0
7.25 14.625 0.0
7.75 14.625 0.0
8.25 14.625 0.0
8.75 14.625 0.0
0.25 14.875 312194.00318
0.75 14.875 312194.00318
1.25 14.875 312194.00318
1.75 14.875 312194.00318
2.25 14.875 936582.009539
2.75 14.875 936582.009539
3.25 14.875 312194.00318
3.75 14.875 0.0
4.25 14.875 0.0
4.75 14.875 0.0
5.25 14.875 0.0
5.75 14.875 0.0
6.25 14.875 0.0
6.75 14.875 0.0
7.25 14.875 0.0
7.75 14.875 0.0
8.25 14.875 0.0
8.75 14.875 0.0
0.25 15.125 624388.006359
0.75 15.125 0.0
1.25 15.125 312194.00318
1.75 15.125 312194.00318
2.25 15.125 0.0
2.75 15.125 0.0
3.25 15.125 0.0
3.75 15.125 0.0
4.25 15.125 0.0
4.75 15.125 0.0
5.25 15.125 0.0
5.75 15.125 0.0
6.25 15.125 0.0
6.75 15.125 0.0
7.25 15.125 0.0
7.75 15.125 0.0
8.25 15.125 0.0
8.75 15.125 0.0
0.25 15.375 0.0
0.75 15.375 0.0
1.25 15.375 0.0
1.75 15.375 0.0
2.25 15.375 0.0
2.75 15.375 312194.00318
3.25 15.375 312194.00318
3.75 15.375 0.0
4.25 15.375 624388.006359
4.75 15.375 0.0
5.25 15.375 0.0
5.75 15.375 0.0
6.25 15.375 0.0
6.75 15.375 0.0
7.25 15.375 0.0
7.75 15.375 0.0
8.25 15.375 0.0
8.75 15.375 0.0
0.25 15.625 312194.00318
0.75 15.625 312194.00318
1.25 15.625 312194.00318
1.75 15.625 0.0
2.25 15.625 0.0
2.75 15.625 312194.00318
3.25 15.625 0.0
3.75 15.625 624388.006359
4.25 15.625 0.0
4.75 15.625 0.0
5.25 15.625 0.0
5.75 15.625 0.0
6.25 15.625 0.0
6.75 15.625 0.0
7.25 15.625 0.0
7.75 15.625 0.0
8.25 15.625 0.0
8.75 15.625 0.0
0.25 15.875 0.0
0.75 15.875 0.0
1.25 15.875 0.0
1.75 15.875 312194.00318
2.25 15.875 0.0
2.75 15.875 0.0
3.25 15.875 0.0
3.75 15.875 0.0
4.25 15.875 0.0
4.75 15.875 0.0
5.25 15.875 0.0
5.75 15.875 0.0
6.25 15.875 0.0
6.75 15.875 0.0
7.25 15.875 0.0
7.75 15.875 0.0
8.25 15.875 0.0
8.75 15.875 0.0
0.25 16.125 0.0
0.75 16.125 624388.006359
1.25 16.125 0.0
1.75 16.125 624388.006359
2.25 16.125 624388.006359
2.75 16.125 0.0
3.25 16.125 312194.00318
3.75 16.125 0.0
4.25 16.125 0.0
4.75 16.125 0.0
5.25 16.125 0.0
5.75 16.125 0.0
6.25 16.125 0.0
6.75 16.125 0.0
7.25 16.125 0.0
7.75 16.125 0.0
8.25 16.125 0.0
8.75 16.125 0.0
0.25 16.375 0.0
0.75 16.375 312194.00318
1.25 16.375 936582.009539
1.75 16.375 0.0
2.25 16.375 624388.006359
2.75 16.375 0.0
3.25 16.375 0.0
3.75 16.375 0.0
4.25 16.375 0.0
4.75 16.375 0.0
5.25 16.375 0.0
5.75 16.375 0.0
6.25 16.375 0.0
6.75 16.375 0.0
7.25 16.375 0.0
7.75 16.375 0.0
8.25 16.375 0.0
8.75 16.375 0.0
0.25 16.625 312194.00318
0.75 16.625 0.0
1.25 16.625 312194.00318
1.75 16.625 0.0
2.25 16.625 0.0
2.75 16.625 312194.00318
3.25 16.625 0.0
3.75 16.625 0.0
4.25 16.625 0.0
4.75 16.625 0.0
5.25 16.625 312194.00318
5.75 16.625 0.0
6.25 16.625 0.0
6.75 16.625 0.0
7.25 16.625 0.0
7.75 16.625 0.0
8.25 16.625 0.0
8.75 16.625 0.0
0.25 16.875 0.0
0.75 16.875 312194.00318
1.25 16.875 624388.006359
1.75 16.875 0.0
2.25 16.875 0.0
2.75 16.875 312194.00318
3.25 16.875 0.0
3.75 16.875 0.0
4.25 16.875 0.0
4.75 16.875 0.0
5.25 16.875 0.0
5.75 16.875 0.0
6.25 16.875 0.0
6.75 16.875 0.0
7.25 16.875 0.0
7.75 16.875 0.0
8.25 16.875 0.0
8.75 16.875 0.0
0.25 17.125 312194.00318
0.75 17.125 312194.00318
1.25 17.125 0.0
1.75 17.125 312194.00318
2.25 17.125 936582.009539
2.75 17.125 0.0
3.25 17.125 0.0
3.75 17.125 0.0
4.25 17.125 0.0
4.75 17.125 0.0
5.25 17.125 0.0
5.75 17.125 0.0
6.25 17.125 0.0
6.75 17.125 0.0
7.25 17.125 0.0
7.75 17.125 0.0
8.25 17.125 0.0
8.75 17.125 0.0
0.25 17.375 312194.00318
0.75 17.375 312194.00318
1.25 17.375 0.0
1.75 17.375 624388.006359
2.25 17.375 0.0
2.75 17.375 0.0
3.25 17.375 0.0
3.75 17.375 312194.00318
4.25 17.375 0.0
4.75 17.375 0.0
5.25 17.375 0.0
5.75 17.375 0.0
6.25 17.375 0.0
6.75 17.375 0.0
7.25 17.375 0.0
7.75 17.375 0.0
8.25 17.375 0.0
8.75 17.375 0.0
0.25 17.625 312194.00318
0.75 17.625 624388.006359
1.25 17.625 0.0
1.75 17.625 0.0
2.25 17.625 0.0
2.75 17.625 0.0
3.25 17.625 312194.00318
3.75 17.625 0.0
4.25 17.625 0.0
4.75 17.625 0.0
5.25 17.625 0.0
5.75 17.625 0.0
6.25 17.625 0.0
6.75 17.625 0.0
7.25 17.625 0.0
7.75 17.625 0.0
8.25 17.625 0.0
8.75 17.625 0.0
0.25 17.875 312194.00318
0.75 17.875 312194.00318
1.25 17.875 0.0
1.75 17.875 0.0
2.25 17.875 0.0
2.75 17.875 0.0
3.25 17.875 0.0
3.75 17.875 0.0
4.25 17.875 0.0
4.75 17.875 0.0
5.25 17.875 0.0
5.75 17.875 0.0
6.25 17.875 0.0
6.75 17.875 0.0
7.25 17.875 0.0
7.75 17.875 0.0
8.25 17.875 0.0
8.75 17.875 0.0
0.25 18.125 312194.00318
0.75 18.125 312194.00318
1.25 18.125 624388.006359
1.75 18.125 312194.00318
2.25 18.125 0.0
2.75 18.125 0.0
3.25 18.125 0.0
3.75 18.125 0.0
4.25 18.125 312194.00318
4.75 18.125 0.0
5.25 18.125 0.0
5.75 18.125 0.0
6.25 18.125 0.0
6.75 18.125 0.0
7.25 18.125 0.0
7.75 18.125 0.0
8.25 18.125 0.0
8.75 18.125 0.0
0.25 18.375 0.0
0.75 18.375 624388.006359
1.25 18.375 0.0
1.75 18.375 312194.00318
2.25 18.375 0.0
2.75 18.375 0.0
3.25 18.375 0.0
3.75 18.375 0.0
4.25 18.375 0.0
4.75 18.375 0.0
5.25 18.375 0.0
5.75 18.375 0.0
6.25 18.375 0.0
6.75 18.375 0.0
7.25 18.375 0.0
7.75 18.375 0.0
8.25 18.375 0.0
8.75 18.375 0.0
0.25 18.625 0.0
0.75 18.625 0.0
1.25 18.625 0.0
1.75 18.625 0.0
2.25 18.625 0.0
2.75 18.625 0.0
3.25 18.625 0.0
3.75 18.625 0.0
4.25 18.625 0.0
4.75 18.625 312194.00318
5.25 18.625 0.0
5.75 18.625 0.0
6.25 18.625 0.0
6.75 18.625 0.0
7.25 18.625 0.0
7.75 18.625 0.0
8.25 18.625 0.0
8.75 18.625 0.0
0.25 18.875 312194.00318
0.75 18.875 0.0
1.25 18.875 0.0
1.75 18.875 0.0
2.25 18.875 312194.00318
2.75 18.875 0.0
3.25 18.875 0.0
3.75 18.875 0.0
4.25 18.875 312194.00318
4.75 18.875 0.0
5.25 18.875 0.0
5.75 18.875 0.0
6.25 18.875 0.0
6.75 18.875 0.0
7.25 18.875 0.0
7.75 18.875 0.0
8.25 18.875 0.0
8.75 18.875 0.0
0.25 19.125 312194.00318
0.75 19.125 312194.00318
1.25 19.125 0.0
1.75 19.125 0.0
2.25 19.125 0.0
2.75 19.125 0.0
3.25 19.125 0.0
3.75 19.125 0.0
4.25 19.125 0.0
4.75 19.125 0.0
5.25 19.125 0.0
5.75 19.125 0.0
6.25 19.125 0.0
6.75 19.125 0.0
7.25 19.125 0.0
7.75 19.125 0.0
8.25 19.125 0.0
8.75 19.125 0.0
0.25 19.375 312194.00318
0.75 19.375 0.0
1.25 19.375 0.0
1.75 19.375 0.0
2.25 19.375 0.0
2.75 19.375 312194.00318
3.25 19.375 0.0
3.75 19.375 0.0
4.25 19.375 0.0
4.75 19.375 0.0
5.25 19.375 0.0
5.75 19.375 0.0
6.25 19.375 0.0
6.75 19.375 0.0
7.25 19.375 0.0
7.75 19.375 0.0
8.25 19.375 0.0
8.75 19.375 0.0
0.25 19.625 0.0
0.75 19.625 312194.00318
1.25 19.625 0.0
1.75 19.625 0.0
2.25 19.625 0.0
2.75 19.625 0.0
3.25 19.625 312194.00318
3.75 19.625 0.0
4.25 19.625 0.0
4.75 19.625 0.0
5.25 19.625 0.0
5.75 19.625 0.0
6.25 19.625 0.0
6.75 19.625 0.0
7.25 19.625 0.0
7.75 19.625 0.0
8.25 19.625 0.0
8.75 19.625 0.0
0.25 19.875 624388.006359
0.75 19.875 312194.00318
1.25 19.875 0.0
1.75 19.875 0.0
2.25 19.875 0.0
2.75 19.875 0.0
3.25 19.875 0.0
3.75 19.875 0.0
4.25 19.875 0.0
4.75 19.875 0.0
5.25 19.875 0.0
5.75 19.875 0.0
6.25 19.875 0.0
6.75 19.875 0.0
7.25 19.875 0.0
7.75 19.875 0.0
8.25 19.875 0.0
8.75 19.875 0.0
0.25 20.125 312194.00318
0.75 20.125 0.0
1.25 20.125 0.0
1.75 20.125 312194.00318
2.25 20.125 312194.00318
2.75 20.125 312194.00318
3.25 20.125 0.0
3.75 20.125 0.0
4.25 20.125 0.0
4.75 20.125 0.0
5.25 20.125 0.0
5.75 20.125 0.0
6.25 20.125 0.0
6.75 20.125 0.0
7.25 20.125 0.0
7.75 20.125 0.0
8.25 20.125 0.0
8.75 20.125 0.0
0.25 20.375 0.0
0.75 20.375 0.0
1.25 20.375 0.0
1.75 20.375 0.0
2.25 20.375 312194.00318
2.75 20.375 0.0
3.25 20.375 312194.00318
3.75 20.375 0.0
4.25 20.375 0.0
4.75 20.375 0.0
5.25 20.375 0.0
5.75 20.375 0.0
6.25 20.375 0.0
6.75 20.375 0.0
7.25 20.375 0.0
7.75 20.375 0.0
8.25 20.375 0.0
8.75 20.375 0.0
0.25 20.625 0.0
0.75 20.625 0.0
1.25 20.625 0.0
1.75 20.625 312194.00318
2.25 20.625 0.0
2.75 20.625 0.0
3.25 20.625 0.0
3.75 20.625 0.0
4.25 20.625 0.0
4.75 20.625 0.0
5.25 20.625 0.0
5.75 20.625 0.0
6.25 20.625 0.0
6.75 20.625 0.0
7.25 20.625 0.0
7.75 20.625 0.0
8.25 20.625 0.0
8.75 20.625 0.0
0.25 20.875 0.0
0.75 20.875 0.0
1.25 20.875 0.0
1.75 20.875 312194.00318
2.25 20.875 0.0
2.75 20.875 0.0
3.25 20.875 0.0
3.75 20.875 0.0
4.25 20.875 0.0
4.75 20.875 0.0
5.25 20.875 0.0
5.75 20.875 0.0
6.25 20.875 0.0
6.75 20.875 0.0
7.25 20.875 0.0
7.75 20.875 0.0
8.25 20.875 0.0
8.75 20.875 0.0
0.25 21.125 0.0
0.75 21.125 0.0
1.25 21.125 0.0
1.75 21.125 0.0
2.25 21.125 0.0
2.75 21.125 0.0
3.25 21.125 312194.00318
3.75 21.125 0.0
4.25 21.125 0.0
4.75 21.125 0.0
5.25 21.125 0.0
5.75 21.125 0.0
6.25 21.125 0.0
6.75 21.125 0.0
7.25 21.125 0.0
7.75 21.125 0.0
8.25 21.125 0.0
8.75 21.125 0.0
0.25 21.375 0.0
0.75 21.375 0.0
1.25 21.375 0.0
1.75 21.375 312194.00318
2.25 21.375 312194.00318
2.75 21.375 0.0
3.25 21.375 0.0
3.75 21.375 0.0
4.25 21.375 312194.00318
4.75 21.375 0.0
5.25 21.375 0.0
5.75 21.375 0.0
6.25 21.375 0.0
6.75 21.375 0.0
7.25 21.375 0.0
7.75 21.375 0.0
8.25 21.375 0.0
8.75 21.375 0.0
0.25 21.625 312194.00318
0.75 21.625 0.0
1.25 21.625 0.0
1.75 21.625 0.0
2.25 21.625 0.0
2.75 21.625 0.0
3.25 21.625 312194.00318
3.75 21.625 0.0
4.25 21.625 0.0
4.75 21.625 0.0
5.25 21.625 0.0
5.75 21.625 0.0
6.25 21.625 0.0
6.75 21.625 0.0
7.25 21.625 0.0
7.75 21.625 0.0
8.25 21.625 0.0
8.75 21.625 0.0
0.25 21.875 0.0
0.75 21.875 0.0
1.25 21.875 0.0
1.75 21.875 624388.006359
2.25 21.875 0.0
2.75 21.875 0.0
3.25 21.875 0.0
3.75 21.875 0.0
4.25 21.875 0.0
4.75 21.875 0.0
5.25 21.875 0.0
5.75 21.875 0.0
6.25 21.875 0.0
6.75 21.875 0.0
7.25 21.875 0.0
7.75 21.875 0.0
8.25 21.875 0.0
8.75 21.875 0.0
0.25 22.125 0.0
0.75 22.125 0.0
1.25 22.125 0.0
1.75 22.125 0.0
2.25 22.125 0.0
2.75 22.125 312194.00318
3.25 22.125 0.0
3.75 22.125 0.0
4.25 22.125 0.0
4.75 22.125 0.0
5.25 22.125 0.0
5.75 22.125 0.0
6.25 22.125 0.0
6.75 22.125 0.0
7.25 22.125 0.0
7.75 22.125 0.0
8.25 22.125 0.0
8.75 22.125 0.0
0.25 22.375 0.0
0.75 22.375 0.0
1.25 22.375 312194.00318
1.75 22.375 0.0
2.25 22.375 0.0
2.75 22.375 0.0
3.25 22.375 0.0
3.75 22.375 0.0
4.25 22.375 0.0
4.75 22.375 0.0
5.25 22.375 0.0
5.75 22.375 0.0
6.25 22.375 0.0
6.75 22.375 0.0
7.25 22.375 0.0
7.75 22.375 0.0
8.25 22.375 0.0
8.75 22.375 0.0
0.25 22.625 0.0
0.75 22.625 0.0
1.25 22.625 312194.00318
1.75 22.625 312194.00318
2.25 22.625 0.0
2.75 22.625 0.0
3.25 22.625 0.0
3.75 22.625 0.0
4.25 22.625 0.0
4.75 22.625 0.0
5.25 22.625 0.0
5.75 22.625 0.0
6.25 22.625 0.0
6.75 22.625 0.0
7.25 22.625 0.0
7.75 22.625 0.0
8.25 22.625 0.0
8.75 22.625 0.0
0.25 22.875 312194.00318
0.75 22.875 0.0
1.25 22.875 0.0
1.75 22.875 0.0
2.25 22.875 0.0
2.75 22.875 0.0
3.25 22.875 0.0
3.75 22.875 0.0
4.25 22.875 0.0
4.75 22.875 0.0
5.25 22.875 0.0
5.75 22.875 0.0
6.25 22.875 0.0
6.75 22.875 0.0
7.25 22.875 0.0
7.75 22.875 0.0
8.25 22.875 0.0
8.75 22.875 0.0
0.25 23.125 0.0
0.75 23.125 0.0
1.25 23.125 0.0
1.75 23.125 0.0
2.25 23.125 0.0
2.75 23.125 0.0
3.25 23.125 0.0
3.75 23.125 0.0
4.25 23.125 0.0
4.75 23.125 0.0
5.25 23.125 0.0
5.75 23.125 0.0
6.25 23.125 0.0
6.75 23.125 0.0
7.25 23.125 0.0
7.75 23.125 0.0
8.25 23.125 0.0
8.75 23.125 0.0
0.25 23.375 624388.006359
0.75 23.375 0.0
1.25 23.375 0.0
1.75 23.375 0.0
2.25 23.375 0.0
2.75 23.375 0.0
3.25 23.375 0.0
3.75 23.375 0.0
4.25 23.375 0.0
4.75 23.375 0.0
5.25 23.375 0.0
5.75 23.375 0.0
6.25 23.375 0.0
6.75 23.375 0.0
7.25 23.375 0.0
7.75 23.375 0.0
8.25 23.375 0.0
8.75 23.375 0.0
0.25 23.625 0.0
0.75 23.625 0.0
1.25 23.625 0.0
1.75 23.625 0.0
2.25 23.625 0.0
2.75 23.625 0.0
3.25 23.625 0.0
3.75 23.625 0.0
4.25 23.625 0.0
4.75 23.625 0.0
5.25 23.625 0.0
5.75 23.625 0.0
6.25 23.625 0.0
6.75 23.625 0.0
7.25 23.625 0.0
7.75 23.625 0.0
8.25 23.625 0.0
8.75 23.625 0.0
0.25 23.875 0.0
0.75 23.875 0.0
1.25 23.875 0.0
1.75 23.875 0.0
2.25 23.875 0.0
2.75 23.875 0.0
3.25 23.875 0.0
3.75 23.875 0.0
4.25 23.875 0.0
4.75 23.875 0.0
5.25 23.875 0.0
5.75 23.875 0.0
6.25 23.875 0.0
6.75 23.875 0.0
7.25 23.875 0.0
7.75 23.875 0.0
8.25 23.875 0.0
8.75 23.875 0.0
0.25 24.125 0.0
0.75 24.125 0.0
1.25 24.125 0.0
1.75 24.125 0.0
2.25 24.125 0.0
2.75 24.125 0.0
3.25 24.125 0.0
3.75 24.125 0.0
4.25 24.125 0.0
4.75 24.125 0.0
5.25 24.125 0.0
5.75 24.125 0.0
6.25 24.125 0.0
6.75 24.125 0.0
7.25 24.125 0.0
7.75 24.125 0.0
8.25 24.125 0.0
8.75 24.125 0.0
0.25 24.375 0.0
0.75 24.375 0.0
1.25 24.375 0.0
1.75 24.375 0.0
2.25 24.375 0.0
2.75 24.375 0.0
3.25 24.375 0.0
3.75 24.375 0.0
4.25 24.375 0.0
4.75 24.375 0.0
5.25 24.375 0.0
5.75 24.375 0.0
6.25 24.375 0.0
6.75 24.375 0.0
7.25 24.375 0.0
7.75 24.375 0.0
8.25 24.375 0.0
8.75 24.375 0.0
0.25 24.625 312194.00318
0.75 24.625 0.0
1.25 24.625 0.0
1.75 24.625 0.0
2.25 24.625 0.0
2.75 24.625 0.0
3.25 24.625 0.0
3.75 24.625 0.0
4.25 24.625 0.0
4.75 24.625 0.0
5.25 24.625 0.0
5.75 24.625 0.0
6.25 24.625 0.0
6.75 24.625 0.0
7.25 24.625 0.0
7.75 24.625 0.0
8.25 24.625 0.0
8.75 24.625 0.0
0.25 24.875 0.0
0.75 24.875 312194.00318
1.25 24.875 0.0
1.75 24.875 0.0
2.25 24.875 0.0
2.75 24.875 0.0
3.25 24.875 0.0
3.75 24.875 0.0
4.25 24.875 0.0
4.75 24.875 0.0
5.25 24.875 0.0
5.75 24.875 0.0
6.25 24.875 0.0
6.75 24.875 0.0
7.25 24.875 0.0
7.75 24.875 0.0
8.25 24.875 0.0
8.75 24.875 0.0
0.25 25.125 0.0
0.75 25.125 0.0
1.25 25.125 0.0
1.75 25.125 0.0
2.25 25.125 0.0
2.75 25.125 0.0
3.25 25.125 0.0
3.75 25.125 0.0
4.25 25.125 0.0
4.75 25.125 0.0
5.25 25.125 0.0
5.75 25.125 0.0
6.25 25.125 0.0
6.75 25.125 0.0
7.25 25.125 0.0
7.75 25.125 0.0
8.25 25.125 0.0
8.75 25.125 0.0
0.25 25.375 0.0
0.75 25.375 0.0
1.25 25.375 312194.00318
1.75 25.375 0.0
2.25 25.375 312194.00318
2.75 25.375 312194.00318
3.25 25.375 0.0
3.75 25.375 0.0
4.25 25.375 0.0
4.75 25.375 0.0
5.25 25.375 0.0
5.75 25.375 0.0
6.25 25.375 0.0
6.75 25.375 0.0
7.25 25.375 0.0
7.75 25.375 0.0
8.25 25.375 0.0
8.75 25.375 0.0
0.25 25.625 0.0
0.75 25.625 0.0
1.25 25.625 0.0
1.75 25.625 0.0
2.25 25.625 0.0
2.75 25.625 0.0
3.25 25.625 0.0
3.75 25.625 0.0
4.25 25.625 0.0
4.75 25.625 0.0
5.25 25.625 0.0
5.75 25.625 0.0
6.25 25.625 0.0
6.75 25.625 0.0
7.25 25.625 0.0
7.75 25.625 0.0
8.25 25.625 0.0
8.75 25.625 0.0
0.25 25.875 0.0
0.75 25.875 0.0
1.25 25.875 0.0
1.75 25.875 0.0
2.25 25.875 0.0
2.75 25.875 0.0
3.25 25.875 0.0
3.75 25.875 0.0
4.25 25.875 0.0
4.75 25.875 0.0
5.25 25.875 0.0
5.75 25.875 0.0
6.25 25.875 0.0
6.75 25.875 0.0
7.25 25.875 0.0
7.75 25.875 0.0
8.25 25.875 0.0
8.75 25.875 0.0
0.25 26.125 0.0
0.75 26.125 0.0
1.25 26.125 0.0
1.75 26.125 0.0
2.25 26.125 312194.00318
2.75 26.125 0.0
3.25 26.125 0.0
3.75 26.125 0.0
4.25 26.125 0.0
4.75 26.125 0.0
5.25 26.125 0.0
5.75 26.125 0.0
6.25 26.125 0.0
6.75 26.125 0.0
7.25 26.125 0.0
7.75 26.125 0.0
8.25 26.125 0.0
8.75 26.125 0.0
0.25 26.375 0.0
0.75 26.375 0.0
1.25 26.375 0.0
1.75 26.375 0.0
2.25 26.375 0.0
2.75 26.375 0.0
3.25 26.375 0.0
3.75 26.375 0.0
4.25 26.375 0.0
4.75 26.375 0.0
5.25 26.375 0.0
5.75 26.375 0.0
6.25 26.375 0.0
6.75 26.375 0.0
7.25 26.375 0.0
7.75 26.375 0.0
8.25 26.375 0.0
8.75 26.375 0.0
0.25 26.625 0.0
0.75 26.625 0.0
1.25 26.625 0.0
1.75 26.625 0.0
2.25 26.625 312194.00318
2.75 26.625 0.0
3.25 26.625 0.0
3.75 26.625 0.0
4.25 26.625 0.0
4.75 26.625 0.0
5.25 26.625 0.0
5.75 26.625 0.0
6.25 26.625 0.0
6.75 26.625 0.0
7.25 26.625 0.0
7.75 26.625 0.0
8.25 26.625 0.0
8.75 26.625 0.0
0.25 26.875 0.0
0.75 26.875 0.0
1.25 26.875 312194.00318
1.75 26.875 0.0
2.25 26.875 312194.00318
2.75 26.875 0.0
3.25 26.875 0.0
3.75 26.875 0.0
4.25 26.875 0.0
4.75 26.875 0.0
5.25 26.875 0.0
5.75 26.875 0.0
6.25 26.875 0.0
6.75 26.875 0.0
7.25 26.875 0.0
7.75 26.875 0.0
8.25 26.875 0.0
8.75 26.875 0.0
0.25 27.125 0.0
0.75 27.125 312194.00318
1.25 27.125 0.0
1.75 27.125 0.0
2.25 27.125 0.0
2.75 27.125 0.0
3.25 27.125 0.0
3.75 27.125 0.0
4.25 27.125 0.0
4.75 27.125 0.0
5.25 27.125 0.0
5.75 27.125 0.0
6.25 27.125 0.0
6.75 27.125 0.0
7.25 27.125 0.0
7.75 27.125 0.0
8.25 27.125 0.0
8.75 27.125 0.0
0.25 27.375 312194.00318
0.75 27.375 0.0
1.25 27.375 0.0
1.75 27.375 0.0
2.25 27.375 0.0
2.75 27.375 0.0
3.25 27.375 0.0
3.75 27.375 0.0
4.25 27.375 0.0
4.75 27.375 0.0
5.25 27.375 0.0
5.75 27.375 0.0
6.25 27.375 0.0
6.75 27.375 0.0
7.25 27.375 0.0
7.75 27.375 0.0
8.25 27.375 0.0
8.75 27.375 0.0
0.25 27.625 0.0
0.75 27.625 0.0
1.25 27.625 0.0
1.75 27.625 0.0
2.25 27.625 0.0
2.75 27.625 0.0
3.25 27.625 0.0
3.75 27.625 0.0
4.25 27.625 0.0
4.75 27.625 0.0
5.25 27.625 0.0
5.75 27.625 0.0
6.25 27.625 0.0
6.75 27.625 0.0
7.25 27.625 0.0
7.75 27.625 0.0
8.25 27.625 0.0
8.75 27.625 0.0
0.25 27.875 0.0
0.75 27.875 0.0
1.25 27.875 0.0
1.75 27.875 312194.00318
2.25 27.875 0.0
2.75 27.875 0.0
3.25 27.875 0.0
3.75 27.875 0.0
4.25 27.875 0.0
4.75 27.875 0.0
5.25 27.875 0.0
5.75 27.875 0.0
6.25 27.875 0.0
6.75 27.875 0.0
7.25 27.875 0.0
7.75 27.875 0.0
8.25 27.875 0.0
8.75 27.875 0.0
0.25 28.125 0.0
0.75 28.125 0.0
1.25 28.125 0.0
1.75 28.125 0.0
2.25 28.125 0.0
2.75 28.125 0.0
3.25 28.125 0.0
3.75 28.125 0.0
4.25 28.125 0.0
4.75 28.125 0.0
5.25 28.125 0.0
5.75 28.125 0.0
6.25 28.125 0.0
6.75 28.125 0.0
7.25 28.125 0.0
7.75 28.125 0.0
8.25 28.125 0.0
8.75 28.125 0.0
0.25 28.375 0.0
0.75 28.375 0.0
1.25 28.375 0.0
1.75 28.375 0.0
2.25 28.375 0.0
2.75 28.375 0.0
3.25 28.375 0.0
3.75 28.375 0.0
4.25 28.375 0.0
4.75 28.375 0.0
5.25 28.375 0.0
5.75 28.375 0.0
6.25 28.375 0.0
6.75 28.375 0.0
7.25 28.375 0.0
7.75 28.375 0.0
8.25 28.375 0.0
8.75 28.375 0.0
0.25 28.625 0.0
0.75 28.625 0.0
1.25 28.625 0.0
1.75 28.625 0.0
2.25 28.625 0.0
2.75 28.625 0.0
3.25 28.625 0.0
3.75 28.625 0.0
4.25 28.625 0.0
4.75 28.625 0.0
5.25 28.625 0.0
5.75 28.625 0.0
6.25 28.625 0.0
6.75 28.625 0.0
7.25 28.625 0.0
7.75 28.625 0.0
8.25 28.625 0.0
8.75 28.625 0.0
0.25 28.875 0.0
0.75 28.875 0.0
1.25 28.875 0.0
1.75 28.875 0.0
2.25 28.875 0.0
2.75 28.875 0.0
3.25 28.875 0.0
3.75 28.875 0.0
4.25 28.875 0.0
4.75 28.875 0.0
5.25 28.875 0.0
5.75 28.875 0.0
6.25 28.875 0.0
6.75 28.875 0.0
7.25 28.875 0.0
7.75 28.875 0.0
8.25 28.875 0.0
8.75 28.875 0.0
0.25 29.125 0.0
0.75 29.125 0.0
1.25 29.125 0.0
1.75 29.125 0.0
2.25 29.125 0.0
2.75 29.125 0.0
3.25 29.125 0.0
3.75 29.125 0.0
4.25 29.125 0.0
4.75 29.125 0.0
5.25 29.125 0.0
5.75 29.125 0.0
6.25 29.125 0.0
6.75 29.125 0.0
7.25 29.125 0.0
7.75 29.125 0.0
8.25 29.125 0.0
8.75 29.125 0.0
0.25 29.375 0.0
0.75 29.375 0.0
1.25 29.375 0.0
1.75 29.375 312194.00318
2.25 29.375 312194.00318
2.75 29.375 0.0
3.25 29.375 0.0
3.75 29.375 0.0
4.25 29.375 0.0
4.75 29.375 0.0
5.25 29.375 0.0
5.75 29.375 0.0
6.25 29.375 0.0
6.75 29.375 0.0
7.25 29.375 0.0
7.75 29.375 0.0
8.25 29.375 0.0
8.75 29.375 0.0
0.25 29.625 0.0
0.75 29.625 312194.00318
1.25 29.625 0.0
1.75 29.625 0.0
2.25 29.625 0.0
2.75 29.625 0.0
3.25 29.625 0.0
3.75 29.625 0.0
4.25 29.625 0.0
4.75 29.625 0.0
5.25 29.625 0.0
5.75 29.625 0.0
6.25 29.625 0.0
6.75 29.625 0.0
7.25 29.625 0.0
7.75 29.625 0.0
8.25 29.625 0.0
8.75 29.625 0.0
0.25 29.875 0.0
0.75 29.875 312194.00318
1.25 29.875 0.0
1.75 29.875 0.0
2.25 29.875 0.0
2.75 29.875 0.0
3.25 29.875 0.0
3.75 29.875 0.0
4.25 29.875 0.0
4.75 29.875 0.0
5.25 29.875 0.0
5.75 29.875 0.0
6.25 29.875 0.0
6.75 29.875 0.0
7.25 29.875 0.0
7.75 29.875 0.0
8.25 29.875 0.0
8.75 29.875 0.0
