0.25 0.125 2300397.20793
0.75 0.125 2236595.74453
1.25 0.125 2144438.07519
1.75 0.125 2286219.10495
2.25 0.125 2147982.60093
2.75 0.125 2491801.59811
3.25 0.125 2435089.1862
3.75 0.125 2442178.23769
4.25 0.125 2431544.66046
4.75 0.125 2201150.48709
5.25 0.125 1889232.22161
5.75 0.125 1673016.15122
6.25 0.125 1183871.59853
6.75 0.125 1130703.71237
7.25 0.125 804607.343913
7.75 0.125 336729.945691
8.25 0.125 124058.401044
8.75 0.125 3544.52574411
0.25 0.375 7315901.13585
0.75 0.375 7184753.68332
1.25 0.375 7347801.86754
1.75 0.375 7245010.62096
2.25 0.375 6879924.46932
2.75 0.375 7156397.47736
3.25 0.375 7400969.75371
3.75 0.375 7386791.65073
4.25 0.375 7042972.65355
4.75 0.375 6475848.53449
5.25 0.375 5961892.3016
5.75 0.375 5079305.39131
6.25 0.375 3895433.79278
6.75 0.375 3133360.7578
7.25 0.375 2311030.78516
7.75 0.375 1081080.35195
8.25 0.375 152414.606997
8.75 0.375 0.0
0.25 0.625 12278237.1776
0.75 0.625 12164812.3538
1.25 0.625 12178990.4568
1.75 0.625 12093921.8389
2.25 0.625 12040753.9527
2.75 0.625 11413372.896
3.25 0.625 11367294.0614
3.75 0.625 11321215.2267
4.25 0.625 10991574.3325
4.75 0.625 9797069.15673
5.25 0.625 9169688.10002
5.75 0.625 7641997.50431
6.25 0.625 6135574.06306
6.75 0.625 4912712.68134
7.25 0.625 3094370.97461
7.75 0.625 1506423.44125
8.25 0.625 184315.338694
8.75 0.625 3544.52574411
0.25 0.875 15564012.5424
0.75 0.875 15500211.079
1.25 0.875 15195381.865
1.75 0.875 14975621.2689
2.25 0.875 14819662.1361
2.75 0.875 13912263.5456
3.25 0.875 13901629.9684
3.75 0.875 13426663.5187
4.25 0.875 12852450.3482
4.75 0.875 12249880.9717
5.25 0.875 10817892.571
5.75 0.875 9424893.95359
6.25 0.875 7556928.88645
6.75 0.875 5235264.52405
7.25 0.875 3757197.28876
7.75 0.875 1485156.28678
8.25 0.875 152414.606997
8.75 0.875 0.0
0.25 1.125 16549390.6993
0.75 1.125 17042079.7777
1.25 1.125 16322541.0516
1.75 1.125 16003533.7347
2.25 1.125 15670348.3147
2.75 1.125 14862196.4451
3.25 1.125 13869729.2367
3.75 1.125 13568444.5485
4.25 1.125 13369951.1068
4.75 1.125 12083288.2617
5.25 1.125 10640666.2838
5.75 1.125 9417804.90211
6.25 1.125 7439959.53689
6.75 1.125 5571994.46974
7.25 1.125 3385022.08563
7.75 1.125 1180327.07279
8.25 1.125 131147.452532
8.75 1.125 0.0
0.25 1.375 16517489.9676
0.75 1.375 15358430.0492
1.25 1.375 15755416.9326
1.75 1.375 15152847.5561
2.25 1.375 14390774.5211
2.75 1.375 14057589.1011
3.25 1.375 13235259.1285
3.75 1.375 12714213.8441
4.25 1.375 11842260.5111
4.75 1.375 10640666.2838
5.25 1.375 9828969.88842
5.75 1.375 8464327.47694
6.25 1.375 6670797.45042
6.75 1.375 4856000.26943
7.25 1.375 2761185.55466
7.75 1.375 903854.064749
8.25 1.375 35445.2574411
8.75 1.375 0.0
0.25 1.625 14224181.8111
0.75 1.625 14128479.616
1.25 1.625 14011510.2665
1.75 1.625 13398307.3127
2.25 1.625 12785104.359
2.75 1.625 12249880.9717
3.25 1.625 11774914.5219
3.75 1.625 11147533.4652
4.25 1.625 10211778.6688
4.75 1.625 8953472.02963
5.25 1.625 8014172.70744
5.75 1.625 6848023.73762
6.25 1.625 5121839.70024
6.75 1.625 3820998.75215
7.25 1.625 1942400.10777
7.75 1.625 556490.541826
8.25 1.625 31900.731697
8.75 1.625 0.0
0.25 1.875 11973407.9636
0.75 1.875 12108099.9419
1.25 1.875 11650856.1209
1.75 1.875 11299948.0722
2.25 1.875 10895872.1374
2.75 1.875 10591042.9234
3.25 1.875 9517051.62294
3.75 1.875 8988917.28707
4.25 1.875 8010628.18169
4.75 1.875 7319445.66159
5.25 1.875 6231276.25815
5.75 1.875 4951702.46452
6.25 1.875 3789098.02046
6.75 1.875 2637127.15362
7.25 1.875 1329197.15404
7.75 1.875 280017.533785
8.25 1.875 3544.52574411
8.75 1.875 0.0
0.25 2.125 10133799.1024
0.75 2.125 9609209.29229
1.25 2.125 9864415.14586
1.75 2.125 9265390.29511
2.25 2.125 9159054.52279
2.75 2.125 8326090.97292
3.25 2.125 7851124.52321
3.75 2.125 7198931.78629
4.25 2.125 6461670.43152
4.75 2.125 5727953.60248
5.25 2.125 4877267.4239
5.75 2.125 3877711.16406
6.25 2.125 2931322.79038
6.75 2.125 1917588.42756
7.25 2.125 847141.652843
7.75 2.125 124058.401044
8.25 2.125 3544.52574411
8.75 2.125 0.0
0.25 2.375 8003539.1302
0.75 2.375 7805045.68853
1.25 2.375 7953915.76979
1.75 2.375 7500216.47454
2.25 2.375 7060695.28227
2.75 2.375 6752321.54253
3.25 2.375 6256087.93836
3.75 2.375 5713775.49951
4.25 2.375 4997781.2992
4.75 2.375 4274698.0474
5.25 2.375 3696940.35111
5.75 2.375 2796630.8121
6.25 2.375 1988478.94245
6.75 2.375 1300840.94809
7.25 2.375 496233.604176
7.75 2.375 60256.9376499
8.25 2.375 0.0
8.75 2.375 0.0
0.25 2.625 6497115.68896
0.75 2.625 6376601.81366
1.25 2.625 6273810.56708
1.75 2.625 6284444.14431
2.25 2.625 5947714.19862
2.75 2.625 5345144.82212
3.25 2.625 5125384.22599
3.75 2.625 4575982.73565
4.25 2.625 3789098.02046
4.75 2.625 3565792.89858
5.25 2.625 2640671.67936
5.75 2.625 2073547.56031
6.25 2.625 1446166.5036
6.75 2.625 776251.137961
7.25 2.625 368630.677388
7.75 2.625 31900.731697
8.25 2.625 0.0
8.75 2.625 0.0
0.25 2.875 5451480.59444
0.75 2.875 5288432.41022
1.25 2.875 5494014.90337
1.75 2.875 5100572.54578
2.25 2.875 4536992.95246
2.75 2.875 4384578.34547
3.25 2.875 3859988.53534
3.75 2.875 3491357.85795
4.25 2.875 3019935.93398
4.75 2.875 2594592.84469
5.25 2.875 2087725.66328
5.75 2.875 1431988.40062
6.25 2.875 1066902.24898
6.75 2.875 655737.262661
7.25 2.875 166592.709973
7.75 2.875 21267.1544647
8.25 2.875 0.0
8.75 2.875 0.0
0.25 3.125 4565349.15842
0.75 3.125 4416479.07716
1.25 3.125 4324321.40782
1.75 3.125 4189629.42954
2.25 3.125 3806820.64918
2.75 3.125 3424011.86881
3.25 3.125 3051836.66568
3.75 3.125 2988035.20229
4.25 3.125 2459900.86641
4.75 3.125 2016835.1484
5.25 3.125 1488700.81253
5.75 3.125 1180327.07279
6.25 3.125 747894.932008
6.75 3.125 336729.945691
7.25 3.125 102791.246579
7.75 3.125 10633.5772323
8.25 3.125 0.0
8.75 3.125 0.0
0.25 3.375 3622505.31048
0.75 3.375 3501991.43518
1.25 3.375 3377933.03414
1.75 3.375 2998668.77952
2.25 3.375 3119182.65482
2.75 3.375 2927778.26464
3.25 3.375 2424455.60897
3.75 3.375 2328753.41388
4.25 3.375 1850242.43843
4.75 3.375 1598581.11059
5.25 3.375 1208683.27874
5.75 3.375 850686.178587
6.25 3.375 467877.398223
6.75 3.375 216216.070391
7.25 3.375 74435.0406264
7.75 3.375 3544.52574411
8.25 3.375 0.0
8.75 3.375 0.0
0.25 3.625 2835620.59529
0.75 3.625 2601681.89618
1.25 3.625 2778908.18338
1.75 3.625 2722195.77148
2.25 3.625 2605226.42192
2.75 3.625 2389010.35153
3.25 3.625 2080636.61179
3.75 3.625 1708461.40866
4.25 3.625 1456800.08083
4.75 3.625 1240584.01044
5.25 3.625 797518.292425
5.75 3.625 627381.056708
6.25 3.625 393442.357596
6.75 3.625 194948.915926
7.25 3.625 24811.6802088
7.75 3.625 0.0
8.25 3.625 0.0
8.75 3.625 0.0
0.25 3.875 2162160.70391
0.75 3.875 2282674.57921
1.25 3.875 2261407.42474
1.75 3.875 2041646.82861
2.25 3.875 2027468.72563
2.75 3.875 1896321.2731
3.25 3.875 1502878.9155
3.75 3.875 1392998.61744
4.25 3.875 1162604.44407
4.75 3.875 964111.002398
5.25 3.875 645103.685428
5.75 3.875 450154.769502
6.25 3.875 315462.791226
6.75 3.875 116969.349556
7.25 3.875 21267.1544647
7.75 3.875 0.0
8.25 3.875 0.0
8.75 3.875 0.0
0.25 4.125 1949489.15926
0.75 4.125 1832519.80971
1.25 4.125 1960122.73649
1.75 4.125 1736817.61461
2.25 4.125 1694283.30569
2.75 4.125 1470978.18381
3.25 4.125 1346919.78276
3.75 4.125 1159059.91832
4.25 4.125 971200.053887
4.75 4.125 730172.303287
5.25 4.125 510411.707152
5.75 4.125 294195.636761
6.25 4.125 202037.967414
6.75 4.125 63801.463394
7.25 4.125 7089.05148822
7.75 4.125 0.0
8.25 4.125 0.0
8.75 4.125 0.0
0.25 4.375 1559591.32741
0.75 4.375 1541868.69869
1.25 4.375 1417810.29764
1.75 4.375 1339830.73127
2.25 4.375 1322108.10255
2.75 4.375 1215772.33023
3.25 4.375 925121.219213
3.75 4.375 829419.024122
4.25 4.375 680548.94287
4.75 4.375 556490.541826
5.25 4.375 432432.140782
5.75 4.375 290651.111017
6.25 4.375 131147.452532
6.75 4.375 53167.8861617
7.25 4.375 0.0
7.75 4.375 0.0
8.25 4.375 0.0
8.75 4.375 0.0
0.25 4.625 1371731.46297
0.75 4.625 1290207.37086
1.25 4.625 1130703.71237
1.75 4.625 1180327.07279
2.25 4.625 1073991.30047
2.75 4.625 857775.230075
3.25 4.625 730172.303287
3.75 4.625 737261.354775
4.25 4.625 506867.181408
4.75 4.625 482055.501199
5.25 4.625 322551.842714
5.75 4.625 194948.915926
6.25 4.625 106335.772323
6.75 4.625 49623.3604176
7.25 4.625 0.0
7.75 4.625 0.0
8.25 4.625 0.0
8.75 4.625 0.0
0.25 4.875 1102347.50642
0.75 4.875 840052.601355
1.25 4.875 1098802.98067
1.75 4.875 914487.641981
2.25 4.875 847141.652843
2.75 4.875 854230.704331
3.25 4.875 723083.251799
3.75 4.875 556490.541826
4.25 4.875 460788.346735
4.75 4.875 336729.945691
5.25 4.875 251661.327832
5.75 4.875 152414.606997
6.25 4.875 85068.6178587
6.75 4.875 17722.6287206
7.25 4.875 0.0
7.75 4.875 0.0
8.25 4.875 0.0
8.75 4.875 0.0
0.25 5.125 939299.32219
0.75 5.125 935754.796446
1.25 5.125 730172.303287
1.75 5.125 687637.994358
2.25 5.125 747894.932008
2.75 5.125 769162.086472
3.25 5.125 570668.644802
3.75 5.125 489144.552687
4.25 5.125 375719.728876
4.75 5.125 287106.585273
5.25 5.125 216216.070391
5.75 5.125 95702.195091
6.25 5.125 49623.3604176
6.75 5.125 17722.6287206
7.25 5.125 3544.52574411
7.75 5.125 0.0
8.25 5.125 0.0
8.75 5.125 0.0
0.25 5.375 737261.354775
0.75 5.375 868408.807307
1.25 5.375 627381.056708
1.75 5.375 708905.148822
2.25 5.375 634470.108196
2.75 5.375 627381.056708
3.25 5.375 531678.861617
3.75 5.375 407620.460573
4.25 5.375 308373.739738
4.75 5.375 187859.864438
5.25 5.375 194948.915926
5.75 5.375 109880.298067
6.25 5.375 42534.3089293
6.75 5.375 17722.6287206
7.25 5.375 0.0
7.75 5.375 0.0
8.25 5.375 0.0
8.75 5.375 0.0
0.25 5.625 574213.170546
0.75 5.625 606113.902243
1.25 5.625 567124.119058
1.75 5.625 652192.736917
2.25 5.625 443065.718014
2.75 5.625 404075.934829
3.25 5.625 365086.151644
3.75 5.625 301284.68825
4.25 5.625 255205.853576
4.75 5.625 191404.390182
5.25 5.625 99246.7208351
5.75 5.625 99246.7208351
6.25 5.625 31900.731697
6.75 5.625 10633.5772323
7.25 5.625 0.0
7.75 5.625 0.0
8.25 5.625 0.0
8.75 5.625 0.0
0.25 5.875 524589.810129
0.75 5.875 457243.82099
1.25 5.875 499778.12992
1.75 5.875 418254.037805
2.25 5.875 414709.512061
2.75 5.875 418254.037805
3.25 5.875 350908.048667
3.75 5.875 311918.265482
4.25 5.875 219760.596135
4.75 5.875 180770.81295
5.25 5.875 77979.5663705
5.75 5.875 70890.5148822
6.25 5.875 24811.6802088
6.75 5.875 3544.52574411
7.25 5.875 0.0
7.75 5.875 0.0
8.25 5.875 0.0
8.75 5.875 0.0
0.25 6.125 474966.449711
0.75 6.125 396986.883341
1.25 6.125 428887.615038
1.75 6.125 368630.677388
2.25 6.125 368630.677388
2.75 6.125 311918.265482
3.25 6.125 294195.636761
3.75 6.125 248116.802088
4.25 6.125 177226.287206
4.75 6.125 173681.761461
5.25 6.125 70890.5148822
5.75 6.125 46078.8346735
6.25 6.125 31900.731697
6.75 6.125 0.0
7.25 6.125 0.0
7.75 6.125 0.0
8.25 6.125 0.0
8.75 6.125 0.0
0.25 6.375 386353.306108
0.75 6.375 365086.151644
1.25 6.375 343818.997179
1.75 6.375 301284.68825
2.25 6.375 255205.853576
2.75 6.375 255205.853576
3.25 6.375 177226.287206
3.75 6.375 177226.287206
4.25 6.375 163048.184229
4.75 6.375 113424.823812
5.25 6.375 53167.8861617
5.75 6.375 28356.2059529
6.25 6.375 17722.6287206
6.75 6.375 0.0
7.25 6.375 0.0
7.75 6.375 0.0
8.25 6.375 0.0
8.75 6.375 0.0
0.25 6.625 280017.533785
0.75 6.625 251661.327832
1.25 6.625 283562.059529
1.75 6.625 244572.276344
2.25 6.625 283562.059529
2.75 6.625 244572.276344
3.25 6.625 212671.544647
3.75 6.625 138236.50402
4.25 6.625 106335.772323
4.75 6.625 56712.4119058
5.25 6.625 42534.3089293
5.75 6.625 31900.731697
6.25 6.625 7089.05148822
6.75 6.625 0.0
7.25 6.625 0.0
7.75 6.625 0.0
8.25 6.625 0.0
8.75 6.625 0.0
0.25 6.875 294195.636761
0.75 6.875 219760.596135
1.25 6.875 230394.173367
1.75 6.875 212671.544647
2.25 6.875 194948.915926
2.75 6.875 184315.338694
3.25 6.875 184315.338694
3.75 6.875 88613.1436028
4.25 6.875 92157.6693469
4.75 6.875 77979.5663705
5.25 6.875 38989.7831852
5.75 6.875 21267.1544647
6.25 6.875 17722.6287206
6.75 6.875 3544.52574411
7.25 6.875 0.0
7.75 6.875 0.0
8.25 6.875 0.0
8.75 6.875 0.0
0.25 7.125 184315.338694
0.75 7.125 248116.802088
1.25 7.125 173681.761461
1.75 7.125 216216.070391
2.25 7.125 180770.81295
2.75 7.125 159503.658485
3.25 7.125 120513.8753
3.75 7.125 102791.246579
4.25 7.125 99246.7208351
4.75 7.125 81524.0921146
5.25 7.125 35445.2574411
5.75 7.125 14178.1029764
6.25 7.125 17722.6287206
6.75 7.125 0.0
7.25 7.125 0.0
7.75 7.125 0.0
8.25 7.125 0.0
8.75 7.125 0.0
0.25 7.375 187859.864438
0.75 7.375 170137.235717
1.25 7.375 216216.070391
1.75 7.375 138236.50402
2.25 7.375 155959.132741
2.75 7.375 141781.029764
3.25 7.375 127602.926788
3.75 7.375 120513.8753
4.25 7.375 99246.7208351
4.75 7.375 28356.2059529
5.25 7.375 24811.6802088
5.75 7.375 7089.05148822
6.25 7.375 7089.05148822
6.75 7.375 0.0
7.25 7.375 0.0
7.75 7.375 0.0
8.25 7.375 0.0
8.75 7.375 0.0
0.25 7.625 198493.44167
0.75 7.625 134691.978276
1.25 7.625 205582.493158
1.75 7.625 141781.029764
2.25 7.625 124058.401044
2.75 7.625 127602.926788
3.25 7.625 106335.772323
3.75 7.625 74435.0406264
4.25 7.625 88613.1436028
4.75 7.625 35445.2574411
5.25 7.625 24811.6802088
5.75 7.625 3544.52574411
6.25 7.625 0.0
6.75 7.625 0.0
7.25 7.625 0.0
7.75 7.625 0.0
8.25 7.625 0.0
8.75 7.625 0.0
0.25 7.875 166592.709973
0.75 7.875 152414.606997
1.25 7.875 163048.184229
1.75 7.875 102791.246579
2.25 7.875 88613.1436028
2.75 7.875 67345.9891381
3.25 7.875 99246.7208351
3.75 7.875 42534.3089293
4.25 7.875 38989.7831852
4.75 7.875 28356.2059529
5.25 7.875 21267.1544647
5.75 7.875 10633.5772323
6.25 7.875 3544.52574411
6.75 7.875 0.0
7.25 7.875 0.0
7.75 7.875 0.0
8.25 7.875 0.0
8.75 7.875 0.0
0.25 8.125 148870.081253
0.75 8.125 124058.401044
1.25 8.125 127602.926788
1.75 8.125 116969.349556
2.25 8.125 95702.195091
2.75 8.125 102791.246579
3.25 8.125 70890.5148822
3.75 8.125 38989.7831852
4.25 8.125 35445.2574411
4.75 8.125 14178.1029764
5.25 8.125 21267.1544647
5.75 8.125 3544.52574411
6.25 8.125 0.0
6.75 8.125 0.0
7.25 8.125 0.0
7.75 8.125 0.0
8.25 8.125 0.0
8.75 8.125 0.0
0.25 8.375 99246.7208351
0.75 8.375 88613.1436028
1.25 8.375 155959.132741
1.75 8.375 99246.7208351
2.25 8.375 70890.5148822
2.75 8.375 92157.6693469
3.25 8.375 53167.8861617
3.75 8.375 46078.8346735
4.25 8.375 21267.1544647
4.75 8.375 24811.6802088
5.25 8.375 14178.1029764
5.75 8.375 7089.05148822
6.25 8.375 0.0
6.75 8.375 0.0
7.25 8.375 0.0
7.75 8.375 0.0
8.25 8.375 0.0
8.75 8.375 0.0
0.25 8.625 56712.4119058
0.75 8.625 67345.9891381
1.25 8.625 81524.0921146
1.75 8.625 77979.5663705
2.25 8.625 77979.5663705
2.75 8.625 74435.0406264
3.25 8.625 49623.3604176
3.75 8.625 42534.3089293
4.25 8.625 24811.6802088
4.75 8.625 10633.5772323
5.25 8.625 10633.5772323
5.75 8.625 3544.52574411
6.25 8.625 3544.52574411
6.75 8.625 0.0
7.25 8.625 0.0
7.75 8.625 0.0
8.25 8.625 0.0
8.75 8.625 0.0
0.25 8.875 92157.6693469
0.75 8.875 81524.0921146
1.25 8.875 74435.0406264
1.75 8.875 81524.0921146
2.25 8.875 28356.2059529
2.75 8.875 49623.3604176
3.25 8.875 35445.2574411
3.75 8.875 35445.2574411
4.25 8.875 53167.8861617
4.75 8.875 21267.1544647
5.25 8.875 17722.6287206
5.75 8.875 0.0
6.25 8.875 3544.52574411
6.75 8.875 0.0
7.25 8.875 0.0
7.75 8.875 0.0
8.25 8.875 0.0
8.75 8.875 0.0
0.25 9.125 113424.823812
0.75 9.125 49623.3604176
1.25 9.125 70890.5148822
1.75 9.125 74435.0406264
2.25 9.125 35445.2574411
2.75 9.125 53167.8861617
3.25 9.125 38989.7831852
3.75 9.125 14178.1029764
4.25 9.125 17722.6287206
4.75 9.125 10633.5772323
5.25 9.125 3544.52574411
5.75 9.125 14178.1029764
6.25 9.125 0.0
6.75 9.125 0.0
7.25 9.125 0.0
7.75 9.125 0.0
8.25 9.125 0.0
8.75 9.125 0.0
0.25 9.375 38989.7831852
0.75 9.375 60256.9376499
1.25 9.375 77979.5663705
1.75 9.375 67345.9891381
2.25 9.375 46078.8346735
2.75 9.375 31900.731697
3.25 9.375 21267.1544647
3.75 9.375 35445.2574411
4.25 9.375 24811.6802088
4.75 9.375 10633.5772323
5.25 9.375 3544.52574411
5.75 9.375 0.0
6.25 9.375 0.0
6.75 9.375 0.0
7.25 9.375 0.0
7.75 9.375 0.0
8.25 9.375 0.0
8.75 9.375 0.0
0.25 9.625 60256.9376499
0.75 9.625 70890.5148822
1.25 9.625 46078.8346735
1.75 9.625 38989.7831852
2.25 9.625 46078.8346735
2.75 9.625 31900.731697
3.25 9.625 28356.2059529
3.75 9.625 28356.2059529
4.25 9.625 28356.2059529
4.75 9.625 14178.1029764
5.25 9.625 3544.52574411
5.75 9.625 0.0
6.25 9.625 0.0
6.75 9.625 0.0
7.25 9.625 0.0
7.75 9.625 0.0
8.25 9.625 0.0
8.75 9.625 0.0
0.25 9.875 60256.9376499
0.75 9.875 35445.2574411
1.25 9.875 35445.2574411
1.75 9.875 49623.3604176
2.25 9.875 28356.2059529
2.75 9.875 38989.7831852
3.25 9.875 24811.6802088
3.75 9.875 10633.5772323
4.25 9.875 17722.6287206
4.75 9.875 7089.05148822
5.25 9.875 7089.05148822
5.75 9.875 7089.05148822
6.25 9.875 0.0
6.75 9.875 0.0
7.25 9.875 0.0
7.75 9.875 0.0
8.25 9.875 0.0
8.75 9.875 0.0
0.25 10.125 49623.3604176
0.75 10.125 38989.7831852
1.25 10.125 38989.7831852
1.75 10.125 31900.731697
2.25 10.125 46078.8346735
2.75 10.125 21267.1544647
3.25 10.125 24811.6802088
3.75 10.125 24811.6802088
4.25 10.125 3544.52574411
4.75 10.125 3544.52574411
5.25 10.125 0.0
5.75 10.125 3544.52574411
6.25 10.125 0.0
6.75 10.125 0.0
7.25 10.125 0.0
7.75 10.125 0.0
8.25 10.125 0.0
8.75 10.125 0.0
0.25 10.375 49623.3604176
0.75 10.375 38989.7831852
1.25 10.375 17722.6287206
1.75 10.375 28356.2059529
2.25 10.375 42534.3089293
2.75 10.375 14178.1029764
3.25 10.375 28356.2059529
3.75 10.375 10633.5772323
4.25 10.375 10633.5772323
4.75 10.375 0.0
5.25 10.375 3544.52574411
5.75 10.375 3544.52574411
6.25 10.375 0.0
6.75 10.375 0.0
7.25 10.375 0.0
7.75 10.375 0.0
8.25 10.375 0.0
8.75 10.375 0.0
0.25 10.625 28356.2059529
0.75 10.625 14178.1029764
1.25 10.625 21267.1544647
1.75 10.625 24811.6802088
2.25 10.625 21267.1544647
2.75 10.625 24811.6802088
3.25 10.625 21267.1544647
3.75 10.625 0.0
4.25 10.625 0.0
4.75 10.625 0.0
5.25 10.625 7089.05148822
5.75 10.625 0.0
6.25 10.625 0.0
6.75 10.625 0.0
7.25 10.625 0.0
7.75 10.625 0.0
8.25 10.625 0.0
8.75 10.625 0.0
0.25 10.875 31900.731697
0.75 10.875 38989.7831852
1.25 10.875 53167.8861617
1.75 10.875 28356.2059529
2.25 10.875 7089.05148822
2.75 10.875 21267.1544647
3.25 10.875 10633.5772323
3.75 10.875 14178.1029764
4.25 10.875 14178.1029764
4.75 10.875 0.0
5.25 10.875 0.0
5.75 10.875 0.0
6.25 10.875 0.0
6.75 10.875 0.0
7.25 10.875 0.0
7.75 10.875 0.0
8.25 10.875 0.0
8.75 10.875 0.0
0.25 11.125 14178.1029764
0.75 11.125 24811.6802088
1.25 11.125 17722.6287206
1.75 11.125 28356.2059529
2.25 11.125 21267.1544647
2.75 11.125 24811.6802088
3.25 11.125 21267.1544647
3.75 11.125 7089.05148822
4.25 11.125 7089.05148822
4.75 11.125 10633.5772323
5.25 11.125 3544.52574411
5.75 11.125 0.0
6.25 11.125 0.0
6.75 11.125 0.0
7.25 11.125 0.0
7.75 11.125 0.0
8.25 11.125 0.0
8.75 11.125 0.0
0.25 11.375 31900.731697
0.75 11.375 14178.1029764
1.25 11.375 14178.1029764
1.75 11.375 31900.731697
2.25 11.375 10633.5772323
2.75 11.375 17722.6287206
3.25 11.375 21267.1544647
3.75 11.375 3544.52574411
4.25 11.375 3544.52574411
4.75 11.375 3544.52574411
5.25 11.375 0.0
5.75 11.375 0.0
6.25 11.375 0.0
6.75 11.375 0.0
7.25 11.375 0.0
7.75 11.375 0.0
8.25 11.375 0.0
8.75 11.375 0.0
0.25 11.625 21267.1544647
0.75 11.625 28356.2059529
1.25 11.625 28356.2059529
1.75 11.625 17722.6287206
2.25 11.625 31900.731697
2.75 11.625 10633.5772323
3.25 11.625 21267.1544647
3.75 11.625 10633.5772323
4.25 11.625 10633.5772323
4.75 11.625 7089.05148822
5.25 11.625 0.0
5.75 11.625 0.0
6.25 11.625 0.0
6.75 11.625 0.0
7.25 11.625 0.0
7.75 11.625 0.0
8.25 11.625 0.0
8.75 11.625 0.0
0.25 11.875 17722.6287206
0.75 11.875 17722.6287206
1.25 11.875 17722.6287206
1.75 11.875 17722.6287206
2.25 11.875 3544.52574411
2.75 11.875 14178.1029764
3.25 11.875 10633.5772323
3.75 11.875 7089.05148822
4.25 11.875 0.0
4.75 11.875 0.0
5.25 11.875 3544.52574411
5.75 11.875 0.0
6.25 11.875 0.0
6.75 11.875 0.0
7.25 11.875 0.0
7.75 11.875 0.0
8.25 11.875 0.0
8.75 11.875 0.0
0.25 12.125 24811.6802088
0.75 12.125 28356.2059529
1.25 12.125 24811.6802088
1.75 12.125 0.0
2.25 12.125 3544.52574411
2.75 12.125 7089.05148822
3.25 12.125 7089.05148822
3.75 12.125 3544.52574411
4.25 12.125 3544.52574411
4.75 12.125 7089.05148822
5.25 12.125 7089.05148822
5.75 12.125 0.0
6.25 12.125 0.0
6.75 12.125 0.0
7.25 12.125 0.0
7.75 12.125 0.0
8.25 12.125 0.0
8.75 12.125 0.0
0.25 12.375 0.0
0.75 12.375 7089.05148822
1.25 12.375 10633.5772323
1.75 12.375 14178.1029764
2.25 12.375 24811.6802088
2.75 12.375 17722.6287206
3.25 12.375 21267.1544647
3.75 12.375 3544.52574411
4.25 12.375 0.0
4.75 12.375 7089.05148822
5.25 12.375 0.0
5.75 12.375 3544.52574411
6.25 12.375 0.0
6.75 12.375 0.0
7.25 12.375 0.0
7.75 12.375 0.0
8.25 12.375 0.0
8.75 12.375 0.0
0.25 12.625 3544.52574411
0.75 12.625 17722.6287206
1.25 12.625 24811.6802088
1.75 12.625 14178.1029764
2.25 12.625 7089.05148822
2.75 12.625 10633.5772323
3.25 12.625 7089.05148822
3.75 12.625 3544.52574411
4.25 12.625 3544.52574411
4.75 12.625 0.0
5.25 12.625 0.0
5.75 12.625 0.0
6.25 12.625 0.0
6.75 12.625 0.0
7.25 12.625 0.0
7.75 12.625 0.0
8.25 12.625 0.0
8.75 12.625 0.0
0.25 12.875 14178.1029764
0.75 12.875 14178.1029764
1.25 12.875 7089.05148822
1.75 12.875 0.0
2.25 12.875 14178.1029764
2.75 12.875 14178.1029764
3.25 12.875 0.0
3.75 12.875 7089.05148822
4.25 12.875 0.0
4.75 12.875 0.0
5.25 12.875 0.0
5.75 12.875 0.0
6.25 12.875 0.0
6.75 12.875 0.0
7.25 12.875 0.0
7.75 12.875 0.0
8.25 12.875 0.0
8.75 12.875 0.0
0.25 13.125 14178.1029764
0.75 13.125 7089.05148822
1.25 13.125 10633.5772323
1.75 13.125 14178.1029764
2.25 13.125 14178.1029764
2.75 13.125 3544.52574411
3.25 13.125 10633.5772323
3.75 13.125 3544.52574411
4.25 13.125 0.0
4.75 13.125 0.0
5.25 13.125 3544.52574411
5.75 13.125 0.0
6.25 13.125 0.0
6.75 13.125 0.0
7.25 13.125 0.0
7.75 13.125 0.0
8.25 13.125 0.0
8.75 13.125 0.0
0.25 13.375 3544.52574411
0.75 13.375 3544.52574411
1.25 13.375 10633.5772323
1.75 13.375 3544.52574411
2.25 13.375 7089.05148822
2.75 13.375 0.0
3.25 13.375 3544.52574411
3.75 13.375 0.0
4.25 13.375 10633.5772323
4.75 13.375 0.0
5.25 13.375 0.0
5.75 13.375 0.0
6.25 13.375 0.0
6.75 13.375 0.0
7.25 13.375 0.0
7.75 13.375 0.0
8.25 13.375 0.0
8.75 13.375 0.0
0.25 13.625 7089.05148822
0.75 13.625 14178.1029764
1.25 13.625 3544.52574411
1.75 13.625 7089.05148822
2.25 13.625 3544.52574411
2.75 13.625 0.0
3.25 13.625 3544.52574411
3.75 13.625 0.0
4.25 13.625 7089.05148822
4.75 13.625 0.0
5.25 13.625 0.0
5.75 13.625 0.0
6.25 13.625 0.0
6.75 13.625 0.0
7.25 13.625 0.0
7.75 13.625 0.0
8.25 13.625 0.0
8.75 13.625 0.0
0.25 13.875 10633.5772323
0.75 13.875 10633.5772323
1.25 13.875 10633.5772323
1.75 13.875 3544.52574411
2.25 13.875 10633.5772323
2.75 13.875 3544.52574411
3.25 13.875 0.0
3.75 13.875 3544.52574411
4.25 13.875 3544.52574411
4.75 13.875 0.0
5.25 13.875 0.0
5.75 13.875 0.0
6.25 13.875 0.0
6.75 13.875 0.0
7.25 13.875 0.0
7.75 13.875 0.0
8.25 13.875 0.0
8.75 13.875 0.0
0.25 14.125 14178.1029764
0.75 14.125 7089.05148822
1.25 14.125 7089.05148822
1.75 14.125 24811.6802088
2.25 14.125 3544.52574411
2.75 14.125 0.0
3.25 14.125 0.0
3.75 14.125 7089.05148822
4.25 14.125 0.0
4.75 14.125 0.0
5.25 14.125 0.0
5.75 14.125 0.0
6.25 14.125 0.0
6.75 14.125 0.0
7.25 14.125 0.0
7.75 14.125 0.0
8.25 14.125 0.0
8.75 14.125 0.0
0.25 14.375 17722.6287206
0.75 14.375 3544.52574411
1.25 14.375 3544.52574411
1.75 14.375 10633.5772323
2.25 14.375 3544.52574411
2.75 14.375 3544.52574411
3.25 14.375 3544.52574411
3.75 14.375 0.0
4.25 14.375 0.0
4.75 14.375 0.0
5.25 14.375 0.0
5.75 14.375 0.0
6.25 14.375 0.0
6.75 14.375 0.0
7.25 14.375 0.0
7.75 14.375 0.0
8.25 14.375 0.0
8.75 14.375 0.0
0.25 14.625 3544.52574411
0.75 14.625 7089.05148822
1.25 14.625 3544.52574411
1.75 14.625 0.0
2.25 14.625 3544.52574411
2.75 14.625 3544.52574411
3.25 14.625 7089.05148822
3.75 14.625 0.0
4.25 14.625 3544.52574411
4.75 14.625 3544.52574411
5.25 14.625 0.0
5.75 14.625 0.0
6.25 14.625 0.0
6.75 14.625 0.0
7.25 14.625 0.0
7.75 14.625 0.0
8.25 14.625 0.0
8.75 14.625 0.0
0.25 14.875 3544.52574411
0.75 14.875 14178.1029764
1.25 14.875 14178.1029764
1.75 14.875 0.0
2.25 14.875 3544.52574411
2.75 14.875 7089.05148822
3.25 14.875 3544.52574411
3.75 14.875 0.0
4.25 14.875 3544.52574411
4.75 14.875 3544.52574411
5.25 14.875 0.0
5.75 14.875 3544.52574411
6.25 14.875 0.0
6.75 14.875 0.0
7.25 14.875 0.0
7.75 14.875 0.0
8.25 14.875 0.0
8.75 14.875 0.0
0.25 15.125 7089.05148822
0.75 15.125 3544.52574411
1.25 15.125 3544.52574411
1.75 15.125 3544.52574411
2.25 15.125 3544.52574411
2.75 15.125 3544.52574411
3.25 15.125 3544.52574411
3.75 15.125 0.0
4.25 15.125 0.0
4.75 15.125 0.0
5.25 15.125 0.0
5.75 15.125 0.0
6.25 15.125 0.0
6.75 15.125 0.0
7.25 15.125 0.0
7.75 15.125 0.0
8.25 15.125 0.0
8.75 15.125 0.0
0.25 15.375 10633.5772323
0.75 15.375 7089.05148822
1.25 15.375 7089.05148822
1.75 15.375 10633.5772323
2.25 15.375 0.0
2.75 15.375 0.0
3.25 15.375 0.0
3.75 15.375 7089.05148822
4.25 15.375 3544.52574411
4.75 15.375 0.0
5.25 15.375 0.0
5.75 15.375 0.0
6.25 15.375 0.0
6.75 15.375 0.0
7.25 15.375 0.0
7.75 15.375 0.0
8.25 15.375 0.0
8.75 15.375 0.0
0.25 15.625 14178.1029764
0.75 15.625 14178.1029764
1.25 15.625 10633.5772323
1.75 15.625 7089.05148822
2.25 15.625 3544.52574411
2.75 15.625 0.0
3.25 15.625 3544.52574411
3.75 15.625 0.0
4.25 15.625 0.0
4.75 15.625 0.0
5.25 15.625 0.0
5.75 15.625 0.0
6.25 15.625 0.0
6.75 15.625 0.0
7.25 15.625 0.0
7.75 15.625 0.0
8.25 15.625 0.0
8.75 15.625 0.0
0.25 15.875 0.0
0.75 15.875 3544.52574411
1.25 15.875 0.0
1.75 15.875 3544.52574411
2.25 15.875 0.0
2.75 15.875 0.0
3.25 15.875 3544.52574411
3.75 15.875 3544.52574411
4.25 15.875 3544.52574411
4.75 15.875 0.0
5.25 15.875 0.0
5.75 15.875 0.0
6.25 15.875 0.0
6.75 15.875 0.0
7.25 15.875 0.0
7.75 15.875 0.0
8.25 15.875 0.0
8.75 15.875 0.0
0.25 16.125 3544.52574411
0.75 16.125 3544.52574411
1.25 16.125 0.0
1.75 16.125 3544.52574411
2.25 16.125 3544.52574411
2.75 16.125 0.0
3.25 16.125 10633.5772323
3.75 16.125 0.0
4.25 16.125 0.0
4.75 16.125 0.0
5.25 16.125 0.0
5.75 16.125 0.0
6.25 16.125 0.0
6.75 16.125 0.0
7.25 16.125 0.0
7.75 16.125 0.0
8.25 16.125 0.0
8.75 16.125 0.0
0.25 16.375 3544.52574411
0.75 16.375 3544.52574411
1.25 16.375 7089.05148822
1.75 16.375 0.0
2.25 16.375 0.0
2.75 16.375 3544.52574411
3.25 16.375 7089.05148822
3.75 16.375 0.0
4.25 16.375 0.0
4.75 16.375 0.0
5.25 16.375 0.0
5.75 16.375 0.0
6.25 16.375 0.0
6.75 16.375 0.0
7.25 16.375 0.0
7.75 16.375 0.0
8.25 16.375 0.0
8.75 16.375 0.0
0.25 16.625 0.0
0.75 16.625 0.0
1.25 16.625 0.0
1.75 16.625 3544.52574411
2.25 16.625 7089.05148822
2.75 16.625 3544.52574411
3.25 16.625 0.0
3.75 16.625 0.0
4.25 16.625 0.0
4.75 16.625 0.0
5.25 16.625 0.0
5.75 16.625 0.0
6.25 16.625 0.0
6.75 16.625 0.0
7.25 16.625 0.0
7.75 16.625 0.0
8.25 16.625 0.0
8.75 16.625 0.0
0.25 16.875 3544.52574411
0.75 16.875 3544.52574411
1.25 16.875 3544.52574411
1.75 16.875 0.0
2.25 16.875 0.0
2.75 16.875 0.0
3.25 16.875 0.0
3.75 16.875 0.0
4.25 16.875 0.0
4.75 16.875 0.0
5.25 16.875 0.0
5.75 16.875 0.0
6.25 16.875 0.0
6.75 16.875 0.0
7.25 16.875 0.0
7.75 16.875 0.0
8.25 16.875 0.0
8.75 16.875 0.0
0.25 17.125 0.0
0.75 17.125 3544.52574411
1.25 17.125 0.0
1.75 17.125 14178.1029764
2.25 17.125 7089.05148822
2.75 17.125 3544.52574411
3.25 17.125 0.0
3.75 17.125 3544.52574411
4.25 17.125 0.0
4.75 17.125 0.0
5.25 17.125 0.0
5.75 17.125 0.0
6.25 17.125 0.0
6.75 17.125 0.0
7.25 17.125 0.0
7.75 17.125 0.0
8.25 17.125 0.0
8.75 17.125 0.0
0.25 17.375 0.0
0.75 17.375 14178.1029764
1.25 17.375 0.0
1.75 17.375 0.0
2.25 17.375 0.0
2.75 17.375 0.0
3.25 17.375 0.0
3.75 17.375 0.0
4.25 17.375 3544.52574411
4.75 17.375 0.0
5.25 17.375 0.0
5.75 17.375 0.0
6.25 17.375 0.0
6.75 17.375 0.0
7.25 17.375 0.0
7.75 17.375 0.0
8.25 17.375 0.0
8.75 17.375 0.0
0.25 17.625 7089.05148822
0.75 17.625 3544.52574411
1.25 17.625 0.0
1.75 17.625 3544.52574411
2.25 17.625 0.0
2.75 17.625 3544.52574411
3.25 17.625 0.0
3.75 17.625 3544.52574411
4.25 17.625 0.0
4.75 17.625 0.0
5.25 17.625 0.0
5.75 17.625 0.0
6.25 17.625 0.0
6.75 17.625 0.0
7.25 17.625 0.0
7.75 17.625 0.0
8.25 17.625 0.0
8.75 17.625 0.0
0.25 17.875 0.0
0.75 17.875 3544.52574411
1.25 17.875 7089.05148822
1.75 17.875 3544.52574411
2.25 17.875 7089.05148822
2.75 17.875 3544.52574411
3.25 17.875 0.0
3.75 17.875 3544.52574411
4.25 17.875 0.0
4.75 17.875 0.0
5.25 17.875 0.0
5.75 17.875 0.0
6.25 17.875 0.0
6.75 17.875 0.0
7.25 17.875 0.0
7.75 17.875 0.0
8.25 17.875 0.0
8.75 17.875 0.0
0.25 18.125 7089.05148822
0.75 18.125 0.0
1.25 18.125 3544.52574411
1.75 18.125 3544.52574411
2.25 18.125 0.0
2.75 18.125 0.0
3.25 18.125 0.0
3.75 18.125 3544.52574411
4.25 18.125 0.0
4.75 18.125 0.0
5.25 18.125 0.0
5.75 18.125 0.0
6.25 18.125 0.0
6.75 18.125 0.0
7.25 18.125 0.0
7.75 18.125 0.0
8.25 18.125 0.0
8.75 18.125 0.0
0.25 18.375 0.0
0.75 18.375 0.0
1.25 18.375 0.0
1.75 18.375 0.0
2.25 18.375 0.0
2.75 18.375 0.0
3.25 18.375 0.0
3.75 18.375 0.0
4.25 18.375 0.0
4.75 18.375 0.0
5.25 18.375 0.0
5.75 18.375 0.0
6.25 18.375 0.0
6.75 18.375 0.0
7.25 18.375 0.0
7.75 18.375 0.0
8.25 18.375 0.0
8.75 18.375 0.0
0.25 18.625 10633.5772323
0.75 18.625 0.0
1.25 18.625 3544.52574411
1.75 18.625 0.0
2.25 18.625 0.0
2.75 18.625 0.0
3.25 18.625 0.0
3.75 18.625 7089.05148822
4.25 18.625 0.0
4.75 18.625 0.0
5.25 18.625 0.0
5.75 18.625 0.0
6.25 18.625 0.0
6.75 18.625 0.0
7.25 18.625 0.0
7.75 18.625 0.0
8.25 18.625 0.0
8.75 18.625 0.0
0.25 18.875 7089.05148822
0.75 18.875 0.0
1.25 18.875 3544.52574411
1.75 18.875 3544.52574411
2.25 18.875 0.0
2.75 18.875 0.0
3.25 18.875 0.0
3.75 18.875 3544.52574411
4.25 18.875 0.0
4.75 18.875 0.0
5.25 18.875 0.0
5.75 18.875 0.0
6.25 18.875 0.0
6.75 18.875 0.0
7.25 18.875 0.0
7.75 18.875 0.0
8.25 18.875 0.0
8.75 18.875 0.0
0.25 19.125 0.0
0.75 19.125 10633.5772323
1.25 19.125 3544.52574411
1.75 19.125 7089.05148822
2.25 19.125 3544.52574411
2.75 19.125 7089.05148822
3.25 19.125 0.0
3.75 19.125 0.0
4.25 19.125 0.0
4.75 19.125 3544.52574411
5.25 19.125 0.0
5.75 19.125 0.0
6.25 19.125 0.0
6.75 19.125 0.0
7.25 19.125 0.0
7.75 19.125 0.0
8.25 19.125 0.0
8.75 19.125 0.0
0.25 19.375 3544.52574411
0.75 19.375 0.0
1.25 19.375 0.0
1.75 19.375 0.0
2.25 19.375 0.0
2.75 19.375 0.0
3.25 19.375 0.0
3.75 19.375 3544.52574411
4.25 19.375 0.0
4.75 19.375 0.0
5.25 19.375 0.0
5.75 19.375 0.0
6.25 19.375 0.0
6.75 19.375 0.0
7.25 19.375 0.0
7.75 19.375 0.0
8.25 19.375 0.0
8.75 19.375 0.0
0.25 19.625 0.0
0.75 19.625 0.0
1.25 19.625 3544.52574411
1.75 19.625 0.0
2.25 19.625 0.0
2.75 19.625 0.0
3.25 19.625 3544.52574411
3.75 19.625 0.0
4.25 19.625 0.0
4.75 19.625 0.0
5.25 19.625 0.0
5.75 19.625 0.0
6.25 19.625 0.0
6.75 19.625 0.0
7.25 19.625 0.0
7.75 19.625 0.0
8.25 19.625 0.0
8.75 19.625 0.0
0.25 19.875 0.0
0.75 19.875 0.0
1.25 19.875 0.0
1.75 19.875 0.0
2.25 19.875 0.0
2.75 19.875 0.0
3.25 19.875 0.0
3.75 19.875 0.0
4.25 19.875 0.0
4.75 19.875 0.0
5.25 19.875 0.0
5.75 19.875 0.0
6.25 19.875 0.0
6.75 19.875 0.0
7.25 19.875 0.0
7.75 19.875 0.0
8.25 19.875 0.0
8.75 19.875 0.0
0.25 20.125 0.0
0.75 20.125 0.0
1.25 20.125 0.0
1.75 20.125 3544.52574411
2.25 20.125 0.0
2.75 20.125 3544.52574411
3.25 20.125 0.0
3.75 20.125 0.0
4.25 20.125 0.0
4.75 20.125 0.0
5.25 20.125 0.0
5.75 20.125 0.0
6.25 20.125 0.0
6.75 20.125 0.0
7.25 20.125 0.0
7.75 20.125 0.0
8.25 20.125 0.0
8.75 20.125 0.0
0.25 20.375 3544.52574411
0.75 20.375 0.0
1.25 20.375 0.0
1.75 20.375 0.0
2.25 20.375 0.0
2.75 20.375 0.0
3.25 20.375 3544.52574411
3.75 20.375 0.0
4.25 20.375 0.0
4.75 20.375 0.0
5.25 20.375 0.0
5.75 20.375 0.0
6.25 20.375 0.0
6.75 20.375 0.0
7.25 20.375 0.0
7.75 20.375 0.0
8.25 20.375 0.0
8.75 20.375 0.0
0.25 20.625 7089.05148822
0.75 20.625 0.0
1.25 20.625 0.0
1.75 20.625 0.0
2.25 20.625 0.0
2.75 20.625 0.0
3.25 20.625 0.0
3.75 20.625 0.0
4.25 20.625 0.0
4.75 20.625 0.0
5.25 20.625 0.0
5.75 20.625 0.0
6.25 20.625 0.0
6.75 20.625 0.0
7.25 20.625 0.0
7.75 20.625 0.0
8.25 20.625 0.0
8.75 20.625 0.0
0.25 20.875 0.0
0.75 20.875 0.0
1.25 20.875 0.0
1.75 20.875 0.0
2.25 20.875 0.0
2.75 20.875 0.0
3.25 20.875 0.0
3.75 20.875 0.0
4.25 20.875 0.0
4.75 20.875 0.0
5.25 20.875 0.0
5.75 20.875 0.0
6.25 20.875 0.0
6.75 20.875 0.0
7.25 20.875 0.0
7.75 20.875 0.0
8.25 20.875 0.0
8.75 20.875 0.0
0.25 21.125 3544.52574411
0.75 21.125 0.0
1.25 21.125 0.0
1.75 21.125 0.0
2.25 21.125 0.0
2.75 21.125 0.0
3.25 21.125 3544.52574411
3.75 21.125 0.0
4.25 21.125 3544.52574411
4.75 21.125 0.0
5.25 21.125 0.0
5.75 21.125 0.0
6.25 21.125 0.0
6.75 21.125 0.0
7.25 21.125 0.0
7.75 21.125 0.0
8.25 21.125 0.0
8.75 21.125 0.0
0.25 21.375 0.0
0.75 21.375 0.0
1.25 21.375 0.0
1.75 21.375 3544.52574411
2.25 21.375 0.0
2.75 21.375 0.0
3.25 21.375 0.0
3.75 21.375 0.0
4.25 21.375 0.0
4.75 21.375 0.0
5.25 21.375 0.0
5.75 21.375 0.0
6.25 21.375 0.0
6.75 21.375 0.0
7.25 21.375 0.0
7.75 21.375 0.0
8.25 21.375 0.0
8.75 21.375 0.0
0.25 21.625 0.0
0.75 21.625 0.0
1.25 21.625 0.0
1.75 21.625 0.0
2.25 21.625 0.0
2.75 21.625 0.0
3.25 21.625 0.0
3.75 21.625 0.0
4.25 21.625 0.0
4.75 21.625 0.0
5.25 21.625 0.0
5.75 21.625 0.0
6.25 21.625 0.0
6.75 21.625 0.0
7.25 21.625 0.0
7.75 21.625 0.0
8.25 21.625 0.0
8.75 21.625 0.0
0.25 21.875 0.0
0.75 21.875 0.0
1.25 21.875 0.0
1.75 21.875 0.0
2.25 21.875 0.0
2.75 21.875 0.0
3.25 21.875 0.0
3.75 21.875 0.0
4.25 21.875 0.0
4.75 21.875 0.0
5.25 21.875 0.0
5.75 21.875 0.0
6.25 21.875 0.0
6.75 21.875 0.0
7.25 21.875 0.0
7.75 21.875 0.0
8.25 21.875 0.0
8.75 21.875 0.0
0.25 22.125 0.0
0.75 22.125 0.0
1.25 22.125 0.0
1.75 22.125 0.0
2.25 22.125 0.0
2.75 22.125 0.0
3.25 22.125 0.0
3.75 22.125 0.0
4.25 22.125 0.0
4.75 22.125 0.0
5.25 22.125 0.0
5.75 22.125 0.0
6.25 22.125 0.0
6.75 22.125 0.0
7.25 22.125 0.0
7.75 22.125 0.0
8.25 22.125 0.0
8.75 22.125 0.0
0.25 22.375 0.0
0.75 22.375 3544.52574411
1.25 22.375 0.0
1.75 22.375 0.0
2.25 22.375 0.0
2.75 22.375 0.0
3.25 22.375 0.0
3.75 22.375 0.0
4.25 22.375 0.0
4.75 22.375 0.0
5.25 22.375 0.0
5.75 22.375 0.0
6.25 22.375 0.0
6.75 22.375 0.0
7.25 22.375 0.0
7.75 22.375 0.0
8.25 22.375 0.0
8.75 22.375 0.0
0.25 22.625 0.0
0.75 22.625 0.0
1.25 22.625 0.0
1.75 22.625 0.0
2.25 22.625 3544.52574411
2.75 22.625 0.0
3.25 22.625 0.0
3.75 22.625 0.0
4.25 22.625 0.0
4.75 22.625 0.0
5.25 22.625 0.0
5.75 22.625 0.0
6.25 22.625 0.0
6.75 22.625 0.0
7.25 22.625 0.0
7.75 22.625 0.0
8.25 22.625 0.0
8.75 22.625 0.0
0.25 22.875 0.0
0.75 22.875 3544.52574411
1.25 22.875 0.0
1.75 22.875 0.0
2.25 22.875 0.0
2.75 22.875 3544.52574411
3.25 22.875 0.0
3.75 22.875 0.0
4.25 22.875 0.0
4.75 22.875 0.0
5.25 22.875 0.0
5.75 22.875 0.0
6.25 22.875 0.0
6.75 22.875 0.0
7.25 22.875 0.0
7.75 22.875 0.0
8.25 22.875 0.0
8.75 22.875 0.0
0.25 23.125 3544.52574411
0.75 23.125 0.0
1.25 23.125 3544.52574411
1.75 23.125 3544.52574411
2.25 23.125 0.0
2.75 23.125 0.0
3.25 23.125 3544.52574411
3.75 23.125 0.0
4.25 23.125 0.0
4.75 23.125 0.0
5.25 23.125 0.0
5.75 23.125 0.0
6.25 23.125 0.0
6.75 23.125 0.0
7.25 23.125 0.0
7.75 23.125 0.0
8.25 23.125 0.0
8.75 23.125 0.0
0.25 23.375 0.0
0.75 23.375 0.0
1.25 23.375 3544.52574411
1.75 23.375 0.0
2.25 23.375 0.0
2.75 23.375 0.0
3.25 23.375 0.0
3.75 23.375 0.0
4.25 23.375 0.0
4.75 23.375 0.0
5.25 23.375 0.0
5.75 23.375 0.0
6.25 23.375 0.0
6.75 23.375 0.0
7.25 23.375 0.0
7.75 23.375 0.0
8.25 23.375 0.0
8.75 23.375 0.0
0.25 23.625 0.0
0.75 23.625 0.0
1.25 23.625 0.0
1.75 23.625 0.0
2.25 23.625 0.0
2.75 23.625 0.0
3.25 23.625 0.0
3.75 23.625 0.0
4.25 23.625 0.0
4.75 23.625 0.0
5.25 23.625 0.0
5.75 23.625 0.0
6.25 23.625 0.0
6.75 23.625 0.0
7.25 23.625 0.0
7.75 23.625 0.0
8.25 23.625 0.0
8.75 23.625 0.0
0.25 23.875 0.0
0.75 23.875 0.0
1.25 23.875 0.0
1.75 23.875 0.0
2.25 23.875 3544.52574411
2.75 23.875 0.0
3.25 23.875 0.0
3.75 23.875 0.0
4.25 23.875 0.0
4.75 23.875 0.0
5.25 23.875 0.0
5.75 23.875 0.0
6.25 23.875 0.0
6.75 23.875 0.0
7.25 23.875 0.0
7.75 23.875 0.0
8.25 23.875 0.0
8.75 23.875 0.0
0.25 24.125 0.0
0.75 24.125 0.0
1.25 24.125 0.0
1.75 24.125 0.0
2.25 24.125 0.0
2.75 24.125 3544.52574411
3.25 24.125 0.0
3.75 24.125 0.0
4.25 24.125 0.0
4.75 24.125 0.0
5.25 24.125 0.0
5.75 24.125 0.0
6.25 24.125 0.0
6.75 24.125 0.0
7.25 24.125 0.0
7.75 24.125 0.0
8.25 24.125 0.0
8.75 24.125 0.0
0.25 24.375 0.0
0.75 24.375 0.0
1.25 24.375 0.0
1.75 24.375 0.0
2.25 24.375 0.0
2.75 24.375 0.0
3.25 24.375 0.0
3.75 24.375 0.0
4.25 24.375 0.0
4.75 24.375 0.0
5.25 24.375 0.0
5.75 24.375 0.0
6.25 24.375 0.0
6.75 24.375 0.0
7.25 24.375 0.0
7.75 24.375 0.0
8.25 24.375 0.0
8.75 24.375 0.0
0.25 24.625 0.0
0.75 24.625 0.0
1.25 24.625 0.0
1.75 24.625 0.0
2.25 24.625 0.0
2.75 24.625 0.0
3.25 24.625 0.0
3.75 24.625 0.0
4.25 24.625 0.0
4.75 24.625 0.0
5.25 24.625 0.0
5.75 24.625 0.0
6.25 24.625 0.0
6.75 24.625 0.0
7.25 24.625 0.0
7.75 24.625 0.0
8.25 24.625 0.0
8.75 24.625 0.0
0.25 24.875 0.0
0.75 24.875 0.0
1.25 24.875 0.0
1.75 24.875 0.0
2.25 24.875 0.0
2.75 24.875 0.0
3.25 24.875 0.0
3.75 24.875 0.0
4.25 24.875 0.0
4.75 24.875 0.0
5.25 24.875 0.0
5.75 24.875 0.0
6.25 24.875 0.0
6.75 24.875 0.0
7.25 24.875 0.0
7.75 24.875 0.0
8.25 24.875 0.0
8.75 24.875 0.0
0.25 25.125 0.0
0.75 25.125 0.0
1.25 25.125 0.0
1.75 25.125 0.0
2.25 25.125 0.0
2.75 25.125 0.0
3.25 25.125 0.0
3.75 25.125 0.0
4.25 25.125 0.0
4.75 25.125 0.0
5.25 25.125 0.0
5.75 25.125 0.0
6.25 25.125 0.0
6.75 25.125 0.0
7.25 25.125 0.0
7.75 25.125 0.0
8.25 25.125 0.0
8.75 25.125 0.0
0.25 25.375 3544.52574411
0.75 25.375 3544.52574411
1.25 25.375 0.0
1.75 25.375 0.0
2.25 25.375 0.0
2.75 25.375 0.0
3.25 25.375 0.0
3.75 25.375 0.0
4.25 25.375 0.0
4.75 25.375 0.0
5.25 25.375 0.0
5.75 25.375 0.0
6.25 25.375 0.0
6.75 25.375 0.0
7.25 25.375 0.0
7.75 25.375 0.0
8.25 25.375 0.0
8.75 25.375 0.0
0.25 25.625 3544.52574411
0.75 25.625 0.0
1.25 25.625 0.0
1.75 25.625 0.0
2.25 25.625 0.0
2.75 25.625 0.0
3.25 25.625 0.0
3.75 25.625 0.0
4.25 25.625 0.0
4.75 25.625 0.0
5.25 25.625 0.0
5.75 25.625 0.0
6.25 25.625 0.0
6.75 25.625 0.0
7.25 25.625 0.0
7.75 25.625 0.0
8.25 25.625 0.0
8.75 25.625 0.0
0.25 25.875 0.0
0.75 25.875 0.0
1.25 25.875 3544.52574411
1.75 25.875 0.0
2.25 25.875 0.0
2.75 25.875 0.0
3.25 25.875 0.0
3.75 25.875 0.0
4.25 25.875 0.0
4.75 25.875 0.0
5.25 25.875 0.0
5.75 25.875 0.0
6.25 25.875 0.0
6.75 25.875 0.0
7.25 25.875 0.0
7.75 25.875 0.0
8.25 25.875 0.0
8.75 25.875 0.0
0.25 26.125 0.0
0.75 26.125 0.0
1.25 26.125 0.0
1.75 26.125 0.0
2.25 26.125 0.0
2.75 26.125 0.0
3.25 26.125 0.0
3.75 26.125 0.0
4.25 26.125 0.0
4.75 26.125 0.0
5.25 26.125 0.0
5.75 26.125 0.0
6.25 26.125 0.0
6.75 26.125 0.0
7.25 26.125 0.0
7.75 26.125 0.0
8.25 26.125 0.0
8.75 26.125 0.0
0.25 26.375 0.0
0.75 26.375 0.0
1.25 26.375 0.0
1.75 26.375 3544.52574411
2.25 26.375 3544.52574411
2.75 26.375 0.0
3.25 26.375 0.0
3.75 26.375 0.0
4.25 26.375 0.0
4.75 26.375 0.0
5.25 26.375 0.0
5.75 26.375 0.0
6.25 26.375 0.0
6.75 26.375 0.0
7.25 26.375 0.0
7.75 26.375 0.0
8.25 26.375 0.0
8.75 26.375 0.0
0.25 26.625 0.0
0.75 26.625 0.0
1.25 26.625 0.0
1.75 26.625 0.0
2.25 26.625 0.0
2.75 26.625 0.0
3.25 26.625 0.0
3.75 26.625 0.0
4.25 26.625 0.0
4.75 26.625 0.0
5.25 26.625 0.0
5.75 26.625 0.0
6.25 26.625 0.0
6.75 26.625 0.0
7.25 26.625 0.0
7.75 26.625 0.0
8.25 26.625 0.0
8.75 26.625 0.0
0.25 26.875 0.0
0.75 26.875 0.0
1.25 26.875 0.0
1.75 26.875 0.0
2.25 26.875 0.0
2.75 26.875 0.0
3.25 26.875 0.0
3.75 26.875 0.0
4.25 26.875 0.0
4.75 26.875 0.0
5.25 26.875 0.0
5.75 26.875 0.0
6.25 26.875 0.0
6.75 26.875 0.0
7.25 26.875 0.0
7.75 26.875 0.0
8.25 26.875 0.0
8.75 26.875 0.0
0.25 27.125 0.0
0.75 27.125 3544.52574411
1.25 27.125 0.0
1.75 27.125 0.0
2.25 27.125 0.0
2.75 27.125 0.0
3.25 27.125 0.0
3.75 27.125 0.0
4.25 27.125 0.0
4.75 27.125 0.0
5.25 27.125 0.0
5.75 27.125 0.0
6.25 27.125 0.0
6.75 27.125 0.0
7.25 27.125 0.0
7.75 27.125 0.0
8.25 27.125 0.0
8.75 27.125 0.0
0.25 27.375 0.0
0.75 27.375 0.0
1.25 27.375 3544.52574411
1.75 27.375 3544.52574411
2.25 27.375 0.0
2.75 27.375 0.0
3.25 27.375 0.0
3.75 27.375 3544.52574411
4.25 27.375 0.0
4.75 27.375 0.0
5.25 27.375 0.0
5.75 27.375 0.0
6.25 27.375 0.0
6.75 27.375 0.0
7.25 27.375 0.0
7.75 27.375 0.0
8.25 27.375 0.0
8.75 27.375 0.0
0.25 27.625 0.0
0.75 27.625 0.0
1.25 27.625 0.0
1.75 27.625 0.0
2.25 27.625 0.0
2.75 27.625 3544.52574411
3.25 27.625 0.0
3.75 27.625 0.0
4.25 27.625 0.0
4.75 27.625 0.0
5.25 27.625 0.0
5.75 27.625 0.0
6.25 27.625 0.0
6.75 27.625 0.0
7.25 27.625 0.0
7.75 27.625 0.0
8.25 27.625 0.0
8.75 27.625 0.0
0.25 27.875 0.0
0.75 27.875 0.0
1.25 27.875 0.0
1.75 27.875 0.0
2.25 27.875 0.0
2.75 27.875 0.0
3.25 27.875 0.0
3.75 27.875 0.0
4.25 27.875 0.0
4.75 27.875 0.0
5.25 27.875 0.0
5.75 27.875 0.0
6.25 27.875 0.0
6.75 27.875 0.0
7.25 27.875 0.0
7.75 27.875 0.0
8.25 27.875 0.0
8.75 27.875 0.0
0.25 28.125 0.0
0.75 28.125 0.0
1.25 28.125 0.0
1.75 28.125 0.0
2.25 28.125 0.0
2.75 28.125 0.0
3.25 28.125 0.0
3.75 28.125 0.0
4.25 28.125 0.0
4.75 28.125 0.0
5.25 28.125 0.0
5.75 28.125 0.0
6.25 28.125 0.0
6.75 28.125 0.0
7.25 28.125 0.0
7.75 28.125 0.0
8.25 28.125 0.0
8.75 28.125 0.0
0.25 28.375 0.0
0.75 28.375 0.0
1.25 28.375 0.0
1.75 28.375 3544.52574411
2.25 28.375 0.0
2.75 28.375 0.0
3.25 28.375 0.0
3.75 28.375 0.0
4.25 28.375 0.0
4.75 28.375 0.0
5.25 28.375 0.0
5.75 28.375 0.0
6.25 28.375 0.0
6.75 28.375 0.0
7.25 28.375 0.0
7.75 28.375 0.0
8.25 28.375 0.0
8.75 28.375 0.0
0.25 28.625 0.0
0.75 28.625 0.0
1.25 28.625 0.0
1.75 28.625 0.0
2.25 28.625 0.0
2.75 28.625 0.0
3.25 28.625 0.0
3.75 28.625 0.0
4.25 28.625 0.0
4.75 28.625 0.0
5.25 28.625 0.0
5.75 28.625 0.0
6.25 28.625 0.0
6.75 28.625 0.0
7.25 28.625 0.0
7.75 28.625 0.0
8.25 28.625 0.0
8.75 28.625 0.0
0.25 28.875 0.0
0.75 28.875 0.0
1.25 28.875 0.0
1.75 28.875 0.0
2.25 28.875 0.0
2.75 28.875 0.0
3.25 28.875 0.0
3.75 28.875 0.0
4.25 28.875 0.0
4.75 28.875 0.0
5.25 28.875 0.0
5.75 28.875 0.0
6.25 28.875 0.0
6.75 28.875 0.0
7.25 28.875 0.0
7.75 28.875 0.0
8.25 28.875 0.0
8.75 28.875 0.0
0.25 29.125 0.0
0.75 29.125 0.0
1.25 29.125 0.0
1.75 29.125 0.0
2.25 29.125 0.0
2.75 29.125 0.0
3.25 29.125 0.0
3.75 29.125 0.0
4.25 29.125 0.0
4.75 29.125 0.0
5.25 29.125 0.0
5.75 29.125 0.0
6.25 29.125 0.0
6.75 29.125 0.0
7.25 29.125 0.0
7.75 29.125 0.0
8.25 29.125 0.0
8.75 29.125 0.0
0.25 29.375 0.0
0.75 29.375 0.0
1.25 29.375 3544.52574411
1.75 29.375 0.0
2.25 29.375 0.0
2.75 29.375 0.0
3.25 29.375 0.0
3.75 29.375 0.0
4.25 29.375 0.0
4.75 29.375 0.0
5.25 29.375 0.0
5.75 29.375 0.0
6.25 29.375 0.0
6.75 29.375 0.0
7.25 29.375 0.0
7.75 29.375 0.0
8.25 29.375 0.0
8.75 29.375 0.0
0.25 29.625 0.0
0.75 29.625 0.0
1.25 29.625 0.0
1.75 29.625 0.0
2.25 29.625 0.0
2.75 29.625 0.0
3.25 29.625 0.0
3.75 29.625 0.0
4.25 29.625 0.0
4.75 29.625 0.0
5.25 29.625 0.0
5.75 29.625 0.0
6.25 29.625 0.0
6.75 29.625 0.0
7.25 29.625 0.0
7.75 29.625 0.0
8.25 29.625 0.0
8.75 29.625 0.0
0.25 29.875 0.0
0.75 29.875 0.0
1.25 29.875 0.0
1.75 29.875 0.0
2.25 29.875 0.0
2.75 29.875 0.0
3.25 29.875 0.0
3.75 29.875 0.0
4.25 29.875 0.0
4.75 29.875 0.0
5.25 29.875 0.0
5.75 29.875 0.0
6.25 29.875 0.0
6.75 29.875 0.0
7.25 29.875 0.0
7.75 29.875 0.0
8.25 29.875 0.0
8.75 29.875 0.0
