11.294627058970837 231.1113307712811
14.219093021276404 115.81940021938155
17.900777537149963 347.0024738662419
22.535743732392298 1751.4912984886432
28.370820458389794 3025.354894540233
35.71674682851676 3327.3750708411026
44.96472020903849 9096.210803661386
56.60722890537329 5921.5406298726375
71.26427896022373 9709.455492550762
89.71641173621407 12446.826198419905
112.94627058970838 12675.890973873575
142.1909302127641 18425.27255384021
179.00777537149963 18181.95611937248
225.35743732392305 19883.321801796686
283.7082045838981 18562.288229933285
357.1674682851676 16142.16685517988
449.6472020903849 10407.795627823973
566.0722890537327 13922.353028373414
712.6427896022376 11234.01469857982
897.164117362141 10619.8593340909
1129.4627058970837 7474.468769683503
1421.9093021276408 4545.175539369724
1790.0777537149975 2156.031020164519
2253.5743732392316 817.3004914644407
2837.082045838981 343.10865830545663
3571.674682851676 123.55548769689631
4496.47202090385 44.91257715114625
5660.72289053733 8.13969424329116
7126.427896022379 0.0
8971.64117362141 0.0
