0.25 0.125 37775474.3847
0.75 0.125 39960832.407
1.25 0.125 35902310.3657
1.75 0.125 35902310.3657
2.25 0.125 32780370.3339
2.75 0.125 33092564.337
3.25 0.125 24663326.2512
3.75 0.125 29658430.3021
4.25 0.125 24038938.2448
4.75 0.125 21541386.2194
5.25 0.125 20916998.213
5.75 0.125 14048730.1431
6.25 0.125 13424342.1367
6.75 0.125 9678014.09857
7.25 0.125 4995104.05087
7.75 0.125 1560970.0159
8.25 0.125 312194.00318
8.75 0.125 0.0
0.25 0.375 107394737.094
0.75 0.375 101150857.03
1.25 0.375 95531364.973
1.75 0.375 98341111.0016
2.25 0.375 85853350.8744
2.75 0.375 83355798.849
3.25 0.375 93346006.9507
3.75 0.375 70555844.7186
4.25 0.375 74302172.7567
4.75 0.375 58380278.5946
5.25 0.375 54946144.5596
5.75 0.375 43707160.4451
6.25 0.375 36526698.372
6.75 0.375 25287714.2575
7.25 0.375 12175566.124
7.75 0.375 6243880.06359
8.25 0.375 936582.009539
8.75 0.375 0.0
0.25 0.625 148292151.51
0.75 0.625 147043375.498
1.25 0.625 149228733.52
1.75 0.625 145170211.479
2.25 0.625 136116585.386
2.75 0.625 129248317.316
3.25 0.625 126438571.288
3.75 0.625 122067855.243
4.25 0.625 102711827.046
4.75 0.625 93033812.9475
5.25 0.625 81794828.8331
5.75 0.625 67746098.69
6.25 0.625 49951040.5087
6.75 0.625 25912102.2639
7.25 0.625 16546282.1685
7.75 0.625 5307298.05405
8.25 0.625 312194.00318
8.75 0.625 0.0
0.25 0.875 172955477.761
0.75 0.875 190126147.936
1.25 0.875 158282359.612
1.75 0.875 166711597.698
2.25 0.875 172018895.752
2.75 0.875 160779911.637
3.25 0.875 145482405.482
3.75 0.875 128311735.307
4.25 0.875 111453259.135
4.75 0.875 94282588.9602
5.25 0.875 87102126.8871
5.75 0.875 62750994.6391
6.25 0.875 46204712.4706
6.75 0.875 30907206.3148
7.25 0.875 13112148.1335
7.75 0.875 1560970.0159
8.25 0.875 0.0
8.75 0.875 0.0
0.25 1.125 186379819.898
0.75 1.125 177950581.812
1.25 1.125 171706701.749
1.75 1.125 181384715.847
2.25 1.125 168584761.717
2.75 1.125 150477509.533
3.25 1.125 153911643.568
3.75 1.125 127999541.304
4.25 1.125 122067855.243
4.75 1.125 96780140.9857
5.25 1.125 72116814.7345
5.75 1.125 55570532.566
6.25 1.125 37151086.3784
6.75 1.125 27473072.2798
7.25 1.125 11863372.1208
7.75 1.125 2185358.02226
8.25 1.125 0.0
8.75 1.125 0.0
0.25 1.375 180135939.835
0.75 1.375 201677326.054
1.25 1.375 173892059.771
1.75 1.375 167648179.707
2.25 1.375 170457925.736
2.75 1.375 156721389.596
3.25 1.375 140175107.428
3.75 1.375 119882497.221
4.25 1.375 114887393.17
4.75 1.375 92097230.938
5.25 1.375 83355798.849
5.75 1.375 52760786.5374
6.25 1.375 33404758.3402
6.75 1.375 22165774.2258
7.25 1.375 6868268.06995
7.75 1.375 624388.006359
8.25 1.375 0.0
8.75 1.375 0.0
0.25 1.625 171706701.749
0.75 1.625 176701805.8
1.25 1.625 161092105.641
1.75 1.625 171394507.746
2.25 1.625 160155523.631
2.75 1.625 149228733.52
3.25 1.625 134243421.367
3.75 1.625 127687347.3
4.25 1.625 99902081.0175
4.75 1.625 77736306.7917
5.25 1.625 72116814.7345
5.75 1.625 51512010.5246
6.25 1.625 27160878.2766
6.75 1.625 19356028.1971
7.25 1.625 5931686.06041
7.75 1.625 624388.006359
8.25 1.625 312194.00318
8.75 1.625 0.0
0.25 1.875 177013999.803
0.75 1.875 161404299.644
1.25 1.875 168272567.714
1.75 1.875 154536031.574
2.25 1.875 148916539.517
2.75 1.875 144545823.472
3.25 1.875 123004437.253
3.75 1.875 113014229.151
4.25 1.875 101775245.037
4.75 1.875 83043604.8458
5.25 1.875 65872934.6709
5.75 1.875 46829100.4769
6.25 1.875 27473072.2798
6.75 1.875 14985312.1526
7.25 1.875 4058522.04133
7.75 1.875 0.0
8.25 1.875 0.0
8.75 1.875 0.0
0.25 2.125 149540927.523
0.75 2.125 144858017.475
1.25 2.125 144858017.475
1.75 2.125 145170211.479
2.25 2.125 137053167.396
2.75 2.125 132370257.348
3.25 2.125 121755661.24
3.75 2.125 98653305.0048
4.25 2.125 80858246.8235
4.75 2.125 63063188.6423
5.25 2.125 54009562.5501
5.75 2.125 38087668.3879
6.25 2.125 26848684.2734
6.75 2.125 7492656.07631
7.25 2.125 2809746.02862
7.75 2.125 312194.00318
8.25 2.125 0.0
8.75 2.125 0.0
0.25 2.375 131121481.335
0.75 2.375 124253213.265
1.25 2.375 146418987.491
1.75 2.375 122067855.243
2.25 2.375 128311735.307
2.75 2.375 101150857.03
3.25 2.375 90536260.9221
3.75 2.375 88663096.903
4.25 2.375 77111918.7854
4.75 2.375 55570532.566
5.25 2.375 45268130.461
5.75 2.375 34965728.3561
6.25 2.375 21229192.2162
6.75 2.375 6556074.06677
7.25 2.375 936582.009539
7.75 2.375 312194.00318
8.25 2.375 0.0
8.75 2.375 0.0
0.25 2.625 140175107.428
0.75 2.625 125501989.278
1.25 2.625 116760557.189
1.75 2.625 109267901.113
2.25 2.625 102399633.043
2.75 2.625 100526469.024
3.25 2.625 81482634.8299
3.75 2.625 78985082.8044
4.25 2.625 64311964.655
4.75 2.625 49951040.5087
5.25 2.625 38712056.3943
5.75 2.625 32780370.3339
6.25 2.625 16858476.1717
6.75 2.625 5931686.06041
7.25 2.625 1873164.01908
7.75 2.625 0.0
8.25 2.625 0.0
8.75 2.625 0.0
0.25 2.875 115199587.173
0.75 2.875 110204483.122
1.25 2.875 112077647.141
1.75 2.875 98341111.0016
2.25 2.875 85228962.868
2.75 2.875 98028916.9984
3.25 2.875 84916768.8649
3.75 2.875 71180232.7249
4.25 2.875 51512010.5246
4.75 2.875 43707160.4451
5.25 2.875 29970624.3052
5.75 2.875 23726744.2416
6.25 2.875 7804850.07949
6.75 2.875 4058522.04133
7.25 2.875 624388.006359
7.75 2.875 0.0
8.25 2.875 0.0
8.75 2.875 0.0
0.25 3.125 102087439.04
0.75 3.125 98028916.9984
1.25 3.125 86165544.8776
1.75 3.125 92721618.9443
2.25 3.125 80858246.8235
2.75 3.125 66185128.6741
3.25 3.125 66185128.6741
3.75 3.125 62126606.6327
4.25 3.125 53385174.5437
4.75 3.125 37463280.3816
5.25 3.125 22477968.2289
5.75 3.125 16858476.1717
6.25 3.125 7180462.07313
6.75 3.125 3746328.03816
7.25 3.125 0.0
7.75 3.125 0.0
8.25 3.125 0.0
8.75 3.125 0.0
0.25 3.375 93346006.9507
0.75 3.375 84604574.8617
1.25 3.375 76487530.779
1.75 3.375 81794828.8331
2.25 3.375 76799724.7822
2.75 3.375 64936352.6614
3.25 3.375 54946144.5596
3.75 3.375 48390070.4928
4.25 3.375 39960832.407
4.75 3.375 36526698.372
5.25 3.375 24975520.2544
5.75 3.375 12175566.124
6.25 3.375 8741432.08903
6.75 3.375 3746328.03816
7.25 3.375 312194.00318
7.75 3.375 0.0
8.25 3.375 0.0
8.75 3.375 0.0
0.25 3.625 78985082.8044
0.75 3.625 72429008.7377
1.25 3.625 62126606.6327
1.75 3.625 63687576.6486
2.25 3.625 60877830.62
2.75 3.625 49951040.5087
3.25 3.625 47765682.4865
3.75 3.625 45892518.4674
4.25 3.625 35902310.3657
4.75 3.625 32468176.3307
5.25 3.625 19668222.2003
5.75 3.625 13424342.1367
6.25 3.625 4682910.04769
6.75 3.625 2185358.02226
7.25 3.625 0.0
7.75 3.625 0.0
8.25 3.625 0.0
8.75 3.625 0.0
0.25 3.875 60565636.6168
0.75 3.875 62750994.6391
1.25 3.875 60565636.6168
1.75 3.875 55258338.5628
2.25 3.875 54633950.5564
2.75 3.875 53697368.5469
3.25 3.875 44331548.4515
3.75 3.875 39024250.3975
4.25 3.875 27160878.2766
4.75 3.875 21853580.2226
5.25 3.875 17170670.1749
5.75 3.875 8429238.08585
6.25 3.875 7492656.07631
6.75 3.875 1873164.01908
7.25 3.875 312194.00318
7.75 3.875 0.0
8.25 3.875 0.0
8.75 3.875 0.0
0.25 4.125 45892518.4674
0.75 4.125 52136398.531
1.25 4.125 50575428.5151
1.75 4.125 54946144.5596
2.25 4.125 47765682.4865
2.75 4.125 37151086.3784
3.25 4.125 38399862.3911
3.75 4.125 27785266.283
4.25 4.125 23414550.2385
4.75 4.125 20292610.2067
5.25 4.125 10926790.1113
5.75 4.125 8429238.08585
6.25 4.125 5307298.05405
6.75 4.125 1248776.01272
7.25 4.125 0.0
7.75 4.125 0.0
8.25 4.125 0.0
8.75 4.125 0.0
0.25 4.375 44019354.4483
0.75 4.375 44643742.4547
1.25 4.375 44955936.4579
1.75 4.375 36526698.372
2.25 4.375 42770578.4356
2.75 4.375 34653534.3529
3.25 4.375 37775474.3847
3.75 4.375 26848684.2734
4.25 4.375 20292610.2067
4.75 4.375 15921894.1622
5.25 4.375 7180462.07313
5.75 4.375 11863372.1208
6.25 4.375 2809746.02862
6.75 4.375 312194.00318
7.25 4.375 0.0
7.75 4.375 0.0
8.25 4.375 0.0
8.75 4.375 0.0
0.25 4.625 40273026.4102
0.75 4.625 41833996.4261
1.25 4.625 39336444.4006
1.75 4.625 37463280.3816
2.25 4.625 34653534.3529
2.75 4.625 30907206.3148
3.25 4.625 29970624.3052
3.75 4.625 20604804.2099
4.25 4.625 11551178.1176
4.75 4.625 11863372.1208
5.25 4.625 6556074.06677
5.75 4.625 6556074.06677
6.25 4.625 2809746.02862
6.75 4.625 1248776.01272
7.25 4.625 0.0
7.75 4.625 0.0
8.25 4.625 0.0
8.75 4.625 0.0
0.25 4.875 35902310.3657
0.75 4.875 31219400.318
1.25 4.875 33716952.3434
1.75 4.875 39024250.3975
2.25 4.875 34965728.3561
2.75 4.875 27785266.283
3.25 4.875 28721848.2925
3.75 4.875 20604804.2099
4.25 4.875 15921894.1622
4.75 4.875 8741432.08903
5.25 4.875 6243880.06359
5.75 4.875 312194.00318
6.25 4.875 2185358.02226
6.75 4.875 0.0
7.25 4.875 0.0
7.75 4.875 0.0
8.25 4.875 0.0
8.75 4.875 0.0
0.25 5.125 32155982.3275
0.75 5.125 29970624.3052
1.25 5.125 29658430.3021
1.75 5.125 28097460.2862
2.25 5.125 24038938.2448
2.75 5.125 25287714.2575
3.25 5.125 19356028.1971
3.75 5.125 15609700.159
4.25 5.125 13112148.1335
4.75 5.125 8741432.08903
5.25 5.125 6868268.06995
5.75 5.125 4058522.04133
6.25 5.125 2809746.02862
6.75 5.125 0.0
7.25 5.125 0.0
7.75 5.125 0.0
8.25 5.125 0.0
8.75 5.125 0.0
0.25 5.375 23102356.2353
0.75 5.375 25599908.2607
1.25 5.375 26536490.2703
1.75 5.375 27160878.2766
2.25 5.375 24351132.248
2.75 5.375 17795058.1812
3.25 5.375 14985312.1526
3.75 5.375 13424342.1367
4.25 5.375 12175566.124
4.75 5.375 8117044.08267
5.25 5.375 3746328.03816
5.75 5.375 4370716.04451
6.25 5.375 624388.006359
6.75 5.375 0.0
7.25 5.375 0.0
7.75 5.375 0.0
8.25 5.375 0.0
8.75 5.375 0.0
0.25 5.625 21229192.2162
0.75 5.625 18419446.1876
1.25 5.625 24038938.2448
1.75 5.625 20604804.2099
2.25 5.625 22790162.2321
2.75 5.625 14360924.1463
3.25 5.625 12175566.124
3.75 5.625 11551178.1176
4.25 5.625 9053626.09221
4.75 5.625 7180462.07313
5.25 5.625 1560970.0159
5.75 5.625 2185358.02226
6.25 5.625 624388.006359
6.75 5.625 0.0
7.25 5.625 0.0
7.75 5.625 0.0
8.25 5.625 0.0
8.75 5.625 0.0
0.25 5.875 20916998.213
0.75 5.875 21541386.2194
1.25 5.875 20292610.2067
1.75 5.875 20604804.2099
2.25 5.875 18107252.1844
2.75 5.875 11551178.1176
3.25 5.875 14673118.1494
3.75 5.875 10302402.1049
4.25 5.875 10614596.1081
4.75 5.875 8429238.08585
5.25 5.875 3434134.03498
5.75 5.875 2185358.02226
6.25 5.875 624388.006359
6.75 5.875 0.0
7.25 5.875 0.0
7.75 5.875 0.0
8.25 5.875 0.0
8.75 5.875 0.0
0.25 6.125 15609700.159
0.75 6.125 16546282.1685
1.25 6.125 15297506.1558
1.75 6.125 17170670.1749
2.25 6.125 15297506.1558
2.75 6.125 13424342.1367
3.25 6.125 12799954.1304
3.75 6.125 8741432.08903
4.25 6.125 6556074.06677
4.75 6.125 5307298.05405
5.25 6.125 2185358.02226
5.75 6.125 624388.006359
6.25 6.125 312194.00318
6.75 6.125 312194.00318
7.25 6.125 0.0
7.75 6.125 0.0
8.25 6.125 0.0
8.75 6.125 0.0
0.25 6.375 16234088.1653
0.75 6.375 18419446.1876
1.25 6.375 14673118.1494
1.75 6.375 13736536.1399
2.25 6.375 9990208.10175
2.75 6.375 10302402.1049
3.25 6.375 10302402.1049
3.75 6.375 4682910.04769
4.25 6.375 4995104.05087
4.75 6.375 4682910.04769
5.25 6.375 2809746.02862
5.75 6.375 624388.006359
6.25 6.375 624388.006359
6.75 6.375 0.0
7.25 6.375 0.0
7.75 6.375 0.0
8.25 6.375 0.0
8.75 6.375 0.0
0.25 6.625 11551178.1176
0.75 6.625 10926790.1113
1.25 6.625 15921894.1622
1.75 6.625 12487760.1272
2.25 6.625 13112148.1335
2.75 6.625 10614596.1081
3.25 6.625 4370716.04451
3.75 6.625 5307298.05405
4.25 6.625 4682910.04769
4.75 6.625 3121940.0318
5.25 6.625 2497552.02544
5.75 6.625 1873164.01908
6.25 6.625 624388.006359
6.75 6.625 0.0
7.25 6.625 0.0
7.75 6.625 0.0
8.25 6.625 0.0
8.75 6.625 0.0
0.25 6.875 12487760.1272
0.75 6.875 8741432.08903
1.25 6.875 12487760.1272
1.75 6.875 11551178.1176
2.25 6.875 12487760.1272
2.75 6.875 6868268.06995
3.25 6.875 6243880.06359
3.75 6.875 6868268.06995
4.25 6.875 6556074.06677
4.75 6.875 3121940.0318
5.25 6.875 624388.006359
5.75 6.875 936582.009539
6.25 6.875 312194.00318
6.75 6.875 0.0
7.25 6.875 0.0
7.75 6.875 0.0
8.25 6.875 0.0
8.75 6.875 0.0
0.25 7.125 7492656.07631
0.75 7.125 10614596.1081
1.25 7.125 10926790.1113
1.75 7.125 9365820.09539
2.25 7.125 9678014.09857
2.75 7.125 7804850.07949
3.25 7.125 4682910.04769
3.75 7.125 6243880.06359
4.25 7.125 3434134.03498
4.75 7.125 4058522.04133
5.25 7.125 936582.009539
5.75 7.125 312194.00318
6.25 7.125 0.0
6.75 7.125 0.0
7.25 7.125 0.0
7.75 7.125 0.0
8.25 7.125 0.0
8.75 7.125 0.0
0.25 7.375 11863372.1208
0.75 7.375 7180462.07313
1.25 7.375 9053626.09221
1.75 7.375 6868268.06995
2.25 7.375 6243880.06359
2.75 7.375 5931686.06041
3.25 7.375 5307298.05405
3.75 7.375 5307298.05405
4.25 7.375 1560970.0159
4.75 7.375 2809746.02862
5.25 7.375 2185358.02226
5.75 7.375 312194.00318
6.25 7.375 0.0
6.75 7.375 0.0
7.25 7.375 0.0
7.75 7.375 0.0
8.25 7.375 0.0
8.75 7.375 0.0
0.25 7.625 8117044.08267
0.75 7.625 6868268.06995
1.25 7.625 5931686.06041
1.75 7.625 5619492.05723
2.25 7.625 6243880.06359
2.75 7.625 5307298.05405
3.25 7.625 4370716.04451
3.75 7.625 4058522.04133
4.25 7.625 2185358.02226
4.75 7.625 2497552.02544
5.25 7.625 936582.009539
5.75 7.625 0.0
6.25 7.625 0.0
6.75 7.625 0.0
7.25 7.625 0.0
7.75 7.625 0.0
8.25 7.625 0.0
8.75 7.625 0.0
0.25 7.875 5307298.05405
0.75 7.875 5307298.05405
1.25 7.875 6868268.06995
1.75 7.875 7180462.07313
2.25 7.875 6243880.06359
2.75 7.875 4058522.04133
3.25 7.875 4370716.04451
3.75 7.875 3121940.0318
4.25 7.875 936582.009539
4.75 7.875 624388.006359
5.25 7.875 936582.009539
5.75 7.875 936582.009539
6.25 7.875 312194.00318
6.75 7.875 0.0
7.25 7.875 0.0
7.75 7.875 0.0
8.25 7.875 0.0
8.75 7.875 0.0
0.25 8.125 6868268.06995
0.75 8.125 5931686.06041
1.25 8.125 6556074.06677
1.75 8.125 4682910.04769
2.25 8.125 4058522.04133
2.75 8.125 4995104.05087
3.25 8.125 4058522.04133
3.75 8.125 1873164.01908
4.25 8.125 1560970.0159
4.75 8.125 624388.006359
5.25 8.125 936582.009539
5.75 8.125 312194.00318
6.25 8.125 0.0
6.75 8.125 0.0
7.25 8.125 0.0
7.75 8.125 0.0
8.25 8.125 0.0
8.75 8.125 0.0
0.25 8.375 5619492.05723
0.75 8.375 6868268.06995
1.25 8.375 8117044.08267
1.75 8.375 5307298.05405
2.25 8.375 3434134.03498
2.75 8.375 3121940.0318
3.25 8.375 2185358.02226
3.75 8.375 1873164.01908
4.25 8.375 936582.009539
4.75 8.375 624388.006359
5.25 8.375 624388.006359
5.75 8.375 312194.00318
6.25 8.375 0.0
6.75 8.375 0.0
7.25 8.375 0.0
7.75 8.375 0.0
8.25 8.375 0.0
8.75 8.375 0.0
0.25 8.625 7492656.07631
0.75 8.625 6556074.06677
1.25 8.625 4370716.04451
1.75 8.625 3121940.0318
2.25 8.625 3746328.03816
2.75 8.625 1560970.0159
3.25 8.625 2809746.02862
3.75 8.625 2497552.02544
4.25 8.625 1560970.0159
4.75 8.625 936582.009539
5.25 8.625 624388.006359
5.75 8.625 312194.00318
6.25 8.625 0.0
6.75 8.625 0.0
7.25 8.625 0.0
7.75 8.625 0.0
8.25 8.625 0.0
8.75 8.625 0.0
0.25 8.875 6868268.06995
0.75 8.875 4682910.04769
1.25 8.875 6243880.06359
1.75 8.875 3121940.0318
2.25 8.875 2497552.02544
2.75 8.875 2497552.02544
3.25 8.875 2809746.02862
3.75 8.875 1873164.01908
4.25 8.875 936582.009539
4.75 8.875 624388.006359
5.25 8.875 0.0
5.75 8.875 312194.00318
6.25 8.875 0.0
6.75 8.875 0.0
7.25 8.875 0.0
7.75 8.875 0.0
8.25 8.875 0.0
8.75 8.875 0.0
0.25 9.125 4682910.04769
0.75 9.125 3746328.03816
1.25 9.125 1873164.01908
1.75 9.125 4058522.04133
2.25 9.125 2497552.02544
2.75 9.125 1560970.0159
3.25 9.125 2185358.02226
3.75 9.125 1560970.0159
4.25 9.125 1248776.01272
4.75 9.125 624388.006359
5.25 9.125 312194.00318
5.75 9.125 0.0
6.25 9.125 0.0
6.75 9.125 0.0
7.25 9.125 0.0
7.75 9.125 0.0
8.25 9.125 0.0
8.75 9.125 0.0
0.25 9.375 4058522.04133
0.75 9.375 3434134.03498
1.25 9.375 4058522.04133
1.75 9.375 936582.009539
2.25 9.375 1873164.01908
2.75 9.375 1248776.01272
3.25 9.375 1873164.01908
3.75 9.375 1560970.0159
4.25 9.375 624388.006359
4.75 9.375 312194.00318
5.25 9.375 312194.00318
5.75 9.375 0.0
6.25 9.375 0.0
6.75 9.375 0.0
7.25 9.375 0.0
7.75 9.375 0.0
8.25 9.375 0.0
8.75 9.375 0.0
0.25 9.625 1560970.0159
0.75 9.625 2185358.02226
1.25 9.625 2497552.02544
1.75 9.625 2809746.02862
2.25 9.625 1873164.01908
2.75 9.625 2185358.02226
3.25 9.625 1248776.01272
3.75 9.625 1873164.01908
4.25 9.625 0.0
4.75 9.625 312194.00318
5.25 9.625 624388.006359
5.75 9.625 312194.00318
6.25 9.625 0.0
6.75 9.625 0.0
7.25 9.625 0.0
7.75 9.625 0.0
8.25 9.625 0.0
8.75 9.625 0.0
0.25 9.875 2497552.02544
0.75 9.875 4058522.04133
1.25 9.875 3434134.03498
1.75 9.875 2497552.02544
2.25 9.875 624388.006359
2.75 9.875 1560970.0159
3.25 9.875 936582.009539
3.75 9.875 1873164.01908
4.25 9.875 936582.009539
4.75 9.875 312194.00318
5.25 9.875 0.0
5.75 9.875 312194.00318
6.25 9.875 0.0
6.75 9.875 0.0
7.25 9.875 0.0
7.75 9.875 0.0
8.25 9.875 0.0
8.75 9.875 0.0
0.25 10.125 2497552.02544
0.75 10.125 2185358.02226
1.25 10.125 3121940.0318
1.75 10.125 1248776.01272
2.25 10.125 2809746.02862
2.75 10.125 936582.009539
3.25 10.125 1873164.01908
3.75 10.125 312194.00318
4.25 10.125 1248776.01272
4.75 10.125 624388.006359
5.25 10.125 0.0
5.75 10.125 0.0
6.25 10.125 0.0
6.75 10.125 0.0
7.25 10.125 0.0
7.75 10.125 0.0
8.25 10.125 0.0
8.75 10.125 0.0
0.25 10.375 2185358.02226
0.75 10.375 1248776.01272
1.25 10.375 1873164.01908
1.75 10.375 1560970.0159
2.25 10.375 2497552.02544
2.75 10.375 1248776.01272
3.25 10.375 936582.009539
3.75 10.375 312194.00318
4.25 10.375 0.0
4.75 10.375 0.0
5.25 10.375 312194.00318
5.75 10.375 0.0
6.25 10.375 0.0
6.75 10.375 0.0
7.25 10.375 0.0
7.75 10.375 0.0
8.25 10.375 0.0
8.75 10.375 0.0
0.25 10.625 2497552.02544
0.75 10.625 1560970.0159
1.25 10.625 936582.009539
1.75 10.625 936582.009539
2.25 10.625 624388.006359
2.75 10.625 2185358.02226
3.25 10.625 936582.009539
3.75 10.625 1873164.01908
4.25 10.625 0.0
4.75 10.625 312194.00318
5.25 10.625 0.0
5.75 10.625 0.0
6.25 10.625 0.0
6.75 10.625 0.0
7.25 10.625 0.0
7.75 10.625 0.0
8.25 10.625 0.0
8.75 10.625 0.0
0.25 10.875 1560970.0159
0.75 10.875 2185358.02226
1.25 10.875 312194.00318
1.75 10.875 2185358.02226
2.25 10.875 624388.006359
2.75 10.875 1248776.01272
3.25 10.875 1560970.0159
3.75 10.875 1560970.0159
4.25 10.875 936582.009539
4.75 10.875 624388.006359
5.25 10.875 312194.00318
5.75 10.875 0.0
6.25 10.875 0.0
6.75 10.875 0.0
7.25 10.875 0.0
7.75 10.875 0.0
8.25 10.875 0.0
8.75 10.875 0.0
0.25 11.125 1873164.01908
0.75 11.125 936582.009539
1.25 11.125 624388.006359
1.75 11.125 936582.009539
2.25 11.125 312194.00318
2.75 11.125 1248776.01272
3.25 11.125 1248776.01272
3.75 11.125 624388.006359
4.25 11.125 624388.006359
4.75 11.125 1560970.0159
5.25 11.125 312194.00318
5.75 11.125 312194.00318
6.25 11.125 0.0
6.75 11.125 0.0
7.25 11.125 0.0
7.75 11.125 0.0
8.25 11.125 0.0
8.75 11.125 0.0
0.25 11.375 1560970.0159
0.75 11.375 2497552.02544
1.25 11.375 1873164.01908
1.75 11.375 936582.009539
2.25 11.375 1248776.01272
2.75 11.375 1248776.01272
3.25 11.375 1560970.0159
3.75 11.375 0.0
4.25 11.375 312194.00318
4.75 11.375 312194.00318
5.25 11.375 0.0
5.75 11.375 0.0
6.25 11.375 0.0
6.75 11.375 0.0
7.25 11.375 0.0
7.75 11.375 0.0
8.25 11.375 0.0
8.75 11.375 0.0
0.25 11.625 1248776.01272
0.75 11.625 1248776.01272
1.25 11.625 1248776.01272
1.75 11.625 1248776.01272
2.25 11.625 1248776.01272
2.75 11.625 624388.006359
3.25 11.625 624388.006359
3.75 11.625 624388.006359
4.25 11.625 0.0
4.75 11.625 0.0
5.25 11.625 0.0
5.75 11.625 0.0
6.25 11.625 0.0
6.75 11.625 0.0
7.25 11.625 0.0
7.75 11.625 0.0
8.25 11.625 0.0
8.75 11.625 0.0
0.25 11.875 936582.009539
0.75 11.875 624388.006359
1.25 11.875 624388.006359
1.75 11.875 1248776.01272
2.25 11.875 624388.006359
2.75 11.875 1873164.01908
3.25 11.875 312194.00318
3.75 11.875 936582.009539
4.25 11.875 312194.00318
4.75 11.875 624388.006359
5.25 11.875 0.0
5.75 11.875 0.0
6.25 11.875 0.0
6.75 11.875 0.0
7.25 11.875 0.0
7.75 11.875 0.0
8.25 11.875 0.0
8.75 11.875 0.0
0.25 12.125 1248776.01272
0.75 12.125 0.0
1.25 12.125 624388.006359
1.75 12.125 1248776.01272
2.25 12.125 1873164.01908
2.75 12.125 312194.00318
3.25 12.125 624388.006359
3.75 12.125 624388.006359
4.25 12.125 0.0
4.75 12.125 312194.00318
5.25 12.125 0.0
5.75 12.125 0.0
6.25 12.125 0.0
6.75 12.125 0.0
7.25 12.125 0.0
7.75 12.125 0.0
8.25 12.125 0.0
8.75 12.125 0.0
0.25 12.375 312194.00318
0.75 12.375 2185358.02226
1.25 12.375 936582.009539
1.75 12.375 936582.009539
2.25 12.375 0.0
2.75 12.375 624388.006359
3.25 12.375 0.0
3.75 12.375 312194.00318
4.25 12.375 936582.009539
4.75 12.375 0.0
5.25 12.375 0.0
5.75 12.375 0.0
6.25 12.375 0.0
6.75 12.375 0.0
7.25 12.375 0.0
7.75 12.375 0.0
8.25 12.375 0.0
8.75 12.375 0.0
0.25 12.625 312194.00318
0.75 12.625 936582.009539
1.25 12.625 0.0
1.75 12.625 936582.009539
2.25 12.625 1560970.0159
2.75 12.625 624388.006359
3.25 12.625 0.0
3.75 12.625 312194.00318
4.25 12.625 312194.00318
4.75 12.625 0.0
5.25 12.625 0.0
5.75 12.625 0.0
6.25 12.625 0.0
6.75 12.625 0.0
7.25 12.625 0.0
7.75 12.625 0.0
8.25 12.625 0.0
8.75 12.625 0.0
0.25 12.875 1248776.01272
0.75 12.875 936582.009539
1.25 12.875 936582.009539
1.75 12.875 1248776.01272
2.25 12.875 624388.006359
2.75 12.875 624388.006359
3.25 12.875 312194.00318
3.75 12.875 624388.006359
4.25 12.875 0.0
4.75 12.875 0.0
5.25 12.875 0.0
5.75 12.875 0.0
6.25 12.875 0.0
6.75 12.875 0.0
7.25 12.875 0.0
7.75 12.875 0.0
8.25 12.875 0.0
8.75 12.875 0.0
0.25 13.125 1248776.01272
0.75 13.125 0.0
1.25 13.125 936582.009539
1.75 13.125 312194.00318
2.25 13.125 624388.006359
2.75 13.125 936582.009539
3.25 13.125 624388.006359
3.75 13.125 0.0
4.25 13.125 0.0
4.75 13.125 0.0
5.25 13.125 0.0
5.75 13.125 0.0
6.25 13.125 0.0
6.75 13.125 0.0
7.25 13.125 0.0
7.75 13.125 0.0
8.25 13.125 0.0
8.75 13.125 0.0
0.25 13.375 936582.009539
0.75 13.375 624388.006359
1.25 13.375 0.0
1.75 13.375 936582.009539
2.25 13.375 312194.00318
2.75 13.375 624388.006359
3.25 13.375 624388.006359
3.75 13.375 624388.006359
4.25 13.375 0.0
4.75 13.375 0.0
5.25 13.375 0.0
5.75 13.375 0.0
6.25 13.375 0.0
6.75 13.375 0.0
7.25 13.375 0.0
7.75 13.375 0.0
8.25 13.375 0.0
8.75 13.375 0.0
0.25 13.625 936582.009539
0.75 13.625 312194.00318
1.25 13.625 1560970.0159
1.75 13.625 312194.00318
2.25 13.625 936582.009539
2.75 13.625 312194.00318
3.25 13.625 0.0
3.75 13.625 0.0
4.25 13.625 0.0
4.75 13.625 624388.006359
5.25 13.625 0.0
5.75 13.625 0.0
6.25 13.625 0.0
6.75 13.625 0.0
7.25 13.625 0.0
7.75 13.625 0.0
8.25 13.625 0.0
8.75 13.625 0.0
0.25 13.875 624388.006359
0.75 13.875 0.0
1.25 13.875 936582.009539
1.75 13.875 0.0
2.25 13.875 0.0
2.75 13.875 312194.00318
3.25 13.875 0.0
3.75 13.875 312194.00318
4.25 13.875 0.0
4.75 13.875 312194.00318
5.25 13.875 312194.00318
5.75 13.875 0.0
6.25 13.875 0.0
6.75 13.875 0.0
7.25 13.875 0.0
7.75 13.875 0.0
8.25 13.875 0.0
8.75 13.875 0.0
0.25 14.125 312194.00318
0.75 14.125 0.0
1.25 14.125 0.0
1.75 14.125 936582.009539
2.25 14.125 312194.00318
2.75 14.125 936582.009539
3.25 14.125 312194.00318
3.75 14.125 0.0
4.25 14.125 624388.006359
4.75 14.125 0.0
5.25 14.125 0.0
5.75 14.125 0.0
6.25 14.125 0.0
6.75 14.125 0.0
7.25 14.125 0.0
7.75 14.125 0.0
8.25 14.125 0.0
8.75 14.125 0.0
0.25 14.375 624388.006359
0.75 14.375 624388.006359
1.25 14.375 624388.006359
1.75 14.375 624388.006359
2.25 14.375 624388.006359
2.75 14.375 312194.00318
3.25 14.375 312194.00318
3.75 14.375 0.0
4.25 14.375 0.0
4.75 14.375 0.0
5.25 14.375 0.0
5.75 14.375 0.0
6.25 14.375 0.0
6.75 14.375 0.0
7.25 14.375 0.0
7.75 14.375 0.0
8.25 14.375 0.0
8.75 14.375 0.0
0.25 14.625 312194.00318
0.75 14.625 1248776.01272
1.25 14.625 624388.006359
1.75 14.625 312194.00318
2.25 14.625 936582.009539
2.75 14.625 0.0
3.25 14.625 312194.00318
3.75 14.625 624388.006359
4.25 14.625 0.0
4.75 14.625 0.0
5.25 14.625 0.0
5.75 14.625 0.0
6.25 14.625 0.0
6.75 14.625 0.0
7.25 14.625 0.0
7.75 14.625 0.0
8.25 14.625 0.0
8.75 14.625 0.0
0.25 14.875 0.0
0.75 14.875 312194.00318
1.25 14.875 312194.00318
1.75 14.875 312194.00318
2.25 14.875 624388.006359
2.75 14.875 0.0
3.25 14.875 0.0
3.75 14.875 0.0
4.25 14.875 0.0
4.75 14.875 312194.00318
5.25 14.875 0.0
5.75 14.875 0.0
6.25 14.875 0.0
6.75 14.875 0.0
7.25 14.875 0.0
7.75 14.875 0.0
8.25 14.875 0.0
8.75 14.875 0.0
0.25 15.125 312194.00318
0.75 15.125 624388.006359
1.25 15.125 312194.00318
1.75 15.125 624388.006359
2.25 15.125 0.0
2.75 15.125 0.0
3.25 15.125 312194.00318
3.75 15.125 0.0
4.25 15.125 312194.00318
4.75 15.125 0.0
5.25 15.125 0.0
5.75 15.125 0.0
6.25 15.125 0.0
6.75 15.125 0.0
7.25 15.125 0.0
7.75 15.125 0.0
8.25 15.125 0.0
8.75 15.125 0.0
0.25 15.375 0.0
0.75 15.375 312194.00318
1.25 15.375 0.0
1.75 15.375 0.0
2.25 15.375 312194.00318
2.75 15.375 624388.006359
3.25 15.375 312194.00318
3.75 15.375 0.0
4.25 15.375 0.0
4.75 15.375 0.0
5.25 15.375 0.0
5.75 15.375 0.0
6.25 15.375 0.0
6.75 15.375 0.0
7.25 15.375 0.0
7.75 15.375 0.0
8.25 15.375 0.0
8.75 15.375 0.0
0.25 15.625 936582.009539
0.75 15.625 624388.006359
1.25 15.625 312194.00318
1.75 15.625 936582.009539
2.25 15.625 0.0
2.75 15.625 0.0
3.25 15.625 0.0
3.75 15.625 0.0
4.25 15.625 0.0
4.75 15.625 0.0
5.25 15.625 0.0
5.75 15.625 0.0
6.25 15.625 0.0
6.75 15.625 0.0
7.25 15.625 0.0
7.75 15.625 0.0
8.25 15.625 0.0
8.75 15.625 0.0
0.25 15.875 0.0
0.75 15.875 624388.006359
1.25 15.875 312194.00318
1.75 15.875 312194.00318
2.25 15.875 0.0
2.75 15.875 312194.00318
3.25 15.875 0.0
3.75 15.875 0.0
4.25 15.875 0.0
4.75 15.875 0.0
5.25 15.875 0.0
5.75 15.875 0.0
6.25 15.875 0.0
6.75 15.875 0.0
7.25 15.875 0.0
7.75 15.875 0.0
8.25 15.875 0.0
8.75 15.875 0.0
0.25 16.125 312194.00318
0.75 16.125 624388.006359
1.25 16.125 0.0
1.75 16.125 624388.006359
2.25 16.125 312194.00318
2.75 16.125 312194.00318
3.25 16.125 0.0
3.75 16.125 0.0
4.25 16.125 0.0
4.75 16.125 0.0
5.25 16.125 0.0
5.75 16.125 0.0
6.25 16.125 0.0
6.75 16.125 0.0
7.25 16.125 0.0
7.75 16.125 0.0
8.25 16.125 0.0
8.75 16.125 0.0
0.25 16.375 0.0
0.75 16.375 0.0
1.25 16.375 0.0
1.75 16.375 312194.00318
2.25 16.375 624388.006359
2.75 16.375 0.0
3.25 16.375 0.0
3.75 16.375 312194.00318
4.25 16.375 0.0
4.75 16.375 0.0
5.25 16.375 0.0
5.75 16.375 0.0
6.25 16.375 0.0
6.75 16.375 0.0
7.25 16.375 0.0
7.75 16.375 0.0
8.25 16.375 0.0
8.75 16.375 0.0
0.25 16.625 936582.009539
0.75 16.625 0.0
1.25 16.625 0.0
1.75 16.625 624388.006359
2.25 16.625 0.0
2.75 16.625 0.0
3.25 16.625 0.0
3.75 16.625 0.0
4.25 16.625 0.0
4.75 16.625 0.0
5.25 16.625 0.0
5.75 16.625 0.0
6.25 16.625 0.0
6.75 16.625 0.0
7.25 16.625 0.0
7.75 16.625 0.0
8.25 16.625 0.0
8.75 16.625 0.0
0.25 16.875 0.0
0.75 16.875 624388.006359
1.25 16.875 0.0
1.75 16.875 312194.00318
2.25 16.875 0.0
2.75 16.875 0.0
3.25 16.875 312194.00318
3.75 16.875 0.0
4.25 16.875 0.0
4.75 16.875 0.0
5.25 16.875 0.0
5.75 16.875 0.0
6.25 16.875 0.0
6.75 16.875 0.0
7.25 16.875 0.0
7.75 16.875 0.0
8.25 16.875 0.0
8.75 16.875 0.0
0.25 17.125 0.0
0.75 17.125 0.0
1.25 17.125 312194.00318
1.75 17.125 312194.00318
2.25 17.125 312194.00318
2.75 17.125 312194.00318
3.25 17.125 0.0
3.75 17.125 312194.00318
4.25 17.125 0.0
4.75 17.125 0.0
5.25 17.125 0.0
5.75 17.125 0.0
6.25 17.125 0.0
6.75 17.125 0.0
7.25 17.125 0.0
7.75 17.125 0.0
8.25 17.125 0.0
8.75 17.125 0.0
0.25 17.375 0.0
0.75 17.375 312194.00318
1.25 17.375 624388.006359
1.75 17.375 0.0
2.25 17.375 312194.00318
2.75 17.375 312194.00318
3.25 17.375 0.0
3.75 17.375 0.0
4.25 17.375 0.0
4.75 17.375 0.0
5.25 17.375 0.0
5.75 17.375 0.0
6.25 17.375 0.0
6.75 17.375 0.0
7.25 17.375 0.0
7.75 17.375 0.0
8.25 17.375 0.0
8.75 17.375 0.0
0.25 17.625 0.0
0.75 17.625 0.0
1.25 17.625 312194.00318
1.75 17.625 0.0
2.25 17.625 0.0
2.75 17.625 312194.00318
3.25 17.625 312194.00318
3.75 17.625 0.0
4.25 17.625 0.0
4.75 17.625 0.0
5.25 17.625 0.0
5.75 17.625 0.0
6.25 17.625 0.0
6.75 17.625 0.0
7.25 17.625 0.0
7.75 17.625 0.0
8.25 17.625 0.0
8.75 17.625 0.0
0.25 17.875 0.0
0.75 17.875 0.0
1.25 17.875 624388.006359
1.75 17.875 0.0
2.25 17.875 0.0
2.75 17.875 0.0
3.25 17.875 0.0
3.75 17.875 0.0
4.25 17.875 0.0
4.75 17.875 0.0
5.25 17.875 0.0
5.75 17.875 0.0
6.25 17.875 0.0
6.75 17.875 0.0
7.25 17.875 0.0
7.75 17.875 0.0
8.25 17.875 0.0
8.75 17.875 0.0
0.25 18.125 0.0
0.75 18.125 312194.00318
1.25 18.125 0.0
1.75 18.125 0.0
2.25 18.125 0.0
2.75 18.125 0.0
3.25 18.125 624388.006359
3.75 18.125 0.0
4.25 18.125 0.0
4.75 18.125 0.0
5.25 18.125 0.0
5.75 18.125 0.0
6.25 18.125 0.0
6.75 18.125 0.0
7.25 18.125 0.0
7.75 18.125 0.0
8.25 18.125 0.0
8.75 18.125 0.0
0.25 18.375 0.0
0.75 18.375 624388.006359
1.25 18.375 0.0
1.75 18.375 0.0
2.25 18.375 0.0
2.75 18.375 0.0
3.25 18.375 0.0
3.75 18.375 0.0
4.25 18.375 0.0
4.75 18.375 0.0
5.25 18.375 0.0
5.75 18.375 0.0
6.25 18.375 0.0
6.75 18.375 0.0
7.25 18.375 0.0
7.75 18.375 0.0
8.25 18.375 0.0
8.75 18.375 0.0
0.25 18.625 0.0
0.75 18.625 312194.00318
1.25 18.625 312194.00318
1.75 18.625 312194.00318
2.25 18.625 0.0
2.75 18.625 0.0
3.25 18.625 312194.00318
3.75 18.625 0.0
4.25 18.625 0.0
4.75 18.625 0.0
5.25 18.625 0.0
5.75 18.625 0.0
6.25 18.625 0.0
6.75 18.625 0.0
7.25 18.625 0.0
7.75 18.625 0.0
8.25 18.625 0.0
8.75 18.625 0.0
0.25 18.875 0.0
0.75 18.875 0.0
1.25 18.875 0.0
1.75 18.875 0.0
2.25 18.875 312194.00318
2.75 18.875 312194.00318
3.25 18.875 0.0
3.75 18.875 0.0
4.25 18.875 0.0
4.75 18.875 0.0
5.25 18.875 0.0
5.75 18.875 0.0
6.25 18.875 0.0
6.75 18.875 0.0
7.25 18.875 0.0
7.75 18.875 0.0
8.25 18.875 0.0
8.75 18.875 0.0
0.25 19.125 624388.006359
0.75 19.125 0.0
1.25 19.125 0.0
1.75 19.125 312194.00318
2.25 19.125 312194.00318
2.75 19.125 0.0
3.25 19.125 0.0
3.75 19.125 0.0
4.25 19.125 0.0
4.75 19.125 0.0
5.25 19.125 0.0
5.75 19.125 0.0
6.25 19.125 0.0
6.75 19.125 0.0
7.25 19.125 0.0
7.75 19.125 0.0
8.25 19.125 0.0
8.75 19.125 0.0
0.25 19.375 0.0
0.75 19.375 624388.006359
1.25 19.375 0.0
1.75 19.375 0.0
2.25 19.375 312194.00318
2.75 19.375 0.0
3.25 19.375 0.0
3.75 19.375 0.0
4.25 19.375 0.0
4.75 19.375 312194.00318
5.25 19.375 0.0
5.75 19.375 0.0
6.25 19.375 0.0
6.75 19.375 0.0
7.25 19.375 0.0
7.75 19.375 0.0
8.25 19.375 0.0
8.75 19.375 0.0
0.25 19.625 0.0
0.75 19.625 0.0
1.25 19.625 0.0
1.75 19.625 0.0
2.25 19.625 0.0
2.75 19.625 0.0
3.25 19.625 0.0
3.75 19.625 312194.00318
4.25 19.625 0.0
4.75 19.625 0.0
5.25 19.625 0.0
5.75 19.625 0.0
6.25 19.625 0.0
6.75 19.625 0.0
7.25 19.625 0.0
7.75 19.625 0.0
8.25 19.625 0.0
8.75 19.625 0.0
0.25 19.875 0.0
0.75 19.875 0.0
1.25 19.875 0.0
1.75 19.875 312194.00318
2.25 19.875 312194.00318
2.75 19.875 0.0
3.25 19.875 0.0
3.75 19.875 312194.00318
4.25 19.875 0.0
4.75 19.875 0.0
5.25 19.875 0.0
5.75 19.875 0.0
6.25 19.875 0.0
6.75 19.875 0.0
7.25 19.875 0.0
7.75 19.875 0.0
8.25 19.875 0.0
8.75 19.875 0.0
0.25 20.125 0.0
0.75 20.125 0.0
1.25 20.125 0.0
1.75 20.125 0.0
2.25 20.125 312194.00318
2.75 20.125 0.0
3.25 20.125 0.0
3.75 20.125 312194.00318
4.25 20.125 0.0
4.75 20.125 0.0
5.25 20.125 0.0
5.75 20.125 0.0
6.25 20.125 0.0
6.75 20.125 0.0
7.25 20.125 0.0
7.75 20.125 0.0
8.25 20.125 0.0
8.75 20.125 0.0
0.25 20.375 312194.00318
0.75 20.375 0.0
1.25 20.375 0.0
1.75 20.375 0.0
2.25 20.375 312194.00318
2.75 20.375 0.0
3.25 20.375 312194.00318
3.75 20.375 0.0
4.25 20.375 0.0
4.75 20.375 0.0
5.25 20.375 0.0
5.75 20.375 0.0
6.25 20.375 0.0
6.75 20.375 0.0
7.25 20.375 0.0
7.75 20.375 0.0
8.25 20.375 0.0
8.75 20.375 0.0
0.25 20.625 0.0
0.75 20.625 312194.00318
1.25 20.625 0.0
1.75 20.625 312194.00318
2.25 20.625 0.0
2.75 20.625 0.0
3.25 20.625 0.0
3.75 20.625 624388.006359
4.25 20.625 0.0
4.75 20.625 0.0
5.25 20.625 0.0
5.75 20.625 0.0
6.25 20.625 0.0
6.75 20.625 0.0
7.25 20.625 0.0
7.75 20.625 0.0
8.25 20.625 0.0
8.75 20.625 0.0
0.25 20.875 0.0
0.75 20.875 312194.00318
1.25 20.875 312194.00318
1.75 20.875 0.0
2.25 20.875 0.0
2.75 20.875 0.0
3.25 20.875 0.0
3.75 20.875 0.0
4.25 20.875 0.0
4.75 20.875 0.0
5.25 20.875 0.0
5.75 20.875 0.0
6.25 20.875 0.0
6.75 20.875 0.0
7.25 20.875 0.0
7.75 20.875 0.0
8.25 20.875 0.0
8.75 20.875 0.0
0.25 21.125 0.0
0.75 21.125 0.0
1.25 21.125 0.0
1.75 21.125 0.0
2.25 21.125 0.0
2.75 21.125 0.0
3.25 21.125 0.0
3.75 21.125 0.0
4.25 21.125 0.0
4.75 21.125 0.0
5.25 21.125 0.0
5.75 21.125 0.0
6.25 21.125 0.0
6.75 21.125 0.0
7.25 21.125 0.0
7.75 21.125 0.0
8.25 21.125 0.0
8.75 21.125 0.0
0.25 21.375 0.0
0.75 21.375 312194.00318
1.25 21.375 0.0
1.75 21.375 0.0
2.25 21.375 0.0
2.75 21.375 0.0
3.25 21.375 0.0
3.75 21.375 0.0
4.25 21.375 0.0
4.75 21.375 0.0
5.25 21.375 0.0
5.75 21.375 0.0
6.25 21.375 0.0
6.75 21.375 0.0
7.25 21.375 0.0
7.75 21.375 0.0
8.25 21.375 0.0
8.75 21.375 0.0
0.25 21.625 0.0
0.75 21.625 0.0
1.25 21.625 0.0
1.75 21.625 0.0
2.25 21.625 0.0
2.75 21.625 0.0
3.25 21.625 0.0
3.75 21.625 312194.00318
4.25 21.625 0.0
4.75 21.625 0.0
5.25 21.625 0.0
5.75 21.625 0.0
6.25 21.625 0.0
6.75 21.625 0.0
7.25 21.625 0.0
7.75 21.625 0.0
8.25 21.625 0.0
8.75 21.625 0.0
0.25 21.875 0.0
0.75 21.875 0.0
1.25 21.875 312194.00318
1.75 21.875 0.0
2.25 21.875 0.0
2.75 21.875 0.0
3.25 21.875 0.0
3.75 21.875 0.0
4.25 21.875 0.0
4.75 21.875 0.0
5.25 21.875 0.0
5.75 21.875 0.0
6.25 21.875 0.0
6.75 21.875 0.0
7.25 21.875 0.0
7.75 21.875 0.0
8.25 21.875 0.0
8.75 21.875 0.0
0.25 22.125 0.0
0.75 22.125 0.0
1.25 22.125 312194.00318
1.75 22.125 0.0
2.25 22.125 0.0
2.75 22.125 0.0
3.25 22.125 312194.00318
3.75 22.125 0.0
4.25 22.125 0.0
4.75 22.125 0.0
5.25 22.125 0.0
5.75 22.125 0.0
6.25 22.125 0.0
6.75 22.125 0.0
7.25 22.125 0.0
7.75 22.125 0.0
8.25 22.125 0.0
8.75 22.125 0.0
0.25 22.375 0.0
0.75 22.375 0.0
1.25 22.375 0.0
1.75 22.375 0.0
2.25 22.375 0.0
2.75 22.375 0.0
3.25 22.375 312194.00318
3.75 22.375 0.0
4.25 22.375 0.0
4.75 22.375 0.0
5.25 22.375 0.0
5.75 22.375 0.0
6.25 22.375 0.0
6.75 22.375 0.0
7.25 22.375 0.0
7.75 22.375 0.0
8.25 22.375 0.0
8.75 22.375 0.0
0.25 22.625 0.0
0.75 22.625 0.0
1.25 22.625 0.0
1.75 22.625 0.0
2.25 22.625 0.0
2.75 22.625 0.0
3.25 22.625 0.0
3.75 22.625 0.0
4.25 22.625 0.0
4.75 22.625 0.0
5.25 22.625 0.0
5.75 22.625 0.0
6.25 22.625 0.0
6.75 22.625 0.0
7.25 22.625 0.0
7.75 22.625 0.0
8.25 22.625 0.0
8.75 22.625 0.0
0.25 22.875 0.0
0.75 22.875 0.0
1.25 22.875 0.0
1.75 22.875 0.0
2.25 22.875 0.0
2.75 22.875 0.0
3.25 22.875 0.0
3.75 22.875 0.0
4.25 22.875 0.0
4.75 22.875 0.0
5.25 22.875 0.0
5.75 22.875 0.0
6.25 22.875 0.0
6.75 22.875 0.0
7.25 22.875 0.0
7.75 22.875 0.0
8.25 22.875 0.0
8.75 22.875 0.0
0.25 23.125 312194.00318
0.75 23.125 312194.00318
1.25 23.125 0.0
1.75 23.125 0.0
2.25 23.125 0.0
2.75 23.125 0.0
3.25 23.125 0.0
3.75 23.125 0.0
4.25 23.125 0.0
4.75 23.125 0.0
5.25 23.125 0.0
5.75 23.125 0.0
6.25 23.125 0.0
6.75 23.125 0.0
7.25 23.125 0.0
7.75 23.125 0.0
8.25 23.125 0.0
8.75 23.125 0.0
0.25 23.375 0.0
0.75 23.375 0.0
1.25 23.375 0.0
1.75 23.375 312194.00318
2.25 23.375 0.0
2.75 23.375 0.0
3.25 23.375 0.0
3.75 23.375 0.0
4.25 23.375 0.0
4.75 23.375 0.0
5.25 23.375 0.0
5.75 23.375 0.0
6.25 23.375 0.0
6.75 23.375 0.0
7.25 23.375 0.0
7.75 23.375 0.0
8.25 23.375 0.0
8.75 23.375 0.0
0.25 23.625 0.0
0.75 23.625 0.0
1.25 23.625 0.0
1.75 23.625 0.0
2.25 23.625 0.0
2.75 23.625 0.0
3.25 23.625 0.0
3.75 23.625 0.0
4.25 23.625 0.0
4.75 23.625 0.0
5.25 23.625 0.0
5.75 23.625 0.0
6.25 23.625 0.0
6.75 23.625 0.0
7.25 23.625 0.0
7.75 23.625 0.0
8.25 23.625 0.0
8.75 23.625 0.0
0.25 23.875 0.0
0.75 23.875 0.0
1.25 23.875 0.0
1.75 23.875 0.0
2.25 23.875 0.0
2.75 23.875 0.0
3.25 23.875 0.0
3.75 23.875 0.0
4.25 23.875 0.0
4.75 23.875 0.0
5.25 23.875 0.0
5.75 23.875 0.0
6.25 23.875 0.0
6.75 23.875 0.0
7.25 23.875 0.0
7.75 23.875 0.0
8.25 23.875 0.0
8.75 23.875 0.0
0.25 24.125 0.0
0.75 24.125 0.0
1.25 24.125 0.0
1.75 24.125 0.0
2.25 24.125 312194.00318
2.75 24.125 312194.00318
3.25 24.125 0.0
3.75 24.125 0.0
4.25 24.125 0.0
4.75 24.125 0.0
5.25 24.125 0.0
5.75 24.125 0.0
6.25 24.125 0.0
6.75 24.125 0.0
7.25 24.125 0.0
7.75 24.125 0.0
8.25 24.125 0.0
8.75 24.125 0.0
0.25 24.375 0.0
0.75 24.375 0.0
1.25 24.375 0.0
1.75 24.375 0.0
2.25 24.375 0.0
2.75 24.375 0.0
3.25 24.375 0.0
3.75 24.375 0.0
4.25 24.375 0.0
4.75 24.375 0.0
5.25 24.375 0.0
5.75 24.375 0.0
6.25 24.375 0.0
6.75 24.375 0.0
7.25 24.375 0.0
7.75 24.375 0.0
8.25 24.375 0.0
8.75 24.375 0.0
0.25 24.625 0.0
0.75 24.625 0.0
1.25 24.625 0.0
1.75 24.625 312194.00318
2.25 24.625 0.0
2.75 24.625 0.0
3.25 24.625 0.0
3.75 24.625 0.0
4.25 24.625 0.0
4.75 24.625 0.0
5.25 24.625 0.0
5.75 24.625 0.0
6.25 24.625 0.0
6.75 24.625 0.0
7.25 24.625 0.0
7.75 24.625 0.0
8.25 24.625 0.0
8.75 24.625 0.0
0.25 24.875 0.0
0.75 24.875 0.0
1.25 24.875 0.0
1.75 24.875 0.0
2.25 24.875 0.0
2.75 24.875 0.0
3.25 24.875 0.0
3.75 24.875 0.0
4.25 24.875 0.0
4.75 24.875 0.0
5.25 24.875 0.0
5.75 24.875 0.0
6.25 24.875 0.0
6.75 24.875 0.0
7.25 24.875 0.0
7.75 24.875 0.0
8.25 24.875 0.0
8.75 24.875 0.0
0.25 25.125 0.0
0.75 25.125 0.0
1.25 25.125 0.0
1.75 25.125 0.0
2.25 25.125 0.0
2.75 25.125 0.0
3.25 25.125 0.0
3.75 25.125 0.0
4.25 25.125 0.0
4.75 25.125 0.0
5.25 25.125 0.0
5.75 25.125 0.0
6.25 25.125 0.0
6.75 25.125 0.0
7.25 25.125 0.0
7.75 25.125 0.0
8.25 25.125 0.0
8.75 25.125 0.0
0.25 25.375 0.0
0.75 25.375 0.0
1.25 25.375 0.0
1.75 25.375 0.0
2.25 25.375 0.0
2.75 25.375 0.0
3.25 25.375 0.0
3.75 25.375 0.0
4.25 25.375 0.0
4.75 25.375 0.0
5.25 25.375 0.0
5.75 25.375 0.0
6.25 25.375 0.0
6.75 25.375 0.0
7.25 25.375 0.0
7.75 25.375 0.0
8.25 25.375 0.0
8.75 25.375 0.0
0.25 25.625 0.0
0.75 25.625 312194.00318
1.25 25.625 0.0
1.75 25.625 0.0
2.25 25.625 312194.00318
2.75 25.625 0.0
3.25 25.625 0.0
3.75 25.625 0.0
4.25 25.625 0.0
4.75 25.625 0.0
5.25 25.625 0.0
5.75 25.625 0.0
6.25 25.625 0.0
6.75 25.625 0.0
7.25 25.625 0.0
7.75 25.625 0.0
8.25 25.625 0.0
8.75 25.625 0.0
0.25 25.875 0.0
0.75 25.875 0.0
1.25 25.875 0.0
1.75 25.875 0.0
2.25 25.875 0.0
2.75 25.875 0.0
3.25 25.875 0.0
3.75 25.875 0.0
4.25 25.875 0.0
4.75 25.875 0.0
5.25 25.875 0.0
5.75 25.875 0.0
6.25 25.875 0.0
6.75 25.875 0.0
7.25 25.875 0.0
7.75 25.875 0.0
8.25 25.875 0.0
8.75 25.875 0.0
0.25 26.125 0.0
0.75 26.125 0.0
1.25 26.125 0.0
1.75 26.125 0.0
2.25 26.125 0.0
2.75 26.125 0.0
3.25 26.125 0.0
3.75 26.125 0.0
4.25 26.125 0.0
4.75 26.125 0.0
5.25 26.125 0.0
5.75 26.125 0.0
6.25 26.125 0.0
6.75 26.125 0.0
7.25 26.125 0.0
7.75 26.125 0.0
8.25 26.125 0.0
8.75 26.125 0.0
0.25 26.375 0.0
0.75 26.375 0.0
1.25 26.375 0.0
1.75 26.375 0.0
2.25 26.375 0.0
2.75 26.375 0.0
3.25 26.375 0.0
3.75 26.375 0.0
4.25 26.375 0.0
4.75 26.375 0.0
5.25 26.375 0.0
5.75 26.375 0.0
6.25 26.375 0.0
6.75 26.375 0.0
7.25 26.375 0.0
7.75 26.375 0.0
8.25 26.375 0.0
8.75 26.375 0.0
0.25 26.625 0.0
0.75 26.625 0.0
1.25 26.625 0.0
1.75 26.625 0.0
2.25 26.625 0.0
2.75 26.625 0.0
3.25 26.625 0.0
3.75 26.625 0.0
4.25 26.625 0.0
4.75 26.625 0.0
5.25 26.625 0.0
5.75 26.625 0.0
6.25 26.625 0.0
6.75 26.625 0.0
7.25 26.625 0.0
7.75 26.625 0.0
8.25 26.625 0.0
8.75 26.625 0.0
0.25 26.875 0.0
0.75 26.875 0.0
1.25 26.875 312194.00318
1.75 26.875 312194.00318
2.25 26.875 0.0
2.75 26.875 0.0
3.25 26.875 0.0
3.75 26.875 0.0
4.25 26.875 0.0
4.75 26.875 0.0
5.25 26.875 0.0
5.75 26.875 0.0
6.25 26.875 0.0
6.75 26.875 0.0
7.25 26.875 0.0
7.75 26.875 0.0
8.25 26.875 0.0
8.75 26.875 0.0
0.25 27.125 0.0
0.75 27.125 0.0
1.25 27.125 0.0
1.75 27.125 0.0
2.25 27.125 0.0
2.75 27.125 0.0
3.25 27.125 0.0
3.75 27.125 0.0
4.25 27.125 0.0
4.75 27.125 0.0
5.25 27.125 0.0
5.75 27.125 0.0
6.25 27.125 0.0
6.75 27.125 0.0
7.25 27.125 0.0
7.75 27.125 0.0
8.25 27.125 0.0
8.75 27.125 0.0
0.25 27.375 0.0
0.75 27.375 0.0
1.25 27.375 0.0
1.75 27.375 0.0
2.25 27.375 0.0
2.75 27.375 0.0
3.25 27.375 0.0
3.75 27.375 0.0
4.25 27.375 0.0
4.75 27.375 0.0
5.25 27.375 0.0
5.75 27.375 0.0
6.25 27.375 0.0
6.75 27.375 0.0
7.25 27.375 0.0
7.75 27.375 0.0
8.25 27.375 0.0
8.75 27.375 0.0
0.25 27.625 0.0
0.75 27.625 0.0
1.25 27.625 312194.00318
1.75 27.625 0.0
2.25 27.625 0.0
2.75 27.625 0.0
3.25 27.625 0.0
3.75 27.625 0.0
4.25 27.625 0.0
4.75 27.625 0.0
5.25 27.625 0.0
5.75 27.625 0.0
6.25 27.625 0.0
6.75 27.625 0.0
7.25 27.625 0.0
7.75 27.625 0.0
8.25 27.625 0.0
8.75 27.625 0.0
0.25 27.875 0.0
0.75 27.875 0.0
1.25 27.875 0.0
1.75 27.875 0.0
2.25 27.875 0.0
2.75 27.875 0.0
3.25 27.875 0.0
3.75 27.875 0.0
4.25 27.875 0.0
4.75 27.875 0.0
5.25 27.875 0.0
5.75 27.875 0.0
6.25 27.875 0.0
6.75 27.875 0.0
7.25 27.875 0.0
7.75 27.875 0.0
8.25 27.875 0.0
8.75 27.875 0.0
0.25 28.125 0.0
0.75 28.125 0.0
1.25 28.125 0.0
1.75 28.125 0.0
2.25 28.125 0.0
2.75 28.125 0.0
3.25 28.125 0.0
3.75 28.125 0.0
4.25 28.125 0.0
4.75 28.125 0.0
5.25 28.125 0.0
5.75 28.125 0.0
6.25 28.125 0.0
6.75 28.125 0.0
7.25 28.125 0.0
7.75 28.125 0.0
8.25 28.125 0.0
8.75 28.125 0.0
0.25 28.375 0.0
0.75 28.375 0.0
1.25 28.375 0.0
1.75 28.375 0.0
2.25 28.375 0.0
2.75 28.375 0.0
3.25 28.375 0.0
3.75 28.375 0.0
4.25 28.375 0.0
4.75 28.375 0.0
5.25 28.375 0.0
5.75 28.375 0.0
6.25 28.375 0.0
6.75 28.375 0.0
7.25 28.375 0.0
7.75 28.375 0.0
8.25 28.375 0.0
8.75 28.375 0.0
0.25 28.625 0.0
0.75 28.625 0.0
1.25 28.625 0.0
1.75 28.625 0.0
2.25 28.625 0.0
2.75 28.625 0.0
3.25 28.625 0.0
3.75 28.625 0.0
4.25 28.625 0.0
4.75 28.625 0.0
5.25 28.625 0.0
5.75 28.625 0.0
6.25 28.625 0.0
6.75 28.625 0.0
7.25 28.625 0.0
7.75 28.625 0.0
8.25 28.625 0.0
8.75 28.625 0.0
0.25 28.875 0.0
0.75 28.875 0.0
1.25 28.875 0.0
1.75 28.875 0.0
2.25 28.875 0.0
2.75 28.875 0.0
3.25 28.875 0.0
3.75 28.875 312194.00318
4.25 28.875 0.0
4.75 28.875 0.0
5.25 28.875 0.0
5.75 28.875 0.0
6.25 28.875 0.0
6.75 28.875 0.0
7.25 28.875 0.0
7.75 28.875 0.0
8.25 28.875 0.0
8.75 28.875 0.0
0.25 29.125 0.0
0.75 29.125 0.0
1.25 29.125 0.0
1.75 29.125 0.0
2.25 29.125 0.0
2.75 29.125 0.0
3.25 29.125 0.0
3.75 29.125 0.0
4.25 29.125 0.0
4.75 29.125 0.0
5.25 29.125 0.0
5.75 29.125 0.0
6.25 29.125 0.0
6.75 29.125 0.0
7.25 29.125 0.0
7.75 29.125 0.0
8.25 29.125 0.0
8.75 29.125 0.0
0.25 29.375 0.0
0.75 29.375 0.0
1.25 29.375 0.0
1.75 29.375 0.0
2.25 29.375 0.0
2.75 29.375 0.0
3.25 29.375 0.0
3.75 29.375 0.0
4.25 29.375 0.0
4.75 29.375 0.0
5.25 29.375 0.0
5.75 29.375 0.0
6.25 29.375 0.0
6.75 29.375 0.0
7.25 29.375 0.0
7.75 29.375 0.0
8.25 29.375 0.0
8.75 29.375 0.0
0.25 29.625 312194.00318
0.75 29.625 0.0
1.25 29.625 0.0
1.75 29.625 0.0
2.25 29.625 0.0
2.75 29.625 0.0
3.25 29.625 0.0
3.75 29.625 0.0
4.25 29.625 0.0
4.75 29.625 0.0
5.25 29.625 0.0
5.75 29.625 0.0
6.25 29.625 0.0
6.75 29.625 0.0
7.25 29.625 0.0
7.75 29.625 0.0
8.25 29.625 0.0
8.75 29.625 0.0
0.25 29.875 0.0
0.75 29.875 0.0
1.25 29.875 0.0
1.75 29.875 0.0
2.25 29.875 0.0
2.75 29.875 0.0
3.25 29.875 0.0
3.75 29.875 0.0
4.25 29.875 0.0
4.75 29.875 0.0
5.25 29.875 0.0
5.75 29.875 0.0
6.25 29.875 0.0
6.75 29.875 0.0
7.25 29.875 0.0
7.75 29.875 0.0
8.25 29.875 0.0
8.75 29.875 0.0
