11.294627058970837 0.0
14.219093021276404 21.564588477715446
17.900777537149963 82.89070332332675
22.535743732392298 1637.4373997578828
28.370820458389794 7130.440622465323
35.71674682851676 8442.006637425568
44.96472020903849 14766.997897136836
56.60722890537329 24299.84775614925
71.26427896022373 33000.452448249824
89.71641173621407 65445.7927838379
112.94627058970838 76207.66605219187
142.1909302127641 91604.784267718
179.00777537149963 129343.04581824393
225.35743732392305 130784.40345826437
283.7082045838981 159680.65272841777
357.1674682851676 194614.2072030605
449.6472020903849 183149.66778178955
566.0722890537327 180196.10130625474
712.6427896022376 158824.72798352432
897.164117362141 129814.15084819938
1129.4627058970837 90088.53652148391
1421.9093021276408 49916.834149993025
1790.0777537149975 25780.012664815644
2253.5743732392316 10665.828499647789
2837.082045838981 3843.2635157732293
3571.674682851676 1356.026174847968
4496.47202090385 513.6609049232211
5660.72289053733 212.2098609271925
7126.427896022379 26.73596142535098
8971.64117362141 0.0
