11.294627058970837 100.76795871671386
14.219093021276404 147.03210973420244
17.900777537149963 469.79653634555956
22.535743732392298 1834.1097721089877
28.370820458389794 3264.8058488701477
35.71674682851676 4224.413978536532
44.96472020903849 3813.3419338219537
56.60722890537329 6305.879396916365
71.26427896022373 9785.654336008687
89.71641173621407 14922.853201323327
112.94627058970838 17166.518994079
142.1909302127641 17779.639885149023
179.00777537149963 20529.19538962684
225.35743732392305 22844.40351367205
283.7082045838981 18193.430978823148
357.1674682851676 13927.03135499786
449.6472020903849 13477.527083360648
566.0722890537327 12209.418972326297
712.6427896022376 11653.78757975754
897.164117362141 9004.888660662284
1129.4627058970837 6664.188873791281
1421.9093021276408 4099.573180083098
1790.0777537149975 2197.402699174854
2253.5743732392316 677.4219004886982
2837.082045838981 135.81311533247936
3571.674682851676 4.913542604394024
4496.47202090385 0.0
5660.72289053733 0.0
7126.427896022379 0.0
8971.64117362141 0.0
