11.294627058970837 1145.886147677074
14.219093021276404 3386.2366149429713
17.900777537149963 718.6829582012551
22.535743732392298 3155.2672952570674
28.370820458389794 3253.8916342115554
35.71674682851676 8011.68315630269
44.96472020903849 28371.750436618888
56.60722890537329 32760.948546499116
71.26427896022373 35071.28129428536
89.71641173621407 56547.78118003125
112.94627058970838 82979.12918323238
142.1909302127641 106343.20562550708
179.00777537149963 113471.17030116433
225.35743732392305 170866.46844752354
283.7082045838981 179667.16373586305
357.1674682851676 188450.8494974546
449.6472020903849 221618.28666318906
566.0722890537327 216393.0366620128
712.6427896022376 165556.85949185048
897.164117362141 143676.56827368517
1129.4627058970837 100970.86129463697
1421.9093021276408 61738.72645087284
1790.0777537149975 30995.140818888554
2253.5743732392316 14771.995000623865
2837.082045838981 6249.464800826972
3571.674682851676 2197.7469237227924
4496.47202090385 549.4936487539671
5660.72289053733 76.1454383037053
7126.427896022379 6.201917026890442
8971.64117362141 0.0
