11.294627058970837 5.841371550884116
14.219093021276404 500.91887970207597
17.900777537149963 3405.486487267253
22.535743732392298 1134.9435700337385
28.370820458389794 2362.707974034847
35.71674682851676 15317.449003258029
44.96472020903849 23070.053216584954
56.60722890537329 34889.918462594105
71.26427896022373 45084.839881643245
89.71641173621407 61652.30129244141
112.94627058970838 75671.30419540565
142.1909302127641 79001.43389581225
179.00777537149963 118126.07584664313
225.35743732392305 103310.54424324213
283.7082045838981 125119.51109574968
357.1674682851676 140344.13565261615
449.6472020903849 126991.13437771844
566.0722890537327 110339.6348705123
712.6427896022376 90070.09231221164
897.164117362141 71615.0849232073
1129.4627058970837 51543.61288985424
1421.9093021276408 29272.28779306123
1790.0777537149975 13961.010959167965
2253.5743732392316 5408.143476082711
2837.082045838981 1605.5525888048578
3571.674682851676 393.23231792170554
4496.47202090385 54.14247917383909
5660.72289053733 4.325305751990527
7126.427896022379 0.11739755980670452
8971.64117362141 7.781572639942169e-05
