0.25 0.125 855577.6108
0.75 0.125 0.0
1.25 0.125 623471.3939
1.75 0.125 83366.147
2.25 0.125 67118.7057
2.75 0.125 484040.9233
3.25 0.125 437086.12989999994
3.75 0.125 360880.2081
4.25 0.125 231577.1208
4.75 0.125 893990.8211000001
5.25 0.125 462241.4382
5.75 0.125 509962.64840000006
6.25 0.125 76621.3596
6.75 0.125 41267.081
7.25 0.125 17933.5588
7.75 0.125 19020.309900000004
8.25 0.125 156.20860000000002
8.75 0.125 0.0
0.25 0.375 0.0
0.75 0.375 6726417.5576
1.25 0.375 7469167.175
1.75 0.375 15631043.254200002
2.25 0.375 9720117.3618
2.75 0.375 13143654.6206
3.25 0.375 8512178.7024
3.75 0.375 12154506.7972
4.25 0.375 4907609.797299999
4.75 0.375 6303996.1127
5.25 0.375 5836823.0720999995
5.75 0.375 3376497.2251999993
6.25 0.375 1439820.2028
6.75 0.375 850896.1264
7.25 0.375 362588.5055999999
7.75 0.375 85922.1938
8.25 0.375 1923.3780000000002
8.75 0.375 0.0
0.25 0.625 0.0
0.75 0.625 0.0
1.25 0.625 3066677.7848
1.75 0.625 30353627.033299997
2.25 0.625 24488249.057700004
2.75 0.625 14844983.1051
3.25 0.625 9781893.3026
3.75 0.625 19838995.8577
4.25 0.625 20911247.679400004
4.75 0.625 14292694.673500001
5.25 0.625 4694413.499
5.75 0.625 7401071.790699999
6.25 0.625 2696374.3309
6.75 0.625 827060.8761000001
7.25 0.625 550797.0268
7.75 0.625 243978.0138999999
8.25 0.625 2225.9927999999995
8.75 0.625 0.0
0.25 0.875 0.0
0.75 0.875 0.0
1.25 0.875 10433910.19
1.75 0.875 30655365.615299996
2.25 0.875 40436282.50349999
2.75 0.875 20089181.9956
3.25 0.875 18955466.785000004
3.75 0.875 17061583.378900003
4.25 0.875 20950324.689100005
4.75 0.875 19613007.7254
5.25 0.875 13738749.5746
5.75 0.875 6899499.714499999
6.25 0.875 6109425.6295
6.75 0.875 2384647.6928000003
7.25 0.875 295837.12090000004
7.75 0.875 141221.32490000007
8.25 0.875 16.5676
8.75 0.875 0.0
0.25 1.125 0.0
0.75 1.125 0.0
1.25 1.125 0.0
1.75 1.125 25855018.667499997
2.25 1.125 32127962.363200005
2.75 1.125 35648694.835200004
3.25 1.125 26716545.5204
3.75 1.125 30401168.5727
4.25 1.125 28029913.566600006
4.75 1.125 25385323.1208
5.25 1.125 10443741.1126
5.75 1.125 5830925.105599999
6.25 1.125 3619487.0678000003
6.75 1.125 1771826.0962000003
7.25 1.125 695438.7201000002
7.75 1.125 19867.0416
8.25 1.125 8.2838
8.75 1.125 0.0
0.25 1.375 0.0
0.75 1.375 0.0
1.25 1.375 0.0
1.75 1.375 46577949.43169999
2.25 1.375 38493266.67580002
2.75 1.375 27218773.663900003
3.25 1.375 32978756.57520001
3.75 1.375 28188161.7274
4.25 1.375 24609287.4747
4.75 1.375 17578570.3512
5.25 1.375 10589560.719
5.75 1.375 7843738.6037
6.25 1.375 3515377.4622
6.75 1.375 1392992.8211000003
7.25 1.375 371736.7727
7.75 1.375 5066.518799999999
8.25 1.375 0.0
8.75 1.375 0.0
0.25 1.625 0.0
0.75 1.625 0.0
1.25 1.625 0.0
1.75 1.625 20074936.853299998
2.25 1.625 39130930.00270001
2.75 1.625 17104361.668899998
3.25 1.625 31084839.2708
3.75 1.625 10867905.4317
4.25 1.625 22412554.4149
4.75 1.625 15572311.1269
5.25 1.625 8181165.144599999
5.75 1.625 8469211.026100002
6.25 1.625 1562660.5060000003
6.75 1.625 891807.8511999999
7.25 1.625 331040.7601
7.75 1.625 3949.1403999999998
8.25 1.625 0.0
8.75 1.625 0.0
0.25 1.875 0.0
0.75 1.875 0.0
1.25 1.875 0.0
1.75 1.875 15204044.697199998
2.25 1.875 30883687.9812
2.75 1.875 15506985.053800002
3.25 1.875 18927804.486800004
3.75 1.875 33076519.8303
4.25 1.875 11620079.721899997
4.75 1.875 10323499.6052
5.25 1.875 6856765.0954
5.75 1.875 5229613.7197
6.25 1.875 1845683.0124000001
6.75 1.875 455110.85899999994
7.25 1.875 208211.5083
7.75 1.875 19.9163
8.25 1.875 792.7801000000002
8.75 1.875 0.0
0.25 2.125 0.0
0.75 2.125 0.0
1.25 2.125 0.0
1.75 2.125 8598039.4071
2.25 2.125 12713009.8702
2.75 2.125 17855713.3831
3.25 2.125 31152615.0171
3.75 2.125 22607022.2672
4.25 2.125 15793031.640699998
4.75 2.125 14969984.5177
5.25 2.125 8188053.8566
5.75 2.125 3717532.7946999995
6.25 2.125 4757132.788599999
6.75 2.125 888957.4487000001
7.25 2.125 314261.6038
7.75 2.125 34917.508400000006
8.25 2.125 29.337
8.75 2.125 0.0
0.25 2.375 0.0
0.75 2.375 0.0
1.25 2.375 0.0
1.75 2.375 2965947.5699999994
2.25 2.375 26631273.817700002
2.75 2.375 22007159.517300002
3.25 2.375 18770006.981299996
3.75 2.375 12903166.187900001
4.25 2.375 6406612.9885
4.75 2.375 11103077.1553
5.25 2.375 6361764.249999999
5.75 2.375 3301183.3589000003
6.25 2.375 1649563.7351
6.75 2.375 527923.5551000001
7.25 2.375 224730.72840000002
7.75 2.375 34919.171699999984
8.25 2.375 0.35829999999999995
8.75 2.375 0.0
0.25 2.625 0.0
0.75 2.625 0.0
1.25 2.625 0.0
1.75 2.625 60866.5335
2.25 2.625 19754698.8103
2.75 2.625 3360751.8228
3.25 2.625 12608263.6009
3.75 2.625 14365744.707200002
4.25 2.625 7950483.224799999
4.75 2.625 14753618.5138
5.25 2.625 2230659.5801000004
5.75 2.625 3775250.4212
6.25 2.625 1094717.0303
6.75 2.625 1350022.9208000002
7.25 2.625 160315.37930000003
7.75 2.625 2636.9144
8.25 2.625 0.0004999999999999999
8.75 2.625 0.0
0.25 2.875 0.0
0.75 2.875 0.0
1.25 2.875 0.0
1.75 2.875 0.0
2.25 2.875 10696970.1566
2.75 2.875 9305754.6546
3.25 2.875 7396873.4153
3.75 2.875 12073756.4686
4.25 2.875 6927244.010399999
4.75 2.875 10841070.415299999
5.25 2.875 3973490.1613000003
5.75 2.875 1427890.9541
6.25 2.875 1183016.0814
6.75 2.875 506921.4173
7.25 2.875 45877.423800000004
7.75 2.875 1594.3381
8.25 2.875 0.0
8.75 2.875 0.0
0.25 3.125 0.0
0.75 3.125 0.0
1.25 3.125 0.0
1.75 3.125 0.0
2.25 3.125 6640377.5678
2.75 3.125 4150261.6301
3.25 3.125 6474560.027500001
3.75 3.125 5356097.726000001
4.25 3.125 8935563.685900003
4.75 3.125 4998333.481199998
5.25 3.125 838386.1842
5.75 3.125 2171485.3149
6.25 3.125 1008398.2776
6.75 3.125 290193.7519999999
7.25 3.125 51636.0808
7.75 3.125 730.5520000000002
8.25 3.125 0.0
8.75 3.125 0.0
0.25 3.375 0.0
0.75 3.375 0.0
1.25 3.375 0.0
1.75 3.375 0.0
2.25 3.375 10848049.7039
2.75 3.375 3264506.4117
3.25 3.375 3461373.9209
3.75 3.375 5276189.5177
4.25 3.375 7287324.557699999
4.75 3.375 5513701.354499999
5.25 3.375 2097026.962
5.75 3.375 1697189.1006000002
6.25 3.375 693302.9677
6.75 3.375 142708.6202
7.25 3.375 54337.19150000001
7.75 3.375 208.39290000000003
8.25 3.375 0.0
8.75 3.375 0.0
0.25 3.625 0.0
0.75 3.625 0.0
1.25 3.625 0.0
1.75 3.625 0.0
2.25 3.625 12510741.807800002
2.75 3.625 5398217.223999999
3.25 3.625 6297036.0783
3.75 3.625 6245848.2049
4.25 3.625 2143649.6768
4.75 3.625 677807.2955000001
5.25 3.625 1128272.1009
5.75 3.625 1837734.2274
6.25 3.625 237528.1963
6.75 3.625 65672.52179999999
7.25 3.625 1669.6258000000003
7.75 3.625 15.1538
8.25 3.625 0.0
8.75 3.625 0.0
0.25 3.875 0.0
0.75 3.875 0.0
1.25 3.875 0.0
1.75 3.875 0.0
2.25 3.875 3213834.6382999998
2.75 3.875 4584250.779399999
3.25 3.875 7546049.405100001
3.75 3.875 1612013.5495999998
4.25 3.875 3900624.0031999997
4.75 3.875 2118565.2917999993
5.25 3.875 1538885.9130000002
5.75 3.875 590659.7161
6.25 3.875 274872.2673
6.75 3.875 85032.45649999999
7.25 3.875 2622.3928
7.75 3.875 7.5062999999999995
8.25 3.875 0.0
8.75 3.875 0.0
0.25 4.125 0.0
0.75 4.125 0.0
1.25 4.125 0.0
1.75 4.125 0.0
2.25 4.125 7670282.418300001
2.75 4.125 3300650.3641000004
3.25 4.125 5291871.517399999
3.75 4.125 2509055.4790999996
4.25 4.125 2308807.1679
4.75 4.125 2932672.5038999994
5.25 4.125 640098.0641000002
5.75 4.125 766500.1209999998
6.25 4.125 335212.8172
6.75 4.125 93307.90349999996
7.25 4.125 2164.2563999999993
7.75 4.125 0.1755
8.25 4.125 0.0
8.75 4.125 0.0
0.25 4.375 0.0
0.75 4.375 0.0
1.25 4.375 0.0
1.75 4.375 0.0
2.25 4.375 5945499.9136
2.75 4.375 6487290.688200003
3.25 4.375 3181629.6154000005
3.75 4.375 1950625.7721000002
4.25 4.375 2138845.2994999997
4.75 4.375 855951.6141000001
5.25 4.375 162502.93149999998
5.75 4.375 344253.61779999995
6.25 4.375 199584.3843
6.75 4.375 35013.61140000001
7.25 4.375 2063.195
7.75 4.375 0.0001
8.25 4.375 0.0
8.75 4.375 0.0
0.25 4.625 0.0
0.75 4.625 0.0
1.25 4.625 0.0
1.75 4.625 0.0
2.25 4.625 2571052.0164000005
2.75 4.625 3034021.5944000003
3.25 4.625 3802556.114500001
3.75 4.625 1635585.2949
4.25 4.625 1066846.1168
4.75 4.625 1557152.8121
5.25 4.625 638173.6675
5.75 4.625 294553.37440000003
6.25 4.625 83395.8377
6.75 4.625 29769.4827
7.25 4.625 144.28239999999997
7.75 4.625 0.0057
8.25 4.625 0.0
8.75 4.625 0.0
0.25 4.875 0.0
0.75 4.875 0.0
1.25 4.875 0.0
1.75 4.875 0.0
2.25 4.875 2654716.2145
2.75 4.875 4038806.3439
3.25 4.875 3480654.742799999
3.75 4.875 1444416.846
4.25 4.875 2041815.3978000002
4.75 4.875 1610114.5136000002
5.25 4.875 843668.3787
5.75 4.875 520964.7632999999
6.25 4.875 125407.82209999998
6.75 4.875 37160.2607
7.25 4.875 285.3965
7.75 4.875 0.0
8.25 4.875 0.0
8.75 4.875 0.0
0.25 5.125 0.0
0.75 5.125 0.0
1.25 5.125 0.0
1.75 5.125 0.0
2.25 5.125 2348514.7553000003
2.75 5.125 3057775.4494999996
3.25 5.125 716009.4279
3.75 5.125 2163407.3947
4.25 5.125 1265613.8061
4.75 5.125 1005839.0395000001
5.25 5.125 632245.9434999999
5.75 5.125 151840.07890000002
6.25 5.125 76448.7124
6.75 5.125 18463.2908
7.25 5.125 169.48089999999996
7.75 5.125 0.0
8.25 5.125 0.0
8.75 5.125 0.0
0.25 5.375 0.0
0.75 5.375 0.0
1.25 5.375 0.0
1.75 5.375 0.0
2.25 5.375 2689803.7556
2.75 5.375 1755349.8802000002
3.25 5.375 3366960.8412
3.75 5.375 1905121.0462
4.25 5.375 1389396.3507000003
4.75 5.375 458260.1625
5.25 5.375 435362.6911
5.75 5.375 386051.62269999995
6.25 5.375 30926.8979
6.75 5.375 5396.202799999999
7.25 5.375 150.09609999999995
7.75 5.375 0.0
8.25 5.375 0.0
8.75 5.375 0.0
0.25 5.625 0.0
0.75 5.625 0.0
1.25 5.625 0.0
1.75 5.625 0.0
2.25 5.625 1733524.928
2.75 5.625 2223708.4126999998
3.25 5.625 1213547.1465999999
3.75 5.625 1249289.0437
4.25 5.625 859573.8304999999
4.75 5.625 757751.5738000001
5.25 5.625 563327.1449000001
5.75 5.625 37992.255300000004
6.25 5.625 36485.7705
6.75 5.625 11722.766500000002
7.25 5.625 46.50379999999999
7.75 5.625 0.0
8.25 5.625 0.0
8.75 5.625 0.0
0.25 5.875 0.0
0.75 5.875 0.0
1.25 5.875 0.0
1.75 5.875 0.0
2.25 5.875 965906.5846000001
2.75 5.875 1988967.8387999996
3.25 5.875 3188718.7413
3.75 5.875 488615.0432
4.25 5.875 930824.2362
4.75 5.875 96501.48720000002
5.25 5.875 408769.3392
5.75 5.875 91737.51000000001
6.25 5.875 29533.865100000006
6.75 5.875 865.6061000000001
7.25 5.875 6.2986
7.75 5.875 0.0
8.25 5.875 0.0
8.75 5.875 0.0
0.25 6.125 0.0
0.75 6.125 0.0
1.25 6.125 0.0
1.75 6.125 0.0
2.25 6.125 2074279.7983000006
2.75 6.125 1031686.0194999999
3.25 6.125 311942.0262
3.75 6.125 1140465.8824
4.25 6.125 726298.0408000002
4.75 6.125 475586.2982999999
5.25 6.125 300211.9454
5.75 6.125 115232.9673
6.25 6.125 4101.165599999999
6.75 6.125 1097.2658000000001
7.25 6.125 0.3338
7.75 6.125 0.0
8.25 6.125 0.0
8.75 6.125 0.0
0.25 6.375 0.0
0.75 6.375 0.0
1.25 6.375 0.0
1.75 6.375 0.0
2.25 6.375 2132734.4253000002
2.75 6.375 1384524.9135999999
3.25 6.375 376390.27629999997
3.75 6.375 997006.8388
4.25 6.375 538759.4943
4.75 6.375 309058.1549
5.25 6.375 112914.6182
5.75 6.375 126349.30110000003
6.25 6.375 41892.15469999999
6.75 6.375 582.7238
7.25 6.375 1.3259
7.75 6.375 0.0
8.25 6.375 0.0
8.75 6.375 0.0
0.25 6.625 0.0
0.75 6.625 0.0
1.25 6.625 0.0
1.75 6.625 0.0
2.25 6.625 1041467.1665000002
2.75 6.625 404795.3466
3.25 6.625 803526.5277999999
3.75 6.625 397725.4585
4.25 6.625 378424.22219999996
4.75 6.625 396446.08800000005
5.25 6.625 144225.60160000002
5.75 6.625 38024.668099999995
6.25 6.625 20657.081399999995
6.75 6.625 189.3618
7.25 6.625 0.20669999999999997
7.75 6.625 0.0
8.25 6.625 0.0
8.75 6.625 0.0
0.25 6.875 0.0
0.75 6.875 0.0
1.25 6.875 0.0
1.75 6.875 0.0
2.25 6.875 725630.7621
2.75 6.875 1019499.1592
3.25 6.875 345434.928
3.75 6.875 228484.3292
4.25 6.875 368685.8169
4.75 6.875 181536.9428
5.25 6.875 213436.1166
5.75 6.875 46977.86860000001
6.25 6.875 18273.0021
6.75 6.875 179.80429999999998
7.25 6.875 0.0
7.75 6.875 0.0
8.25 6.875 0.0
8.75 6.875 0.0
0.25 7.125 0.0
0.75 7.125 0.0
1.25 7.125 0.0
1.75 7.125 0.0
2.25 7.125 765403.3829
2.75 7.125 1226145.8535
3.25 7.125 677677.2960000001
3.75 7.125 426421.42390000017
4.25 7.125 258808.3026
4.75 7.125 238823.95660000003
5.25 7.125 112820.56680000002
5.75 7.125 31513.0795
6.25 7.125 12276.318699999998
6.75 7.125 106.3082
7.25 7.125 0.004300000000000001
7.75 7.125 0.0
8.25 7.125 0.0
8.75 7.125 0.0
0.25 7.375 0.0
0.75 7.375 0.0
1.25 7.375 0.0
1.75 7.375 0.0
2.25 7.375 457558.6555
2.75 7.375 871383.9073000002
3.25 7.375 738877.8781999999
3.75 7.375 383268.7729999999
4.25 7.375 185985.9451
4.75 7.375 240316.7977
5.25 7.375 45326.1266
5.75 7.375 35285.331000000006
6.25 7.375 5931.7219
6.75 7.375 188.22090000000003
7.25 7.375 0.0037
7.75 7.375 0.0
8.25 7.375 0.0
8.75 7.375 0.0
0.25 7.625 0.0
0.75 7.625 0.0
1.25 7.625 0.0
1.75 7.625 0.0
2.25 7.625 420890.2232
2.75 7.625 150450.7373
3.25 7.625 339911.94500000007
3.75 7.625 532427.2951000001
4.25 7.625 162051.0057
4.75 7.625 292485.2006
5.25 7.625 182730.44939999998
5.75 7.625 31371.7
6.25 7.625 8118.910800000001
6.75 7.625 150.09870000000004
7.25 7.625 0.0006
7.75 7.625 0.0
8.25 7.625 0.0
8.75 7.625 0.0
0.25 7.875 0.0
0.75 7.875 0.0
1.25 7.875 0.0
1.75 7.875 0.0
2.25 7.875 563489.8676
2.75 7.875 452627.2996
3.25 7.875 383048.99980000005
3.75 7.875 424767.9235000001
4.25 7.875 156625.18229999996
4.75 7.875 34186.199799999995
5.25 7.875 17596.325499999995
5.75 7.875 23807.192299999995
6.25 7.875 2685.5534000000007
6.75 7.875 193.78400000000002
7.25 7.875 0.0
7.75 7.875 0.0
8.25 7.875 0.0
8.75 7.875 0.0
0.25 8.125 0.0
0.75 8.125 0.0
1.25 8.125 0.0
1.75 8.125 0.0
2.25 8.125 498237.4533
2.75 8.125 214090.5129
3.25 8.125 116846.6648
3.75 8.125 108090.4997
4.25 8.125 239717.128
4.75 8.125 145172.08580000003
5.25 8.125 23206.429900000003
5.75 8.125 17193.2716
6.25 8.125 2569.343799999999
6.75 8.125 24.6934
7.25 8.125 0.0
7.75 8.125 0.0
8.25 8.125 0.0
8.75 8.125 0.0
0.25 8.375 0.0
0.75 8.375 0.0
1.25 8.375 0.0
1.75 8.375 0.0
2.25 8.375 275245.458
2.75 8.375 487566.3272000002
3.25 8.375 451193.4836
3.75 8.375 443485.4697000001
4.25 8.375 125280.94690000002
4.75 8.375 182241.9732
5.25 8.375 43505.86119999999
5.75 8.375 22472.3541
6.25 8.375 3318.5938999999994
6.75 8.375 65.51509999999998
7.25 8.375 0.0
7.75 8.375 0.0
8.25 8.375 0.0
8.75 8.375 0.0
0.25 8.625 0.0
0.75 8.625 0.0
1.25 8.625 0.0
1.75 8.625 0.0
2.25 8.625 271428.5849
2.75 8.625 204215.04890000002
3.25 8.625 233192.88890000002
3.75 8.625 111447.30230000001
4.25 8.625 215182.4828
4.75 8.625 166478.02409999998
5.25 8.625 60052.57190000001
5.75 8.625 9016.276499999998
6.25 8.625 1181.5745000000002
6.75 8.625 8.056800000000003
7.25 8.625 0.0
7.75 8.625 0.0
8.25 8.625 0.0
8.75 8.625 0.0
0.25 8.875 0.0
0.75 8.875 0.0
1.25 8.875 0.0
1.75 8.875 0.0
2.25 8.875 467803.96709999995
2.75 8.875 190761.41790000003
3.25 8.875 281301.19789999997
3.75 8.875 181649.5399
4.25 8.875 231923.89359999995
4.75 8.875 119624.16750000001
5.25 8.875 29136.1533
5.75 8.875 7213.7612
6.25 8.875 3441.490600000001
6.75 8.875 5.870899999999999
7.25 8.875 0.0
7.75 8.875 0.0
8.25 8.875 0.0
8.75 8.875 0.0
0.25 9.125 0.0
0.75 9.125 0.0
1.25 9.125 0.0
1.75 9.125 0.0
2.25 9.125 230796.2162
2.75 9.125 278335.77989999996
3.25 9.125 258104.989
3.75 9.125 106442.75430000002
4.25 9.125 164504.55329999997
4.75 9.125 75588.8557
5.25 9.125 26533.7677
5.75 9.125 7666.347400000001
6.25 9.125 867.5837000000001
6.75 9.125 1.4892
7.25 9.125 0.0
7.75 9.125 0.0
8.25 9.125 0.0
8.75 9.125 0.0
0.25 9.375 0.0
0.75 9.375 0.0
1.25 9.375 0.0
1.75 9.375 0.0
2.25 9.375 201732.5771
2.75 9.375 269873.24620000005
3.25 9.375 198109.8757
3.75 9.375 156059.06150000004
4.25 9.375 81554.9629
4.75 9.375 90740.86619999999
5.25 9.375 17015.759299999998
5.75 9.375 3159.573
6.25 9.375 1609.1422
6.75 9.375 0.22210000000000005
7.25 9.375 0.0
7.75 9.375 0.0
8.25 9.375 0.0
8.75 9.375 0.0
0.25 9.625 0.0
0.75 9.625 0.0
1.25 9.625 0.0
1.75 9.625 0.0
2.25 9.625 404173.6969
2.75 9.625 246387.87089999998
3.25 9.625 205759.1145
3.75 9.625 127136.2289
4.25 9.625 144647.37809999997
4.75 9.625 22224.918599999997
5.25 9.625 21770.254899999996
5.75 9.625 9771.9712
6.25 9.625 1445.8321000000003
6.75 9.625 12.6119
7.25 9.625 0.0
7.75 9.625 0.0
8.25 9.625 0.0
8.75 9.625 0.0
0.25 9.875 0.0
0.75 9.875 0.0
1.25 9.875 0.0
1.75 9.875 0.0
2.25 9.875 215072.67309999999
2.75 9.875 109110.6051
3.25 9.875 59788.5067
3.75 9.875 124300.69909999998
4.25 9.875 60842.6267
4.75 9.875 37147.58260000001
5.25 9.875 25995.4893
5.75 9.875 4740.3219
6.25 9.875 705.6429
6.75 9.875 0.0206
7.25 9.875 0.0
7.75 9.875 0.0
8.25 9.875 0.0
8.75 9.875 0.0
0.25 10.125 0.0
0.75 10.125 0.0
1.25 10.125 0.0
1.75 10.125 0.0
2.25 10.125 140057.21329999997
2.75 10.125 115389.5765
3.25 10.125 149961.32280000002
3.75 10.125 106515.0123
4.25 10.125 128692.65570000002
4.75 10.125 86056.9269
5.25 10.125 27621.311300000005
5.75 10.125 7301.6931
6.25 10.125 446.3669
6.75 10.125 0.2844000000000001
7.25 10.125 0.0
7.75 10.125 0.0
8.25 10.125 0.0
8.75 10.125 0.0
0.25 10.375 0.0
0.75 10.375 0.0
1.25 10.375 0.0
1.75 10.375 0.0
2.25 10.375 198962.5147
2.75 10.375 139626.095
3.25 10.375 61152.002
3.75 10.375 171952.36899999998
4.25 10.375 127988.90070000001
4.75 10.375 58368.568
5.25 10.375 7232.116899999999
5.75 10.375 1837.3044
6.25 10.375 355.0242
6.75 10.375 0.23150000000000004
7.25 10.375 0.0
7.75 10.375 0.0
8.25 10.375 0.0
8.75 10.375 0.0
0.25 10.625 0.0
0.75 10.625 0.0
1.25 10.625 0.0
1.75 10.625 0.0
2.25 10.625 89774.1893
2.75 10.625 71830.51860000001
3.25 10.625 160164.94359999994
3.75 10.625 98362.94129999999
4.25 10.625 53760.128300000004
4.75 10.625 41792.8297
5.25 10.625 16092.0903
5.75 10.625 4839.056399999999
6.25 10.625 216.65589999999997
6.75 10.625 0.1827
7.25 10.625 0.0
7.75 10.625 0.0
8.25 10.625 0.0
8.75 10.625 0.0
0.25 10.875 0.0
0.75 10.875 0.0
1.25 10.875 0.0
1.75 10.875 0.0
2.25 10.875 168073.37299999996
2.75 10.875 97837.33660000001
3.25 10.875 107874.9578
3.75 10.875 79065.76980000001
4.25 10.875 102075.14650000002
4.75 10.875 28109.8672
5.25 10.875 8954.001399999997
5.75 10.875 3774.9404000000004
6.25 10.875 251.8598
6.75 10.875 0.4064
7.25 10.875 0.0
7.75 10.875 0.0
8.25 10.875 0.0
8.75 10.875 0.0
0.25 11.125 0.0
0.75 11.125 0.0
1.25 11.125 0.0
1.75 11.125 0.0
2.25 11.125 91635.6165
2.75 11.125 199227.82400000002
3.25 11.125 105147.05190000002
3.75 11.125 74288.6902
4.25 11.125 61233.979400000004
4.75 11.125 29938.7299
5.25 11.125 7313.387299999999
5.75 11.125 3362.0934
6.25 11.125 223.3155
6.75 11.125 0.0404
7.25 11.125 0.0
7.75 11.125 0.0
8.25 11.125 0.0
8.75 11.125 0.0
0.25 11.375 0.0
0.75 11.375 0.0
1.25 11.375 0.0
1.75 11.375 0.0
2.25 11.375 46285.4928
2.75 11.375 71965.52930000001
3.25 11.375 53452.5657
3.75 11.375 70714.30179999999
4.25 11.375 61397.61179999999
4.75 11.375 38403.1603
5.25 11.375 19464.524100000002
5.75 11.375 2537.1657999999998
6.25 11.375 150.6827
6.75 11.375 0.057300000000000004
7.25 11.375 0.0
7.75 11.375 0.0
8.25 11.375 0.0
8.75 11.375 0.0
0.25 11.625 0.0
0.75 11.625 0.0
1.25 11.625 0.0
1.75 11.625 0.0
2.25 11.625 111773.3734
2.75 11.625 122466.1694
3.25 11.625 131902.10939999996
3.75 11.625 64670.022699999994
4.25 11.625 38804.8838
4.75 11.625 16125.590400000001
5.25 11.625 8129.4396
5.75 11.625 966.6757
6.25 11.625 122.0012
6.75 11.625 0.0
7.25 11.625 0.0
7.75 11.625 0.0
8.25 11.625 0.0
8.75 11.625 0.0
0.25 11.875 0.0
0.75 11.875 0.0
1.25 11.875 0.0
1.75 11.875 0.0
2.25 11.875 70608.38239999999
2.75 11.875 92508.29810000001
3.25 11.875 123096.37930000002
3.75 11.875 53098.9734
4.25 11.875 27270.3892
4.75 11.875 15659.423299999999
5.25 11.875 11331.795699999999
5.75 11.875 855.9112
6.25 11.875 16.799799999999998
6.75 11.875 0.06880000000000001
7.25 11.875 0.0
7.75 11.875 0.0
8.25 11.875 0.0
8.75 11.875 0.0
0.25 12.125 0.0
0.75 12.125 0.0
1.25 12.125 0.0
1.75 12.125 0.0
2.25 12.125 154670.9289
2.75 12.125 145714.0617
3.25 12.125 165276.4329
3.75 12.125 47501.9613
4.25 12.125 57315.3362
4.75 12.125 18717.2108
5.25 12.125 4430.987799999999
5.75 12.125 2543.2255000000005
6.25 12.125 30.007200000000005
6.75 12.125 0.0
7.25 12.125 0.0
7.75 12.125 0.0
8.25 12.125 0.0
8.75 12.125 0.0
0.25 12.375 0.0
0.75 12.375 0.0
1.25 12.375 0.0
1.75 12.375 0.0
2.25 12.375 194173.02859999996
2.75 12.375 98494.16570000001
3.25 12.375 71268.65040000001
3.75 12.375 73783.5005
4.25 12.375 27428.9224
4.75 12.375 20864.1314
5.25 12.375 3756.8096
5.75 12.375 1635.1634000000001
6.25 12.375 70.80300000000001
6.75 12.375 0.0083
7.25 12.375 0.0
7.75 12.375 0.0
8.25 12.375 0.0
8.75 12.375 0.0
0.25 12.625 0.0
0.75 12.625 0.0
1.25 12.625 0.0
1.75 12.625 0.0
2.25 12.625 79298.6927
2.75 12.625 46431.037200000006
3.25 12.625 16241.474000000002
3.75 12.625 54509.1369
4.25 12.625 15130.030599999998
4.75 12.625 16884.823500000002
5.25 12.625 7363.7039
5.75 12.625 199.51160000000002
6.25 12.625 32.7475
6.75 12.625 0.0004
7.25 12.625 0.0
7.75 12.625 0.0
8.25 12.625 0.0
8.75 12.625 0.0
0.25 12.875 0.0
0.75 12.875 0.0
1.25 12.875 0.0
1.75 12.875 0.0
2.25 12.875 103983.32589999998
2.75 12.875 70264.19050000001
3.25 12.875 47417.87590000001
3.75 12.875 42461.5551
4.25 12.875 32921.4341
4.75 12.875 20213.615800000003
5.25 12.875 3624.4078000000004
5.75 12.875 217.72859999999997
6.25 12.875 21.814100000000003
6.75 12.875 0.0001
7.25 12.875 0.0
7.75 12.875 0.0
8.25 12.875 0.0
8.75 12.875 0.0
0.25 13.125 0.0
0.75 13.125 0.0
1.25 13.125 0.0
1.75 13.125 0.0
2.25 13.125 99394.88889999999
2.75 13.125 36219.626500000006
3.25 13.125 29387.6087
3.75 13.125 37531.29560000001
4.25 13.125 11439.9234
4.75 13.125 12400.529
5.25 13.125 4732.7571
5.75 13.125 956.7335999999999
6.25 13.125 3.572800000000001
6.75 13.125 0.0
7.25 13.125 0.0
7.75 13.125 0.0
8.25 13.125 0.0
8.75 13.125 0.0
0.25 13.375 0.0
0.75 13.375 0.0
1.25 13.375 0.0
1.75 13.375 0.0
2.25 13.375 55490.001000000004
2.75 13.375 45531.65619999999
3.25 13.375 40890.30990000001
3.75 13.375 35797.8444
4.25 13.375 17526.0457
4.75 13.375 9462.656399999998
5.25 13.375 3733.0822000000003
5.75 13.375 510.2300999999999
6.25 13.375 2.3628
6.75 13.375 0.0
7.25 13.375 0.0
7.75 13.375 0.0
8.25 13.375 0.0
8.75 13.375 0.0
0.25 13.625 0.0
0.75 13.625 0.0
1.25 13.625 0.0
1.75 13.625 0.0
2.25 13.625 60015.64519999999
2.75 13.625 7842.1275000000005
3.25 13.625 45574.70560000001
3.75 13.625 35209.52849999999
4.25 13.625 20404.093500000003
4.75 13.625 4103.6865
5.25 13.625 2098.501
5.75 13.625 447.79190000000006
6.25 13.625 3.9405000000000006
6.75 13.625 0.0
7.25 13.625 0.0
7.75 13.625 0.0
8.25 13.625 0.0
8.75 13.625 0.0
0.25 13.875 0.0
0.75 13.875 0.0
1.25 13.875 0.0
1.75 13.875 0.0
2.25 13.875 34142.9967
2.75 13.875 17741.0413
3.25 13.875 29341.0903
3.75 13.875 12692.9727
4.25 13.875 8163.657700000002
4.75 13.875 13347.463999999996
5.25 13.875 4019.3056
5.75 13.875 793.9524999999999
6.25 13.875 10.2887
6.75 13.875 0.0
7.25 13.875 0.0
7.75 13.875 0.0
8.25 13.875 0.0
8.75 13.875 0.0
0.25 14.125 0.0
0.75 14.125 0.0
1.25 14.125 0.0
1.75 14.125 0.0
2.25 14.125 73651.83009999999
2.75 14.125 40904.4889
3.25 14.125 35755.990699999995
3.75 14.125 32561.82
4.25 14.125 22089.2411
4.75 14.125 10467.963600000001
5.25 14.125 2177.3593000000005
5.75 14.125 163.61849999999998
6.25 14.125 5.272900000000002
6.75 14.125 0.0
7.25 14.125 0.0
7.75 14.125 0.0
8.25 14.125 0.0
8.75 14.125 0.0
0.25 14.375 0.0
0.75 14.375 0.0
1.25 14.375 0.0
1.75 14.375 0.0
2.25 14.375 3380.5385
2.75 14.375 36624.61490000001
3.25 14.375 18454.568400000004
3.75 14.375 24810.227999999996
4.25 14.375 16846.446600000003
4.75 14.375 6780.3886999999995
5.25 14.375 2997.4427
5.75 14.375 510.14219999999995
6.25 14.375 7.172200000000001
6.75 14.375 0.0
7.25 14.375 0.0
7.75 14.375 0.0
8.25 14.375 0.0
8.75 14.375 0.0
0.25 14.625 0.0
0.75 14.625 0.0
1.25 14.625 0.0
1.75 14.625 0.0
2.25 14.625 19696.438000000002
2.75 14.625 53088.362
3.25 14.625 20515.4429
3.75 14.625 25213.102300000002
4.25 14.625 25884.875699999997
4.75 14.625 7711.5098
5.25 14.625 1127.6383
5.75 14.625 353.468
6.25 14.625 2.3138
6.75 14.625 0.0
7.25 14.625 0.0
7.75 14.625 0.0
8.25 14.625 0.0
8.75 14.625 0.0
0.25 14.875 0.0
0.75 14.875 0.0
1.25 14.875 0.0
1.75 14.875 0.0
2.25 14.875 10073.7092
2.75 14.875 27541.693
3.25 14.875 43071.64880000001
3.75 14.875 28466.471
4.25 14.875 17610.3748
4.75 14.875 9124.7966
5.25 14.875 1890.5749000000003
5.75 14.875 39.195100000000004
6.25 14.875 0.029
6.75 14.875 0.0
7.25 14.875 0.0
7.75 14.875 0.0
8.25 14.875 0.0
8.75 14.875 0.0
0.25 15.125 0.0
0.75 15.125 0.0
1.25 15.125 0.0
1.75 15.125 0.0
2.25 15.125 47942.7823
2.75 15.125 38424.88139999999
3.25 15.125 22234.6188
3.75 15.125 18700.705599999998
4.25 15.125 12503.110700000001
4.75 15.125 2009.6811000000002
5.25 15.125 1653.2902000000001
5.75 15.125 178.71650000000002
6.25 15.125 1.5737000000000003
6.75 15.125 0.0
7.25 15.125 0.0
7.75 15.125 0.0
8.25 15.125 0.0
8.75 15.125 0.0
0.25 15.375 0.0
0.75 15.375 0.0
1.25 15.375 0.0
1.75 15.375 0.0
2.25 15.375 14814.013199999998
2.75 15.375 25933.7739
3.25 15.375 41856.7036
3.75 15.375 7533.5313
4.25 15.375 5761.9277
4.75 15.375 2307.4305
5.25 15.375 906.6825999999999
5.75 15.375 79.7635
6.25 15.375 0.889
6.75 15.375 0.0
7.25 15.375 0.0
7.75 15.375 0.0
8.25 15.375 0.0
8.75 15.375 0.0
0.25 15.625 0.0
0.75 15.625 0.0
1.25 15.625 0.0
1.75 15.625 0.0
2.25 15.625 46226.2176
2.75 15.625 18376.9393
3.25 15.625 25290.5328
3.75 15.625 18526.768
4.25 15.625 8181.9075
4.75 15.625 6394.634800000002
5.25 15.625 825.4993999999999
5.75 15.625 99.1224
6.25 15.625 1.3631000000000002
6.75 15.625 0.0
7.25 15.625 0.0
7.75 15.625 0.0
8.25 15.625 0.0
8.75 15.625 0.0
0.25 15.875 0.0
0.75 15.875 0.0
1.25 15.875 0.0
1.75 15.875 0.0
2.25 15.875 35925.654
2.75 15.875 24798.069299999996
3.25 15.875 54225.990699999995
3.75 15.875 24130.306300000004
4.25 15.875 12029.433799999999
4.75 15.875 5602.3718
5.25 15.875 891.5659
5.75 15.875 62.625099999999996
6.25 15.875 0.6427
6.75 15.875 0.0
7.25 15.875 0.0
7.75 15.875 0.0
8.25 15.875 0.0
8.75 15.875 0.0
0.25 16.125 0.0
0.75 16.125 0.0
1.25 16.125 0.0
1.75 16.125 0.0
2.25 16.125 35372.1761
2.75 16.125 32441.5493
3.25 16.125 16462.691600000002
3.75 16.125 14188.952000000003
4.25 16.125 5436.3668
4.75 16.125 4594.2608
5.25 16.125 459.9615
5.75 16.125 116.12030000000001
6.25 16.125 0.0383
6.75 16.125 0.0
7.25 16.125 0.0
7.75 16.125 0.0
8.25 16.125 0.0
8.75 16.125 0.0
0.25 16.375 0.0
0.75 16.375 0.0
1.25 16.375 0.0
1.75 16.375 0.0
2.25 16.375 18874.7854
2.75 16.375 21286.831500000004
3.25 16.375 38593.7234
3.75 16.375 14606.1945
4.25 16.375 9948.6457
4.75 16.375 3983.682800000001
5.25 16.375 435.71430000000004
5.75 16.375 52.86830000000001
6.25 16.375 0.06020000000000001
6.75 16.375 0.0
7.25 16.375 0.0
7.75 16.375 0.0
8.25 16.375 0.0
8.75 16.375 0.0
0.25 16.625 0.0
0.75 16.625 0.0
1.25 16.625 0.0
1.75 16.625 0.0
2.25 16.625 20338.8308
2.75 16.625 30606.736799999995
3.25 16.625 7465.0695
3.75 16.625 7466.1125
4.25 16.625 2944.7721
4.75 16.625 3129.2604999999994
5.25 16.625 793.3277
5.75 16.625 3.9658
6.25 16.625 0.20959999999999998
6.75 16.625 0.0
7.25 16.625 0.0
7.75 16.625 0.0
8.25 16.625 0.0
8.75 16.625 0.0
0.25 16.875 0.0
0.75 16.875 0.0
1.25 16.875 0.0
1.75 16.875 0.0
2.25 16.875 6457.0063
2.75 16.875 27935.5253
3.25 16.875 30623.806900000003
3.75 16.875 7769.1621
4.25 16.875 5793.6630000000005
4.75 16.875 1491.9692
5.25 16.875 619.6755
5.75 16.875 106.70609999999999
6.25 16.875 0.18069999999999997
6.75 16.875 0.0
7.25 16.875 0.0
7.75 16.875 0.0
8.25 16.875 0.0
8.75 16.875 0.0
0.25 17.125 0.0
0.75 17.125 0.0
1.25 17.125 0.0
1.75 17.125 0.0
2.25 17.125 8979.8759
2.75 17.125 33830.7263
3.25 17.125 16589.5568
3.75 17.125 17039.499399999997
4.25 17.125 5312.7096
4.75 17.125 2511.8023
5.25 17.125 285.0209
5.75 17.125 29.3969
6.25 17.125 0.044500000000000005
6.75 17.125 0.0
7.25 17.125 0.0
7.75 17.125 0.0
8.25 17.125 0.0
8.75 17.125 0.0
0.25 17.375 0.0
0.75 17.375 0.0
1.25 17.375 0.0
1.75 17.375 0.0
2.25 17.375 40636.557199999996
2.75 17.375 19834.7665
3.25 17.375 18418.4522
3.75 17.375 16435.796299999998
4.25 17.375 5643.3946
4.75 17.375 1315.394
5.25 17.375 768.3602
5.75 17.375 23.169600000000003
6.25 17.375 0.0024
6.75 17.375 0.0
7.25 17.375 0.0
7.75 17.375 0.0
8.25 17.375 0.0
8.75 17.375 0.0
0.25 17.625 0.0
0.75 17.625 0.0
1.25 17.625 0.0
1.75 17.625 0.0
2.25 17.625 14777.430900000001
2.75 17.625 14965.473399999999
3.25 17.625 18216.575699999998
3.75 17.625 5441.506299999999
4.25 17.625 2738.9828
4.75 17.625 1741.7814
5.25 17.625 561.1512
5.75 17.625 59.5191
6.25 17.625 0.0091
6.75 17.625 0.0
7.25 17.625 0.0
7.75 17.625 0.0
8.25 17.625 0.0
8.75 17.625 0.0
0.25 17.875 0.0
0.75 17.875 0.0
1.25 17.875 0.0
1.75 17.875 0.0
2.25 17.875 35737.94969999999
2.75 17.875 19424.6685
3.25 17.875 14041.869799999997
3.75 17.875 5026.6085
4.25 17.875 6235.1449
4.75 17.875 1671.5185
5.25 17.875 295.44999999999993
5.75 17.875 4.2915
6.25 17.875 0.02
6.75 17.875 0.0
7.25 17.875 0.0
7.75 17.875 0.0
8.25 17.875 0.0
8.75 17.875 0.0
0.25 18.125 0.0
0.75 18.125 0.0
1.25 18.125 0.0
1.75 18.125 0.0
2.25 18.125 12590.460200000001
2.75 18.125 5370.8664
3.25 18.125 3154.2123
3.75 18.125 9485.348000000002
4.25 18.125 1671.8415
4.75 18.125 2488.2441999999996
5.25 18.125 835.5265999999999
5.75 18.125 19.276799999999998
6.25 18.125 0.0049
6.75 18.125 0.0
7.25 18.125 0.0
7.75 18.125 0.0
8.25 18.125 0.0
8.75 18.125 0.0
0.25 18.375 0.0
0.75 18.375 0.0
1.25 18.375 0.0
1.75 18.375 0.0
2.25 18.375 30077.519600000003
2.75 18.375 21273.4563
3.25 18.375 13632.119499999997
3.75 18.375 4865.2322
4.25 18.375 4324.346
4.75 18.375 2053.038
5.25 18.375 843.5508999999998
5.75 18.375 20.735
6.25 18.375 0.0003
6.75 18.375 0.0
7.25 18.375 0.0
7.75 18.375 0.0
8.25 18.375 0.0
8.75 18.375 0.0
0.25 18.625 0.0
0.75 18.625 0.0
1.25 18.625 0.0
1.75 18.625 0.0
2.25 18.625 12240.3648
2.75 18.625 10150.6627
3.25 18.625 1162.9956
3.75 18.625 6926.7011
4.25 18.625 6072.612799999999
4.75 18.625 2803.1544
5.25 18.625 272.5322
5.75 18.625 1.3672
6.25 18.625 0.03150000000000001
6.75 18.625 0.0
7.25 18.625 0.0
7.75 18.625 0.0
8.25 18.625 0.0
8.75 18.625 0.0
0.25 18.875 0.0
0.75 18.875 0.0
1.25 18.875 0.0
1.75 18.875 0.0
2.25 18.875 8141.577
2.75 18.875 13938.483399999997
3.25 18.875 22520.817300000002
3.75 18.875 6142.6611
4.25 18.875 4123.0284
4.75 18.875 2065.6504999999997
5.25 18.875 764.5198999999999
5.75 18.875 10.5573
6.25 18.875 0.0009
6.75 18.875 0.0
7.25 18.875 0.0
7.75 18.875 0.0
8.25 18.875 0.0
8.75 18.875 0.0
0.25 19.125 0.0
0.75 19.125 0.0
1.25 19.125 0.0
1.75 19.125 0.0
2.25 19.125 13967.797900000001
2.75 19.125 9106.9613
3.25 19.125 10060.3253
3.75 19.125 8745.2225
4.25 19.125 3005.5329
4.75 19.125 1823.0095999999999
5.25 19.125 103.57629999999999
5.75 19.125 23.927899999999994
6.25 19.125 0.0
6.75 19.125 0.0
7.25 19.125 0.0
7.75 19.125 0.0
8.25 19.125 0.0
8.75 19.125 0.0
0.25 19.375 0.0
0.75 19.375 0.0
1.25 19.375 0.0
1.75 19.375 0.0
2.25 19.375 19166.928
2.75 19.375 9530.7152
3.25 19.375 3901.88
3.75 19.375 6774.3547
4.25 19.375 1415.1393999999998
4.75 19.375 1485.8303999999998
5.25 19.375 332.1398
5.75 19.375 8.8262
6.25 19.375 0.0109
6.75 19.375 0.0
7.25 19.375 0.0
7.75 19.375 0.0
8.25 19.375 0.0
8.75 19.375 0.0
0.25 19.625 0.0
0.75 19.625 0.0
1.25 19.625 0.0
1.75 19.625 0.0
2.25 19.625 11968.0961
2.75 19.625 13119.021999999999
3.25 19.625 2256.9402999999998
3.75 19.625 4340.674
4.25 19.625 3196.4379
4.75 19.625 755.8546
5.25 19.625 136.6854
5.75 19.625 17.4727
6.25 19.625 0.0
6.75 19.625 0.0
7.25 19.625 0.0
7.75 19.625 0.0
8.25 19.625 0.0
8.75 19.625 0.0
0.25 19.875 0.0
0.75 19.875 0.0
1.25 19.875 0.0
1.75 19.875 0.0
2.25 19.875 7176.6213
2.75 19.875 1249.2748
3.25 19.875 4655.3243
3.75 19.875 4016.4457
4.25 19.875 325.4916
4.75 19.875 1708.6178
5.25 19.875 202.20809999999997
5.75 19.875 10.0726
6.25 19.875 0.0009
6.75 19.875 0.0
7.25 19.875 0.0
7.75 19.875 0.0
8.25 19.875 0.0
8.75 19.875 0.0
0.25 20.125 0.0
0.75 20.125 0.0
1.25 20.125 0.0
1.75 20.125 0.0
2.25 20.125 4448.987
2.75 20.125 14444.644100000001
3.25 20.125 8791.238599999999
3.75 20.125 2577.6061
4.25 20.125 3954.6523
4.75 20.125 644.618
5.25 20.125 55.926399999999994
5.75 20.125 15.1911
6.25 20.125 0.002
6.75 20.125 0.0
7.25 20.125 0.0
7.75 20.125 0.0
8.25 20.125 0.0
8.75 20.125 0.0
0.25 20.375 0.0
0.75 20.375 0.0
1.25 20.375 0.0
1.75 20.375 0.0
2.25 20.375 6761.0662
2.75 20.375 9283.4137
3.25 20.375 2954.6425999999997
3.75 20.375 4945.0034
4.25 20.375 1794.4864000000002
4.75 20.375 473.08019999999993
5.25 20.375 141.3228
5.75 20.375 2.0223999999999998
6.25 20.375 0.0015
6.75 20.375 0.0
7.25 20.375 0.0
7.75 20.375 0.0
8.25 20.375 0.0
8.75 20.375 0.0
0.25 20.625 0.0
0.75 20.625 0.0
1.25 20.625 0.0
1.75 20.625 0.0
2.25 20.625 9904.114000000001
2.75 20.625 4786.3029
3.25 20.625 2576.155
3.75 20.625 1519.3851
4.25 20.625 1748.7898
4.75 20.625 347.2701
5.25 20.625 141.6863
5.75 20.625 1.6128
6.25 20.625 0.0001
6.75 20.625 0.0
7.25 20.625 0.0
7.75 20.625 0.0
8.25 20.625 0.0
8.75 20.625 0.0
0.25 20.875 0.0
0.75 20.875 0.0
1.25 20.875 0.0
1.75 20.875 0.0
2.25 20.875 9906.8785
2.75 20.875 8757.8227
3.25 20.875 6899.2285999999995
3.75 20.875 3413.9708999999993
4.25 20.875 4436.9016
4.75 20.875 786.6924
5.25 20.875 141.0328
5.75 20.875 3.7497000000000003
6.25 20.875 0.0
6.75 20.875 0.0
7.25 20.875 0.0
7.75 20.875 0.0
8.25 20.875 0.0
8.75 20.875 0.0
0.25 21.125 0.0
0.75 21.125 0.0
1.25 21.125 0.0
1.75 21.125 0.0
2.25 21.125 12968.7669
2.75 21.125 3972.7317999999996
3.25 21.125 4802.1656
3.75 21.125 1562.1342
4.25 21.125 1779.5294999999999
4.75 21.125 379.61929999999995
5.25 21.125 44.7181
5.75 21.125 3.7532000000000005
6.25 21.125 0.0
6.75 21.125 0.0
7.25 21.125 0.0
7.75 21.125 0.0
8.25 21.125 0.0
8.75 21.125 0.0
0.25 21.375 0.0
0.75 21.375 0.0
1.25 21.375 0.0
1.75 21.375 0.0
2.25 21.375 12326.459500000003
2.75 21.375 4913.2429999999995
3.25 21.375 4186.4343
3.75 21.375 5774.2222
4.25 21.375 2143.4959
4.75 21.375 1005.4425
5.25 21.375 195.39280000000002
5.75 21.375 1.8134
6.25 21.375 0.0
6.75 21.375 0.0
7.25 21.375 0.0
7.75 21.375 0.0
8.25 21.375 0.0
8.75 21.375 0.0
0.25 21.625 0.0
0.75 21.625 0.0
1.25 21.625 0.0
1.75 21.625 0.0
2.25 21.625 5737.8449
2.75 21.625 3483.631
3.25 21.625 1471.0537
3.75 21.625 650.8131999999999
4.25 21.625 415.0673
4.75 21.625 412.19769999999994
5.25 21.625 6.3305
5.75 21.625 4.058299999999999
6.25 21.625 0.0
6.75 21.625 0.0
7.25 21.625 0.0
7.75 21.625 0.0
8.25 21.625 0.0
8.75 21.625 0.0
0.25 21.875 0.0
0.75 21.875 0.0
1.25 21.875 0.0
1.75 21.875 0.0
2.25 21.875 2374.9919999999997
2.75 21.875 8235.5288
3.25 21.875 1138.8236
3.75 21.875 2844.9218
4.25 21.875 698.1633999999999
4.75 21.875 755.9915
5.25 21.875 55.67309999999999
5.75 21.875 0.769
6.25 21.875 0.0
6.75 21.875 0.0
7.25 21.875 0.0
7.75 21.875 0.0
8.25 21.875 0.0
8.75 21.875 0.0
0.25 22.125 0.0
0.75 22.125 0.0
1.25 22.125 0.0
1.75 22.125 0.0
2.25 22.125 19499.670200000004
2.75 22.125 6364.464900000001
3.25 22.125 2598.8846
3.75 22.125 940.9471
4.25 22.125 0.0
4.75 22.125 902.2777
5.25 22.125 42.6706
5.75 22.125 4.133500000000001
6.25 22.125 0.0
6.75 22.125 0.0
7.25 22.125 0.0
7.75 22.125 0.0
8.25 22.125 0.0
8.75 22.125 0.0
0.25 22.375 0.0
0.75 22.375 0.0
1.25 22.375 0.0
1.75 22.375 0.0
2.25 22.375 0.0
2.75 22.375 6570.7779
3.25 22.375 3032.2309999999998
3.75 22.375 1239.9895000000001
4.25 22.375 567.1161999999999
4.75 22.375 636.921
5.25 22.375 121.00550000000001
5.75 22.375 2.7543
6.25 22.375 0.0
6.75 22.375 0.0
7.25 22.375 0.0
7.75 22.375 0.0
8.25 22.375 0.0
8.75 22.375 0.0
0.25 22.625 0.0
0.75 22.625 0.0
1.25 22.625 0.0
1.75 22.625 0.0
2.25 22.625 7203.883899999999
2.75 22.625 4594.2159
3.25 22.625 3552.5815
3.75 22.625 1342.7545
4.25 22.625 335.3393
4.75 22.625 580.1925000000001
5.25 22.625 39.499300000000005
5.75 22.625 0.7454
6.25 22.625 0.0
6.75 22.625 0.0
7.25 22.625 0.0
7.75 22.625 0.0
8.25 22.625 0.0
8.75 22.625 0.0
0.25 22.875 0.0
0.75 22.875 0.0
1.25 22.875 0.0
1.75 22.875 0.0
2.25 22.875 9296.2946
2.75 22.875 1791.1517
3.25 22.875 1271.4651
3.75 22.875 709.6997
4.25 22.875 1523.7929000000001
4.75 22.875 238.99030000000002
5.25 22.875 8.6961
5.75 22.875 3.2058000000000004
6.25 22.875 0.0
6.75 22.875 0.0
7.25 22.875 0.0
7.75 22.875 0.0
8.25 22.875 0.0
8.75 22.875 0.0
0.25 23.125 0.0
0.75 23.125 0.0
1.25 23.125 0.0
1.75 23.125 0.0
2.25 23.125 1117.177
2.75 23.125 5233.686600000001
3.25 23.125 4075.9448999999995
3.75 23.125 1089.0833
4.25 23.125 674.0695
4.75 23.125 224.1003
5.25 23.125 33.1189
5.75 23.125 0.43820000000000003
6.25 23.125 0.0
6.75 23.125 0.0
7.25 23.125 0.0
7.75 23.125 0.0
8.25 23.125 0.0
8.75 23.125 0.0
0.25 23.375 0.0
0.75 23.375 0.0
1.25 23.375 0.0
1.75 23.375 0.0
2.25 23.375 7278.218000000001
2.75 23.375 922.6837
3.25 23.375 6074.8687
3.75 23.375 1447.4088
4.25 23.375 645.5217
4.75 23.375 400.69129999999996
5.25 23.375 43.2174
5.75 23.375 0.8513000000000001
6.25 23.375 0.0
6.75 23.375 0.0
7.25 23.375 0.0
7.75 23.375 0.0
8.25 23.375 0.0
8.75 23.375 0.0
0.25 23.625 0.0
0.75 23.625 0.0
1.25 23.625 0.0
1.75 23.625 0.0
2.25 23.625 2087.5362999999998
2.75 23.625 5476.3866
3.25 23.625 3217.5483
3.75 23.625 1298.2262
4.25 23.625 1184.6598000000001
4.75 23.625 233.48219999999998
5.25 23.625 37.61900000000001
5.75 23.625 1.3411000000000002
6.25 23.625 0.0
6.75 23.625 0.0
7.25 23.625 0.0
7.75 23.625 0.0
8.25 23.625 0.0
8.75 23.625 0.0
0.25 23.875 0.0
0.75 23.875 0.0
1.25 23.875 0.0
1.75 23.875 0.0
2.25 23.875 6186.120899999999
2.75 23.875 2177.5058
3.25 23.875 578.4413
3.75 23.875 1130.9546999999998
4.25 23.875 342.3891
4.75 23.875 224.59820000000002
5.25 23.875 16.5139
5.75 23.875 0.0776
6.25 23.875 0.0
6.75 23.875 0.0
7.25 23.875 0.0
7.75 23.875 0.0
8.25 23.875 0.0
8.75 23.875 0.0
0.25 24.125 0.0
0.75 24.125 0.0
1.25 24.125 0.0
1.75 24.125 0.0
2.25 24.125 4705.2058
2.75 24.125 1997.7878999999998
3.25 24.125 2222.7361
3.75 24.125 1049.4045
4.25 24.125 532.605
4.75 24.125 212.3572
5.25 24.125 23.0564
5.75 24.125 0.1822
6.25 24.125 0.0
6.75 24.125 0.0
7.25 24.125 0.0
7.75 24.125 0.0
8.25 24.125 0.0
8.75 24.125 0.0
0.25 24.375 0.0
0.75 24.375 0.0
1.25 24.375 0.0
1.75 24.375 0.0
2.25 24.375 6383.8814999999995
2.75 24.375 1540.526
3.25 24.375 0.0
3.75 24.375 793.9069999999999
4.25 24.375 259.0022
4.75 24.375 180.7781
5.25 24.375 20.3069
5.75 24.375 0.3686
6.25 24.375 0.0
6.75 24.375 0.0
7.25 24.375 0.0
7.75 24.375 0.0
8.25 24.375 0.0
8.75 24.375 0.0
0.25 24.625 0.0
0.75 24.625 0.0
1.25 24.625 0.0
1.75 24.625 0.0
2.25 24.625 2103.8306
2.75 24.625 751.7914999999999
3.25 24.625 1443.9698
3.75 24.625 1340.594
4.25 24.625 572.8551
4.75 24.625 188.4201
5.25 24.625 14.5167
5.75 24.625 0.11
6.25 24.625 0.0
6.75 24.625 0.0
7.25 24.625 0.0
7.75 24.625 0.0
8.25 24.625 0.0
8.75 24.625 0.0
0.25 24.875 0.0
0.75 24.875 0.0
1.25 24.875 0.0
1.75 24.875 0.0
2.25 24.875 0.0
2.75 24.875 1780.7053
3.25 24.875 623.4136
3.75 24.875 433.5048
4.25 24.875 436.54540000000003
4.75 24.875 187.8239
5.25 24.875 12.661
5.75 24.875 0.11930000000000002
6.25 24.875 0.0
6.75 24.875 0.0
7.25 24.875 0.0
7.75 24.875 0.0
8.25 24.875 0.0
8.75 24.875 0.0
0.25 25.125 0.0
0.75 25.125 0.0
1.25 25.125 0.0
1.75 25.125 0.0
2.25 25.125 1117.177
2.75 25.125 3775.3768
3.25 25.125 667.1684
3.75 25.125 338.88349999999997
4.25 25.125 0.0
4.75 25.125 101.50710000000001
5.25 25.125 0.0
5.75 25.125 0.12170000000000002
6.25 25.125 0.0
6.75 25.125 0.0
7.25 25.125 0.0
7.75 25.125 0.0
8.25 25.125 0.0
8.75 25.125 0.0
0.25 25.375 0.0
0.75 25.375 0.0
1.25 25.375 0.0
1.75 25.375 0.0
2.25 25.375 905.6493
2.75 25.375 3177.5906
3.25 25.375 483.8298
3.75 25.375 0.0
4.25 25.375 157.6609
4.75 25.375 53.92509999999999
5.25 25.375 0.0
5.75 25.375 0.2734
6.25 25.375 0.0
6.75 25.375 0.0
7.25 25.375 0.0
7.75 25.375 0.0
8.25 25.375 0.0
8.75 25.375 0.0
0.25 25.625 0.0
0.75 25.625 0.0
1.25 25.625 0.0
1.75 25.625 0.0
2.25 25.625 0.0
2.75 25.625 1576.7575
3.25 25.625 1258.3656
3.75 25.625 1185.8015
4.25 25.625 154.48999999999998
4.75 25.625 57.293099999999995
5.25 25.625 24.297600000000003
5.75 25.625 0.2698
6.25 25.625 0.0
6.75 25.625 0.0
7.25 25.625 0.0
7.75 25.625 0.0
8.25 25.625 0.0
8.75 25.625 0.0
0.25 25.875 0.0
0.75 25.875 0.0
1.25 25.875 0.0
1.75 25.875 0.0
2.25 25.875 0.0
2.75 25.875 3271.5119999999997
3.25 25.875 0.0
3.75 25.875 722.2726
4.25 25.875 526.0774
4.75 25.875 0.0
5.25 25.875 6.964300000000001
5.75 25.875 0.057100000000000005
6.25 25.875 0.0
6.75 25.875 0.0
7.25 25.875 0.0
7.75 25.875 0.0
8.25 25.875 0.0
8.75 25.875 0.0
0.25 26.125 0.0
0.75 26.125 0.0
1.25 26.125 0.0
1.75 26.125 0.0
2.25 26.125 0.0
2.75 26.125 0.0
3.25 26.125 755.4453
3.75 26.125 0.0
4.25 26.125 146.06920000000002
4.75 26.125 0.0
5.25 26.125 6.964300000000001
5.75 26.125 0.057100000000000005
6.25 26.125 0.0
6.75 26.125 0.0
7.25 26.125 0.0
7.75 26.125 0.0
8.25 26.125 0.0
8.75 26.125 0.0
0.25 26.375 0.0
0.75 26.375 0.0
1.25 26.375 0.0
1.75 26.375 0.0
2.25 26.375 0.0
2.75 26.375 828.2444
3.25 26.375 0.0
3.75 26.375 0.0
4.25 26.375 370.60110000000003
4.75 26.375 0.0
5.25 26.375 7.357000000000001
5.75 26.375 0.0
6.25 26.375 0.0
6.75 26.375 0.0
7.25 26.375 0.0
7.75 26.375 0.0
8.25 26.375 0.0
8.75 26.375 0.0
0.25 26.625 0.0
0.75 26.625 0.0
1.25 26.625 0.0
1.75 26.625 0.0
2.25 26.625 918.0618000000001
2.75 26.625 922.6837
3.25 26.625 1094.4611
3.75 26.625 729.2259999999999
4.25 26.625 153.1028
4.75 26.625 43.9619
5.25 26.625 0.0
5.75 26.625 0.0
6.25 26.625 0.0
6.75 26.625 0.0
7.25 26.625 0.0
7.75 26.625 0.0
8.25 26.625 0.0
8.75 26.625 0.0
0.25 26.875 0.0
0.75 26.875 0.0
1.25 26.875 0.0
1.75 26.875 0.0
2.25 26.875 1267.8639999999998
2.75 26.875 0.0
3.25 26.875 532.3828
3.75 26.875 0.0
4.25 26.875 391.59989999999993
4.75 26.875 43.9619
5.25 26.875 0.0
5.75 26.875 0.0
6.25 26.875 0.0
6.75 26.875 0.0
7.25 26.875 0.0
7.75 26.875 0.0
8.25 26.875 0.0
8.75 26.875 0.0
0.25 27.125 0.0
0.75 27.125 0.0
1.25 27.125 0.0
1.75 27.125 0.0
2.25 27.125 0.0
2.75 27.125 1014.0074999999999
3.25 27.125 0.0
3.75 27.125 0.0
4.25 27.125 0.0
4.75 27.125 53.8112
5.25 27.125 5.4201
5.75 27.125 0.02
6.25 27.125 0.0
6.75 27.125 0.0
7.25 27.125 0.0
7.75 27.125 0.0
8.25 27.125 0.0
8.75 27.125 0.0
0.25 27.375 0.0
0.75 27.375 0.0
1.25 27.375 0.0
1.75 27.375 0.0
2.25 27.375 0.0
2.75 27.375 0.0
3.25 27.375 0.0
3.75 27.375 289.9119
4.25 27.375 292.13840000000005
4.75 27.375 0.0
5.25 27.375 0.0
5.75 27.375 0.0
6.25 27.375 0.0
6.75 27.375 0.0
7.25 27.375 0.0
7.75 27.375 0.0
8.25 27.375 0.0
8.75 27.375 0.0
0.25 27.625 0.0
0.75 27.625 0.0
1.25 27.625 0.0
1.75 27.625 0.0
2.25 27.625 1117.177
2.75 27.625 0.0
3.25 27.625 0.0
3.75 27.625 0.0
4.25 27.625 0.0
4.75 27.625 0.0
5.25 27.625 0.0
5.75 27.625 0.0209
6.25 27.625 0.0
6.75 27.625 0.0
7.25 27.625 0.0
7.75 27.625 0.0
8.25 27.625 0.0
8.75 27.625 0.0
0.25 27.875 0.0
0.75 27.875 0.0
1.25 27.875 0.0
1.75 27.875 0.0
2.25 27.875 905.6493
2.75 27.875 0.0
3.25 27.875 0.0
3.75 27.875 0.0
4.25 27.875 146.06920000000002
4.75 27.875 53.417300000000004
5.25 27.875 14.114700000000001
5.75 27.875 0.0
6.25 27.875 0.0
6.75 27.875 0.0
7.25 27.875 0.0
7.75 27.875 0.0
8.25 27.875 0.0
8.75 27.875 0.0
0.25 28.125 0.0
0.75 28.125 0.0
1.25 28.125 0.0
1.75 28.125 0.0
2.25 28.125 0.0
2.75 28.125 0.0
3.25 28.125 0.0
3.75 28.125 0.0
4.25 28.125 0.0
4.75 28.125 0.0
5.25 28.125 0.0
5.75 28.125 0.0
6.25 28.125 0.0
6.75 28.125 0.0
7.25 28.125 0.0
7.75 28.125 0.0
8.25 28.125 0.0
8.75 28.125 0.0
0.25 28.375 0.0
0.75 28.375 0.0
1.25 28.375 0.0
1.75 28.375 0.0
2.25 28.375 0.0
2.75 28.375 0.0
3.25 28.375 0.0
3.75 28.375 0.0
4.25 28.375 0.0
4.75 28.375 0.0
5.25 28.375 0.0
5.75 28.375 0.0
6.25 28.375 0.0
6.75 28.375 0.0
7.25 28.375 0.0
7.75 28.375 0.0
8.25 28.375 0.0
8.75 28.375 0.0
0.25 28.625 0.0
0.75 28.625 0.0
1.25 28.625 0.0
1.75 28.625 0.0
2.25 28.625 0.0
2.75 28.625 0.0
3.25 28.625 0.0
3.75 28.625 0.0
4.25 28.625 0.0
4.75 28.625 0.0
5.25 28.625 0.0
5.75 28.625 0.0
6.25 28.625 0.0
6.75 28.625 0.0
7.25 28.625 0.0
7.75 28.625 0.0
8.25 28.625 0.0
8.75 28.625 0.0
0.25 28.875 0.0
0.75 28.875 0.0
1.25 28.875 0.0
1.75 28.875 0.0
2.25 28.875 0.0
2.75 28.875 707.9671000000001
3.25 28.875 0.0
3.75 28.875 289.9119
4.25 28.875 0.0
4.75 28.875 0.0
5.25 28.875 0.0
5.75 28.875 0.0
6.25 28.875 0.0
6.75 28.875 0.0
7.25 28.875 0.0
7.75 28.875 0.0
8.25 28.875 0.0
8.75 28.875 0.0
0.25 29.125 0.0
0.75 29.125 0.0
1.25 29.125 0.0
1.75 29.125 0.0
2.25 29.125 0.0
2.75 29.125 0.0
3.25 29.125 0.0
3.75 29.125 0.0
4.25 29.125 0.0
4.75 29.125 0.0
5.25 29.125 0.0
5.75 29.125 0.0
6.25 29.125 0.0
6.75 29.125 0.0
7.25 29.125 0.0
7.75 29.125 0.0
8.25 29.125 0.0
8.75 29.125 0.0
0.25 29.375 0.0
0.75 29.375 0.0
1.25 29.375 0.0
1.75 29.375 0.0
2.25 29.375 0.0
2.75 29.375 0.0
3.25 29.375 0.0
3.75 29.375 0.0
4.25 29.375 0.0
4.75 29.375 0.0
5.25 29.375 0.0
5.75 29.375 0.0
6.25 29.375 0.0
6.75 29.375 0.0
7.25 29.375 0.0
7.75 29.375 0.0
8.25 29.375 0.0
8.75 29.375 0.0
0.25 29.625 0.0
0.75 29.625 0.0
1.25 29.625 0.0
1.75 29.625 0.0
2.25 29.625 0.0
2.75 29.625 0.0
3.25 29.625 0.0
3.75 29.625 0.0
4.25 29.625 0.0
4.75 29.625 0.0
5.25 29.625 0.0
5.75 29.625 0.0
6.25 29.625 0.0
6.75 29.625 0.0
7.25 29.625 0.0
7.75 29.625 0.0
8.25 29.625 0.0
8.75 29.625 0.0
0.25 29.875 0.0
0.75 29.875 0.0
1.25 29.875 0.0
1.75 29.875 0.0
2.25 29.875 0.0
2.75 29.875 0.0
3.25 29.875 0.0
3.75 29.875 0.0
4.25 29.875 0.0
4.75 29.875 0.0
5.25 29.875 0.0
5.75 29.875 0.0
6.25 29.875 0.0
6.75 29.875 0.0
7.25 29.875 0.0
7.75 29.875 0.0
8.25 29.875 0.0
8.75 29.875 0.0
