11.294627058970837 77.97495669640281
14.219093021276404 358.6559941963279
17.900777537149963 259.8836162706437
22.535743732392298 1412.0642828295554
28.370820458389794 1820.6925053491746
35.71674682851676 2378.6795854484135
44.96472020903849 3970.9131411915196
56.60722890537329 6858.452692147885
71.26427896022373 8231.278717662808
89.71641173621407 7788.210825633796
112.94627058970838 10013.713670789315
142.1909302127641 10292.521532231178
179.00777537149963 11609.126216323268
225.35743732392305 11219.714605939043
283.7082045838981 9318.513133955857
357.1674682851676 10619.671633677659
449.6472020903849 8992.517033193872
566.0722890537327 6874.812810303585
712.6427896022376 6447.43354535666
897.164117362141 5532.568830052798
1129.4627058970837 3960.339873606121
1421.9093021276408 2055.363754149628
1790.0777537149975 1153.2673296435823
2253.5743732392316 548.2186772323039
2837.082045838981 204.18358103078208
3571.674682851676 44.19122506523854
4496.47202090385 8.573562558915
5660.72289053733 1.0203266484604683
7126.427896022379 0.04230481610284187
8971.64117362141 3.3024116419255733e-06
