11.294627058970837 2611.62304974503
14.219093021276404 948.3293525619738
17.900777537149963 212.92835133317703
22.535743732392298 5066.3646011422015
28.370820458389794 2275.0885125167897
35.71674682851676 6019.13858092691
44.96472020903849 13678.382639623076
56.60722890537329 28310.69489491907
71.26427896022373 29706.589698809308
89.71641173621407 61676.873791567225
112.94627058970838 77388.2814708447
142.1909302127641 90272.96316140177
179.00777537149963 79642.10780086549
225.35743732392305 108960.95414112811
283.7082045838981 115318.1695524957
357.1674682851676 121863.61068386922
449.6472020903849 115511.87565780873
566.0722890537327 112364.24230136792
712.6427896022376 92011.44396188727
897.164117362141 68447.29270958994
1129.4627058970837 48058.99525653594
1421.9093021276408 30775.67958566523
1790.0777537149975 16853.96830711956
2253.5743732392316 5464.602488903794
2837.082045838981 1651.675843565492
3571.674682851676 389.1414692515973
4496.47202090385 63.40126862633042
5660.72289053733 4.980844833422452
7126.427896022379 0.06100419140420854
8971.64117362141 0.00015685707330703735
