11.294627058970837 0.019499182506051805
14.219093021276404 2212.871097875433
17.900777537149963 2609.427206472701
22.535743732392298 8559.711663439983
28.370820458389794 719.9383819446684
35.71674682851676 6944.288120388301
44.96472020903849 20731.117477133525
56.60722890537329 23175.40916584174
71.26427896022373 42186.114448480876
89.71641173621407 65579.55567790104
112.94627058970838 74463.71031903877
142.1909302127641 87566.32890949948
179.00777537149963 105988.58751399425
225.35743732392305 119756.70224903611
283.7082045838981 130431.09816803434
357.1674682851676 120238.23015954008
449.6472020903849 125202.88450797275
566.0722890537327 121445.02275163587
712.6427896022376 95945.41576378909
897.164117362141 82536.7649216298
1129.4627058970837 57539.67890831316
1421.9093021276408 34701.83009910793
1790.0777537149975 17208.39669999038
2253.5743732392316 6562.971367917024
2837.082045838981 1785.7245981933083
3571.674682851676 389.87394497473724
4496.47202090385 64.11009844602086
5660.72289053733 2.767046660883352
7126.427896022379 0.11329676117748022
8971.64117362141 6.542541086673737e-08
