11.294627058970837 66.36344886679703
14.219093021276404 167.48180249865445
17.900777537149963 528.7958705940982
22.535743732392298 1474.4058939653
28.370820458389794 3139.613272167422
35.71674682851676 3704.1464767260195
44.96472020903849 4505.718117286971
56.60722890537329 6149.231231931477
71.26427896022373 6450.062472972066
89.71641173621407 10215.491041698697
112.94627058970838 10678.60869785741
142.1909302127641 12563.685646206126
179.00777537149963 15570.41429195612
225.35743732392305 12453.951625275236
283.7082045838981 10839.718281056776
357.1674682851676 7800.498076863572
449.6472020903849 8183.365025247127
566.0722890537327 6458.033431545162
712.6427896022376 5254.081811508484
897.164117362141 4910.245017163485
1129.4627058970837 3362.049193624698
1421.9093021276408 1920.0076281251968
1790.0777537149975 1091.938504001213
2253.5743732392316 484.80069803839433
2837.082045838981 170.26916475762846
3571.674682851676 32.466811780032
4496.47202090385 4.837073472241173
5660.72289053733 1.0241025601280853
7126.427896022379 0.03139956426457502
8971.64117362141 4.626053851097822e-07
