11.294627058970837 33.147936790199765
14.219093021276404 261.01723859600946
17.900777537149963 5781.131755539121
22.535743732392298 7759.569518494711
28.370820458389794 2831.98752994033
35.71674682851676 9604.365250862276
44.96472020903849 18161.294503298144
56.60722890537329 21111.23748741755
71.26427896022373 39049.35814573876
89.71641173621407 50287.68519283841
112.94627058970838 72393.23366323722
142.1909302127641 98179.06260317046
179.00777537149963 110094.2016286981
225.35743732392305 133885.24515208125
283.7082045838981 129590.34097652335
357.1674682851676 139941.3769326422
449.6472020903849 141943.3911644373
566.0722890537327 135078.22532635008
712.6427896022376 125541.71197516308
897.164117362141 79398.35523879714
1129.4627058970837 55421.711021936266
1421.9093021276408 37478.41084929765
1790.0777537149975 17836.494381672237
2253.5743732392316 7039.307204925688
2837.082045838981 2216.148086629575
3571.674682851676 515.2276615558658
4496.47202090385 112.4018982888665
5660.72289053733 16.33041176199913
7126.427896022379 1.015463677700609
8971.64117362141 0.05118713155388832
