11.294627058970837 928.841186146808
14.219093021276404 2467.2782223171102
17.900777537149963 2735.579450886392
22.535743732392298 423.5154338283901
28.370820458389794 8663.39947993468
35.71674682851676 4039.6712423595473
44.96472020903849 9216.87656511911
56.60722890537329 16560.915919594685
71.26427896022373 43352.200499659775
89.71641173621407 48085.870866201294
112.94627058970838 66461.13320936545
142.1909302127641 92635.48990152977
179.00777537149963 92791.67999493546
225.35743732392305 112233.58943193464
283.7082045838981 139443.5044610353
357.1674682851676 131842.8130368957
449.6472020903849 141209.2746562889
566.0722890537327 125002.4661057248
712.6427896022376 104810.34093897312
897.164117362141 85211.75054478156
1129.4627058970837 60008.28590412694
1421.9093021276408 34572.304968195735
1790.0777537149975 16104.946031837724
2253.5743732392316 6932.395028493833
2837.082045838981 2432.5462693176232
3571.674682851676 574.7887565344572
4496.47202090385 118.10492406482808
5660.72289053733 15.842709312448278
7126.427896022379 1.3168712873011827
8971.64117362141 0.15517937927506864
