11.294627058970837 222.84587758199837
14.219093021276404 7.7148533284466225
17.900777537149963 1020.9387797063991
22.535743732392298 2070.3314183613466
28.370820458389794 2954.898796461332
35.71674682851676 10436.976561180385
44.96472020903849 12503.363791626776
56.60722890537329 8887.213242417154
71.26427896022373 41935.913048146576
89.71641173621407 40981.1496443565
112.94627058970838 68331.1664628771
142.1909302127641 97579.22650595201
179.00777537149963 101415.35644368845
225.35743732392305 141586.8522579011
283.7082045838981 128357.47308939288
357.1674682851676 150607.13322533644
449.6472020903849 132196.20841968083
566.0722890537327 146031.69730512996
712.6427896022376 111437.36402884312
897.164117362141 86369.71341234166
1129.4627058970837 59494.71278723562
1421.9093021276408 36166.752589576645
1790.0777537149975 16527.46707297908
2253.5743732392316 7444.23334082542
2837.082045838981 2056.7844893189613
3571.674682851676 468.54950837185606
4496.47202090385 102.76020912383683
5660.72289053733 12.10128758708015
7126.427896022379 1.0912860156968236
8971.64117362141 0.0835646539926529
