0.25 0.125 4552950.0
0.75 0.125 4540100.0
1.25 0.125 4471150.0
1.75 0.125 4565800.0
2.25 0.125 4357250.0
2.75 0.125 4190850.0
3.25 0.125 3938150.0
3.75 0.125 3743100.0
4.25 0.125 3386350.0
4.75 0.125 2874350.0
5.25 0.125 2435500.0
5.75 0.125 1894000.0
6.25 0.125 1240850.0
6.75 0.125 713450.0
7.25 0.125 291930.0
7.75 0.125 49267.0
8.25 0.125 5047.0
8.75 0.125 3.88615
0.25 0.375 11850500.0
0.75 0.375 11760500.0
1.25 0.375 11658000.0
1.75 0.375 11555000.0
2.25 0.375 11279500.0
2.75 0.375 10984000.0
3.25 0.375 10464500.0
3.75 0.375 9778000.0
4.25 0.375 8886000.0
4.75 0.375 7802000.0
5.25 0.375 6467500.0
5.75 0.375 4955150.0
6.25 0.375 3194550.0
6.75 0.375 1874750.0
7.25 0.375 812900.0
7.75 0.375 200115.0
8.25 0.375 14038.0
8.75 0.375 7.8405000000000005
0.25 0.625 17708000.0
0.75 0.625 17592500.0
1.25 0.625 17374500.0
1.75 0.625 17240000.0
2.25 0.625 16707500.0
2.75 0.625 16001500.0
3.25 0.625 15437000.0
3.75 0.625 15289500.0
4.25 0.625 13384000.0
4.75 0.625 11600000.0
5.25 0.625 9630500.0
5.75 0.625 7186000.0
6.25 0.625 4748650.0
6.75 0.625 2683150.0
7.25 0.625 1029750.0
7.75 0.625 316115.0
8.25 0.625 17695.5
8.75 0.625 6.710999999999999
0.25 0.875 22084000.0
0.75 0.875 21987500.0
1.25 0.875 21737500.0
1.75 0.875 21397500.0
2.25 0.875 20820000.0
2.75 0.875 20101500.0
3.25 0.875 19267000.0
3.75 0.875 18093000.0
4.25 0.875 16226000.0
4.75 0.875 14243500.0
5.25 0.875 11574500.0
5.75 0.875 8796500.0
6.25 0.875 5725000.0
6.75 0.875 2953950.0
7.25 0.875 1222250.0
7.75 0.875 384060.0
8.25 0.875 16880.5
8.75 0.875 3.38315
0.25 1.125 25022500.0
0.75 1.125 24919500.0
1.25 1.125 25054500.0
1.75 1.125 24150000.0
2.25 1.125 23643000.0
2.75 1.125 22539500.0
3.25 1.125 21384500.0
3.75 1.125 20345000.0
4.25 1.125 18151000.0
4.75 1.125 15674500.0
5.25 1.125 12633000.0
5.75 1.125 9444500.0
6.25 1.125 6311000.0
6.75 1.125 3111750.0
7.25 1.125 1217750.0
7.75 1.125 271140.0
8.25 1.125 18093.0
8.75 1.125 1.0843
0.25 1.375 26819000.0
0.75 1.375 26588000.0
1.25 1.375 26318500.0
1.75 1.375 25779500.0
2.25 1.375 24817000.0
2.75 1.375 23893000.0
3.25 1.375 22539500.0
3.75 1.375 21031500.0
4.25 1.375 18959500.0
4.75 1.375 16123500.0
5.25 1.375 12934500.0
5.75 1.375 9502000.0
6.25 1.375 6012500.0
6.75 1.375 2986650.0
7.25 1.375 1130500.0
7.75 1.375 231620.0
8.25 1.375 13531.5
8.75 1.375 0.23983
0.25 1.625 27255000.0
0.75 1.625 27037000.0
1.25 1.625 26690500.0
1.75 1.625 26042500.0
2.25 1.625 25330500.0
2.75 1.625 24085500.0
3.25 1.625 22539500.0
3.75 1.625 20807000.0
4.25 1.625 18350000.0
4.75 1.625 15725500.0
5.25 1.625 12440500.0
5.75 1.625 9001500.0
6.25 1.625 5510000.0
6.75 1.625 2762100.0
7.25 1.625 952800.0
7.75 1.625 177980.0
8.25 1.625 8610.5
8.75 1.625 0.0321055
0.25 1.875 26793000.0
0.75 1.875 26447000.0
1.25 1.875 25991000.0
1.75 1.875 25330500.0
2.25 1.875 24252500.0
2.75 1.875 23341500.0
3.25 1.875 21641000.0
3.75 1.875 19755000.0
4.25 1.875 17612000.0
4.75 1.875 14641500.0
5.25 1.875 11555000.0
5.75 1.875 8071500.0
6.25 1.875 4992850.0
6.75 1.875 2266750.0
7.25 1.875 775700.0
7.75 1.875 124085.0
8.25 1.875 4665.25
8.75 1.875 0.0032606000000000002
0.25 2.125 25189000.0
0.75 2.125 25073500.0
1.25 2.125 24913500.0
1.75 2.125 23996000.0
2.25 2.125 22879500.0
2.75 2.125 21821000.0
3.25 2.125 20191000.0
3.75 2.125 18375500.0
4.25 2.125 15918000.0
4.75 2.125 13287500.0
5.25 2.125 10349000.0
5.75 2.125 7045000.0
6.25 2.125 4161600.0
6.75 2.125 1898500.0
7.25 2.125 470375.0
7.75 2.125 85845.0
8.25 2.125 2714.6000000000004
8.75 2.125 0.000134225
0.25 2.375 23328500.0
0.75 2.375 23033500.0
1.25 2.375 22584500.0
1.75 2.375 21917000.0
2.25 2.375 21070000.0
2.75 2.375 19877000.0
3.25 2.375 18266500.0
3.75 2.375 16335000.0
4.25 2.375 14083000.0
4.75 2.375 11683500.0
5.25 2.375 8950500.0
5.75 2.375 6087500.0
6.25 2.375 3370300.0
6.75 2.375 1456450.0
7.25 2.375 410545.0
7.75 2.375 54715.0
8.25 2.375 1468.6000000000001
8.75 2.375 1.1292000000000001e-06
0.25 2.625 20922500.0
0.75 2.625 20852000.0
1.25 2.625 20300000.0
1.75 2.625 19665000.0
2.25 2.625 18792500.0
2.75 2.625 17573500.0
3.25 2.625 16117000.0
3.75 2.625 14256500.0
4.25 2.625 12267500.0
4.75 2.625 10066500.0
5.25 2.625 7635000.0
5.75 2.625 4964800.0
6.25 2.625 2748600.0
6.75 2.625 1107400.0
7.25 2.625 288590.0
7.75 2.625 30848.0
8.25 2.625 764.15
8.75 2.625 1.8760500000000002e-07
0.25 2.875 18529500.0
0.75 2.875 18317500.0
1.25 2.875 17791500.0
1.75 2.875 17175500.0
2.25 2.875 16309500.0
2.75 2.875 15283000.0
3.25 2.875 13974000.0
3.75 2.875 12594500.0
4.25 2.875 10342500.0
4.75 2.875 8308500.0
5.25 2.875 6083500.0
5.75 2.875 3935550.0
6.25 2.875 2102500.0
6.75 2.875 798800.0
7.25 2.875 204540.0
7.75 2.875 18414.0
8.25 2.875 367.765
8.75 2.875 1.57705e-09
0.25 3.125 16001500.0
0.75 3.125 15892500.0
1.25 3.125 15475500.0
1.75 3.125 14872500.0
2.25 3.125 14109000.0
2.75 3.125 13037500.0
3.25 3.125 11869500.0
3.75 3.125 11651500.0
4.25 3.125 8713000.0
4.75 3.125 7038500.0
5.25 3.125 4953150.0
5.75 3.125 3469150.0
6.25 3.125 1564850.0
6.75 3.125 522250.0
7.25 3.125 133455.0
7.75 3.125 9316.0
8.25 3.125 173.55499999999998
8.75 3.125 0.0
0.25 3.375 13801000.0
0.75 3.375 13621000.0
1.25 3.375 13409500.0
1.75 3.375 12697500.0
2.25 3.375 11966000.0
2.75 3.375 11074000.0
3.25 3.375 10047500.0
3.75 3.375 9893500.0
4.25 3.375 7282000.0
4.75 3.375 5588500.0
5.25 3.375 3998450.0
5.75 3.375 2397000.0
6.25 3.375 1205550.0
6.75 3.375 399010.0
7.25 3.375 72370.0
7.75 3.375 5163.5
8.25 3.375 79.625
8.75 3.375 0.0
0.25 3.625 11728500.0
0.75 3.625 11529500.0
1.25 3.625 11228000.0
1.75 3.625 10779000.0
2.25 3.625 10105000.0
2.75 3.625 9515000.0
3.25 3.625 8340999.999999999
3.75 3.625 7814500.0
4.25 3.625 6033500.0
4.75 3.625 4468750.0
5.25 3.625 3120100.0
5.75 3.625 1912600.0
6.25 3.625 843050.0
6.75 3.625 269600.0
7.25 3.625 42911.0
7.75 3.625 2456.7
8.25 3.625 32.157
8.75 3.625 0.0
0.25 3.875 9880500.0
0.75 3.875 9726500.0
1.25 3.875 9431500.0
1.75 3.875 9021000.0
2.25 3.875 8462500.0
2.75 3.875 7802000.0
3.25 3.875 6858500.0
3.75 3.875 5845000.0
4.25 3.875 4832450.0
4.75 3.875 3588450.0
5.25 3.875 2444500.0
5.75 3.875 1416000.0
6.25 3.875 628650.0
6.75 3.875 186190.0
7.25 3.875 23495.5
7.75 3.875 1081.75
8.25 3.875 11.5935
8.75 3.875 0.0
0.25 4.125 8334500.0
0.75 4.125 8205999.999999999
1.25 4.125 7968500.0
1.75 4.125 7577500.0
2.25 4.125 7102500.0
2.75 4.125 6448000.0
3.25 4.125 5698000.0
3.75 4.125 4848500.0
4.25 4.125 3956750.0
4.75 4.125 2937900.0
5.25 4.125 1903650.0
5.75 4.125 1063750.0
6.25 4.125 450725.0
6.75 4.125 117155.0
7.25 4.125 13448.0
7.75 4.125 534.15
8.25 4.125 5.152
8.75 4.125 0.0
0.25 4.375 7000000.0
0.75 4.375 6871500.0
1.25 4.375 6692000.0
1.75 4.375 6356000.0
2.25 4.375 5900500.0
2.75 4.375 5395000.0
3.25 4.375 5118000.0
3.75 4.375 3961900.0
4.25 4.375 3214400.0
4.75 4.375 2352750.0
5.25 4.375 1480150.0
5.75 4.375 828950.0
6.25 4.375 326575.0
6.75 4.375 76545.0
7.25 4.375 7847.0
7.75 4.375 228.86
8.25 4.375 1.8876
8.75 4.375 0.0
0.25 4.625 5905000.0
0.75 4.625 5791000.0
1.25 4.625 5672500.0
1.75 4.625 5342000.0
2.25 4.625 5025000.0
2.75 4.625 4452700.0
3.25 4.625 3912500.0
3.75 4.625 3279200.0
4.25 4.625 2588200.0
4.75 4.625 1849100.0
5.25 4.625 1164500.0
5.75 4.625 614450.0
6.25 4.625 235725.0
6.75 4.625 50450.0
7.25 4.625 4189.65
7.75 4.625 124.535
8.25 4.625 0.6724
8.75 4.625 0.0
0.25 4.875 4988450.0
0.75 4.875 4901800.0
1.25 4.875 4756650.0
1.75 4.875 4496800.0
2.25 4.875 4137100.0
2.75 4.875 3718050.0
3.25 4.875 3283700.0
3.75 4.875 2719750.0
4.25 4.875 2103150.0
4.75 4.875 1490450.0
5.25 4.875 934150.0
5.75 4.875 461550.0
6.25 4.875 168610.0
6.75 4.875 33228.5
7.25 4.875 2170.5499999999997
7.75 4.875 33.157999999999994
8.25 4.875 0.18016
8.75 4.875 0.0
0.25 5.125 4224150.0
0.75 5.125 4127500.0000000005
1.25 5.125 3968950.0
1.75 5.125 3765550.0
2.25 5.125 3510200.0
2.75 5.125 3125900.0
3.25 5.125 2760150.0
3.75 5.125 2221200.0
4.25 5.125 1725900.0
4.75 5.125 1200450.0
5.25 5.125 742350.0
5.75 5.125 367765.0
6.25 5.125 119015.0
6.75 5.125 20749.5
7.25 5.125 1012.45
7.75 5.125 10.285
8.25 5.125 0.10913500000000001
8.75 5.125 0.0
0.25 5.375 3566000.0
0.75 5.375 3483250.0
1.25 5.375 3408800.0
1.75 5.375 3178500.0
2.25 5.375 2946850.0
2.75 5.375 2588850.0
3.25 5.375 2285400.0
3.75 5.375 1851650.0
4.25 5.375 1419850.0
4.75 5.375 974600.0
5.25 5.375 592100.0
5.75 5.375 279095.0
6.25 5.375 89440.0
6.75 5.375 14282.0
7.25 5.375 578.1999999999999
7.75 5.375 4.31155
8.25 5.375 0.0174
8.75 5.375 0.0
0.25 5.625 3057200.0
0.75 5.625 3016150.0
1.25 5.625 2885900.0
1.75 5.625 2733200.0
2.25 5.625 2486200.0
2.75 5.625 2240450.0
3.25 5.625 1877300.0
3.75 5.625 1536650.0
4.25 5.625 1202350.0
4.75 5.625 794300.0
5.25 5.625 476910.0
5.75 5.625 211085.0
6.25 5.625 70510.0
6.75 5.625 9528.0
7.25 5.625 282.43
7.75 5.625 1.5584500000000001
8.25 5.625 0.011323999999999999
8.75 5.625 0.0
0.25 5.875 2638250.0
0.75 5.875 2601050.0
1.25 5.875 2479800.0
1.75 5.875 2328350.0
2.25 5.875 2120500.0
2.75 5.875 1911950.0
3.25 5.875 1605300.0
3.75 5.875 1327450.0
4.25 5.875 985500.0
4.75 5.875 659550.0
5.25 5.875 378545.0
5.75 5.875 166690.0
6.25 5.875 48942.0
6.75 5.875 6145.5
7.25 5.875 156.29500000000002
7.75 5.875 0.5939000000000001
8.25 5.875 0.0068715
8.75 5.875 0.0
0.25 6.125 2267400.0
0.75 6.125 2202600.0
1.25 6.125 2125000.0
1.75 6.125 1986400.0
2.25 6.125 1806100.0
2.75 6.125 1618100.0
3.25 6.125 1365300.0
3.75 6.125 1117050.0
4.25 6.125 811000.0
4.75 6.125 546850.0
5.25 6.125 302835.0
5.75 6.125 131590.0
6.25 6.125 35628.0
6.75 6.125 4178.8
7.25 6.125 75.58
7.75 6.125 0.07622000000000001
8.25 6.125 0.00105605
8.75 6.125 0.0
0.25 6.375 1961350.0
0.75 6.375 1919050.0
1.25 6.375 1863200.0
1.75 6.375 1745150.0
2.25 6.375 1555900.0
2.75 6.375 1371100.0
3.25 6.375 1166450.0
3.75 6.375 934800.0
4.25 6.375 671750.0
4.75 6.375 449200.0
5.25 6.375 253240.00000000003
5.75 6.375 103360.0
6.25 6.375 26260.5
6.75 6.375 3160.5
7.25 6.375 38.5535
7.75 6.375 0.032946
8.25 6.375 0.0
8.75 6.375 0.0
0.25 6.625 1685500.0
0.75 6.625 1662400.0
1.25 6.625 1591800.0
1.75 6.625 1502650.0
2.25 6.625 1371100.0
2.75 6.625 1199800.0
3.25 6.625 1014999.9999999999
3.75 6.625 796850.0
4.25 6.625 574450.0
4.75 6.625 372065.0
5.25 6.625 200310.0
5.75 6.625 80010.0
6.25 6.625 20480.0
6.75 6.625 1774.0
7.25 6.625 25.0995
7.75 6.625 0.008392
8.25 6.625 0.0
8.75 6.625 0.0
0.25 6.875 1480150.0
0.75 6.875 1457700.0
1.25 6.875 1389700.0
1.75 6.875 1288950.0
2.25 6.875 1160650.0
2.75 6.875 1018200.0
3.25 6.875 851400.0
3.75 6.875 669200.0
4.25 6.875 492510.0
4.75 6.875 316950.0
5.25 6.875 170795.0
5.75 6.875 64350.00000000001
6.25 6.875 14795.5
6.75 6.875 1249.8500000000001
7.25 6.875 10.105
7.75 6.875 0.0023290000000000003
8.25 6.875 0.0
8.75 6.875 0.0
0.25 7.125 1305650.0
0.75 7.125 1287050.0
1.25 7.125 1214550.0
1.75 7.125 1134350.0
2.25 7.125 1026550.0000000001
2.75 7.125 886050.0
3.25 7.125 755150.0
3.75 7.125 582150.0
4.25 7.125 415435.0
4.75 7.125 257155.00000000003
5.25 7.125 139675.0
5.75 7.125 51200.0
6.25 7.125 11196.0
6.75 7.125 1099.6999999999998
7.25 7.125 3.61925
7.75 7.125 0.000272745
8.25 7.125 0.0
8.75 7.125 0.0
0.25 7.375 1154250.0
0.75 7.375 1129200.0
1.25 7.375 1070200.0
1.75 7.375 997050.0
2.25 7.375 897600.0
2.75 7.375 780200.0
3.25 7.375 644800.0
3.75 7.375 505800.0
4.25 7.375 353135.0
4.75 7.375 222635.0
5.25 7.375 113180.0
5.75 7.375 41920.5
6.25 7.375 8681.0
6.75 7.375 569.8
7.25 7.375 1.6348
7.75 7.375 0.0
8.25 7.375 0.0
8.75 7.375 0.0
0.25 7.625 1020799.9999999999
0.75 7.625 990000.0
1.25 7.625 946350.0
1.75 7.625 872600.0
2.25 7.625 796250.0
2.75 7.625 699350.0
3.25 7.625 555000.0
3.75 7.625 448160.0
4.25 7.625 314190.0
4.75 7.625 186000.0
5.25 7.625 94570.0
5.75 7.625 33459.5
6.25 7.625 6589.0
6.75 7.625 376.3
7.25 7.625 0.89375
7.75 7.625 0.0
8.25 7.625 0.0
8.75 7.625 0.0
0.25 7.875 887950.0
0.75 7.875 883500.0
1.25 7.875 827650.0
1.75 7.875 763500.0
2.25 7.875 692300.0
2.75 7.875 620450.0
3.25 7.875 499085.0
3.75 7.875 377390.0
4.25 7.875 266005.0
4.75 7.875 160015.0
5.25 7.875 81930.0
5.75 7.875 26819.0
6.25 7.875 5036.5
6.75 7.875 261.195
7.25 7.875 0.377965
7.75 7.875 0.0
8.25 7.875 0.0
8.75 7.875 0.0
0.25 8.125 791100.0
0.75 8.125 775700.0
1.25 8.125 737850.0
1.75 8.125 700000.0
2.25 8.125 603350.0
2.75 8.125 532750.0
3.25 8.125 438010.0
3.75 8.125 329720.0
4.25 8.125 232965.0
4.75 8.125 139805.0
5.25 8.125 68075.0
5.75 8.125 23527.5
6.25 8.125 3895.15
6.75 8.125 170.215
7.25 8.125 0.13717500000000002
7.75 8.125 0.0
8.25 8.125 0.0
8.75 8.125 0.0
0.25 8.375 707700.0
0.75 8.375 691650.0
1.25 8.375 656350.0
1.75 8.375 609100.0
2.25 8.375 543450.0
2.75 8.375 479155.0
3.25 8.375 384705.0
3.75 8.375 291930.0
4.25 8.375 198320.0
4.75 8.375 118120.0
5.25 8.375 57305.0
5.75 8.375 18478.0
6.25 8.375 2966.1000000000004
6.75 8.375 114.01
7.25 8.375 0.06955
7.75 8.375 0.0
8.25 8.375 0.0
8.75 8.375 0.0
0.25 8.625 638050.0
0.75 8.625 617850.0
1.25 8.625 586350.0
1.75 8.625 549600.0
2.25 8.625 479475.0
2.75 8.625 416400.0
3.25 8.625 337610.0
3.75 8.625 260104.99999999997
4.25 8.625 174195.0
4.75 8.625 106440.0
5.25 8.625 48998.0
5.75 8.625 14821.0
6.25 8.625 2386.75
6.75 8.625 77.63499999999999
7.25 8.625 0.0196905
7.75 8.625 0.0
8.25 8.625 0.0
8.75 8.625 0.0
0.25 8.875 564950.0
0.75 8.875 552000.0
1.25 8.875 524450.0
1.75 8.875 484850.0
2.25 8.875 428350.0
2.75 8.875 369110.0
3.25 8.875 303735.0
3.75 8.875 223660.0
4.25 8.875 153280.0
4.75 8.875 88670.0
5.25 8.875 41652.0
5.75 8.875 12511.0
6.25 8.875 1805.4499999999998
6.75 8.875 55.97
7.25 8.875 0.008206000000000001
7.75 8.875 0.0
8.25 8.875 0.0
8.75 8.875 0.0
0.25 9.125 508050.0
0.75 9.125 494275.0
1.25 9.125 468810.0
1.75 9.125 434245.0
2.25 9.125 391120.0
2.75 9.125 330360.0
3.25 9.125 262350.0
3.75 9.125 198770.0
4.25 9.125 137300.0
4.75 9.125 76800.0
5.25 9.125 34396.0
5.75 9.125 10304.0
6.25 9.125 1391.6499999999999
6.75 9.125 35.114999999999995
7.25 9.125 0.0022071
7.75 9.125 0.0
8.25 9.125 0.0
8.75 9.125 0.0
0.25 9.375 458505.0
0.75 9.375 450605.0
1.25 9.375 428590.0
1.75 9.375 387400.0
2.25 9.375 369945.0
2.75 9.375 296165.0
3.25 9.375 232260.0
3.75 9.375 177145.0
4.25 9.375 116320.0
4.75 9.375 64930.0
5.25 9.375 29725.5
5.75 9.375 8353.5
6.25 9.375 1085.6
6.75 9.375 22.7445
7.25 9.375 0.0008963
7.75 9.375 0.0
8.25 9.375 0.0
8.75 9.375 0.0
0.25 9.625 415995.0
0.75 9.625 402685.0
1.25 9.625 380855.0
1.75 9.625 358335.0
2.25 9.625 324135.0
2.75 9.625 266330.0
3.25 9.625 209095.0
3.75 9.625 157065.0
4.25 9.625 102655.0
4.75 9.625 58730.0
5.25 9.625 25901.5
5.75 9.625 7012.5
6.25 9.625 840.5
6.75 9.625 17.1115
7.25 9.625 0.00015777
7.75 9.625 0.0
8.25 9.625 0.0
8.75 9.625 0.0
0.25 9.875 372705.0
0.75 9.875 364880.0
1.25 9.875 345050.0
1.75 9.875 314065.0
2.25 9.875 284805.0
2.75 9.875 238930.0
3.25 9.875 187090.0
3.75 9.875 141090.0
4.25 9.875 93415.0
4.75 9.875 52045.0
5.25 9.875 21211.5
5.75 9.875 5926.5
6.25 9.875 700.6500000000001
6.75 9.875 10.027999999999999
7.25 9.875 3.8669e-05
7.75 9.875 0.0
8.25 9.875 0.0
8.75 9.875 0.0
0.25 10.125 340690.0
0.75 10.125 329845.0
1.25 10.125 310405.0
1.75 10.125 288080.0
2.25 10.125 254969.99999999997
2.75 10.125 217245.0
3.25 10.125 175350.0
3.75 10.125 123185.0
4.25 10.125 86490.0
4.75 10.125 46592.0
5.25 10.125 19036.5
5.75 10.125 4793.549999999999
6.25 10.125 526.6500000000001
6.75 10.125 6.583
7.25 10.125 3.9798500000000005e-06
7.75 10.125 0.0
8.25 10.125 0.0
8.75 10.125 0.0
0.25 10.375 309570.0
0.75 10.375 301105.0
1.25 10.375 281855.0
1.75 10.375 264085.0
2.25 10.375 229115.0
2.75 10.375 200820.0
3.25 10.375 152765.0
3.75 10.375 114205.0
4.25 10.375 76865.0
4.75 10.375 39965.5
5.25 10.375 15949.999999999998
5.75 10.375 4058.8999999999996
6.25 10.375 407.815
6.75 10.375 5.055
7.25 10.375 7.93e-07
7.75 10.375 0.0
8.25 10.375 0.0
8.75 10.375 0.0
0.25 10.625 279225.0
0.75 10.625 273835.0
1.25 10.625 262545.0
1.75 10.625 235530.0
2.25 10.625 208905.0
2.75 10.625 178750.0
3.25 10.625 139995.0
3.75 10.625 100860.0
4.25 10.625 65315.0
4.75 10.625 35185.5
5.25 10.625 14076.5
5.75 10.625 3582.7
6.25 10.625 328.245
6.75 10.625 2.8936
7.25 10.625 6.788e-08
7.75 10.625 0.0
8.25 10.625 0.0
8.75 10.625 0.0
0.25 10.875 259400.00000000003
0.75 10.875 248105.0
1.25 10.875 238545.0
1.75 10.875 219750.0
2.25 10.875 190555.0
2.75 10.875 158990.0
3.25 10.875 124405.0
3.75 10.875 89375.0
4.25 10.875 58505.0
4.75 10.875 31188.0
5.25 10.875 12248.0
5.75 10.875 2883.35
6.25 10.875 239.315
6.75 10.875 2.1660500000000003
7.25 10.875 1.5302000000000002e-09
7.75 10.875 0.0
8.25 10.875 0.0
8.75 10.875 0.0
0.25 11.125 233990.0
0.75 11.125 225200.0
1.25 11.125 218915.0
1.75 11.125 199795.0
2.25 11.125 173425.0
2.75 11.125 146030.0
3.25 11.125 114140.0
3.75 11.125 82315.0
4.25 11.125 52725.0
4.75 11.125 26485.0
5.25 11.125 10856.0
5.75 11.125 2503.5
6.25 11.125 203.325
6.75 11.125 1.39355
7.25 11.125 0.0
7.75 11.125 0.0
8.25 11.125 0.0
8.75 11.125 0.0
0.25 11.375 215705.0
0.75 11.375 209095.0
1.25 11.375 198190.0
1.75 11.375 180740.0
2.25 11.375 159500.0
2.75 11.375 132105.0
3.25 11.375 103875.0
3.75 11.375 73465.0
4.25 11.375 46111.0
4.75 11.375 23912.5
5.25 11.375 9540.5
5.75 11.375 2135.9
6.25 11.375 155.91
6.75 11.375 0.77315
7.25 11.375 0.0
7.75 11.375 0.0
8.25 11.375 0.0
8.75 11.375 0.0
0.25 11.625 195625.0
0.75 11.625 192480.0
1.25 11.625 184075.0
1.75 11.625 165085.0
2.25 11.625 143460.0
2.75 11.625 120490.0
3.25 11.625 95340.0
3.75 11.625 68075.0
4.25 11.625 42602.0
4.75 11.625 21294.5
5.25 11.625 8462.5
5.75 11.625 1843.3
6.25 11.625 126.64999999999999
6.75 11.625 0.49531500000000006
7.25 11.625 0.0
7.75 11.625 0.0
8.25 11.625 0.0
8.75 11.625 0.0
0.25 11.875 184140.0
0.75 11.875 176185.0
1.25 11.875 166305.0
1.75 11.875 153215.0
2.25 11.875 131270.0
2.75 11.875 112150.0
3.25 11.875 86105.0
3.75 11.875 61395.0
4.25 11.875 38079.0
4.75 11.875 19042.5
5.25 11.875 7211.5
5.75 11.875 1430.75
6.25 11.875 93.93
6.75 11.875 0.275505
7.25 11.875 0.0
7.75 11.875 0.0
8.25 11.875 0.0
8.75 11.875 0.0
0.25 12.125 167265.0
0.75 12.125 160530.0
1.25 12.125 149750.0
1.75 12.125 138330.0
2.25 12.125 123125.0
2.75 12.125 101500.0
3.25 12.125 77890.0
3.75 12.125 55030.0
4.25 12.125 33594.0
4.75 12.125 17868.5
5.25 12.125 6382.0
5.75 12.125 1231.8500000000001
6.25 12.125 75.45
6.75 12.125 0.20371
7.25 12.125 0.0
7.75 12.125 0.0
8.25 12.125 0.0
8.75 12.125 0.0
0.25 12.375 151290.0
0.75 12.375 149495.0
1.25 12.375 138780.0
1.75 12.375 125819.99999999999
2.25 12.375 112535.0
2.75 12.375 92840.0
3.25 12.375 73850.0
3.75 12.375 50175.0
4.25 12.375 31682.000000000004
4.75 12.375 15456.0
5.25 12.375 5226.5
5.75 12.375 1014.35
6.25 12.375 54.29
6.75 12.375 0.12691
7.25 12.375 0.0
7.75 12.375 0.0
8.25 12.375 0.0
8.75 12.375 0.0
0.25 12.625 141025.0
0.75 12.625 138070.0
1.25 12.625 128130.0
1.75 12.625 117350.0
2.25 12.625 104580.0
2.75 12.625 85780.0
3.25 12.625 64610.0
3.75 12.625 46780.5
4.25 12.625 26414.5
4.75 12.625 13435.0
5.25 12.625 4814.0
5.75 12.625 872.5999999999999
6.25 12.625 52.835
6.75 12.625 0.08315
7.25 12.625 0.0
7.75 12.625 0.0
8.25 12.625 0.0
8.75 12.625 0.0
0.25 12.875 132425.0
0.75 12.875 127360.0
1.25 12.875 117475.0
1.75 12.875 108430.0
2.25 12.875 95020.0
2.75 12.875 77440.0
3.25 12.875 58825.0
3.75 12.875 41455.5
4.25 12.875 25086.5
4.75 12.875 12511.0
5.25 12.875 4216.5
5.75 12.875 747.4499999999999
6.25 12.875 35.936
6.75 12.875 0.043713
7.25 12.875 0.0
7.75 12.875 0.0
8.25 12.875 0.0
8.75 12.875 0.0
0.25 13.125 122355.0
0.75 13.125 117220.0
1.25 13.125 110225.0
1.75 13.125 101050.0
2.25 13.125 85010.0
2.75 13.125 71410.0
3.25 13.125 55370.0
3.75 13.125 38335.5
4.25 13.125 23328.5
4.75 13.125 11151.0
5.25 13.125 3711.0
5.75 13.125 644.15
6.25 13.125 26.216
6.75 13.125 0.0319515
7.25 13.125 0.0
7.75 13.125 0.0
8.25 13.125 0.0
8.75 13.125 0.0
0.25 13.375 112535.0
0.75 13.375 111705.0
1.25 13.375 102205.0
1.75 13.375 93095.0
2.25 13.375 80330.0
2.75 13.375 66340.0
3.25 13.375 49756.0
3.75 13.375 35686.0
4.25 13.375 21256.0
4.75 13.375 10105.0
5.25 13.375 3225.3
5.75 13.375 610.4
6.25 13.375 24.130499999999998
6.75 13.375 0.0140575
7.25 13.375 0.0
7.75 13.375 0.0
8.25 13.375 0.0
8.75 13.375 0.0
0.25 13.625 103940.0
0.75 13.625 100925.0
1.25 13.625 96690.0
1.75 13.625 84435.0
2.25 13.625 75580.0
2.75 13.625 60470.0
3.25 13.625 45577.5
3.75 13.625 33228.5
4.25 13.625 19145.5
4.75 13.625 8835.0
5.25 13.625 2847.4
5.75 13.625 473.26
6.25 13.625 16.367
6.75 13.625 0.010856
7.25 13.625 0.0
7.75 13.625 0.0
8.25 13.625 0.0
8.75 13.625 0.0
0.25 13.875 97395.0
0.75 13.875 94895.0
1.25 13.875 89375.0
1.75 13.875 78790.0
2.25 13.875 70640.0
2.75 13.875 56900.0
3.25 13.875 42911.0
3.75 13.875 29180.0
4.25 13.875 18240.5
4.75 13.875 8116.0
5.25 13.875 2565.75
5.75 13.875 390.53999999999996
6.25 13.875 14.59
6.75 13.875 0.0054265
7.25 13.875 0.0
7.75 13.875 0.0
8.25 13.875 0.0
8.75 13.875 0.0
0.25 14.125 90595.0
0.75 14.125 87705.0
1.25 14.125 80650.0
1.75 14.125 76285.0
2.25 14.125 62549.99999999999
2.75 14.125 52105.0
3.25 14.125 41231.0
3.75 14.125 26684.0
4.25 14.125 15193.0
4.75 14.125 7199.0
5.25 14.125 2159.0
5.75 14.125 360.385
6.25 14.125 11.1125
6.75 14.125 0.0030258
7.25 14.125 0.0
7.75 14.125 0.0
8.25 14.125 0.0
8.75 14.125 0.0
0.25 14.375 83665.0
0.75 14.375 81870.0
1.25 14.375 76160.0
1.75 14.375 66985.0
2.25 14.375 58365.0
2.75 14.375 48761.5
3.25 14.375 36186.0
3.75 14.375 23996.0
4.25 14.375 14615.5
4.75 14.375 6756.0
5.25 14.375 1951.75
5.75 14.375 300.59
6.25 14.375 10.1435
6.75 14.375 0.0015867
7.25 14.375 0.0
7.75 14.375 0.0
8.25 14.375 0.0
8.75 14.375 0.0
0.25 14.625 78275.0
0.75 14.625 76220.0
1.25 14.625 70770.0
1.75 14.625 64865.00000000001
2.25 14.625 54685.0
2.75 14.625 44410.5
3.25 14.625 34037.0
3.75 14.625 22706.0
4.25 14.625 12979.5
4.75 14.625 5966.0
5.25 14.625 1758.65
5.75 14.625 238.92999999999998
6.25 14.625 6.832999999999999
6.75 14.625 0.0008206
7.25 14.625 0.0
7.75 14.625 0.0
8.25 14.625 0.0
8.75 14.625 0.0
0.25 14.875 74295.0
0.75 14.875 70640.0
1.25 14.875 66725.0
1.75 14.875 62025.0
2.25 14.875 52025.0
2.75 14.875 41728.0
3.25 14.875 30784.0
3.75 14.875 21108.5
4.25 14.875 12145.5
4.75 14.875 5282.5
5.25 14.875 1631.6
5.75 14.875 213.32999999999998
6.25 14.875 6.717499999999999
6.75 14.875 0.00052715
7.25 14.875 0.0
7.75 14.875 0.0
8.25 14.875 0.0
8.75 14.875 0.0
0.25 15.125 67175.0
0.75 15.125 66085.0
1.25 15.125 60750.0
1.75 15.125 56070.0
2.25 15.125 47759.0
2.75 15.125 38919.5
3.25 15.125 29019.5
3.75 15.125 19472.5
4.25 15.125 11029.0
4.75 15.125 5149.0
5.25 15.125 1494.3
5.75 15.125 186.64
6.25 15.125 4.4944
6.75 15.125 0.000228345
7.25 15.125 0.0
7.75 15.125 0.0
8.25 15.125 0.0
8.75 15.125 0.0
0.25 15.375 64545.00000000001
0.75 15.375 61840.0
1.25 15.375 57980.0
1.75 15.375 50880.0
2.25 15.375 44086.0
2.75 15.375 36295.5
3.25 15.375 26864.0
3.75 15.375 17958.5
4.25 15.375 9893.5
4.75 15.375 4336.4
5.25 15.375 1233.8
5.75 15.375 150.2
6.25 15.375 3.0771
6.75 15.375 8.423999999999999e-05
7.25 15.375 0.0
7.75 15.375 0.0
8.25 15.375 0.0
8.75 15.375 0.0
0.25 15.625 59880.0
0.75 15.625 59455.0
1.25 15.625 53695.0
1.75 15.625 48272.5
2.25 15.625 41551.5
2.75 15.625 34171.5
3.25 15.625 25093.0
3.75 15.625 16316.0
4.25 15.625 9207.0
4.75 15.625 4105.45
5.25 15.625 1073.3999999999999
5.75 15.625 126.205
6.25 15.625 2.2706
6.75 15.625 5.46e-05
7.25 15.625 0.0
7.75 15.625 0.0
8.25 15.625 0.0
8.75 15.625 0.0
0.25 15.875 56035.0
0.75 15.875 55125.0
1.25 15.875 51265.0
1.75 15.875 44763.5
2.25 15.875 38246.0
2.75 15.875 31252.500000000004
3.25 15.875 23251.5
3.75 15.875 15328.0
4.25 15.875 9149.0
4.75 15.875 3634.0
5.25 15.875 1033.6
5.75 15.875 120.36500000000001
6.25 15.875 1.9729
6.75 15.875 1.5995e-05
7.25 15.875 0.0
7.75 15.875 0.0
8.25 15.875 0.0
8.75 15.875 0.0
0.25 16.125 51800.0
0.75 16.125 50550.0
1.25 16.125 47799.0
1.75 16.125 42546.0
2.25 16.125 36430.0
2.75 16.125 28904.0
3.25 16.125 21570.5
3.75 16.125 14814.5
4.25 16.125 7930.0
4.75 16.125 3318.35
5.25 16.125 901.45
5.75 16.125 97.78
6.25 16.125 1.6649500000000002
6.75 16.125 6.756e-06
7.25 16.125 0.0
7.75 16.125 0.0
8.25 16.125 0.0
8.75 16.125 0.0
0.25 16.375 49988.5
0.75 16.375 49487.5
1.25 16.375 44695.5
1.75 16.375 38688.5
2.25 16.375 33806.0
2.75 16.375 27127.0
3.25 16.375 20204.0
3.75 16.375 13236.0
4.25 16.375 7211.5
4.75 16.375 3011.0499999999997
5.25 16.375 819.3000000000001
5.75 16.375 89.05499999999999
6.25 16.375 1.2261
6.75 16.375 3.7424499999999996e-06
7.25 16.375 0.0
7.75 16.375 0.0
8.25 16.375 0.0
8.75 16.375 0.0
0.25 16.625 47406.0
0.75 16.625 45208.5
1.25 16.625 41371.0
1.75 16.625 37578.5
2.25 16.625 31111.0
2.75 16.625 25061.0
3.25 16.625 18767.0
3.75 16.625 12306.0
4.25 16.625 6833.0
4.75 16.625 2747.35
5.25 16.625 677.55
5.75 16.625 69.23
6.25 16.625 0.913
6.75 16.625 2.1878499999999997e-06
7.25 16.625 0.0
7.75 16.625 0.0
8.25 16.625 0.0
8.75 16.625 0.0
0.25 16.875 44675.5
0.75 16.875 41832.5
1.25 16.875 38175.0
1.75 16.875 36051.5
2.25 16.875 28872.0
2.75 16.875 23835.5
3.25 16.875 17009.0
3.75 16.875 11202.5
4.25 16.875 5899.5
4.75 16.875 2479.1499999999996
5.25 16.875 611.35
5.75 16.875 62.61
6.25 16.875 0.7224499999999999
6.75 16.875 6.833e-07
7.25 16.875 0.0
7.75 16.875 0.0
8.25 16.875 0.0
8.75 16.875 0.0
0.25 17.125 41435.5
0.75 17.125 38303.5
1.25 17.125 36346.5
1.75 17.125 32952.5
2.25 17.125 28307.5
2.75 17.125 22013.5
3.25 17.125 16039.999999999998
3.75 17.125 10580.0
4.25 17.125 5655.5
4.75 17.125 2225.05
5.25 17.125 546.4000000000001
5.75 17.125 52.38
6.25 17.125 0.5509
6.75 17.125 8.867e-08
7.25 17.125 0.0
7.75 17.125 0.0
8.25 17.125 0.0
8.75 17.125 0.0
0.25 17.375 38271.5
0.75 17.375 36462.0
1.25 17.375 35211.0
1.75 17.375 31137.0
2.25 17.375 26344.0
2.75 17.375 20800.5
3.25 17.375 14930.0
3.75 17.375 9868.0
4.25 17.375 5188.5
4.75 17.375 1978.05
5.25 17.375 509.84999999999997
5.75 17.375 43.669
6.25 17.375 0.42899
6.75 17.375 3.77515e-08
7.25 17.375 0.0
7.75 17.375 0.0
8.25 17.375 0.0
8.75 17.375 0.0
0.25 17.625 35782.0
0.75 17.625 35204.5
1.25 17.625 33093.5
1.75 17.625 28384.5
2.25 17.625 24855.5
2.75 17.625 19068.5
3.25 17.625 13987.0
3.75 17.625 8572.0
4.25 17.625 4854.5
4.75 17.625 1931.85
5.25 17.625 478.315
5.75 17.625 43.364
6.25 17.625 0.301165
6.75 17.625 2.61835e-09
7.25 17.625 0.0
7.75 17.625 0.0
8.25 17.625 0.0
8.75 17.625 0.0
0.25 17.875 34935.0
0.75 17.875 33421.0
1.25 17.875 31316.499999999996
1.75 17.875 27621.0
2.25 17.875 23296.5
2.75 17.875 18170.0
3.25 17.875 13101.5
3.75 17.875 8321.5
4.25 17.875 4360.85
4.75 17.875 1795.8500000000001
5.25 17.875 439.17499999999995
5.75 17.875 34.422
6.25 17.875 0.269025
6.75 17.875 1.88115e-10
7.25 17.875 0.0
7.75 17.875 0.0
8.25 17.875 0.0
8.75 17.875 0.0
0.25 18.125 32503.499999999996
0.75 18.125 31098.5
1.25 18.125 29379.0
1.75 18.125 25677.0
2.25 18.125 22129.0
2.75 18.125 17233.5
3.25 18.125 12344.5
3.75 18.125 8129.000000000001
4.25 18.125 4132.7
4.75 18.125 1609.1499999999999
5.25 18.125 354.55
5.75 18.125 28.6155
6.25 18.125 0.20172
6.75 18.125 4.02605e-11
7.25 18.125 0.0
7.75 18.125 0.0
8.25 18.125 0.0
8.75 18.125 0.0
0.25 18.375 31015.0
0.75 18.375 29712.5
1.25 18.375 27627.5
1.75 18.375 24284.5
2.25 18.375 20640.5
2.75 18.375 16334.999999999998
3.25 18.375 11934.0
3.75 18.375 7352.5
4.25 18.375 4036.4499999999994
4.75 18.375 1414.1
5.25 18.375 342.23
5.75 18.375 24.708000000000002
6.25 18.375 0.171885
6.75 18.375 0.0
7.25 18.375 0.0
7.75 18.375 0.0
8.25 18.375 0.0
8.75 18.375 0.0
0.25 18.625 29006.5
0.75 18.625 27845.5
1.25 18.625 25388.0
1.75 18.625 22680.5
2.25 18.625 19158.0
2.75 18.625 15347.0
3.25 18.625 11285.5
3.75 18.625 6730.5
4.25 18.625 3539.05
4.75 18.625 1446.15
5.25 18.625 303.21999999999997
5.75 18.625 22.841
6.25 18.625 0.139355
6.75 18.625 0.0
7.25 18.625 0.0
7.75 18.625 0.0
8.25 18.625 0.0
8.75 18.625 0.0
0.25 18.875 27306.5
0.75 18.875 26825.5
1.25 18.875 23983.0
1.75 18.875 22026.0
2.25 18.875 18221.5
2.75 18.875 14237.0
3.25 18.875 10163.0
3.75 18.875 6277.5
4.25 18.875 3398.55
4.75 18.875 1321.05
5.25 18.875 254.84500000000003
5.75 18.875 21.1405
6.25 18.875 0.10117999999999999
6.75 18.875 0.0
7.25 18.875 0.0
7.75 18.875 0.0
8.25 18.875 0.0
8.75 18.875 0.0
0.25 19.125 25965.5
0.75 19.125 24843.0
1.25 19.125 23206.5
1.75 19.125 20679.0
2.25 19.125 17394.0
2.75 19.125 13384.0
3.25 19.125 9643.0
3.75 19.125 6108.0
4.25 19.125 3122.0499999999997
4.75 19.125 1064.4
5.25 19.125 234.185
5.75 19.125 16.611
6.25 19.125 0.069165
6.75 19.125 0.0
7.25 19.125 0.0
7.75 19.125 0.0
8.25 19.125 0.0
8.75 19.125 0.0
0.25 19.375 24400.0
0.75 19.375 24021.5
1.25 19.375 21429.5
1.75 19.375 19909.0
2.25 19.375 16078.499999999998
2.75 19.375 12697.5
3.25 19.375 9515.0
3.75 19.375 5680.0
4.25 19.375 2942.4
4.75 19.375 1021.4499999999999
5.25 19.375 206.53
5.75 19.375 15.372499999999999
6.25 19.375 0.053615
6.75 19.375 0.0
7.25 19.375 0.0
7.75 19.375 0.0
8.25 19.375 0.0
8.75 19.375 0.0
0.25 19.625 23707.0
0.75 19.625 22360.0
1.25 19.625 21461.5
1.75 19.625 18221.5
2.25 19.625 15494.5
2.75 19.625 11927.5
3.25 19.625 8918.0
3.75 19.625 5218.5
4.25 19.625 2708.2
4.75 19.625 953.4
5.25 19.625 193.76500000000001
5.75 19.625 11.767
6.25 19.625 0.0398175
6.75 19.625 0.0
7.25 19.625 0.0
7.75 19.625 0.0
8.25 19.625 0.0
8.75 19.625 0.0
0.25 19.875 22231.5
0.75 19.875 21564.0
1.25 19.875 19844.5
1.75 19.875 17419.5
2.25 19.875 14545.0
2.75 19.875 11395.0
3.25 19.875 8321.5
3.75 19.875 5023.0
4.25 19.875 2703.0499999999997
4.75 19.875 947.65
5.25 19.875 176.11999999999998
5.75 19.875 10.502999999999998
6.25 19.875 0.036276
6.75 19.875 0.0
7.25 19.875 0.0
7.75 19.875 0.0
8.25 19.875 0.0
8.75 19.875 0.0
0.25 20.125 21160.0
0.75 20.125 20249.0
1.25 20.125 18613.0
1.75 20.125 16662.5
2.25 20.125 13570.0
2.75 20.125 10958.5
3.25 20.125 7558.0
3.75 20.125 4742.25
4.25 20.125 2350.8
4.75 20.125 833.45
5.25 20.125 160.27
5.75 20.125 8.8605
6.25 20.125 0.0257665
6.75 20.125 0.0
7.25 20.125 0.0
7.75 20.125 0.0
8.25 20.125 0.0
8.75 20.125 0.0
0.25 20.375 19466.0
0.75 20.375 19305.5
1.25 20.375 18016.0
1.75 20.375 15802.5
2.25 20.375 13197.5
2.75 20.375 10400.5
3.25 20.375 7166.5
3.75 20.375 4698.9
4.25 20.375 2135.25
4.75 20.375 780.2
5.25 20.375 141.535
5.75 20.375 8.5845
6.25 20.375 0.016335
6.75 20.375 0.0
7.25 20.375 0.0
7.75 20.375 0.0
8.25 20.375 0.0
8.75 20.375 0.0
0.25 20.625 19010.5
0.75 20.625 18343.5
1.25 20.625 16899.5
1.75 20.625 15103.5
2.25 20.625 12087.5
2.75 20.625 9220.0
3.25 20.625 6762.5
3.75 20.625 4025.25
4.25 20.625 2026.8
4.75 20.625 675.6
5.25 20.625 139.87
5.75 20.625 6.5185
6.25 20.625 0.012369999999999999
6.75 20.625 0.0
7.25 20.625 0.0
7.75 20.625 0.0
8.25 20.625 0.0
8.75 20.625 0.0
0.25 20.875 18035.5
0.75 20.875 17163.0
1.25 20.875 15706.500000000002
1.75 20.875 14372.0
2.25 20.875 11857.0
2.75 20.875 9130.0
3.25 20.875 6389.0
3.75 20.875 3908.0
4.25 20.875 1886.3
4.75 20.875 666.6
5.25 20.875 129.41
5.75 20.875 5.7250000000000005
6.25 20.875 0.0084885
6.75 20.875 0.0
7.25 20.875 0.0
7.75 20.875 0.0
8.25 20.875 0.0
8.75 20.875 0.0
0.25 21.125 17124.5
0.75 21.125 16457.0
1.25 21.125 15045.5
1.75 21.125 13172.0
2.25 21.125 11311.5
2.75 21.125 8719.5
3.25 21.125 6190.0
3.75 21.125 3421.65
4.25 21.125 1710.5
4.75 21.125 644.15
5.25 21.125 118.44
5.75 21.125 5.366
6.25 21.125 0.006692
6.75 21.125 0.0
7.25 21.125 0.0
7.75 21.125 0.0
8.25 21.125 0.0
8.75 21.125 0.0
0.25 21.375 15969.500000000002
0.75 21.375 15924.500000000002
1.25 21.375 14577.0
1.75 21.375 12813.0
2.25 21.375 10496.5
2.75 21.375 8122.499999999999
3.25 21.375 5659.0
3.75 21.375 3471.0499999999997
4.25 21.375 1706.0
4.75 21.375 545.8000000000001
5.25 21.375 106.57000000000001
5.75 21.375 4.5393
6.25 21.375 0.0035378
6.75 21.375 0.0
7.25 21.375 0.0
7.75 21.375 0.0
8.25 21.375 0.0
8.75 21.375 0.0
0.25 21.625 16039.999999999998
0.75 21.625 14551.5
1.25 21.625 13967.5
1.75 21.625 11767.0
2.25 21.625 10163.0
2.75 21.625 8090.500000000001
3.25 21.625 5300.5
3.75 21.625 3181.7
4.25 21.625 1594.3999999999999
4.75 21.625 549.2
5.25 21.625 99.255
5.75 21.625 4.018400000000001
6.25 21.625 0.0031746499999999998
6.75 21.625 0.0
7.25 21.625 0.0
7.75 21.625 0.0
8.25 21.625 0.0
8.75 21.625 0.0
0.25 21.875 14911.0
0.75 21.875 14051.0
1.25 21.875 12684.5
1.75 21.875 11202.5
2.25 21.875 9521.5
2.75 21.875 7218.0
3.25 21.875 5166.0
3.75 21.875 2997.5499999999997
4.25 21.875 1418.6
4.75 21.875 467.84499999999997
5.25 21.875 87.89999999999999
5.75 21.875 3.3928
6.25 21.875 0.00279225
6.75 21.875 0.0
7.25 21.875 0.0
7.75 21.875 0.0
8.25 21.875 0.0
8.75 21.875 0.0
0.25 22.125 13801.0
0.75 22.125 13409.5
1.25 22.125 12389.5
1.75 22.125 10695.5
2.25 22.125 9220.0
2.75 22.125 7064.0
3.25 22.125 4675.25
3.75 22.125 2952.6499999999996
4.25 22.125 1359.55
4.75 22.125 420.57
5.25 22.125 74.81
5.75 22.125 2.5215
6.25 22.125 0.0018799
6.75 22.125 0.0
7.25 22.125 0.0
7.75 22.125 0.0
8.25 22.125 0.0
8.75 22.125 0.0
0.25 22.375 13467.0
0.75 22.375 12864.0
1.25 22.375 11953.0
1.75 22.375 10509.5
2.25 22.375 8783.5
2.75 22.375 6429.0
3.25 22.375 4463.55
3.75 22.375 2709.5
4.25 22.375 1262.6499999999999
4.75 22.375 394.71
5.25 22.375 61.605000000000004
5.75 22.375 2.3694499999999996
6.25 22.375 0.0012274
6.75 22.375 0.0
7.25 22.375 0.0
7.75 22.375 0.0
8.25 22.375 0.0
8.75 22.375 0.0
0.25 22.625 12389.5
0.75 22.625 12241.5
1.25 22.625 11587.5
1.75 22.625 10047.5
2.25 22.625 8064.999999999999
2.75 22.625 6327.5
3.25 22.625 4299.9
3.75 22.625 2586.9500000000003
4.25 22.625 1213.8999999999999
4.75 22.625 391.505
5.25 22.625 62.324999999999996
5.75 22.625 1.92415
6.25 22.625 0.00107595
6.75 22.625 0.0
7.25 22.625 0.0
7.75 22.625 0.0
8.25 22.625 0.0
8.75 22.625 0.0
0.25 22.875 11889.0
0.75 22.875 11831.0
1.25 22.875 10836.5
1.75 22.875 9900.0
2.25 22.875 7879.000000000001
2.75 22.875 6102.5
3.25 22.875 4255.799999999999
3.75 22.875 2527.9
4.25 22.875 1136.8999999999999
4.75 22.875 343.77000000000004
5.25 22.875 53.86
5.75 22.875 1.9216
6.25 22.875 0.00077375
6.75 22.875 0.0
7.25 22.875 0.0
7.75 22.875 0.0
8.25 22.875 0.0
8.75 22.875 0.0
0.25 23.125 11715.5
0.75 23.125 11022.5
1.25 23.125 10054.0
1.75 23.125 9155.5
2.25 23.125 7397.5
2.75 23.125 5884.5
3.25 23.125 4044.5000000000005
3.75 23.125 2267.4
4.25 23.125 1041.3
4.75 23.125 326.44500000000005
5.25 23.125 51.545
5.75 23.125 1.64635
6.25 23.125 0.0007032
6.75 23.125 0.0
7.25 23.125 0.0
7.75 23.125 0.0
8.25 23.125 0.0
8.75 23.125 0.0
0.25 23.375 11132.0
0.75 23.375 10753.0
1.25 23.375 9861.5
1.75 23.375 8430.5
2.25 23.375 7096.0
2.75 23.375 5218.0
3.25 23.375 3739.25
3.75 23.375 2146.15
4.25 23.375 1089.45
4.75 23.375 323.17499999999995
5.25 23.375 41.692
5.75 23.375 1.5963
6.25 23.375 0.000338445
6.75 23.375 0.0
7.25 23.375 0.0
7.75 23.375 0.0
8.25 23.375 0.0
8.75 23.375 0.0
0.25 23.625 10637.5
0.75 23.625 10483.5
1.25 23.625 9226.0
1.75 23.625 8366.5
2.25 23.625 6775.5
2.75 23.625 5106.5
3.25 23.625 3513.3999999999996
3.75 23.625 2176.2999999999997
4.25 23.625 963.6999999999999
4.75 23.625 264.78999999999996
5.25 23.625 38.977000000000004
5.75 23.625 1.2241499999999998
6.25 23.625 0.00021371499999999998
6.75 23.625 0.0
7.25 23.625 0.0
7.75 23.625 0.0
8.25 23.625 0.0
8.75 23.625 0.0
0.25 23.875 10407.0
0.75 23.875 9868.0
1.25 23.875 9200.5
1.75 23.875 7879.000000000001
2.25 23.875 6206.5
2.75 23.875 5132.0
3.25 23.875 3297.8
3.75 23.875 1917.1
4.25 23.875 845.0
4.75 23.875 250.35
5.25 23.875 39.0925
5.75 23.875 0.9297
6.25 23.875 0.00012999000000000002
6.75 23.875 0.0
7.25 23.875 0.0
7.75 23.875 0.0
8.25 23.875 0.0
8.75 23.875 0.0
0.25 24.125 9553.5
0.75 24.125 9123.5
1.25 24.125 8681.0
1.75 24.125 7609.5
2.25 24.125 5959.5
2.75 24.125 4625.95
3.25 24.125 3025.7999999999997
3.75 24.125 1883.75
4.25 24.125 787.25
4.75 24.125 219.23499999999999
5.25 24.125 31.926
5.75 24.125 0.80455
6.25 24.125 0.00010996999999999999
6.75 24.125 0.0
7.25 24.125 0.0
7.75 24.125 0.0
8.25 24.125 0.0
8.75 24.125 0.0
0.25 24.375 9303.0
0.75 24.375 8726.0
1.25 24.375 8244.5
1.75 24.375 7186.0
2.25 24.375 5883.5
2.75 24.375 4675.25
3.25 24.375 3153.45
3.75 24.375 1664.3
4.25 24.375 788.55
4.75 24.375 217.76
5.25 24.375 26.8125
5.75 24.375 0.8264
6.25 24.375 7.0065e-05
6.75 24.375 0.0
7.25 24.375 0.0
7.75 24.375 0.0
8.25 24.375 0.0
8.75 24.375 0.0
0.25 24.625 8642.5
0.75 24.625 8373.0
1.25 24.625 7731.5
1.75 24.625 6788.0
2.25 24.625 5641.5
2.75 24.625 4241.8
3.25 24.625 2879.5
3.75 24.625 1619.4
4.25 24.625 726.3000000000001
4.75 24.625 204.155
5.25 24.625 27.807
5.75 24.625 0.72565
6.25 24.625 4.2847e-05
6.75 24.625 0.0
7.25 24.625 0.0
7.75 24.625 0.0
8.25 24.625 0.0
8.75 24.625 0.0
0.25 24.875 8283.0
0.75 24.875 7814.5
1.25 24.875 7442.5
1.75 24.875 6801.0
2.25 24.875 5419.5
2.75 24.875 3864.35
3.25 24.875 2675.45
3.75 24.875 1476.3
4.25 24.875 658.9
4.75 24.875 181.25
5.25 24.875 22.776999999999997
5.75 24.875 0.5250499999999999
6.25 24.875 3.98115e-05
6.75 24.875 0.0
7.25 24.875 0.0
7.75 24.875 0.0
8.25 24.875 0.0
8.75 24.875 0.0
