11.294627058970837 154.17427782308647
14.219093021276404 192.7822835011151
17.900777537149963 400.0932548591766
22.535743732392298 1030.2937697765965
28.370820458389794 2137.8517408184953
35.71674682851676 2735.28210728761
44.96472020903849 4117.048654344991
56.60722890537329 6571.977280967296
71.26427896022373 7786.703861888909
89.71641173621407 10533.894322702676
112.94627058970838 11193.12287829208
142.1909302127641 14094.631190897635
179.00777537149963 15915.133792266752
225.35743732392305 15285.591278680979
283.7082045838981 14605.707579912865
357.1674682851676 12273.457147896625
449.6472020903849 11389.431087930177
566.0722890537327 9150.521317937135
712.6427896022376 7249.479087580286
897.164117362141 6354.227218486834
1129.4627058970837 5383.49101669513
1421.9093021276408 3335.8404415062687
1790.0777537149975 1924.4130297840748
2253.5743732392316 941.2090644763084
2837.082045838981 422.5968422834121
3571.674682851676 103.27611535883625
4496.47202090385 26.49678226641845
5660.72289053733 3.7847702812287025
7126.427896022379 0.4238671566999983
8971.64117362141 0.022343909629853442
