11.294627058970837 696.2939236052637
14.219093021276404 325.59706701084974
17.900777537149963 424.2512830766741
22.535743732392298 3578.1514942714543
28.370820458389794 4104.136010925875
35.71674682851676 10186.129828173707
44.96472020903849 15810.451500660787
56.60722890537329 23750.055419021242
71.26427896022373 40309.66598429279
89.71641173621407 63370.8001682241
112.94627058970838 71450.99785903457
142.1909302127641 88105.96502256836
179.00777537149963 100834.20191503916
225.35743732392305 147184.1979753949
283.7082045838981 134631.87296605262
357.1674682851676 148757.27295624744
449.6472020903849 147280.76538611355
566.0722890537327 128332.6071065116
712.6427896022376 101861.49011615152
897.164117362141 84859.13885590225
1129.4627058970837 58616.53543348913
1421.9093021276408 34520.698919614544
1790.0777537149975 17482.27165865898
2253.5743732392316 6680.746484372532
2837.082045838981 2147.6272671155166
3571.674682851676 656.7153565797489
4496.47202090385 119.9807598667685
5660.72289053733 18.622463181149215
7126.427896022379 1.2897097505629063
8971.64117362141 0.0966121437959373
