11.294627058970837 66.67827468194773
14.219093021276404 77.49979031602987
17.900777537149963 800.4514564345551
22.535743732392298 1346.7112329310698
28.370820458389794 1351.6749855214234
35.71674682851676 2180.8928313137694
44.96472020903849 3605.049776001435
56.60722890537329 6210.448131803483
71.26427896022373 6934.29278493858
89.71641173621407 11626.514328224537
112.94627058970838 17385.14303740288
142.1909302127641 23496.82804081074
179.00777537149963 27201.042331264398
225.35743732392305 31082.060025903163
283.7082045838981 28800.982594225527
357.1674682851676 26635.007715568907
449.6472020903849 24846.443255255726
566.0722890537327 21143.413980870653
712.6427896022376 20584.15798737554
897.164117362141 16961.906204963772
1129.4627058970837 13582.323138334323
1421.9093021276408 11260.189891164599
1790.0777537149975 6418.500404232473
2253.5743732392316 3106.432003192778
2837.082045838981 1476.4513896188582
3571.674682851676 353.39083645667415
4496.47202090385 79.02798120694933
5660.72289053733 15.440026599448174
7126.427896022379 1.1703231451101601
8971.64117362141 0.053602586791384965
