0.25 0.125 15096135.1442
0.75 0.125 15206015.4422
1.25 0.125 15099679.6699
1.75 0.125 15964543.9515
2.25 0.125 15408053.4097
2.75 0.125 16099235.9298
3.25 0.125 16623825.7399
3.75 0.125 16630914.7914
4.25 0.125 16014167.3119
4.75 0.125 14791305.9302
5.25 0.125 12923340.863
5.75 0.125 10856882.3542
6.25 0.125 9279568.39809
6.75 0.125 8007083.65595
7.25 0.125 6755866.06828
7.75 0.125 4508636.74651
8.25 0.125 1644659.94527
8.75 0.125 155959.132741
0.25 0.375 48209094.6457
0.75 0.375 47688049.3613
1.25 0.375 47744761.7732
1.75 0.375 47602980.7434
2.25 0.375 47167004.0769
2.75 0.375 47092569.0363
3.25 0.375 47450566.1364
3.75 0.375 47610069.7949
4.25 0.375 45894519.3348
4.75 0.375 43016364.4305
5.25 0.375 38638875.1366
5.75 0.375 33229928.8511
6.25 0.375 27225502.2405
6.75 0.375 22918903.4614
7.25 0.375 18598126.5794
7.75 0.375 11569332.0288
8.25 0.375 4384578.34547
8.75 0.375 287106.585273
0.25 0.625 79131537.2373
0.75 0.625 78684926.9935
1.25 0.625 78653026.2618
1.75 0.625 77043811.574
2.25 0.625 76171858.241
2.75 0.625 74750503.4176
3.25 0.625 74477574.9353
3.75 0.625 72620243.4454
4.25 0.625 69107618.433
4.75 0.625 65038502.8787
5.25 0.625 58895839.7642
5.75 0.625 50605194.0487
6.25 0.625 42566209.661
6.75 0.625 33885666.1137
7.25 0.625 25750979.531
7.75 0.625 15702249.0464
8.25 0.625 5274254.30724
8.75 0.625 372175.203132
0.25 0.875 99267987.9896
0.75 0.875 99299888.7213
1.25 0.875 96559970.3211
1.75 0.875 96081459.3456
2.25 0.875 92753149.6719
2.75 0.875 88733657.4781
3.25 0.875 86614031.0831
3.75 0.875 85540039.7827
4.25 0.875 80825820.543
4.75 0.875 75767782.3061
5.25 0.875 69231676.834
5.75 0.875 60278204.8044
6.25 0.875 49761596.9216
6.75 0.875 38681409.4455
7.25 0.875 28175435.1399
7.75 0.875 15971633.003
8.25 0.875 4278242.57314
8.75 0.875 113424.823812
0.25 1.125 104793903.625
0.75 1.125 104063731.321
1.25 1.125 102528951.674
1.75 1.125 98874545.632
2.25 1.125 95617126.4732
2.75 1.125 90824927.6671
3.25 1.125 87939683.7114
3.75 1.125 83888290.7859
4.25 1.125 79705750.4078
4.75 1.125 74764681.5206
5.25 1.125 67781965.8047
5.75 1.125 58498852.8808
6.25 1.125 48563547.2201
6.75 1.125 36317210.7742
7.25 1.125 25350448.1219
7.75 1.125 13196269.3453
8.25 1.125 2842709.64678
8.75 1.125 67345.9891381
0.25 1.375 97283053.5729
0.75 1.375 97024303.1936
1.25 1.375 95702195.091
1.75 1.375 91406229.8892
2.25 1.375 89318504.2259
2.75 1.375 83668530.1898
3.25 1.375 80333131.4646
3.75 1.375 75870573.5527
4.25 1.375 70908237.511
4.75 1.375 66151483.9624
5.25 1.375 59097877.7316
5.75 1.375 50796598.4389
6.25 1.375 41300813.9704
6.75 1.375 31599447.0088
7.25 1.375 20430646.3891
7.75 1.375 9570219.5091
8.25 1.375 1612759.21357
8.75 1.375 14178.1029764
0.25 1.625 86206410.6225
0.75 1.625 83849301.0027
1.25 1.625 82296798.7268
1.75 1.625 79819175.2317
2.25 1.625 75884751.6557
2.75 1.625 72446561.6839
3.25 1.625 68933936.6715
3.75 1.625 63925521.7951
4.25 1.625 59232569.7099
4.75 1.625 53837801.5273
5.25 1.625 47673871.2583
5.75 1.625 39836924.8381
6.25 1.625 31978711.2634
6.75 1.625 23379691.8082
7.25 1.625 14706237.3123
7.75 1.625 5713775.49951
8.25 1.625 645103.685428
8.75 1.625 3544.52574411
0.25 1.875 71443460.8983
0.75 1.875 70543151.3593
1.25 1.875 68955203.826
1.75 1.875 65931723.3662
2.25 1.875 63014578.6788
2.75 1.875 59760704.0457
3.25 1.875 56191366.6214
3.75 1.875 52260487.5712
4.25 1.875 47496644.9711
4.75 1.875 42151500.149
5.25 1.875 36682296.9258
5.75 1.875 30330506.7924
6.25 1.875 23588818.8271
6.75 1.875 16407609.6695
7.25 1.875 10091264.7935
7.75 1.875 3246785.58161
8.25 1.875 269383.956553
8.75 1.875 0.0
0.25 2.125 58211746.2956
0.75 2.125 56942806.0792
1.25 2.125 56669877.5969
1.75 2.125 55113830.7952
2.25 2.125 51115605.7558
2.75 2.125 48623804.1577
3.25 2.125 45050922.2077
3.75 2.125 41141310.3119
4.25 2.125 36253409.3108
4.75 2.125 32141759.4476
5.25 2.125 27342471.5901
5.75 2.125 22135563.272
6.25 2.125 16216205.2793
6.75 2.125 11540975.8228
7.25 2.125 6408502.54535
7.75 2.125 1758084.76908
8.25 2.125 81524.0921146
8.75 2.125 0.0
0.25 2.375 47223716.4888
0.75 2.375 46415564.6191
1.25 2.375 45454998.1425
1.75 2.375 45387652.1534
2.25 2.375 41456773.1031
2.75 2.375 38890536.4644
3.25 2.375 35849333.3759
3.75 2.375 32219739.014
4.25 2.375 28239236.6033
4.75 2.375 24995995.5475
5.25 2.375 20253420.1019
5.75 2.375 16230383.3823
6.25 2.375 11657945.1724
6.75 2.375 7737699.6994
7.25 2.375 3767830.86599
7.75 2.375 705360.623078
8.25 2.375 3544.52574411
8.75 2.375 0.0
0.25 2.625 38057572.9145
0.75 2.625 36586594.7307
1.25 2.625 36072638.4978
1.75 2.625 34541403.3764
2.25 2.625 32864842.6994
2.75 2.625 30908264.4887
3.25 2.625 28575966.549
3.75 2.625 25602109.4497
4.25 2.625 22075306.3343
4.75 2.625 18906500.3191
5.25 2.625 14606990.5915
5.75 2.625 11608321.812
6.25 2.625 8010628.18169
6.75 2.625 5206908.3181
7.25 2.625 2119626.39498
7.75 2.625 386353.306108
8.25 2.625 0.0
8.75 2.625 0.0
0.25 2.875 30061122.8358
0.75 2.875 30472287.8221
1.25 2.875 29465642.5108
1.75 2.875 28405829.3133
2.25 2.875 26116065.6826
2.75 2.875 24694710.8592
3.25 2.875 22451026.0632
3.75 2.875 20093916.4434
4.25 2.875 17049168.8292
4.75 2.875 13972520.4833
5.25 2.875 11310581.6495
5.75 2.875 8389892.43631
6.25 2.875 5770487.91141
6.75 2.875 3282230.83905
7.25 2.875 1244128.53618
7.75 2.875 159503.658485
8.25 2.875 0.0
8.75 2.875 0.0
0.25 3.125 24496217.4176
0.75 3.125 23840480.1549
1.25 3.125 23496661.1577
1.75 3.125 22514827.5266
2.25 3.125 20816999.6952
2.75 3.125 19657939.7768
3.25 3.125 18211773.2732
3.75 3.125 15794406.7158
4.25 3.125 13391218.2613
4.75 3.125 10991574.3325
5.25 3.125 8304823.81845
5.75 3.125 5954803.25011
6.25 3.125 4129372.49189
6.75 3.125 2172794.28114
7.25 3.125 790429.240937
7.75 3.125 70890.5148822
8.25 3.125 0.0
8.75 3.125 0.0
0.25 3.375 19739463.869
0.75 3.375 19470079.9124
1.25 3.375 18715095.9289
1.75 3.375 17867954.2761
2.25 3.375 17268929.4253
2.75 3.375 15436409.6156
3.25 3.375 14185192.0279
3.75 3.375 12097466.3647
4.25 3.375 10431539.2649
4.75 3.375 8216210.67485
5.25 3.375 6210009.10368
5.75 3.375 4193173.95528
6.25 3.375 2863976.80124
6.75 3.375 1506423.44125
7.25 3.375 414709.512061
7.75 3.375 38989.7831852
8.25 3.375 0.0
8.75 3.375 0.0
0.25 3.625 15985811.1059
0.75 3.625 15964543.9515
1.25 3.625 15223738.071
1.75 3.625 14447486.933
2.25 3.625 13618067.9089
2.75 3.625 12193168.5597
3.25 3.625 10814348.0453
3.75 3.625 9626931.92101
4.25 3.625 8010628.18169
4.75 3.625 6387235.39089
5.25 3.625 4480280.54056
5.75 3.625 3069559.2944
6.25 3.625 1889232.22161
6.75 3.625 868408.807307
7.25 3.625 216216.070391
7.75 3.625 14178.1029764
8.25 3.625 0.0
8.75 3.625 0.0
0.25 3.875 12912707.2858
0.75 3.875 12487364.1965
1.25 3.875 12072654.6844
1.75 3.875 11640222.5437
2.25 3.875 10842704.2512
2.75 3.875 9949483.76372
3.25 3.875 8733711.43349
3.75 3.875 7539206.25773
4.25 3.875 6415591.59684
4.75 3.875 4817010.48625
5.25 3.875 3629594.36197
5.75 3.875 2389010.35153
6.25 3.875 1570224.90464
6.75 3.875 662826.314149
7.25 3.875 138236.50402
7.75 3.875 7089.05148822
8.25 3.875 0.0
8.75 3.875 0.0
0.25 4.125 10498885.2541
0.75 4.125 10591042.9234
1.25 4.125 10077086.6905
1.75 4.125 9506418.04571
2.25 4.125 9010184.44153
2.75 4.125 7617185.8241
3.25 4.125 7081962.43674
3.75 4.125 5947714.19862
4.25 4.125 4976514.14473
4.75 4.125 4033670.2968
5.25 4.125 2821442.49231
5.75 4.125 1779351.92354
6.25 4.125 985378.156863
6.75 4.125 421798.563549
7.25 4.125 63801.463394
7.75 4.125 7089.05148822
8.25 4.125 0.0
8.75 4.125 0.0
0.25 4.375 8432426.74524
0.75 4.375 8386347.91057
1.25 4.375 8474961.05417
1.75 4.375 7723521.59642
2.25 4.375 7510850.05177
2.75 4.375 6252543.41261
3.25 4.375 5483381.32614
3.75 4.375 4607883.46735
4.25 4.375 3927334.52448
4.75 4.375 3229062.95289
5.25 4.375 2179883.33263
5.75 4.375 1361097.88574
6.25 4.375 815240.921146
6.75 4.375 315462.791226
7.25 4.375 17722.6287206
7.75 4.375 0.0
8.25 4.375 0.0
8.75 4.375 0.0
0.25 4.625 7064239.80802
0.75 4.625 7032339.07632
1.25 4.625 6585728.83256
1.75 4.625 6078861.65115
2.25 4.625 5947714.19862
2.75 4.625 5132473.27747
3.25 4.625 4696496.61095
3.75 4.625 3909611.89576
4.25 4.625 3193617.69544
4.75 4.625 2339386.99111
5.25 4.625 1616303.73932
5.75 4.625 1056268.67175
6.25 4.625 524589.810129
6.75 4.625 145325.555509
7.25 4.625 24811.6802088
7.75 4.625 0.0
8.25 4.625 0.0
8.75 4.625 0.0
0.25 4.875 5664152.13909
0.75 4.875 5533004.68656
1.25 4.875 5323877.66766
1.75 4.875 5050949.18536
2.25 4.875 4856000.26943
2.75 4.875 4331410.4593
3.25 4.875 3484268.80646
3.75 4.875 3041203.08845
4.25 4.875 2626493.57639
4.75 4.875 1825430.75822
5.25 4.875 1233494.95895
5.75 4.875 793973.766681
6.25 4.875 414709.512061
6.75 4.875 113424.823812
7.25 4.875 21267.1544647
7.75 4.875 0.0
8.25 4.875 0.0
8.75 4.875 0.0
0.25 5.125 4618517.04458
0.75 5.125 4717763.76541
1.25 5.125 4317232.35633
1.75 5.125 4278242.57314
2.25 5.125 4019492.19382
2.75 5.125 3370843.98265
3.25 5.125 2970312.57357
3.75 5.125 2474078.96939
4.25 5.125 1917588.42756
4.75 5.125 1463889.13232
5.25 5.125 1003100.78558
5.75 5.125 609658.427987
6.25 5.125 287106.585273
6.75 5.125 102791.246579
7.25 5.125 10633.5772323
7.75 5.125 0.0
8.25 5.125 0.0
8.75 5.125 0.0
0.25 5.375 3629594.36197
0.75 5.375 3849354.95811
1.25 5.375 3920245.47299
1.75 5.375 3569337.42432
2.25 5.375 3204251.27268
2.75 5.375 2754096.50318
3.25 5.375 2513068.75258
3.75 5.375 2073547.56031
4.25 5.375 1637570.89378
4.75 5.375 1226405.90746
5.25 5.375 779795.663705
5.75 5.375 443065.718014
6.25 5.375 187859.864438
6.75 5.375 56712.4119058
7.25 5.375 0.0
7.75 5.375 0.0
8.25 5.375 0.0
8.75 5.375 0.0
0.25 5.625 3232607.47863
0.75 5.625 3296408.94202
1.25 5.625 3186528.64396
1.75 5.625 2920689.21315
2.25 5.625 2708017.6685
2.75 5.625 2410277.506
3.25 5.625 1992023.46819
3.75 5.625 1669471.62548
4.25 5.625 1389454.09169
4.75 5.625 1010189.83707
5.25 5.625 570668.644802
5.75 5.625 365086.151644
6.25 5.625 202037.967414
6.75 5.625 17722.6287206
7.25 5.625 3544.52574411
7.75 5.625 0.0
8.25 5.625 0.0
8.75 5.625 0.0
0.25 5.875 2708017.6685
0.75 5.875 2761185.55466
1.25 5.875 2704473.14276
1.75 5.875 2346476.0426
2.25 5.875 2158616.17816
2.75 5.875 1928222.0048
3.25 5.875 1797074.55226
3.75 5.875 1300840.94809
4.25 5.875 875497.858796
4.75 5.875 751439.457752
5.25 5.875 492689.078432
5.75 5.875 297740.162505
6.25 5.875 116969.349556
6.75 5.875 7089.05148822
7.25 5.875 0.0
7.75 5.875 0.0
8.25 5.875 0.0
8.75 5.875 0.0
0.25 6.125 2385465.82579
0.75 6.125 2080636.61179
1.25 6.125 1953033.68501
1.75 6.125 2066458.50882
2.25 6.125 1899865.79884
2.75 6.125 1520601.54422
3.25 6.125 1304385.47383
3.75 6.125 1173238.0213
4.25 6.125 776251.137961
4.75 6.125 581302.222034
5.25 6.125 368630.677388
5.75 6.125 226849.647623
6.25 6.125 102791.246579
6.75 6.125 24811.6802088
7.25 6.125 0.0
7.75 6.125 0.0
8.25 6.125 0.0
8.75 6.125 0.0
0.25 6.375 1949489.15926
0.75 6.375 1917588.42756
1.25 6.375 1839608.86119
1.75 6.375 1651748.99676
2.25 6.375 1488700.81253
2.75 6.375 1304385.47383
3.25 6.375 1109436.55791
3.75 6.375 882586.910284
4.25 6.375 694727.045846
4.75 6.375 524589.810129
5.25 6.375 280017.533785
5.75 6.375 163048.184229
6.25 6.375 67345.9891381
6.75 6.375 7089.05148822
7.25 6.375 0.0
7.75 6.375 0.0
8.25 6.375 0.0
8.75 6.375 0.0
0.25 6.625 1665927.09973
0.75 6.625 1619848.26506
1.25 6.625 1616303.73932
1.75 6.625 1354008.83425
2.25 6.625 1403632.19467
2.75 6.625 1109436.55791
3.25 6.625 925121.219213
3.75 6.625 747894.932008
4.25 6.625 584846.747778
4.75 6.625 439521.19227
5.25 6.625 265839.430808
5.75 6.625 116969.349556
6.25 6.625 67345.9891381
6.75 6.625 3544.52574411
7.25 6.625 0.0
7.75 6.625 0.0
8.25 6.625 0.0
8.75 6.625 0.0
0.25 6.875 1329197.15404
0.75 6.875 1403632.19467
1.25 6.875 1229950.43321
1.75 6.875 1219316.85597
2.25 6.875 1006645.31133
2.75 6.875 992467.208351
3.25 6.875 698271.57159
3.75 6.875 560035.06757
4.25 6.875 482055.501199
4.75 6.875 319007.31697
5.25 6.875 170137.235717
5.75 6.875 95702.195091
6.25 6.875 42534.3089293
6.75 6.875 7089.05148822
7.25 6.875 0.0
7.75 6.875 0.0
8.25 6.875 0.0
8.75 6.875 0.0
0.25 7.125 1116525.6094
0.75 7.125 1151970.86684
1.25 7.125 1073991.30047
1.75 7.125 1031456.99154
2.25 7.125 1027912.46579
2.75 7.125 829419.024122
3.25 7.125 815240.921146
3.75 7.125 581302.222034
4.25 7.125 407620.460573
4.75 7.125 272928.482297
5.25 7.125 173681.761461
5.75 7.125 92157.6693469
6.25 7.125 31900.731697
6.75 7.125 3544.52574411
7.25 7.125 0.0
7.75 7.125 0.0
8.25 7.125 0.0
8.75 7.125 0.0
0.25 7.375 992467.208351
0.75 7.375 1013734.36282
1.25 7.375 921576.693469
1.75 7.375 762073.034984
2.25 7.375 747894.932008
2.75 7.375 733716.829031
3.25 7.375 542312.438849
3.75 7.375 552946.016081
4.25 7.375 329640.894202
4.75 7.375 248116.802088
5.25 7.375 116969.349556
5.75 7.375 102791.246579
6.25 7.375 42534.3089293
6.75 7.375 0.0
7.25 7.375 0.0
7.75 7.375 0.0
8.25 7.375 0.0
8.75 7.375 0.0
0.25 7.625 864864.281563
0.75 7.625 871953.333052
1.25 7.625 790429.240937
1.75 7.625 765617.560728
2.25 7.625 648648.211172
2.75 7.625 563579.593314
3.25 7.625 428887.615038
3.75 7.625 333185.419947
4.25 7.625 272928.482297
4.75 7.625 191404.390182
5.25 7.625 88613.1436028
5.75 7.625 38989.7831852
6.25 7.625 28356.2059529
6.75 7.625 7089.05148822
7.25 7.625 0.0
7.75 7.625 0.0
8.25 7.625 0.0
8.75 7.625 0.0
0.25 7.875 662826.314149
0.75 7.875 691182.520102
1.25 7.875 705360.623078
1.75 7.875 584846.747778
2.25 7.875 524589.810129
2.75 7.875 439521.19227
3.25 7.875 357997.100155
3.75 7.875 343818.997179
4.25 7.875 241027.7506
4.75 7.875 152414.606997
5.25 7.875 102791.246579
5.75 7.875 81524.0921146
6.25 7.875 10633.5772323
6.75 7.875 0.0
7.25 7.875 0.0
7.75 7.875 0.0
8.25 7.875 0.0
8.75 7.875 0.0
0.25 8.125 620292.00522
0.75 8.125 595480.325011
1.25 8.125 563579.593314
1.75 8.125 517500.75864
2.25 8.125 521045.284384
2.75 8.125 414709.512061
3.25 8.125 372175.203132
3.75 8.125 272928.482297
4.25 8.125 202037.967414
4.75 8.125 85068.6178587
5.25 8.125 67345.9891381
5.75 8.125 38989.7831852
6.25 8.125 0.0
6.75 8.125 0.0
7.25 8.125 0.0
7.75 8.125 0.0
8.25 8.125 0.0
8.75 8.125 0.0
0.25 8.375 531678.861617
0.75 8.375 545856.964593
1.25 8.375 474966.449711
1.75 8.375 400531.409085
2.25 8.375 443065.718014
2.75 8.375 393442.357596
3.25 8.375 322551.842714
3.75 8.375 237483.224856
4.25 8.375 184315.338694
4.75 8.375 116969.349556
5.25 8.375 74435.0406264
5.75 8.375 17722.6287206
6.25 8.375 10633.5772323
6.75 8.375 3544.52574411
7.25 8.375 0.0
7.75 8.375 0.0
8.25 8.375 0.0
8.75 8.375 0.0
0.25 8.625 414709.512061
0.75 8.625 542312.438849
1.25 8.625 446610.243758
1.75 8.625 425343.089293
2.25 8.625 389897.831852
2.75 8.625 304829.213994
3.25 8.625 255205.853576
3.75 8.625 241027.7506
4.25 8.625 145325.555509
4.75 8.625 63801.463394
5.25 8.625 60256.9376499
5.75 8.625 14178.1029764
6.25 8.625 10633.5772323
6.75 8.625 0.0
7.25 8.625 0.0
7.75 8.625 0.0
8.25 8.625 0.0
8.75 8.625 0.0
0.25 8.875 453699.295246
0.75 8.875 414709.512061
1.25 8.875 326096.368458
1.75 8.875 372175.203132
2.25 8.875 326096.368458
2.75 8.875 333185.419947
3.25 8.875 237483.224856
3.75 8.875 166592.709973
4.25 8.875 120513.8753
4.75 8.875 49623.3604176
5.25 8.875 74435.0406264
5.75 8.875 28356.2059529
6.25 8.875 0.0
6.75 8.875 0.0
7.25 8.875 0.0
7.75 8.875 0.0
8.25 8.875 0.0
8.75 8.875 0.0
0.25 9.125 347363.522923
0.75 9.125 382808.780364
1.25 9.125 347363.522923
1.75 9.125 287106.585273
2.25 9.125 304829.213994
2.75 9.125 241027.7506
3.25 9.125 205582.493158
3.75 9.125 184315.338694
4.25 9.125 120513.8753
4.75 9.125 56712.4119058
5.25 9.125 49623.3604176
5.75 9.125 10633.5772323
6.25 9.125 0.0
6.75 9.125 0.0
7.25 9.125 0.0
7.75 9.125 0.0
8.25 9.125 0.0
8.75 9.125 0.0
0.25 9.375 343818.997179
0.75 9.375 258750.37932
1.25 9.375 301284.68825
1.75 9.375 230394.173367
2.25 9.375 244572.276344
2.75 9.375 226849.647623
3.25 9.375 163048.184229
3.75 9.375 131147.452532
4.25 9.375 85068.6178587
4.75 9.375 56712.4119058
5.25 9.375 53167.8861617
5.75 9.375 10633.5772323
6.25 9.375 3544.52574411
6.75 9.375 0.0
7.25 9.375 0.0
7.75 9.375 0.0
8.25 9.375 0.0
8.75 9.375 0.0
0.25 9.625 322551.842714
0.75 9.625 230394.173367
1.25 9.625 216216.070391
1.75 9.625 216216.070391
2.25 9.625 191404.390182
2.75 9.625 187859.864438
3.25 9.625 124058.401044
3.75 9.625 124058.401044
4.25 9.625 102791.246579
4.75 9.625 38989.7831852
5.25 9.625 35445.2574411
5.75 9.625 7089.05148822
6.25 9.625 0.0
6.75 9.625 0.0
7.25 9.625 0.0
7.75 9.625 0.0
8.25 9.625 0.0
8.75 9.625 0.0
0.25 9.875 269383.956553
0.75 9.875 202037.967414
1.25 9.875 226849.647623
1.75 9.875 198493.44167
2.25 9.875 145325.555509
2.75 9.875 138236.50402
3.25 9.875 134691.978276
3.75 9.875 95702.195091
4.25 9.875 70890.5148822
4.75 9.875 42534.3089293
5.25 9.875 38989.7831852
5.75 9.875 10633.5772323
6.25 9.875 0.0
6.75 9.875 0.0
7.25 9.875 0.0
7.75 9.875 0.0
8.25 9.875 0.0
8.75 9.875 0.0
0.25 10.125 191404.390182
0.75 10.125 233938.699111
1.25 10.125 226849.647623
1.75 10.125 219760.596135
2.25 10.125 163048.184229
2.75 10.125 155959.132741
3.25 10.125 116969.349556
3.75 10.125 81524.0921146
4.25 10.125 67345.9891381
4.75 10.125 24811.6802088
5.25 10.125 38989.7831852
5.75 10.125 7089.05148822
6.25 10.125 3544.52574411
6.75 10.125 0.0
7.25 10.125 0.0
7.75 10.125 0.0
8.25 10.125 0.0
8.75 10.125 0.0
0.25 10.375 173681.761461
0.75 10.375 127602.926788
1.25 10.375 155959.132741
1.75 10.375 163048.184229
2.25 10.375 159503.658485
2.75 10.375 131147.452532
3.25 10.375 120513.8753
3.75 10.375 92157.6693469
4.25 10.375 31900.731697
4.75 10.375 21267.1544647
5.25 10.375 10633.5772323
5.75 10.375 3544.52574411
6.25 10.375 0.0
6.75 10.375 0.0
7.25 10.375 0.0
7.75 10.375 0.0
8.25 10.375 0.0
8.75 10.375 0.0
0.25 10.625 152414.606997
0.75 10.625 163048.184229
1.25 10.625 155959.132741
1.75 10.625 173681.761461
2.25 10.625 148870.081253
2.75 10.625 138236.50402
3.25 10.625 81524.0921146
3.75 10.625 60256.9376499
4.25 10.625 53167.8861617
4.75 10.625 21267.1544647
5.25 10.625 10633.5772323
5.75 10.625 7089.05148822
6.25 10.625 0.0
6.75 10.625 0.0
7.25 10.625 0.0
7.75 10.625 0.0
8.25 10.625 0.0
8.75 10.625 0.0
0.25 10.875 145325.555509
0.75 10.875 170137.235717
1.25 10.875 155959.132741
1.75 10.875 124058.401044
2.25 10.875 109880.298067
2.75 10.875 99246.7208351
3.25 10.875 77979.5663705
3.75 10.875 49623.3604176
4.25 10.875 42534.3089293
4.75 10.875 31900.731697
5.25 10.875 17722.6287206
5.75 10.875 7089.05148822
6.25 10.875 3544.52574411
6.75 10.875 0.0
7.25 10.875 0.0
7.75 10.875 0.0
8.25 10.875 0.0
8.75 10.875 0.0
0.25 11.125 163048.184229
0.75 11.125 124058.401044
1.25 11.125 124058.401044
1.75 11.125 95702.195091
2.25 11.125 113424.823812
2.75 11.125 88613.1436028
3.25 11.125 42534.3089293
3.75 11.125 56712.4119058
4.25 11.125 31900.731697
4.75 11.125 14178.1029764
5.25 11.125 17722.6287206
5.75 11.125 3544.52574411
6.25 11.125 0.0
6.75 11.125 0.0
7.25 11.125 0.0
7.75 11.125 0.0
8.25 11.125 0.0
8.75 11.125 0.0
0.25 11.375 99246.7208351
0.75 11.375 102791.246579
1.25 11.375 106335.772323
1.75 11.375 116969.349556
2.25 11.375 95702.195091
2.75 11.375 109880.298067
3.25 11.375 42534.3089293
3.75 11.375 35445.2574411
4.25 11.375 24811.6802088
4.75 11.375 17722.6287206
5.25 11.375 7089.05148822
5.75 11.375 3544.52574411
6.25 11.375 0.0
6.75 11.375 0.0
7.25 11.375 0.0
7.75 11.375 0.0
8.25 11.375 0.0
8.75 11.375 0.0
0.25 11.625 63801.463394
0.75 11.625 109880.298067
1.25 11.625 134691.978276
1.75 11.625 88613.1436028
2.25 11.625 81524.0921146
2.75 11.625 67345.9891381
3.25 11.625 35445.2574411
3.75 11.625 24811.6802088
4.25 11.625 21267.1544647
4.75 11.625 7089.05148822
5.25 11.625 7089.05148822
5.75 11.625 0.0
6.25 11.625 0.0
6.75 11.625 0.0
7.25 11.625 0.0
7.75 11.625 0.0
8.25 11.625 0.0
8.75 11.625 0.0
0.25 11.875 99246.7208351
0.75 11.875 102791.246579
1.25 11.875 92157.6693469
1.75 11.875 106335.772323
2.25 11.875 77979.5663705
2.75 11.875 74435.0406264
3.25 11.875 67345.9891381
3.75 11.875 35445.2574411
4.25 11.875 24811.6802088
4.75 11.875 7089.05148822
5.25 11.875 0.0
5.75 11.875 3544.52574411
6.25 11.875 0.0
6.75 11.875 0.0
7.25 11.875 0.0
7.75 11.875 0.0
8.25 11.875 0.0
8.75 11.875 0.0
0.25 12.125 88613.1436028
0.75 12.125 74435.0406264
1.25 12.125 60256.9376499
1.75 12.125 70890.5148822
2.25 12.125 56712.4119058
2.75 12.125 46078.8346735
3.25 12.125 24811.6802088
3.75 12.125 35445.2574411
4.25 12.125 28356.2059529
4.75 12.125 7089.05148822
5.25 12.125 14178.1029764
5.75 12.125 3544.52574411
6.25 12.125 0.0
6.75 12.125 0.0
7.25 12.125 0.0
7.75 12.125 0.0
8.25 12.125 0.0
8.75 12.125 0.0
0.25 12.375 49623.3604176
0.75 12.375 95702.195091
1.25 12.375 81524.0921146
1.75 12.375 49623.3604176
2.25 12.375 56712.4119058
2.75 12.375 67345.9891381
3.25 12.375 53167.8861617
3.75 12.375 38989.7831852
4.25 12.375 7089.05148822
4.75 12.375 17722.6287206
5.25 12.375 0.0
5.75 12.375 0.0
6.25 12.375 0.0
6.75 12.375 0.0
7.25 12.375 0.0
7.75 12.375 0.0
8.25 12.375 0.0
8.75 12.375 0.0
0.25 12.625 81524.0921146
0.75 12.625 70890.5148822
1.25 12.625 81524.0921146
1.75 12.625 63801.463394
2.25 12.625 63801.463394
2.75 12.625 53167.8861617
3.25 12.625 38989.7831852
3.75 12.625 10633.5772323
4.25 12.625 10633.5772323
4.75 12.625 14178.1029764
5.25 12.625 3544.52574411
5.75 12.625 0.0
6.25 12.625 3544.52574411
6.75 12.625 0.0
7.25 12.625 0.0
7.75 12.625 0.0
8.25 12.625 0.0
8.75 12.625 0.0
0.25 12.875 81524.0921146
0.75 12.875 102791.246579
1.25 12.875 49623.3604176
1.75 12.875 70890.5148822
2.25 12.875 42534.3089293
2.75 12.875 49623.3604176
3.25 12.875 17722.6287206
3.75 12.875 17722.6287206
4.25 12.875 17722.6287206
4.75 12.875 14178.1029764
5.25 12.875 3544.52574411
5.75 12.875 3544.52574411
6.25 12.875 0.0
6.75 12.875 0.0
7.25 12.875 0.0
7.75 12.875 0.0
8.25 12.875 0.0
8.75 12.875 0.0
0.25 13.125 63801.463394
0.75 13.125 67345.9891381
1.25 13.125 60256.9376499
1.75 13.125 53167.8861617
2.25 13.125 56712.4119058
2.75 13.125 24811.6802088
3.25 13.125 17722.6287206
3.75 13.125 14178.1029764
4.25 13.125 7089.05148822
4.75 13.125 10633.5772323
5.25 13.125 0.0
5.75 13.125 0.0
6.25 13.125 0.0
6.75 13.125 0.0
7.25 13.125 0.0
7.75 13.125 0.0
8.25 13.125 0.0
8.75 13.125 0.0
0.25 13.375 53167.8861617
0.75 13.375 38989.7831852
1.25 13.375 49623.3604176
1.75 13.375 28356.2059529
2.25 13.375 42534.3089293
2.75 13.375 24811.6802088
3.25 13.375 31900.731697
3.75 13.375 21267.1544647
4.25 13.375 7089.05148822
4.75 13.375 7089.05148822
5.25 13.375 0.0
5.75 13.375 0.0
6.25 13.375 0.0
6.75 13.375 0.0
7.25 13.375 0.0
7.75 13.375 0.0
8.25 13.375 0.0
8.75 13.375 0.0
0.25 13.625 77979.5663705
0.75 13.625 81524.0921146
1.25 13.625 56712.4119058
1.75 13.625 46078.8346735
2.25 13.625 31900.731697
2.75 13.625 35445.2574411
3.25 13.625 28356.2059529
3.75 13.625 10633.5772323
4.25 13.625 10633.5772323
4.75 13.625 3544.52574411
5.25 13.625 3544.52574411
5.75 13.625 0.0
6.25 13.625 0.0
6.75 13.625 0.0
7.25 13.625 0.0
7.75 13.625 0.0
8.25 13.625 0.0
8.75 13.625 0.0
0.25 13.875 28356.2059529
0.75 13.875 42534.3089293
1.25 13.875 63801.463394
1.75 13.875 31900.731697
2.25 13.875 31900.731697
2.75 13.875 28356.2059529
3.25 13.875 28356.2059529
3.75 13.875 21267.1544647
4.25 13.875 7089.05148822
4.75 13.875 0.0
5.25 13.875 3544.52574411
5.75 13.875 0.0
6.25 13.875 0.0
6.75 13.875 0.0
7.25 13.875 0.0
7.75 13.875 0.0
8.25 13.875 0.0
8.75 13.875 0.0
0.25 14.125 49623.3604176
0.75 14.125 24811.6802088
1.25 14.125 31900.731697
1.75 14.125 42534.3089293
2.25 14.125 31900.731697
2.75 14.125 38989.7831852
3.25 14.125 21267.1544647
3.75 14.125 10633.5772323
4.25 14.125 7089.05148822
4.75 14.125 10633.5772323
5.25 14.125 0.0
5.75 14.125 0.0
6.25 14.125 0.0
6.75 14.125 0.0
7.25 14.125 0.0
7.75 14.125 0.0
8.25 14.125 0.0
8.75 14.125 0.0
0.25 14.375 31900.731697
0.75 14.375 21267.1544647
1.25 14.375 38989.7831852
1.75 14.375 24811.6802088
2.25 14.375 35445.2574411
2.75 14.375 28356.2059529
3.25 14.375 7089.05148822
3.75 14.375 14178.1029764
4.25 14.375 17722.6287206
4.75 14.375 3544.52574411
5.25 14.375 7089.05148822
5.75 14.375 0.0
6.25 14.375 0.0
6.75 14.375 0.0
7.25 14.375 0.0
7.75 14.375 0.0
8.25 14.375 0.0
8.75 14.375 0.0
0.25 14.625 35445.2574411
0.75 14.625 24811.6802088
1.25 14.625 21267.1544647
1.75 14.625 49623.3604176
2.25 14.625 35445.2574411
2.75 14.625 24811.6802088
3.25 14.625 28356.2059529
3.75 14.625 0.0
4.25 14.625 0.0
4.75 14.625 7089.05148822
5.25 14.625 0.0
5.75 14.625 0.0
6.25 14.625 0.0
6.75 14.625 0.0
7.25 14.625 0.0
7.75 14.625 0.0
8.25 14.625 0.0
8.75 14.625 0.0
0.25 14.875 24811.6802088
0.75 14.875 31900.731697
1.25 14.875 49623.3604176
1.75 14.875 28356.2059529
2.25 14.875 24811.6802088
2.75 14.875 14178.1029764
3.25 14.875 24811.6802088
3.75 14.875 17722.6287206
4.25 14.875 7089.05148822
4.75 14.875 0.0
5.25 14.875 0.0
5.75 14.875 0.0
6.25 14.875 0.0
6.75 14.875 0.0
7.25 14.875 0.0
7.75 14.875 0.0
8.25 14.875 0.0
8.75 14.875 0.0
0.25 15.125 21267.1544647
0.75 15.125 42534.3089293
1.25 15.125 24811.6802088
1.75 15.125 17722.6287206
2.25 15.125 35445.2574411
2.75 15.125 7089.05148822
3.25 15.125 24811.6802088
3.75 15.125 7089.05148822
4.25 15.125 7089.05148822
4.75 15.125 10633.5772323
5.25 15.125 0.0
5.75 15.125 0.0
6.25 15.125 0.0
6.75 15.125 0.0
7.25 15.125 0.0
7.75 15.125 0.0
8.25 15.125 0.0
8.75 15.125 0.0
0.25 15.375 38989.7831852
0.75 15.375 31900.731697
1.25 15.375 35445.2574411
1.75 15.375 35445.2574411
2.25 15.375 14178.1029764
2.75 15.375 14178.1029764
3.25 15.375 10633.5772323
3.75 15.375 10633.5772323
4.25 15.375 0.0
4.75 15.375 3544.52574411
5.25 15.375 3544.52574411
5.75 15.375 0.0
6.25 15.375 0.0
6.75 15.375 0.0
7.25 15.375 0.0
7.75 15.375 0.0
8.25 15.375 0.0
8.75 15.375 0.0
0.25 15.625 42534.3089293
0.75 15.625 31900.731697
1.25 15.625 42534.3089293
1.75 15.625 24811.6802088
2.25 15.625 14178.1029764
2.75 15.625 14178.1029764
3.25 15.625 17722.6287206
3.75 15.625 3544.52574411
4.25 15.625 7089.05148822
4.75 15.625 3544.52574411
5.25 15.625 3544.52574411
5.75 15.625 0.0
6.25 15.625 0.0
6.75 15.625 0.0
7.25 15.625 0.0
7.75 15.625 0.0
8.25 15.625 0.0
8.75 15.625 0.0
0.25 15.875 24811.6802088
0.75 15.875 24811.6802088
1.25 15.875 28356.2059529
1.75 15.875 28356.2059529
2.25 15.875 24811.6802088
2.75 15.875 14178.1029764
3.25 15.875 17722.6287206
3.75 15.875 14178.1029764
4.25 15.875 0.0
4.75 15.875 0.0
5.25 15.875 0.0
5.75 15.875 0.0
6.25 15.875 0.0
6.75 15.875 0.0
7.25 15.875 0.0
7.75 15.875 0.0
8.25 15.875 0.0
8.75 15.875 0.0
0.25 16.125 24811.6802088
0.75 16.125 21267.1544647
1.25 16.125 24811.6802088
1.75 16.125 0.0
2.25 16.125 7089.05148822
2.75 16.125 10633.5772323
3.25 16.125 21267.1544647
3.75 16.125 7089.05148822
4.25 16.125 3544.52574411
4.75 16.125 0.0
5.25 16.125 0.0
5.75 16.125 0.0
6.25 16.125 0.0
6.75 16.125 0.0
7.25 16.125 0.0
7.75 16.125 0.0
8.25 16.125 0.0
8.75 16.125 0.0
0.25 16.375 24811.6802088
0.75 16.375 14178.1029764
1.25 16.375 24811.6802088
1.75 16.375 24811.6802088
2.25 16.375 17722.6287206
2.75 16.375 3544.52574411
3.25 16.375 10633.5772323
3.75 16.375 0.0
4.25 16.375 0.0
4.75 16.375 0.0
5.25 16.375 0.0
5.75 16.375 0.0
6.25 16.375 0.0
6.75 16.375 0.0
7.25 16.375 0.0
7.75 16.375 0.0
8.25 16.375 0.0
8.75 16.375 0.0
0.25 16.625 38989.7831852
0.75 16.625 17722.6287206
1.25 16.625 31900.731697
1.75 16.625 14178.1029764
2.25 16.625 14178.1029764
2.75 16.625 10633.5772323
3.25 16.625 3544.52574411
3.75 16.625 7089.05148822
4.25 16.625 3544.52574411
4.75 16.625 0.0
5.25 16.625 0.0
5.75 16.625 0.0
6.25 16.625 0.0
6.75 16.625 0.0
7.25 16.625 0.0
7.75 16.625 0.0
8.25 16.625 0.0
8.75 16.625 0.0
0.25 16.875 28356.2059529
0.75 16.875 31900.731697
1.25 16.875 21267.1544647
1.75 16.875 14178.1029764
2.25 16.875 21267.1544647
2.75 16.875 14178.1029764
3.25 16.875 17722.6287206
3.75 16.875 10633.5772323
4.25 16.875 0.0
4.75 16.875 3544.52574411
5.25 16.875 0.0
5.75 16.875 0.0
6.25 16.875 0.0
6.75 16.875 0.0
7.25 16.875 0.0
7.75 16.875 0.0
8.25 16.875 0.0
8.75 16.875 0.0
0.25 17.125 10633.5772323
0.75 17.125 17722.6287206
1.25 17.125 21267.1544647
1.75 17.125 3544.52574411
2.25 17.125 7089.05148822
2.75 17.125 7089.05148822
3.25 17.125 0.0
3.75 17.125 14178.1029764
4.25 17.125 3544.52574411
4.75 17.125 3544.52574411
5.25 17.125 0.0
5.75 17.125 0.0
6.25 17.125 0.0
6.75 17.125 0.0
7.25 17.125 0.0
7.75 17.125 0.0
8.25 17.125 0.0
8.75 17.125 0.0
0.25 17.375 17722.6287206
0.75 17.375 21267.1544647
1.25 17.375 7089.05148822
1.75 17.375 7089.05148822
2.25 17.375 3544.52574411
2.75 17.375 7089.05148822
3.25 17.375 3544.52574411
3.75 17.375 7089.05148822
4.25 17.375 0.0
4.75 17.375 0.0
5.25 17.375 3544.52574411
5.75 17.375 0.0
6.25 17.375 0.0
6.75 17.375 0.0
7.25 17.375 0.0
7.75 17.375 0.0
8.25 17.375 0.0
8.75 17.375 0.0
0.25 17.625 10633.5772323
0.75 17.625 7089.05148822
1.25 17.625 17722.6287206
1.75 17.625 14178.1029764
2.25 17.625 14178.1029764
2.75 17.625 7089.05148822
3.25 17.625 14178.1029764
3.75 17.625 3544.52574411
4.25 17.625 7089.05148822
4.75 17.625 0.0
5.25 17.625 0.0
5.75 17.625 0.0
6.25 17.625 0.0
6.75 17.625 0.0
7.25 17.625 0.0
7.75 17.625 0.0
8.25 17.625 0.0
8.75 17.625 0.0
0.25 17.875 14178.1029764
0.75 17.875 24811.6802088
1.25 17.875 17722.6287206
1.75 17.875 3544.52574411
2.25 17.875 7089.05148822
2.75 17.875 14178.1029764
3.25 17.875 7089.05148822
3.75 17.875 0.0
4.25 17.875 0.0
4.75 17.875 0.0
5.25 17.875 0.0
5.75 17.875 0.0
6.25 17.875 0.0
6.75 17.875 0.0
7.25 17.875 0.0
7.75 17.875 0.0
8.25 17.875 0.0
8.75 17.875 0.0
0.25 18.125 7089.05148822
0.75 18.125 17722.6287206
1.25 18.125 7089.05148822
1.75 18.125 14178.1029764
2.25 18.125 14178.1029764
2.75 18.125 14178.1029764
3.25 18.125 3544.52574411
3.75 18.125 3544.52574411
4.25 18.125 3544.52574411
4.75 18.125 0.0
5.25 18.125 0.0
5.75 18.125 0.0
6.25 18.125 0.0
6.75 18.125 0.0
7.25 18.125 0.0
7.75 18.125 0.0
8.25 18.125 0.0
8.75 18.125 0.0
0.25 18.375 14178.1029764
0.75 18.375 28356.2059529
1.25 18.375 3544.52574411
1.75 18.375 7089.05148822
2.25 18.375 17722.6287206
2.75 18.375 7089.05148822
3.25 18.375 0.0
3.75 18.375 3544.52574411
4.25 18.375 3544.52574411
4.75 18.375 0.0
5.25 18.375 0.0
5.75 18.375 0.0
6.25 18.375 0.0
6.75 18.375 0.0
7.25 18.375 0.0
7.75 18.375 0.0
8.25 18.375 0.0
8.75 18.375 0.0
0.25 18.625 14178.1029764
0.75 18.625 21267.1544647
1.25 18.625 7089.05148822
1.75 18.625 0.0
2.25 18.625 7089.05148822
2.75 18.625 0.0
3.25 18.625 0.0
3.75 18.625 0.0
4.25 18.625 0.0
4.75 18.625 0.0
5.25 18.625 0.0
5.75 18.625 0.0
6.25 18.625 0.0
6.75 18.625 0.0
7.25 18.625 0.0
7.75 18.625 0.0
8.25 18.625 0.0
8.75 18.625 0.0
0.25 18.875 3544.52574411
0.75 18.875 10633.5772323
1.25 18.875 10633.5772323
1.75 18.875 7089.05148822
2.25 18.875 31900.731697
2.75 18.875 3544.52574411
3.25 18.875 0.0
3.75 18.875 0.0
4.25 18.875 0.0
4.75 18.875 0.0
5.25 18.875 0.0
5.75 18.875 0.0
6.25 18.875 0.0
6.75 18.875 0.0
7.25 18.875 0.0
7.75 18.875 0.0
8.25 18.875 0.0
8.75 18.875 0.0
0.25 19.125 10633.5772323
0.75 19.125 10633.5772323
1.25 19.125 14178.1029764
1.75 19.125 0.0
2.25 19.125 7089.05148822
2.75 19.125 10633.5772323
3.25 19.125 7089.05148822
3.75 19.125 3544.52574411
4.25 19.125 0.0
4.75 19.125 3544.52574411
5.25 19.125 0.0
5.75 19.125 0.0
6.25 19.125 0.0
6.75 19.125 0.0
7.25 19.125 0.0
7.75 19.125 0.0
8.25 19.125 0.0
8.75 19.125 0.0
0.25 19.375 10633.5772323
0.75 19.375 3544.52574411
1.25 19.375 21267.1544647
1.75 19.375 0.0
2.25 19.375 3544.52574411
2.75 19.375 3544.52574411
3.25 19.375 7089.05148822
3.75 19.375 3544.52574411
4.25 19.375 0.0
4.75 19.375 0.0
5.25 19.375 0.0
5.75 19.375 0.0
6.25 19.375 0.0
6.75 19.375 0.0
7.25 19.375 0.0
7.75 19.375 0.0
8.25 19.375 0.0
8.75 19.375 0.0
0.25 19.625 10633.5772323
0.75 19.625 10633.5772323
1.25 19.625 0.0
1.75 19.625 14178.1029764
2.25 19.625 3544.52574411
2.75 19.625 7089.05148822
3.25 19.625 3544.52574411
3.75 19.625 0.0
4.25 19.625 0.0
4.75 19.625 0.0
5.25 19.625 0.0
5.75 19.625 0.0
6.25 19.625 0.0
6.75 19.625 0.0
7.25 19.625 0.0
7.75 19.625 0.0
8.25 19.625 0.0
8.75 19.625 0.0
0.25 19.875 7089.05148822
0.75 19.875 7089.05148822
1.25 19.875 7089.05148822
1.75 19.875 0.0
2.25 19.875 0.0
2.75 19.875 3544.52574411
3.25 19.875 3544.52574411
3.75 19.875 3544.52574411
4.25 19.875 0.0
4.75 19.875 0.0
5.25 19.875 0.0
5.75 19.875 0.0
6.25 19.875 0.0
6.75 19.875 0.0
7.25 19.875 0.0
7.75 19.875 0.0
8.25 19.875 0.0
8.75 19.875 0.0
0.25 20.125 17722.6287206
0.75 20.125 3544.52574411
1.25 20.125 10633.5772323
1.75 20.125 3544.52574411
2.25 20.125 14178.1029764
2.75 20.125 0.0
3.25 20.125 0.0
3.75 20.125 0.0
4.25 20.125 3544.52574411
4.75 20.125 0.0
5.25 20.125 0.0
5.75 20.125 0.0
6.25 20.125 0.0
6.75 20.125 0.0
7.25 20.125 0.0
7.75 20.125 0.0
8.25 20.125 0.0
8.75 20.125 0.0
0.25 20.375 0.0
0.75 20.375 7089.05148822
1.25 20.375 0.0
1.75 20.375 17722.6287206
2.25 20.375 3544.52574411
2.75 20.375 7089.05148822
3.25 20.375 0.0
3.75 20.375 0.0
4.25 20.375 0.0
4.75 20.375 3544.52574411
5.25 20.375 0.0
5.75 20.375 0.0
6.25 20.375 0.0
6.75 20.375 0.0
7.25 20.375 0.0
7.75 20.375 0.0
8.25 20.375 0.0
8.75 20.375 0.0
0.25 20.625 3544.52574411
0.75 20.625 7089.05148822
1.25 20.625 3544.52574411
1.75 20.625 10633.5772323
2.25 20.625 0.0
2.75 20.625 7089.05148822
3.25 20.625 3544.52574411
3.75 20.625 3544.52574411
4.25 20.625 0.0
4.75 20.625 0.0
5.25 20.625 0.0
5.75 20.625 0.0
6.25 20.625 0.0
6.75 20.625 0.0
7.25 20.625 0.0
7.75 20.625 0.0
8.25 20.625 0.0
8.75 20.625 0.0
0.25 20.875 10633.5772323
0.75 20.875 3544.52574411
1.25 20.875 10633.5772323
1.75 20.875 7089.05148822
2.25 20.875 3544.52574411
2.75 20.875 0.0
3.25 20.875 7089.05148822
3.75 20.875 3544.52574411
4.25 20.875 0.0
4.75 20.875 0.0
5.25 20.875 0.0
5.75 20.875 0.0
6.25 20.875 0.0
6.75 20.875 0.0
7.25 20.875 0.0
7.75 20.875 0.0
8.25 20.875 0.0
8.75 20.875 0.0
0.25 21.125 14178.1029764
0.75 21.125 7089.05148822
1.25 21.125 3544.52574411
1.75 21.125 0.0
2.25 21.125 0.0
2.75 21.125 7089.05148822
3.25 21.125 3544.52574411
3.75 21.125 0.0
4.25 21.125 0.0
4.75 21.125 0.0
5.25 21.125 0.0
5.75 21.125 0.0
6.25 21.125 0.0
6.75 21.125 0.0
7.25 21.125 0.0
7.75 21.125 0.0
8.25 21.125 0.0
8.75 21.125 0.0
0.25 21.375 3544.52574411
0.75 21.375 14178.1029764
1.25 21.375 7089.05148822
1.75 21.375 0.0
2.25 21.375 0.0
2.75 21.375 0.0
3.25 21.375 0.0
3.75 21.375 3544.52574411
4.25 21.375 0.0
4.75 21.375 7089.05148822
5.25 21.375 0.0
5.75 21.375 0.0
6.25 21.375 0.0
6.75 21.375 0.0
7.25 21.375 0.0
7.75 21.375 0.0
8.25 21.375 0.0
8.75 21.375 0.0
0.25 21.625 7089.05148822
0.75 21.625 3544.52574411
1.25 21.625 14178.1029764
1.75 21.625 7089.05148822
2.25 21.625 7089.05148822
2.75 21.625 0.0
3.25 21.625 3544.52574411
3.75 21.625 0.0
4.25 21.625 0.0
4.75 21.625 0.0
5.25 21.625 0.0
5.75 21.625 0.0
6.25 21.625 0.0
6.75 21.625 0.0
7.25 21.625 0.0
7.75 21.625 0.0
8.25 21.625 0.0
8.75 21.625 0.0
0.25 21.875 0.0
0.75 21.875 0.0
1.25 21.875 3544.52574411
1.75 21.875 10633.5772323
2.25 21.875 0.0
2.75 21.875 7089.05148822
3.25 21.875 0.0
3.75 21.875 3544.52574411
4.25 21.875 0.0
4.75 21.875 0.0
5.25 21.875 0.0
5.75 21.875 0.0
6.25 21.875 0.0
6.75 21.875 0.0
7.25 21.875 0.0
7.75 21.875 0.0
8.25 21.875 0.0
8.75 21.875 0.0
0.25 22.125 7089.05148822
0.75 22.125 3544.52574411
1.25 22.125 0.0
1.75 22.125 3544.52574411
2.25 22.125 0.0
2.75 22.125 3544.52574411
3.25 22.125 0.0
3.75 22.125 0.0
4.25 22.125 3544.52574411
4.75 22.125 0.0
5.25 22.125 0.0
5.75 22.125 0.0
6.25 22.125 0.0
6.75 22.125 0.0
7.25 22.125 0.0
7.75 22.125 0.0
8.25 22.125 0.0
8.75 22.125 0.0
0.25 22.375 3544.52574411
0.75 22.375 14178.1029764
1.25 22.375 0.0
1.75 22.375 3544.52574411
2.25 22.375 0.0
2.75 22.375 7089.05148822
3.25 22.375 0.0
3.75 22.375 0.0
4.25 22.375 0.0
4.75 22.375 0.0
5.25 22.375 0.0
5.75 22.375 0.0
6.25 22.375 0.0
6.75 22.375 0.0
7.25 22.375 0.0
7.75 22.375 0.0
8.25 22.375 0.0
8.75 22.375 0.0
0.25 22.625 0.0
0.75 22.625 3544.52574411
1.25 22.625 0.0
1.75 22.625 3544.52574411
2.25 22.625 3544.52574411
2.75 22.625 7089.05148822
3.25 22.625 0.0
3.75 22.625 0.0
4.25 22.625 0.0
4.75 22.625 0.0
5.25 22.625 0.0
5.75 22.625 0.0
6.25 22.625 0.0
6.75 22.625 0.0
7.25 22.625 0.0
7.75 22.625 0.0
8.25 22.625 0.0
8.75 22.625 0.0
0.25 22.875 3544.52574411
0.75 22.875 0.0
1.25 22.875 0.0
1.75 22.875 3544.52574411
2.25 22.875 0.0
2.75 22.875 3544.52574411
3.25 22.875 0.0
3.75 22.875 0.0
4.25 22.875 0.0
4.75 22.875 0.0
5.25 22.875 0.0
5.75 22.875 0.0
6.25 22.875 0.0
6.75 22.875 0.0
7.25 22.875 0.0
7.75 22.875 0.0
8.25 22.875 0.0
8.75 22.875 0.0
0.25 23.125 0.0
0.75 23.125 3544.52574411
1.25 23.125 0.0
1.75 23.125 3544.52574411
2.25 23.125 7089.05148822
2.75 23.125 0.0
3.25 23.125 3544.52574411
3.75 23.125 0.0
4.25 23.125 7089.05148822
4.75 23.125 0.0
5.25 23.125 0.0
5.75 23.125 0.0
6.25 23.125 0.0
6.75 23.125 0.0
7.25 23.125 0.0
7.75 23.125 0.0
8.25 23.125 0.0
8.75 23.125 0.0
0.25 23.375 3544.52574411
0.75 23.375 3544.52574411
1.25 23.375 0.0
1.75 23.375 0.0
2.25 23.375 3544.52574411
2.75 23.375 0.0
3.25 23.375 0.0
3.75 23.375 0.0
4.25 23.375 3544.52574411
4.75 23.375 0.0
5.25 23.375 0.0
5.75 23.375 0.0
6.25 23.375 0.0
6.75 23.375 0.0
7.25 23.375 0.0
7.75 23.375 0.0
8.25 23.375 0.0
8.75 23.375 0.0
0.25 23.625 0.0
0.75 23.625 0.0
1.25 23.625 0.0
1.75 23.625 0.0
2.25 23.625 3544.52574411
2.75 23.625 0.0
3.25 23.625 0.0
3.75 23.625 3544.52574411
4.25 23.625 0.0
4.75 23.625 0.0
5.25 23.625 0.0
5.75 23.625 0.0
6.25 23.625 0.0
6.75 23.625 0.0
7.25 23.625 0.0
7.75 23.625 0.0
8.25 23.625 0.0
8.75 23.625 0.0
0.25 23.875 0.0
0.75 23.875 7089.05148822
1.25 23.875 0.0
1.75 23.875 7089.05148822
2.25 23.875 7089.05148822
2.75 23.875 0.0
3.25 23.875 0.0
3.75 23.875 0.0
4.25 23.875 0.0
4.75 23.875 0.0
5.25 23.875 0.0
5.75 23.875 0.0
6.25 23.875 0.0
6.75 23.875 0.0
7.25 23.875 0.0
7.75 23.875 0.0
8.25 23.875 0.0
8.75 23.875 0.0
0.25 24.125 7089.05148822
0.75 24.125 3544.52574411
1.25 24.125 0.0
1.75 24.125 3544.52574411
2.25 24.125 3544.52574411
2.75 24.125 0.0
3.25 24.125 0.0
3.75 24.125 0.0
4.25 24.125 0.0
4.75 24.125 0.0
5.25 24.125 0.0
5.75 24.125 0.0
6.25 24.125 0.0
6.75 24.125 0.0
7.25 24.125 0.0
7.75 24.125 0.0
8.25 24.125 0.0
8.75 24.125 0.0
0.25 24.375 3544.52574411
0.75 24.375 0.0
1.25 24.375 3544.52574411
1.75 24.375 3544.52574411
2.25 24.375 3544.52574411
2.75 24.375 0.0
3.25 24.375 3544.52574411
3.75 24.375 0.0
4.25 24.375 0.0
4.75 24.375 0.0
5.25 24.375 0.0
5.75 24.375 0.0
6.25 24.375 0.0
6.75 24.375 0.0
7.25 24.375 0.0
7.75 24.375 0.0
8.25 24.375 0.0
8.75 24.375 0.0
0.25 24.625 0.0
0.75 24.625 0.0
1.25 24.625 7089.05148822
1.75 24.625 0.0
2.25 24.625 3544.52574411
2.75 24.625 0.0
3.25 24.625 0.0
3.75 24.625 0.0
4.25 24.625 0.0
4.75 24.625 0.0
5.25 24.625 0.0
5.75 24.625 0.0
6.25 24.625 0.0
6.75 24.625 0.0
7.25 24.625 0.0
7.75 24.625 0.0
8.25 24.625 0.0
8.75 24.625 0.0
0.25 24.875 3544.52574411
0.75 24.875 0.0
1.25 24.875 7089.05148822
1.75 24.875 0.0
2.25 24.875 3544.52574411
2.75 24.875 0.0
3.25 24.875 0.0
3.75 24.875 0.0
4.25 24.875 0.0
4.75 24.875 0.0
5.25 24.875 0.0
5.75 24.875 0.0
6.25 24.875 0.0
6.75 24.875 0.0
7.25 24.875 0.0
7.75 24.875 0.0
8.25 24.875 0.0
8.75 24.875 0.0
0.25 25.125 3544.52574411
0.75 25.125 0.0
1.25 25.125 7089.05148822
1.75 25.125 0.0
2.25 25.125 7089.05148822
2.75 25.125 3544.52574411
3.25 25.125 3544.52574411
3.75 25.125 0.0
4.25 25.125 0.0
4.75 25.125 0.0
5.25 25.125 0.0
5.75 25.125 0.0
6.25 25.125 0.0
6.75 25.125 0.0
7.25 25.125 0.0
7.75 25.125 0.0
8.25 25.125 0.0
8.75 25.125 0.0
0.25 25.375 3544.52574411
0.75 25.375 3544.52574411
1.25 25.375 3544.52574411
1.75 25.375 0.0
2.25 25.375 3544.52574411
2.75 25.375 0.0
3.25 25.375 0.0
3.75 25.375 0.0
4.25 25.375 0.0
4.75 25.375 0.0
5.25 25.375 0.0
5.75 25.375 0.0
6.25 25.375 0.0
6.75 25.375 0.0
7.25 25.375 0.0
7.75 25.375 0.0
8.25 25.375 0.0
8.75 25.375 0.0
0.25 25.625 3544.52574411
0.75 25.625 3544.52574411
1.25 25.625 7089.05148822
1.75 25.625 0.0
2.25 25.625 0.0
2.75 25.625 0.0
3.25 25.625 0.0
3.75 25.625 0.0
4.25 25.625 0.0
4.75 25.625 0.0
5.25 25.625 0.0
5.75 25.625 0.0
6.25 25.625 0.0
6.75 25.625 0.0
7.25 25.625 0.0
7.75 25.625 0.0
8.25 25.625 0.0
8.75 25.625 0.0
0.25 25.875 10633.5772323
0.75 25.875 0.0
1.25 25.875 3544.52574411
1.75 25.875 3544.52574411
2.25 25.875 0.0
2.75 25.875 0.0
3.25 25.875 10633.5772323
3.75 25.875 0.0
4.25 25.875 0.0
4.75 25.875 0.0
5.25 25.875 0.0
5.75 25.875 0.0
6.25 25.875 0.0
6.75 25.875 0.0
7.25 25.875 0.0
7.75 25.875 0.0
8.25 25.875 0.0
8.75 25.875 0.0
0.25 26.125 0.0
0.75 26.125 0.0
1.25 26.125 0.0
1.75 26.125 7089.05148822
2.25 26.125 0.0
2.75 26.125 3544.52574411
3.25 26.125 0.0
3.75 26.125 0.0
4.25 26.125 0.0
4.75 26.125 0.0
5.25 26.125 0.0
5.75 26.125 0.0
6.25 26.125 0.0
6.75 26.125 0.0
7.25 26.125 0.0
7.75 26.125 0.0
8.25 26.125 0.0
8.75 26.125 0.0
0.25 26.375 0.0
0.75 26.375 0.0
1.25 26.375 0.0
1.75 26.375 7089.05148822
2.25 26.375 3544.52574411
2.75 26.375 0.0
3.25 26.375 0.0
3.75 26.375 0.0
4.25 26.375 0.0
4.75 26.375 0.0
5.25 26.375 0.0
5.75 26.375 0.0
6.25 26.375 0.0
6.75 26.375 0.0
7.25 26.375 0.0
7.75 26.375 0.0
8.25 26.375 0.0
8.75 26.375 0.0
0.25 26.625 3544.52574411
0.75 26.625 3544.52574411
1.25 26.625 3544.52574411
1.75 26.625 0.0
2.25 26.625 0.0
2.75 26.625 0.0
3.25 26.625 0.0
3.75 26.625 0.0
4.25 26.625 0.0
4.75 26.625 0.0
5.25 26.625 0.0
5.75 26.625 0.0
6.25 26.625 0.0
6.75 26.625 0.0
7.25 26.625 0.0
7.75 26.625 0.0
8.25 26.625 0.0
8.75 26.625 0.0
0.25 26.875 0.0
0.75 26.875 3544.52574411
1.25 26.875 0.0
1.75 26.875 0.0
2.25 26.875 0.0
2.75 26.875 0.0
3.25 26.875 0.0
3.75 26.875 0.0
4.25 26.875 0.0
4.75 26.875 0.0
5.25 26.875 0.0
5.75 26.875 0.0
6.25 26.875 0.0
6.75 26.875 0.0
7.25 26.875 0.0
7.75 26.875 0.0
8.25 26.875 0.0
8.75 26.875 0.0
0.25 27.125 3544.52574411
0.75 27.125 0.0
1.25 27.125 7089.05148822
1.75 27.125 10633.5772323
2.25 27.125 3544.52574411
2.75 27.125 0.0
3.25 27.125 0.0
3.75 27.125 0.0
4.25 27.125 0.0
4.75 27.125 0.0
5.25 27.125 0.0
5.75 27.125 0.0
6.25 27.125 0.0
6.75 27.125 0.0
7.25 27.125 0.0
7.75 27.125 0.0
8.25 27.125 0.0
8.75 27.125 0.0
0.25 27.375 0.0
0.75 27.375 7089.05148822
1.25 27.375 0.0
1.75 27.375 0.0
2.25 27.375 0.0
2.75 27.375 0.0
3.25 27.375 0.0
3.75 27.375 0.0
4.25 27.375 0.0
4.75 27.375 0.0
5.25 27.375 0.0
5.75 27.375 0.0
6.25 27.375 0.0
6.75 27.375 0.0
7.25 27.375 0.0
7.75 27.375 0.0
8.25 27.375 0.0
8.75 27.375 0.0
0.25 27.625 0.0
0.75 27.625 0.0
1.25 27.625 0.0
1.75 27.625 3544.52574411
2.25 27.625 0.0
2.75 27.625 0.0
3.25 27.625 3544.52574411
3.75 27.625 0.0
4.25 27.625 0.0
4.75 27.625 0.0
5.25 27.625 0.0
5.75 27.625 0.0
6.25 27.625 0.0
6.75 27.625 0.0
7.25 27.625 0.0
7.75 27.625 0.0
8.25 27.625 0.0
8.75 27.625 0.0
0.25 27.875 0.0
0.75 27.875 0.0
1.25 27.875 0.0
1.75 27.875 3544.52574411
2.25 27.875 0.0
2.75 27.875 0.0
3.25 27.875 3544.52574411
3.75 27.875 0.0
4.25 27.875 0.0
4.75 27.875 0.0
5.25 27.875 0.0
5.75 27.875 0.0
6.25 27.875 0.0
6.75 27.875 0.0
7.25 27.875 0.0
7.75 27.875 0.0
8.25 27.875 0.0
8.75 27.875 0.0
0.25 28.125 0.0
0.75 28.125 0.0
1.25 28.125 0.0
1.75 28.125 0.0
2.25 28.125 3544.52574411
2.75 28.125 0.0
3.25 28.125 0.0
3.75 28.125 0.0
4.25 28.125 0.0
4.75 28.125 0.0
5.25 28.125 0.0
5.75 28.125 0.0
6.25 28.125 0.0
6.75 28.125 0.0
7.25 28.125 0.0
7.75 28.125 0.0
8.25 28.125 0.0
8.75 28.125 0.0
0.25 28.375 3544.52574411
0.75 28.375 3544.52574411
1.25 28.375 0.0
1.75 28.375 3544.52574411
2.25 28.375 0.0
2.75 28.375 0.0
3.25 28.375 0.0
3.75 28.375 0.0
4.25 28.375 3544.52574411
4.75 28.375 0.0
5.25 28.375 0.0
5.75 28.375 0.0
6.25 28.375 0.0
6.75 28.375 0.0
7.25 28.375 0.0
7.75 28.375 0.0
8.25 28.375 0.0
8.75 28.375 0.0
0.25 28.625 0.0
0.75 28.625 3544.52574411
1.25 28.625 3544.52574411
1.75 28.625 0.0
2.25 28.625 3544.52574411
2.75 28.625 0.0
3.25 28.625 0.0
3.75 28.625 0.0
4.25 28.625 0.0
4.75 28.625 0.0
5.25 28.625 0.0
5.75 28.625 0.0
6.25 28.625 0.0
6.75 28.625 0.0
7.25 28.625 0.0
7.75 28.625 0.0
8.25 28.625 0.0
8.75 28.625 0.0
0.25 28.875 0.0
0.75 28.875 3544.52574411
1.25 28.875 0.0
1.75 28.875 0.0
2.25 28.875 0.0
2.75 28.875 0.0
3.25 28.875 0.0
3.75 28.875 0.0
4.25 28.875 0.0
4.75 28.875 0.0
5.25 28.875 0.0
5.75 28.875 0.0
6.25 28.875 0.0
6.75 28.875 0.0
7.25 28.875 0.0
7.75 28.875 0.0
8.25 28.875 0.0
8.75 28.875 0.0
0.25 29.125 0.0
0.75 29.125 3544.52574411
1.25 29.125 0.0
1.75 29.125 0.0
2.25 29.125 0.0
2.75 29.125 0.0
3.25 29.125 0.0
3.75 29.125 0.0
4.25 29.125 0.0
4.75 29.125 0.0
5.25 29.125 0.0
5.75 29.125 0.0
6.25 29.125 0.0
6.75 29.125 0.0
7.25 29.125 0.0
7.75 29.125 0.0
8.25 29.125 0.0
8.75 29.125 0.0
0.25 29.375 3544.52574411
0.75 29.375 0.0
1.25 29.375 0.0
1.75 29.375 0.0
2.25 29.375 0.0
2.75 29.375 0.0
3.25 29.375 0.0
3.75 29.375 0.0
4.25 29.375 0.0
4.75 29.375 0.0
5.25 29.375 0.0
5.75 29.375 0.0
6.25 29.375 0.0
6.75 29.375 0.0
7.25 29.375 0.0
7.75 29.375 0.0
8.25 29.375 0.0
8.75 29.375 0.0
0.25 29.625 0.0
0.75 29.625 7089.05148822
1.25 29.625 3544.52574411
1.75 29.625 3544.52574411
2.25 29.625 0.0
2.75 29.625 0.0
3.25 29.625 0.0
3.75 29.625 0.0
4.25 29.625 0.0
4.75 29.625 0.0
5.25 29.625 0.0
5.75 29.625 0.0
6.25 29.625 0.0
6.75 29.625 0.0
7.25 29.625 0.0
7.75 29.625 0.0
8.25 29.625 0.0
8.75 29.625 0.0
0.25 29.875 0.0
0.75 29.875 0.0
1.25 29.875 3544.52574411
1.75 29.875 0.0
2.25 29.875 0.0
2.75 29.875 0.0
3.25 29.875 0.0
3.75 29.875 0.0
4.25 29.875 0.0
4.75 29.875 0.0
5.25 29.875 0.0
5.75 29.875 0.0
6.25 29.875 0.0
6.75 29.875 0.0
7.25 29.875 0.0
7.75 29.875 0.0
8.25 29.875 0.0
8.75 29.875 0.0
