0.25 0.125 7471860.26859
0.75 0.125 8134686.58274
1.25 0.125 7808590.21428
1.75 0.125 7897203.35788
2.25 0.125 8021261.75893
2.75 0.125 8265834.03527
3.25 0.125 8510406.31161
3.75 0.125 8255200.45804
4.25 0.125 8049617.96488
4.75 0.125 7649086.55579
5.25 0.125 6684975.5534
5.75 0.125 5518826.58358
6.25 0.125 4653962.30202
6.75 0.125 4391667.39695
7.25 0.125 3158172.438
7.75 0.125 2158616.17816
8.25 0.125 825874.498378
8.75 0.125 88613.1436028
0.25 0.375 24474950.2631
0.75 0.375 24163031.9976
1.25 0.375 24563563.4067
1.75 0.375 24311902.0789
2.25 0.375 24166576.5234
2.75 0.375 23900737.0925
3.25 0.375 24567107.9324
3.75 0.375 24801046.6316
4.25 0.375 23117396.9031
4.75 0.375 21373490.237
5.25 0.375 19498436.1184
5.75 0.375 17297285.6313
6.25 0.375 13749215.3614
6.75 0.375 11427550.999
7.25 0.375 8957016.55537
7.75 0.375 5692508.34504
8.25 0.375 2055824.93158
8.75 0.375 148870.081253
0.25 0.625 40584819.7701
0.75 0.625 39645520.4479
1.25 0.625 39560451.83
1.75 0.625 39273345.2448
2.25 0.625 38351768.5513
2.75 0.625 37373479.4459
3.25 0.625 37100550.9636
3.75 0.625 37398291.1261
4.25 0.625 35629572.7798
4.75 0.625 32893198.9054
5.25 0.625 29873262.9714
5.75 0.625 26332281.753
6.25 0.625 21494004.1123
6.75 0.625 17003089.9945
7.25 0.625 12841816.7709
7.75 0.625 7758966.85386
8.25 0.625 2318119.83665
8.75 0.625 180770.81295
0.25 0.875 51583483.1541
0.75 0.875 50349988.1951
1.25 0.875 50027436.3524
1.75 0.875 48513923.8597
2.25 0.875 47053579.2531
2.75 0.875 45834262.3971
3.25 0.875 44434174.7282
3.75 0.875 43409806.7881
4.25 0.875 41573742.4527
4.75 0.875 38755844.4861
5.25 0.875 35115616.5469
5.75 0.875 31021689.3125
6.25 0.875 25931750.3439
6.75 0.875 19455901.8094
7.25 0.875 13653513.1663
7.75 0.875 8120508.47976
8.25 0.875 2286219.10495
8.75 0.875 81524.0921146
0.25 1.125 53447903.6955
0.75 1.125 53635763.5599
1.25 1.125 51888312.3681
1.75 1.125 50406700.607
2.25 1.125 49169661.1223
2.75 1.125 46954332.5323
3.25 1.125 44533421.449
3.75 1.125 43168779.0375
4.25 1.125 40875470.8811
4.75 1.125 38472282.4266
5.25 1.125 34945479.3112
5.75 1.125 30663692.2123
6.25 1.125 24825858.3118
6.75 1.125 18775352.8666
7.25 1.125 12678768.5867
7.75 1.125 6695609.13063
8.25 1.125 1357553.35999
8.75 1.125 24811.6802088
0.25 1.375 50715074.3468
0.75 1.375 50268464.103
1.25 1.375 48404043.5616
1.75 1.375 46770017.1936
2.25 1.375 45674758.7386
2.75 1.375 43431073.9426
3.25 1.375 40598997.8731
3.75 1.375 38940159.8248
4.25 1.375 36168340.6929
4.75 1.375 34300375.6258
5.25 1.375 30316328.6894
5.75 1.375 26658378.1215
6.25 1.375 21447925.2776
6.75 1.375 15939732.2713
7.25 1.375 10686745.1185
7.75 1.375 4859544.79518
8.25 1.375 861319.755819
8.75 1.375 3544.52574411
0.25 1.625 44111622.8855
0.75 1.625 44381006.842
1.25 1.625 43104977.5741
1.75 1.625 41205111.7753
2.25 1.625 39521462.0468
2.75 1.625 37628685.2995
3.25 1.625 35505514.3788
3.75 1.625 32793952.1845
4.25 1.625 30798384.1906
4.75 1.625 27672112.4843
5.25 1.625 25105875.8455
5.75 1.625 20692941.2941
6.25 1.625 16708894.3577
6.75 1.625 12267603.6004
7.25 1.625 7790867.58556
7.75 1.625 2934867.31612
8.25 1.625 372175.203132
8.75 1.625 0.0
0.25 1.875 37660586.0312
0.75 1.875 35998203.4572
1.25 1.875 35569315.8422
1.75 1.875 33878577.0622
2.25 1.875 33077514.2441
2.75 1.875 31074857.1986
3.25 1.875 29061566.576
3.75 1.875 26849782.5116
4.25 1.875 25237023.2981
4.75 1.875 22550272.784
5.25 1.875 19335387.9341
5.75 1.875 16404065.1438
6.25 1.875 12228613.8172
6.75 1.875 8606108.5067
7.25 1.875 5260076.20426
7.75 1.875 1584403.00762
8.25 1.875 155959.132741
8.75 1.875 0.0
0.25 2.125 30681414.841
0.75 2.125 30348229.4211
1.25 2.125 28962319.8551
1.75 2.125 28157712.5112
2.25 2.125 26810792.7285
2.75 2.125 25261834.9783
3.25 2.125 23698699.1251
3.75 2.125 22096573.4888
4.25 2.125 19916690.1562
4.75 2.125 16996000.943
5.25 2.125 15067778.9382
5.75 2.125 11750102.8417
6.25 2.125 8868403.41177
6.75 2.125 5979614.93032
7.25 2.125 3119182.65482
7.75 2.125 769162.086472
8.25 2.125 35445.2574411
8.75 2.125 0.0
0.25 2.375 25091697.7426
0.75 2.375 24623820.3443
1.25 2.375 23730599.8568
1.75 2.375 23128030.4803
2.25 2.375 22107207.066
2.75 2.375 20625595.305
3.25 2.375 18768263.8151
3.75 2.375 17315008.26
4.25 2.375 15042967.258
4.75 2.375 13114745.2532
5.25 2.375 11101454.6306
5.75 2.375 8691177.12456
6.25 2.375 6263176.98985
6.75 2.375 4225074.68698
7.25 2.375 1839608.86119
7.75 2.375 432432.140782
8.25 2.375 10633.5772323
8.75 2.375 0.0
0.25 2.625 19735919.3432
0.75 2.625 20093916.4434
1.25 2.625 19136894.4925
1.75 2.625 18279119.2624
2.25 2.625 17382354.2491
2.75 2.625 16418243.2467
3.25 2.625 15149303.0303
3.75 2.625 13416029.9415
4.25 2.625 12093921.8389
4.75 2.625 9843147.9914
5.25 2.625 8216210.67485
5.75 2.625 6096584.27987
6.25 2.625 4274698.0474
6.75 2.625 2895877.53294
7.25 2.625 1141337.2896
7.75 2.625 226849.647623
8.25 2.625 7089.05148822
8.75 2.625 0.0
0.25 2.875 16276462.217
0.75 2.875 15858208.1792
1.25 2.875 15308806.6888
1.75 2.875 14699148.2608
2.25 2.875 13915808.0714
2.75 2.875 13097022.6245
3.25 2.875 11842260.5111
3.75 2.875 10778902.7878
4.25 2.875 9410715.85062
4.75 2.875 7698709.91621
5.25 2.875 5983159.45606
5.75 2.875 4427112.6544
6.25 2.875 2924233.73889
6.75 2.875 1719094.98589
7.25 2.875 765617.560728
7.75 2.875 116969.349556
8.25 2.875 0.0
8.75 2.875 0.0
0.25 3.125 13139556.9334
0.75 3.125 12682313.1124
1.25 3.125 12700035.7412
1.75 3.125 12108099.9419
2.25 3.125 11126266.3108
2.75 3.125 10619399.1294
3.25 3.125 9602120.2408
3.75 3.125 8280012.13825
4.25 3.125 7053606.23078
4.75 3.125 5823655.79758
5.25 3.125 4689407.55946
5.75 3.125 3360210.40542
6.25 3.125 2208239.53858
6.75 3.125 1233494.95895
7.25 3.125 382808.780364
7.75 3.125 56712.4119058
8.25 3.125 0.0
8.75 3.125 0.0
0.25 3.375 10608765.5521
0.75 3.375 10325203.4926
1.25 3.375 10027463.3301
1.75 3.375 9701366.96163
2.25 3.375 9240578.6149
2.75 3.375 8088607.74806
3.25 3.375 7439959.53689
3.75 3.375 6674341.97616
4.25 3.375 5291976.93596
4.75 3.375 4586616.31288
5.25 3.375 3346032.30244
5.75 3.375 2311030.78516
6.25 3.375 1676560.67696
6.75 3.375 801062.818169
7.25 3.375 276473.008041
7.75 3.375 7089.05148822
8.25 3.375 0.0
8.75 3.375 0.0
0.25 3.625 8641553.76415
0.75 3.625 8567118.72352
1.25 3.625 8386347.91057
1.75 3.625 7525028.15475
2.25 3.625 7276911.35266
2.75 3.625 6879924.46932
3.25 3.625 6135574.06306
3.75 3.625 5107661.59727
4.25 3.625 4448379.80886
4.75 3.625 3519714.0639
5.25 3.625 2548514.01002
5.75 3.625 1850242.43843
6.25 3.625 1205138.753
6.75 3.625 581302.222034
7.25 3.625 155959.132741
7.75 3.625 7089.05148822
8.25 3.625 0.0
8.75 3.625 0.0
0.25 3.875 6823212.05742
0.75 3.875 6784222.27423
1.25 3.875 6380146.3394
1.75 3.875 6461670.43152
2.25 3.875 5504648.48061
2.75 3.875 5263620.73001
3.25 3.875 4721308.29116
3.75 3.875 3980502.41064
4.25 3.875 3480724.28072
4.75 3.875 2615859.99915
5.25 3.875 2031013.25138
5.75 3.875 1311474.52532
6.25 3.875 797518.292425
6.75 3.875 404075.934829
7.25 3.875 60256.9376499
7.75 3.875 0.0
8.25 3.875 0.0
8.75 3.875 0.0
0.25 4.125 5603895.20144
0.75 4.125 5433757.96572
1.25 4.125 5416035.337
1.75 4.125 5058038.23685
2.25 4.125 4522814.84949
2.75 4.125 4221530.16124
3.25 4.125 3955690.73043
3.75 4.125 3427556.39456
4.25 4.125 2693839.56553
4.75 4.125 2147982.60093
5.25 4.125 1580858.48187
5.75 4.125 914487.641981
6.25 4.125 560035.06757
6.75 4.125 223305.121879
7.25 4.125 67345.9891381
7.75 4.125 3544.52574411
8.25 4.125 0.0
8.75 4.125 0.0
0.25 4.375 4398756.44844
0.75 4.375 4650417.77627
1.25 4.375 4281787.09889
1.75 4.375 4437746.23163
2.25 4.375 3994680.51361
2.75 4.375 3505535.96093
3.25 4.375 3041203.08845
3.75 4.375 2644216.20511
4.25 4.375 2140893.54944
4.75 4.375 1719094.98589
5.25 4.375 1187416.12428
5.75 4.375 740805.880519
6.25 4.375 450154.769502
6.75 4.375 159503.658485
7.25 4.375 7089.05148822
7.75 4.375 3544.52574411
8.25 4.375 0.0
8.75 4.375 0.0
0.25 4.625 3572881.95006
0.75 4.625 3569337.42432
1.25 4.625 3618960.78474
1.75 4.625 3413378.29158
2.25 4.625 3105004.55184
2.75 4.625 2927778.26464
3.25 4.625 2459900.86641
3.75 4.625 2094814.71477
4.25 4.625 1782896.44929
4.75 4.625 1247673.06193
5.25 4.625 864864.281563
5.75 4.625 609658.427987
6.25 4.625 340274.471435
6.75 4.625 106335.772323
7.25 4.625 10633.5772323
7.75 4.625 0.0
8.25 4.625 0.0
8.75 4.625 0.0
0.25 4.875 3023480.45973
0.75 4.875 3041203.08845
1.25 4.875 2998668.77952
1.75 4.875 2644216.20511
2.25 4.875 2562692.11299
2.75 4.875 2300397.20793
3.25 4.875 1928222.0048
3.75 4.875 1917588.42756
4.25 4.875 1371731.46297
4.75 4.875 1024367.94005
5.25 4.875 737261.354775
5.75 4.875 425343.089293
6.25 4.875 269383.956553
6.75 4.875 124058.401044
7.25 4.875 7089.05148822
7.75 4.875 0.0
8.25 4.875 0.0
8.75 4.875 0.0
0.25 5.125 2516613.27832
0.75 5.125 2548514.01002
1.25 5.125 2573325.69023
1.75 5.125 2389010.35153
2.25 5.125 2261407.42474
2.75 5.125 1758084.76908
3.25 5.125 1474522.70955
3.75 5.125 1378820.51446
4.25 5.125 1116525.6094
4.75 5.125 790429.240937
5.25 5.125 528134.335873
5.75 5.125 386353.306108
6.25 5.125 205582.493158
6.75 5.125 81524.0921146
7.25 5.125 7089.05148822
7.75 5.125 0.0
8.25 5.125 0.0
8.75 5.125 0.0
0.25 5.375 2126715.44647
0.75 5.375 2197605.96135
1.25 5.375 2066458.50882
1.75 5.375 1775807.3978
2.25 5.375 1644659.94527
2.75 5.375 1570224.90464
3.25 5.375 1329197.15404
3.75 5.375 1112981.08365
4.25 5.375 967655.528143
4.75 5.375 708905.148822
5.25 5.375 428887.615038
5.75 5.375 216216.070391
6.25 5.375 127602.926788
6.75 5.375 28356.2059529
7.25 5.375 0.0
7.75 5.375 0.0
8.25 5.375 0.0
8.75 5.375 0.0
0.25 5.625 1637570.89378
0.75 5.625 1687194.2542
1.25 5.625 1602125.63634
1.75 5.625 1354008.83425
2.25 5.625 1300840.94809
2.75 5.625 1247673.06193
3.25 5.625 1066902.24898
3.75 5.625 928665.744957
4.25 5.625 620292.00522
4.75 5.625 503322.655664
5.25 5.625 379264.25462
5.75 5.625 194948.915926
6.25 5.625 81524.0921146
6.75 5.625 17722.6287206
7.25 5.625 0.0
7.75 5.625 0.0
8.25 5.625 0.0
8.75 5.625 0.0
0.25 5.875 1566680.3789
0.75 5.875 1414265.7719
1.25 5.875 1485156.28678
1.75 5.875 1233494.95895
2.25 5.875 1283118.31937
2.75 5.875 1137792.76386
3.25 5.875 868408.807307
3.75 5.875 779795.663705
4.25 5.875 538767.913105
4.75 5.875 372175.203132
5.25 5.875 258750.37932
5.75 5.875 173681.761461
6.25 5.875 77979.5663705
6.75 5.875 17722.6287206
7.25 5.875 0.0
7.75 5.875 0.0
8.25 5.875 0.0
8.75 5.875 0.0
0.25 6.125 1268940.21639
0.75 6.125 1088169.40344
1.25 6.125 1109436.55791
1.75 6.125 1042090.56877
2.25 6.125 1042090.56877
2.75 6.125 868408.807307
3.25 6.125 723083.251799
3.75 6.125 691182.520102
4.25 6.125 414709.512061
4.75 6.125 322551.842714
5.25 6.125 209127.018903
5.75 6.125 152414.606997
6.25 6.125 56712.4119058
6.75 6.125 17722.6287206
7.25 6.125 0.0
7.75 6.125 0.0
8.25 6.125 0.0
8.75 6.125 0.0
0.25 6.375 1038546.04302
0.75 6.375 1003100.78558
1.25 6.375 999556.25984
1.75 6.375 903854.064749
2.25 6.375 790429.240937
2.75 6.375 758528.50924
3.25 6.375 648648.211172
3.75 6.375 577757.69629
4.25 6.375 400531.409085
4.75 6.375 258750.37932
5.25 6.375 191404.390182
5.75 6.375 120513.8753
6.25 6.375 38989.7831852
6.75 6.375 10633.5772323
7.25 6.375 0.0
7.75 6.375 0.0
8.25 6.375 0.0
8.75 6.375 0.0
0.25 6.625 864864.281563
0.75 6.625 829419.024122
1.25 6.625 818785.44689
1.75 6.625 730172.303287
2.25 6.625 694727.045846
2.75 6.625 545856.964593
3.25 6.625 510411.707152
3.75 6.625 393442.357596
4.25 6.625 326096.368458
4.75 6.625 212671.544647
5.25 6.625 163048.184229
5.75 6.625 77979.5663705
6.25 6.625 49623.3604176
6.75 6.625 7089.05148822
7.25 6.625 3544.52574411
7.75 6.625 0.0
8.25 6.625 0.0
8.75 6.625 0.0
0.25 6.875 705360.623078
0.75 6.875 723083.251799
1.25 6.875 623836.530964
1.75 6.875 691182.520102
2.25 6.875 616747.479475
2.75 6.875 489144.552687
3.25 6.875 474966.449711
3.75 6.875 357997.100155
4.25 6.875 255205.853576
4.75 6.875 187859.864438
5.25 6.875 106335.772323
5.75 6.875 81524.0921146
6.25 6.875 21267.1544647
6.75 6.875 7089.05148822
7.25 6.875 0.0
7.75 6.875 0.0
8.25 6.875 0.0
8.75 6.875 0.0
0.25 7.125 698271.57159
0.75 7.125 662826.314149
1.25 7.125 584846.747778
1.75 7.125 531678.861617
2.25 7.125 432432.140782
2.75 7.125 496233.604176
3.25 7.125 396986.883341
3.75 7.125 340274.471435
4.25 7.125 212671.544647
4.75 7.125 163048.184229
5.25 7.125 67345.9891381
5.75 7.125 70890.5148822
6.25 7.125 21267.1544647
6.75 7.125 7089.05148822
7.25 7.125 0.0
7.75 7.125 0.0
8.25 7.125 0.0
8.75 7.125 0.0
0.25 7.375 517500.75864
0.75 7.375 513956.232896
1.25 7.375 499778.12992
1.75 7.375 428887.615038
2.25 7.375 425343.089293
2.75 7.375 464332.872479
3.25 7.375 315462.791226
3.75 7.375 244572.276344
4.25 7.375 170137.235717
4.75 7.375 134691.978276
5.25 7.375 88613.1436028
5.75 7.375 38989.7831852
6.25 7.375 21267.1544647
6.75 7.375 10633.5772323
7.25 7.375 0.0
7.75 7.375 0.0
8.25 7.375 0.0
8.75 7.375 0.0
0.25 7.625 460788.346735
0.75 7.625 460788.346735
1.25 7.625 457243.82099
1.75 7.625 414709.512061
2.25 7.625 375719.728876
2.75 7.625 297740.162505
3.25 7.625 237483.224856
3.75 7.625 180770.81295
4.25 7.625 180770.81295
4.75 7.625 88613.1436028
5.25 7.625 88613.1436028
5.75 7.625 31900.731697
6.25 7.625 3544.52574411
6.75 7.625 0.0
7.25 7.625 0.0
7.75 7.625 0.0
8.25 7.625 0.0
8.75 7.625 0.0
0.25 7.875 329640.894202
0.75 7.875 372175.203132
1.25 7.875 389897.831852
1.75 7.875 290651.111017
2.25 7.875 304829.213994
2.75 7.875 287106.585273
3.25 7.875 219760.596135
3.75 7.875 194948.915926
4.25 7.875 113424.823812
4.75 7.875 88613.1436028
5.25 7.875 60256.9376499
5.75 7.875 31900.731697
6.25 7.875 10633.5772323
6.75 7.875 0.0
7.25 7.875 0.0
7.75 7.875 0.0
8.25 7.875 0.0
8.75 7.875 0.0
0.25 8.125 368630.677388
0.75 8.125 365086.151644
1.25 8.125 372175.203132
1.75 8.125 329640.894202
2.25 8.125 258750.37932
2.75 8.125 248116.802088
3.25 8.125 223305.121879
3.75 8.125 163048.184229
4.25 8.125 81524.0921146
4.75 8.125 70890.5148822
5.25 8.125 35445.2574411
5.75 8.125 35445.2574411
6.25 8.125 10633.5772323
6.75 8.125 0.0
7.25 8.125 0.0
7.75 8.125 0.0
8.25 8.125 0.0
8.75 8.125 0.0
0.25 8.375 294195.636761
0.75 8.375 287106.585273
1.25 8.375 248116.802088
1.75 8.375 311918.265482
2.25 8.375 223305.121879
2.75 8.375 173681.761461
3.25 8.375 141781.029764
3.75 8.375 141781.029764
4.25 8.375 92157.6693469
4.75 8.375 67345.9891381
5.25 8.375 31900.731697
5.75 8.375 17722.6287206
6.25 8.375 7089.05148822
6.75 8.375 0.0
7.25 8.375 0.0
7.75 8.375 0.0
8.25 8.375 0.0
8.75 8.375 0.0
0.25 8.625 280017.533785
0.75 8.625 216216.070391
1.25 8.625 251661.327832
1.75 8.625 184315.338694
2.25 8.625 216216.070391
2.75 8.625 163048.184229
3.25 8.625 134691.978276
3.75 8.625 81524.0921146
4.25 8.625 95702.195091
4.75 8.625 77979.5663705
5.25 8.625 28356.2059529
5.75 8.625 10633.5772323
6.25 8.625 0.0
6.75 8.625 0.0
7.25 8.625 0.0
7.75 8.625 0.0
8.25 8.625 0.0
8.75 8.625 0.0
0.25 8.875 209127.018903
0.75 8.875 230394.173367
1.25 8.875 233938.699111
1.75 8.875 173681.761461
2.25 8.875 170137.235717
2.75 8.875 159503.658485
3.25 8.875 99246.7208351
3.75 8.875 77979.5663705
4.25 8.875 49623.3604176
4.75 8.875 38989.7831852
5.25 8.875 28356.2059529
5.75 8.875 10633.5772323
6.25 8.875 0.0
6.75 8.875 0.0
7.25 8.875 0.0
7.75 8.875 0.0
8.25 8.875 0.0
8.75 8.875 0.0
0.25 9.125 216216.070391
0.75 9.125 205582.493158
1.25 9.125 148870.081253
1.75 9.125 170137.235717
2.25 9.125 152414.606997
2.75 9.125 124058.401044
3.25 9.125 95702.195091
3.75 9.125 70890.5148822
4.25 9.125 46078.8346735
4.75 9.125 35445.2574411
5.25 9.125 10633.5772323
5.75 9.125 7089.05148822
6.25 9.125 0.0
6.75 9.125 0.0
7.25 9.125 0.0
7.75 9.125 0.0
8.25 9.125 0.0
8.75 9.125 0.0
0.25 9.375 159503.658485
0.75 9.375 173681.761461
1.25 9.375 166592.709973
1.75 9.375 134691.978276
2.25 9.375 131147.452532
2.75 9.375 120513.8753
3.25 9.375 99246.7208351
3.75 9.375 81524.0921146
4.25 9.375 42534.3089293
4.75 9.375 31900.731697
5.25 9.375 3544.52574411
5.75 9.375 10633.5772323
6.25 9.375 3544.52574411
6.75 9.375 0.0
7.25 9.375 0.0
7.75 9.375 0.0
8.25 9.375 0.0
8.75 9.375 0.0
0.25 9.625 124058.401044
0.75 9.625 184315.338694
1.25 9.625 131147.452532
1.75 9.625 155959.132741
2.25 9.625 131147.452532
2.75 9.625 120513.8753
3.25 9.625 74435.0406264
3.75 9.625 53167.8861617
4.25 9.625 38989.7831852
4.75 9.625 28356.2059529
5.25 9.625 17722.6287206
5.75 9.625 14178.1029764
6.25 9.625 0.0
6.75 9.625 0.0
7.25 9.625 0.0
7.75 9.625 0.0
8.25 9.625 0.0
8.75 9.625 0.0
0.25 9.875 152414.606997
0.75 9.875 205582.493158
1.25 9.875 116969.349556
1.75 9.875 102791.246579
2.25 9.875 141781.029764
2.75 9.875 88613.1436028
3.25 9.875 85068.6178587
3.75 9.875 46078.8346735
4.25 9.875 56712.4119058
4.75 9.875 21267.1544647
5.25 9.875 14178.1029764
5.75 9.875 3544.52574411
6.25 9.875 3544.52574411
6.75 9.875 0.0
7.25 9.875 0.0
7.75 9.875 0.0
8.25 9.875 0.0
8.75 9.875 0.0
0.25 10.125 173681.761461
0.75 10.125 92157.6693469
1.25 10.125 113424.823812
1.75 10.125 102791.246579
2.25 10.125 99246.7208351
2.75 10.125 67345.9891381
3.25 10.125 46078.8346735
3.75 10.125 17722.6287206
4.25 10.125 38989.7831852
4.75 10.125 3544.52574411
5.25 10.125 10633.5772323
5.75 10.125 7089.05148822
6.25 10.125 3544.52574411
6.75 10.125 0.0
7.25 10.125 0.0
7.75 10.125 0.0
8.25 10.125 0.0
8.75 10.125 0.0
0.25 10.375 95702.195091
0.75 10.375 85068.6178587
1.25 10.375 95702.195091
1.75 10.375 120513.8753
2.25 10.375 88613.1436028
2.75 10.375 46078.8346735
3.25 10.375 49623.3604176
3.75 10.375 35445.2574411
4.25 10.375 21267.1544647
4.75 10.375 17722.6287206
5.25 10.375 3544.52574411
5.75 10.375 0.0
6.25 10.375 0.0
6.75 10.375 0.0
7.25 10.375 0.0
7.75 10.375 0.0
8.25 10.375 0.0
8.75 10.375 0.0
0.25 10.625 113424.823812
0.75 10.625 120513.8753
1.25 10.625 148870.081253
1.75 10.625 70890.5148822
2.25 10.625 85068.6178587
2.75 10.625 60256.9376499
3.25 10.625 81524.0921146
3.75 10.625 38989.7831852
4.25 10.625 14178.1029764
4.75 10.625 7089.05148822
5.25 10.625 0.0
5.75 10.625 3544.52574411
6.25 10.625 0.0
6.75 10.625 0.0
7.25 10.625 0.0
7.75 10.625 0.0
8.25 10.625 0.0
8.75 10.625 0.0
0.25 10.875 77979.5663705
0.75 10.875 70890.5148822
1.25 10.875 74435.0406264
1.75 10.875 56712.4119058
2.25 10.875 70890.5148822
2.75 10.875 46078.8346735
3.25 10.875 31900.731697
3.75 10.875 35445.2574411
4.25 10.875 14178.1029764
4.75 10.875 10633.5772323
5.25 10.875 14178.1029764
5.75 10.875 0.0
6.25 10.875 0.0
6.75 10.875 0.0
7.25 10.875 0.0
7.75 10.875 0.0
8.25 10.875 0.0
8.75 10.875 0.0
0.25 11.125 81524.0921146
0.75 11.125 67345.9891381
1.25 11.125 77979.5663705
1.75 11.125 38989.7831852
2.25 11.125 46078.8346735
2.75 11.125 38989.7831852
3.25 11.125 38989.7831852
3.75 11.125 21267.1544647
4.25 11.125 14178.1029764
4.75 11.125 0.0
5.25 11.125 0.0
5.75 11.125 10633.5772323
6.25 11.125 0.0
6.75 11.125 0.0
7.25 11.125 0.0
7.75 11.125 0.0
8.25 11.125 0.0
8.75 11.125 0.0
0.25 11.375 88613.1436028
0.75 11.375 46078.8346735
1.25 11.375 67345.9891381
1.75 11.375 42534.3089293
2.25 11.375 53167.8861617
2.75 11.375 46078.8346735
3.25 11.375 38989.7831852
3.75 11.375 21267.1544647
4.25 11.375 10633.5772323
4.75 11.375 7089.05148822
5.25 11.375 3544.52574411
5.75 11.375 7089.05148822
6.25 11.375 0.0
6.75 11.375 0.0
7.25 11.375 0.0
7.75 11.375 0.0
8.25 11.375 0.0
8.75 11.375 0.0
0.25 11.625 77979.5663705
0.75 11.625 92157.6693469
1.25 11.625 31900.731697
1.75 11.625 63801.463394
2.25 11.625 56712.4119058
2.75 11.625 53167.8861617
3.25 11.625 14178.1029764
3.75 11.625 31900.731697
4.25 11.625 10633.5772323
4.75 11.625 3544.52574411
5.25 11.625 0.0
5.75 11.625 3544.52574411
6.25 11.625 0.0
6.75 11.625 0.0
7.25 11.625 0.0
7.75 11.625 0.0
8.25 11.625 0.0
8.75 11.625 0.0
0.25 11.875 46078.8346735
0.75 11.875 70890.5148822
1.25 11.875 60256.9376499
1.75 11.875 60256.9376499
2.25 11.875 46078.8346735
2.75 11.875 24811.6802088
3.25 11.875 24811.6802088
3.75 11.875 21267.1544647
4.25 11.875 21267.1544647
4.75 11.875 3544.52574411
5.25 11.875 0.0
5.75 11.875 0.0
6.25 11.875 0.0
6.75 11.875 0.0
7.25 11.875 0.0
7.75 11.875 0.0
8.25 11.875 0.0
8.75 11.875 0.0
0.25 12.125 46078.8346735
0.75 12.125 42534.3089293
1.25 12.125 46078.8346735
1.75 12.125 35445.2574411
2.25 12.125 46078.8346735
2.75 12.125 17722.6287206
3.25 12.125 28356.2059529
3.75 12.125 21267.1544647
4.25 12.125 3544.52574411
4.75 12.125 3544.52574411
5.25 12.125 7089.05148822
5.75 12.125 0.0
6.25 12.125 0.0
6.75 12.125 0.0
7.25 12.125 0.0
7.75 12.125 0.0
8.25 12.125 0.0
8.75 12.125 0.0
0.25 12.375 42534.3089293
0.75 12.375 24811.6802088
1.25 12.375 70890.5148822
1.75 12.375 28356.2059529
2.25 12.375 14178.1029764
2.75 12.375 35445.2574411
3.25 12.375 35445.2574411
3.75 12.375 14178.1029764
4.25 12.375 7089.05148822
4.75 12.375 7089.05148822
5.25 12.375 7089.05148822
5.75 12.375 0.0
6.25 12.375 0.0
6.75 12.375 0.0
7.25 12.375 0.0
7.75 12.375 0.0
8.25 12.375 0.0
8.75 12.375 0.0
0.25 12.625 35445.2574411
0.75 12.625 24811.6802088
1.25 12.625 35445.2574411
1.75 12.625 35445.2574411
2.25 12.625 21267.1544647
2.75 12.625 17722.6287206
3.25 12.625 10633.5772323
3.75 12.625 10633.5772323
4.25 12.625 14178.1029764
4.75 12.625 10633.5772323
5.25 12.625 3544.52574411
5.75 12.625 0.0
6.25 12.625 0.0
6.75 12.625 0.0
7.25 12.625 0.0
7.75 12.625 0.0
8.25 12.625 0.0
8.75 12.625 0.0
0.25 12.875 42534.3089293
0.75 12.875 53167.8861617
1.25 12.875 42534.3089293
1.75 12.875 31900.731697
2.25 12.875 21267.1544647
2.75 12.875 24811.6802088
3.25 12.875 38989.7831852
3.75 12.875 0.0
4.25 12.875 7089.05148822
4.75 12.875 7089.05148822
5.25 12.875 3544.52574411
5.75 12.875 0.0
6.25 12.875 0.0
6.75 12.875 0.0
7.25 12.875 0.0
7.75 12.875 0.0
8.25 12.875 0.0
8.75 12.875 0.0
0.25 13.125 31900.731697
0.75 13.125 17722.6287206
1.25 13.125 24811.6802088
1.75 13.125 28356.2059529
2.25 13.125 14178.1029764
2.75 13.125 21267.1544647
3.25 13.125 10633.5772323
3.75 13.125 0.0
4.25 13.125 3544.52574411
4.75 13.125 3544.52574411
5.25 13.125 3544.52574411
5.75 13.125 3544.52574411
6.25 13.125 0.0
6.75 13.125 0.0
7.25 13.125 0.0
7.75 13.125 0.0
8.25 13.125 0.0
8.75 13.125 0.0
0.25 13.375 28356.2059529
0.75 13.375 35445.2574411
1.25 13.375 14178.1029764
1.75 13.375 10633.5772323
2.25 13.375 21267.1544647
2.75 13.375 28356.2059529
3.25 13.375 14178.1029764
3.75 13.375 10633.5772323
4.25 13.375 3544.52574411
4.75 13.375 7089.05148822
5.25 13.375 0.0
5.75 13.375 0.0
6.25 13.375 0.0
6.75 13.375 0.0
7.25 13.375 0.0
7.75 13.375 0.0
8.25 13.375 0.0
8.75 13.375 0.0
0.25 13.625 35445.2574411
0.75 13.625 49623.3604176
1.25 13.625 21267.1544647
1.75 13.625 28356.2059529
2.25 13.625 38989.7831852
2.75 13.625 17722.6287206
3.25 13.625 7089.05148822
3.75 13.625 7089.05148822
4.25 13.625 0.0
4.75 13.625 0.0
5.25 13.625 3544.52574411
5.75 13.625 0.0
6.25 13.625 0.0
6.75 13.625 0.0
7.25 13.625 0.0
7.75 13.625 0.0
8.25 13.625 0.0
8.75 13.625 0.0
0.25 13.875 7089.05148822
0.75 13.875 0.0
1.25 13.875 24811.6802088
1.75 13.875 21267.1544647
2.25 13.875 14178.1029764
2.75 13.875 3544.52574411
3.25 13.875 3544.52574411
3.75 13.875 14178.1029764
4.25 13.875 7089.05148822
4.75 13.875 0.0
5.25 13.875 3544.52574411
5.75 13.875 0.0
6.25 13.875 0.0
6.75 13.875 0.0
7.25 13.875 0.0
7.75 13.875 0.0
8.25 13.875 0.0
8.75 13.875 0.0
0.25 14.125 10633.5772323
0.75 14.125 17722.6287206
1.25 14.125 24811.6802088
1.75 14.125 10633.5772323
2.25 14.125 14178.1029764
2.75 14.125 10633.5772323
3.25 14.125 24811.6802088
3.75 14.125 3544.52574411
4.25 14.125 0.0
4.75 14.125 3544.52574411
5.25 14.125 3544.52574411
5.75 14.125 0.0
6.25 14.125 0.0
6.75 14.125 0.0
7.25 14.125 0.0
7.75 14.125 0.0
8.25 14.125 0.0
8.75 14.125 0.0
0.25 14.375 14178.1029764
0.75 14.375 28356.2059529
1.25 14.375 17722.6287206
1.75 14.375 17722.6287206
2.25 14.375 14178.1029764
2.75 14.375 7089.05148822
3.25 14.375 7089.05148822
3.75 14.375 7089.05148822
4.25 14.375 0.0
4.75 14.375 3544.52574411
5.25 14.375 0.0
5.75 14.375 3544.52574411
6.25 14.375 0.0
6.75 14.375 0.0
7.25 14.375 0.0
7.75 14.375 0.0
8.25 14.375 0.0
8.75 14.375 0.0
0.25 14.625 24811.6802088
0.75 14.625 17722.6287206
1.25 14.625 21267.1544647
1.75 14.625 14178.1029764
2.25 14.625 14178.1029764
2.75 14.625 10633.5772323
3.25 14.625 10633.5772323
3.75 14.625 10633.5772323
4.25 14.625 10633.5772323
4.75 14.625 0.0
5.25 14.625 7089.05148822
5.75 14.625 0.0
6.25 14.625 0.0
6.75 14.625 0.0
7.25 14.625 0.0
7.75 14.625 0.0
8.25 14.625 0.0
8.75 14.625 0.0
0.25 14.875 7089.05148822
0.75 14.875 7089.05148822
1.25 14.875 14178.1029764
1.75 14.875 10633.5772323
2.25 14.875 3544.52574411
2.75 14.875 10633.5772323
3.25 14.875 14178.1029764
3.75 14.875 3544.52574411
4.25 14.875 14178.1029764
4.75 14.875 3544.52574411
5.25 14.875 3544.52574411
5.75 14.875 0.0
6.25 14.875 0.0
6.75 14.875 0.0
7.25 14.875 0.0
7.75 14.875 0.0
8.25 14.875 0.0
8.75 14.875 0.0
0.25 15.125 21267.1544647
0.75 15.125 38989.7831852
1.25 15.125 10633.5772323
1.75 15.125 10633.5772323
2.25 15.125 3544.52574411
2.75 15.125 17722.6287206
3.25 15.125 3544.52574411
3.75 15.125 7089.05148822
4.25 15.125 3544.52574411
4.75 15.125 3544.52574411
5.25 15.125 0.0
5.75 15.125 0.0
6.25 15.125 0.0
6.75 15.125 0.0
7.25 15.125 0.0
7.75 15.125 0.0
8.25 15.125 0.0
8.75 15.125 0.0
0.25 15.375 17722.6287206
0.75 15.375 7089.05148822
1.25 15.375 10633.5772323
1.75 15.375 7089.05148822
2.25 15.375 24811.6802088
2.75 15.375 10633.5772323
3.25 15.375 10633.5772323
3.75 15.375 0.0
4.25 15.375 14178.1029764
4.75 15.375 0.0
5.25 15.375 0.0
5.75 15.375 0.0
6.25 15.375 0.0
6.75 15.375 0.0
7.25 15.375 0.0
7.75 15.375 0.0
8.25 15.375 0.0
8.75 15.375 0.0
0.25 15.625 21267.1544647
0.75 15.625 17722.6287206
1.25 15.625 17722.6287206
1.75 15.625 3544.52574411
2.25 15.625 21267.1544647
2.75 15.625 3544.52574411
3.25 15.625 21267.1544647
3.75 15.625 3544.52574411
4.25 15.625 3544.52574411
4.75 15.625 0.0
5.25 15.625 0.0
5.75 15.625 0.0
6.25 15.625 0.0
6.75 15.625 0.0
7.25 15.625 0.0
7.75 15.625 0.0
8.25 15.625 0.0
8.75 15.625 0.0
0.25 15.875 10633.5772323
0.75 15.875 17722.6287206
1.25 15.875 14178.1029764
1.75 15.875 10633.5772323
2.25 15.875 14178.1029764
2.75 15.875 3544.52574411
3.25 15.875 0.0
3.75 15.875 3544.52574411
4.25 15.875 0.0
4.75 15.875 7089.05148822
5.25 15.875 0.0
5.75 15.875 0.0
6.25 15.875 0.0
6.75 15.875 0.0
7.25 15.875 0.0
7.75 15.875 0.0
8.25 15.875 0.0
8.75 15.875 0.0
0.25 16.125 28356.2059529
0.75 16.125 17722.6287206
1.25 16.125 7089.05148822
1.75 16.125 0.0
2.25 16.125 10633.5772323
2.75 16.125 0.0
3.25 16.125 7089.05148822
3.75 16.125 0.0
4.25 16.125 0.0
4.75 16.125 0.0
5.25 16.125 0.0
5.75 16.125 0.0
6.25 16.125 0.0
6.75 16.125 0.0
7.25 16.125 0.0
7.75 16.125 0.0
8.25 16.125 0.0
8.75 16.125 0.0
0.25 16.375 17722.6287206
0.75 16.375 7089.05148822
1.25 16.375 17722.6287206
1.75 16.375 14178.1029764
2.25 16.375 0.0
2.75 16.375 7089.05148822
3.25 16.375 0.0
3.75 16.375 0.0
4.25 16.375 0.0
4.75 16.375 0.0
5.25 16.375 0.0
5.75 16.375 0.0
6.25 16.375 0.0
6.75 16.375 0.0
7.25 16.375 0.0
7.75 16.375 0.0
8.25 16.375 0.0
8.75 16.375 0.0
0.25 16.625 21267.1544647
0.75 16.625 10633.5772323
1.25 16.625 3544.52574411
1.75 16.625 3544.52574411
2.25 16.625 3544.52574411
2.75 16.625 10633.5772323
3.25 16.625 3544.52574411
3.75 16.625 7089.05148822
4.25 16.625 3544.52574411
4.75 16.625 0.0
5.25 16.625 0.0
5.75 16.625 0.0
6.25 16.625 0.0
6.75 16.625 0.0
7.25 16.625 0.0
7.75 16.625 0.0
8.25 16.625 0.0
8.75 16.625 0.0
0.25 16.875 3544.52574411
0.75 16.875 14178.1029764
1.25 16.875 17722.6287206
1.75 16.875 3544.52574411
2.25 16.875 3544.52574411
2.75 16.875 3544.52574411
3.25 16.875 0.0
3.75 16.875 0.0
4.25 16.875 0.0
4.75 16.875 0.0
5.25 16.875 0.0
5.75 16.875 0.0
6.25 16.875 0.0
6.75 16.875 0.0
7.25 16.875 0.0
7.75 16.875 0.0
8.25 16.875 0.0
8.75 16.875 0.0
0.25 17.125 7089.05148822
0.75 17.125 3544.52574411
1.25 17.125 14178.1029764
1.75 17.125 3544.52574411
2.25 17.125 17722.6287206
2.75 17.125 10633.5772323
3.25 17.125 0.0
3.75 17.125 3544.52574411
4.25 17.125 0.0
4.75 17.125 0.0
5.25 17.125 0.0
5.75 17.125 0.0
6.25 17.125 0.0
6.75 17.125 0.0
7.25 17.125 0.0
7.75 17.125 0.0
8.25 17.125 0.0
8.75 17.125 0.0
0.25 17.375 10633.5772323
0.75 17.375 21267.1544647
1.25 17.375 17722.6287206
1.75 17.375 10633.5772323
2.25 17.375 0.0
2.75 17.375 10633.5772323
3.25 17.375 0.0
3.75 17.375 7089.05148822
4.25 17.375 3544.52574411
4.75 17.375 0.0
5.25 17.375 3544.52574411
5.75 17.375 0.0
6.25 17.375 0.0
6.75 17.375 0.0
7.25 17.375 0.0
7.75 17.375 0.0
8.25 17.375 0.0
8.75 17.375 0.0
0.25 17.625 3544.52574411
0.75 17.625 7089.05148822
1.25 17.625 0.0
1.75 17.625 3544.52574411
2.25 17.625 7089.05148822
2.75 17.625 7089.05148822
3.25 17.625 3544.52574411
3.75 17.625 3544.52574411
4.25 17.625 0.0
4.75 17.625 0.0
5.25 17.625 0.0
5.75 17.625 0.0
6.25 17.625 0.0
6.75 17.625 0.0
7.25 17.625 0.0
7.75 17.625 0.0
8.25 17.625 0.0
8.75 17.625 0.0
0.25 17.875 3544.52574411
0.75 17.875 3544.52574411
1.25 17.875 7089.05148822
1.75 17.875 3544.52574411
2.25 17.875 3544.52574411
2.75 17.875 7089.05148822
3.25 17.875 7089.05148822
3.75 17.875 3544.52574411
4.25 17.875 3544.52574411
4.75 17.875 0.0
5.25 17.875 0.0
5.75 17.875 0.0
6.25 17.875 0.0
6.75 17.875 0.0
7.25 17.875 0.0
7.75 17.875 0.0
8.25 17.875 0.0
8.75 17.875 0.0
0.25 18.125 0.0
0.75 18.125 10633.5772323
1.25 18.125 7089.05148822
1.75 18.125 10633.5772323
2.25 18.125 7089.05148822
2.75 18.125 0.0
3.25 18.125 3544.52574411
3.75 18.125 3544.52574411
4.25 18.125 0.0
4.75 18.125 0.0
5.25 18.125 0.0
5.75 18.125 0.0
6.25 18.125 0.0
6.75 18.125 0.0
7.25 18.125 0.0
7.75 18.125 0.0
8.25 18.125 0.0
8.75 18.125 0.0
0.25 18.375 7089.05148822
0.75 18.375 7089.05148822
1.25 18.375 10633.5772323
1.75 18.375 3544.52574411
2.25 18.375 0.0
2.75 18.375 0.0
3.25 18.375 0.0
3.75 18.375 3544.52574411
4.25 18.375 0.0
4.75 18.375 0.0
5.25 18.375 0.0
5.75 18.375 0.0
6.25 18.375 0.0
6.75 18.375 0.0
7.25 18.375 0.0
7.75 18.375 0.0
8.25 18.375 0.0
8.75 18.375 0.0
0.25 18.625 7089.05148822
0.75 18.625 14178.1029764
1.25 18.625 10633.5772323
1.75 18.625 0.0
2.25 18.625 0.0
2.75 18.625 10633.5772323
3.25 18.625 0.0
3.75 18.625 3544.52574411
4.25 18.625 0.0
4.75 18.625 0.0
5.25 18.625 0.0
5.75 18.625 0.0
6.25 18.625 0.0
6.75 18.625 0.0
7.25 18.625 0.0
7.75 18.625 0.0
8.25 18.625 0.0
8.75 18.625 0.0
0.25 18.875 3544.52574411
0.75 18.875 14178.1029764
1.25 18.875 7089.05148822
1.75 18.875 7089.05148822
2.25 18.875 0.0
2.75 18.875 3544.52574411
3.25 18.875 3544.52574411
3.75 18.875 0.0
4.25 18.875 3544.52574411
4.75 18.875 0.0
5.25 18.875 0.0
5.75 18.875 0.0
6.25 18.875 0.0
6.75 18.875 0.0
7.25 18.875 0.0
7.75 18.875 0.0
8.25 18.875 0.0
8.75 18.875 0.0
0.25 19.125 7089.05148822
0.75 19.125 0.0
1.25 19.125 7089.05148822
1.75 19.125 0.0
2.25 19.125 3544.52574411
2.75 19.125 0.0
3.25 19.125 3544.52574411
3.75 19.125 7089.05148822
4.25 19.125 7089.05148822
4.75 19.125 0.0
5.25 19.125 0.0
5.75 19.125 3544.52574411
6.25 19.125 0.0
6.75 19.125 0.0
7.25 19.125 0.0
7.75 19.125 0.0
8.25 19.125 0.0
8.75 19.125 0.0
0.25 19.375 7089.05148822
0.75 19.375 7089.05148822
1.25 19.375 7089.05148822
1.75 19.375 7089.05148822
2.25 19.375 3544.52574411
2.75 19.375 10633.5772323
3.25 19.375 0.0
3.75 19.375 0.0
4.25 19.375 3544.52574411
4.75 19.375 0.0
5.25 19.375 0.0
5.75 19.375 0.0
6.25 19.375 0.0
6.75 19.375 0.0
7.25 19.375 0.0
7.75 19.375 0.0
8.25 19.375 0.0
8.75 19.375 0.0
0.25 19.625 10633.5772323
0.75 19.625 3544.52574411
1.25 19.625 10633.5772323
1.75 19.625 7089.05148822
2.25 19.625 0.0
2.75 19.625 0.0
3.25 19.625 0.0
3.75 19.625 0.0
4.25 19.625 0.0
4.75 19.625 0.0
5.25 19.625 0.0
5.75 19.625 0.0
6.25 19.625 0.0
6.75 19.625 0.0
7.25 19.625 0.0
7.75 19.625 0.0
8.25 19.625 0.0
8.75 19.625 0.0
0.25 19.875 7089.05148822
0.75 19.875 14178.1029764
1.25 19.875 10633.5772323
1.75 19.875 3544.52574411
2.25 19.875 0.0
2.75 19.875 3544.52574411
3.25 19.875 0.0
3.75 19.875 3544.52574411
4.25 19.875 0.0
4.75 19.875 0.0
5.25 19.875 0.0
5.75 19.875 0.0
6.25 19.875 0.0
6.75 19.875 0.0
7.25 19.875 0.0
7.75 19.875 0.0
8.25 19.875 0.0
8.75 19.875 0.0
0.25 20.125 0.0
0.75 20.125 3544.52574411
1.25 20.125 3544.52574411
1.75 20.125 7089.05148822
2.25 20.125 0.0
2.75 20.125 7089.05148822
3.25 20.125 0.0
3.75 20.125 0.0
4.25 20.125 0.0
4.75 20.125 0.0
5.25 20.125 0.0
5.75 20.125 0.0
6.25 20.125 0.0
6.75 20.125 0.0
7.25 20.125 0.0
7.75 20.125 0.0
8.25 20.125 0.0
8.75 20.125 0.0
0.25 20.375 7089.05148822
0.75 20.375 7089.05148822
1.25 20.375 7089.05148822
1.75 20.375 7089.05148822
2.25 20.375 7089.05148822
2.75 20.375 0.0
3.25 20.375 3544.52574411
3.75 20.375 0.0
4.25 20.375 0.0
4.75 20.375 0.0
5.25 20.375 0.0
5.75 20.375 0.0
6.25 20.375 0.0
6.75 20.375 0.0
7.25 20.375 0.0
7.75 20.375 0.0
8.25 20.375 0.0
8.75 20.375 0.0
0.25 20.625 7089.05148822
0.75 20.625 3544.52574411
1.25 20.625 3544.52574411
1.75 20.625 7089.05148822
2.25 20.625 7089.05148822
2.75 20.625 3544.52574411
3.25 20.625 0.0
3.75 20.625 0.0
4.25 20.625 7089.05148822
4.75 20.625 0.0
5.25 20.625 0.0
5.75 20.625 0.0
6.25 20.625 0.0
6.75 20.625 0.0
7.25 20.625 0.0
7.75 20.625 0.0
8.25 20.625 0.0
8.75 20.625 0.0
0.25 20.875 7089.05148822
0.75 20.875 3544.52574411
1.25 20.875 0.0
1.75 20.875 0.0
2.25 20.875 3544.52574411
2.75 20.875 3544.52574411
3.25 20.875 0.0
3.75 20.875 0.0
4.25 20.875 3544.52574411
4.75 20.875 0.0
5.25 20.875 0.0
5.75 20.875 0.0
6.25 20.875 0.0
6.75 20.875 0.0
7.25 20.875 0.0
7.75 20.875 0.0
8.25 20.875 0.0
8.75 20.875 0.0
0.25 21.125 0.0
0.75 21.125 0.0
1.25 21.125 3544.52574411
1.75 21.125 0.0
2.25 21.125 3544.52574411
2.75 21.125 3544.52574411
3.25 21.125 0.0
3.75 21.125 0.0
4.25 21.125 0.0
4.75 21.125 0.0
5.25 21.125 0.0
5.75 21.125 0.0
6.25 21.125 0.0
6.75 21.125 0.0
7.25 21.125 0.0
7.75 21.125 0.0
8.25 21.125 0.0
8.75 21.125 0.0
0.25 21.375 0.0
0.75 21.375 3544.52574411
1.25 21.375 3544.52574411
1.75 21.375 3544.52574411
2.25 21.375 7089.05148822
2.75 21.375 0.0
3.25 21.375 0.0
3.75 21.375 3544.52574411
4.25 21.375 0.0
4.75 21.375 0.0
5.25 21.375 3544.52574411
5.75 21.375 0.0
6.25 21.375 0.0
6.75 21.375 0.0
7.25 21.375 0.0
7.75 21.375 0.0
8.25 21.375 0.0
8.75 21.375 0.0
0.25 21.625 3544.52574411
0.75 21.625 3544.52574411
1.25 21.625 0.0
1.75 21.625 3544.52574411
2.25 21.625 0.0
2.75 21.625 3544.52574411
3.25 21.625 0.0
3.75 21.625 0.0
4.25 21.625 0.0
4.75 21.625 0.0
5.25 21.625 0.0
5.75 21.625 0.0
6.25 21.625 0.0
6.75 21.625 0.0
7.25 21.625 0.0
7.75 21.625 0.0
8.25 21.625 0.0
8.75 21.625 0.0
0.25 21.875 3544.52574411
0.75 21.875 3544.52574411
1.25 21.875 10633.5772323
1.75 21.875 0.0
2.25 21.875 0.0
2.75 21.875 0.0
3.25 21.875 0.0
3.75 21.875 0.0
4.25 21.875 0.0
4.75 21.875 0.0
5.25 21.875 0.0
5.75 21.875 0.0
6.25 21.875 0.0
6.75 21.875 0.0
7.25 21.875 0.0
7.75 21.875 0.0
8.25 21.875 0.0
8.75 21.875 0.0
0.25 22.125 0.0
0.75 22.125 10633.5772323
1.25 22.125 0.0
1.75 22.125 0.0
2.25 22.125 0.0
2.75 22.125 3544.52574411
3.25 22.125 0.0
3.75 22.125 0.0
4.25 22.125 0.0
4.75 22.125 0.0
5.25 22.125 0.0
5.75 22.125 0.0
6.25 22.125 0.0
6.75 22.125 0.0
7.25 22.125 0.0
7.75 22.125 0.0
8.25 22.125 0.0
8.75 22.125 0.0
0.25 22.375 0.0
0.75 22.375 0.0
1.25 22.375 0.0
1.75 22.375 0.0
2.25 22.375 0.0
2.75 22.375 0.0
3.25 22.375 0.0
3.75 22.375 0.0
4.25 22.375 3544.52574411
4.75 22.375 0.0
5.25 22.375 0.0
5.75 22.375 0.0
6.25 22.375 0.0
6.75 22.375 0.0
7.25 22.375 0.0
7.75 22.375 0.0
8.25 22.375 0.0
8.75 22.375 0.0
0.25 22.625 0.0
0.75 22.625 0.0
1.25 22.625 7089.05148822
1.75 22.625 0.0
2.25 22.625 0.0
2.75 22.625 0.0
3.25 22.625 3544.52574411
3.75 22.625 0.0
4.25 22.625 3544.52574411
4.75 22.625 0.0
5.25 22.625 0.0
5.75 22.625 0.0
6.25 22.625 0.0
6.75 22.625 0.0
7.25 22.625 0.0
7.75 22.625 0.0
8.25 22.625 0.0
8.75 22.625 0.0
0.25 22.875 3544.52574411
0.75 22.875 0.0
1.25 22.875 0.0
1.75 22.875 0.0
2.25 22.875 0.0
2.75 22.875 0.0
3.25 22.875 0.0
3.75 22.875 0.0
4.25 22.875 0.0
4.75 22.875 0.0
5.25 22.875 0.0
5.75 22.875 0.0
6.25 22.875 0.0
6.75 22.875 0.0
7.25 22.875 0.0
7.75 22.875 0.0
8.25 22.875 0.0
8.75 22.875 0.0
0.25 23.125 0.0
0.75 23.125 3544.52574411
1.25 23.125 3544.52574411
1.75 23.125 0.0
2.25 23.125 3544.52574411
2.75 23.125 3544.52574411
3.25 23.125 0.0
3.75 23.125 0.0
4.25 23.125 0.0
4.75 23.125 0.0
5.25 23.125 0.0
5.75 23.125 0.0
6.25 23.125 0.0
6.75 23.125 0.0
7.25 23.125 0.0
7.75 23.125 0.0
8.25 23.125 0.0
8.75 23.125 0.0
0.25 23.375 7089.05148822
0.75 23.375 0.0
1.25 23.375 3544.52574411
1.75 23.375 0.0
2.25 23.375 0.0
2.75 23.375 0.0
3.25 23.375 0.0
3.75 23.375 0.0
4.25 23.375 3544.52574411
4.75 23.375 0.0
5.25 23.375 0.0
5.75 23.375 0.0
6.25 23.375 0.0
6.75 23.375 0.0
7.25 23.375 0.0
7.75 23.375 0.0
8.25 23.375 0.0
8.75 23.375 0.0
0.25 23.625 3544.52574411
0.75 23.625 7089.05148822
1.25 23.625 0.0
1.75 23.625 0.0
2.25 23.625 0.0
2.75 23.625 0.0
3.25 23.625 0.0
3.75 23.625 0.0
4.25 23.625 0.0
4.75 23.625 0.0
5.25 23.625 0.0
5.75 23.625 0.0
6.25 23.625 0.0
6.75 23.625 0.0
7.25 23.625 0.0
7.75 23.625 0.0
8.25 23.625 0.0
8.75 23.625 0.0
0.25 23.875 3544.52574411
0.75 23.875 3544.52574411
1.25 23.875 0.0
1.75 23.875 0.0
2.25 23.875 3544.52574411
2.75 23.875 0.0
3.25 23.875 0.0
3.75 23.875 0.0
4.25 23.875 0.0
4.75 23.875 0.0
5.25 23.875 0.0
5.75 23.875 0.0
6.25 23.875 0.0
6.75 23.875 0.0
7.25 23.875 0.0
7.75 23.875 0.0
8.25 23.875 0.0
8.75 23.875 0.0
0.25 24.125 0.0
0.75 24.125 0.0
1.25 24.125 0.0
1.75 24.125 0.0
2.25 24.125 0.0
2.75 24.125 0.0
3.25 24.125 0.0
3.75 24.125 3544.52574411
4.25 24.125 0.0
4.75 24.125 0.0
5.25 24.125 0.0
5.75 24.125 0.0
6.25 24.125 0.0
6.75 24.125 0.0
7.25 24.125 0.0
7.75 24.125 0.0
8.25 24.125 0.0
8.75 24.125 0.0
0.25 24.375 0.0
0.75 24.375 3544.52574411
1.25 24.375 3544.52574411
1.75 24.375 0.0
2.25 24.375 0.0
2.75 24.375 3544.52574411
3.25 24.375 3544.52574411
3.75 24.375 3544.52574411
4.25 24.375 0.0
4.75 24.375 0.0
5.25 24.375 0.0
5.75 24.375 0.0
6.25 24.375 0.0
6.75 24.375 0.0
7.25 24.375 0.0
7.75 24.375 0.0
8.25 24.375 0.0
8.75 24.375 0.0
0.25 24.625 0.0
0.75 24.625 0.0
1.25 24.625 3544.52574411
1.75 24.625 0.0
2.25 24.625 0.0
2.75 24.625 0.0
3.25 24.625 7089.05148822
3.75 24.625 0.0
4.25 24.625 0.0
4.75 24.625 0.0
5.25 24.625 0.0
5.75 24.625 0.0
6.25 24.625 0.0
6.75 24.625 0.0
7.25 24.625 0.0
7.75 24.625 0.0
8.25 24.625 0.0
8.75 24.625 0.0
0.25 24.875 0.0
0.75 24.875 0.0
1.25 24.875 3544.52574411
1.75 24.875 0.0
2.25 24.875 0.0
2.75 24.875 0.0
3.25 24.875 0.0
3.75 24.875 0.0
4.25 24.875 0.0
4.75 24.875 0.0
5.25 24.875 0.0
5.75 24.875 0.0
6.25 24.875 0.0
6.75 24.875 0.0
7.25 24.875 0.0
7.75 24.875 0.0
8.25 24.875 0.0
8.75 24.875 0.0
0.25 25.125 0.0
0.75 25.125 0.0
1.25 25.125 0.0
1.75 25.125 7089.05148822
2.25 25.125 0.0
2.75 25.125 0.0
3.25 25.125 0.0
3.75 25.125 0.0
4.25 25.125 0.0
4.75 25.125 0.0
5.25 25.125 0.0
5.75 25.125 0.0
6.25 25.125 0.0
6.75 25.125 0.0
7.25 25.125 0.0
7.75 25.125 0.0
8.25 25.125 0.0
8.75 25.125 0.0
0.25 25.375 3544.52574411
0.75 25.375 7089.05148822
1.25 25.375 0.0
1.75 25.375 0.0
2.25 25.375 0.0
2.75 25.375 0.0
3.25 25.375 0.0
3.75 25.375 0.0
4.25 25.375 0.0
4.75 25.375 0.0
5.25 25.375 0.0
5.75 25.375 0.0
6.25 25.375 0.0
6.75 25.375 0.0
7.25 25.375 0.0
7.75 25.375 0.0
8.25 25.375 0.0
8.75 25.375 0.0
0.25 25.625 0.0
0.75 25.625 0.0
1.25 25.625 0.0
1.75 25.625 3544.52574411
2.25 25.625 3544.52574411
2.75 25.625 0.0
3.25 25.625 0.0
3.75 25.625 0.0
4.25 25.625 0.0
4.75 25.625 0.0
5.25 25.625 0.0
5.75 25.625 0.0
6.25 25.625 0.0
6.75 25.625 0.0
7.25 25.625 0.0
7.75 25.625 0.0
8.25 25.625 0.0
8.75 25.625 0.0
0.25 25.875 0.0
0.75 25.875 0.0
1.25 25.875 0.0
1.75 25.875 0.0
2.25 25.875 0.0
2.75 25.875 0.0
3.25 25.875 0.0
3.75 25.875 0.0
4.25 25.875 0.0
4.75 25.875 0.0
5.25 25.875 0.0
5.75 25.875 0.0
6.25 25.875 0.0
6.75 25.875 0.0
7.25 25.875 0.0
7.75 25.875 0.0
8.25 25.875 0.0
8.75 25.875 0.0
0.25 26.125 3544.52574411
0.75 26.125 0.0
1.25 26.125 0.0
1.75 26.125 0.0
2.25 26.125 0.0
2.75 26.125 0.0
3.25 26.125 0.0
3.75 26.125 0.0
4.25 26.125 0.0
4.75 26.125 0.0
5.25 26.125 0.0
5.75 26.125 0.0
6.25 26.125 0.0
6.75 26.125 0.0
7.25 26.125 0.0
7.75 26.125 0.0
8.25 26.125 0.0
8.75 26.125 0.0
0.25 26.375 3544.52574411
0.75 26.375 0.0
1.25 26.375 0.0
1.75 26.375 0.0
2.25 26.375 7089.05148822
2.75 26.375 3544.52574411
3.25 26.375 0.0
3.75 26.375 0.0
4.25 26.375 0.0
4.75 26.375 0.0
5.25 26.375 0.0
5.75 26.375 0.0
6.25 26.375 0.0
6.75 26.375 0.0
7.25 26.375 0.0
7.75 26.375 0.0
8.25 26.375 0.0
8.75 26.375 0.0
0.25 26.625 0.0
0.75 26.625 0.0
1.25 26.625 0.0
1.75 26.625 0.0
2.25 26.625 0.0
2.75 26.625 0.0
3.25 26.625 3544.52574411
3.75 26.625 0.0
4.25 26.625 0.0
4.75 26.625 0.0
5.25 26.625 0.0
5.75 26.625 0.0
6.25 26.625 0.0
6.75 26.625 0.0
7.25 26.625 0.0
7.75 26.625 0.0
8.25 26.625 0.0
8.75 26.625 0.0
0.25 26.875 0.0
0.75 26.875 0.0
1.25 26.875 3544.52574411
1.75 26.875 0.0
2.25 26.875 0.0
2.75 26.875 3544.52574411
3.25 26.875 0.0
3.75 26.875 0.0
4.25 26.875 0.0
4.75 26.875 0.0
5.25 26.875 0.0
5.75 26.875 0.0
6.25 26.875 0.0
6.75 26.875 0.0
7.25 26.875 0.0
7.75 26.875 0.0
8.25 26.875 0.0
8.75 26.875 0.0
0.25 27.125 3544.52574411
0.75 27.125 0.0
1.25 27.125 0.0
1.75 27.125 0.0
2.25 27.125 0.0
2.75 27.125 3544.52574411
3.25 27.125 0.0
3.75 27.125 0.0
4.25 27.125 0.0
4.75 27.125 0.0
5.25 27.125 0.0
5.75 27.125 0.0
6.25 27.125 0.0
6.75 27.125 0.0
7.25 27.125 0.0
7.75 27.125 0.0
8.25 27.125 0.0
8.75 27.125 0.0
0.25 27.375 0.0
0.75 27.375 0.0
1.25 27.375 3544.52574411
1.75 27.375 0.0
2.25 27.375 3544.52574411
2.75 27.375 0.0
3.25 27.375 3544.52574411
3.75 27.375 0.0
4.25 27.375 0.0
4.75 27.375 0.0
5.25 27.375 0.0
5.75 27.375 0.0
6.25 27.375 0.0
6.75 27.375 0.0
7.25 27.375 0.0
7.75 27.375 0.0
8.25 27.375 0.0
8.75 27.375 0.0
0.25 27.625 0.0
0.75 27.625 0.0
1.25 27.625 0.0
1.75 27.625 0.0
2.25 27.625 3544.52574411
2.75 27.625 0.0
3.25 27.625 0.0
3.75 27.625 0.0
4.25 27.625 0.0
4.75 27.625 0.0
5.25 27.625 0.0
5.75 27.625 0.0
6.25 27.625 0.0
6.75 27.625 0.0
7.25 27.625 0.0
7.75 27.625 0.0
8.25 27.625 0.0
8.75 27.625 0.0
0.25 27.875 3544.52574411
0.75 27.875 0.0
1.25 27.875 0.0
1.75 27.875 0.0
2.25 27.875 0.0
2.75 27.875 0.0
3.25 27.875 0.0
3.75 27.875 0.0
4.25 27.875 0.0
4.75 27.875 0.0
5.25 27.875 0.0
5.75 27.875 0.0
6.25 27.875 0.0
6.75 27.875 0.0
7.25 27.875 0.0
7.75 27.875 0.0
8.25 27.875 0.0
8.75 27.875 0.0
0.25 28.125 0.0
0.75 28.125 0.0
1.25 28.125 0.0
1.75 28.125 0.0
2.25 28.125 0.0
2.75 28.125 3544.52574411
3.25 28.125 0.0
3.75 28.125 0.0
4.25 28.125 0.0
4.75 28.125 0.0
5.25 28.125 0.0
5.75 28.125 0.0
6.25 28.125 0.0
6.75 28.125 0.0
7.25 28.125 0.0
7.75 28.125 0.0
8.25 28.125 0.0
8.75 28.125 0.0
0.25 28.375 0.0
0.75 28.375 0.0
1.25 28.375 0.0
1.75 28.375 0.0
2.25 28.375 3544.52574411
2.75 28.375 0.0
3.25 28.375 0.0
3.75 28.375 0.0
4.25 28.375 0.0
4.75 28.375 0.0
5.25 28.375 0.0
5.75 28.375 0.0
6.25 28.375 0.0
6.75 28.375 0.0
7.25 28.375 0.0
7.75 28.375 0.0
8.25 28.375 0.0
8.75 28.375 0.0
0.25 28.625 0.0
0.75 28.625 0.0
1.25 28.625 0.0
1.75 28.625 0.0
2.25 28.625 0.0
2.75 28.625 0.0
3.25 28.625 0.0
3.75 28.625 0.0
4.25 28.625 0.0
4.75 28.625 0.0
5.25 28.625 0.0
5.75 28.625 0.0
6.25 28.625 0.0
6.75 28.625 0.0
7.25 28.625 0.0
7.75 28.625 0.0
8.25 28.625 0.0
8.75 28.625 0.0
0.25 28.875 0.0
0.75 28.875 0.0
1.25 28.875 0.0
1.75 28.875 0.0
2.25 28.875 0.0
2.75 28.875 0.0
3.25 28.875 0.0
3.75 28.875 0.0
4.25 28.875 0.0
4.75 28.875 0.0
5.25 28.875 0.0
5.75 28.875 0.0
6.25 28.875 0.0
6.75 28.875 0.0
7.25 28.875 0.0
7.75 28.875 0.0
8.25 28.875 0.0
8.75 28.875 0.0
0.25 29.125 0.0
0.75 29.125 3544.52574411
1.25 29.125 3544.52574411
1.75 29.125 0.0
2.25 29.125 0.0
2.75 29.125 0.0
3.25 29.125 0.0
3.75 29.125 0.0
4.25 29.125 0.0
4.75 29.125 0.0
5.25 29.125 0.0
5.75 29.125 0.0
6.25 29.125 0.0
6.75 29.125 0.0
7.25 29.125 0.0
7.75 29.125 0.0
8.25 29.125 0.0
8.75 29.125 0.0
0.25 29.375 0.0
0.75 29.375 0.0
1.25 29.375 0.0
1.75 29.375 0.0
2.25 29.375 0.0
2.75 29.375 0.0
3.25 29.375 0.0
3.75 29.375 0.0
4.25 29.375 0.0
4.75 29.375 0.0
5.25 29.375 0.0
5.75 29.375 0.0
6.25 29.375 0.0
6.75 29.375 0.0
7.25 29.375 0.0
7.75 29.375 0.0
8.25 29.375 0.0
8.75 29.375 0.0
0.25 29.625 0.0
0.75 29.625 3544.52574411
1.25 29.625 0.0
1.75 29.625 0.0
2.25 29.625 3544.52574411
2.75 29.625 0.0
3.25 29.625 0.0
3.75 29.625 0.0
4.25 29.625 0.0
4.75 29.625 0.0
5.25 29.625 0.0
5.75 29.625 0.0
6.25 29.625 0.0
6.75 29.625 0.0
7.25 29.625 0.0
7.75 29.625 0.0
8.25 29.625 0.0
8.75 29.625 0.0
0.25 29.875 0.0
0.75 29.875 3544.52574411
1.25 29.875 0.0
1.75 29.875 3544.52574411
2.25 29.875 0.0
2.75 29.875 0.0
3.25 29.875 0.0
3.75 29.875 0.0
4.25 29.875 0.0
4.75 29.875 0.0
5.25 29.875 0.0
5.75 29.875 0.0
6.25 29.875 0.0
6.75 29.875 0.0
7.25 29.875 0.0
7.75 29.875 0.0
8.25 29.875 0.0
8.75 29.875 0.0
