0.25 0.125 2229506.69305
0.75 0.125 2342931.51686
1.25 0.125 2179883.33263
1.75 0.125 2318119.83665
2.25 0.125 2332297.93963
2.75 0.125 2403188.45451
3.25 0.125 2559147.58725
3.75 0.125 2357109.61983
4.25 0.125 2300397.20793
4.75 0.125 2250773.84751
5.25 0.125 1935311.05629
5.75 0.125 1680105.20271
6.25 0.125 1456800.08083
6.75 0.125 1311474.52532
7.25 0.125 1035001.51728
7.75 0.125 506867.181408
8.25 0.125 81524.0921146
8.75 0.125 0.0
0.25 0.375 6911825.20102
0.75 0.375 6787766.79997
1.25 0.375 7454137.63987
1.75 0.375 7592374.14389
2.25 0.375 7145763.90013
2.75 0.375 7379702.59924
3.25 0.375 7564017.93794
3.75 0.375 7255644.1982
4.25 0.375 7213109.88927
4.75 0.375 6589273.3583
5.25 0.375 5703141.92228
5.75 0.375 4696496.61095
6.25 0.375 4189629.42954
6.75 0.375 3835176.85513
7.25 0.375 2874610.37847
7.75 0.375 1173238.0213
8.25 0.375 202037.967414
8.75 0.375 0.0
0.25 0.625 12366850.3212
0.75 0.625 11937962.7062
1.25 0.625 12047843.0042
1.75 0.625 11941507.2319
2.25 0.625 11767825.4705
2.75 0.625 11349571.4326
3.25 0.625 11055375.7959
3.75 0.625 11438184.5762
4.25 0.625 10828526.1483
4.75 0.625 10140888.1539
5.25 0.625 9187410.72874
5.75 0.625 7875936.20342
6.25 0.625 6762955.11977
6.75 0.625 5536549.2123
7.25 0.625 4019492.19382
7.75 0.625 1616303.73932
8.25 0.625 251661.327832
8.75 0.625 0.0
0.25 0.875 15057145.361
0.75 0.875 15475399.3988
1.25 0.875 14812573.0846
1.75 0.875 14653069.4262
2.25 0.875 14263171.5943
2.75 0.875 14178102.9764
3.25 0.875 13802383.2476
3.75 0.875 13540088.3425
4.25 0.875 12710669.3184
4.75 0.875 12260514.5489
5.25 0.875 11207790.4029
5.75 0.875 9715545.06461
6.25 0.875 8106330.37678
6.75 0.875 6153296.69178
7.25 0.875 4154184.1721
7.75 0.875 1559591.32741
8.25 0.875 187859.864438
8.75 0.875 0.0
0.25 1.125 17063346.9322
0.75 1.125 16301273.8972
1.25 1.125 16446599.4527
1.75 1.125 16361530.8348
2.25 1.125 15347796.472
2.75 1.125 14603446.0657
3.25 1.125 13912263.5456
3.75 1.125 13759848.9386
4.25 1.125 12909162.7601
4.75 1.125 12271148.1261
5.25 1.125 10817892.571
5.75 1.125 9354003.43871
6.25 1.125 7797956.63705
6.75 1.125 6071772.59966
7.25 1.125 3604782.68176
7.75 1.125 1431988.40062
8.25 1.125 95702.195091
8.75 1.125 0.0
0.25 1.375 16010622.7862
0.75 1.375 15907831.5396
1.25 1.375 15578190.6454
1.75 1.375 14766494.25
2.25 1.375 14171013.925
2.75 1.375 14039866.4724
3.25 1.375 13068666.4185
3.75 1.375 12186079.5083
4.25 1.375 11501986.0396
4.75 1.375 10796625.4166
5.25 1.375 9276023.87234
5.75 1.375 8099241.3253
6.25 1.375 6645985.77021
6.75 1.375 4600794.41586
7.25 1.375 2867521.32699
7.75 1.375 893220.487516
8.25 1.375 63801.463394
8.75 1.375 0.0
0.25 1.625 14443942.4073
0.75 1.625 13876818.2882
1.25 1.625 13855551.1337
1.75 1.625 13235259.1285
2.25 1.625 12880806.5541
2.75 1.625 12054932.0557
3.25 1.625 11154622.5167
3.75 1.625 10856882.3542
4.25 1.625 10034552.3816
4.75 1.625 8801057.42263
5.25 1.625 7645542.03005
5.75 1.625 6621174.09
6.25 1.625 5125384.22599
6.75 1.625 3455912.60051
7.25 1.625 2130259.97221
7.75 1.625 638014.63394
8.25 1.625 21267.1544647
8.75 1.625 0.0
0.25 1.875 12058476.5815
0.75 1.875 11689845.9041
1.25 1.875 11636678.0179
1.75 1.875 11097910.1048
2.25 1.875 10715101.3245
2.75 1.875 10211778.6688
3.25 1.875 9722634.1161
3.75 1.875 8287101.18973
4.25 1.875 7907836.93511
4.75 1.875 7273366.82692
5.25 1.875 6220642.68092
5.75 1.875 4948157.93878
6.25 1.875 3898978.31852
6.75 1.875 2559147.58725
7.25 1.875 1226405.90746
7.75 1.875 311918.265482
8.25 1.875 0.0
8.75 1.875 0.0
0.25 2.125 10176333.4113
0.75 2.125 9889226.82607
1.25 2.125 9786435.57949
1.75 2.125 9524140.67443
2.25 2.125 8542307.04331
2.75 2.125 8379258.85908
3.25 2.125 7688076.33898
3.75 2.125 7003982.87037
4.25 2.125 6057594.49669
4.75 2.125 5451480.59444
5.25 2.125 4604338.9416
5.75 2.125 3672128.6709
6.25 2.125 2640671.67936
6.75 2.125 1747451.19185
7.25 2.125 772706.612216
7.75 2.125 216216.070391
8.25 2.125 0.0
8.75 2.125 0.0
0.25 2.375 8088607.74806
0.75 2.375 8283556.66399
1.25 2.375 7801501.16279
1.75 2.375 7464771.2171
2.25 2.375 7354890.91903
2.75 2.375 6887013.52081
3.25 2.375 6319889.40175
3.75 2.375 5784666.01439
4.25 2.375 5001325.82494
4.75 2.375 4434201.70588
5.25 2.375 3388566.61137
5.75 2.375 2824987.01806
6.25 2.375 1928222.0048
6.75 2.375 1098802.98067
7.25 2.375 517500.75864
7.75 2.375 88613.1436028
8.25 2.375 0.0
8.75 2.375 0.0
0.25 2.625 6383690.86515
0.75 2.625 6663708.39893
1.25 2.625 6443947.8028
1.75 2.625 6287988.67005
2.25 2.625 5869734.63225
2.75 2.625 5369956.50233
3.25 2.625 5136017.80322
3.75 2.625 4313687.83058
4.25 2.625 3686306.77388
4.75 2.625 3143994.33503
5.25 2.625 2562692.11299
5.75 2.625 1892776.74736
6.25 2.625 1307929.99958
6.75 2.625 740805.880519
7.25 2.625 262294.905064
7.75 2.625 38989.7831852
8.25 2.625 0.0
8.75 2.625 0.0
0.25 2.875 5416035.337
0.75 2.875 5486925.85189
1.25 2.875 5359322.9251
1.75 2.875 4802832.38327
2.25 2.875 4636239.6733
2.75 2.875 4249886.36719
3.25 2.875 4147095.12061
3.75 2.875 3463001.652
4.25 2.875 3005757.83101
4.75 2.875 2481168.02088
5.25 2.875 1875054.11864
5.75 2.875 1488700.81253
6.25 2.875 882586.910284
6.75 2.875 531678.861617
7.25 2.875 145325.555509
7.75 2.875 0.0
8.25 2.875 0.0
8.75 2.875 0.0
0.25 3.125 4614972.51883
0.75 3.125 4175451.32656
1.25 3.125 4299509.72761
1.75 3.125 3891889.26703
2.25 3.125 3927334.52448
2.75 3.125 3356665.87967
3.25 3.125 3097915.50035
3.75 3.125 2895877.53294
4.25 3.125 2396099.40302
4.75 3.125 2031013.25138
5.25 3.125 1481611.76104
5.75 3.125 999556.25984
6.25 3.125 698271.57159
6.75 3.125 389897.831852
7.25 3.125 95702.195091
7.75 3.125 21267.1544647
8.25 3.125 0.0
8.75 3.125 0.0
0.25 3.375 3512625.01241
0.75 3.375 3597693.63027
1.25 3.375 3214884.84991
1.75 3.375 3087281.92312
2.25 3.375 2970312.57357
2.75 3.375 2810808.91508
3.25 3.375 2477623.49513
3.75 3.375 2190516.90986
4.25 3.375 1818341.70673
4.75 3.375 1517057.01848
5.25 3.375 1059813.19749
5.75 3.375 793973.766681
6.25 3.375 489144.552687
6.75 3.375 241027.7506
7.25 3.375 70890.5148822
7.75 3.375 0.0
8.25 3.375 0.0
8.75 3.375 0.0
0.25 3.625 3002213.30526
0.75 3.625 2782452.70913
1.25 3.625 2683205.98829
1.75 3.625 2757641.02892
2.25 3.625 2389010.35153
2.75 3.625 2229506.69305
3.25 3.625 2020379.67414
3.75 3.625 1669471.62548
4.25 3.625 1449711.02934
4.75 3.625 1134248.23812
5.25 3.625 914487.641981
5.75 3.625 602569.376499
6.25 3.625 375719.728876
6.75 3.625 138236.50402
7.25 3.625 46078.8346735
7.75 3.625 3544.52574411
8.25 3.625 0.0
8.75 3.625 0.0
0.25 3.875 2424455.60897
0.75 3.875 2229506.69305
1.25 3.875 2296852.68218
1.75 3.875 2041646.82861
2.25 3.875 2112537.34349
2.75 3.875 1800619.07801
3.25 3.875 1619848.26506
3.75 3.875 1378820.51446
4.25 3.875 1141337.2896
4.75 3.875 932210.270701
5.25 3.875 641559.159684
5.75 3.875 446610.243758
6.25 3.875 230394.173367
6.75 3.875 92157.6693469
7.25 3.875 28356.2059529
7.75 3.875 0.0
8.25 3.875 0.0
8.75 3.875 0.0
0.25 4.125 2123170.92072
0.75 4.125 1914043.90182
1.25 4.125 1811252.65524
1.75 4.125 1775807.3978
2.25 4.125 1619848.26506
2.75 4.125 1446166.5036
3.25 4.125 1219316.85597
3.75 4.125 1130703.71237
4.25 4.125 928665.744957
4.75 4.125 708905.148822
5.25 4.125 503322.655664
5.75 4.125 311918.265482
6.25 4.125 166592.709973
6.75 4.125 77979.5663705
7.25 4.125 17722.6287206
7.75 4.125 3544.52574411
8.25 4.125 0.0
8.75 4.125 0.0
0.25 4.375 1655293.5225
0.75 4.375 1609214.68783
1.25 4.375 1644659.94527
1.75 4.375 1595036.58485
2.25 4.375 1456800.08083
2.75 4.375 1265395.69065
3.25 4.375 1027912.46579
3.75 4.375 914487.641981
4.25 4.375 843597.127099
4.75 4.375 542312.438849
5.25 4.375 400531.409085
5.75 4.375 258750.37932
6.25 4.375 148870.081253
6.75 4.375 49623.3604176
7.25 4.375 10633.5772323
7.75 4.375 0.0
8.25 4.375 0.0
8.75 4.375 0.0
0.25 4.625 1329197.15404
0.75 4.625 1339830.73127
1.25 4.625 1180327.07279
1.75 4.625 1222861.38172
2.25 4.625 1042090.56877
2.75 4.625 953477.425166
3.25 4.625 790429.240937
3.75 4.625 712449.674567
4.25 4.625 567124.119058
4.75 4.625 432432.140782
5.25 4.625 319007.31697
5.75 4.625 155959.132741
6.25 4.625 113424.823812
6.75 4.625 17722.6287206
7.25 4.625 3544.52574411
7.75 4.625 0.0
8.25 4.625 0.0
8.75 4.625 0.0
0.25 4.875 1098802.98067
0.75 4.875 1081080.35195
1.25 4.875 988922.682607
1.75 4.875 999556.25984
2.25 4.875 801062.818169
2.75 4.875 871953.333052
3.25 4.875 804607.343913
3.75 4.875 606113.902243
4.25 4.875 471421.923967
4.75 4.875 315462.791226
5.25 4.875 194948.915926
5.75 4.875 138236.50402
6.25 4.875 63801.463394
6.75 4.875 28356.2059529
7.25 4.875 3544.52574411
7.75 4.875 0.0
8.25 4.875 0.0
8.75 4.875 0.0
0.25 5.125 935754.796446
0.75 5.125 815240.921146
1.25 5.125 889675.961772
1.75 5.125 783340.189449
2.25 5.125 850686.178587
2.75 5.125 574213.170546
3.25 5.125 591935.799267
3.75 5.125 577757.69629
4.25 5.125 379264.25462
4.75 5.125 251661.327832
5.25 5.125 173681.761461
5.75 5.125 99246.7208351
6.25 5.125 53167.8861617
6.75 5.125 10633.5772323
7.25 5.125 0.0
7.75 5.125 0.0
8.25 5.125 0.0
8.75 5.125 0.0
0.25 5.375 655737.262661
0.75 5.375 747894.932008
1.25 5.375 708905.148822
1.75 5.375 609658.427987
2.25 5.375 567124.119058
2.75 5.375 659281.788405
3.25 5.375 499778.12992
3.75 5.375 407620.460573
4.25 5.375 311918.265482
4.75 5.375 276473.008041
5.25 5.375 145325.555509
5.75 5.375 74435.0406264
6.25 5.375 38989.7831852
6.75 5.375 10633.5772323
7.25 5.375 0.0
7.75 5.375 0.0
8.25 5.375 0.0
8.75 5.375 0.0
0.25 5.625 669915.365637
0.75 5.625 542312.438849
1.25 5.625 581302.222034
1.75 5.625 602569.376499
2.25 5.625 542312.438849
2.75 5.625 460788.346735
3.25 5.625 365086.151644
3.75 5.625 365086.151644
4.25 5.625 212671.544647
4.75 5.625 223305.121879
5.25 5.625 99246.7208351
5.75 5.625 67345.9891381
6.25 5.625 31900.731697
6.75 5.625 0.0
7.25 5.625 0.0
7.75 5.625 0.0
8.25 5.625 0.0
8.75 5.625 0.0
0.25 5.875 499778.12992
0.75 5.875 517500.75864
1.25 5.875 474966.449711
1.75 5.875 418254.037805
2.25 5.875 396986.883341
2.75 5.875 336729.945691
3.25 5.875 248116.802088
3.75 5.875 226849.647623
4.25 5.875 209127.018903
4.75 5.875 191404.390182
5.25 5.875 70890.5148822
5.75 5.875 56712.4119058
6.25 5.875 46078.8346735
6.75 5.875 0.0
7.25 5.875 0.0
7.75 5.875 0.0
8.25 5.875 0.0
8.75 5.875 0.0
0.25 6.125 464332.872479
0.75 6.125 407620.460573
1.25 6.125 350908.048667
1.75 6.125 396986.883341
2.25 6.125 365086.151644
2.75 6.125 290651.111017
3.25 6.125 216216.070391
3.75 6.125 248116.802088
4.25 6.125 131147.452532
4.75 6.125 92157.6693469
5.25 6.125 67345.9891381
5.75 6.125 49623.3604176
6.25 6.125 3544.52574411
6.75 6.125 3544.52574411
7.25 6.125 0.0
7.75 6.125 0.0
8.25 6.125 0.0
8.75 6.125 0.0
0.25 6.375 379264.25462
0.75 6.375 379264.25462
1.25 6.375 343818.997179
1.75 6.375 368630.677388
2.25 6.375 280017.533785
2.75 6.375 223305.121879
3.25 6.375 198493.44167
3.75 6.375 198493.44167
4.25 6.375 152414.606997
4.75 6.375 106335.772323
5.25 6.375 56712.4119058
5.75 6.375 46078.8346735
6.25 6.375 14178.1029764
6.75 6.375 0.0
7.25 6.375 0.0
7.75 6.375 0.0
8.25 6.375 0.0
8.75 6.375 0.0
0.25 6.625 255205.853576
0.75 6.625 290651.111017
1.25 6.625 255205.853576
1.75 6.625 276473.008041
2.25 6.625 248116.802088
2.75 6.625 248116.802088
3.25 6.625 180770.81295
3.75 6.625 177226.287206
4.25 6.625 88613.1436028
4.75 6.625 92157.6693469
5.25 6.625 46078.8346735
5.75 6.625 24811.6802088
6.25 6.625 21267.1544647
6.75 6.625 0.0
7.25 6.625 0.0
7.75 6.625 0.0
8.25 6.625 0.0
8.75 6.625 0.0
0.25 6.875 258750.37932
0.75 6.875 241027.7506
1.25 6.875 223305.121879
1.75 6.875 237483.224856
2.25 6.875 219760.596135
2.75 6.875 237483.224856
3.25 6.875 155959.132741
3.75 6.875 113424.823812
4.25 6.875 113424.823812
4.75 6.875 67345.9891381
5.25 6.875 46078.8346735
5.75 6.875 28356.2059529
6.25 6.875 17722.6287206
6.75 6.875 0.0
7.25 6.875 0.0
7.75 6.875 0.0
8.25 6.875 0.0
8.75 6.875 0.0
0.25 7.125 237483.224856
0.75 7.125 262294.905064
1.25 7.125 198493.44167
1.75 7.125 173681.761461
2.25 7.125 177226.287206
2.75 7.125 148870.081253
3.25 7.125 155959.132741
3.75 7.125 124058.401044
4.25 7.125 92157.6693469
4.75 7.125 49623.3604176
5.25 7.125 38989.7831852
5.75 7.125 7089.05148822
6.25 7.125 7089.05148822
6.75 7.125 0.0
7.25 7.125 0.0
7.75 7.125 0.0
8.25 7.125 0.0
8.75 7.125 0.0
0.25 7.375 216216.070391
0.75 7.375 180770.81295
1.25 7.375 194948.915926
1.75 7.375 159503.658485
2.25 7.375 134691.978276
2.75 7.375 141781.029764
3.25 7.375 92157.6693469
3.75 7.375 120513.8753
4.25 7.375 60256.9376499
4.75 7.375 38989.7831852
5.25 7.375 7089.05148822
5.75 7.375 14178.1029764
6.25 7.375 7089.05148822
6.75 7.375 0.0
7.25 7.375 0.0
7.75 7.375 0.0
8.25 7.375 0.0
8.75 7.375 0.0
0.25 7.625 166592.709973
0.75 7.625 173681.761461
1.25 7.625 155959.132741
1.75 7.625 148870.081253
2.25 7.625 131147.452532
2.75 7.625 127602.926788
3.25 7.625 120513.8753
3.75 7.625 106335.772323
4.25 7.625 56712.4119058
4.75 7.625 53167.8861617
5.25 7.625 24811.6802088
5.75 7.625 10633.5772323
6.25 7.625 0.0
6.75 7.625 0.0
7.25 7.625 0.0
7.75 7.625 0.0
8.25 7.625 0.0
8.75 7.625 0.0
0.25 7.875 187859.864438
0.75 7.875 155959.132741
1.25 7.875 141781.029764
1.75 7.875 113424.823812
2.25 7.875 88613.1436028
2.75 7.875 92157.6693469
3.25 7.875 85068.6178587
3.75 7.875 67345.9891381
4.25 7.875 46078.8346735
4.75 7.875 38989.7831852
5.25 7.875 21267.1544647
5.75 7.875 7089.05148822
6.25 7.875 3544.52574411
6.75 7.875 0.0
7.25 7.875 0.0
7.75 7.875 0.0
8.25 7.875 0.0
8.75 7.875 0.0
0.25 8.125 120513.8753
0.75 8.125 148870.081253
1.25 8.125 88613.1436028
1.75 8.125 95702.195091
2.25 8.125 63801.463394
2.75 8.125 95702.195091
3.25 8.125 60256.9376499
3.75 8.125 49623.3604176
4.25 8.125 42534.3089293
4.75 8.125 14178.1029764
5.25 8.125 14178.1029764
5.75 8.125 10633.5772323
6.25 8.125 3544.52574411
6.75 8.125 0.0
7.25 8.125 0.0
7.75 8.125 0.0
8.25 8.125 0.0
8.75 8.125 0.0
0.25 8.375 116969.349556
0.75 8.375 109880.298067
1.25 8.375 81524.0921146
1.75 8.375 116969.349556
2.25 8.375 85068.6178587
2.75 8.375 81524.0921146
3.25 8.375 46078.8346735
3.75 8.375 49623.3604176
4.25 8.375 49623.3604176
4.75 8.375 14178.1029764
5.25 8.375 14178.1029764
5.75 8.375 7089.05148822
6.25 8.375 0.0
6.75 8.375 0.0
7.25 8.375 0.0
7.75 8.375 0.0
8.25 8.375 0.0
8.75 8.375 0.0
0.25 8.625 77979.5663705
0.75 8.625 88613.1436028
1.25 8.625 99246.7208351
1.75 8.625 99246.7208351
2.25 8.625 46078.8346735
2.75 8.625 63801.463394
3.25 8.625 38989.7831852
3.75 8.625 49623.3604176
4.25 8.625 60256.9376499
4.75 8.625 35445.2574411
5.25 8.625 10633.5772323
5.75 8.625 3544.52574411
6.25 8.625 0.0
6.75 8.625 0.0
7.25 8.625 0.0
7.75 8.625 0.0
8.25 8.625 0.0
8.75 8.625 0.0
0.25 8.875 85068.6178587
0.75 8.875 81524.0921146
1.25 8.875 85068.6178587
1.75 8.875 49623.3604176
2.25 8.875 85068.6178587
2.75 8.875 42534.3089293
3.25 8.875 31900.731697
3.75 8.875 35445.2574411
4.25 8.875 31900.731697
4.75 8.875 14178.1029764
5.25 8.875 7089.05148822
5.75 8.875 3544.52574411
6.25 8.875 0.0
6.75 8.875 0.0
7.25 8.875 0.0
7.75 8.875 0.0
8.25 8.875 0.0
8.75 8.875 0.0
0.25 9.125 63801.463394
0.75 9.125 74435.0406264
1.25 9.125 60256.9376499
1.75 9.125 70890.5148822
2.25 9.125 38989.7831852
2.75 9.125 53167.8861617
3.25 9.125 35445.2574411
3.75 9.125 17722.6287206
4.25 9.125 14178.1029764
4.75 9.125 10633.5772323
5.25 9.125 7089.05148822
5.75 9.125 3544.52574411
6.25 9.125 0.0
6.75 9.125 0.0
7.25 9.125 0.0
7.75 9.125 0.0
8.25 9.125 0.0
8.75 9.125 0.0
0.25 9.375 53167.8861617
0.75 9.375 56712.4119058
1.25 9.375 35445.2574411
1.75 9.375 46078.8346735
2.25 9.375 60256.9376499
2.75 9.375 35445.2574411
3.25 9.375 28356.2059529
3.75 9.375 35445.2574411
4.25 9.375 14178.1029764
4.75 9.375 14178.1029764
5.25 9.375 0.0
5.75 9.375 0.0
6.25 9.375 3544.52574411
6.75 9.375 0.0
7.25 9.375 0.0
7.75 9.375 0.0
8.25 9.375 0.0
8.75 9.375 0.0
0.25 9.625 42534.3089293
0.75 9.625 67345.9891381
1.25 9.625 67345.9891381
1.75 9.625 49623.3604176
2.25 9.625 46078.8346735
2.75 9.625 53167.8861617
3.25 9.625 38989.7831852
3.75 9.625 14178.1029764
4.25 9.625 14178.1029764
4.75 9.625 10633.5772323
5.25 9.625 3544.52574411
5.75 9.625 0.0
6.25 9.625 0.0
6.75 9.625 0.0
7.25 9.625 0.0
7.75 9.625 0.0
8.25 9.625 0.0
8.75 9.625 0.0
0.25 9.875 53167.8861617
0.75 9.875 31900.731697
1.25 9.875 35445.2574411
1.75 9.875 28356.2059529
2.25 9.875 46078.8346735
2.75 9.875 17722.6287206
3.25 9.875 17722.6287206
3.75 9.875 10633.5772323
4.25 9.875 10633.5772323
4.75 9.875 3544.52574411
5.25 9.875 10633.5772323
5.75 9.875 3544.52574411
6.25 9.875 0.0
6.75 9.875 0.0
7.25 9.875 0.0
7.75 9.875 0.0
8.25 9.875 0.0
8.75 9.875 0.0
0.25 10.125 38989.7831852
0.75 10.125 46078.8346735
1.25 10.125 46078.8346735
1.75 10.125 31900.731697
2.25 10.125 28356.2059529
2.75 10.125 38989.7831852
3.25 10.125 24811.6802088
3.75 10.125 24811.6802088
4.25 10.125 10633.5772323
4.75 10.125 3544.52574411
5.25 10.125 3544.52574411
5.75 10.125 3544.52574411
6.25 10.125 0.0
6.75 10.125 0.0
7.25 10.125 0.0
7.75 10.125 0.0
8.25 10.125 0.0
8.75 10.125 0.0
0.25 10.375 28356.2059529
0.75 10.375 46078.8346735
1.25 10.375 35445.2574411
1.75 10.375 24811.6802088
2.25 10.375 38989.7831852
2.75 10.375 28356.2059529
3.25 10.375 21267.1544647
3.75 10.375 7089.05148822
4.25 10.375 7089.05148822
4.75 10.375 10633.5772323
5.25 10.375 7089.05148822
5.75 10.375 0.0
6.25 10.375 0.0
6.75 10.375 0.0
7.25 10.375 0.0
7.75 10.375 0.0
8.25 10.375 0.0
8.75 10.375 0.0
0.25 10.625 35445.2574411
0.75 10.625 28356.2059529
1.25 10.625 21267.1544647
1.75 10.625 21267.1544647
2.25 10.625 21267.1544647
2.75 10.625 17722.6287206
3.25 10.625 24811.6802088
3.75 10.625 17722.6287206
4.25 10.625 7089.05148822
4.75 10.625 3544.52574411
5.25 10.625 7089.05148822
5.75 10.625 0.0
6.25 10.625 0.0
6.75 10.625 0.0
7.25 10.625 0.0
7.75 10.625 0.0
8.25 10.625 0.0
8.75 10.625 0.0
0.25 10.875 28356.2059529
0.75 10.875 38989.7831852
1.25 10.875 21267.1544647
1.75 10.875 31900.731697
2.25 10.875 31900.731697
2.75 10.875 28356.2059529
3.25 10.875 14178.1029764
3.75 10.875 21267.1544647
4.25 10.875 10633.5772323
4.75 10.875 3544.52574411
5.25 10.875 0.0
5.75 10.875 3544.52574411
6.25 10.875 0.0
6.75 10.875 0.0
7.25 10.875 0.0
7.75 10.875 0.0
8.25 10.875 0.0
8.75 10.875 0.0
0.25 11.125 31900.731697
0.75 11.125 42534.3089293
1.25 11.125 10633.5772323
1.75 11.125 7089.05148822
2.25 11.125 35445.2574411
2.75 11.125 10633.5772323
3.25 11.125 7089.05148822
3.75 11.125 14178.1029764
4.25 11.125 3544.52574411
4.75 11.125 7089.05148822
5.25 11.125 0.0
5.75 11.125 0.0
6.25 11.125 0.0
6.75 11.125 0.0
7.25 11.125 0.0
7.75 11.125 0.0
8.25 11.125 0.0
8.75 11.125 0.0
0.25 11.375 21267.1544647
0.75 11.375 10633.5772323
1.25 11.375 21267.1544647
1.75 11.375 35445.2574411
2.25 11.375 7089.05148822
2.75 11.375 14178.1029764
3.25 11.375 7089.05148822
3.75 11.375 7089.05148822
4.25 11.375 7089.05148822
4.75 11.375 7089.05148822
5.25 11.375 0.0
5.75 11.375 0.0
6.25 11.375 0.0
6.75 11.375 0.0
7.25 11.375 0.0
7.75 11.375 0.0
8.25 11.375 0.0
8.75 11.375 0.0
0.25 11.625 17722.6287206
0.75 11.625 28356.2059529
1.25 11.625 24811.6802088
1.75 11.625 10633.5772323
2.25 11.625 17722.6287206
2.75 11.625 17722.6287206
3.25 11.625 7089.05148822
3.75 11.625 10633.5772323
4.25 11.625 3544.52574411
4.75 11.625 0.0
5.25 11.625 0.0
5.75 11.625 0.0
6.25 11.625 0.0
6.75 11.625 0.0
7.25 11.625 0.0
7.75 11.625 0.0
8.25 11.625 0.0
8.75 11.625 0.0
0.25 11.875 28356.2059529
0.75 11.875 17722.6287206
1.25 11.875 14178.1029764
1.75 11.875 31900.731697
2.25 11.875 21267.1544647
2.75 11.875 14178.1029764
3.25 11.875 7089.05148822
3.75 11.875 14178.1029764
4.25 11.875 10633.5772323
4.75 11.875 7089.05148822
5.25 11.875 0.0
5.75 11.875 3544.52574411
6.25 11.875 0.0
6.75 11.875 0.0
7.25 11.875 0.0
7.75 11.875 0.0
8.25 11.875 0.0
8.75 11.875 0.0
0.25 12.125 10633.5772323
0.75 12.125 24811.6802088
1.25 12.125 21267.1544647
1.75 12.125 7089.05148822
2.25 12.125 24811.6802088
2.75 12.125 21267.1544647
3.25 12.125 10633.5772323
3.75 12.125 0.0
4.25 12.125 7089.05148822
4.75 12.125 3544.52574411
5.25 12.125 0.0
5.75 12.125 0.0
6.25 12.125 0.0
6.75 12.125 0.0
7.25 12.125 0.0
7.75 12.125 0.0
8.25 12.125 0.0
8.75 12.125 0.0
0.25 12.375 21267.1544647
0.75 12.375 10633.5772323
1.25 12.375 17722.6287206
1.75 12.375 14178.1029764
2.25 12.375 21267.1544647
2.75 12.375 17722.6287206
3.25 12.375 7089.05148822
3.75 12.375 10633.5772323
4.25 12.375 0.0
4.75 12.375 3544.52574411
5.25 12.375 0.0
5.75 12.375 0.0
6.25 12.375 0.0
6.75 12.375 0.0
7.25 12.375 0.0
7.75 12.375 0.0
8.25 12.375 0.0
8.75 12.375 0.0
0.25 12.625 14178.1029764
0.75 12.625 17722.6287206
1.25 12.625 10633.5772323
1.75 12.625 7089.05148822
2.25 12.625 7089.05148822
2.75 12.625 3544.52574411
3.25 12.625 7089.05148822
3.75 12.625 7089.05148822
4.25 12.625 3544.52574411
4.75 12.625 0.0
5.25 12.625 3544.52574411
5.75 12.625 3544.52574411
6.25 12.625 0.0
6.75 12.625 0.0
7.25 12.625 0.0
7.75 12.625 0.0
8.25 12.625 0.0
8.75 12.625 0.0
0.25 12.875 10633.5772323
0.75 12.875 14178.1029764
1.25 12.875 7089.05148822
1.75 12.875 3544.52574411
2.25 12.875 3544.52574411
2.75 12.875 0.0
3.25 12.875 7089.05148822
3.75 12.875 3544.52574411
4.25 12.875 10633.5772323
4.75 12.875 0.0
5.25 12.875 0.0
5.75 12.875 0.0
6.25 12.875 0.0
6.75 12.875 0.0
7.25 12.875 0.0
7.75 12.875 0.0
8.25 12.875 0.0
8.75 12.875 0.0
0.25 13.125 14178.1029764
0.75 13.125 3544.52574411
1.25 13.125 17722.6287206
1.75 13.125 3544.52574411
2.25 13.125 3544.52574411
2.75 13.125 7089.05148822
3.25 13.125 7089.05148822
3.75 13.125 3544.52574411
4.25 13.125 0.0
4.75 13.125 0.0
5.25 13.125 0.0
5.75 13.125 0.0
6.25 13.125 0.0
6.75 13.125 0.0
7.25 13.125 0.0
7.75 13.125 0.0
8.25 13.125 0.0
8.75 13.125 0.0
0.25 13.375 14178.1029764
0.75 13.375 17722.6287206
1.25 13.375 7089.05148822
1.75 13.375 10633.5772323
2.25 13.375 0.0
2.75 13.375 3544.52574411
3.25 13.375 7089.05148822
3.75 13.375 0.0
4.25 13.375 3544.52574411
4.75 13.375 0.0
5.25 13.375 0.0
5.75 13.375 0.0
6.25 13.375 0.0
6.75 13.375 0.0
7.25 13.375 0.0
7.75 13.375 0.0
8.25 13.375 0.0
8.75 13.375 0.0
0.25 13.625 7089.05148822
0.75 13.625 7089.05148822
1.25 13.625 3544.52574411
1.75 13.625 0.0
2.25 13.625 3544.52574411
2.75 13.625 3544.52574411
3.25 13.625 3544.52574411
3.75 13.625 0.0
4.25 13.625 0.0
4.75 13.625 0.0
5.25 13.625 0.0
5.75 13.625 0.0
6.25 13.625 0.0
6.75 13.625 0.0
7.25 13.625 0.0
7.75 13.625 0.0
8.25 13.625 0.0
8.75 13.625 0.0
0.25 13.875 7089.05148822
0.75 13.875 3544.52574411
1.25 13.875 3544.52574411
1.75 13.875 14178.1029764
2.25 13.875 10633.5772323
2.75 13.875 3544.52574411
3.25 13.875 3544.52574411
3.75 13.875 3544.52574411
4.25 13.875 3544.52574411
4.75 13.875 3544.52574411
5.25 13.875 0.0
5.75 13.875 0.0
6.25 13.875 0.0
6.75 13.875 0.0
7.25 13.875 0.0
7.75 13.875 0.0
8.25 13.875 0.0
8.75 13.875 0.0
0.25 14.125 0.0
0.75 14.125 3544.52574411
1.25 14.125 3544.52574411
1.75 14.125 7089.05148822
2.25 14.125 7089.05148822
2.75 14.125 7089.05148822
3.25 14.125 3544.52574411
3.75 14.125 3544.52574411
4.25 14.125 0.0
4.75 14.125 7089.05148822
5.25 14.125 0.0
5.75 14.125 0.0
6.25 14.125 0.0
6.75 14.125 0.0
7.25 14.125 0.0
7.75 14.125 0.0
8.25 14.125 0.0
8.75 14.125 0.0
0.25 14.375 10633.5772323
0.75 14.375 7089.05148822
1.25 14.375 7089.05148822
1.75 14.375 7089.05148822
2.25 14.375 0.0
2.75 14.375 3544.52574411
3.25 14.375 0.0
3.75 14.375 3544.52574411
4.25 14.375 0.0
4.75 14.375 0.0
5.25 14.375 3544.52574411
5.75 14.375 0.0
6.25 14.375 0.0
6.75 14.375 0.0
7.25 14.375 0.0
7.75 14.375 0.0
8.25 14.375 0.0
8.75 14.375 0.0
0.25 14.625 10633.5772323
0.75 14.625 10633.5772323
1.25 14.625 14178.1029764
1.75 14.625 3544.52574411
2.25 14.625 0.0
2.75 14.625 7089.05148822
3.25 14.625 7089.05148822
3.75 14.625 0.0
4.25 14.625 3544.52574411
4.75 14.625 0.0
5.25 14.625 0.0
5.75 14.625 0.0
6.25 14.625 0.0
6.75 14.625 0.0
7.25 14.625 0.0
7.75 14.625 0.0
8.25 14.625 0.0
8.75 14.625 0.0
0.25 14.875 10633.5772323
0.75 14.875 10633.5772323
1.25 14.875 0.0
1.75 14.875 0.0
2.25 14.875 0.0
2.75 14.875 3544.52574411
3.25 14.875 3544.52574411
3.75 14.875 3544.52574411
4.25 14.875 0.0
4.75 14.875 0.0
5.25 14.875 0.0
5.75 14.875 0.0
6.25 14.875 0.0
6.75 14.875 0.0
7.25 14.875 0.0
7.75 14.875 0.0
8.25 14.875 0.0
8.75 14.875 0.0
0.25 15.125 3544.52574411
0.75 15.125 10633.5772323
1.25 15.125 0.0
1.75 15.125 7089.05148822
2.25 15.125 0.0
2.75 15.125 3544.52574411
3.25 15.125 7089.05148822
3.75 15.125 0.0
4.25 15.125 3544.52574411
4.75 15.125 0.0
5.25 15.125 0.0
5.75 15.125 0.0
6.25 15.125 0.0
6.75 15.125 0.0
7.25 15.125 0.0
7.75 15.125 0.0
8.25 15.125 0.0
8.75 15.125 0.0
0.25 15.375 3544.52574411
0.75 15.375 3544.52574411
1.25 15.375 7089.05148822
1.75 15.375 0.0
2.25 15.375 3544.52574411
2.75 15.375 0.0
3.25 15.375 3544.52574411
3.75 15.375 0.0
4.25 15.375 0.0
4.75 15.375 0.0
5.25 15.375 0.0
5.75 15.375 0.0
6.25 15.375 0.0
6.75 15.375 0.0
7.25 15.375 0.0
7.75 15.375 0.0
8.25 15.375 0.0
8.75 15.375 0.0
0.25 15.625 7089.05148822
0.75 15.625 3544.52574411
1.25 15.625 7089.05148822
1.75 15.625 3544.52574411
2.25 15.625 7089.05148822
2.75 15.625 7089.05148822
3.25 15.625 3544.52574411
3.75 15.625 10633.5772323
4.25 15.625 3544.52574411
4.75 15.625 0.0
5.25 15.625 0.0
5.75 15.625 0.0
6.25 15.625 0.0
6.75 15.625 0.0
7.25 15.625 0.0
7.75 15.625 0.0
8.25 15.625 0.0
8.75 15.625 0.0
0.25 15.875 0.0
0.75 15.875 3544.52574411
1.25 15.875 3544.52574411
1.75 15.875 10633.5772323
2.25 15.875 3544.52574411
2.75 15.875 3544.52574411
3.25 15.875 3544.52574411
3.75 15.875 0.0
4.25 15.875 3544.52574411
4.75 15.875 0.0
5.25 15.875 0.0
5.75 15.875 0.0
6.25 15.875 0.0
6.75 15.875 0.0
7.25 15.875 0.0
7.75 15.875 0.0
8.25 15.875 0.0
8.75 15.875 0.0
0.25 16.125 3544.52574411
0.75 16.125 7089.05148822
1.25 16.125 7089.05148822
1.75 16.125 0.0
2.25 16.125 7089.05148822
2.75 16.125 3544.52574411
3.25 16.125 0.0
3.75 16.125 0.0
4.25 16.125 0.0
4.75 16.125 3544.52574411
5.25 16.125 0.0
5.75 16.125 0.0
6.25 16.125 0.0
6.75 16.125 0.0
7.25 16.125 0.0
7.75 16.125 0.0
8.25 16.125 0.0
8.75 16.125 0.0
0.25 16.375 3544.52574411
0.75 16.375 0.0
1.25 16.375 3544.52574411
1.75 16.375 3544.52574411
2.25 16.375 0.0
2.75 16.375 0.0
3.25 16.375 3544.52574411
3.75 16.375 0.0
4.25 16.375 0.0
4.75 16.375 0.0
5.25 16.375 0.0
5.75 16.375 0.0
6.25 16.375 0.0
6.75 16.375 0.0
7.25 16.375 0.0
7.75 16.375 0.0
8.25 16.375 0.0
8.75 16.375 0.0
0.25 16.625 7089.05148822
0.75 16.625 0.0
1.25 16.625 0.0
1.75 16.625 0.0
2.25 16.625 0.0
2.75 16.625 7089.05148822
3.25 16.625 3544.52574411
3.75 16.625 0.0
4.25 16.625 3544.52574411
4.75 16.625 0.0
5.25 16.625 0.0
5.75 16.625 0.0
6.25 16.625 0.0
6.75 16.625 0.0
7.25 16.625 0.0
7.75 16.625 0.0
8.25 16.625 0.0
8.75 16.625 0.0
0.25 16.875 0.0
0.75 16.875 7089.05148822
1.25 16.875 3544.52574411
1.75 16.875 10633.5772323
2.25 16.875 0.0
2.75 16.875 0.0
3.25 16.875 0.0
3.75 16.875 3544.52574411
4.25 16.875 0.0
4.75 16.875 0.0
5.25 16.875 0.0
5.75 16.875 0.0
6.25 16.875 0.0
6.75 16.875 0.0
7.25 16.875 0.0
7.75 16.875 0.0
8.25 16.875 0.0
8.75 16.875 0.0
0.25 17.125 0.0
0.75 17.125 0.0
1.25 17.125 0.0
1.75 17.125 0.0
2.25 17.125 3544.52574411
2.75 17.125 0.0
3.25 17.125 3544.52574411
3.75 17.125 0.0
4.25 17.125 3544.52574411
4.75 17.125 3544.52574411
5.25 17.125 0.0
5.75 17.125 0.0
6.25 17.125 0.0
6.75 17.125 0.0
7.25 17.125 0.0
7.75 17.125 0.0
8.25 17.125 0.0
8.75 17.125 0.0
0.25 17.375 7089.05148822
0.75 17.375 0.0
1.25 17.375 0.0
1.75 17.375 0.0
2.25 17.375 3544.52574411
2.75 17.375 0.0
3.25 17.375 0.0
3.75 17.375 7089.05148822
4.25 17.375 0.0
4.75 17.375 3544.52574411
5.25 17.375 0.0
5.75 17.375 0.0
6.25 17.375 0.0
6.75 17.375 0.0
7.25 17.375 0.0
7.75 17.375 0.0
8.25 17.375 0.0
8.75 17.375 0.0
0.25 17.625 7089.05148822
0.75 17.625 3544.52574411
1.25 17.625 3544.52574411
1.75 17.625 3544.52574411
2.25 17.625 7089.05148822
2.75 17.625 3544.52574411
3.25 17.625 3544.52574411
3.75 17.625 3544.52574411
4.25 17.625 0.0
4.75 17.625 0.0
5.25 17.625 0.0
5.75 17.625 0.0
6.25 17.625 0.0
6.75 17.625 0.0
7.25 17.625 0.0
7.75 17.625 0.0
8.25 17.625 0.0
8.75 17.625 0.0
0.25 17.875 0.0
0.75 17.875 3544.52574411
1.25 17.875 3544.52574411
1.75 17.875 0.0
2.25 17.875 3544.52574411
2.75 17.875 7089.05148822
3.25 17.875 0.0
3.75 17.875 0.0
4.25 17.875 0.0
4.75 17.875 0.0
5.25 17.875 0.0
5.75 17.875 0.0
6.25 17.875 0.0
6.75 17.875 0.0
7.25 17.875 0.0
7.75 17.875 0.0
8.25 17.875 0.0
8.75 17.875 0.0
0.25 18.125 3544.52574411
0.75 18.125 3544.52574411
1.25 18.125 3544.52574411
1.75 18.125 3544.52574411
2.25 18.125 0.0
2.75 18.125 3544.52574411
3.25 18.125 0.0
3.75 18.125 0.0
4.25 18.125 0.0
4.75 18.125 0.0
5.25 18.125 0.0
5.75 18.125 0.0
6.25 18.125 0.0
6.75 18.125 0.0
7.25 18.125 0.0
7.75 18.125 0.0
8.25 18.125 0.0
8.75 18.125 0.0
0.25 18.375 3544.52574411
0.75 18.375 0.0
1.25 18.375 0.0
1.75 18.375 0.0
2.25 18.375 0.0
2.75 18.375 0.0
3.25 18.375 0.0
3.75 18.375 0.0
4.25 18.375 0.0
4.75 18.375 0.0
5.25 18.375 0.0
5.75 18.375 0.0
6.25 18.375 0.0
6.75 18.375 0.0
7.25 18.375 0.0
7.75 18.375 0.0
8.25 18.375 0.0
8.75 18.375 0.0
0.25 18.625 0.0
0.75 18.625 0.0
1.25 18.625 0.0
1.75 18.625 0.0
2.25 18.625 3544.52574411
2.75 18.625 0.0
3.25 18.625 3544.52574411
3.75 18.625 0.0
4.25 18.625 0.0
4.75 18.625 0.0
5.25 18.625 0.0
5.75 18.625 0.0
6.25 18.625 0.0
6.75 18.625 0.0
7.25 18.625 0.0
7.75 18.625 0.0
8.25 18.625 0.0
8.75 18.625 0.0
0.25 18.875 0.0
0.75 18.875 0.0
1.25 18.875 0.0
1.75 18.875 0.0
2.25 18.875 0.0
2.75 18.875 0.0
3.25 18.875 0.0
3.75 18.875 0.0
4.25 18.875 0.0
4.75 18.875 0.0
5.25 18.875 0.0
5.75 18.875 0.0
6.25 18.875 0.0
6.75 18.875 0.0
7.25 18.875 0.0
7.75 18.875 0.0
8.25 18.875 0.0
8.75 18.875 0.0
0.25 19.125 0.0
0.75 19.125 0.0
1.25 19.125 0.0
1.75 19.125 0.0
2.25 19.125 0.0
2.75 19.125 0.0
3.25 19.125 0.0
3.75 19.125 0.0
4.25 19.125 0.0
4.75 19.125 0.0
5.25 19.125 0.0
5.75 19.125 0.0
6.25 19.125 0.0
6.75 19.125 0.0
7.25 19.125 0.0
7.75 19.125 0.0
8.25 19.125 0.0
8.75 19.125 0.0
0.25 19.375 0.0
0.75 19.375 0.0
1.25 19.375 0.0
1.75 19.375 0.0
2.25 19.375 3544.52574411
2.75 19.375 0.0
3.25 19.375 0.0
3.75 19.375 0.0
4.25 19.375 0.0
4.75 19.375 3544.52574411
5.25 19.375 0.0
5.75 19.375 0.0
6.25 19.375 0.0
6.75 19.375 0.0
7.25 19.375 0.0
7.75 19.375 0.0
8.25 19.375 0.0
8.75 19.375 0.0
0.25 19.625 3544.52574411
0.75 19.625 0.0
1.25 19.625 3544.52574411
1.75 19.625 0.0
2.25 19.625 3544.52574411
2.75 19.625 3544.52574411
3.25 19.625 3544.52574411
3.75 19.625 0.0
4.25 19.625 0.0
4.75 19.625 0.0
5.25 19.625 0.0
5.75 19.625 0.0
6.25 19.625 0.0
6.75 19.625 0.0
7.25 19.625 0.0
7.75 19.625 0.0
8.25 19.625 0.0
8.75 19.625 0.0
0.25 19.875 3544.52574411
0.75 19.875 3544.52574411
1.25 19.875 0.0
1.75 19.875 0.0
2.25 19.875 0.0
2.75 19.875 0.0
3.25 19.875 0.0
3.75 19.875 3544.52574411
4.25 19.875 0.0
4.75 19.875 0.0
5.25 19.875 0.0
5.75 19.875 0.0
6.25 19.875 0.0
6.75 19.875 0.0
7.25 19.875 0.0
7.75 19.875 0.0
8.25 19.875 0.0
8.75 19.875 0.0
0.25 20.125 0.0
0.75 20.125 0.0
1.25 20.125 7089.05148822
1.75 20.125 3544.52574411
2.25 20.125 0.0
2.75 20.125 0.0
3.25 20.125 0.0
3.75 20.125 0.0
4.25 20.125 0.0
4.75 20.125 0.0
5.25 20.125 0.0
5.75 20.125 0.0
6.25 20.125 0.0
6.75 20.125 0.0
7.25 20.125 0.0
7.75 20.125 0.0
8.25 20.125 0.0
8.75 20.125 0.0
0.25 20.375 3544.52574411
0.75 20.375 0.0
1.25 20.375 0.0
1.75 20.375 0.0
2.25 20.375 0.0
2.75 20.375 0.0
3.25 20.375 0.0
3.75 20.375 0.0
4.25 20.375 0.0
4.75 20.375 0.0
5.25 20.375 0.0
5.75 20.375 0.0
6.25 20.375 0.0
6.75 20.375 0.0
7.25 20.375 0.0
7.75 20.375 0.0
8.25 20.375 0.0
8.75 20.375 0.0
0.25 20.625 0.0
0.75 20.625 0.0
1.25 20.625 3544.52574411
1.75 20.625 3544.52574411
2.25 20.625 3544.52574411
2.75 20.625 0.0
3.25 20.625 0.0
3.75 20.625 0.0
4.25 20.625 0.0
4.75 20.625 0.0
5.25 20.625 0.0
5.75 20.625 0.0
6.25 20.625 0.0
6.75 20.625 0.0
7.25 20.625 0.0
7.75 20.625 0.0
8.25 20.625 0.0
8.75 20.625 0.0
0.25 20.875 3544.52574411
0.75 20.875 3544.52574411
1.25 20.875 3544.52574411
1.75 20.875 0.0
2.25 20.875 3544.52574411
2.75 20.875 3544.52574411
3.25 20.875 0.0
3.75 20.875 0.0
4.25 20.875 0.0
4.75 20.875 0.0
5.25 20.875 0.0
5.75 20.875 0.0
6.25 20.875 0.0
6.75 20.875 0.0
7.25 20.875 0.0
7.75 20.875 0.0
8.25 20.875 0.0
8.75 20.875 0.0
0.25 21.125 0.0
0.75 21.125 3544.52574411
1.25 21.125 0.0
1.75 21.125 0.0
2.25 21.125 0.0
2.75 21.125 0.0
3.25 21.125 0.0
3.75 21.125 0.0
4.25 21.125 0.0
4.75 21.125 0.0
5.25 21.125 0.0
5.75 21.125 0.0
6.25 21.125 0.0
6.75 21.125 0.0
7.25 21.125 0.0
7.75 21.125 0.0
8.25 21.125 0.0
8.75 21.125 0.0
0.25 21.375 0.0
0.75 21.375 0.0
1.25 21.375 0.0
1.75 21.375 0.0
2.25 21.375 0.0
2.75 21.375 0.0
3.25 21.375 3544.52574411
3.75 21.375 3544.52574411
4.25 21.375 0.0
4.75 21.375 0.0
5.25 21.375 0.0
5.75 21.375 0.0
6.25 21.375 0.0
6.75 21.375 0.0
7.25 21.375 0.0
7.75 21.375 0.0
8.25 21.375 0.0
8.75 21.375 0.0
0.25 21.625 0.0
0.75 21.625 0.0
1.25 21.625 0.0
1.75 21.625 0.0
2.25 21.625 0.0
2.75 21.625 0.0
3.25 21.625 0.0
3.75 21.625 0.0
4.25 21.625 0.0
4.75 21.625 0.0
5.25 21.625 0.0
5.75 21.625 0.0
6.25 21.625 0.0
6.75 21.625 0.0
7.25 21.625 0.0
7.75 21.625 0.0
8.25 21.625 0.0
8.75 21.625 0.0
0.25 21.875 0.0
0.75 21.875 3544.52574411
1.25 21.875 0.0
1.75 21.875 0.0
2.25 21.875 3544.52574411
2.75 21.875 0.0
3.25 21.875 0.0
3.75 21.875 0.0
4.25 21.875 0.0
4.75 21.875 0.0
5.25 21.875 0.0
5.75 21.875 0.0
6.25 21.875 0.0
6.75 21.875 0.0
7.25 21.875 0.0
7.75 21.875 0.0
8.25 21.875 0.0
8.75 21.875 0.0
0.25 22.125 0.0
0.75 22.125 0.0
1.25 22.125 0.0
1.75 22.125 3544.52574411
2.25 22.125 0.0
2.75 22.125 0.0
3.25 22.125 0.0
3.75 22.125 0.0
4.25 22.125 0.0
4.75 22.125 0.0
5.25 22.125 0.0
5.75 22.125 0.0
6.25 22.125 0.0
6.75 22.125 0.0
7.25 22.125 0.0
7.75 22.125 0.0
8.25 22.125 0.0
8.75 22.125 0.0
0.25 22.375 3544.52574411
0.75 22.375 3544.52574411
1.25 22.375 0.0
1.75 22.375 0.0
2.25 22.375 0.0
2.75 22.375 0.0
3.25 22.375 0.0
3.75 22.375 0.0
4.25 22.375 0.0
4.75 22.375 0.0
5.25 22.375 0.0
5.75 22.375 0.0
6.25 22.375 0.0
6.75 22.375 0.0
7.25 22.375 0.0
7.75 22.375 0.0
8.25 22.375 0.0
8.75 22.375 0.0
0.25 22.625 0.0
0.75 22.625 0.0
1.25 22.625 0.0
1.75 22.625 0.0
2.25 22.625 0.0
2.75 22.625 0.0
3.25 22.625 0.0
3.75 22.625 0.0
4.25 22.625 0.0
4.75 22.625 0.0
5.25 22.625 0.0
5.75 22.625 0.0
6.25 22.625 0.0
6.75 22.625 0.0
7.25 22.625 0.0
7.75 22.625 0.0
8.25 22.625 0.0
8.75 22.625 0.0
0.25 22.875 0.0
0.75 22.875 0.0
1.25 22.875 3544.52574411
1.75 22.875 0.0
2.25 22.875 0.0
2.75 22.875 0.0
3.25 22.875 0.0
3.75 22.875 0.0
4.25 22.875 0.0
4.75 22.875 0.0
5.25 22.875 0.0
5.75 22.875 0.0
6.25 22.875 0.0
6.75 22.875 0.0
7.25 22.875 0.0
7.75 22.875 0.0
8.25 22.875 0.0
8.75 22.875 0.0
0.25 23.125 0.0
0.75 23.125 0.0
1.25 23.125 0.0
1.75 23.125 0.0
2.25 23.125 0.0
2.75 23.125 0.0
3.25 23.125 0.0
3.75 23.125 0.0
4.25 23.125 0.0
4.75 23.125 0.0
5.25 23.125 0.0
5.75 23.125 0.0
6.25 23.125 0.0
6.75 23.125 0.0
7.25 23.125 0.0
7.75 23.125 0.0
8.25 23.125 0.0
8.75 23.125 0.0
0.25 23.375 0.0
0.75 23.375 0.0
1.25 23.375 0.0
1.75 23.375 0.0
2.25 23.375 0.0
2.75 23.375 0.0
3.25 23.375 3544.52574411
3.75 23.375 3544.52574411
4.25 23.375 0.0
4.75 23.375 0.0
5.25 23.375 0.0
5.75 23.375 0.0
6.25 23.375 0.0
6.75 23.375 0.0
7.25 23.375 0.0
7.75 23.375 0.0
8.25 23.375 0.0
8.75 23.375 0.0
0.25 23.625 0.0
0.75 23.625 0.0
1.25 23.625 0.0
1.75 23.625 0.0
2.25 23.625 0.0
2.75 23.625 0.0
3.25 23.625 0.0
3.75 23.625 0.0
4.25 23.625 0.0
4.75 23.625 0.0
5.25 23.625 0.0
5.75 23.625 0.0
6.25 23.625 0.0
6.75 23.625 0.0
7.25 23.625 0.0
7.75 23.625 0.0
8.25 23.625 0.0
8.75 23.625 0.0
0.25 23.875 0.0
0.75 23.875 0.0
1.25 23.875 0.0
1.75 23.875 3544.52574411
2.25 23.875 0.0
2.75 23.875 0.0
3.25 23.875 0.0
3.75 23.875 0.0
4.25 23.875 0.0
4.75 23.875 0.0
5.25 23.875 0.0
5.75 23.875 0.0
6.25 23.875 0.0
6.75 23.875 0.0
7.25 23.875 0.0
7.75 23.875 0.0
8.25 23.875 0.0
8.75 23.875 0.0
0.25 24.125 0.0
0.75 24.125 0.0
1.25 24.125 0.0
1.75 24.125 3544.52574411
2.25 24.125 7089.05148822
2.75 24.125 0.0
3.25 24.125 0.0
3.75 24.125 0.0
4.25 24.125 0.0
4.75 24.125 0.0
5.25 24.125 0.0
5.75 24.125 0.0
6.25 24.125 0.0
6.75 24.125 0.0
7.25 24.125 0.0
7.75 24.125 0.0
8.25 24.125 0.0
8.75 24.125 0.0
0.25 24.375 0.0
0.75 24.375 0.0
1.25 24.375 0.0
1.75 24.375 0.0
2.25 24.375 0.0
2.75 24.375 0.0
3.25 24.375 0.0
3.75 24.375 0.0
4.25 24.375 0.0
4.75 24.375 0.0
5.25 24.375 0.0
5.75 24.375 0.0
6.25 24.375 0.0
6.75 24.375 0.0
7.25 24.375 0.0
7.75 24.375 0.0
8.25 24.375 0.0
8.75 24.375 0.0
0.25 24.625 0.0
0.75 24.625 3544.52574411
1.25 24.625 0.0
1.75 24.625 0.0
2.25 24.625 0.0
2.75 24.625 0.0
3.25 24.625 0.0
3.75 24.625 0.0
4.25 24.625 0.0
4.75 24.625 0.0
5.25 24.625 0.0
5.75 24.625 0.0
6.25 24.625 0.0
6.75 24.625 0.0
7.25 24.625 0.0
7.75 24.625 0.0
8.25 24.625 0.0
8.75 24.625 0.0
0.25 24.875 0.0
0.75 24.875 0.0
1.25 24.875 0.0
1.75 24.875 3544.52574411
2.25 24.875 0.0
2.75 24.875 0.0
3.25 24.875 0.0
3.75 24.875 0.0
4.25 24.875 0.0
4.75 24.875 0.0
5.25 24.875 0.0
5.75 24.875 0.0
6.25 24.875 0.0
6.75 24.875 0.0
7.25 24.875 0.0
7.75 24.875 0.0
8.25 24.875 0.0
8.75 24.875 0.0
0.25 25.125 0.0
0.75 25.125 3544.52574411
1.25 25.125 0.0
1.75 25.125 0.0
2.25 25.125 0.0
2.75 25.125 0.0
3.25 25.125 0.0
3.75 25.125 3544.52574411
4.25 25.125 0.0
4.75 25.125 0.0
5.25 25.125 0.0
5.75 25.125 0.0
6.25 25.125 0.0
6.75 25.125 0.0
7.25 25.125 0.0
7.75 25.125 0.0
8.25 25.125 0.0
8.75 25.125 0.0
0.25 25.375 0.0
0.75 25.375 3544.52574411
1.25 25.375 0.0
1.75 25.375 0.0
2.25 25.375 0.0
2.75 25.375 0.0
3.25 25.375 0.0
3.75 25.375 0.0
4.25 25.375 0.0
4.75 25.375 0.0
5.25 25.375 0.0
5.75 25.375 0.0
6.25 25.375 0.0
6.75 25.375 0.0
7.25 25.375 0.0
7.75 25.375 0.0
8.25 25.375 0.0
8.75 25.375 0.0
0.25 25.625 0.0
0.75 25.625 0.0
1.25 25.625 0.0
1.75 25.625 0.0
2.25 25.625 3544.52574411
2.75 25.625 0.0
3.25 25.625 0.0
3.75 25.625 0.0
4.25 25.625 0.0
4.75 25.625 0.0
5.25 25.625 0.0
5.75 25.625 0.0
6.25 25.625 0.0
6.75 25.625 0.0
7.25 25.625 0.0
7.75 25.625 0.0
8.25 25.625 0.0
8.75 25.625 0.0
0.25 25.875 0.0
0.75 25.875 0.0
1.25 25.875 0.0
1.75 25.875 0.0
2.25 25.875 0.0
2.75 25.875 3544.52574411
3.25 25.875 0.0
3.75 25.875 0.0
4.25 25.875 0.0
4.75 25.875 0.0
5.25 25.875 0.0
5.75 25.875 0.0
6.25 25.875 0.0
6.75 25.875 0.0
7.25 25.875 0.0
7.75 25.875 0.0
8.25 25.875 0.0
8.75 25.875 0.0
0.25 26.125 0.0
0.75 26.125 0.0
1.25 26.125 0.0
1.75 26.125 3544.52574411
2.25 26.125 0.0
2.75 26.125 0.0
3.25 26.125 0.0
3.75 26.125 0.0
4.25 26.125 0.0
4.75 26.125 0.0
5.25 26.125 0.0
5.75 26.125 0.0
6.25 26.125 0.0
6.75 26.125 0.0
7.25 26.125 0.0
7.75 26.125 0.0
8.25 26.125 0.0
8.75 26.125 0.0
0.25 26.375 0.0
0.75 26.375 0.0
1.25 26.375 0.0
1.75 26.375 0.0
2.25 26.375 0.0
2.75 26.375 3544.52574411
3.25 26.375 0.0
3.75 26.375 0.0
4.25 26.375 0.0
4.75 26.375 0.0
5.25 26.375 0.0
5.75 26.375 0.0
6.25 26.375 0.0
6.75 26.375 0.0
7.25 26.375 0.0
7.75 26.375 0.0
8.25 26.375 0.0
8.75 26.375 0.0
0.25 26.625 0.0
0.75 26.625 0.0
1.25 26.625 0.0
1.75 26.625 0.0
2.25 26.625 0.0
2.75 26.625 0.0
3.25 26.625 0.0
3.75 26.625 0.0
4.25 26.625 0.0
4.75 26.625 0.0
5.25 26.625 0.0
5.75 26.625 0.0
6.25 26.625 0.0
6.75 26.625 0.0
7.25 26.625 0.0
7.75 26.625 0.0
8.25 26.625 0.0
8.75 26.625 0.0
0.25 26.875 0.0
0.75 26.875 0.0
1.25 26.875 0.0
1.75 26.875 0.0
2.25 26.875 0.0
2.75 26.875 0.0
3.25 26.875 0.0
3.75 26.875 0.0
4.25 26.875 0.0
4.75 26.875 0.0
5.25 26.875 0.0
5.75 26.875 0.0
6.25 26.875 0.0
6.75 26.875 0.0
7.25 26.875 0.0
7.75 26.875 0.0
8.25 26.875 0.0
8.75 26.875 0.0
0.25 27.125 0.0
0.75 27.125 0.0
1.25 27.125 0.0
1.75 27.125 0.0
2.25 27.125 0.0
2.75 27.125 0.0
3.25 27.125 0.0
3.75 27.125 0.0
4.25 27.125 0.0
4.75 27.125 0.0
5.25 27.125 0.0
5.75 27.125 0.0
6.25 27.125 0.0
6.75 27.125 0.0
7.25 27.125 0.0
7.75 27.125 0.0
8.25 27.125 0.0
8.75 27.125 0.0
0.25 27.375 0.0
0.75 27.375 0.0
1.25 27.375 0.0
1.75 27.375 0.0
2.25 27.375 0.0
2.75 27.375 0.0
3.25 27.375 0.0
3.75 27.375 0.0
4.25 27.375 0.0
4.75 27.375 0.0
5.25 27.375 0.0
5.75 27.375 0.0
6.25 27.375 0.0
6.75 27.375 0.0
7.25 27.375 0.0
7.75 27.375 0.0
8.25 27.375 0.0
8.75 27.375 0.0
0.25 27.625 0.0
0.75 27.625 0.0
1.25 27.625 3544.52574411
1.75 27.625 0.0
2.25 27.625 0.0
2.75 27.625 0.0
3.25 27.625 0.0
3.75 27.625 0.0
4.25 27.625 0.0
4.75 27.625 0.0
5.25 27.625 0.0
5.75 27.625 0.0
6.25 27.625 0.0
6.75 27.625 0.0
7.25 27.625 0.0
7.75 27.625 0.0
8.25 27.625 0.0
8.75 27.625 0.0
0.25 27.875 0.0
0.75 27.875 0.0
1.25 27.875 0.0
1.75 27.875 0.0
2.25 27.875 0.0
2.75 27.875 0.0
3.25 27.875 0.0
3.75 27.875 0.0
4.25 27.875 0.0
4.75 27.875 0.0
5.25 27.875 0.0
5.75 27.875 0.0
6.25 27.875 0.0
6.75 27.875 0.0
7.25 27.875 0.0
7.75 27.875 0.0
8.25 27.875 0.0
8.75 27.875 0.0
0.25 28.125 0.0
0.75 28.125 0.0
1.25 28.125 0.0
1.75 28.125 0.0
2.25 28.125 0.0
2.75 28.125 0.0
3.25 28.125 0.0
3.75 28.125 0.0
4.25 28.125 0.0
4.75 28.125 0.0
5.25 28.125 0.0
5.75 28.125 0.0
6.25 28.125 0.0
6.75 28.125 0.0
7.25 28.125 0.0
7.75 28.125 0.0
8.25 28.125 0.0
8.75 28.125 0.0
0.25 28.375 3544.52574411
0.75 28.375 3544.52574411
1.25 28.375 0.0
1.75 28.375 0.0
2.25 28.375 0.0
2.75 28.375 0.0
3.25 28.375 0.0
3.75 28.375 0.0
4.25 28.375 0.0
4.75 28.375 0.0
5.25 28.375 0.0
5.75 28.375 0.0
6.25 28.375 0.0
6.75 28.375 0.0
7.25 28.375 0.0
7.75 28.375 0.0
8.25 28.375 0.0
8.75 28.375 0.0
0.25 28.625 0.0
0.75 28.625 0.0
1.25 28.625 0.0
1.75 28.625 3544.52574411
2.25 28.625 0.0
2.75 28.625 0.0
3.25 28.625 0.0
3.75 28.625 0.0
4.25 28.625 0.0
4.75 28.625 0.0
5.25 28.625 0.0
5.75 28.625 0.0
6.25 28.625 0.0
6.75 28.625 0.0
7.25 28.625 0.0
7.75 28.625 0.0
8.25 28.625 0.0
8.75 28.625 0.0
0.25 28.875 0.0
0.75 28.875 0.0
1.25 28.875 0.0
1.75 28.875 0.0
2.25 28.875 0.0
2.75 28.875 0.0
3.25 28.875 0.0
3.75 28.875 0.0
4.25 28.875 0.0
4.75 28.875 0.0
5.25 28.875 0.0
5.75 28.875 0.0
6.25 28.875 0.0
6.75 28.875 0.0
7.25 28.875 0.0
7.75 28.875 0.0
8.25 28.875 0.0
8.75 28.875 0.0
0.25 29.125 0.0
0.75 29.125 0.0
1.25 29.125 0.0
1.75 29.125 0.0
2.25 29.125 0.0
2.75 29.125 0.0
3.25 29.125 0.0
3.75 29.125 0.0
4.25 29.125 0.0
4.75 29.125 0.0
5.25 29.125 0.0
5.75 29.125 0.0
6.25 29.125 0.0
6.75 29.125 0.0
7.25 29.125 0.0
7.75 29.125 0.0
8.25 29.125 0.0
8.75 29.125 0.0
0.25 29.375 0.0
0.75 29.375 0.0
1.25 29.375 0.0
1.75 29.375 0.0
2.25 29.375 0.0
2.75 29.375 0.0
3.25 29.375 0.0
3.75 29.375 0.0
4.25 29.375 0.0
4.75 29.375 0.0
5.25 29.375 0.0
5.75 29.375 0.0
6.25 29.375 0.0
6.75 29.375 0.0
7.25 29.375 0.0
7.75 29.375 0.0
8.25 29.375 0.0
8.75 29.375 0.0
0.25 29.625 0.0
0.75 29.625 0.0
1.25 29.625 0.0
1.75 29.625 0.0
2.25 29.625 0.0
2.75 29.625 0.0
3.25 29.625 0.0
3.75 29.625 0.0
4.25 29.625 0.0
4.75 29.625 0.0
5.25 29.625 0.0
5.75 29.625 0.0
6.25 29.625 0.0
6.75 29.625 0.0
7.25 29.625 0.0
7.75 29.625 0.0
8.25 29.625 0.0
8.75 29.625 0.0
0.25 29.875 3544.52574411
0.75 29.875 0.0
1.25 29.875 0.0
1.75 29.875 0.0
2.25 29.875 0.0
2.75 29.875 0.0
3.25 29.875 0.0
3.75 29.875 0.0
4.25 29.875 0.0
4.75 29.875 0.0
5.25 29.875 0.0
5.75 29.875 0.0
6.25 29.875 0.0
6.75 29.875 0.0
7.25 29.875 0.0
7.75 29.875 0.0
8.25 29.875 0.0
8.75 29.875 0.0
