11.294627058970837 151.25759935897747
14.219093021276404 213.85593374587165
17.900777537149963 145.11011082145313
22.535743732392298 543.6406241120394
28.370820458389794 3106.538370497199
35.71674682851676 7341.337591558626
44.96472020903849 5967.369201562788
56.60722890537329 15065.499403933332
71.26427896022373 30357.51267762965
89.71641173621407 36383.08254849136
112.94627058970838 57958.629348763614
142.1909302127641 81165.30384697346
179.00777537149963 121707.86538614452
225.35743732392305 164216.24736184475
283.7082045838981 209531.3882293239
357.1674682851676 270503.70362047304
449.6472020903849 354325.6434999466
566.0722890537327 377636.1339117028
712.6427896022376 396538.53840626776
897.164117362141 380533.62057700614
1129.4627058970837 305552.1082810769
1421.9093021276408 243275.4485103907
1790.0777537149975 151599.7900629337
2253.5743732392316 83927.43417137489
2837.082045838981 35941.20131089445
3571.674682851676 13864.885823300574
4496.47202090385 3130.6607947931625
5660.72289053733 503.45488715497777
7126.427896022379 32.12783434521407
8971.64117362141 0.014994288794696331
