0.25 0.125 7769600.43109
0.75 0.125 7883025.25491
1.25 0.125 7673898.236
1.75 0.125 8127597.53125
2.25 0.125 8035439.8619
2.75 0.125 8265834.03527
3.25 0.125 8237477.82932
3.75 0.125 8159498.26295
4.25 0.125 8333180.02441
4.75 0.125 7351346.39329
5.25 0.125 6585728.83256
5.75 0.125 5405401.75977
6.25 0.125 4689407.55946
6.75 0.125 4274698.0474
7.25 0.125 3413378.29158
7.75 0.125 1963667.26224
8.25 0.125 599024.850755
8.75 0.125 7089.05148822
0.25 0.375 24404059.7482
0.75 0.375 24035429.0708
1.25 0.375 24517484.572
1.75 0.375 24258734.1927
2.25 0.375 24258734.1927
2.75 0.375 23960994.0302
3.25 0.375 25109420.3713
3.75 0.375 24400515.2225
4.25 0.375 22961437.7704
4.75 0.375 22015049.3967
5.25 0.375 19388555.8203
5.75 0.375 16701805.3063
6.25 0.375 14440397.8815
6.75 0.375 12012397.7468
7.25 0.375 9605664.76654
7.75 0.375 5111206.12301
8.25 0.375 1502878.9155
8.75 0.375 42534.3089293
0.25 0.625 40361514.6482
0.75 0.625 40085041.6402
1.25 0.625 40482028.5235
1.75 0.625 39503739.4181
2.25 0.625 38582162.7247
2.75 0.625 38178086.7898
3.25 0.625 37391202.0746
3.75 0.625 36306577.1969
4.25 0.625 36249864.785
4.75 0.625 32935733.2143
5.25 0.625 29610968.0663
5.75 0.625 26023908.0133
6.25 0.625 21607428.9361
6.75 0.625 17804152.8127
7.25 0.625 13104111.676
7.75 0.625 6624718.61575
8.25 0.625 1747451.19185
8.75 0.625 7089.05148822
0.25 0.875 50257830.5258
0.75 0.875 50474046.5962
1.25 0.875 49701339.9839
1.75 0.875 48386320.9329
2.25 0.875 47000411.3669
2.75 0.875 45586145.595
3.25 0.875 44150612.6687
3.75 0.875 42952562.9671
4.25 0.875 40893193.5098
4.75 0.875 38146186.0581
5.25 0.875 34871044.2706
5.75 0.875 30415575.4102
6.25 0.875 25371715.2764
6.75 0.875 19289309.0995
7.25 0.875 13451475.1989
7.75 0.875 6174563.84624
8.25 0.875 1329197.15404
8.75 0.875 0.0
0.25 1.125 52852423.3705
0.75 1.125 52111617.4899
1.25 1.125 51796154.6987
1.75 1.125 50761153.1814
2.25 1.125 48641526.7864
2.75 1.125 47273339.8492
3.25 1.125 44044276.8963
3.75 1.125 42746980.474
4.25 1.125 40581275.2443
4.75 1.125 38039850.2858
5.25 1.125 34201128.9049
5.75 1.125 30132013.3507
6.25 1.125 23918459.7213
6.75 1.125 17882132.379
7.25 1.125 11962774.3864
7.75 1.125 5291976.93596
8.25 1.125 825874.498378
8.75 1.125 0.0
0.25 1.375 50459868.4932
0.75 1.375 50399611.5555
1.25 1.375 47769573.4534
1.75 1.375 47914899.0089
2.25 1.375 45848440.5001
2.75 1.375 42669000.9076
3.25 1.375 40861292.7781
3.75 1.375 39003961.2882
4.25 1.375 36210875.0018
4.75 1.375 33247651.4798
5.25 1.375 29543622.0772
5.75 1.375 24822313.786
6.25 1.375 20097460.9691
6.75 1.375 14404952.6241
7.25 1.375 9049174.22472
7.75 1.375 3633138.88771
8.25 1.375 382808.780364
8.75 1.375 0.0
0.25 1.625 44132890.0399
0.75 1.625 43945030.1755
1.25 1.625 42445695.7857
1.75 1.625 40811669.4177
2.25 1.625 39110297.0605
2.75 1.625 36508615.1644
3.25 1.625 34931301.2082
3.75 1.625 32017701.0466
4.25 1.625 29766927.1991
4.75 1.625 27037642.3761
5.25 1.625 23131575.0061
5.75 1.625 19590593.7877
6.25 1.625 15142213.9788
6.75 1.625 10683200.5928
7.25 1.625 6075317.12541
7.75 1.625 2250773.84751
8.25 1.625 173681.761461
8.75 1.625 0.0
0.25 1.875 37731476.5461
0.75 1.875 36937502.7794
1.25 1.875 35661473.5115
1.75 1.875 34984469.0944
2.25 1.875 33254740.5313
2.75 1.875 31422220.7216
3.25 1.875 29596789.9633
3.75 1.875 26208223.352
4.25 1.875 24797502.1058
4.75 1.875 21160818.6923
5.25 1.875 18264941.1594
5.75 1.875 14638891.3232
6.25 1.875 10796625.4166
6.75 1.875 7415147.85668
7.25 1.875 4026581.24531
7.75 1.875 1159059.91832
8.25 1.875 70890.5148822
8.75 1.875 0.0
0.25 2.125 30103657.1447
0.75 2.125 30163914.0824
1.25 2.125 29097011.8334
1.75 2.125 27711102.2675
2.25 2.125 26559131.4006
2.75 2.125 25194488.9891
3.25 2.125 23280445.0873
3.75 2.125 21153729.6409
4.25 2.125 18892322.2161
4.75 2.125 16638003.8429
5.25 2.125 13575533.5999
5.75 2.125 10676111.5413
6.25 2.125 7741244.22514
6.75 2.125 4863089.32092
7.25 2.125 2403188.45451
7.75 2.125 655737.262661
8.25 2.125 21267.1544647
8.75 2.125 0.0
0.25 2.375 24673443.7048
0.75 2.375 24141764.8431
1.25 2.375 24021250.9678
1.75 2.375 22482926.7949
2.25 2.375 21440836.2261
2.75 2.375 20512170.4812
3.25 2.375 18739907.6091
3.75 2.375 17081069.5609
4.25 2.375 15131580.4016
4.75 2.375 12756748.1531
5.25 2.375 10272035.6064
5.75 2.375 7893658.83214
6.25 2.375 5522371.10933
6.75 2.375 3229062.95289
7.25 2.375 1517057.01848
7.75 2.375 272928.482297
8.25 2.375 7089.05148822
8.75 2.375 0.0
0.25 2.625 20171896.0097
0.75 2.625 19558693.056
1.25 2.625 19363744.1401
1.75 2.625 18006190.7801
2.25 2.625 17733262.2978
2.75 2.625 16340263.6804
3.25 2.625 14748771.6213
3.75 2.625 13089933.573
4.25 2.625 10917139.2919
4.75 2.625 9754534.8478
5.25 2.625 7578196.04091
5.75 2.625 5653518.56186
6.25 2.625 4090382.70871
6.75 2.625 2300397.20793
7.25 2.625 840052.601355
7.75 2.625 138236.50402
8.25 2.625 0.0
8.75 2.625 0.0
0.25 2.875 16552935.225
0.75 2.875 16340263.6804
1.25 2.875 15698704.5207
1.75 2.875 14791305.9302
2.25 2.875 14156835.822
2.75 2.875 12987142.3264
3.25 2.875 11753647.3675
3.75 2.875 10445717.3679
4.25 2.875 8992461.81281
4.75 2.875 7564017.93794
5.25 2.875 5749220.75695
5.75 2.875 4278242.57314
6.25 2.875 2768274.60615
6.75 2.875 1495789.86402
7.25 2.875 492689.078432
7.75 2.875 70890.5148822
8.25 2.875 0.0
8.75 2.875 0.0
0.25 3.125 13451475.1989
0.75 3.125 12597244.4946
1.25 3.125 12420018.2074
1.75 3.125 12136456.1478
2.25 3.125 10980940.7553
2.75 3.125 10516607.8828
3.25 3.125 9566674.98336
3.75 3.125 8485594.6314
4.25 3.125 6904736.14953
4.75 3.125 5681874.76781
5.25 3.125 4409390.02568
5.75 3.125 3136905.28354
6.25 3.125 1864420.5414
6.75 3.125 1116525.6094
7.25 3.125 262294.905064
7.75 3.125 21267.1544647
8.25 3.125 0.0
8.75 3.125 0.0
0.25 3.375 10871060.4572
0.75 3.375 10381915.9045
1.25 3.375 9839603.46565
1.75 3.375 9708456.01312
2.25 3.375 9034996.12174
2.75 3.375 8173676.36592
3.25 3.375 7677442.76175
3.75 3.375 6334067.50473
4.25 3.375 5341600.29638
4.75 3.375 4345588.56228
5.25 3.375 3239696.53012
5.75 3.375 2190516.90986
6.25 3.375 1495789.86402
6.75 3.375 659281.788405
7.25 3.375 173681.761461
7.75 3.375 7089.05148822
8.25 3.375 0.0
8.75 3.375 0.0
0.25 3.625 8666365.44435
0.75 3.625 8308368.3442
1.25 3.625 8038984.38765
1.75 3.625 7411603.33094
2.25 3.625 7167031.05459
2.75 3.625 6589273.3583
3.25 3.625 5887457.26097
3.75 3.625 5185641.16364
4.25 3.625 3959235.25617
4.75 3.625 3193617.69544
5.25 3.625 2477623.49513
5.75 3.625 1694283.30569
6.25 3.625 1027912.46579
6.75 3.625 521045.284384
7.25 3.625 67345.9891381
7.75 3.625 7089.05148822
8.25 3.625 0.0
8.75 3.625 0.0
0.25 3.875 7312356.6101
0.75 3.875 6883468.99507
1.25 3.875 6490026.63747
1.75 3.875 6443947.8028
2.25 3.875 5866190.10651
2.75 3.875 5515282.05784
3.25 3.875 5072216.33982
3.75 3.875 4033670.2968
4.25 3.875 3289319.89054
4.75 3.875 2555603.0615
5.25 3.875 1836064.33545
5.75 3.875 1261851.1649
6.25 3.875 744350.406264
6.75 3.875 283562.059529
7.25 3.875 56712.4119058
7.75 3.875 3544.52574411
8.25 3.875 0.0
8.75 3.875 0.0
0.25 4.125 5660607.61335
0.75 4.125 5408946.28551
1.25 4.125 5579083.52123
1.75 4.125 5185641.16364
2.25 4.125 4965880.5675
2.75 4.125 4242797.3157
3.25 4.125 3796187.07194
3.75 4.125 3186528.64396
4.25 4.125 2704473.14276
4.75 4.125 1938855.58203
5.25 4.125 1435532.92637
5.75 4.125 928665.744957
6.25 4.125 503322.655664
6.75 4.125 202037.967414
7.25 4.125 35445.2574411
7.75 4.125 0.0
8.25 4.125 0.0
8.75 4.125 0.0
0.25 4.375 4451924.3346
0.75 4.375 4540537.47821
1.25 4.375 4377489.29398
1.75 4.375 4040759.34829
2.25 4.375 3764286.34025
2.75 4.375 3548070.26986
3.25 4.375 3066014.76866
3.75 4.375 2821442.49231
4.25 4.375 2126715.44647
4.75 4.375 1577313.95613
5.25 4.375 1173238.0213
5.75 4.375 652192.736917
6.25 4.375 354452.574411
6.75 4.375 159503.658485
7.25 4.375 10633.5772323
7.75 4.375 0.0
8.25 4.375 0.0
8.75 4.375 0.0
0.25 4.625 3998225.03936
0.75 4.625 3810365.17492
1.25 4.625 3551614.7956
1.75 4.625 3317676.09649
2.25 4.625 3115638.12907
2.75 4.625 2757641.02892
3.25 4.625 2530791.3813
3.75 4.625 2031013.25138
4.25 4.625 1722639.51164
4.75 4.625 1272484.74214
5.25 4.625 808151.869658
5.75 4.625 521045.284384
6.25 4.625 301284.68825
6.75 4.625 109880.298067
7.25 4.625 14178.1029764
7.75 4.625 0.0
8.25 4.625 0.0
8.75 4.625 0.0
0.25 4.875 3161716.96375
0.75 4.875 3058925.71717
1.25 4.875 3101460.0261
1.75 4.875 2846254.17252
2.25 4.875 2605226.42192
2.75 4.875 2225962.1673
3.25 4.875 1924677.47905
3.75 4.875 1768718.34631
4.25 4.875 1190960.65002
4.75 4.875 992467.208351
5.25 4.875 769162.086472
5.75 4.875 506867.181408
6.25 4.875 177226.287206
6.75 4.875 49623.3604176
7.25 4.875 7089.05148822
7.75 4.875 0.0
8.25 4.875 0.0
8.75 4.875 0.0
0.25 5.125 2615859.99915
0.75 5.125 2495346.12385
1.25 5.125 2555603.0615
1.75 5.125 2328753.41388
2.25 5.125 2233051.21879
2.75 5.125 2105448.292
3.25 5.125 1779351.92354
3.75 5.125 1276029.26788
4.25 5.125 964111.002398
4.75 5.125 850686.178587
5.25 5.125 496233.604176
5.75 5.125 301284.68825
6.25 5.125 124058.401044
6.75 5.125 24811.6802088
7.25 5.125 0.0
7.75 5.125 0.0
8.25 5.125 0.0
8.75 5.125 0.0
0.25 5.375 2211784.06433
0.75 5.375 2073547.56031
1.25 5.375 1999112.51968
1.75 5.375 1836064.33545
2.25 5.375 1655293.5225
2.75 5.375 1602125.63634
3.25 5.375 1378820.51446
3.75 5.375 1049179.62026
4.25 5.375 910943.116237
4.75 5.375 602569.376499
5.25 5.375 471421.923967
5.75 5.375 237483.224856
6.25 5.375 116969.349556
6.75 5.375 35445.2574411
7.25 5.375 0.0
7.75 5.375 0.0
8.25 5.375 0.0
8.75 5.375 0.0
0.25 5.625 1899865.79884
0.75 5.625 1754540.24334
1.25 5.625 1644659.94527
1.75 5.625 1577313.95613
2.25 5.625 1389454.09169
2.75 5.625 1254762.11342
3.25 5.625 1077535.82621
3.75 5.625 886131.436028
4.25 5.625 684093.468614
4.75 5.625 570668.644802
5.25 5.625 304829.213994
5.75 5.625 194948.915926
6.25 5.625 106335.772323
6.75 5.625 42534.3089293
7.25 5.625 0.0
7.75 5.625 0.0
8.25 5.625 0.0
8.75 5.625 0.0
0.25 5.875 1439077.45211
0.75 5.875 1407176.72041
1.25 5.875 1435532.92637
1.75 5.875 1293751.8966
2.25 5.875 1151970.86684
2.75 5.875 1084624.8777
3.25 5.875 1003100.78558
3.75 5.875 779795.663705
4.25 5.875 524589.810129
4.75 5.875 443065.718014
5.25 5.875 340274.471435
5.75 5.875 194948.915926
6.25 5.875 70890.5148822
6.75 5.875 21267.1544647
7.25 5.875 0.0
7.75 5.875 0.0
8.25 5.875 0.0
8.75 5.875 0.0
0.25 6.125 1151970.86684
0.75 6.125 1176782.54705
1.25 6.125 1237039.4847
1.75 6.125 1038546.04302
2.25 6.125 932210.270701
2.75 6.125 829419.024122
3.25 6.125 698271.57159
3.75 6.125 680548.94287
4.25 6.125 460788.346735
4.75 6.125 287106.585273
5.25 6.125 244572.276344
5.75 6.125 138236.50402
6.25 6.125 49623.3604176
6.75 6.125 3544.52574411
7.25 6.125 0.0
7.75 6.125 0.0
8.25 6.125 0.0
8.75 6.125 0.0
0.25 6.375 1013734.36282
0.75 6.375 1081080.35195
1.25 6.375 957021.95091
1.75 6.375 960566.476654
2.25 6.375 847141.652843
2.75 6.375 740805.880519
3.25 6.375 659281.788405
3.75 6.375 531678.861617
4.25 6.375 326096.368458
4.75 6.375 248116.802088
5.25 6.375 191404.390182
5.75 6.375 99246.7208351
6.25 6.375 46078.8346735
6.75 6.375 7089.05148822
7.25 6.375 0.0
7.75 6.375 0.0
8.25 6.375 0.0
8.75 6.375 0.0
0.25 6.625 861319.755819
0.75 6.625 847141.652843
1.25 6.625 840052.601355
1.75 6.625 730172.303287
2.25 6.625 715994.200311
2.75 6.625 609658.427987
3.25 6.625 549401.490337
3.75 6.625 354452.574411
4.25 6.625 343818.997179
4.75 6.625 233938.699111
5.25 6.625 155959.132741
5.75 6.625 74435.0406264
6.25 6.625 46078.8346735
6.75 6.625 10633.5772323
7.25 6.625 0.0
7.75 6.625 0.0
8.25 6.625 0.0
8.75 6.625 0.0
0.25 6.875 680548.94287
0.75 6.875 754983.983496
1.25 6.875 694727.045846
1.75 6.875 641559.159684
2.25 6.875 545856.964593
2.75 6.875 528134.335873
3.25 6.875 400531.409085
3.75 6.875 315462.791226
4.25 6.875 297740.162505
4.75 6.875 116969.349556
5.25 6.875 99246.7208351
5.75 6.875 77979.5663705
6.25 6.875 21267.1544647
6.75 6.875 0.0
7.25 6.875 0.0
7.75 6.875 0.0
8.25 6.875 0.0
8.75 6.875 0.0
0.25 7.125 609658.427987
0.75 7.125 694727.045846
1.25 7.125 599024.850755
1.75 7.125 606113.902243
2.25 7.125 581302.222034
2.75 7.125 414709.512061
3.25 7.125 404075.934829
3.75 7.125 368630.677388
4.25 7.125 241027.7506
4.75 7.125 170137.235717
5.25 7.125 95702.195091
5.75 7.125 56712.4119058
6.25 7.125 10633.5772323
6.75 7.125 3544.52574411
7.25 7.125 0.0
7.75 7.125 0.0
8.25 7.125 0.0
8.75 7.125 0.0
0.25 7.375 567124.119058
0.75 7.375 471421.923967
1.25 7.375 485600.026943
1.75 7.375 467877.398223
2.25 7.375 478510.975455
2.75 7.375 379264.25462
3.25 7.375 329640.894202
3.75 7.375 276473.008041
4.25 7.375 141781.029764
4.75 7.375 127602.926788
5.25 7.375 63801.463394
5.75 7.375 63801.463394
6.25 7.375 14178.1029764
6.75 7.375 3544.52574411
7.25 7.375 0.0
7.75 7.375 0.0
8.25 7.375 0.0
8.75 7.375 0.0
0.25 7.625 482055.501199
0.75 7.625 443065.718014
1.25 7.625 375719.728876
1.75 7.625 389897.831852
2.25 7.625 361541.625899
2.75 7.625 290651.111017
3.25 7.625 283562.059529
3.75 7.625 159503.658485
4.25 7.625 131147.452532
4.75 7.625 116969.349556
5.25 7.625 63801.463394
5.75 7.625 53167.8861617
6.25 7.625 10633.5772323
6.75 7.625 0.0
7.25 7.625 0.0
7.75 7.625 0.0
8.25 7.625 0.0
8.75 7.625 0.0
0.25 7.875 365086.151644
0.75 7.875 372175.203132
1.25 7.875 375719.728876
1.75 7.875 361541.625899
2.25 7.875 311918.265482
2.75 7.875 283562.059529
3.25 7.875 319007.31697
3.75 7.875 170137.235717
4.25 7.875 166592.709973
4.75 7.875 99246.7208351
5.25 7.875 53167.8861617
5.75 7.875 31900.731697
6.25 7.875 7089.05148822
6.75 7.875 0.0
7.25 7.875 0.0
7.75 7.875 0.0
8.25 7.875 0.0
8.75 7.875 0.0
0.25 8.125 347363.522923
0.75 8.125 350908.048667
1.25 8.125 304829.213994
1.75 8.125 297740.162505
2.25 8.125 272928.482297
2.75 8.125 237483.224856
3.25 8.125 269383.956553
3.75 8.125 155959.132741
4.25 8.125 81524.0921146
4.75 8.125 81524.0921146
5.25 8.125 31900.731697
5.75 8.125 28356.2059529
6.25 8.125 3544.52574411
6.75 8.125 0.0
7.25 8.125 0.0
7.75 8.125 0.0
8.25 8.125 0.0
8.75 8.125 0.0
0.25 8.375 287106.585273
0.75 8.375 283562.059529
1.25 8.375 311918.265482
1.75 8.375 301284.68825
2.25 8.375 205582.493158
2.75 8.375 184315.338694
3.25 8.375 163048.184229
3.75 8.375 124058.401044
4.25 8.375 109880.298067
4.75 8.375 63801.463394
5.25 8.375 53167.8861617
5.75 8.375 10633.5772323
6.25 8.375 7089.05148822
6.75 8.375 0.0
7.25 8.375 0.0
7.75 8.375 0.0
8.25 8.375 0.0
8.75 8.375 0.0
0.25 8.625 248116.802088
0.75 8.625 272928.482297
1.25 8.625 258750.37932
1.75 8.625 219760.596135
2.25 8.625 191404.390182
2.75 8.625 131147.452532
3.25 8.625 148870.081253
3.75 8.625 92157.6693469
4.25 8.625 53167.8861617
4.75 8.625 67345.9891381
5.25 8.625 28356.2059529
5.75 8.625 10633.5772323
6.25 8.625 3544.52574411
6.75 8.625 3544.52574411
7.25 8.625 0.0
7.75 8.625 0.0
8.25 8.625 0.0
8.75 8.625 0.0
0.25 8.875 166592.709973
0.75 8.875 177226.287206
1.25 8.875 194948.915926
1.75 8.875 134691.978276
2.25 8.875 177226.287206
2.75 8.875 155959.132741
3.25 8.875 152414.606997
3.75 8.875 99246.7208351
4.25 8.875 63801.463394
4.75 8.875 42534.3089293
5.25 8.875 10633.5772323
5.75 8.875 3544.52574411
6.25 8.875 3544.52574411
6.75 8.875 0.0
7.25 8.875 0.0
7.75 8.875 0.0
8.25 8.875 0.0
8.75 8.875 0.0
0.25 9.125 216216.070391
0.75 9.125 177226.287206
1.25 9.125 205582.493158
1.75 9.125 180770.81295
2.25 9.125 131147.452532
2.75 9.125 148870.081253
3.25 9.125 113424.823812
3.75 9.125 99246.7208351
4.25 9.125 85068.6178587
4.75 9.125 46078.8346735
5.25 9.125 14178.1029764
5.75 9.125 0.0
6.25 9.125 3544.52574411
6.75 9.125 0.0
7.25 9.125 0.0
7.75 9.125 0.0
8.25 9.125 0.0
8.75 9.125 0.0
0.25 9.375 138236.50402
0.75 9.375 212671.544647
1.25 9.375 187859.864438
1.75 9.375 141781.029764
2.25 9.375 148870.081253
2.75 9.375 88613.1436028
3.25 9.375 120513.8753
3.75 9.375 81524.0921146
4.25 9.375 42534.3089293
4.75 9.375 31900.731697
5.25 9.375 28356.2059529
5.75 9.375 17722.6287206
6.25 9.375 3544.52574411
6.75 9.375 0.0
7.25 9.375 0.0
7.75 9.375 0.0
8.25 9.375 0.0
8.75 9.375 0.0
0.25 9.625 166592.709973
0.75 9.625 120513.8753
1.25 9.625 177226.287206
1.75 9.625 109880.298067
2.25 9.625 127602.926788
2.75 9.625 106335.772323
3.25 9.625 102791.246579
3.75 9.625 92157.6693469
4.25 9.625 53167.8861617
4.75 9.625 10633.5772323
5.25 9.625 17722.6287206
5.75 9.625 0.0
6.25 9.625 0.0
6.75 9.625 0.0
7.25 9.625 0.0
7.75 9.625 0.0
8.25 9.625 0.0
8.75 9.625 0.0
0.25 9.875 159503.658485
0.75 9.875 134691.978276
1.25 9.875 116969.349556
1.75 9.875 138236.50402
2.25 9.875 113424.823812
2.75 9.875 70890.5148822
3.25 9.875 53167.8861617
3.75 9.875 60256.9376499
4.25 9.875 42534.3089293
4.75 9.875 38989.7831852
5.25 9.875 21267.1544647
5.75 9.875 3544.52574411
6.25 9.875 3544.52574411
6.75 9.875 0.0
7.25 9.875 0.0
7.75 9.875 0.0
8.25 9.875 0.0
8.75 9.875 0.0
0.25 10.125 131147.452532
0.75 10.125 113424.823812
1.25 10.125 166592.709973
1.75 10.125 127602.926788
2.25 10.125 63801.463394
2.75 10.125 74435.0406264
3.25 10.125 38989.7831852
3.75 10.125 35445.2574411
4.25 10.125 35445.2574411
4.75 10.125 14178.1029764
5.25 10.125 10633.5772323
5.75 10.125 3544.52574411
6.25 10.125 0.0
6.75 10.125 0.0
7.25 10.125 0.0
7.75 10.125 0.0
8.25 10.125 0.0
8.75 10.125 0.0
0.25 10.375 99246.7208351
0.75 10.375 106335.772323
1.25 10.375 67345.9891381
1.75 10.375 95702.195091
2.25 10.375 99246.7208351
2.75 10.375 67345.9891381
3.25 10.375 46078.8346735
3.75 10.375 49623.3604176
4.25 10.375 46078.8346735
4.75 10.375 10633.5772323
5.25 10.375 14178.1029764
5.75 10.375 3544.52574411
6.25 10.375 0.0
6.75 10.375 0.0
7.25 10.375 0.0
7.75 10.375 0.0
8.25 10.375 0.0
8.75 10.375 0.0
0.25 10.625 109880.298067
0.75 10.625 102791.246579
1.25 10.625 60256.9376499
1.75 10.625 113424.823812
2.25 10.625 77979.5663705
2.75 10.625 28356.2059529
3.25 10.625 46078.8346735
3.75 10.625 49623.3604176
4.25 10.625 38989.7831852
4.75 10.625 21267.1544647
5.25 10.625 28356.2059529
5.75 10.625 7089.05148822
6.25 10.625 0.0
6.75 10.625 0.0
7.25 10.625 0.0
7.75 10.625 0.0
8.25 10.625 0.0
8.75 10.625 0.0
0.25 10.875 127602.926788
0.75 10.875 92157.6693469
1.25 10.875 53167.8861617
1.75 10.875 77979.5663705
2.25 10.875 60256.9376499
2.75 10.875 49623.3604176
3.25 10.875 38989.7831852
3.75 10.875 31900.731697
4.25 10.875 38989.7831852
4.75 10.875 17722.6287206
5.25 10.875 3544.52574411
5.75 10.875 0.0
6.25 10.875 0.0
6.75 10.875 0.0
7.25 10.875 0.0
7.75 10.875 0.0
8.25 10.875 0.0
8.75 10.875 0.0
0.25 11.125 92157.6693469
0.75 11.125 88613.1436028
1.25 11.125 81524.0921146
1.75 11.125 60256.9376499
2.25 11.125 81524.0921146
2.75 11.125 60256.9376499
3.25 11.125 35445.2574411
3.75 11.125 49623.3604176
4.25 11.125 14178.1029764
4.75 11.125 14178.1029764
5.25 11.125 0.0
5.75 11.125 3544.52574411
6.25 11.125 0.0
6.75 11.125 0.0
7.25 11.125 0.0
7.75 11.125 0.0
8.25 11.125 0.0
8.75 11.125 0.0
0.25 11.375 102791.246579
0.75 11.375 77979.5663705
1.25 11.375 88613.1436028
1.75 11.375 56712.4119058
2.25 11.375 56712.4119058
2.75 11.375 35445.2574411
3.25 11.375 35445.2574411
3.75 11.375 14178.1029764
4.25 11.375 3544.52574411
4.75 11.375 17722.6287206
5.25 11.375 0.0
5.75 11.375 3544.52574411
6.25 11.375 0.0
6.75 11.375 0.0
7.25 11.375 0.0
7.75 11.375 0.0
8.25 11.375 0.0
8.75 11.375 0.0
0.25 11.625 77979.5663705
0.75 11.625 63801.463394
1.25 11.625 85068.6178587
1.75 11.625 46078.8346735
2.25 11.625 46078.8346735
2.75 11.625 24811.6802088
3.25 11.625 17722.6287206
3.75 11.625 31900.731697
4.25 11.625 7089.05148822
4.75 11.625 3544.52574411
5.25 11.625 3544.52574411
5.75 11.625 0.0
6.25 11.625 0.0
6.75 11.625 0.0
7.25 11.625 0.0
7.75 11.625 0.0
8.25 11.625 0.0
8.75 11.625 0.0
0.25 11.875 49623.3604176
0.75 11.875 38989.7831852
1.25 11.875 67345.9891381
1.75 11.875 67345.9891381
2.25 11.875 28356.2059529
2.75 11.875 42534.3089293
3.25 11.875 31900.731697
3.75 11.875 24811.6802088
4.25 11.875 10633.5772323
4.75 11.875 7089.05148822
5.25 11.875 10633.5772323
5.75 11.875 3544.52574411
6.25 11.875 0.0
6.75 11.875 0.0
7.25 11.875 0.0
7.75 11.875 0.0
8.25 11.875 0.0
8.75 11.875 0.0
0.25 12.125 46078.8346735
0.75 12.125 49623.3604176
1.25 12.125 38989.7831852
1.75 12.125 53167.8861617
2.25 12.125 21267.1544647
2.75 12.125 49623.3604176
3.25 12.125 28356.2059529
3.75 12.125 21267.1544647
4.25 12.125 24811.6802088
4.75 12.125 7089.05148822
5.25 12.125 0.0
5.75 12.125 0.0
6.25 12.125 0.0
6.75 12.125 0.0
7.25 12.125 0.0
7.75 12.125 0.0
8.25 12.125 0.0
8.75 12.125 0.0
0.25 12.375 60256.9376499
0.75 12.375 49623.3604176
1.25 12.375 49623.3604176
1.75 12.375 24811.6802088
2.25 12.375 14178.1029764
2.75 12.375 24811.6802088
3.25 12.375 17722.6287206
3.75 12.375 21267.1544647
4.25 12.375 10633.5772323
4.75 12.375 21267.1544647
5.25 12.375 3544.52574411
5.75 12.375 3544.52574411
6.25 12.375 0.0
6.75 12.375 0.0
7.25 12.375 0.0
7.75 12.375 0.0
8.25 12.375 0.0
8.75 12.375 0.0
0.25 12.625 77979.5663705
0.75 12.625 49623.3604176
1.25 12.625 24811.6802088
1.75 12.625 24811.6802088
2.25 12.625 28356.2059529
2.75 12.625 10633.5772323
3.25 12.625 17722.6287206
3.75 12.625 24811.6802088
4.25 12.625 3544.52574411
4.75 12.625 14178.1029764
5.25 12.625 0.0
5.75 12.625 0.0
6.25 12.625 0.0
6.75 12.625 0.0
7.25 12.625 0.0
7.75 12.625 0.0
8.25 12.625 0.0
8.75 12.625 0.0
0.25 12.875 60256.9376499
0.75 12.875 28356.2059529
1.25 12.875 31900.731697
1.75 12.875 24811.6802088
2.25 12.875 49623.3604176
2.75 12.875 24811.6802088
3.25 12.875 24811.6802088
3.75 12.875 10633.5772323
4.25 12.875 10633.5772323
4.75 12.875 3544.52574411
5.25 12.875 0.0
5.75 12.875 0.0
6.25 12.875 0.0
6.75 12.875 0.0
7.25 12.875 0.0
7.75 12.875 0.0
8.25 12.875 0.0
8.75 12.875 0.0
0.25 13.125 42534.3089293
0.75 13.125 56712.4119058
1.25 13.125 31900.731697
1.75 13.125 28356.2059529
2.25 13.125 31900.731697
2.75 13.125 14178.1029764
3.25 13.125 10633.5772323
3.75 13.125 17722.6287206
4.25 13.125 7089.05148822
4.75 13.125 0.0
5.25 13.125 0.0
5.75 13.125 0.0
6.25 13.125 0.0
6.75 13.125 0.0
7.25 13.125 0.0
7.75 13.125 0.0
8.25 13.125 0.0
8.75 13.125 0.0
0.25 13.375 31900.731697
0.75 13.375 21267.1544647
1.25 13.375 24811.6802088
1.75 13.375 24811.6802088
2.25 13.375 28356.2059529
2.75 13.375 7089.05148822
3.25 13.375 7089.05148822
3.75 13.375 7089.05148822
4.25 13.375 7089.05148822
4.75 13.375 0.0
5.25 13.375 0.0
5.75 13.375 0.0
6.25 13.375 0.0
6.75 13.375 0.0
7.25 13.375 0.0
7.75 13.375 0.0
8.25 13.375 0.0
8.75 13.375 0.0
0.25 13.625 31900.731697
0.75 13.625 21267.1544647
1.25 13.625 38989.7831852
1.75 13.625 24811.6802088
2.25 13.625 21267.1544647
2.75 13.625 17722.6287206
3.25 13.625 21267.1544647
3.75 13.625 10633.5772323
4.25 13.625 3544.52574411
4.75 13.625 7089.05148822
5.25 13.625 0.0
5.75 13.625 0.0
6.25 13.625 0.0
6.75 13.625 0.0
7.25 13.625 0.0
7.75 13.625 0.0
8.25 13.625 0.0
8.75 13.625 0.0
0.25 13.875 42534.3089293
0.75 13.875 17722.6287206
1.25 13.875 21267.1544647
1.75 13.875 17722.6287206
2.25 13.875 14178.1029764
2.75 13.875 7089.05148822
3.25 13.875 10633.5772323
3.75 13.875 24811.6802088
4.25 13.875 3544.52574411
4.75 13.875 0.0
5.25 13.875 0.0
5.75 13.875 0.0
6.25 13.875 0.0
6.75 13.875 0.0
7.25 13.875 0.0
7.75 13.875 0.0
8.25 13.875 0.0
8.75 13.875 0.0
0.25 14.125 38989.7831852
0.75 14.125 21267.1544647
1.25 14.125 21267.1544647
1.75 14.125 28356.2059529
2.25 14.125 10633.5772323
2.75 14.125 10633.5772323
3.25 14.125 3544.52574411
3.75 14.125 3544.52574411
4.25 14.125 10633.5772323
4.75 14.125 0.0
5.25 14.125 0.0
5.75 14.125 0.0
6.25 14.125 0.0
6.75 14.125 0.0
7.25 14.125 0.0
7.75 14.125 0.0
8.25 14.125 0.0
8.75 14.125 0.0
0.25 14.375 7089.05148822
0.75 14.375 17722.6287206
1.25 14.375 24811.6802088
1.75 14.375 24811.6802088
2.25 14.375 28356.2059529
2.75 14.375 7089.05148822
3.25 14.375 17722.6287206
3.75 14.375 0.0
4.25 14.375 7089.05148822
4.75 14.375 3544.52574411
5.25 14.375 10633.5772323
5.75 14.375 0.0
6.25 14.375 0.0
6.75 14.375 0.0
7.25 14.375 0.0
7.75 14.375 0.0
8.25 14.375 0.0
8.75 14.375 0.0
0.25 14.625 24811.6802088
0.75 14.625 24811.6802088
1.25 14.625 35445.2574411
1.75 14.625 14178.1029764
2.25 14.625 24811.6802088
2.75 14.625 10633.5772323
3.25 14.625 7089.05148822
3.75 14.625 7089.05148822
4.25 14.625 3544.52574411
4.75 14.625 7089.05148822
5.25 14.625 3544.52574411
5.75 14.625 0.0
6.25 14.625 0.0
6.75 14.625 0.0
7.25 14.625 0.0
7.75 14.625 0.0
8.25 14.625 0.0
8.75 14.625 0.0
0.25 14.875 14178.1029764
0.75 14.875 14178.1029764
1.25 14.875 10633.5772323
1.75 14.875 17722.6287206
2.25 14.875 24811.6802088
2.75 14.875 0.0
3.25 14.875 10633.5772323
3.75 14.875 7089.05148822
4.25 14.875 3544.52574411
4.75 14.875 3544.52574411
5.25 14.875 0.0
5.75 14.875 0.0
6.25 14.875 0.0
6.75 14.875 0.0
7.25 14.875 0.0
7.75 14.875 0.0
8.25 14.875 0.0
8.75 14.875 0.0
0.25 15.125 42534.3089293
0.75 15.125 21267.1544647
1.25 15.125 14178.1029764
1.75 15.125 17722.6287206
2.25 15.125 17722.6287206
2.75 15.125 14178.1029764
3.25 15.125 0.0
3.75 15.125 3544.52574411
4.25 15.125 3544.52574411
4.75 15.125 0.0
5.25 15.125 0.0
5.75 15.125 0.0
6.25 15.125 0.0
6.75 15.125 0.0
7.25 15.125 0.0
7.75 15.125 0.0
8.25 15.125 0.0
8.75 15.125 0.0
0.25 15.375 21267.1544647
0.75 15.375 10633.5772323
1.25 15.375 24811.6802088
1.75 15.375 21267.1544647
2.25 15.375 14178.1029764
2.75 15.375 10633.5772323
3.25 15.375 7089.05148822
3.75 15.375 3544.52574411
4.25 15.375 3544.52574411
4.75 15.375 0.0
5.25 15.375 0.0
5.75 15.375 0.0
6.25 15.375 0.0
6.75 15.375 0.0
7.25 15.375 0.0
7.75 15.375 0.0
8.25 15.375 0.0
8.75 15.375 0.0
0.25 15.625 17722.6287206
0.75 15.625 3544.52574411
1.25 15.625 7089.05148822
1.75 15.625 14178.1029764
2.25 15.625 10633.5772323
2.75 15.625 17722.6287206
3.25 15.625 3544.52574411
3.75 15.625 3544.52574411
4.25 15.625 7089.05148822
4.75 15.625 3544.52574411
5.25 15.625 0.0
5.75 15.625 0.0
6.25 15.625 0.0
6.75 15.625 0.0
7.25 15.625 0.0
7.75 15.625 0.0
8.25 15.625 0.0
8.75 15.625 0.0
0.25 15.875 3544.52574411
0.75 15.875 28356.2059529
1.25 15.875 10633.5772323
1.75 15.875 24811.6802088
2.25 15.875 0.0
2.75 15.875 7089.05148822
3.25 15.875 0.0
3.75 15.875 3544.52574411
4.25 15.875 17722.6287206
4.75 15.875 0.0
5.25 15.875 0.0
5.75 15.875 0.0
6.25 15.875 0.0
6.75 15.875 0.0
7.25 15.875 0.0
7.75 15.875 0.0
8.25 15.875 0.0
8.75 15.875 0.0
0.25 16.125 17722.6287206
0.75 16.125 24811.6802088
1.25 16.125 7089.05148822
1.75 16.125 14178.1029764
2.25 16.125 7089.05148822
2.75 16.125 21267.1544647
3.25 16.125 3544.52574411
3.75 16.125 3544.52574411
4.25 16.125 0.0
4.75 16.125 3544.52574411
5.25 16.125 0.0
5.75 16.125 0.0
6.25 16.125 0.0
6.75 16.125 0.0
7.25 16.125 0.0
7.75 16.125 0.0
8.25 16.125 0.0
8.75 16.125 0.0
0.25 16.375 7089.05148822
0.75 16.375 7089.05148822
1.25 16.375 24811.6802088
1.75 16.375 14178.1029764
2.25 16.375 0.0
2.75 16.375 10633.5772323
3.25 16.375 17722.6287206
3.75 16.375 3544.52574411
4.25 16.375 0.0
4.75 16.375 0.0
5.25 16.375 0.0
5.75 16.375 0.0
6.25 16.375 0.0
6.75 16.375 0.0
7.25 16.375 0.0
7.75 16.375 0.0
8.25 16.375 0.0
8.75 16.375 0.0
0.25 16.625 28356.2059529
0.75 16.625 17722.6287206
1.25 16.625 10633.5772323
1.75 16.625 17722.6287206
2.25 16.625 10633.5772323
2.75 16.625 3544.52574411
3.25 16.625 3544.52574411
3.75 16.625 3544.52574411
4.25 16.625 0.0
4.75 16.625 0.0
5.25 16.625 0.0
5.75 16.625 0.0
6.25 16.625 0.0
6.75 16.625 0.0
7.25 16.625 0.0
7.75 16.625 0.0
8.25 16.625 0.0
8.75 16.625 0.0
0.25 16.875 10633.5772323
0.75 16.875 10633.5772323
1.25 16.875 7089.05148822
1.75 16.875 10633.5772323
2.25 16.875 10633.5772323
2.75 16.875 0.0
3.25 16.875 10633.5772323
3.75 16.875 0.0
4.25 16.875 0.0
4.75 16.875 0.0
5.25 16.875 0.0
5.75 16.875 0.0
6.25 16.875 0.0
6.75 16.875 0.0
7.25 16.875 0.0
7.75 16.875 0.0
8.25 16.875 0.0
8.75 16.875 0.0
0.25 17.125 7089.05148822
0.75 17.125 7089.05148822
1.25 17.125 7089.05148822
1.75 17.125 14178.1029764
2.25 17.125 7089.05148822
2.75 17.125 0.0
3.25 17.125 7089.05148822
3.75 17.125 0.0
4.25 17.125 0.0
4.75 17.125 3544.52574411
5.25 17.125 0.0
5.75 17.125 0.0
6.25 17.125 0.0
6.75 17.125 0.0
7.25 17.125 0.0
7.75 17.125 0.0
8.25 17.125 0.0
8.75 17.125 0.0
0.25 17.375 7089.05148822
0.75 17.375 3544.52574411
1.25 17.375 3544.52574411
1.75 17.375 7089.05148822
2.25 17.375 0.0
2.75 17.375 7089.05148822
3.25 17.375 3544.52574411
3.75 17.375 0.0
4.25 17.375 0.0
4.75 17.375 3544.52574411
5.25 17.375 0.0
5.75 17.375 0.0
6.25 17.375 0.0
6.75 17.375 0.0
7.25 17.375 0.0
7.75 17.375 0.0
8.25 17.375 0.0
8.75 17.375 0.0
0.25 17.625 7089.05148822
0.75 17.625 7089.05148822
1.25 17.625 10633.5772323
1.75 17.625 14178.1029764
2.25 17.625 10633.5772323
2.75 17.625 3544.52574411
3.25 17.625 7089.05148822
3.75 17.625 3544.52574411
4.25 17.625 0.0
4.75 17.625 0.0
5.25 17.625 0.0
5.75 17.625 0.0
6.25 17.625 0.0
6.75 17.625 0.0
7.25 17.625 0.0
7.75 17.625 0.0
8.25 17.625 0.0
8.75 17.625 0.0
0.25 17.875 17722.6287206
0.75 17.875 17722.6287206
1.25 17.875 3544.52574411
1.75 17.875 0.0
2.25 17.875 14178.1029764
2.75 17.875 0.0
3.25 17.875 3544.52574411
3.75 17.875 0.0
4.25 17.875 0.0
4.75 17.875 0.0
5.25 17.875 0.0
5.75 17.875 0.0
6.25 17.875 0.0
6.75 17.875 0.0
7.25 17.875 0.0
7.75 17.875 0.0
8.25 17.875 0.0
8.75 17.875 0.0
0.25 18.125 0.0
0.75 18.125 7089.05148822
1.25 18.125 3544.52574411
1.75 18.125 7089.05148822
2.25 18.125 10633.5772323
2.75 18.125 14178.1029764
3.25 18.125 3544.52574411
3.75 18.125 0.0
4.25 18.125 3544.52574411
4.75 18.125 0.0
5.25 18.125 0.0
5.75 18.125 0.0
6.25 18.125 0.0
6.75 18.125 0.0
7.25 18.125 0.0
7.75 18.125 0.0
8.25 18.125 0.0
8.75 18.125 0.0
0.25 18.375 10633.5772323
0.75 18.375 0.0
1.25 18.375 0.0
1.75 18.375 0.0
2.25 18.375 7089.05148822
2.75 18.375 3544.52574411
3.25 18.375 0.0
3.75 18.375 3544.52574411
4.25 18.375 0.0
4.75 18.375 0.0
5.25 18.375 0.0
5.75 18.375 0.0
6.25 18.375 0.0
6.75 18.375 0.0
7.25 18.375 0.0
7.75 18.375 0.0
8.25 18.375 0.0
8.75 18.375 0.0
0.25 18.625 7089.05148822
0.75 18.625 21267.1544647
1.25 18.625 7089.05148822
1.75 18.625 0.0
2.25 18.625 0.0
2.75 18.625 0.0
3.25 18.625 0.0
3.75 18.625 0.0
4.25 18.625 3544.52574411
4.75 18.625 0.0
5.25 18.625 0.0
5.75 18.625 0.0
6.25 18.625 0.0
6.75 18.625 0.0
7.25 18.625 0.0
7.75 18.625 0.0
8.25 18.625 0.0
8.75 18.625 0.0
0.25 18.875 0.0
0.75 18.875 7089.05148822
1.25 18.875 7089.05148822
1.75 18.875 0.0
2.25 18.875 3544.52574411
2.75 18.875 3544.52574411
3.25 18.875 0.0
3.75 18.875 0.0
4.25 18.875 0.0
4.75 18.875 0.0
5.25 18.875 0.0
5.75 18.875 0.0
6.25 18.875 0.0
6.75 18.875 0.0
7.25 18.875 0.0
7.75 18.875 0.0
8.25 18.875 0.0
8.75 18.875 0.0
0.25 19.125 0.0
0.75 19.125 14178.1029764
1.25 19.125 3544.52574411
1.75 19.125 14178.1029764
2.25 19.125 7089.05148822
2.75 19.125 0.0
3.25 19.125 3544.52574411
3.75 19.125 0.0
4.25 19.125 0.0
4.75 19.125 0.0
5.25 19.125 0.0
5.75 19.125 0.0
6.25 19.125 0.0
6.75 19.125 0.0
7.25 19.125 0.0
7.75 19.125 0.0
8.25 19.125 0.0
8.75 19.125 0.0
0.25 19.375 0.0
0.75 19.375 10633.5772323
1.25 19.375 14178.1029764
1.75 19.375 0.0
2.25 19.375 3544.52574411
2.75 19.375 7089.05148822
3.25 19.375 3544.52574411
3.75 19.375 0.0
4.25 19.375 0.0
4.75 19.375 3544.52574411
5.25 19.375 0.0
5.75 19.375 0.0
6.25 19.375 0.0
6.75 19.375 0.0
7.25 19.375 0.0
7.75 19.375 0.0
8.25 19.375 0.0
8.75 19.375 0.0
0.25 19.625 3544.52574411
0.75 19.625 0.0
1.25 19.625 0.0
1.75 19.625 7089.05148822
2.25 19.625 0.0
2.75 19.625 0.0
3.25 19.625 7089.05148822
3.75 19.625 0.0
4.25 19.625 0.0
4.75 19.625 0.0
5.25 19.625 0.0
5.75 19.625 0.0
6.25 19.625 0.0
6.75 19.625 0.0
7.25 19.625 0.0
7.75 19.625 0.0
8.25 19.625 0.0
8.75 19.625 0.0
0.25 19.875 3544.52574411
0.75 19.875 3544.52574411
1.25 19.875 3544.52574411
1.75 19.875 3544.52574411
2.25 19.875 0.0
2.75 19.875 0.0
3.25 19.875 0.0
3.75 19.875 7089.05148822
4.25 19.875 0.0
4.75 19.875 0.0
5.25 19.875 0.0
5.75 19.875 0.0
6.25 19.875 0.0
6.75 19.875 0.0
7.25 19.875 0.0
7.75 19.875 0.0
8.25 19.875 0.0
8.75 19.875 0.0
0.25 20.125 3544.52574411
0.75 20.125 3544.52574411
1.25 20.125 0.0
1.75 20.125 0.0
2.25 20.125 7089.05148822
2.75 20.125 0.0
3.25 20.125 0.0
3.75 20.125 0.0
4.25 20.125 0.0
4.75 20.125 0.0
5.25 20.125 0.0
5.75 20.125 0.0
6.25 20.125 0.0
6.75 20.125 0.0
7.25 20.125 0.0
7.75 20.125 0.0
8.25 20.125 0.0
8.75 20.125 0.0
0.25 20.375 10633.5772323
0.75 20.375 7089.05148822
1.25 20.375 0.0
1.75 20.375 7089.05148822
2.25 20.375 7089.05148822
2.75 20.375 7089.05148822
3.25 20.375 0.0
3.75 20.375 3544.52574411
4.25 20.375 0.0
4.75 20.375 0.0
5.25 20.375 0.0
5.75 20.375 0.0
6.25 20.375 0.0
6.75 20.375 0.0
7.25 20.375 0.0
7.75 20.375 0.0
8.25 20.375 0.0
8.75 20.375 0.0
0.25 20.625 3544.52574411
0.75 20.625 3544.52574411
1.25 20.625 0.0
1.75 20.625 3544.52574411
2.25 20.625 3544.52574411
2.75 20.625 0.0
3.25 20.625 10633.5772323
3.75 20.625 0.0
4.25 20.625 0.0
4.75 20.625 0.0
5.25 20.625 0.0
5.75 20.625 0.0
6.25 20.625 0.0
6.75 20.625 0.0
7.25 20.625 0.0
7.75 20.625 0.0
8.25 20.625 0.0
8.75 20.625 0.0
0.25 20.875 0.0
0.75 20.875 3544.52574411
1.25 20.875 3544.52574411
1.75 20.875 0.0
2.25 20.875 0.0
2.75 20.875 3544.52574411
3.25 20.875 0.0
3.75 20.875 0.0
4.25 20.875 0.0
4.75 20.875 0.0
5.25 20.875 0.0
5.75 20.875 0.0
6.25 20.875 0.0
6.75 20.875 0.0
7.25 20.875 0.0
7.75 20.875 0.0
8.25 20.875 0.0
8.75 20.875 0.0
0.25 21.125 3544.52574411
0.75 21.125 7089.05148822
1.25 21.125 3544.52574411
1.75 21.125 0.0
2.25 21.125 0.0
2.75 21.125 0.0
3.25 21.125 7089.05148822
3.75 21.125 0.0
4.25 21.125 0.0
4.75 21.125 0.0
5.25 21.125 0.0
5.75 21.125 0.0
6.25 21.125 0.0
6.75 21.125 0.0
7.25 21.125 0.0
7.75 21.125 0.0
8.25 21.125 0.0
8.75 21.125 0.0
0.25 21.375 3544.52574411
0.75 21.375 0.0
1.25 21.375 10633.5772323
1.75 21.375 0.0
2.25 21.375 3544.52574411
2.75 21.375 3544.52574411
3.25 21.375 0.0
3.75 21.375 0.0
4.25 21.375 0.0
4.75 21.375 0.0
5.25 21.375 0.0
5.75 21.375 0.0
6.25 21.375 0.0
6.75 21.375 0.0
7.25 21.375 0.0
7.75 21.375 0.0
8.25 21.375 0.0
8.75 21.375 0.0
0.25 21.625 0.0
0.75 21.625 7089.05148822
1.25 21.625 3544.52574411
1.75 21.625 0.0
2.25 21.625 0.0
2.75 21.625 3544.52574411
3.25 21.625 3544.52574411
3.75 21.625 0.0
4.25 21.625 0.0
4.75 21.625 0.0
5.25 21.625 0.0
5.75 21.625 0.0
6.25 21.625 0.0
6.75 21.625 0.0
7.25 21.625 0.0
7.75 21.625 0.0
8.25 21.625 0.0
8.75 21.625 0.0
0.25 21.875 3544.52574411
0.75 21.875 0.0
1.25 21.875 0.0
1.75 21.875 3544.52574411
2.25 21.875 3544.52574411
2.75 21.875 10633.5772323
3.25 21.875 0.0
3.75 21.875 0.0
4.25 21.875 0.0
4.75 21.875 0.0
5.25 21.875 0.0
5.75 21.875 0.0
6.25 21.875 0.0
6.75 21.875 0.0
7.25 21.875 0.0
7.75 21.875 0.0
8.25 21.875 0.0
8.75 21.875 0.0
0.25 22.125 3544.52574411
0.75 22.125 3544.52574411
1.25 22.125 3544.52574411
1.75 22.125 7089.05148822
2.25 22.125 0.0
2.75 22.125 0.0
3.25 22.125 0.0
3.75 22.125 3544.52574411
4.25 22.125 3544.52574411
4.75 22.125 0.0
5.25 22.125 0.0
5.75 22.125 0.0
6.25 22.125 0.0
6.75 22.125 0.0
7.25 22.125 0.0
7.75 22.125 0.0
8.25 22.125 0.0
8.75 22.125 0.0
0.25 22.375 3544.52574411
0.75 22.375 7089.05148822
1.25 22.375 3544.52574411
1.75 22.375 0.0
2.25 22.375 0.0
2.75 22.375 0.0
3.25 22.375 0.0
3.75 22.375 0.0
4.25 22.375 0.0
4.75 22.375 0.0
5.25 22.375 0.0
5.75 22.375 0.0
6.25 22.375 0.0
6.75 22.375 0.0
7.25 22.375 0.0
7.75 22.375 0.0
8.25 22.375 0.0
8.75 22.375 0.0
0.25 22.625 10633.5772323
0.75 22.625 0.0
1.25 22.625 3544.52574411
1.75 22.625 3544.52574411
2.25 22.625 3544.52574411
2.75 22.625 0.0
3.25 22.625 0.0
3.75 22.625 3544.52574411
4.25 22.625 0.0
4.75 22.625 0.0
5.25 22.625 0.0
5.75 22.625 0.0
6.25 22.625 0.0
6.75 22.625 0.0
7.25 22.625 0.0
7.75 22.625 0.0
8.25 22.625 0.0
8.75 22.625 0.0
0.25 22.875 0.0
0.75 22.875 3544.52574411
1.25 22.875 0.0
1.75 22.875 0.0
2.25 22.875 0.0
2.75 22.875 0.0
3.25 22.875 0.0
3.75 22.875 0.0
4.25 22.875 0.0
4.75 22.875 0.0
5.25 22.875 0.0
5.75 22.875 0.0
6.25 22.875 0.0
6.75 22.875 0.0
7.25 22.875 0.0
7.75 22.875 0.0
8.25 22.875 0.0
8.75 22.875 0.0
0.25 23.125 0.0
0.75 23.125 0.0
1.25 23.125 3544.52574411
1.75 23.125 0.0
2.25 23.125 0.0
2.75 23.125 0.0
3.25 23.125 0.0
3.75 23.125 0.0
4.25 23.125 0.0
4.75 23.125 0.0
5.25 23.125 0.0
5.75 23.125 0.0
6.25 23.125 0.0
6.75 23.125 0.0
7.25 23.125 0.0
7.75 23.125 0.0
8.25 23.125 0.0
8.75 23.125 0.0
0.25 23.375 0.0
0.75 23.375 7089.05148822
1.25 23.375 0.0
1.75 23.375 0.0
2.25 23.375 7089.05148822
2.75 23.375 3544.52574411
3.25 23.375 0.0
3.75 23.375 3544.52574411
4.25 23.375 0.0
4.75 23.375 0.0
5.25 23.375 0.0
5.75 23.375 0.0
6.25 23.375 0.0
6.75 23.375 0.0
7.25 23.375 0.0
7.75 23.375 0.0
8.25 23.375 0.0
8.75 23.375 0.0
0.25 23.625 0.0
0.75 23.625 0.0
1.25 23.625 0.0
1.75 23.625 0.0
2.25 23.625 3544.52574411
2.75 23.625 0.0
3.25 23.625 0.0
3.75 23.625 0.0
4.25 23.625 3544.52574411
4.75 23.625 0.0
5.25 23.625 0.0
5.75 23.625 0.0
6.25 23.625 0.0
6.75 23.625 0.0
7.25 23.625 0.0
7.75 23.625 0.0
8.25 23.625 0.0
8.75 23.625 0.0
0.25 23.875 0.0
0.75 23.875 0.0
1.25 23.875 3544.52574411
1.75 23.875 0.0
2.25 23.875 0.0
2.75 23.875 0.0
3.25 23.875 3544.52574411
3.75 23.875 0.0
4.25 23.875 0.0
4.75 23.875 0.0
5.25 23.875 0.0
5.75 23.875 0.0
6.25 23.875 0.0
6.75 23.875 0.0
7.25 23.875 0.0
7.75 23.875 0.0
8.25 23.875 0.0
8.75 23.875 0.0
0.25 24.125 3544.52574411
0.75 24.125 0.0
1.25 24.125 3544.52574411
1.75 24.125 0.0
2.25 24.125 0.0
2.75 24.125 0.0
3.25 24.125 0.0
3.75 24.125 3544.52574411
4.25 24.125 0.0
4.75 24.125 0.0
5.25 24.125 0.0
5.75 24.125 0.0
6.25 24.125 0.0
6.75 24.125 0.0
7.25 24.125 0.0
7.75 24.125 0.0
8.25 24.125 0.0
8.75 24.125 0.0
0.25 24.375 0.0
0.75 24.375 3544.52574411
1.25 24.375 0.0
1.75 24.375 3544.52574411
2.25 24.375 3544.52574411
2.75 24.375 0.0
3.25 24.375 0.0
3.75 24.375 0.0
4.25 24.375 0.0
4.75 24.375 0.0
5.25 24.375 0.0
5.75 24.375 0.0
6.25 24.375 0.0
6.75 24.375 0.0
7.25 24.375 0.0
7.75 24.375 0.0
8.25 24.375 0.0
8.75 24.375 0.0
0.25 24.625 0.0
0.75 24.625 7089.05148822
1.25 24.625 0.0
1.75 24.625 0.0
2.25 24.625 0.0
2.75 24.625 0.0
3.25 24.625 0.0
3.75 24.625 0.0
4.25 24.625 0.0
4.75 24.625 0.0
5.25 24.625 0.0
5.75 24.625 0.0
6.25 24.625 0.0
6.75 24.625 0.0
7.25 24.625 0.0
7.75 24.625 0.0
8.25 24.625 0.0
8.75 24.625 0.0
0.25 24.875 3544.52574411
0.75 24.875 7089.05148822
1.25 24.875 0.0
1.75 24.875 0.0
2.25 24.875 0.0
2.75 24.875 3544.52574411
3.25 24.875 0.0
3.75 24.875 0.0
4.25 24.875 3544.52574411
4.75 24.875 0.0
5.25 24.875 0.0
5.75 24.875 0.0
6.25 24.875 0.0
6.75 24.875 0.0
7.25 24.875 0.0
7.75 24.875 0.0
8.25 24.875 0.0
8.75 24.875 0.0
0.25 25.125 0.0
0.75 25.125 0.0
1.25 25.125 0.0
1.75 25.125 0.0
2.25 25.125 0.0
2.75 25.125 0.0
3.25 25.125 3544.52574411
3.75 25.125 0.0
4.25 25.125 0.0
4.75 25.125 0.0
5.25 25.125 0.0
5.75 25.125 0.0
6.25 25.125 0.0
6.75 25.125 0.0
7.25 25.125 0.0
7.75 25.125 0.0
8.25 25.125 0.0
8.75 25.125 0.0
0.25 25.375 3544.52574411
0.75 25.375 0.0
1.25 25.375 0.0
1.75 25.375 3544.52574411
2.25 25.375 0.0
2.75 25.375 0.0
3.25 25.375 0.0
3.75 25.375 0.0
4.25 25.375 0.0
4.75 25.375 0.0
5.25 25.375 0.0
5.75 25.375 0.0
6.25 25.375 0.0
6.75 25.375 0.0
7.25 25.375 0.0
7.75 25.375 0.0
8.25 25.375 0.0
8.75 25.375 0.0
0.25 25.625 0.0
0.75 25.625 3544.52574411
1.25 25.625 0.0
1.75 25.625 0.0
2.25 25.625 3544.52574411
2.75 25.625 0.0
3.25 25.625 0.0
3.75 25.625 0.0
4.25 25.625 0.0
4.75 25.625 0.0
5.25 25.625 0.0
5.75 25.625 0.0
6.25 25.625 0.0
6.75 25.625 0.0
7.25 25.625 0.0
7.75 25.625 0.0
8.25 25.625 0.0
8.75 25.625 0.0
0.25 25.875 0.0
0.75 25.875 0.0
1.25 25.875 0.0
1.75 25.875 0.0
2.25 25.875 0.0
2.75 25.875 0.0
3.25 25.875 0.0
3.75 25.875 0.0
4.25 25.875 0.0
4.75 25.875 0.0
5.25 25.875 0.0
5.75 25.875 0.0
6.25 25.875 0.0
6.75 25.875 0.0
7.25 25.875 0.0
7.75 25.875 0.0
8.25 25.875 0.0
8.75 25.875 0.0
0.25 26.125 0.0
0.75 26.125 0.0
1.25 26.125 3544.52574411
1.75 26.125 0.0
2.25 26.125 0.0
2.75 26.125 0.0
3.25 26.125 3544.52574411
3.75 26.125 0.0
4.25 26.125 0.0
4.75 26.125 0.0
5.25 26.125 0.0
5.75 26.125 0.0
6.25 26.125 0.0
6.75 26.125 0.0
7.25 26.125 0.0
7.75 26.125 0.0
8.25 26.125 0.0
8.75 26.125 0.0
0.25 26.375 0.0
0.75 26.375 3544.52574411
1.25 26.375 3544.52574411
1.75 26.375 0.0
2.25 26.375 7089.05148822
2.75 26.375 0.0
3.25 26.375 0.0
3.75 26.375 0.0
4.25 26.375 0.0
4.75 26.375 0.0
5.25 26.375 0.0
5.75 26.375 0.0
6.25 26.375 0.0
6.75 26.375 0.0
7.25 26.375 0.0
7.75 26.375 0.0
8.25 26.375 0.0
8.75 26.375 0.0
0.25 26.625 0.0
0.75 26.625 3544.52574411
1.25 26.625 3544.52574411
1.75 26.625 0.0
2.25 26.625 0.0
2.75 26.625 0.0
3.25 26.625 0.0
3.75 26.625 0.0
4.25 26.625 0.0
4.75 26.625 0.0
5.25 26.625 0.0
5.75 26.625 0.0
6.25 26.625 0.0
6.75 26.625 0.0
7.25 26.625 0.0
7.75 26.625 0.0
8.25 26.625 0.0
8.75 26.625 0.0
0.25 26.875 0.0
0.75 26.875 0.0
1.25 26.875 0.0
1.75 26.875 0.0
2.25 26.875 3544.52574411
2.75 26.875 0.0
3.25 26.875 0.0
3.75 26.875 0.0
4.25 26.875 0.0
4.75 26.875 0.0
5.25 26.875 0.0
5.75 26.875 0.0
6.25 26.875 0.0
6.75 26.875 0.0
7.25 26.875 0.0
7.75 26.875 0.0
8.25 26.875 0.0
8.75 26.875 0.0
0.25 27.125 3544.52574411
0.75 27.125 0.0
1.25 27.125 0.0
1.75 27.125 0.0
2.25 27.125 3544.52574411
2.75 27.125 0.0
3.25 27.125 0.0
3.75 27.125 0.0
4.25 27.125 0.0
4.75 27.125 0.0
5.25 27.125 0.0
5.75 27.125 0.0
6.25 27.125 0.0
6.75 27.125 0.0
7.25 27.125 0.0
7.75 27.125 0.0
8.25 27.125 0.0
8.75 27.125 0.0
0.25 27.375 0.0
0.75 27.375 0.0
1.25 27.375 3544.52574411
1.75 27.375 0.0
2.25 27.375 0.0
2.75 27.375 0.0
3.25 27.375 0.0
3.75 27.375 0.0
4.25 27.375 0.0
4.75 27.375 0.0
5.25 27.375 0.0
5.75 27.375 0.0
6.25 27.375 0.0
6.75 27.375 0.0
7.25 27.375 0.0
7.75 27.375 0.0
8.25 27.375 0.0
8.75 27.375 0.0
0.25 27.625 0.0
0.75 27.625 0.0
1.25 27.625 0.0
1.75 27.625 3544.52574411
2.25 27.625 3544.52574411
2.75 27.625 0.0
3.25 27.625 0.0
3.75 27.625 0.0
4.25 27.625 0.0
4.75 27.625 0.0
5.25 27.625 0.0
5.75 27.625 0.0
6.25 27.625 0.0
6.75 27.625 0.0
7.25 27.625 0.0
7.75 27.625 0.0
8.25 27.625 0.0
8.75 27.625 0.0
0.25 27.875 3544.52574411
0.75 27.875 0.0
1.25 27.875 0.0
1.75 27.875 0.0
2.25 27.875 3544.52574411
2.75 27.875 0.0
3.25 27.875 0.0
3.75 27.875 0.0
4.25 27.875 0.0
4.75 27.875 0.0
5.25 27.875 0.0
5.75 27.875 0.0
6.25 27.875 0.0
6.75 27.875 0.0
7.25 27.875 0.0
7.75 27.875 0.0
8.25 27.875 0.0
8.75 27.875 0.0
0.25 28.125 0.0
0.75 28.125 0.0
1.25 28.125 3544.52574411
1.75 28.125 3544.52574411
2.25 28.125 0.0
2.75 28.125 0.0
3.25 28.125 0.0
3.75 28.125 0.0
4.25 28.125 0.0
4.75 28.125 0.0
5.25 28.125 0.0
5.75 28.125 0.0
6.25 28.125 0.0
6.75 28.125 0.0
7.25 28.125 0.0
7.75 28.125 0.0
8.25 28.125 0.0
8.75 28.125 0.0
0.25 28.375 0.0
0.75 28.375 0.0
1.25 28.375 0.0
1.75 28.375 0.0
2.25 28.375 0.0
2.75 28.375 0.0
3.25 28.375 0.0
3.75 28.375 0.0
4.25 28.375 0.0
4.75 28.375 0.0
5.25 28.375 0.0
5.75 28.375 0.0
6.25 28.375 0.0
6.75 28.375 0.0
7.25 28.375 0.0
7.75 28.375 0.0
8.25 28.375 0.0
8.75 28.375 0.0
0.25 28.625 0.0
0.75 28.625 0.0
1.25 28.625 0.0
1.75 28.625 0.0
2.25 28.625 0.0
2.75 28.625 0.0
3.25 28.625 3544.52574411
3.75 28.625 0.0
4.25 28.625 0.0
4.75 28.625 0.0
5.25 28.625 0.0
5.75 28.625 0.0
6.25 28.625 0.0
6.75 28.625 0.0
7.25 28.625 0.0
7.75 28.625 0.0
8.25 28.625 0.0
8.75 28.625 0.0
0.25 28.875 0.0
0.75 28.875 3544.52574411
1.25 28.875 3544.52574411
1.75 28.875 0.0
2.25 28.875 0.0
2.75 28.875 0.0
3.25 28.875 0.0
3.75 28.875 0.0
4.25 28.875 0.0
4.75 28.875 0.0
5.25 28.875 0.0
5.75 28.875 0.0
6.25 28.875 0.0
6.75 28.875 0.0
7.25 28.875 0.0
7.75 28.875 0.0
8.25 28.875 0.0
8.75 28.875 0.0
0.25 29.125 0.0
0.75 29.125 0.0
1.25 29.125 0.0
1.75 29.125 0.0
2.25 29.125 0.0
2.75 29.125 3544.52574411
3.25 29.125 0.0
3.75 29.125 0.0
4.25 29.125 0.0
4.75 29.125 0.0
5.25 29.125 0.0
5.75 29.125 0.0
6.25 29.125 0.0
6.75 29.125 0.0
7.25 29.125 0.0
7.75 29.125 0.0
8.25 29.125 0.0
8.75 29.125 0.0
0.25 29.375 0.0
0.75 29.375 0.0
1.25 29.375 0.0
1.75 29.375 0.0
2.25 29.375 0.0
2.75 29.375 0.0
3.25 29.375 3544.52574411
3.75 29.375 0.0
4.25 29.375 0.0
4.75 29.375 0.0
5.25 29.375 0.0
5.75 29.375 0.0
6.25 29.375 0.0
6.75 29.375 0.0
7.25 29.375 0.0
7.75 29.375 0.0
8.25 29.375 0.0
8.75 29.375 0.0
0.25 29.625 0.0
0.75 29.625 0.0
1.25 29.625 0.0
1.75 29.625 3544.52574411
2.25 29.625 0.0
2.75 29.625 0.0
3.25 29.625 0.0
3.75 29.625 0.0
4.25 29.625 0.0
4.75 29.625 0.0
5.25 29.625 0.0
5.75 29.625 0.0
6.25 29.625 0.0
6.75 29.625 0.0
7.25 29.625 0.0
7.75 29.625 0.0
8.25 29.625 0.0
8.75 29.625 0.0
0.25 29.875 0.0
0.75 29.875 0.0
1.25 29.875 3544.52574411
1.75 29.875 0.0
2.25 29.875 0.0
2.75 29.875 0.0
3.25 29.875 0.0
3.75 29.875 0.0
4.25 29.875 0.0
4.75 29.875 0.0
5.25 29.875 0.0
5.75 29.875 0.0
6.25 29.875 0.0
6.75 29.875 0.0
7.25 29.875 0.0
7.75 29.875 0.0
8.25 29.875 0.0
8.75 29.875 0.0
