11.294627058970837 15.296023478016302
14.219093021276404 157.55947786263496
17.900777537149963 308.18116457182487
22.535743732392298 1146.3718087688628
28.370820458389794 1725.5327313378614
35.71674682851676 3551.685324601843
44.96472020903849 3662.2907576449225
56.60722890537329 5363.173129295952
71.26427896022373 9177.92900521358
89.71641173621407 11121.514688666808
112.94627058970838 15174.23952873679
142.1909302127641 21616.922167311866
179.00777537149963 27060.25049550722
225.35743732392305 28678.731196391847
283.7082045838981 32463.54525923144
357.1674682851676 24783.727136327943
449.6472020903849 23549.451561576803
566.0722890537327 21217.291520966566
712.6427896022376 21543.585929619847
897.164117362141 21895.59447450188
1129.4627058970837 17011.991845841054
1421.9093021276408 12817.813961047505
1790.0777537149975 7744.046912833524
2253.5743732392316 4021.737466627208
2837.082045838981 1525.1538066037465
3571.674682851676 369.082596684515
4496.47202090385 76.80942969647003
5660.72289053733 8.74972891784273
7126.427896022379 0.363703477603849
8971.64117362141 0.0
