0.25 0.125 776251.137961
0.75 0.125 815240.921146
1.25 0.125 829419.024122
1.75 0.125 801062.818169
2.25 0.125 889675.961772
2.75 0.125 882586.910284
3.25 0.125 900309.539004
3.75 0.125 992467.208351
4.25 0.125 772706.612216
4.75 0.125 733716.829031
5.25 0.125 609658.427987
5.75 0.125 574213.170546
6.25 0.125 467877.398223
6.75 0.125 361541.625899
7.25 0.125 205582.493158
7.75 0.125 99246.7208351
8.25 0.125 0.0
8.75 0.125 0.0
0.25 0.375 2555603.0615
0.75 0.375 2410277.506
1.25 0.375 2566236.63874
1.75 0.375 2435089.1862
2.25 0.375 2583959.26746
2.75 0.375 2722195.77148
3.25 0.375 2782452.70913
3.75 0.375 2523702.32981
4.25 0.375 2626493.57639
4.75 0.375 2268496.47623
5.25 0.375 2016835.1484
5.75 0.375 1573769.43039
6.25 0.375 1279573.79362
6.75 0.375 1038546.04302
7.25 0.375 744350.406264
7.75 0.375 226849.647623
8.25 0.375 7089.05148822
8.75 0.375 0.0
0.25 0.625 4271153.52165
0.75 0.625 4193173.95528
1.25 0.625 4317232.35633
1.75 0.625 4210896.58401
2.25 0.625 4214441.10975
2.75 0.625 4154184.1721
3.25 0.625 4299509.72761
3.75 0.625 3884800.21555
4.25 0.625 3852899.48385
4.75 0.625 3420467.34307
5.25 0.625 3214884.84991
5.75 0.625 2654849.78234
6.25 0.625 1949489.15926
6.75 0.625 1616303.73932
7.25 0.625 1024367.94005
7.75 0.625 287106.585273
8.25 0.625 3544.52574411
8.75 0.625 0.0
0.25 0.875 5759854.33418
0.75 0.875 5447936.0687
1.25 0.875 5455025.12019
1.75 0.875 5391223.65679
2.25 0.875 5224630.94682
2.75 0.875 5274254.30724
3.25 0.875 4955246.99027
3.75 0.875 4933979.8358
4.25 0.875 4423568.12865
4.75 0.875 4575982.73565
5.25 0.875 3962779.78192
5.75 0.875 3594149.10453
6.25 0.875 2534335.90704
6.75 0.875 1839608.86119
7.25 0.875 1066902.24898
7.75 0.875 368630.677388
8.25 0.875 3544.52574411
8.75 0.875 0.0
0.25 1.125 6355334.65919
0.75 1.125 6039871.86797
1.25 1.125 6163930.26901
1.75 1.125 6124940.48583
2.25 1.125 5635795.93314
2.75 1.125 5600350.6757
3.25 1.125 5497559.42912
3.75 1.125 5348689.34787
4.25 1.125 4990692.24771
4.75 1.125 4409390.02568
5.25 1.125 4012403.14233
5.75 1.125 3576426.47581
6.25 1.125 2693839.56553
6.75 1.125 1878598.64438
7.25 1.125 971200.053887
7.75 1.125 191404.390182
8.25 1.125 7089.05148822
8.75 1.125 0.0
0.25 1.375 6234820.78389
0.75 1.375 5954803.25011
1.25 1.375 6025693.76499
1.75 1.375 5596806.14995
2.25 1.375 5603895.20144
2.75 1.375 5352233.87361
3.25 1.375 5256531.67852
3.75 1.375 4802832.38327
4.25 1.375 4583071.78714
4.75 1.375 4079749.13147
5.25 1.375 3838721.38087
5.75 1.375 3030569.51122
6.25 1.375 2477623.49513
6.75 1.375 1690738.77994
7.25 1.375 818785.44689
7.75 1.375 170137.235717
8.25 1.375 3544.52574411
8.75 1.375 0.0
0.25 1.625 5444391.54296
0.75 1.625 5610984.25293
1.25 1.625 5132473.27747
1.75 1.625 5320333.14191
2.25 1.625 5228175.47257
2.75 1.625 5043860.13387
3.25 1.625 4487369.59205
3.75 1.625 4324321.40782
4.25 1.625 4072660.07998
4.75 1.625 3473635.22923
5.25 1.625 3151083.38652
5.75 1.625 2697384.09127
6.25 1.625 1818341.70673
6.75 1.625 1293751.8966
7.25 1.625 634470.108196
7.75 1.625 67345.9891381
8.25 1.625 0.0
8.75 1.625 0.0
0.25 1.875 4894990.05262
0.75 1.875 4657506.82776
1.25 1.875 4423568.12865
1.75 1.875 4611427.99309
2.25 1.875 4196718.48103
2.75 1.875 3937968.10171
3.25 1.875 3842265.90662
3.75 1.875 3303497.99351
4.25 1.875 3097915.50035
4.75 1.875 2785997.23487
5.25 1.875 2303941.73367
5.75 1.875 1963667.26224
6.25 1.875 1417810.29764
6.75 1.875 875497.858796
7.25 1.875 393442.357596
7.75 1.875 42534.3089293
8.25 1.875 3544.52574411
8.75 1.875 0.0
0.25 2.125 4044303.87403
0.75 2.125 3966324.30766
1.25 2.125 3774919.91748
1.75 2.125 3650861.51644
2.25 2.125 3657950.56792
2.75 2.125 3292864.41628
3.25 2.125 2970312.57357
3.75 2.125 2835620.59529
4.25 2.125 2594592.84469
4.75 2.125 2108992.81775
5.25 2.125 1967211.78798
5.75 2.125 1474522.70955
6.25 2.125 1180327.07279
6.75 2.125 648648.211172
7.25 2.125 237483.224856
7.75 2.125 38989.7831852
8.25 2.125 0.0
8.75 2.125 0.0
0.25 2.375 3282230.83905
0.75 2.375 3292864.41628
1.25 2.375 3275141.78756
1.75 2.375 3229062.95289
2.25 2.375 2945500.89336
2.75 2.375 2481168.02088
3.25 2.375 2456356.34067
3.75 2.375 2307486.25942
4.25 2.375 2077092.08605
4.75 2.375 1885687.69587
5.25 2.375 1478067.23529
5.75 2.375 1027912.46579
6.25 2.375 790429.240937
6.75 2.375 365086.151644
7.25 2.375 124058.401044
7.75 2.375 7089.05148822
8.25 2.375 0.0
8.75 2.375 0.0
0.25 2.625 2789541.76062
0.75 2.625 2555603.0615
1.25 2.625 2619404.5249
1.75 2.625 2583959.26746
2.25 2.625 2282674.57921
2.75 2.625 2225962.1673
3.25 2.625 1984934.4167
3.75 2.625 1797074.55226
4.25 2.625 1563135.85315
4.75 2.625 1329197.15404
5.25 2.625 1148426.34109
5.75 2.625 847141.652843
6.25 2.625 489144.552687
6.75 2.625 326096.368458
7.25 2.625 99246.7208351
7.75 2.625 10633.5772323
8.25 2.625 0.0
8.75 2.625 0.0
0.25 2.875 2137349.0237
0.75 2.875 2254318.37326
1.25 2.875 2275585.52772
1.75 2.875 2162160.70391
2.25 2.875 1839608.86119
2.75 2.875 1644659.94527
3.25 2.875 1626937.31655
3.75 2.875 1446166.5036
4.25 2.875 1155515.39258
4.75 2.875 1038546.04302
5.25 2.875 793973.766681
5.75 2.875 620292.00522
6.25 2.875 453699.295246
6.75 2.875 194948.915926
7.25 2.875 67345.9891381
7.75 2.875 7089.05148822
8.25 2.875 0.0
8.75 2.875 0.0
0.25 3.125 1807708.1295
0.75 3.125 1740362.14036
1.25 3.125 1821886.23247
1.75 3.125 1903410.32459
2.25 3.125 1478067.23529
2.75 3.125 1520601.54422
3.25 3.125 1315019.05107
3.75 3.125 1162604.44407
4.25 3.125 1059813.19749
4.75 3.125 861319.755819
5.25 3.125 705360.623078
5.75 3.125 503322.655664
6.25 3.125 350908.048667
6.75 3.125 141781.029764
7.25 3.125 46078.8346735
7.75 3.125 0.0
8.25 3.125 0.0
8.75 3.125 0.0
0.25 3.375 1336286.20553
0.75 3.375 1524146.06997
1.25 3.375 1435532.92637
1.75 3.375 1460344.60657
2.25 3.375 1212227.80449
2.75 3.375 1035001.51728
3.25 3.375 1017278.88856
3.75 3.375 978289.105375
4.25 3.375 804607.343913
4.75 3.375 588391.273523
5.25 3.375 432432.140782
5.75 3.375 357997.100155
6.25 3.375 198493.44167
6.75 3.375 88613.1436028
7.25 3.375 14178.1029764
7.75 3.375 0.0
8.25 3.375 0.0
8.75 3.375 0.0
0.25 3.625 1169693.49556
0.75 3.625 1233494.95895
1.25 3.625 1010189.83707
1.75 3.625 1201594.22725
2.25 3.625 1010189.83707
2.75 3.625 910943.116237
3.25 3.625 797518.292425
3.75 3.625 719538.726055
4.25 3.625 641559.159684
4.75 3.625 588391.273523
5.25 3.625 333185.419947
5.75 3.625 276473.008041
6.25 3.625 170137.235717
6.75 3.625 49623.3604176
7.25 3.625 3544.52574411
7.75 3.625 0.0
8.25 3.625 0.0
8.75 3.625 0.0
0.25 3.875 974744.579631
0.75 3.875 1084624.8777
1.25 3.875 918032.167725
1.75 3.875 918032.167725
2.25 3.875 822329.972634
2.75 3.875 776251.137961
3.25 3.875 740805.880519
3.75 3.875 599024.850755
4.25 3.875 535223.387361
4.75 3.875 379264.25462
5.25 3.875 333185.419947
5.75 3.875 212671.544647
6.25 3.875 141781.029764
6.75 3.875 42534.3089293
7.25 3.875 3544.52574411
7.75 3.875 0.0
8.25 3.875 0.0
8.75 3.875 0.0
0.25 4.125 836508.07561
0.75 4.125 832963.549866
1.25 4.125 914487.641981
1.75 4.125 747894.932008
2.25 4.125 705360.623078
2.75 4.125 577757.69629
3.25 4.125 574213.170546
3.75 4.125 467877.398223
4.25 4.125 386353.306108
4.75 4.125 347363.522923
5.25 4.125 251661.327832
5.75 4.125 113424.823812
6.25 4.125 81524.0921146
6.75 4.125 28356.2059529
7.25 4.125 7089.05148822
7.75 4.125 0.0
8.25 4.125 0.0
8.75 4.125 0.0
0.25 4.375 740805.880519
0.75 4.375 758528.50924
1.25 4.375 627381.056708
1.75 4.375 634470.108196
2.25 4.375 613202.953731
2.75 4.375 478510.975455
3.25 4.375 482055.501199
3.75 4.375 396986.883341
4.25 4.375 311918.265482
4.75 4.375 237483.224856
5.25 4.375 212671.544647
5.75 4.375 155959.132741
6.25 4.375 49623.3604176
6.75 4.375 21267.1544647
7.25 4.375 3544.52574411
7.75 4.375 0.0
8.25 4.375 0.0
8.75 4.375 0.0
0.25 4.625 623836.530964
0.75 4.625 478510.975455
1.25 4.625 570668.644802
1.75 4.625 464332.872479
2.25 4.625 450154.769502
2.75 4.625 450154.769502
3.25 4.625 347363.522923
3.75 4.625 308373.739738
4.25 4.625 272928.482297
4.75 4.625 212671.544647
5.25 4.625 138236.50402
5.75 4.625 77979.5663705
6.25 4.625 49623.3604176
6.75 4.625 3544.52574411
7.25 4.625 0.0
7.75 4.625 0.0
8.25 4.625 0.0
8.75 4.625 0.0
0.25 4.875 450154.769502
0.75 4.875 404075.934829
1.25 4.875 414709.512061
1.75 4.875 506867.181408
2.25 4.875 404075.934829
2.75 4.875 478510.975455
3.25 4.875 340274.471435
3.75 4.875 262294.905064
4.25 4.875 184315.338694
4.75 4.875 124058.401044
5.25 4.875 134691.978276
5.75 4.875 70890.5148822
6.25 4.875 21267.1544647
6.75 4.875 10633.5772323
7.25 4.875 0.0
7.75 4.875 0.0
8.25 4.875 0.0
8.75 4.875 0.0
0.25 5.125 354452.574411
0.75 5.125 372175.203132
1.25 5.125 396986.883341
1.75 5.125 311918.265482
2.25 5.125 357997.100155
2.75 5.125 315462.791226
3.25 5.125 233938.699111
3.75 5.125 173681.761461
4.25 5.125 180770.81295
4.75 5.125 148870.081253
5.25 5.125 56712.4119058
5.75 5.125 35445.2574411
6.25 5.125 17722.6287206
6.75 5.125 3544.52574411
7.25 5.125 3544.52574411
7.75 5.125 0.0
8.25 5.125 0.0
8.75 5.125 0.0
0.25 5.375 354452.574411
0.75 5.375 340274.471435
1.25 5.375 347363.522923
1.75 5.375 258750.37932
2.25 5.375 322551.842714
2.75 5.375 255205.853576
3.25 5.375 244572.276344
3.75 5.375 170137.235717
4.25 5.375 81524.0921146
4.75 5.375 120513.8753
5.25 5.375 42534.3089293
5.75 5.375 35445.2574411
6.25 5.375 14178.1029764
6.75 5.375 7089.05148822
7.25 5.375 0.0
7.75 5.375 0.0
8.25 5.375 0.0
8.75 5.375 0.0
0.25 5.625 287106.585273
0.75 5.625 233938.699111
1.25 5.625 262294.905064
1.75 5.625 280017.533785
2.25 5.625 219760.596135
2.75 5.625 163048.184229
3.25 5.625 205582.493158
3.75 5.625 152414.606997
4.25 5.625 131147.452532
4.75 5.625 109880.298067
5.25 5.625 42534.3089293
5.75 5.625 28356.2059529
6.25 5.625 14178.1029764
6.75 5.625 3544.52574411
7.25 5.625 0.0
7.75 5.625 0.0
8.25 5.625 0.0
8.75 5.625 0.0
0.25 5.875 276473.008041
0.75 5.875 209127.018903
1.25 5.875 173681.761461
1.75 5.875 244572.276344
2.25 5.875 198493.44167
2.75 5.875 187859.864438
3.25 5.875 145325.555509
3.75 5.875 95702.195091
4.25 5.875 81524.0921146
4.75 5.875 67345.9891381
5.25 5.875 46078.8346735
5.75 5.875 28356.2059529
6.25 5.875 24811.6802088
6.75 5.875 3544.52574411
7.25 5.875 0.0
7.75 5.875 0.0
8.25 5.875 0.0
8.75 5.875 0.0
0.25 6.125 166592.709973
0.75 6.125 166592.709973
1.25 6.125 177226.287206
1.75 6.125 226849.647623
2.25 6.125 163048.184229
2.75 6.125 148870.081253
3.25 6.125 95702.195091
3.75 6.125 92157.6693469
4.25 6.125 92157.6693469
4.75 6.125 38989.7831852
5.25 6.125 21267.1544647
5.75 6.125 24811.6802088
6.25 6.125 24811.6802088
6.75 6.125 0.0
7.25 6.125 0.0
7.75 6.125 0.0
8.25 6.125 0.0
8.75 6.125 0.0
0.25 6.375 163048.184229
0.75 6.375 120513.8753
1.25 6.375 198493.44167
1.75 6.375 177226.287206
2.25 6.375 106335.772323
2.75 6.375 131147.452532
3.25 6.375 81524.0921146
3.75 6.375 56712.4119058
4.25 6.375 49623.3604176
4.75 6.375 28356.2059529
5.25 6.375 14178.1029764
5.75 6.375 17722.6287206
6.25 6.375 10633.5772323
6.75 6.375 0.0
7.25 6.375 0.0
7.75 6.375 0.0
8.25 6.375 0.0
8.75 6.375 0.0
0.25 6.625 131147.452532
0.75 6.625 138236.50402
1.25 6.625 124058.401044
1.75 6.625 134691.978276
2.25 6.625 85068.6178587
2.75 6.625 95702.195091
3.25 6.625 88613.1436028
3.75 6.625 81524.0921146
4.25 6.625 35445.2574411
4.75 6.625 31900.731697
5.25 6.625 21267.1544647
5.75 6.625 3544.52574411
6.25 6.625 10633.5772323
6.75 6.625 0.0
7.25 6.625 0.0
7.75 6.625 0.0
8.25 6.625 0.0
8.75 6.625 0.0
0.25 6.875 131147.452532
0.75 6.875 113424.823812
1.25 6.875 63801.463394
1.75 6.875 99246.7208351
2.25 6.875 95702.195091
2.75 6.875 77979.5663705
3.25 6.875 63801.463394
3.75 6.875 60256.9376499
4.25 6.875 35445.2574411
4.75 6.875 17722.6287206
5.25 6.875 14178.1029764
5.75 6.875 7089.05148822
6.25 6.875 7089.05148822
6.75 6.875 0.0
7.25 6.875 0.0
7.75 6.875 0.0
8.25 6.875 0.0
8.75 6.875 0.0
0.25 7.125 131147.452532
0.75 7.125 70890.5148822
1.25 7.125 85068.6178587
1.75 7.125 77979.5663705
2.25 7.125 85068.6178587
2.75 7.125 85068.6178587
3.25 7.125 42534.3089293
3.75 7.125 53167.8861617
4.25 7.125 38989.7831852
4.75 7.125 21267.1544647
5.25 7.125 10633.5772323
5.75 7.125 10633.5772323
6.25 7.125 3544.52574411
6.75 7.125 0.0
7.25 7.125 0.0
7.75 7.125 0.0
8.25 7.125 0.0
8.75 7.125 0.0
0.25 7.375 67345.9891381
0.75 7.375 102791.246579
1.25 7.375 92157.6693469
1.75 7.375 67345.9891381
2.25 7.375 63801.463394
2.75 7.375 53167.8861617
3.25 7.375 67345.9891381
3.75 7.375 31900.731697
4.25 7.375 35445.2574411
4.75 7.375 17722.6287206
5.25 7.375 17722.6287206
5.75 7.375 10633.5772323
6.25 7.375 0.0
6.75 7.375 0.0
7.25 7.375 0.0
7.75 7.375 0.0
8.25 7.375 0.0
8.75 7.375 0.0
0.25 7.625 42534.3089293
0.75 7.625 74435.0406264
1.25 7.625 46078.8346735
1.75 7.625 74435.0406264
2.25 7.625 60256.9376499
2.75 7.625 49623.3604176
3.25 7.625 49623.3604176
3.75 7.625 21267.1544647
4.25 7.625 28356.2059529
4.75 7.625 21267.1544647
5.25 7.625 14178.1029764
5.75 7.625 10633.5772323
6.25 7.625 0.0
6.75 7.625 0.0
7.25 7.625 0.0
7.75 7.625 0.0
8.25 7.625 0.0
8.75 7.625 0.0
0.25 7.875 81524.0921146
0.75 7.875 60256.9376499
1.25 7.875 56712.4119058
1.75 7.875 42534.3089293
2.25 7.875 49623.3604176
2.75 7.875 17722.6287206
3.25 7.875 42534.3089293
3.75 7.875 21267.1544647
4.25 7.875 10633.5772323
4.75 7.875 10633.5772323
5.25 7.875 3544.52574411
5.75 7.875 10633.5772323
6.25 7.875 0.0
6.75 7.875 0.0
7.25 7.875 0.0
7.75 7.875 0.0
8.25 7.875 0.0
8.75 7.875 0.0
0.25 8.125 42534.3089293
0.75 8.125 56712.4119058
1.25 8.125 53167.8861617
1.75 8.125 31900.731697
2.25 8.125 56712.4119058
2.75 8.125 46078.8346735
3.25 8.125 24811.6802088
3.75 8.125 17722.6287206
4.25 8.125 21267.1544647
4.75 8.125 0.0
5.25 8.125 7089.05148822
5.75 8.125 3544.52574411
6.25 8.125 0.0
6.75 8.125 0.0
7.25 8.125 0.0
7.75 8.125 0.0
8.25 8.125 0.0
8.75 8.125 0.0
0.25 8.375 53167.8861617
0.75 8.375 60256.9376499
1.25 8.375 31900.731697
1.75 8.375 35445.2574411
2.25 8.375 46078.8346735
2.75 8.375 35445.2574411
3.25 8.375 14178.1029764
3.75 8.375 14178.1029764
4.25 8.375 14178.1029764
4.75 8.375 17722.6287206
5.25 8.375 14178.1029764
5.75 8.375 0.0
6.25 8.375 7089.05148822
6.75 8.375 0.0
7.25 8.375 0.0
7.75 8.375 0.0
8.25 8.375 0.0
8.75 8.375 0.0
0.25 8.625 49623.3604176
0.75 8.625 49623.3604176
1.25 8.625 49623.3604176
1.75 8.625 38989.7831852
2.25 8.625 28356.2059529
2.75 8.625 28356.2059529
3.25 8.625 28356.2059529
3.75 8.625 28356.2059529
4.25 8.625 14178.1029764
4.75 8.625 7089.05148822
5.25 8.625 0.0
5.75 8.625 0.0
6.25 8.625 0.0
6.75 8.625 0.0
7.25 8.625 0.0
7.75 8.625 0.0
8.25 8.625 0.0
8.75 8.625 0.0
0.25 8.875 42534.3089293
0.75 8.875 46078.8346735
1.25 8.875 56712.4119058
1.75 8.875 60256.9376499
2.25 8.875 24811.6802088
2.75 8.875 70890.5148822
3.25 8.875 28356.2059529
3.75 8.875 24811.6802088
4.25 8.875 10633.5772323
4.75 8.875 10633.5772323
5.25 8.875 7089.05148822
5.75 8.875 3544.52574411
6.25 8.875 0.0
6.75 8.875 0.0
7.25 8.875 0.0
7.75 8.875 0.0
8.25 8.875 0.0
8.75 8.875 0.0
0.25 9.125 14178.1029764
0.75 9.125 24811.6802088
1.25 9.125 17722.6287206
1.75 9.125 24811.6802088
2.25 9.125 10633.5772323
2.75 9.125 31900.731697
3.25 9.125 21267.1544647
3.75 9.125 10633.5772323
4.25 9.125 17722.6287206
4.75 9.125 3544.52574411
5.25 9.125 7089.05148822
5.75 9.125 3544.52574411
6.25 9.125 0.0
6.75 9.125 0.0
7.25 9.125 0.0
7.75 9.125 0.0
8.25 9.125 0.0
8.75 9.125 0.0
0.25 9.375 24811.6802088
0.75 9.375 17722.6287206
1.25 9.375 28356.2059529
1.75 9.375 24811.6802088
2.25 9.375 21267.1544647
2.75 9.375 17722.6287206
3.25 9.375 14178.1029764
3.75 9.375 10633.5772323
4.25 9.375 14178.1029764
4.75 9.375 3544.52574411
5.25 9.375 3544.52574411
5.75 9.375 0.0
6.25 9.375 0.0
6.75 9.375 0.0
7.25 9.375 0.0
7.75 9.375 0.0
8.25 9.375 0.0
8.75 9.375 0.0
0.25 9.625 28356.2059529
0.75 9.625 17722.6287206
1.25 9.625 28356.2059529
1.75 9.625 17722.6287206
2.25 9.625 14178.1029764
2.75 9.625 10633.5772323
3.25 9.625 14178.1029764
3.75 9.625 7089.05148822
4.25 9.625 7089.05148822
4.75 9.625 3544.52574411
5.25 9.625 3544.52574411
5.75 9.625 0.0
6.25 9.625 0.0
6.75 9.625 0.0
7.25 9.625 0.0
7.75 9.625 0.0
8.25 9.625 0.0
8.75 9.625 0.0
0.25 9.875 17722.6287206
0.75 9.875 0.0
1.25 9.875 21267.1544647
1.75 9.875 21267.1544647
2.25 9.875 10633.5772323
2.75 9.875 7089.05148822
3.25 9.875 10633.5772323
3.75 9.875 14178.1029764
4.25 9.875 3544.52574411
4.75 9.875 3544.52574411
5.25 9.875 0.0
5.75 9.875 0.0
6.25 9.875 0.0
6.75 9.875 0.0
7.25 9.875 0.0
7.75 9.875 0.0
8.25 9.875 0.0
8.75 9.875 0.0
0.25 10.125 14178.1029764
0.75 10.125 24811.6802088
1.25 10.125 28356.2059529
1.75 10.125 10633.5772323
2.25 10.125 7089.05148822
2.75 10.125 10633.5772323
3.25 10.125 3544.52574411
3.75 10.125 3544.52574411
4.25 10.125 7089.05148822
4.75 10.125 3544.52574411
5.25 10.125 0.0
5.75 10.125 0.0
6.25 10.125 0.0
6.75 10.125 0.0
7.25 10.125 0.0
7.75 10.125 0.0
8.25 10.125 0.0
8.75 10.125 0.0
0.25 10.375 14178.1029764
0.75 10.375 17722.6287206
1.25 10.375 21267.1544647
1.75 10.375 10633.5772323
2.25 10.375 10633.5772323
2.75 10.375 10633.5772323
3.25 10.375 3544.52574411
3.75 10.375 7089.05148822
4.25 10.375 7089.05148822
4.75 10.375 0.0
5.25 10.375 3544.52574411
5.75 10.375 0.0
6.25 10.375 0.0
6.75 10.375 0.0
7.25 10.375 0.0
7.75 10.375 0.0
8.25 10.375 0.0
8.75 10.375 0.0
0.25 10.625 7089.05148822
0.75 10.625 24811.6802088
1.25 10.625 10633.5772323
1.75 10.625 14178.1029764
2.25 10.625 3544.52574411
2.75 10.625 7089.05148822
3.25 10.625 7089.05148822
3.75 10.625 3544.52574411
4.25 10.625 0.0
4.75 10.625 0.0
5.25 10.625 3544.52574411
5.75 10.625 0.0
6.25 10.625 0.0
6.75 10.625 0.0
7.25 10.625 0.0
7.75 10.625 0.0
8.25 10.625 0.0
8.75 10.625 0.0
0.25 10.875 3544.52574411
0.75 10.875 17722.6287206
1.25 10.875 7089.05148822
1.75 10.875 3544.52574411
2.25 10.875 7089.05148822
2.75 10.875 14178.1029764
3.25 10.875 3544.52574411
3.75 10.875 3544.52574411
4.25 10.875 3544.52574411
4.75 10.875 0.0
5.25 10.875 0.0
5.75 10.875 0.0
6.25 10.875 0.0
6.75 10.875 0.0
7.25 10.875 0.0
7.75 10.875 0.0
8.25 10.875 0.0
8.75 10.875 0.0
0.25 11.125 24811.6802088
0.75 11.125 7089.05148822
1.25 11.125 17722.6287206
1.75 11.125 17722.6287206
2.25 11.125 3544.52574411
2.75 11.125 0.0
3.25 11.125 3544.52574411
3.75 11.125 7089.05148822
4.25 11.125 3544.52574411
4.75 11.125 0.0
5.25 11.125 0.0
5.75 11.125 0.0
6.25 11.125 0.0
6.75 11.125 0.0
7.25 11.125 0.0
7.75 11.125 0.0
8.25 11.125 0.0
8.75 11.125 0.0
0.25 11.375 3544.52574411
0.75 11.375 10633.5772323
1.25 11.375 3544.52574411
1.75 11.375 3544.52574411
2.25 11.375 10633.5772323
2.75 11.375 7089.05148822
3.25 11.375 7089.05148822
3.75 11.375 7089.05148822
4.25 11.375 10633.5772323
4.75 11.375 0.0
5.25 11.375 0.0
5.75 11.375 0.0
6.25 11.375 0.0
6.75 11.375 0.0
7.25 11.375 0.0
7.75 11.375 0.0
8.25 11.375 0.0
8.75 11.375 0.0
0.25 11.625 3544.52574411
0.75 11.625 14178.1029764
1.25 11.625 0.0
1.75 11.625 10633.5772323
2.25 11.625 3544.52574411
2.75 11.625 7089.05148822
3.25 11.625 3544.52574411
3.75 11.625 0.0
4.25 11.625 0.0
4.75 11.625 0.0
5.25 11.625 3544.52574411
5.75 11.625 0.0
6.25 11.625 0.0
6.75 11.625 0.0
7.25 11.625 0.0
7.75 11.625 0.0
8.25 11.625 0.0
8.75 11.625 0.0
0.25 11.875 14178.1029764
0.75 11.875 3544.52574411
1.25 11.875 10633.5772323
1.75 11.875 3544.52574411
2.25 11.875 14178.1029764
2.75 11.875 0.0
3.25 11.875 3544.52574411
3.75 11.875 7089.05148822
4.25 11.875 0.0
4.75 11.875 0.0
5.25 11.875 3544.52574411
5.75 11.875 0.0
6.25 11.875 0.0
6.75 11.875 0.0
7.25 11.875 0.0
7.75 11.875 0.0
8.25 11.875 0.0
8.75 11.875 0.0
0.25 12.125 7089.05148822
0.75 12.125 3544.52574411
1.25 12.125 7089.05148822
1.75 12.125 0.0
2.25 12.125 3544.52574411
2.75 12.125 3544.52574411
3.25 12.125 0.0
3.75 12.125 10633.5772323
4.25 12.125 0.0
4.75 12.125 0.0
5.25 12.125 0.0
5.75 12.125 0.0
6.25 12.125 0.0
6.75 12.125 0.0
7.25 12.125 0.0
7.75 12.125 0.0
8.25 12.125 0.0
8.75 12.125 0.0
0.25 12.375 3544.52574411
0.75 12.375 3544.52574411
1.25 12.375 14178.1029764
1.75 12.375 3544.52574411
2.25 12.375 3544.52574411
2.75 12.375 0.0
3.25 12.375 7089.05148822
3.75 12.375 0.0
4.25 12.375 0.0
4.75 12.375 0.0
5.25 12.375 0.0
5.75 12.375 0.0
6.25 12.375 0.0
6.75 12.375 0.0
7.25 12.375 0.0
7.75 12.375 0.0
8.25 12.375 0.0
8.75 12.375 0.0
0.25 12.625 3544.52574411
0.75 12.625 3544.52574411
1.25 12.625 10633.5772323
1.75 12.625 14178.1029764
2.25 12.625 10633.5772323
2.75 12.625 3544.52574411
3.25 12.625 0.0
3.75 12.625 0.0
4.25 12.625 3544.52574411
4.75 12.625 3544.52574411
5.25 12.625 3544.52574411
5.75 12.625 0.0
6.25 12.625 0.0
6.75 12.625 0.0
7.25 12.625 0.0
7.75 12.625 0.0
8.25 12.625 0.0
8.75 12.625 0.0
0.25 12.875 7089.05148822
0.75 12.875 10633.5772323
1.25 12.875 7089.05148822
1.75 12.875 0.0
2.25 12.875 0.0
2.75 12.875 3544.52574411
3.25 12.875 0.0
3.75 12.875 7089.05148822
4.25 12.875 0.0
4.75 12.875 0.0
5.25 12.875 0.0
5.75 12.875 0.0
6.25 12.875 0.0
6.75 12.875 0.0
7.25 12.875 0.0
7.75 12.875 0.0
8.25 12.875 0.0
8.75 12.875 0.0
0.25 13.125 0.0
0.75 13.125 0.0
1.25 13.125 7089.05148822
1.75 13.125 3544.52574411
2.25 13.125 3544.52574411
2.75 13.125 0.0
3.25 13.125 3544.52574411
3.75 13.125 3544.52574411
4.25 13.125 0.0
4.75 13.125 0.0
5.25 13.125 0.0
5.75 13.125 0.0
6.25 13.125 0.0
6.75 13.125 0.0
7.25 13.125 0.0
7.75 13.125 0.0
8.25 13.125 0.0
8.75 13.125 0.0
0.25 13.375 3544.52574411
0.75 13.375 0.0
1.25 13.375 3544.52574411
1.75 13.375 14178.1029764
2.25 13.375 7089.05148822
2.75 13.375 0.0
3.25 13.375 0.0
3.75 13.375 0.0
4.25 13.375 3544.52574411
4.75 13.375 0.0
5.25 13.375 0.0
5.75 13.375 0.0
6.25 13.375 0.0
6.75 13.375 0.0
7.25 13.375 0.0
7.75 13.375 0.0
8.25 13.375 0.0
8.75 13.375 0.0
0.25 13.625 3544.52574411
0.75 13.625 3544.52574411
1.25 13.625 0.0
1.75 13.625 3544.52574411
2.25 13.625 3544.52574411
2.75 13.625 3544.52574411
3.25 13.625 3544.52574411
3.75 13.625 0.0
4.25 13.625 0.0
4.75 13.625 0.0
5.25 13.625 0.0
5.75 13.625 0.0
6.25 13.625 0.0
6.75 13.625 0.0
7.25 13.625 0.0
7.75 13.625 0.0
8.25 13.625 0.0
8.75 13.625 0.0
0.25 13.875 3544.52574411
0.75 13.875 3544.52574411
1.25 13.875 3544.52574411
1.75 13.875 3544.52574411
2.25 13.875 3544.52574411
2.75 13.875 3544.52574411
3.25 13.875 0.0
3.75 13.875 0.0
4.25 13.875 0.0
4.75 13.875 0.0
5.25 13.875 0.0
5.75 13.875 0.0
6.25 13.875 0.0
6.75 13.875 0.0
7.25 13.875 0.0
7.75 13.875 0.0
8.25 13.875 0.0
8.75 13.875 0.0
0.25 14.125 0.0
0.75 14.125 0.0
1.25 14.125 7089.05148822
1.75 14.125 3544.52574411
2.25 14.125 3544.52574411
2.75 14.125 3544.52574411
3.25 14.125 3544.52574411
3.75 14.125 0.0
4.25 14.125 0.0
4.75 14.125 3544.52574411
5.25 14.125 0.0
5.75 14.125 0.0
6.25 14.125 0.0
6.75 14.125 0.0
7.25 14.125 0.0
7.75 14.125 0.0
8.25 14.125 0.0
8.75 14.125 0.0
0.25 14.375 0.0
0.75 14.375 0.0
1.25 14.375 3544.52574411
1.75 14.375 0.0
2.25 14.375 0.0
2.75 14.375 3544.52574411
3.25 14.375 3544.52574411
3.75 14.375 0.0
4.25 14.375 0.0
4.75 14.375 0.0
5.25 14.375 0.0
5.75 14.375 0.0
6.25 14.375 0.0
6.75 14.375 0.0
7.25 14.375 0.0
7.75 14.375 0.0
8.25 14.375 0.0
8.75 14.375 0.0
0.25 14.625 0.0
0.75 14.625 3544.52574411
1.25 14.625 0.0
1.75 14.625 0.0
2.25 14.625 0.0
2.75 14.625 3544.52574411
3.25 14.625 0.0
3.75 14.625 0.0
4.25 14.625 0.0
4.75 14.625 0.0
5.25 14.625 0.0
5.75 14.625 0.0
6.25 14.625 0.0
6.75 14.625 0.0
7.25 14.625 0.0
7.75 14.625 0.0
8.25 14.625 0.0
8.75 14.625 0.0
0.25 14.875 3544.52574411
0.75 14.875 0.0
1.25 14.875 7089.05148822
1.75 14.875 3544.52574411
2.25 14.875 0.0
2.75 14.875 0.0
3.25 14.875 0.0
3.75 14.875 3544.52574411
4.25 14.875 3544.52574411
4.75 14.875 0.0
5.25 14.875 0.0
5.75 14.875 0.0
6.25 14.875 0.0
6.75 14.875 0.0
7.25 14.875 0.0
7.75 14.875 0.0
8.25 14.875 0.0
8.75 14.875 0.0
0.25 15.125 0.0
0.75 15.125 10633.5772323
1.25 15.125 7089.05148822
1.75 15.125 3544.52574411
2.25 15.125 3544.52574411
2.75 15.125 0.0
3.25 15.125 0.0
3.75 15.125 0.0
4.25 15.125 3544.52574411
4.75 15.125 0.0
5.25 15.125 0.0
5.75 15.125 0.0
6.25 15.125 0.0
6.75 15.125 0.0
7.25 15.125 0.0
7.75 15.125 0.0
8.25 15.125 0.0
8.75 15.125 0.0
0.25 15.375 3544.52574411
0.75 15.375 3544.52574411
1.25 15.375 7089.05148822
1.75 15.375 0.0
2.25 15.375 10633.5772323
2.75 15.375 0.0
3.25 15.375 3544.52574411
3.75 15.375 3544.52574411
4.25 15.375 0.0
4.75 15.375 0.0
5.25 15.375 0.0
5.75 15.375 0.0
6.25 15.375 0.0
6.75 15.375 0.0
7.25 15.375 0.0
7.75 15.375 0.0
8.25 15.375 0.0
8.75 15.375 0.0
0.25 15.625 3544.52574411
0.75 15.625 3544.52574411
1.25 15.625 0.0
1.75 15.625 0.0
2.25 15.625 3544.52574411
2.75 15.625 3544.52574411
3.25 15.625 0.0
3.75 15.625 0.0
4.25 15.625 0.0
4.75 15.625 0.0
5.25 15.625 0.0
5.75 15.625 0.0
6.25 15.625 0.0
6.75 15.625 0.0
7.25 15.625 0.0
7.75 15.625 0.0
8.25 15.625 0.0
8.75 15.625 0.0
0.25 15.875 0.0
0.75 15.875 3544.52574411
1.25 15.875 3544.52574411
1.75 15.875 3544.52574411
2.25 15.875 3544.52574411
2.75 15.875 0.0
3.25 15.875 0.0
3.75 15.875 0.0
4.25 15.875 0.0
4.75 15.875 0.0
5.25 15.875 0.0
5.75 15.875 0.0
6.25 15.875 0.0
6.75 15.875 0.0
7.25 15.875 0.0
7.75 15.875 0.0
8.25 15.875 0.0
8.75 15.875 0.0
0.25 16.125 0.0
0.75 16.125 0.0
1.25 16.125 3544.52574411
1.75 16.125 0.0
2.25 16.125 0.0
2.75 16.125 0.0
3.25 16.125 0.0
3.75 16.125 0.0
4.25 16.125 0.0
4.75 16.125 0.0
5.25 16.125 0.0
5.75 16.125 0.0
6.25 16.125 0.0
6.75 16.125 0.0
7.25 16.125 0.0
7.75 16.125 0.0
8.25 16.125 0.0
8.75 16.125 0.0
0.25 16.375 0.0
0.75 16.375 3544.52574411
1.25 16.375 0.0
1.75 16.375 0.0
2.25 16.375 0.0
2.75 16.375 0.0
3.25 16.375 0.0
3.75 16.375 0.0
4.25 16.375 0.0
4.75 16.375 0.0
5.25 16.375 0.0
5.75 16.375 0.0
6.25 16.375 0.0
6.75 16.375 0.0
7.25 16.375 0.0
7.75 16.375 0.0
8.25 16.375 0.0
8.75 16.375 0.0
0.25 16.625 0.0
0.75 16.625 0.0
1.25 16.625 0.0
1.75 16.625 3544.52574411
2.25 16.625 0.0
2.75 16.625 0.0
3.25 16.625 0.0
3.75 16.625 0.0
4.25 16.625 3544.52574411
4.75 16.625 0.0
5.25 16.625 0.0
5.75 16.625 0.0
6.25 16.625 0.0
6.75 16.625 0.0
7.25 16.625 0.0
7.75 16.625 0.0
8.25 16.625 0.0
8.75 16.625 0.0
0.25 16.875 0.0
0.75 16.875 3544.52574411
1.25 16.875 0.0
1.75 16.875 0.0
2.25 16.875 0.0
2.75 16.875 3544.52574411
3.25 16.875 0.0
3.75 16.875 0.0
4.25 16.875 0.0
4.75 16.875 0.0
5.25 16.875 0.0
5.75 16.875 0.0
6.25 16.875 0.0
6.75 16.875 0.0
7.25 16.875 0.0
7.75 16.875 0.0
8.25 16.875 0.0
8.75 16.875 0.0
0.25 17.125 0.0
0.75 17.125 0.0
1.25 17.125 0.0
1.75 17.125 3544.52574411
2.25 17.125 0.0
2.75 17.125 0.0
3.25 17.125 0.0
3.75 17.125 0.0
4.25 17.125 0.0
4.75 17.125 0.0
5.25 17.125 0.0
5.75 17.125 0.0
6.25 17.125 0.0
6.75 17.125 0.0
7.25 17.125 0.0
7.75 17.125 0.0
8.25 17.125 0.0
8.75 17.125 0.0
0.25 17.375 0.0
0.75 17.375 7089.05148822
1.25 17.375 0.0
1.75 17.375 0.0
2.25 17.375 0.0
2.75 17.375 0.0
3.25 17.375 0.0
3.75 17.375 0.0
4.25 17.375 0.0
4.75 17.375 0.0
5.25 17.375 0.0
5.75 17.375 0.0
6.25 17.375 0.0
6.75 17.375 0.0
7.25 17.375 0.0
7.75 17.375 0.0
8.25 17.375 0.0
8.75 17.375 0.0
0.25 17.625 0.0
0.75 17.625 3544.52574411
1.25 17.625 0.0
1.75 17.625 0.0
2.25 17.625 3544.52574411
2.75 17.625 0.0
3.25 17.625 0.0
3.75 17.625 0.0
4.25 17.625 0.0
4.75 17.625 0.0
5.25 17.625 0.0
5.75 17.625 0.0
6.25 17.625 0.0
6.75 17.625 0.0
7.25 17.625 0.0
7.75 17.625 0.0
8.25 17.625 0.0
8.75 17.625 0.0
0.25 17.875 0.0
0.75 17.875 0.0
1.25 17.875 0.0
1.75 17.875 0.0
2.25 17.875 3544.52574411
2.75 17.875 0.0
3.25 17.875 0.0
3.75 17.875 0.0
4.25 17.875 0.0
4.75 17.875 0.0
5.25 17.875 0.0
5.75 17.875 0.0
6.25 17.875 0.0
6.75 17.875 0.0
7.25 17.875 0.0
7.75 17.875 0.0
8.25 17.875 0.0
8.75 17.875 0.0
0.25 18.125 0.0
0.75 18.125 0.0
1.25 18.125 3544.52574411
1.75 18.125 0.0
2.25 18.125 0.0
2.75 18.125 0.0
3.25 18.125 0.0
3.75 18.125 3544.52574411
4.25 18.125 0.0
4.75 18.125 0.0
5.25 18.125 0.0
5.75 18.125 0.0
6.25 18.125 0.0
6.75 18.125 0.0
7.25 18.125 0.0
7.75 18.125 0.0
8.25 18.125 0.0
8.75 18.125 0.0
0.25 18.375 0.0
0.75 18.375 0.0
1.25 18.375 0.0
1.75 18.375 0.0
2.25 18.375 0.0
2.75 18.375 0.0
3.25 18.375 0.0
3.75 18.375 0.0
4.25 18.375 0.0
4.75 18.375 0.0
5.25 18.375 0.0
5.75 18.375 0.0
6.25 18.375 0.0
6.75 18.375 0.0
7.25 18.375 0.0
7.75 18.375 0.0
8.25 18.375 0.0
8.75 18.375 0.0
0.25 18.625 0.0
0.75 18.625 0.0
1.25 18.625 0.0
1.75 18.625 0.0
2.25 18.625 0.0
2.75 18.625 0.0
3.25 18.625 0.0
3.75 18.625 0.0
4.25 18.625 0.0
4.75 18.625 0.0
5.25 18.625 0.0
5.75 18.625 0.0
6.25 18.625 0.0
6.75 18.625 0.0
7.25 18.625 0.0
7.75 18.625 0.0
8.25 18.625 0.0
8.75 18.625 0.0
0.25 18.875 0.0
0.75 18.875 0.0
1.25 18.875 0.0
1.75 18.875 0.0
2.25 18.875 3544.52574411
2.75 18.875 0.0
3.25 18.875 0.0
3.75 18.875 0.0
4.25 18.875 0.0
4.75 18.875 0.0
5.25 18.875 0.0
5.75 18.875 0.0
6.25 18.875 0.0
6.75 18.875 0.0
7.25 18.875 0.0
7.75 18.875 0.0
8.25 18.875 0.0
8.75 18.875 0.0
0.25 19.125 3544.52574411
0.75 19.125 0.0
1.25 19.125 0.0
1.75 19.125 0.0
2.25 19.125 0.0
2.75 19.125 0.0
3.25 19.125 0.0
3.75 19.125 0.0
4.25 19.125 0.0
4.75 19.125 0.0
5.25 19.125 0.0
5.75 19.125 0.0
6.25 19.125 0.0
6.75 19.125 0.0
7.25 19.125 0.0
7.75 19.125 0.0
8.25 19.125 0.0
8.75 19.125 0.0
0.25 19.375 0.0
0.75 19.375 0.0
1.25 19.375 0.0
1.75 19.375 0.0
2.25 19.375 0.0
2.75 19.375 0.0
3.25 19.375 0.0
3.75 19.375 0.0
4.25 19.375 0.0
4.75 19.375 0.0
5.25 19.375 0.0
5.75 19.375 0.0
6.25 19.375 0.0
6.75 19.375 0.0
7.25 19.375 0.0
7.75 19.375 0.0
8.25 19.375 0.0
8.75 19.375 0.0
0.25 19.625 0.0
0.75 19.625 3544.52574411
1.25 19.625 0.0
1.75 19.625 0.0
2.25 19.625 0.0
2.75 19.625 0.0
3.25 19.625 0.0
3.75 19.625 0.0
4.25 19.625 0.0
4.75 19.625 0.0
5.25 19.625 0.0
5.75 19.625 0.0
6.25 19.625 0.0
6.75 19.625 0.0
7.25 19.625 0.0
7.75 19.625 0.0
8.25 19.625 0.0
8.75 19.625 0.0
0.25 19.875 0.0
0.75 19.875 0.0
1.25 19.875 3544.52574411
1.75 19.875 0.0
2.25 19.875 0.0
2.75 19.875 0.0
3.25 19.875 0.0
3.75 19.875 0.0
4.25 19.875 0.0
4.75 19.875 0.0
5.25 19.875 0.0
5.75 19.875 0.0
6.25 19.875 0.0
6.75 19.875 0.0
7.25 19.875 0.0
7.75 19.875 0.0
8.25 19.875 0.0
8.75 19.875 0.0
0.25 20.125 0.0
0.75 20.125 0.0
1.25 20.125 0.0
1.75 20.125 0.0
2.25 20.125 0.0
2.75 20.125 0.0
3.25 20.125 0.0
3.75 20.125 0.0
4.25 20.125 0.0
4.75 20.125 0.0
5.25 20.125 0.0
5.75 20.125 0.0
6.25 20.125 0.0
6.75 20.125 0.0
7.25 20.125 0.0
7.75 20.125 0.0
8.25 20.125 0.0
8.75 20.125 0.0
0.25 20.375 0.0
0.75 20.375 3544.52574411
1.25 20.375 3544.52574411
1.75 20.375 0.0
2.25 20.375 0.0
2.75 20.375 0.0
3.25 20.375 0.0
3.75 20.375 0.0
4.25 20.375 0.0
4.75 20.375 0.0
5.25 20.375 0.0
5.75 20.375 0.0
6.25 20.375 0.0
6.75 20.375 0.0
7.25 20.375 0.0
7.75 20.375 0.0
8.25 20.375 0.0
8.75 20.375 0.0
0.25 20.625 0.0
0.75 20.625 0.0
1.25 20.625 0.0
1.75 20.625 0.0
2.25 20.625 0.0
2.75 20.625 0.0
3.25 20.625 0.0
3.75 20.625 0.0
4.25 20.625 0.0
4.75 20.625 0.0
5.25 20.625 0.0
5.75 20.625 0.0
6.25 20.625 0.0
6.75 20.625 0.0
7.25 20.625 0.0
7.75 20.625 0.0
8.25 20.625 0.0
8.75 20.625 0.0
0.25 20.875 0.0
0.75 20.875 3544.52574411
1.25 20.875 0.0
1.75 20.875 0.0
2.25 20.875 0.0
2.75 20.875 3544.52574411
3.25 20.875 0.0
3.75 20.875 0.0
4.25 20.875 0.0
4.75 20.875 0.0
5.25 20.875 0.0
5.75 20.875 0.0
6.25 20.875 0.0
6.75 20.875 0.0
7.25 20.875 0.0
7.75 20.875 0.0
8.25 20.875 0.0
8.75 20.875 0.0
0.25 21.125 3544.52574411
0.75 21.125 0.0
1.25 21.125 0.0
1.75 21.125 0.0
2.25 21.125 0.0
2.75 21.125 0.0
3.25 21.125 0.0
3.75 21.125 0.0
4.25 21.125 0.0
4.75 21.125 0.0
5.25 21.125 0.0
5.75 21.125 0.0
6.25 21.125 0.0
6.75 21.125 0.0
7.25 21.125 0.0
7.75 21.125 0.0
8.25 21.125 0.0
8.75 21.125 0.0
0.25 21.375 0.0
0.75 21.375 0.0
1.25 21.375 0.0
1.75 21.375 0.0
2.25 21.375 0.0
2.75 21.375 0.0
3.25 21.375 0.0
3.75 21.375 0.0
4.25 21.375 0.0
4.75 21.375 0.0
5.25 21.375 0.0
5.75 21.375 0.0
6.25 21.375 0.0
6.75 21.375 0.0
7.25 21.375 0.0
7.75 21.375 0.0
8.25 21.375 0.0
8.75 21.375 0.0
0.25 21.625 3544.52574411
0.75 21.625 0.0
1.25 21.625 0.0
1.75 21.625 0.0
2.25 21.625 0.0
2.75 21.625 0.0
3.25 21.625 0.0
3.75 21.625 0.0
4.25 21.625 0.0
4.75 21.625 0.0
5.25 21.625 0.0
5.75 21.625 0.0
6.25 21.625 0.0
6.75 21.625 0.0
7.25 21.625 0.0
7.75 21.625 0.0
8.25 21.625 0.0
8.75 21.625 0.0
0.25 21.875 3544.52574411
0.75 21.875 3544.52574411
1.25 21.875 3544.52574411
1.75 21.875 0.0
2.25 21.875 0.0
2.75 21.875 0.0
3.25 21.875 0.0
3.75 21.875 0.0
4.25 21.875 0.0
4.75 21.875 0.0
5.25 21.875 0.0
5.75 21.875 0.0
6.25 21.875 0.0
6.75 21.875 0.0
7.25 21.875 0.0
7.75 21.875 0.0
8.25 21.875 0.0
8.75 21.875 0.0
0.25 22.125 3544.52574411
0.75 22.125 3544.52574411
1.25 22.125 0.0
1.75 22.125 0.0
2.25 22.125 0.0
2.75 22.125 0.0
3.25 22.125 0.0
3.75 22.125 0.0
4.25 22.125 0.0
4.75 22.125 0.0
5.25 22.125 0.0
5.75 22.125 0.0
6.25 22.125 0.0
6.75 22.125 0.0
7.25 22.125 0.0
7.75 22.125 0.0
8.25 22.125 0.0
8.75 22.125 0.0
0.25 22.375 0.0
0.75 22.375 0.0
1.25 22.375 0.0
1.75 22.375 0.0
2.25 22.375 0.0
2.75 22.375 0.0
3.25 22.375 0.0
3.75 22.375 0.0
4.25 22.375 0.0
4.75 22.375 0.0
5.25 22.375 0.0
5.75 22.375 0.0
6.25 22.375 0.0
6.75 22.375 0.0
7.25 22.375 0.0
7.75 22.375 0.0
8.25 22.375 0.0
8.75 22.375 0.0
0.25 22.625 0.0
0.75 22.625 0.0
1.25 22.625 0.0
1.75 22.625 0.0
2.25 22.625 0.0
2.75 22.625 0.0
3.25 22.625 0.0
3.75 22.625 0.0
4.25 22.625 0.0
4.75 22.625 0.0
5.25 22.625 0.0
5.75 22.625 0.0
6.25 22.625 0.0
6.75 22.625 0.0
7.25 22.625 0.0
7.75 22.625 0.0
8.25 22.625 0.0
8.75 22.625 0.0
0.25 22.875 0.0
0.75 22.875 0.0
1.25 22.875 0.0
1.75 22.875 0.0
2.25 22.875 0.0
2.75 22.875 0.0
3.25 22.875 0.0
3.75 22.875 0.0
4.25 22.875 0.0
4.75 22.875 0.0
5.25 22.875 0.0
5.75 22.875 0.0
6.25 22.875 0.0
6.75 22.875 0.0
7.25 22.875 0.0
7.75 22.875 0.0
8.25 22.875 0.0
8.75 22.875 0.0
0.25 23.125 0.0
0.75 23.125 3544.52574411
1.25 23.125 0.0
1.75 23.125 0.0
2.25 23.125 0.0
2.75 23.125 0.0
3.25 23.125 0.0
3.75 23.125 0.0
4.25 23.125 0.0
4.75 23.125 0.0
5.25 23.125 0.0
5.75 23.125 0.0
6.25 23.125 0.0
6.75 23.125 0.0
7.25 23.125 0.0
7.75 23.125 0.0
8.25 23.125 0.0
8.75 23.125 0.0
0.25 23.375 3544.52574411
0.75 23.375 0.0
1.25 23.375 0.0
1.75 23.375 0.0
2.25 23.375 0.0
2.75 23.375 0.0
3.25 23.375 0.0
3.75 23.375 0.0
4.25 23.375 0.0
4.75 23.375 0.0
5.25 23.375 0.0
5.75 23.375 0.0
6.25 23.375 0.0
6.75 23.375 0.0
7.25 23.375 0.0
7.75 23.375 0.0
8.25 23.375 0.0
8.75 23.375 0.0
0.25 23.625 0.0
0.75 23.625 0.0
1.25 23.625 0.0
1.75 23.625 0.0
2.25 23.625 0.0
2.75 23.625 0.0
3.25 23.625 0.0
3.75 23.625 0.0
4.25 23.625 0.0
4.75 23.625 0.0
5.25 23.625 0.0
5.75 23.625 0.0
6.25 23.625 0.0
6.75 23.625 0.0
7.25 23.625 0.0
7.75 23.625 0.0
8.25 23.625 0.0
8.75 23.625 0.0
0.25 23.875 0.0
0.75 23.875 0.0
1.25 23.875 0.0
1.75 23.875 0.0
2.25 23.875 0.0
2.75 23.875 0.0
3.25 23.875 0.0
3.75 23.875 0.0
4.25 23.875 0.0
4.75 23.875 0.0
5.25 23.875 0.0
5.75 23.875 0.0
6.25 23.875 0.0
6.75 23.875 0.0
7.25 23.875 0.0
7.75 23.875 0.0
8.25 23.875 0.0
8.75 23.875 0.0
0.25 24.125 0.0
0.75 24.125 0.0
1.25 24.125 0.0
1.75 24.125 0.0
2.25 24.125 0.0
2.75 24.125 0.0
3.25 24.125 0.0
3.75 24.125 0.0
4.25 24.125 0.0
4.75 24.125 0.0
5.25 24.125 0.0
5.75 24.125 0.0
6.25 24.125 0.0
6.75 24.125 0.0
7.25 24.125 0.0
7.75 24.125 0.0
8.25 24.125 0.0
8.75 24.125 0.0
0.25 24.375 0.0
0.75 24.375 0.0
1.25 24.375 0.0
1.75 24.375 0.0
2.25 24.375 0.0
2.75 24.375 0.0
3.25 24.375 0.0
3.75 24.375 0.0
4.25 24.375 0.0
4.75 24.375 0.0
5.25 24.375 0.0
5.75 24.375 0.0
6.25 24.375 0.0
6.75 24.375 0.0
7.25 24.375 0.0
7.75 24.375 0.0
8.25 24.375 0.0
8.75 24.375 0.0
0.25 24.625 0.0
0.75 24.625 0.0
1.25 24.625 0.0
1.75 24.625 0.0
2.25 24.625 0.0
2.75 24.625 0.0
3.25 24.625 0.0
3.75 24.625 0.0
4.25 24.625 0.0
4.75 24.625 0.0
5.25 24.625 0.0
5.75 24.625 0.0
6.25 24.625 0.0
6.75 24.625 0.0
7.25 24.625 0.0
7.75 24.625 0.0
8.25 24.625 0.0
8.75 24.625 0.0
0.25 24.875 0.0
0.75 24.875 0.0
1.25 24.875 0.0
1.75 24.875 0.0
2.25 24.875 0.0
2.75 24.875 0.0
3.25 24.875 0.0
3.75 24.875 0.0
4.25 24.875 0.0
4.75 24.875 0.0
5.25 24.875 0.0
5.75 24.875 0.0
6.25 24.875 0.0
6.75 24.875 0.0
7.25 24.875 0.0
7.75 24.875 0.0
8.25 24.875 0.0
8.75 24.875 0.0
0.25 25.125 0.0
0.75 25.125 0.0
1.25 25.125 0.0
1.75 25.125 0.0
2.25 25.125 0.0
2.75 25.125 0.0
3.25 25.125 0.0
3.75 25.125 0.0
4.25 25.125 0.0
4.75 25.125 0.0
5.25 25.125 0.0
5.75 25.125 0.0
6.25 25.125 0.0
6.75 25.125 0.0
7.25 25.125 0.0
7.75 25.125 0.0
8.25 25.125 0.0
8.75 25.125 0.0
0.25 25.375 0.0
0.75 25.375 0.0
1.25 25.375 0.0
1.75 25.375 0.0
2.25 25.375 0.0
2.75 25.375 0.0
3.25 25.375 0.0
3.75 25.375 0.0
4.25 25.375 0.0
4.75 25.375 0.0
5.25 25.375 0.0
5.75 25.375 0.0
6.25 25.375 0.0
6.75 25.375 0.0
7.25 25.375 0.0
7.75 25.375 0.0
8.25 25.375 0.0
8.75 25.375 0.0
0.25 25.625 0.0
0.75 25.625 0.0
1.25 25.625 0.0
1.75 25.625 0.0
2.25 25.625 0.0
2.75 25.625 0.0
3.25 25.625 0.0
3.75 25.625 0.0
4.25 25.625 0.0
4.75 25.625 0.0
5.25 25.625 0.0
5.75 25.625 0.0
6.25 25.625 0.0
6.75 25.625 0.0
7.25 25.625 0.0
7.75 25.625 0.0
8.25 25.625 0.0
8.75 25.625 0.0
0.25 25.875 0.0
0.75 25.875 0.0
1.25 25.875 0.0
1.75 25.875 0.0
2.25 25.875 0.0
2.75 25.875 0.0
3.25 25.875 0.0
3.75 25.875 0.0
4.25 25.875 0.0
4.75 25.875 0.0
5.25 25.875 0.0
5.75 25.875 0.0
6.25 25.875 0.0
6.75 25.875 0.0
7.25 25.875 0.0
7.75 25.875 0.0
8.25 25.875 0.0
8.75 25.875 0.0
0.25 26.125 7089.05148822
0.75 26.125 0.0
1.25 26.125 0.0
1.75 26.125 0.0
2.25 26.125 3544.52574411
2.75 26.125 0.0
3.25 26.125 0.0
3.75 26.125 0.0
4.25 26.125 0.0
4.75 26.125 0.0
5.25 26.125 0.0
5.75 26.125 0.0
6.25 26.125 0.0
6.75 26.125 0.0
7.25 26.125 0.0
7.75 26.125 0.0
8.25 26.125 0.0
8.75 26.125 0.0
0.25 26.375 3544.52574411
0.75 26.375 0.0
1.25 26.375 0.0
1.75 26.375 0.0
2.25 26.375 0.0
2.75 26.375 0.0
3.25 26.375 0.0
3.75 26.375 0.0
4.25 26.375 0.0
4.75 26.375 0.0
5.25 26.375 0.0
5.75 26.375 0.0
6.25 26.375 0.0
6.75 26.375 0.0
7.25 26.375 0.0
7.75 26.375 0.0
8.25 26.375 0.0
8.75 26.375 0.0
0.25 26.625 0.0
0.75 26.625 3544.52574411
1.25 26.625 0.0
1.75 26.625 0.0
2.25 26.625 0.0
2.75 26.625 0.0
3.25 26.625 0.0
3.75 26.625 0.0
4.25 26.625 0.0
4.75 26.625 0.0
5.25 26.625 0.0
5.75 26.625 0.0
6.25 26.625 0.0
6.75 26.625 0.0
7.25 26.625 0.0
7.75 26.625 0.0
8.25 26.625 0.0
8.75 26.625 0.0
0.25 26.875 0.0
0.75 26.875 0.0
1.25 26.875 0.0
1.75 26.875 0.0
2.25 26.875 0.0
2.75 26.875 0.0
3.25 26.875 0.0
3.75 26.875 0.0
4.25 26.875 0.0
4.75 26.875 0.0
5.25 26.875 0.0
5.75 26.875 0.0
6.25 26.875 0.0
6.75 26.875 0.0
7.25 26.875 0.0
7.75 26.875 0.0
8.25 26.875 0.0
8.75 26.875 0.0
0.25 27.125 0.0
0.75 27.125 0.0
1.25 27.125 0.0
1.75 27.125 0.0
2.25 27.125 0.0
2.75 27.125 0.0
3.25 27.125 0.0
3.75 27.125 0.0
4.25 27.125 0.0
4.75 27.125 0.0
5.25 27.125 0.0
5.75 27.125 0.0
6.25 27.125 0.0
6.75 27.125 0.0
7.25 27.125 0.0
7.75 27.125 0.0
8.25 27.125 0.0
8.75 27.125 0.0
0.25 27.375 0.0
0.75 27.375 0.0
1.25 27.375 0.0
1.75 27.375 0.0
2.25 27.375 0.0
2.75 27.375 0.0
3.25 27.375 0.0
3.75 27.375 0.0
4.25 27.375 0.0
4.75 27.375 0.0
5.25 27.375 0.0
5.75 27.375 0.0
6.25 27.375 0.0
6.75 27.375 0.0
7.25 27.375 0.0
7.75 27.375 0.0
8.25 27.375 0.0
8.75 27.375 0.0
0.25 27.625 0.0
0.75 27.625 0.0
1.25 27.625 0.0
1.75 27.625 0.0
2.25 27.625 0.0
2.75 27.625 0.0
3.25 27.625 0.0
3.75 27.625 0.0
4.25 27.625 0.0
4.75 27.625 0.0
5.25 27.625 0.0
5.75 27.625 0.0
6.25 27.625 0.0
6.75 27.625 0.0
7.25 27.625 0.0
7.75 27.625 0.0
8.25 27.625 0.0
8.75 27.625 0.0
0.25 27.875 0.0
0.75 27.875 0.0
1.25 27.875 0.0
1.75 27.875 0.0
2.25 27.875 0.0
2.75 27.875 0.0
3.25 27.875 0.0
3.75 27.875 0.0
4.25 27.875 0.0
4.75 27.875 0.0
5.25 27.875 0.0
5.75 27.875 0.0
6.25 27.875 0.0
6.75 27.875 0.0
7.25 27.875 0.0
7.75 27.875 0.0
8.25 27.875 0.0
8.75 27.875 0.0
0.25 28.125 0.0
0.75 28.125 0.0
1.25 28.125 0.0
1.75 28.125 0.0
2.25 28.125 0.0
2.75 28.125 0.0
3.25 28.125 0.0
3.75 28.125 0.0
4.25 28.125 0.0
4.75 28.125 0.0
5.25 28.125 0.0
5.75 28.125 0.0
6.25 28.125 0.0
6.75 28.125 0.0
7.25 28.125 0.0
7.75 28.125 0.0
8.25 28.125 0.0
8.75 28.125 0.0
0.25 28.375 0.0
0.75 28.375 0.0
1.25 28.375 3544.52574411
1.75 28.375 3544.52574411
2.25 28.375 0.0
2.75 28.375 0.0
3.25 28.375 0.0
3.75 28.375 0.0
4.25 28.375 3544.52574411
4.75 28.375 0.0
5.25 28.375 0.0
5.75 28.375 0.0
6.25 28.375 0.0
6.75 28.375 0.0
7.25 28.375 0.0
7.75 28.375 0.0
8.25 28.375 0.0
8.75 28.375 0.0
0.25 28.625 0.0
0.75 28.625 0.0
1.25 28.625 0.0
1.75 28.625 0.0
2.25 28.625 0.0
2.75 28.625 0.0
3.25 28.625 0.0
3.75 28.625 0.0
4.25 28.625 0.0
4.75 28.625 0.0
5.25 28.625 0.0
5.75 28.625 0.0
6.25 28.625 0.0
6.75 28.625 0.0
7.25 28.625 0.0
7.75 28.625 0.0
8.25 28.625 0.0
8.75 28.625 0.0
0.25 28.875 0.0
0.75 28.875 0.0
1.25 28.875 0.0
1.75 28.875 0.0
2.25 28.875 0.0
2.75 28.875 0.0
3.25 28.875 0.0
3.75 28.875 0.0
4.25 28.875 0.0
4.75 28.875 0.0
5.25 28.875 0.0
5.75 28.875 0.0
6.25 28.875 0.0
6.75 28.875 0.0
7.25 28.875 0.0
7.75 28.875 0.0
8.25 28.875 0.0
8.75 28.875 0.0
0.25 29.125 0.0
0.75 29.125 0.0
1.25 29.125 3544.52574411
1.75 29.125 0.0
2.25 29.125 0.0
2.75 29.125 0.0
3.25 29.125 0.0
3.75 29.125 0.0
4.25 29.125 0.0
4.75 29.125 0.0
5.25 29.125 0.0
5.75 29.125 0.0
6.25 29.125 0.0
6.75 29.125 0.0
7.25 29.125 0.0
7.75 29.125 0.0
8.25 29.125 0.0
8.75 29.125 0.0
0.25 29.375 0.0
0.75 29.375 0.0
1.25 29.375 0.0
1.75 29.375 0.0
2.25 29.375 0.0
2.75 29.375 0.0
3.25 29.375 0.0
3.75 29.375 0.0
4.25 29.375 0.0
4.75 29.375 0.0
5.25 29.375 0.0
5.75 29.375 0.0
6.25 29.375 0.0
6.75 29.375 0.0
7.25 29.375 0.0
7.75 29.375 0.0
8.25 29.375 0.0
8.75 29.375 0.0
0.25 29.625 0.0
0.75 29.625 0.0
1.25 29.625 0.0
1.75 29.625 0.0
2.25 29.625 0.0
2.75 29.625 0.0
3.25 29.625 0.0
3.75 29.625 0.0
4.25 29.625 0.0
4.75 29.625 0.0
5.25 29.625 0.0
5.75 29.625 0.0
6.25 29.625 0.0
6.75 29.625 0.0
7.25 29.625 0.0
7.75 29.625 0.0
8.25 29.625 0.0
8.75 29.625 0.0
0.25 29.875 0.0
0.75 29.875 0.0
1.25 29.875 0.0
1.75 29.875 0.0
2.25 29.875 0.0
2.75 29.875 0.0
3.25 29.875 0.0
3.75 29.875 0.0
4.25 29.875 0.0
4.75 29.875 0.0
5.25 29.875 0.0
5.75 29.875 0.0
6.25 29.875 0.0
6.75 29.875 0.0
7.25 29.875 0.0
7.75 29.875 0.0
8.25 29.875 0.0
8.75 29.875 0.0
