11.294627058970837 388.15086009629186
14.219093021276404 1390.8681059225476
17.900777537149963 10733.968682160135
22.535743732392298 1682.144769358425
28.370820458389794 6781.390704822843
35.71674682851676 6766.613962686053
44.96472020903849 16325.941230945133
56.60722890537329 27652.844531549315
71.26427896022373 61009.77797482234
89.71641173621407 81279.08291428362
112.94627058970838 116327.01028670865
142.1909302127641 141760.70145208552
179.00777537149963 171821.6885779479
225.35743732392305 225122.68060689373
283.7082045838981 247884.7154698664
357.1674682851676 317820.4187711242
449.6472020903849 386632.1731391428
566.0722890537327 378093.46240636567
712.6427896022376 349791.12825509254
897.164117362141 297734.2857260173
1129.4627058970837 215981.13350511016
1421.9093021276408 143969.24518293422
1790.0777537149975 71354.68366618734
2253.5743732392316 33665.62778271129
2837.082045838981 13624.733504284173
3571.674682851676 4085.232665017247
4496.47202090385 1064.535751414951
5660.72289053733 97.93469094717875
7126.427896022379 2.242277361918241
8971.64117362141 0.0
