11.294627058970837 45.601294519280735
14.219093021276404 123.45826325848503
17.900777537149963 240.5079940195736
22.535743732392298 906.0686476379637
28.370820458389794 3938.251546618224
35.71674682851676 2709.911876016835
44.96472020903849 6643.458312385798
56.60722890537329 7640.306301537643
71.26427896022373 14670.733513245355
89.71641173621407 14091.89261834936
112.94627058970838 18486.14874123637
142.1909302127641 29884.307836237174
179.00777537149963 34910.790658664424
225.35743732392305 41146.9445175725
283.7082045838981 37906.079947304504
357.1674682851676 28739.95741378123
449.6472020903849 27074.142418367177
566.0722890537327 23678.484433320467
712.6427896022376 20549.93776211934
897.164117362141 19274.150985639193
1129.4627058970837 14766.378585530212
1421.9093021276408 8560.555582601053
1790.0777537149975 4957.1728773355135
2253.5743732392316 2353.706482952286
2837.082045838981 747.4467071417021
3571.674682851676 206.8929775680299
4496.47202090385 26.728325251024216
5660.72289053733 0.009962104086298496
7126.427896022379 0.0
8971.64117362141 0.0
