0.25 0.125 3559447.32463
0.75 0.125 1779723.66232
1.25 0.125 4271336.78956
1.75 0.125 2847557.8597
2.25 0.125 4271336.78956
2.75 0.125 2491613.12724
3.25 0.125 3915392.05709
3.75 0.125 4271336.78956
4.25 0.125 4627281.52202
4.75 0.125 4983226.25448
5.25 0.125 4627281.52202
5.75 0.125 6051060.45187
6.25 0.125 3203502.59217
6.75 0.125 3559447.32463
7.25 0.125 2135668.39478
7.75 0.125 355944.732463
8.25 0.125 0.0
8.75 0.125 0.0
0.25 0.375 6407005.18434
0.75 0.375 8898618.31158
1.25 0.375 6762949.9168
1.75 0.375 7474839.38172
2.25 0.375 7830784.11419
2.75 0.375 9610507.7765
3.25 0.375 13525899.8336
3.75 0.375 15305623.4959
4.25 0.375 16729402.4258
4.75 0.375 14593734.031
5.25 0.375 13881844.5661
5.75 0.375 12102120.9037
6.25 0.375 10322397.2414
6.75 0.375 5695115.71941
7.25 0.375 7474839.38172
7.75 0.375 1423778.92985
8.25 0.375 0.0
8.75 0.375 0.0
0.25 0.625 11746176.1713
0.75 0.625 9966452.50897
1.25 0.625 10678341.9739
1.75 0.625 13881844.5661
2.25 0.625 16017512.9608
2.75 0.625 12814010.3687
3.25 0.625 19221015.553
3.75 0.625 22424518.1452
4.25 0.625 21712628.6802
4.75 0.625 21000739.2153
5.25 0.625 16729402.4258
5.75 0.625 15305623.4959
6.25 0.625 13169955.1011
6.75 0.625 7830784.11419
7.25 0.625 3203502.59217
7.75 0.625 1423778.92985
8.25 0.625 355944.732463
8.75 0.625 0.0
0.25 0.875 12458065.6362
0.75 0.875 13881844.5661
1.25 0.875 11390231.4388
1.75 0.875 12814010.3687
2.25 0.875 13881844.5661
2.75 0.875 21712628.6802
3.25 0.875 23848297.075
3.75 0.875 21712628.6802
4.25 0.875 21356683.9478
4.75 0.875 19576960.2855
5.25 0.875 22780462.8776
5.75 0.875 12458065.6362
6.25 0.875 15305623.4959
6.75 0.875 7830784.11419
7.25 0.875 2491613.12724
7.75 0.875 1067834.19739
8.25 0.875 711889.464926
8.75 0.875 0.0
0.25 1.125 12102120.9037
0.75 1.125 11746176.1713
1.25 1.125 13881844.5661
1.75 1.125 16373457.6933
2.25 1.125 19932905.0179
2.75 1.125 20644794.4829
3.25 1.125 17797236.6232
3.75 1.125 17441291.8907
4.25 1.125 16729402.4258
4.75 1.125 17797236.6232
5.25 1.125 16729402.4258
5.75 1.125 13169955.1011
6.25 1.125 9254563.04404
6.75 1.125 4983226.25448
7.25 1.125 3203502.59217
7.75 1.125 1423778.92985
8.25 1.125 0.0
8.75 1.125 0.0
0.25 1.375 18153181.3556
0.75 1.375 12814010.3687
1.25 1.375 15661568.2284
1.75 1.375 17797236.6232
2.25 1.375 17441291.8907
2.75 1.375 17441291.8907
3.25 1.375 14593734.031
3.75 1.375 12814010.3687
4.25 1.375 12102120.9037
4.75 1.375 19221015.553
5.25 1.375 12814010.3687
5.75 1.375 12102120.9037
6.25 1.375 8186728.84665
6.75 1.375 7118894.64926
7.25 1.375 3203502.59217
7.75 1.375 0.0
8.25 1.375 0.0
8.75 1.375 0.0
0.25 1.625 14237789.2985
0.75 1.625 13525899.8336
1.25 1.625 12102120.9037
1.75 1.625 11746176.1713
2.25 1.625 14237789.2985
2.75 1.625 15305623.4959
3.25 1.625 16017512.9608
3.75 1.625 13881844.5661
4.25 1.625 14949678.7634
4.75 1.625 9966452.50897
5.25 1.625 8542673.57911
5.75 1.625 5695115.71941
6.25 1.625 5695115.71941
6.75 1.625 3559447.32463
7.25 1.625 1067834.19739
7.75 1.625 711889.464926
8.25 1.625 0.0
8.75 1.625 0.0
0.25 1.875 12458065.6362
0.75 1.875 13881844.5661
1.25 1.875 9610507.7765
1.75 1.875 13169955.1011
2.25 1.875 14237789.2985
2.75 1.875 12458065.6362
3.25 1.875 12102120.9037
3.75 1.875 9254563.04404
4.25 1.875 8542673.57911
4.75 1.875 7830784.11419
5.25 1.875 9254563.04404
5.75 1.875 3559447.32463
6.25 1.875 4627281.52202
6.75 1.875 1779723.66232
7.25 1.875 355944.732463
7.75 1.875 0.0
8.25 1.875 0.0
8.75 1.875 0.0
0.25 2.125 11746176.1713
0.75 2.125 10678341.9739
1.25 2.125 10322397.2414
1.75 2.125 10678341.9739
2.25 2.125 7118894.64926
2.75 2.125 11390231.4388
3.25 2.125 9610507.7765
3.75 2.125 6051060.45187
4.25 2.125 11390231.4388
4.75 2.125 8898618.31158
5.25 2.125 7474839.38172
5.75 2.125 3559447.32463
6.25 2.125 2847557.8597
6.75 2.125 2847557.8597
7.25 2.125 711889.464926
7.75 2.125 0.0
8.25 2.125 0.0
8.75 2.125 0.0
0.25 2.375 9254563.04404
0.75 2.375 6762949.9168
1.25 2.375 6407005.18434
1.75 2.375 6762949.9168
2.25 2.375 9254563.04404
2.75 2.375 9254563.04404
3.25 2.375 8186728.84665
3.75 2.375 6051060.45187
4.25 2.375 9610507.7765
4.75 2.375 5339170.98695
5.25 2.375 6051060.45187
5.75 2.375 1067834.19739
6.25 2.375 711889.464926
6.75 2.375 355944.732463
7.25 2.375 0.0
7.75 2.375 0.0
8.25 2.375 0.0
8.75 2.375 0.0
0.25 2.625 4627281.52202
0.75 2.625 9966452.50897
1.25 2.625 5695115.71941
1.75 2.625 7830784.11419
2.25 2.625 4983226.25448
2.75 2.625 12102120.9037
3.25 2.625 6762949.9168
3.75 2.625 6762949.9168
4.25 2.625 6762949.9168
4.75 2.625 3559447.32463
5.25 2.625 4627281.52202
5.75 2.625 1067834.19739
6.25 2.625 711889.464926
6.75 2.625 355944.732463
7.25 2.625 0.0
7.75 2.625 0.0
8.25 2.625 0.0
8.75 2.625 0.0
0.25 2.875 7830784.11419
0.75 2.875 5695115.71941
1.25 2.875 7474839.38172
1.75 2.875 4627281.52202
2.25 2.875 6762949.9168
2.75 2.875 1779723.66232
3.25 2.875 4983226.25448
3.75 2.875 4271336.78956
4.25 2.875 4271336.78956
4.75 2.875 1779723.66232
5.25 2.875 1067834.19739
5.75 2.875 1779723.66232
6.25 2.875 711889.464926
6.75 2.875 355944.732463
7.25 2.875 0.0
7.75 2.875 0.0
8.25 2.875 0.0
8.75 2.875 0.0
0.25 3.125 6407005.18434
0.75 3.125 6407005.18434
1.25 3.125 7830784.11419
1.75 3.125 5695115.71941
2.25 3.125 4627281.52202
2.75 3.125 6762949.9168
3.25 3.125 6762949.9168
3.75 3.125 4983226.25448
4.25 3.125 4271336.78956
4.75 3.125 3203502.59217
5.25 3.125 3559447.32463
5.75 3.125 711889.464926
6.25 3.125 1067834.19739
6.75 3.125 355944.732463
7.25 3.125 0.0
7.75 3.125 0.0
8.25 3.125 0.0
8.75 3.125 0.0
0.25 3.375 3559447.32463
0.75 3.375 3559447.32463
1.25 3.375 3559447.32463
1.75 3.375 6762949.9168
2.25 3.375 5339170.98695
2.75 3.375 4983226.25448
3.25 3.375 2847557.8597
3.75 3.375 6051060.45187
4.25 3.375 3915392.05709
4.75 3.375 1423778.92985
5.25 3.375 2491613.12724
5.75 3.375 711889.464926
6.25 3.375 711889.464926
6.75 3.375 0.0
7.25 3.375 0.0
7.75 3.375 0.0
8.25 3.375 0.0
8.75 3.375 0.0
0.25 3.625 4627281.52202
0.75 3.625 4627281.52202
1.25 3.625 2491613.12724
1.75 3.625 5695115.71941
2.25 3.625 6051060.45187
2.75 3.625 3915392.05709
3.25 3.625 3559447.32463
3.75 3.625 4271336.78956
4.25 3.625 3203502.59217
4.75 3.625 2847557.8597
5.25 3.625 1423778.92985
5.75 3.625 1067834.19739
6.25 3.625 711889.464926
6.75 3.625 355944.732463
7.25 3.625 0.0
7.75 3.625 0.0
8.25 3.625 0.0
8.75 3.625 0.0
0.25 3.875 3203502.59217
0.75 3.875 4271336.78956
1.25 3.875 2135668.39478
1.75 3.875 4627281.52202
2.25 3.875 3559447.32463
2.75 3.875 2491613.12724
3.25 3.875 2491613.12724
3.75 3.875 2491613.12724
4.25 3.875 1779723.66232
4.75 3.875 2135668.39478
5.25 3.875 711889.464926
5.75 3.875 711889.464926
6.25 3.875 355944.732463
6.75 3.875 0.0
7.25 3.875 0.0
7.75 3.875 0.0
8.25 3.875 0.0
8.75 3.875 0.0
0.25 4.125 3203502.59217
0.75 4.125 4271336.78956
1.25 4.125 4271336.78956
1.75 4.125 4271336.78956
2.25 4.125 5695115.71941
2.75 4.125 2135668.39478
3.25 4.125 2491613.12724
3.75 4.125 2135668.39478
4.25 4.125 2491613.12724
4.75 4.125 1067834.19739
5.25 4.125 711889.464926
5.75 4.125 355944.732463
6.25 4.125 711889.464926
6.75 4.125 0.0
7.25 4.125 0.0
7.75 4.125 0.0
8.25 4.125 0.0
8.75 4.125 0.0
0.25 4.375 2135668.39478
0.75 4.375 3203502.59217
1.25 4.375 2135668.39478
1.75 4.375 2847557.8597
2.25 4.375 4627281.52202
2.75 4.375 2491613.12724
3.25 4.375 1779723.66232
3.75 4.375 2491613.12724
4.25 4.375 1423778.92985
4.75 4.375 1779723.66232
5.25 4.375 1423778.92985
5.75 4.375 0.0
6.25 4.375 0.0
6.75 4.375 355944.732463
7.25 4.375 0.0
7.75 4.375 0.0
8.25 4.375 0.0
8.75 4.375 0.0
0.25 4.625 2135668.39478
0.75 4.625 2135668.39478
1.25 4.625 2135668.39478
1.75 4.625 1423778.92985
2.25 4.625 1779723.66232
2.75 4.625 2847557.8597
3.25 4.625 1423778.92985
3.75 4.625 711889.464926
4.25 4.625 1067834.19739
4.75 4.625 2135668.39478
5.25 4.625 355944.732463
5.75 4.625 355944.732463
6.25 4.625 0.0
6.75 4.625 0.0
7.25 4.625 0.0
7.75 4.625 0.0
8.25 4.625 0.0
8.75 4.625 0.0
0.25 4.875 1779723.66232
0.75 4.875 1423778.92985
1.25 4.875 2847557.8597
1.75 4.875 3559447.32463
2.25 4.875 711889.464926
2.75 4.875 2135668.39478
3.25 4.875 1779723.66232
3.75 4.875 711889.464926
4.25 4.875 1067834.19739
4.75 4.875 1067834.19739
5.25 4.875 711889.464926
5.75 4.875 0.0
6.25 4.875 355944.732463
6.75 4.875 0.0
7.25 4.875 0.0
7.75 4.875 0.0
8.25 4.875 0.0
8.75 4.875 0.0
0.25 5.125 711889.464926
0.75 5.125 1779723.66232
1.25 5.125 3203502.59217
1.75 5.125 1779723.66232
2.25 5.125 1067834.19739
2.75 5.125 1423778.92985
3.25 5.125 1067834.19739
3.75 5.125 1423778.92985
4.25 5.125 1067834.19739
4.75 5.125 1779723.66232
5.25 5.125 355944.732463
5.75 5.125 0.0
6.25 5.125 0.0
6.75 5.125 0.0
7.25 5.125 0.0
7.75 5.125 0.0
8.25 5.125 0.0
8.75 5.125 0.0
0.25 5.375 711889.464926
0.75 5.375 1779723.66232
1.25 5.375 1067834.19739
1.75 5.375 3203502.59217
2.25 5.375 355944.732463
2.75 5.375 1423778.92985
3.25 5.375 711889.464926
3.75 5.375 711889.464926
4.25 5.375 0.0
4.75 5.375 0.0
5.25 5.375 0.0
5.75 5.375 355944.732463
6.25 5.375 0.0
6.75 5.375 0.0
7.25 5.375 0.0
7.75 5.375 0.0
8.25 5.375 0.0
8.75 5.375 0.0
0.25 5.625 2135668.39478
0.75 5.625 355944.732463
1.25 5.625 1067834.19739
1.75 5.625 711889.464926
2.25 5.625 355944.732463
2.75 5.625 355944.732463
3.25 5.625 1779723.66232
3.75 5.625 0.0
4.25 5.625 711889.464926
4.75 5.625 711889.464926
5.25 5.625 355944.732463
5.75 5.625 0.0
6.25 5.625 0.0
6.75 5.625 0.0
7.25 5.625 0.0
7.75 5.625 0.0
8.25 5.625 0.0
8.75 5.625 0.0
0.25 5.875 2491613.12724
0.75 5.875 1779723.66232
1.25 5.875 355944.732463
1.75 5.875 2135668.39478
2.25 5.875 1779723.66232
2.75 5.875 2491613.12724
3.25 5.875 711889.464926
3.75 5.875 1423778.92985
4.25 5.875 0.0
4.75 5.875 355944.732463
5.25 5.875 0.0
5.75 5.875 0.0
6.25 5.875 0.0
6.75 5.875 0.0
7.25 5.875 0.0
7.75 5.875 0.0
8.25 5.875 0.0
8.75 5.875 0.0
0.25 6.125 711889.464926
0.75 6.125 2135668.39478
1.25 6.125 1423778.92985
1.75 6.125 355944.732463
2.25 6.125 711889.464926
2.75 6.125 355944.732463
3.25 6.125 355944.732463
3.75 6.125 1067834.19739
4.25 6.125 0.0
4.75 6.125 355944.732463
5.25 6.125 355944.732463
5.75 6.125 0.0
6.25 6.125 0.0
6.75 6.125 0.0
7.25 6.125 0.0
7.75 6.125 0.0
8.25 6.125 0.0
8.75 6.125 0.0
0.25 6.375 711889.464926
0.75 6.375 1067834.19739
1.25 6.375 1423778.92985
1.75 6.375 711889.464926
2.25 6.375 1423778.92985
2.75 6.375 711889.464926
3.25 6.375 355944.732463
3.75 6.375 711889.464926
4.25 6.375 355944.732463
4.75 6.375 0.0
5.25 6.375 0.0
5.75 6.375 0.0
6.25 6.375 0.0
6.75 6.375 0.0
7.25 6.375 0.0
7.75 6.375 0.0
8.25 6.375 0.0
8.75 6.375 0.0
0.25 6.625 0.0
0.75 6.625 0.0
1.25 6.625 1423778.92985
1.75 6.625 355944.732463
2.25 6.625 711889.464926
2.75 6.625 711889.464926
3.25 6.625 711889.464926
3.75 6.625 0.0
4.25 6.625 0.0
4.75 6.625 0.0
5.25 6.625 0.0
5.75 6.625 0.0
6.25 6.625 0.0
6.75 6.625 0.0
7.25 6.625 0.0
7.75 6.625 0.0
8.25 6.625 0.0
8.75 6.625 0.0
0.25 6.875 0.0
0.75 6.875 355944.732463
1.25 6.875 711889.464926
1.75 6.875 1067834.19739
2.25 6.875 711889.464926
2.75 6.875 711889.464926
3.25 6.875 711889.464926
3.75 6.875 0.0
4.25 6.875 355944.732463
4.75 6.875 0.0
5.25 6.875 355944.732463
5.75 6.875 0.0
6.25 6.875 0.0
6.75 6.875 0.0
7.25 6.875 0.0
7.75 6.875 0.0
8.25 6.875 0.0
8.75 6.875 0.0
0.25 7.125 1067834.19739
0.75 7.125 711889.464926
1.25 7.125 355944.732463
1.75 7.125 711889.464926
2.25 7.125 711889.464926
2.75 7.125 711889.464926
3.25 7.125 0.0
3.75 7.125 355944.732463
4.25 7.125 0.0
4.75 7.125 0.0
5.25 7.125 0.0
5.75 7.125 0.0
6.25 7.125 0.0
6.75 7.125 0.0
7.25 7.125 0.0
7.75 7.125 0.0
8.25 7.125 0.0
8.75 7.125 0.0
0.25 7.375 355944.732463
0.75 7.375 0.0
1.25 7.375 711889.464926
1.75 7.375 0.0
2.25 7.375 711889.464926
2.75 7.375 0.0
3.25 7.375 0.0
3.75 7.375 711889.464926
4.25 7.375 0.0
4.75 7.375 0.0
5.25 7.375 0.0
5.75 7.375 355944.732463
6.25 7.375 0.0
6.75 7.375 0.0
7.25 7.375 0.0
7.75 7.375 0.0
8.25 7.375 0.0
8.75 7.375 0.0
0.25 7.625 711889.464926
0.75 7.625 355944.732463
1.25 7.625 0.0
1.75 7.625 711889.464926
2.25 7.625 711889.464926
2.75 7.625 0.0
3.25 7.625 711889.464926
3.75 7.625 0.0
4.25 7.625 355944.732463
4.75 7.625 0.0
5.25 7.625 711889.464926
5.75 7.625 0.0
6.25 7.625 0.0
6.75 7.625 0.0
7.25 7.625 0.0
7.75 7.625 0.0
8.25 7.625 0.0
8.75 7.625 0.0
0.25 7.875 0.0
0.75 7.875 711889.464926
1.25 7.875 355944.732463
1.75 7.875 711889.464926
2.25 7.875 355944.732463
2.75 7.875 0.0
3.25 7.875 0.0
3.75 7.875 0.0
4.25 7.875 0.0
4.75 7.875 0.0
5.25 7.875 0.0
5.75 7.875 0.0
6.25 7.875 0.0
6.75 7.875 0.0
7.25 7.875 0.0
7.75 7.875 0.0
8.25 7.875 0.0
8.75 7.875 0.0
0.25 8.125 355944.732463
0.75 8.125 0.0
1.25 8.125 711889.464926
1.75 8.125 355944.732463
2.25 8.125 355944.732463
2.75 8.125 1067834.19739
3.25 8.125 355944.732463
3.75 8.125 0.0
4.25 8.125 0.0
4.75 8.125 0.0
5.25 8.125 355944.732463
5.75 8.125 0.0
6.25 8.125 0.0
6.75 8.125 0.0
7.25 8.125 0.0
7.75 8.125 0.0
8.25 8.125 0.0
8.75 8.125 0.0
0.25 8.375 0.0
0.75 8.375 0.0
1.25 8.375 0.0
1.75 8.375 355944.732463
2.25 8.375 711889.464926
2.75 8.375 0.0
3.25 8.375 0.0
3.75 8.375 0.0
4.25 8.375 0.0
4.75 8.375 0.0
5.25 8.375 0.0
5.75 8.375 0.0
6.25 8.375 0.0
6.75 8.375 0.0
7.25 8.375 0.0
7.75 8.375 0.0
8.25 8.375 0.0
8.75 8.375 0.0
0.25 8.625 355944.732463
0.75 8.625 355944.732463
1.25 8.625 711889.464926
1.75 8.625 711889.464926
2.25 8.625 355944.732463
2.75 8.625 355944.732463
3.25 8.625 355944.732463
3.75 8.625 0.0
4.25 8.625 0.0
4.75 8.625 0.0
5.25 8.625 0.0
5.75 8.625 0.0
6.25 8.625 0.0
6.75 8.625 0.0
7.25 8.625 0.0
7.75 8.625 0.0
8.25 8.625 0.0
8.75 8.625 0.0
0.25 8.875 355944.732463
0.75 8.875 0.0
1.25 8.875 0.0
1.75 8.875 355944.732463
2.25 8.875 0.0
2.75 8.875 0.0
3.25 8.875 0.0
3.75 8.875 0.0
4.25 8.875 0.0
4.75 8.875 0.0
5.25 8.875 355944.732463
5.75 8.875 0.0
6.25 8.875 0.0
6.75 8.875 0.0
7.25 8.875 0.0
7.75 8.875 0.0
8.25 8.875 0.0
8.75 8.875 0.0
0.25 9.125 0.0
0.75 9.125 0.0
1.25 9.125 0.0
1.75 9.125 355944.732463
2.25 9.125 355944.732463
2.75 9.125 0.0
3.25 9.125 0.0
3.75 9.125 0.0
4.25 9.125 0.0
4.75 9.125 0.0
5.25 9.125 0.0
5.75 9.125 0.0
6.25 9.125 0.0
6.75 9.125 0.0
7.25 9.125 0.0
7.75 9.125 0.0
8.25 9.125 0.0
8.75 9.125 0.0
0.25 9.375 0.0
0.75 9.375 0.0
1.25 9.375 0.0
1.75 9.375 0.0
2.25 9.375 0.0
2.75 9.375 355944.732463
3.25 9.375 355944.732463
3.75 9.375 0.0
4.25 9.375 0.0
4.75 9.375 0.0
5.25 9.375 0.0
5.75 9.375 0.0
6.25 9.375 0.0
6.75 9.375 0.0
7.25 9.375 0.0
7.75 9.375 0.0
8.25 9.375 0.0
8.75 9.375 0.0
0.25 9.625 711889.464926
0.75 9.625 0.0
1.25 9.625 0.0
1.75 9.625 355944.732463
2.25 9.625 0.0
2.75 9.625 0.0
3.25 9.625 0.0
3.75 9.625 0.0
4.25 9.625 0.0
4.75 9.625 0.0
5.25 9.625 0.0
5.75 9.625 0.0
6.25 9.625 0.0
6.75 9.625 0.0
7.25 9.625 0.0
7.75 9.625 0.0
8.25 9.625 0.0
8.75 9.625 0.0
0.25 9.875 355944.732463
0.75 9.875 0.0
1.25 9.875 0.0
1.75 9.875 355944.732463
2.25 9.875 0.0
2.75 9.875 355944.732463
3.25 9.875 0.0
3.75 9.875 0.0
4.25 9.875 0.0
4.75 9.875 0.0
5.25 9.875 0.0
5.75 9.875 0.0
6.25 9.875 0.0
6.75 9.875 0.0
7.25 9.875 0.0
7.75 9.875 0.0
8.25 9.875 0.0
8.75 9.875 0.0
0.25 10.125 355944.732463
0.75 10.125 0.0
1.25 10.125 0.0
1.75 10.125 0.0
2.25 10.125 0.0
2.75 10.125 0.0
3.25 10.125 0.0
3.75 10.125 0.0
4.25 10.125 0.0
4.75 10.125 0.0
5.25 10.125 0.0
5.75 10.125 0.0
6.25 10.125 0.0
6.75 10.125 0.0
7.25 10.125 0.0
7.75 10.125 0.0
8.25 10.125 0.0
8.75 10.125 0.0
0.25 10.375 0.0
0.75 10.375 0.0
1.25 10.375 355944.732463
1.75 10.375 0.0
2.25 10.375 0.0
2.75 10.375 355944.732463
3.25 10.375 0.0
3.75 10.375 0.0
4.25 10.375 0.0
4.75 10.375 0.0
5.25 10.375 0.0
5.75 10.375 0.0
6.25 10.375 0.0
6.75 10.375 0.0
7.25 10.375 0.0
7.75 10.375 0.0
8.25 10.375 0.0
8.75 10.375 0.0
0.25 10.625 0.0
0.75 10.625 0.0
1.25 10.625 355944.732463
1.75 10.625 0.0
2.25 10.625 0.0
2.75 10.625 0.0
3.25 10.625 355944.732463
3.75 10.625 0.0
4.25 10.625 0.0
4.75 10.625 0.0
5.25 10.625 0.0
5.75 10.625 0.0
6.25 10.625 0.0
6.75 10.625 0.0
7.25 10.625 0.0
7.75 10.625 0.0
8.25 10.625 0.0
8.75 10.625 0.0
0.25 10.875 0.0
0.75 10.875 711889.464926
1.25 10.875 0.0
1.75 10.875 0.0
2.25 10.875 0.0
2.75 10.875 0.0
3.25 10.875 0.0
3.75 10.875 355944.732463
4.25 10.875 0.0
4.75 10.875 0.0
5.25 10.875 0.0
5.75 10.875 0.0
6.25 10.875 0.0
6.75 10.875 0.0
7.25 10.875 0.0
7.75 10.875 0.0
8.25 10.875 0.0
8.75 10.875 0.0
0.25 11.125 0.0
0.75 11.125 0.0
1.25 11.125 0.0
1.75 11.125 355944.732463
2.25 11.125 0.0
2.75 11.125 0.0
3.25 11.125 355944.732463
3.75 11.125 0.0
4.25 11.125 0.0
4.75 11.125 0.0
5.25 11.125 0.0
5.75 11.125 0.0
6.25 11.125 0.0
6.75 11.125 0.0
7.25 11.125 0.0
7.75 11.125 0.0
8.25 11.125 0.0
8.75 11.125 0.0
0.25 11.375 0.0
0.75 11.375 355944.732463
1.25 11.375 0.0
1.75 11.375 0.0
2.25 11.375 0.0
2.75 11.375 0.0
3.25 11.375 0.0
3.75 11.375 0.0
4.25 11.375 0.0
4.75 11.375 0.0
5.25 11.375 0.0
5.75 11.375 0.0
6.25 11.375 0.0
6.75 11.375 0.0
7.25 11.375 0.0
7.75 11.375 0.0
8.25 11.375 0.0
8.75 11.375 0.0
0.25 11.625 0.0
0.75 11.625 355944.732463
1.25 11.625 0.0
1.75 11.625 0.0
2.25 11.625 0.0
2.75 11.625 0.0
3.25 11.625 0.0
3.75 11.625 0.0
4.25 11.625 0.0
4.75 11.625 0.0
5.25 11.625 355944.732463
5.75 11.625 0.0
6.25 11.625 0.0
6.75 11.625 0.0
7.25 11.625 0.0
7.75 11.625 0.0
8.25 11.625 0.0
8.75 11.625 0.0
0.25 11.875 0.0
0.75 11.875 0.0
1.25 11.875 0.0
1.75 11.875 0.0
2.25 11.875 0.0
2.75 11.875 0.0
3.25 11.875 0.0
3.75 11.875 355944.732463
4.25 11.875 0.0
4.75 11.875 0.0
5.25 11.875 0.0
5.75 11.875 0.0
6.25 11.875 0.0
6.75 11.875 0.0
7.25 11.875 0.0
7.75 11.875 0.0
8.25 11.875 0.0
8.75 11.875 0.0
0.25 12.125 0.0
0.75 12.125 0.0
1.25 12.125 0.0
1.75 12.125 0.0
2.25 12.125 0.0
2.75 12.125 0.0
3.25 12.125 0.0
3.75 12.125 0.0
4.25 12.125 0.0
4.75 12.125 0.0
5.25 12.125 0.0
5.75 12.125 0.0
6.25 12.125 0.0
6.75 12.125 0.0
7.25 12.125 0.0
7.75 12.125 0.0
8.25 12.125 0.0
8.75 12.125 0.0
0.25 12.375 0.0
0.75 12.375 355944.732463
1.25 12.375 711889.464926
1.75 12.375 0.0
2.25 12.375 0.0
2.75 12.375 0.0
3.25 12.375 0.0
3.75 12.375 0.0
4.25 12.375 0.0
4.75 12.375 0.0
5.25 12.375 0.0
5.75 12.375 0.0
6.25 12.375 0.0
6.75 12.375 0.0
7.25 12.375 0.0
7.75 12.375 0.0
8.25 12.375 0.0
8.75 12.375 0.0
0.25 12.625 711889.464926
0.75 12.625 355944.732463
1.25 12.625 0.0
1.75 12.625 355944.732463
2.25 12.625 0.0
2.75 12.625 0.0
3.25 12.625 0.0
3.75 12.625 0.0
4.25 12.625 0.0
4.75 12.625 0.0
5.25 12.625 0.0
5.75 12.625 0.0
6.25 12.625 0.0
6.75 12.625 0.0
7.25 12.625 0.0
7.75 12.625 0.0
8.25 12.625 0.0
8.75 12.625 0.0
0.25 12.875 355944.732463
0.75 12.875 0.0
1.25 12.875 711889.464926
1.75 12.875 0.0
2.25 12.875 0.0
2.75 12.875 0.0
3.25 12.875 0.0
3.75 12.875 0.0
4.25 12.875 355944.732463
4.75 12.875 0.0
5.25 12.875 0.0
5.75 12.875 0.0
6.25 12.875 0.0
6.75 12.875 0.0
7.25 12.875 0.0
7.75 12.875 0.0
8.25 12.875 0.0
8.75 12.875 0.0
0.25 13.125 0.0
0.75 13.125 0.0
1.25 13.125 0.0
1.75 13.125 0.0
2.25 13.125 0.0
2.75 13.125 0.0
3.25 13.125 0.0
3.75 13.125 0.0
4.25 13.125 0.0
4.75 13.125 0.0
5.25 13.125 0.0
5.75 13.125 0.0
6.25 13.125 0.0
6.75 13.125 0.0
7.25 13.125 0.0
7.75 13.125 0.0
8.25 13.125 0.0
8.75 13.125 0.0
0.25 13.375 0.0
0.75 13.375 0.0
1.25 13.375 355944.732463
1.75 13.375 0.0
2.25 13.375 0.0
2.75 13.375 0.0
3.25 13.375 0.0
3.75 13.375 0.0
4.25 13.375 0.0
4.75 13.375 0.0
5.25 13.375 0.0
5.75 13.375 0.0
6.25 13.375 0.0
6.75 13.375 0.0
7.25 13.375 0.0
7.75 13.375 0.0
8.25 13.375 0.0
8.75 13.375 0.0
0.25 13.625 0.0
0.75 13.625 0.0
1.25 13.625 0.0
1.75 13.625 0.0
2.25 13.625 0.0
2.75 13.625 0.0
3.25 13.625 0.0
3.75 13.625 0.0
4.25 13.625 0.0
4.75 13.625 0.0
5.25 13.625 0.0
5.75 13.625 0.0
6.25 13.625 0.0
6.75 13.625 0.0
7.25 13.625 0.0
7.75 13.625 0.0
8.25 13.625 0.0
8.75 13.625 0.0
0.25 13.875 0.0
0.75 13.875 0.0
1.25 13.875 355944.732463
1.75 13.875 0.0
2.25 13.875 0.0
2.75 13.875 355944.732463
3.25 13.875 355944.732463
3.75 13.875 0.0
4.25 13.875 0.0
4.75 13.875 0.0
5.25 13.875 0.0
5.75 13.875 0.0
6.25 13.875 0.0
6.75 13.875 0.0
7.25 13.875 0.0
7.75 13.875 0.0
8.25 13.875 0.0
8.75 13.875 0.0
0.25 14.125 0.0
0.75 14.125 0.0
1.25 14.125 0.0
1.75 14.125 0.0
2.25 14.125 0.0
2.75 14.125 0.0
3.25 14.125 0.0
3.75 14.125 0.0
4.25 14.125 0.0
4.75 14.125 0.0
5.25 14.125 0.0
5.75 14.125 0.0
6.25 14.125 0.0
6.75 14.125 0.0
7.25 14.125 0.0
7.75 14.125 0.0
8.25 14.125 0.0
8.75 14.125 0.0
0.25 14.375 0.0
0.75 14.375 0.0
1.25 14.375 0.0
1.75 14.375 0.0
2.25 14.375 355944.732463
2.75 14.375 0.0
3.25 14.375 0.0
3.75 14.375 0.0
4.25 14.375 0.0
4.75 14.375 0.0
5.25 14.375 0.0
5.75 14.375 0.0
6.25 14.375 0.0
6.75 14.375 0.0
7.25 14.375 0.0
7.75 14.375 0.0
8.25 14.375 0.0
8.75 14.375 0.0
0.25 14.625 0.0
0.75 14.625 0.0
1.25 14.625 0.0
1.75 14.625 0.0
2.25 14.625 0.0
2.75 14.625 355944.732463
3.25 14.625 0.0
3.75 14.625 0.0
4.25 14.625 0.0
4.75 14.625 0.0
5.25 14.625 0.0
5.75 14.625 0.0
6.25 14.625 0.0
6.75 14.625 0.0
7.25 14.625 0.0
7.75 14.625 0.0
8.25 14.625 0.0
8.75 14.625 0.0
0.25 14.875 0.0
0.75 14.875 0.0
1.25 14.875 0.0
1.75 14.875 0.0
2.25 14.875 0.0
2.75 14.875 0.0
3.25 14.875 0.0
3.75 14.875 0.0
4.25 14.875 0.0
4.75 14.875 0.0
5.25 14.875 0.0
5.75 14.875 0.0
6.25 14.875 0.0
6.75 14.875 0.0
7.25 14.875 0.0
7.75 14.875 0.0
8.25 14.875 0.0
8.75 14.875 0.0
0.25 15.125 355944.732463
0.75 15.125 0.0
1.25 15.125 0.0
1.75 15.125 0.0
2.25 15.125 0.0
2.75 15.125 355944.732463
3.25 15.125 0.0
3.75 15.125 0.0
4.25 15.125 0.0
4.75 15.125 0.0
5.25 15.125 0.0
5.75 15.125 0.0
6.25 15.125 0.0
6.75 15.125 0.0
7.25 15.125 0.0
7.75 15.125 0.0
8.25 15.125 0.0
8.75 15.125 0.0
0.25 15.375 0.0
0.75 15.375 0.0
1.25 15.375 0.0
1.75 15.375 0.0
2.25 15.375 355944.732463
2.75 15.375 0.0
3.25 15.375 0.0
3.75 15.375 0.0
4.25 15.375 0.0
4.75 15.375 0.0
5.25 15.375 0.0
5.75 15.375 0.0
6.25 15.375 0.0
6.75 15.375 0.0
7.25 15.375 0.0
7.75 15.375 0.0
8.25 15.375 0.0
8.75 15.375 0.0
0.25 15.625 0.0
0.75 15.625 355944.732463
1.25 15.625 0.0
1.75 15.625 0.0
2.25 15.625 0.0
2.75 15.625 0.0
3.25 15.625 0.0
3.75 15.625 0.0
4.25 15.625 0.0
4.75 15.625 0.0
5.25 15.625 0.0
5.75 15.625 0.0
6.25 15.625 0.0
6.75 15.625 0.0
7.25 15.625 0.0
7.75 15.625 0.0
8.25 15.625 0.0
8.75 15.625 0.0
0.25 15.875 0.0
0.75 15.875 0.0
1.25 15.875 0.0
1.75 15.875 0.0
2.25 15.875 0.0
2.75 15.875 0.0
3.25 15.875 0.0
3.75 15.875 0.0
4.25 15.875 0.0
4.75 15.875 0.0
5.25 15.875 0.0
5.75 15.875 0.0
6.25 15.875 0.0
6.75 15.875 0.0
7.25 15.875 0.0
7.75 15.875 0.0
8.25 15.875 0.0
8.75 15.875 0.0
0.25 16.125 0.0
0.75 16.125 0.0
1.25 16.125 0.0
1.75 16.125 0.0
2.25 16.125 0.0
2.75 16.125 0.0
3.25 16.125 0.0
3.75 16.125 0.0
4.25 16.125 0.0
4.75 16.125 0.0
5.25 16.125 0.0
5.75 16.125 0.0
6.25 16.125 0.0
6.75 16.125 0.0
7.25 16.125 0.0
7.75 16.125 0.0
8.25 16.125 0.0
8.75 16.125 0.0
0.25 16.375 0.0
0.75 16.375 0.0
1.25 16.375 0.0
1.75 16.375 0.0
2.25 16.375 0.0
2.75 16.375 0.0
3.25 16.375 0.0
3.75 16.375 0.0
4.25 16.375 0.0
4.75 16.375 0.0
5.25 16.375 0.0
5.75 16.375 0.0
6.25 16.375 0.0
6.75 16.375 0.0
7.25 16.375 0.0
7.75 16.375 0.0
8.25 16.375 0.0
8.75 16.375 0.0
0.25 16.625 0.0
0.75 16.625 0.0
1.25 16.625 0.0
1.75 16.625 0.0
2.25 16.625 0.0
2.75 16.625 0.0
3.25 16.625 0.0
3.75 16.625 0.0
4.25 16.625 0.0
4.75 16.625 0.0
5.25 16.625 0.0
5.75 16.625 0.0
6.25 16.625 0.0
6.75 16.625 0.0
7.25 16.625 0.0
7.75 16.625 0.0
8.25 16.625 0.0
8.75 16.625 0.0
0.25 16.875 0.0
0.75 16.875 0.0
1.25 16.875 355944.732463
1.75 16.875 0.0
2.25 16.875 0.0
2.75 16.875 0.0
3.25 16.875 0.0
3.75 16.875 0.0
4.25 16.875 0.0
4.75 16.875 0.0
5.25 16.875 0.0
5.75 16.875 0.0
6.25 16.875 0.0
6.75 16.875 0.0
7.25 16.875 0.0
7.75 16.875 0.0
8.25 16.875 0.0
8.75 16.875 0.0
0.25 17.125 0.0
0.75 17.125 0.0
1.25 17.125 0.0
1.75 17.125 0.0
2.25 17.125 0.0
2.75 17.125 0.0
3.25 17.125 0.0
3.75 17.125 0.0
4.25 17.125 0.0
4.75 17.125 0.0
5.25 17.125 0.0
5.75 17.125 0.0
6.25 17.125 0.0
6.75 17.125 0.0
7.25 17.125 0.0
7.75 17.125 0.0
8.25 17.125 0.0
8.75 17.125 0.0
0.25 17.375 0.0
0.75 17.375 0.0
1.25 17.375 0.0
1.75 17.375 0.0
2.25 17.375 0.0
2.75 17.375 0.0
3.25 17.375 0.0
3.75 17.375 0.0
4.25 17.375 0.0
4.75 17.375 0.0
5.25 17.375 0.0
5.75 17.375 0.0
6.25 17.375 0.0
6.75 17.375 0.0
7.25 17.375 0.0
7.75 17.375 0.0
8.25 17.375 0.0
8.75 17.375 0.0
0.25 17.625 0.0
0.75 17.625 0.0
1.25 17.625 0.0
1.75 17.625 0.0
2.25 17.625 0.0
2.75 17.625 0.0
3.25 17.625 0.0
3.75 17.625 0.0
4.25 17.625 0.0
4.75 17.625 0.0
5.25 17.625 0.0
5.75 17.625 0.0
6.25 17.625 0.0
6.75 17.625 0.0
7.25 17.625 0.0
7.75 17.625 0.0
8.25 17.625 0.0
8.75 17.625 0.0
0.25 17.875 0.0
0.75 17.875 0.0
1.25 17.875 0.0
1.75 17.875 0.0
2.25 17.875 0.0
2.75 17.875 0.0
3.25 17.875 0.0
3.75 17.875 0.0
4.25 17.875 0.0
4.75 17.875 0.0
5.25 17.875 0.0
5.75 17.875 0.0
6.25 17.875 0.0
6.75 17.875 0.0
7.25 17.875 0.0
7.75 17.875 0.0
8.25 17.875 0.0
8.75 17.875 0.0
0.25 18.125 0.0
0.75 18.125 0.0
1.25 18.125 355944.732463
1.75 18.125 0.0
2.25 18.125 0.0
2.75 18.125 0.0
3.25 18.125 0.0
3.75 18.125 355944.732463
4.25 18.125 0.0
4.75 18.125 0.0
5.25 18.125 0.0
5.75 18.125 0.0
6.25 18.125 0.0
6.75 18.125 0.0
7.25 18.125 0.0
7.75 18.125 0.0
8.25 18.125 0.0
8.75 18.125 0.0
0.25 18.375 0.0
0.75 18.375 0.0
1.25 18.375 0.0
1.75 18.375 0.0
2.25 18.375 0.0
2.75 18.375 0.0
3.25 18.375 0.0
3.75 18.375 0.0
4.25 18.375 0.0
4.75 18.375 0.0
5.25 18.375 0.0
5.75 18.375 0.0
6.25 18.375 0.0
6.75 18.375 0.0
7.25 18.375 0.0
7.75 18.375 0.0
8.25 18.375 0.0
8.75 18.375 0.0
0.25 18.625 0.0
0.75 18.625 355944.732463
1.25 18.625 0.0
1.75 18.625 0.0
2.25 18.625 0.0
2.75 18.625 0.0
3.25 18.625 0.0
3.75 18.625 0.0
4.25 18.625 0.0
4.75 18.625 0.0
5.25 18.625 0.0
5.75 18.625 0.0
6.25 18.625 0.0
6.75 18.625 0.0
7.25 18.625 0.0
7.75 18.625 0.0
8.25 18.625 0.0
8.75 18.625 0.0
0.25 18.875 0.0
0.75 18.875 0.0
1.25 18.875 0.0
1.75 18.875 0.0
2.25 18.875 0.0
2.75 18.875 0.0
3.25 18.875 0.0
3.75 18.875 0.0
4.25 18.875 0.0
4.75 18.875 0.0
5.25 18.875 0.0
5.75 18.875 0.0
6.25 18.875 0.0
6.75 18.875 0.0
7.25 18.875 0.0
7.75 18.875 0.0
8.25 18.875 0.0
8.75 18.875 0.0
0.25 19.125 0.0
0.75 19.125 0.0
1.25 19.125 0.0
1.75 19.125 0.0
2.25 19.125 0.0
2.75 19.125 0.0
3.25 19.125 0.0
3.75 19.125 0.0
4.25 19.125 0.0
4.75 19.125 0.0
5.25 19.125 0.0
5.75 19.125 0.0
6.25 19.125 0.0
6.75 19.125 0.0
7.25 19.125 0.0
7.75 19.125 0.0
8.25 19.125 0.0
8.75 19.125 0.0
0.25 19.375 0.0
0.75 19.375 0.0
1.25 19.375 0.0
1.75 19.375 0.0
2.25 19.375 0.0
2.75 19.375 0.0
3.25 19.375 0.0
3.75 19.375 0.0
4.25 19.375 0.0
4.75 19.375 0.0
5.25 19.375 0.0
5.75 19.375 0.0
6.25 19.375 0.0
6.75 19.375 0.0
7.25 19.375 0.0
7.75 19.375 0.0
8.25 19.375 0.0
8.75 19.375 0.0
0.25 19.625 0.0
0.75 19.625 0.0
1.25 19.625 0.0
1.75 19.625 0.0
2.25 19.625 0.0
2.75 19.625 0.0
3.25 19.625 0.0
3.75 19.625 0.0
4.25 19.625 0.0
4.75 19.625 0.0
5.25 19.625 0.0
5.75 19.625 0.0
6.25 19.625 0.0
6.75 19.625 0.0
7.25 19.625 0.0
7.75 19.625 0.0
8.25 19.625 0.0
8.75 19.625 0.0
0.25 19.875 0.0
0.75 19.875 0.0
1.25 19.875 0.0
1.75 19.875 0.0
2.25 19.875 0.0
2.75 19.875 0.0
3.25 19.875 0.0
3.75 19.875 0.0
4.25 19.875 0.0
4.75 19.875 0.0
5.25 19.875 0.0
5.75 19.875 0.0
6.25 19.875 0.0
6.75 19.875 0.0
7.25 19.875 0.0
7.75 19.875 0.0
8.25 19.875 0.0
8.75 19.875 0.0
0.25 20.125 0.0
0.75 20.125 0.0
1.25 20.125 0.0
1.75 20.125 0.0
2.25 20.125 0.0
2.75 20.125 0.0
3.25 20.125 0.0
3.75 20.125 0.0
4.25 20.125 0.0
4.75 20.125 0.0
5.25 20.125 0.0
5.75 20.125 0.0
6.25 20.125 0.0
6.75 20.125 0.0
7.25 20.125 0.0
7.75 20.125 0.0
8.25 20.125 0.0
8.75 20.125 0.0
0.25 20.375 0.0
0.75 20.375 0.0
1.25 20.375 0.0
1.75 20.375 0.0
2.25 20.375 0.0
2.75 20.375 0.0
3.25 20.375 0.0
3.75 20.375 0.0
4.25 20.375 0.0
4.75 20.375 0.0
5.25 20.375 0.0
5.75 20.375 0.0
6.25 20.375 0.0
6.75 20.375 0.0
7.25 20.375 0.0
7.75 20.375 0.0
8.25 20.375 0.0
8.75 20.375 0.0
0.25 20.625 0.0
0.75 20.625 0.0
1.25 20.625 0.0
1.75 20.625 0.0
2.25 20.625 0.0
2.75 20.625 0.0
3.25 20.625 0.0
3.75 20.625 0.0
4.25 20.625 0.0
4.75 20.625 0.0
5.25 20.625 0.0
5.75 20.625 0.0
6.25 20.625 0.0
6.75 20.625 0.0
7.25 20.625 0.0
7.75 20.625 0.0
8.25 20.625 0.0
8.75 20.625 0.0
0.25 20.875 0.0
0.75 20.875 0.0
1.25 20.875 0.0
1.75 20.875 0.0
2.25 20.875 0.0
2.75 20.875 0.0
3.25 20.875 0.0
3.75 20.875 0.0
4.25 20.875 0.0
4.75 20.875 0.0
5.25 20.875 0.0
5.75 20.875 0.0
6.25 20.875 0.0
6.75 20.875 0.0
7.25 20.875 0.0
7.75 20.875 0.0
8.25 20.875 0.0
8.75 20.875 0.0
0.25 21.125 0.0
0.75 21.125 0.0
1.25 21.125 0.0
1.75 21.125 0.0
2.25 21.125 0.0
2.75 21.125 0.0
3.25 21.125 0.0
3.75 21.125 0.0
4.25 21.125 0.0
4.75 21.125 0.0
5.25 21.125 0.0
5.75 21.125 0.0
6.25 21.125 0.0
6.75 21.125 0.0
7.25 21.125 0.0
7.75 21.125 0.0
8.25 21.125 0.0
8.75 21.125 0.0
0.25 21.375 0.0
0.75 21.375 0.0
1.25 21.375 0.0
1.75 21.375 0.0
2.25 21.375 0.0
2.75 21.375 0.0
3.25 21.375 0.0
3.75 21.375 0.0
4.25 21.375 0.0
4.75 21.375 0.0
5.25 21.375 0.0
5.75 21.375 0.0
6.25 21.375 0.0
6.75 21.375 0.0
7.25 21.375 0.0
7.75 21.375 0.0
8.25 21.375 0.0
8.75 21.375 0.0
0.25 21.625 0.0
0.75 21.625 0.0
1.25 21.625 0.0
1.75 21.625 0.0
2.25 21.625 0.0
2.75 21.625 0.0
3.25 21.625 0.0
3.75 21.625 0.0
4.25 21.625 0.0
4.75 21.625 0.0
5.25 21.625 0.0
5.75 21.625 0.0
6.25 21.625 0.0
6.75 21.625 0.0
7.25 21.625 0.0
7.75 21.625 0.0
8.25 21.625 0.0
8.75 21.625 0.0
0.25 21.875 0.0
0.75 21.875 0.0
1.25 21.875 0.0
1.75 21.875 0.0
2.25 21.875 0.0
2.75 21.875 0.0
3.25 21.875 0.0
3.75 21.875 0.0
4.25 21.875 0.0
4.75 21.875 0.0
5.25 21.875 0.0
5.75 21.875 0.0
6.25 21.875 0.0
6.75 21.875 0.0
7.25 21.875 0.0
7.75 21.875 0.0
8.25 21.875 0.0
8.75 21.875 0.0
0.25 22.125 0.0
0.75 22.125 0.0
1.25 22.125 0.0
1.75 22.125 0.0
2.25 22.125 0.0
2.75 22.125 0.0
3.25 22.125 0.0
3.75 22.125 0.0
4.25 22.125 0.0
4.75 22.125 0.0
5.25 22.125 0.0
5.75 22.125 0.0
6.25 22.125 0.0
6.75 22.125 0.0
7.25 22.125 0.0
7.75 22.125 0.0
8.25 22.125 0.0
8.75 22.125 0.0
0.25 22.375 0.0
0.75 22.375 0.0
1.25 22.375 0.0
1.75 22.375 0.0
2.25 22.375 0.0
2.75 22.375 0.0
3.25 22.375 0.0
3.75 22.375 0.0
4.25 22.375 0.0
4.75 22.375 0.0
5.25 22.375 0.0
5.75 22.375 0.0
6.25 22.375 0.0
6.75 22.375 0.0
7.25 22.375 0.0
7.75 22.375 0.0
8.25 22.375 0.0
8.75 22.375 0.0
0.25 22.625 0.0
0.75 22.625 0.0
1.25 22.625 0.0
1.75 22.625 0.0
2.25 22.625 0.0
2.75 22.625 0.0
3.25 22.625 0.0
3.75 22.625 0.0
4.25 22.625 0.0
4.75 22.625 0.0
5.25 22.625 0.0
5.75 22.625 0.0
6.25 22.625 0.0
6.75 22.625 0.0
7.25 22.625 0.0
7.75 22.625 0.0
8.25 22.625 0.0
8.75 22.625 0.0
0.25 22.875 0.0
0.75 22.875 0.0
1.25 22.875 0.0
1.75 22.875 0.0
2.25 22.875 0.0
2.75 22.875 0.0
3.25 22.875 0.0
3.75 22.875 0.0
4.25 22.875 0.0
4.75 22.875 0.0
5.25 22.875 0.0
5.75 22.875 0.0
6.25 22.875 0.0
6.75 22.875 0.0
7.25 22.875 0.0
7.75 22.875 0.0
8.25 22.875 0.0
8.75 22.875 0.0
0.25 23.125 0.0
0.75 23.125 0.0
1.25 23.125 0.0
1.75 23.125 0.0
2.25 23.125 0.0
2.75 23.125 0.0
3.25 23.125 0.0
3.75 23.125 0.0
4.25 23.125 0.0
4.75 23.125 0.0
5.25 23.125 0.0
5.75 23.125 0.0
6.25 23.125 0.0
6.75 23.125 0.0
7.25 23.125 0.0
7.75 23.125 0.0
8.25 23.125 0.0
8.75 23.125 0.0
0.25 23.375 0.0
0.75 23.375 0.0
1.25 23.375 0.0
1.75 23.375 0.0
2.25 23.375 0.0
2.75 23.375 0.0
3.25 23.375 0.0
3.75 23.375 0.0
4.25 23.375 0.0
4.75 23.375 0.0
5.25 23.375 0.0
5.75 23.375 0.0
6.25 23.375 0.0
6.75 23.375 0.0
7.25 23.375 0.0
7.75 23.375 0.0
8.25 23.375 0.0
8.75 23.375 0.0
0.25 23.625 0.0
0.75 23.625 0.0
1.25 23.625 0.0
1.75 23.625 0.0
2.25 23.625 0.0
2.75 23.625 0.0
3.25 23.625 0.0
3.75 23.625 0.0
4.25 23.625 0.0
4.75 23.625 0.0
5.25 23.625 0.0
5.75 23.625 0.0
6.25 23.625 0.0
6.75 23.625 0.0
7.25 23.625 0.0
7.75 23.625 0.0
8.25 23.625 0.0
8.75 23.625 0.0
0.25 23.875 0.0
0.75 23.875 0.0
1.25 23.875 0.0
1.75 23.875 0.0
2.25 23.875 0.0
2.75 23.875 0.0
3.25 23.875 0.0
3.75 23.875 0.0
4.25 23.875 0.0
4.75 23.875 0.0
5.25 23.875 0.0
5.75 23.875 0.0
6.25 23.875 0.0
6.75 23.875 0.0
7.25 23.875 0.0
7.75 23.875 0.0
8.25 23.875 0.0
8.75 23.875 0.0
0.25 24.125 0.0
0.75 24.125 0.0
1.25 24.125 0.0
1.75 24.125 0.0
2.25 24.125 0.0
2.75 24.125 0.0
3.25 24.125 0.0
3.75 24.125 0.0
4.25 24.125 0.0
4.75 24.125 0.0
5.25 24.125 0.0
5.75 24.125 0.0
6.25 24.125 0.0
6.75 24.125 0.0
7.25 24.125 0.0
7.75 24.125 0.0
8.25 24.125 0.0
8.75 24.125 0.0
0.25 24.375 0.0
0.75 24.375 0.0
1.25 24.375 0.0
1.75 24.375 0.0
2.25 24.375 0.0
2.75 24.375 0.0
3.25 24.375 0.0
3.75 24.375 0.0
4.25 24.375 0.0
4.75 24.375 0.0
5.25 24.375 0.0
5.75 24.375 0.0
6.25 24.375 0.0
6.75 24.375 0.0
7.25 24.375 0.0
7.75 24.375 0.0
8.25 24.375 0.0
8.75 24.375 0.0
0.25 24.625 0.0
0.75 24.625 0.0
1.25 24.625 0.0
1.75 24.625 0.0
2.25 24.625 0.0
2.75 24.625 0.0
3.25 24.625 0.0
3.75 24.625 0.0
4.25 24.625 0.0
4.75 24.625 0.0
5.25 24.625 0.0
5.75 24.625 0.0
6.25 24.625 0.0
6.75 24.625 0.0
7.25 24.625 0.0
7.75 24.625 0.0
8.25 24.625 0.0
8.75 24.625 0.0
0.25 24.875 0.0
0.75 24.875 0.0
1.25 24.875 0.0
1.75 24.875 0.0
2.25 24.875 0.0
2.75 24.875 0.0
3.25 24.875 0.0
3.75 24.875 0.0
4.25 24.875 0.0
4.75 24.875 0.0
5.25 24.875 0.0
5.75 24.875 0.0
6.25 24.875 0.0
6.75 24.875 0.0
7.25 24.875 0.0
7.75 24.875 0.0
8.25 24.875 0.0
8.75 24.875 0.0
0.25 25.125 0.0
0.75 25.125 0.0
1.25 25.125 0.0
1.75 25.125 0.0
2.25 25.125 0.0
2.75 25.125 0.0
3.25 25.125 0.0
3.75 25.125 0.0
4.25 25.125 0.0
4.75 25.125 0.0
5.25 25.125 0.0
5.75 25.125 0.0
6.25 25.125 0.0
6.75 25.125 0.0
7.25 25.125 0.0
7.75 25.125 0.0
8.25 25.125 0.0
8.75 25.125 0.0
0.25 25.375 0.0
0.75 25.375 0.0
1.25 25.375 0.0
1.75 25.375 0.0
2.25 25.375 0.0
2.75 25.375 0.0
3.25 25.375 0.0
3.75 25.375 0.0
4.25 25.375 0.0
4.75 25.375 0.0
5.25 25.375 0.0
5.75 25.375 0.0
6.25 25.375 0.0
6.75 25.375 0.0
7.25 25.375 0.0
7.75 25.375 0.0
8.25 25.375 0.0
8.75 25.375 0.0
0.25 25.625 0.0
0.75 25.625 0.0
1.25 25.625 0.0
1.75 25.625 0.0
2.25 25.625 0.0
2.75 25.625 0.0
3.25 25.625 0.0
3.75 25.625 0.0
4.25 25.625 0.0
4.75 25.625 0.0
5.25 25.625 0.0
5.75 25.625 0.0
6.25 25.625 0.0
6.75 25.625 0.0
7.25 25.625 0.0
7.75 25.625 0.0
8.25 25.625 0.0
8.75 25.625 0.0
0.25 25.875 0.0
0.75 25.875 0.0
1.25 25.875 0.0
1.75 25.875 0.0
2.25 25.875 0.0
2.75 25.875 0.0
3.25 25.875 0.0
3.75 25.875 0.0
4.25 25.875 0.0
4.75 25.875 0.0
5.25 25.875 0.0
5.75 25.875 0.0
6.25 25.875 0.0
6.75 25.875 0.0
7.25 25.875 0.0
7.75 25.875 0.0
8.25 25.875 0.0
8.75 25.875 0.0
0.25 26.125 0.0
0.75 26.125 0.0
1.25 26.125 0.0
1.75 26.125 0.0
2.25 26.125 0.0
2.75 26.125 0.0
3.25 26.125 0.0
3.75 26.125 0.0
4.25 26.125 0.0
4.75 26.125 0.0
5.25 26.125 0.0
5.75 26.125 0.0
6.25 26.125 0.0
6.75 26.125 0.0
7.25 26.125 0.0
7.75 26.125 0.0
8.25 26.125 0.0
8.75 26.125 0.0
0.25 26.375 0.0
0.75 26.375 0.0
1.25 26.375 0.0
1.75 26.375 0.0
2.25 26.375 0.0
2.75 26.375 0.0
3.25 26.375 0.0
3.75 26.375 0.0
4.25 26.375 0.0
4.75 26.375 0.0
5.25 26.375 0.0
5.75 26.375 0.0
6.25 26.375 0.0
6.75 26.375 0.0
7.25 26.375 0.0
7.75 26.375 0.0
8.25 26.375 0.0
8.75 26.375 0.0
0.25 26.625 0.0
0.75 26.625 0.0
1.25 26.625 0.0
1.75 26.625 0.0
2.25 26.625 0.0
2.75 26.625 0.0
3.25 26.625 0.0
3.75 26.625 0.0
4.25 26.625 0.0
4.75 26.625 0.0
5.25 26.625 0.0
5.75 26.625 0.0
6.25 26.625 0.0
6.75 26.625 0.0
7.25 26.625 0.0
7.75 26.625 0.0
8.25 26.625 0.0
8.75 26.625 0.0
0.25 26.875 0.0
0.75 26.875 0.0
1.25 26.875 0.0
1.75 26.875 0.0
2.25 26.875 0.0
2.75 26.875 0.0
3.25 26.875 0.0
3.75 26.875 0.0
4.25 26.875 0.0
4.75 26.875 0.0
5.25 26.875 0.0
5.75 26.875 0.0
6.25 26.875 0.0
6.75 26.875 0.0
7.25 26.875 0.0
7.75 26.875 0.0
8.25 26.875 0.0
8.75 26.875 0.0
0.25 27.125 0.0
0.75 27.125 0.0
1.25 27.125 0.0
1.75 27.125 0.0
2.25 27.125 0.0
2.75 27.125 0.0
3.25 27.125 0.0
3.75 27.125 0.0
4.25 27.125 0.0
4.75 27.125 0.0
5.25 27.125 0.0
5.75 27.125 0.0
6.25 27.125 0.0
6.75 27.125 0.0
7.25 27.125 0.0
7.75 27.125 0.0
8.25 27.125 0.0
8.75 27.125 0.0
0.25 27.375 0.0
0.75 27.375 0.0
1.25 27.375 0.0
1.75 27.375 0.0
2.25 27.375 0.0
2.75 27.375 0.0
3.25 27.375 0.0
3.75 27.375 0.0
4.25 27.375 0.0
4.75 27.375 0.0
5.25 27.375 0.0
5.75 27.375 0.0
6.25 27.375 0.0
6.75 27.375 0.0
7.25 27.375 0.0
7.75 27.375 0.0
8.25 27.375 0.0
8.75 27.375 0.0
0.25 27.625 0.0
0.75 27.625 0.0
1.25 27.625 0.0
1.75 27.625 0.0
2.25 27.625 0.0
2.75 27.625 0.0
3.25 27.625 0.0
3.75 27.625 0.0
4.25 27.625 0.0
4.75 27.625 0.0
5.25 27.625 0.0
5.75 27.625 0.0
6.25 27.625 0.0
6.75 27.625 0.0
7.25 27.625 0.0
7.75 27.625 0.0
8.25 27.625 0.0
8.75 27.625 0.0
0.25 27.875 0.0
0.75 27.875 0.0
1.25 27.875 0.0
1.75 27.875 0.0
2.25 27.875 0.0
2.75 27.875 0.0
3.25 27.875 0.0
3.75 27.875 0.0
4.25 27.875 0.0
4.75 27.875 0.0
5.25 27.875 0.0
5.75 27.875 0.0
6.25 27.875 0.0
6.75 27.875 0.0
7.25 27.875 0.0
7.75 27.875 0.0
8.25 27.875 0.0
8.75 27.875 0.0
0.25 28.125 0.0
0.75 28.125 0.0
1.25 28.125 0.0
1.75 28.125 0.0
2.25 28.125 0.0
2.75 28.125 0.0
3.25 28.125 0.0
3.75 28.125 0.0
4.25 28.125 0.0
4.75 28.125 0.0
5.25 28.125 0.0
5.75 28.125 0.0
6.25 28.125 0.0
6.75 28.125 0.0
7.25 28.125 0.0
7.75 28.125 0.0
8.25 28.125 0.0
8.75 28.125 0.0
0.25 28.375 0.0
0.75 28.375 0.0
1.25 28.375 0.0
1.75 28.375 0.0
2.25 28.375 0.0
2.75 28.375 0.0
3.25 28.375 0.0
3.75 28.375 0.0
4.25 28.375 0.0
4.75 28.375 0.0
5.25 28.375 0.0
5.75 28.375 0.0
6.25 28.375 0.0
6.75 28.375 0.0
7.25 28.375 0.0
7.75 28.375 0.0
8.25 28.375 0.0
8.75 28.375 0.0
0.25 28.625 0.0
0.75 28.625 0.0
1.25 28.625 0.0
1.75 28.625 0.0
2.25 28.625 0.0
2.75 28.625 0.0
3.25 28.625 0.0
3.75 28.625 0.0
4.25 28.625 0.0
4.75 28.625 0.0
5.25 28.625 0.0
5.75 28.625 0.0
6.25 28.625 0.0
6.75 28.625 0.0
7.25 28.625 0.0
7.75 28.625 0.0
8.25 28.625 0.0
8.75 28.625 0.0
0.25 28.875 0.0
0.75 28.875 0.0
1.25 28.875 0.0
1.75 28.875 0.0
2.25 28.875 0.0
2.75 28.875 0.0
3.25 28.875 0.0
3.75 28.875 0.0
4.25 28.875 0.0
4.75 28.875 0.0
5.25 28.875 0.0
5.75 28.875 0.0
6.25 28.875 0.0
6.75 28.875 0.0
7.25 28.875 0.0
7.75 28.875 0.0
8.25 28.875 0.0
8.75 28.875 0.0
0.25 29.125 0.0
0.75 29.125 0.0
1.25 29.125 0.0
1.75 29.125 0.0
2.25 29.125 0.0
2.75 29.125 0.0
3.25 29.125 0.0
3.75 29.125 0.0
4.25 29.125 0.0
4.75 29.125 0.0
5.25 29.125 0.0
5.75 29.125 0.0
6.25 29.125 0.0
6.75 29.125 0.0
7.25 29.125 0.0
7.75 29.125 0.0
8.25 29.125 0.0
8.75 29.125 0.0
0.25 29.375 0.0
0.75 29.375 0.0
1.25 29.375 0.0
1.75 29.375 0.0
2.25 29.375 0.0
2.75 29.375 0.0
3.25 29.375 0.0
3.75 29.375 0.0
4.25 29.375 0.0
4.75 29.375 0.0
5.25 29.375 0.0
5.75 29.375 0.0
6.25 29.375 0.0
6.75 29.375 0.0
7.25 29.375 0.0
7.75 29.375 0.0
8.25 29.375 0.0
8.75 29.375 0.0
0.25 29.625 0.0
0.75 29.625 0.0
1.25 29.625 0.0
1.75 29.625 0.0
2.25 29.625 0.0
2.75 29.625 0.0
3.25 29.625 0.0
3.75 29.625 0.0
4.25 29.625 0.0
4.75 29.625 0.0
5.25 29.625 0.0
5.75 29.625 0.0
6.25 29.625 0.0
6.75 29.625 0.0
7.25 29.625 0.0
7.75 29.625 0.0
8.25 29.625 0.0
8.75 29.625 0.0
0.25 29.875 0.0
0.75 29.875 0.0
1.25 29.875 0.0
1.75 29.875 0.0
2.25 29.875 0.0
2.75 29.875 0.0
3.25 29.875 0.0
3.75 29.875 0.0
4.25 29.875 0.0
4.75 29.875 0.0
5.25 29.875 0.0
5.75 29.875 0.0
6.25 29.875 0.0
6.75 29.875 0.0
7.25 29.875 0.0
7.75 29.875 0.0
8.25 29.875 0.0
8.75 29.875 0.0
