11.294627058970837 2186.714011574235
14.219093021276404 24.897726689893716
17.900777537149963 458.636677656747
22.535743732392298 240.30272338758823
28.370820458389794 4292.219728827471
35.71674682851676 5650.4130930345345
44.96472020903849 20385.376558591815
56.60722890537329 16157.042827275567
71.26427896022373 35766.94024005604
89.71641173621407 75861.10997323647
112.94627058970838 103026.96704742979
142.1909302127641 142857.40745903488
179.00777537149963 158172.2726189171
225.35743732392305 229098.41873632802
283.7082045838981 291457.5068226777
357.1674682851676 359871.90345300036
449.6472020903849 374554.56429589354
566.0722890537327 353925.773462276
712.6427896022376 356712.4439504063
897.164117362141 314243.82225070894
1129.4627058970837 216268.87125561573
1421.9093021276408 135596.9560668068
1790.0777537149975 80851.43356130458
2253.5743732392316 33778.18240485713
2837.082045838981 15361.777387982234
3571.674682851676 3872.0243430132978
4496.47202090385 1083.7433793009259
5660.72289053733 59.680922728031874
7126.427896022379 1.2443499765358865
8971.64117362141 0.0
