0.25 0.125 18865070.8205
0.75 0.125 21000739.2153
1.25 0.125 20644794.4829
1.75 0.125 28475578.597
2.25 0.125 23136407.6101
2.75 0.125 25983965.4698
3.25 0.125 27763689.1321
3.75 0.125 29899357.5269
4.25 0.125 37374196.9086
4.75 0.125 30967191.7243
5.25 0.125 35950417.9788
5.75 0.125 30611246.9918
6.25 0.125 22780462.8776
6.75 0.125 19221015.553
7.25 0.125 7830784.11419
7.75 0.125 3915392.05709
8.25 0.125 711889.464926
8.75 0.125 0.0
0.25 0.375 50188207.2773
0.75 0.375 51967930.9396
1.25 0.375 48408483.615
1.75 0.375 62646272.9135
2.25 0.375 74036504.3523
2.75 0.375 76528117.4796
3.25 0.375 80799454.2691
3.75 0.375 104291806.612
4.25 0.375 85426735.7911
4.75 0.375 99308580.3572
5.25 0.375 78307841.1419
5.75 0.375 88986183.1158
6.25 0.375 65849775.5057
6.75 0.375 61222493.9837
7.25 0.375 30255302.2594
7.75 0.375 11390231.4388
8.25 0.375 3203502.59217
8.75 0.375 0.0
0.25 0.625 77951896.4094
0.75 0.625 86494569.9885
1.25 0.625 88986183.1158
1.75 0.625 93969409.3703
2.25 0.625 91477796.243
2.75 0.625 97884801.4274
3.25 0.625 117105816.98
3.75 0.625 113546369.656
4.25 0.625 119241485.375
4.75 0.625 103223972.414
5.25 0.625 120665264.305
5.75 0.625 91833740.9755
6.25 0.625 69053278.0978
6.75 0.625 53391709.8695
7.25 0.625 36306362.7112
7.75 0.625 14237789.2985
8.25 0.625 1779723.66232
8.75 0.625 0.0
0.25 0.875 85782680.5236
0.75 0.875 90765906.7781
1.25 0.875 100732359.287
1.75 0.875 105715585.542
2.25 0.875 113546369.656
2.75 0.875 105359640.809
3.25 0.875 112478535.458
3.75 0.875 128496048.419
4.25 0.875 108207198.669
4.75 0.875 118173651.178
5.25 0.875 110698811.796
5.75 0.875 93613464.6378
6.25 0.875 74748393.8172
6.75 0.875 50188207.2773
7.25 0.875 22424518.1452
7.75 0.875 11034286.7064
8.25 0.875 1067834.19739
8.75 0.875 0.0
0.25 1.125 94681298.8352
0.75 1.125 90054017.3132
1.25 1.125 92545630.4404
1.75 1.125 100732359.287
2.25 1.125 101088304.02
2.75 1.125 116393927.515
3.25 1.125 100732359.287
3.75 1.125 117105816.98
4.25 1.125 105715585.542
4.75 1.125 110698811.796
5.25 1.125 80443509.5367
5.75 1.125 76884062.212
6.25 1.125 72612725.4225
6.75 1.125 34882583.7814
7.25 1.125 17085347.1582
7.75 1.125 5339170.98695
8.25 1.125 1067834.19739
8.75 1.125 0.0
0.25 1.375 97172911.9624
0.75 1.375 90054017.3132
1.25 1.375 96461022.4975
1.75 1.375 96816967.23
2.25 1.375 92545630.4404
2.75 1.375 101444248.752
3.25 1.375 106427475.006
3.75 1.375 99308580.3572
4.25 1.375 93969409.3703
4.75 1.375 90409962.0456
5.25 1.375 68341388.6329
5.75 1.375 54459544.0669
6.25 1.375 37374196.9086
6.75 1.375 21000739.2153
7.25 1.375 13525899.8336
7.75 1.375 4271336.78956
8.25 1.375 0.0
8.75 1.375 0.0
0.25 1.625 76172172.7471
0.75 1.625 91477796.243
1.25 1.625 79731620.0717
1.75 1.625 85426735.7911
2.25 1.625 77951896.4094
2.75 1.625 89698072.5807
3.25 1.625 84002956.8613
3.75 1.625 76172172.7471
4.25 1.625 74748393.8172
4.75 1.625 67273554.4355
5.25 1.625 61934383.4486
5.75 1.625 42713367.8956
6.25 1.625 28475578.597
6.75 1.625 21712628.6802
7.25 1.625 7830784.11419
7.75 1.625 1779723.66232
8.25 1.625 0.0
8.75 1.625 0.0
0.25 1.875 72968670.1549
0.75 1.875 69053278.0978
1.25 1.875 70121112.2952
1.75 1.875 78663785.8743
2.25 1.875 75816228.0146
2.75 1.875 76172172.7471
3.25 1.875 67985443.9005
3.75 1.875 70477057.0277
4.25 1.875 68697333.3654
4.75 1.875 56951157.1941
5.25 1.875 53391709.8695
5.75 1.875 31679081.1892
6.25 1.875 24560186.54
6.75 1.875 10322397.2414
7.25 1.875 2491613.12724
7.75 1.875 711889.464926
8.25 1.875 0.0
8.75 1.875 0.0
0.25 2.125 61578438.7161
0.75 2.125 61578438.7161
1.25 2.125 56951157.1941
1.75 2.125 58374936.1239
2.25 2.125 67273554.4355
2.75 2.125 56239267.7292
3.25 2.125 59442770.3213
3.75 2.125 55171433.5318
4.25 2.125 46628759.9527
4.75 2.125 42001478.4306
5.25 2.125 32746915.3866
5.75 2.125 27407744.3997
6.25 2.125 13169955.1011
6.75 2.125 8186728.84665
7.25 2.125 2847557.8597
7.75 2.125 355944.732463
8.25 2.125 0.0
8.75 2.125 0.0
0.25 2.375 63714107.1109
0.75 2.375 59442770.3213
1.25 2.375 54815488.7993
1.75 2.375 55527378.2642
2.25 2.375 50188207.2773
2.75 2.375 50544152.0098
3.25 2.375 48052538.8825
3.75 2.375 51256041.4747
4.25 2.375 43781202.093
4.75 2.375 36306362.7112
5.25 2.375 25983965.4698
5.75 2.375 15305623.4959
6.25 2.375 10322397.2414
6.75 2.375 4983226.25448
7.25 2.375 3915392.05709
7.75 2.375 355944.732463
8.25 2.375 0.0
8.75 2.375 0.0
0.25 2.625 48052538.8825
0.75 2.625 52679820.4045
1.25 2.625 52679820.4045
1.75 2.625 48408483.615
2.25 2.625 44849036.2903
2.75 2.625 52679820.4045
3.25 2.625 39509865.3034
3.75 2.625 38086086.3736
4.25 2.625 37018252.1762
4.75 2.625 30967191.7243
5.25 2.625 20644794.4829
5.75 2.625 17797236.6232
6.25 2.625 8542673.57911
6.75 2.625 3559447.32463
7.25 2.625 355944.732463
7.75 2.625 0.0
8.25 2.625 0.0
8.75 2.625 0.0
0.25 2.875 46628759.9527
0.75 2.875 35238528.5138
1.25 2.875 34170694.3165
1.75 2.875 38442031.106
2.25 2.875 40221754.7683
2.75 2.875 38442031.106
3.25 2.875 35950417.9788
3.75 2.875 35950417.9788
4.25 2.875 24204241.8075
4.75 2.875 19576960.2855
5.25 2.875 17085347.1582
5.75 2.875 9610507.7765
6.25 2.875 7118894.64926
6.75 2.875 2491613.12724
7.25 2.875 2135668.39478
7.75 2.875 0.0
8.25 2.875 0.0
8.75 2.875 0.0
0.25 3.125 33102860.1191
0.75 3.125 35238528.5138
1.25 3.125 35594473.2463
1.75 3.125 30611246.9918
2.25 3.125 37374196.9086
2.75 3.125 33814749.584
3.25 3.125 25272076.0049
3.75 3.125 24204241.8075
4.25 3.125 19932905.0179
4.75 3.125 17441291.8907
5.25 3.125 13525899.8336
5.75 3.125 8186728.84665
6.25 3.125 3915392.05709
6.75 3.125 355944.732463
7.25 3.125 355944.732463
7.75 3.125 0.0
8.25 3.125 0.0
8.75 3.125 0.0
0.25 3.375 23848297.075
0.75 3.375 30967191.7243
1.25 3.375 30255302.2594
1.75 3.375 34882583.7814
2.25 3.375 27407744.3997
2.75 3.375 29899357.5269
3.25 3.375 20644794.4829
3.75 3.375 22424518.1452
4.25 3.375 18153181.3556
4.75 3.375 14237789.2985
5.25 3.375 7830784.11419
5.75 3.375 4627281.52202
6.25 3.375 2135668.39478
6.75 3.375 1779723.66232
7.25 3.375 0.0
7.75 3.375 0.0
8.25 3.375 0.0
8.75 3.375 0.0
0.25 3.625 25628020.7373
0.75 3.625 25983965.4698
1.25 3.625 28119633.8646
1.75 3.625 24916131.2724
2.25 3.625 25628020.7373
2.75 3.625 22068573.4127
3.25 3.625 19932905.0179
3.75 3.625 17085347.1582
4.25 3.625 13169955.1011
4.75 3.625 13169955.1011
5.25 3.625 8186728.84665
5.75 3.625 2847557.8597
6.25 3.625 2491613.12724
6.75 3.625 1067834.19739
7.25 3.625 0.0
7.75 3.625 0.0
8.25 3.625 0.0
8.75 3.625 0.0
0.25 3.875 19221015.553
0.75 3.875 22780462.8776
1.25 3.875 23492352.3426
1.75 3.875 19221015.553
2.25 3.875 21356683.9478
2.75 3.875 18509126.0881
3.25 3.875 17441291.8907
3.75 3.875 14237789.2985
4.25 3.875 11390231.4388
4.75 3.875 8186728.84665
5.25 3.875 6051060.45187
5.75 3.875 1779723.66232
6.25 3.875 1423778.92985
6.75 3.875 355944.732463
7.25 3.875 0.0
7.75 3.875 0.0
8.25 3.875 0.0
8.75 3.875 0.0
0.25 4.125 16729402.4258
0.75 4.125 18153181.3556
1.25 4.125 18865070.8205
1.75 4.125 15661568.2284
2.25 4.125 13525899.8336
2.75 4.125 13169955.1011
3.25 4.125 12458065.6362
3.75 4.125 13525899.8336
4.25 4.125 7830784.11419
4.75 4.125 7118894.64926
5.25 4.125 4627281.52202
5.75 4.125 2847557.8597
6.25 4.125 1423778.92985
6.75 4.125 1423778.92985
7.25 4.125 0.0
7.75 4.125 0.0
8.25 4.125 0.0
8.75 4.125 0.0
0.25 4.375 19221015.553
0.75 4.375 14949678.7634
1.25 4.375 17085347.1582
1.75 4.375 16729402.4258
2.25 4.375 15661568.2284
2.75 4.375 11746176.1713
3.25 4.375 10322397.2414
3.75 4.375 8898618.31158
4.25 4.375 5695115.71941
4.75 4.375 4983226.25448
5.25 4.375 4627281.52202
5.75 4.375 1423778.92985
6.25 4.375 355944.732463
6.75 4.375 355944.732463
7.25 4.375 0.0
7.75 4.375 0.0
8.25 4.375 0.0
8.75 4.375 0.0
0.25 4.625 16373457.6933
0.75 4.625 11034286.7064
1.25 4.625 12102120.9037
1.75 4.625 16017512.9608
2.25 4.625 10322397.2414
2.75 4.625 11390231.4388
3.25 4.625 8186728.84665
3.75 4.625 7830784.11419
4.25 4.625 5695115.71941
4.75 4.625 4627281.52202
5.25 4.625 2135668.39478
5.75 4.625 1067834.19739
6.25 4.625 0.0
6.75 4.625 711889.464926
7.25 4.625 0.0
7.75 4.625 0.0
8.25 4.625 0.0
8.75 4.625 0.0
0.25 4.875 8542673.57911
0.75 4.875 11034286.7064
1.25 4.875 15305623.4959
1.75 4.875 8186728.84665
2.25 4.875 11034286.7064
2.75 4.875 10678341.9739
3.25 4.875 6762949.9168
3.75 4.875 5695115.71941
4.25 4.875 4983226.25448
4.75 4.875 4627281.52202
5.25 4.875 355944.732463
5.75 4.875 1067834.19739
6.25 4.875 1423778.92985
6.75 4.875 355944.732463
7.25 4.875 0.0
7.75 4.875 0.0
8.25 4.875 0.0
8.75 4.875 0.0
0.25 5.125 6407005.18434
0.75 5.125 8542673.57911
1.25 5.125 6762949.9168
1.75 5.125 10322397.2414
2.25 5.125 5339170.98695
2.75 5.125 8898618.31158
3.25 5.125 8542673.57911
3.75 5.125 6762949.9168
4.25 5.125 3915392.05709
4.75 5.125 2491613.12724
5.25 5.125 1423778.92985
5.75 5.125 0.0
6.25 5.125 355944.732463
6.75 5.125 0.0
7.25 5.125 355944.732463
7.75 5.125 0.0
8.25 5.125 0.0
8.75 5.125 0.0
0.25 5.375 8542673.57911
0.75 5.375 8542673.57911
1.25 5.375 6762949.9168
1.75 5.375 8186728.84665
2.25 5.375 8542673.57911
2.75 5.375 9610507.7765
3.25 5.375 6051060.45187
3.75 5.375 4983226.25448
4.25 5.375 3559447.32463
4.75 5.375 2135668.39478
5.25 5.375 1779723.66232
5.75 5.375 1423778.92985
6.25 5.375 0.0
6.75 5.375 0.0
7.25 5.375 0.0
7.75 5.375 0.0
8.25 5.375 0.0
8.75 5.375 0.0
0.25 5.625 6407005.18434
0.75 5.625 3559447.32463
1.25 5.625 8186728.84665
1.75 5.625 5695115.71941
2.25 5.625 7118894.64926
2.75 5.625 3559447.32463
3.25 5.625 4271336.78956
3.75 5.625 3203502.59217
4.25 5.625 1423778.92985
4.75 5.625 1779723.66232
5.25 5.625 711889.464926
5.75 5.625 355944.732463
6.25 5.625 355944.732463
6.75 5.625 0.0
7.25 5.625 0.0
7.75 5.625 0.0
8.25 5.625 0.0
8.75 5.625 0.0
0.25 5.875 5339170.98695
0.75 5.875 7474839.38172
1.25 5.875 4983226.25448
1.75 5.875 7118894.64926
2.25 5.875 5695115.71941
2.75 5.875 4271336.78956
3.25 5.875 2135668.39478
3.75 5.875 4983226.25448
4.25 5.875 2135668.39478
4.75 5.875 2135668.39478
5.25 5.875 2135668.39478
5.75 5.875 355944.732463
6.25 5.875 0.0
6.75 5.875 0.0
7.25 5.875 0.0
7.75 5.875 0.0
8.25 5.875 0.0
8.75 5.875 0.0
0.25 6.125 4271336.78956
0.75 6.125 8542673.57911
1.25 6.125 4627281.52202
1.75 6.125 7474839.38172
2.25 6.125 4983226.25448
2.75 6.125 4983226.25448
3.25 6.125 4271336.78956
3.75 6.125 1779723.66232
4.25 6.125 3203502.59217
4.75 6.125 1779723.66232
5.25 6.125 355944.732463
5.75 6.125 0.0
6.25 6.125 0.0
6.75 6.125 0.0
7.25 6.125 0.0
7.75 6.125 0.0
8.25 6.125 0.0
8.75 6.125 0.0
0.25 6.375 3915392.05709
0.75 6.375 3203502.59217
1.25 6.375 3915392.05709
1.75 6.375 6051060.45187
2.25 6.375 2847557.8597
2.75 6.375 6407005.18434
3.25 6.375 2491613.12724
3.75 6.375 2491613.12724
4.25 6.375 2135668.39478
4.75 6.375 1423778.92985
5.25 6.375 355944.732463
5.75 6.375 0.0
6.25 6.375 0.0
6.75 6.375 0.0
7.25 6.375 0.0
7.75 6.375 0.0
8.25 6.375 0.0
8.75 6.375 0.0
0.25 6.625 3559447.32463
0.75 6.625 3915392.05709
1.25 6.625 2847557.8597
1.75 6.625 5695115.71941
2.25 6.625 3559447.32463
2.75 6.625 3559447.32463
3.25 6.625 2491613.12724
3.75 6.625 355944.732463
4.25 6.625 1423778.92985
4.75 6.625 1423778.92985
5.25 6.625 355944.732463
5.75 6.625 355944.732463
6.25 6.625 0.0
6.75 6.625 0.0
7.25 6.625 0.0
7.75 6.625 0.0
8.25 6.625 0.0
8.75 6.625 0.0
0.25 6.875 2847557.8597
0.75 6.875 3915392.05709
1.25 6.875 3915392.05709
1.75 6.875 5695115.71941
2.25 6.875 2135668.39478
2.75 6.875 1423778.92985
3.25 6.875 2847557.8597
3.75 6.875 2491613.12724
4.25 6.875 711889.464926
4.75 6.875 355944.732463
5.25 6.875 355944.732463
5.75 6.875 711889.464926
6.25 6.875 355944.732463
6.75 6.875 0.0
7.25 6.875 0.0
7.75 6.875 0.0
8.25 6.875 0.0
8.75 6.875 0.0
0.25 7.125 2491613.12724
0.75 7.125 3559447.32463
1.25 7.125 3915392.05709
1.75 7.125 1779723.66232
2.25 7.125 1779723.66232
2.75 7.125 3915392.05709
3.25 7.125 2491613.12724
3.75 7.125 1423778.92985
4.25 7.125 0.0
4.75 7.125 1067834.19739
5.25 7.125 355944.732463
5.75 7.125 355944.732463
6.25 7.125 0.0
6.75 7.125 0.0
7.25 7.125 0.0
7.75 7.125 0.0
8.25 7.125 0.0
8.75 7.125 0.0
0.25 7.375 3203502.59217
0.75 7.375 4627281.52202
1.25 7.375 2491613.12724
1.75 7.375 3203502.59217
2.25 7.375 2847557.8597
2.75 7.375 2135668.39478
3.25 7.375 355944.732463
3.75 7.375 1067834.19739
4.25 7.375 1067834.19739
4.75 7.375 355944.732463
5.25 7.375 0.0
5.75 7.375 0.0
6.25 7.375 0.0
6.75 7.375 0.0
7.25 7.375 0.0
7.75 7.375 0.0
8.25 7.375 0.0
8.75 7.375 0.0
0.25 7.625 2491613.12724
0.75 7.625 2491613.12724
1.25 7.625 2135668.39478
1.75 7.625 1779723.66232
2.25 7.625 1423778.92985
2.75 7.625 2135668.39478
3.25 7.625 1423778.92985
3.75 7.625 1067834.19739
4.25 7.625 355944.732463
4.75 7.625 0.0
5.25 7.625 355944.732463
5.75 7.625 0.0
6.25 7.625 0.0
6.75 7.625 0.0
7.25 7.625 0.0
7.75 7.625 0.0
8.25 7.625 0.0
8.75 7.625 0.0
0.25 7.875 1423778.92985
0.75 7.875 3915392.05709
1.25 7.875 2491613.12724
1.75 7.875 1423778.92985
2.25 7.875 1423778.92985
2.75 7.875 1067834.19739
3.25 7.875 711889.464926
3.75 7.875 1067834.19739
4.25 7.875 1067834.19739
4.75 7.875 355944.732463
5.25 7.875 0.0
5.75 7.875 0.0
6.25 7.875 0.0
6.75 7.875 0.0
7.25 7.875 0.0
7.75 7.875 0.0
8.25 7.875 0.0
8.75 7.875 0.0
0.25 8.125 1779723.66232
0.75 8.125 1067834.19739
1.25 8.125 2491613.12724
1.75 8.125 355944.732463
2.25 8.125 1779723.66232
2.75 8.125 1779723.66232
3.25 8.125 711889.464926
3.75 8.125 355944.732463
4.25 8.125 355944.732463
4.75 8.125 355944.732463
5.25 8.125 0.0
5.75 8.125 0.0
6.25 8.125 0.0
6.75 8.125 0.0
7.25 8.125 0.0
7.75 8.125 0.0
8.25 8.125 0.0
8.75 8.125 0.0
0.25 8.375 1423778.92985
0.75 8.375 1423778.92985
1.25 8.375 1067834.19739
1.75 8.375 711889.464926
2.25 8.375 1779723.66232
2.75 8.375 355944.732463
3.25 8.375 2847557.8597
3.75 8.375 0.0
4.25 8.375 355944.732463
4.75 8.375 355944.732463
5.25 8.375 711889.464926
5.75 8.375 0.0
6.25 8.375 0.0
6.75 8.375 0.0
7.25 8.375 0.0
7.75 8.375 0.0
8.25 8.375 0.0
8.75 8.375 0.0
0.25 8.625 1779723.66232
0.75 8.625 1779723.66232
1.25 8.625 1067834.19739
1.75 8.625 1779723.66232
2.25 8.625 3203502.59217
2.75 8.625 3203502.59217
3.25 8.625 1423778.92985
3.75 8.625 711889.464926
4.25 8.625 711889.464926
4.75 8.625 0.0
5.25 8.625 711889.464926
5.75 8.625 0.0
6.25 8.625 0.0
6.75 8.625 0.0
7.25 8.625 0.0
7.75 8.625 0.0
8.25 8.625 0.0
8.75 8.625 0.0
0.25 8.875 1423778.92985
0.75 8.875 1423778.92985
1.25 8.875 2135668.39478
1.75 8.875 1423778.92985
2.25 8.875 1067834.19739
2.75 8.875 355944.732463
3.25 8.875 0.0
3.75 8.875 355944.732463
4.25 8.875 355944.732463
4.75 8.875 355944.732463
5.25 8.875 0.0
5.75 8.875 0.0
6.25 8.875 0.0
6.75 8.875 0.0
7.25 8.875 0.0
7.75 8.875 0.0
8.25 8.875 0.0
8.75 8.875 0.0
0.25 9.125 1067834.19739
0.75 9.125 1423778.92985
1.25 9.125 355944.732463
1.75 9.125 711889.464926
2.25 9.125 711889.464926
2.75 9.125 1067834.19739
3.25 9.125 0.0
3.75 9.125 355944.732463
4.25 9.125 355944.732463
4.75 9.125 0.0
5.25 9.125 0.0
5.75 9.125 0.0
6.25 9.125 0.0
6.75 9.125 0.0
7.25 9.125 0.0
7.75 9.125 0.0
8.25 9.125 0.0
8.75 9.125 0.0
0.25 9.375 711889.464926
0.75 9.375 1067834.19739
1.25 9.375 711889.464926
1.75 9.375 2135668.39478
2.25 9.375 711889.464926
2.75 9.375 355944.732463
3.25 9.375 711889.464926
3.75 9.375 1067834.19739
4.25 9.375 0.0
4.75 9.375 355944.732463
5.25 9.375 0.0
5.75 9.375 0.0
6.25 9.375 0.0
6.75 9.375 0.0
7.25 9.375 0.0
7.75 9.375 0.0
8.25 9.375 0.0
8.75 9.375 0.0
0.25 9.625 1067834.19739
0.75 9.625 711889.464926
1.25 9.625 1067834.19739
1.75 9.625 0.0
2.25 9.625 1067834.19739
2.75 9.625 0.0
3.25 9.625 0.0
3.75 9.625 1423778.92985
4.25 9.625 0.0
4.75 9.625 355944.732463
5.25 9.625 355944.732463
5.75 9.625 0.0
6.25 9.625 0.0
6.75 9.625 0.0
7.25 9.625 0.0
7.75 9.625 0.0
8.25 9.625 0.0
8.75 9.625 0.0
0.25 9.875 0.0
0.75 9.875 1423778.92985
1.25 9.875 355944.732463
1.75 9.875 711889.464926
2.25 9.875 1423778.92985
2.75 9.875 355944.732463
3.25 9.875 711889.464926
3.75 9.875 355944.732463
4.25 9.875 0.0
4.75 9.875 0.0
5.25 9.875 0.0
5.75 9.875 0.0
6.25 9.875 0.0
6.75 9.875 0.0
7.25 9.875 0.0
7.75 9.875 0.0
8.25 9.875 0.0
8.75 9.875 0.0
0.25 10.125 0.0
0.75 10.125 355944.732463
1.25 10.125 1423778.92985
1.75 10.125 355944.732463
2.25 10.125 711889.464926
2.75 10.125 355944.732463
3.25 10.125 711889.464926
3.75 10.125 0.0
4.25 10.125 0.0
4.75 10.125 0.0
5.25 10.125 0.0
5.75 10.125 0.0
6.25 10.125 0.0
6.75 10.125 0.0
7.25 10.125 0.0
7.75 10.125 0.0
8.25 10.125 0.0
8.75 10.125 0.0
0.25 10.375 711889.464926
0.75 10.375 2135668.39478
1.25 10.375 1067834.19739
1.75 10.375 355944.732463
2.25 10.375 355944.732463
2.75 10.375 355944.732463
3.25 10.375 711889.464926
3.75 10.375 0.0
4.25 10.375 0.0
4.75 10.375 0.0
5.25 10.375 0.0
5.75 10.375 0.0
6.25 10.375 0.0
6.75 10.375 0.0
7.25 10.375 0.0
7.75 10.375 0.0
8.25 10.375 0.0
8.75 10.375 0.0
0.25 10.625 711889.464926
0.75 10.625 355944.732463
1.25 10.625 1067834.19739
1.75 10.625 711889.464926
2.25 10.625 355944.732463
2.75 10.625 711889.464926
3.25 10.625 1067834.19739
3.75 10.625 0.0
4.25 10.625 0.0
4.75 10.625 0.0
5.25 10.625 0.0
5.75 10.625 355944.732463
6.25 10.625 0.0
6.75 10.625 0.0
7.25 10.625 0.0
7.75 10.625 0.0
8.25 10.625 0.0
8.75 10.625 0.0
0.25 10.875 0.0
0.75 10.875 355944.732463
1.25 10.875 355944.732463
1.75 10.875 711889.464926
2.25 10.875 1423778.92985
2.75 10.875 0.0
3.25 10.875 711889.464926
3.75 10.875 0.0
4.25 10.875 0.0
4.75 10.875 0.0
5.25 10.875 0.0
5.75 10.875 355944.732463
6.25 10.875 0.0
6.75 10.875 0.0
7.25 10.875 0.0
7.75 10.875 0.0
8.25 10.875 0.0
8.75 10.875 0.0
0.25 11.125 355944.732463
0.75 11.125 0.0
1.25 11.125 711889.464926
1.75 11.125 1067834.19739
2.25 11.125 711889.464926
2.75 11.125 711889.464926
3.25 11.125 355944.732463
3.75 11.125 355944.732463
4.25 11.125 0.0
4.75 11.125 355944.732463
5.25 11.125 0.0
5.75 11.125 0.0
6.25 11.125 0.0
6.75 11.125 0.0
7.25 11.125 0.0
7.75 11.125 0.0
8.25 11.125 0.0
8.75 11.125 0.0
0.25 11.375 711889.464926
0.75 11.375 1067834.19739
1.25 11.375 1067834.19739
1.75 11.375 711889.464926
2.25 11.375 711889.464926
2.75 11.375 355944.732463
3.25 11.375 355944.732463
3.75 11.375 0.0
4.25 11.375 0.0
4.75 11.375 0.0
5.25 11.375 355944.732463
5.75 11.375 0.0
6.25 11.375 0.0
6.75 11.375 0.0
7.25 11.375 0.0
7.75 11.375 0.0
8.25 11.375 0.0
8.75 11.375 0.0
0.25 11.625 355944.732463
0.75 11.625 355944.732463
1.25 11.625 1067834.19739
1.75 11.625 1067834.19739
2.25 11.625 711889.464926
2.75 11.625 355944.732463
3.25 11.625 355944.732463
3.75 11.625 0.0
4.25 11.625 355944.732463
4.75 11.625 355944.732463
5.25 11.625 355944.732463
5.75 11.625 0.0
6.25 11.625 0.0
6.75 11.625 0.0
7.25 11.625 0.0
7.75 11.625 0.0
8.25 11.625 0.0
8.75 11.625 0.0
0.25 11.875 711889.464926
0.75 11.875 355944.732463
1.25 11.875 711889.464926
1.75 11.875 0.0
2.25 11.875 0.0
2.75 11.875 0.0
3.25 11.875 355944.732463
3.75 11.875 0.0
4.25 11.875 355944.732463
4.75 11.875 0.0
5.25 11.875 0.0
5.75 11.875 0.0
6.25 11.875 0.0
6.75 11.875 0.0
7.25 11.875 0.0
7.75 11.875 0.0
8.25 11.875 0.0
8.75 11.875 0.0
0.25 12.125 0.0
0.75 12.125 0.0
1.25 12.125 711889.464926
1.75 12.125 355944.732463
2.25 12.125 0.0
2.75 12.125 1067834.19739
3.25 12.125 0.0
3.75 12.125 0.0
4.25 12.125 0.0
4.75 12.125 0.0
5.25 12.125 0.0
5.75 12.125 0.0
6.25 12.125 0.0
6.75 12.125 0.0
7.25 12.125 0.0
7.75 12.125 0.0
8.25 12.125 0.0
8.75 12.125 0.0
0.25 12.375 355944.732463
0.75 12.375 0.0
1.25 12.375 355944.732463
1.75 12.375 355944.732463
2.25 12.375 0.0
2.75 12.375 355944.732463
3.25 12.375 0.0
3.75 12.375 355944.732463
4.25 12.375 0.0
4.75 12.375 0.0
5.25 12.375 0.0
5.75 12.375 0.0
6.25 12.375 0.0
6.75 12.375 0.0
7.25 12.375 0.0
7.75 12.375 0.0
8.25 12.375 0.0
8.75 12.375 0.0
0.25 12.625 0.0
0.75 12.625 711889.464926
1.25 12.625 0.0
1.75 12.625 0.0
2.25 12.625 0.0
2.75 12.625 0.0
3.25 12.625 0.0
3.75 12.625 0.0
4.25 12.625 355944.732463
4.75 12.625 0.0
5.25 12.625 0.0
5.75 12.625 0.0
6.25 12.625 0.0
6.75 12.625 0.0
7.25 12.625 0.0
7.75 12.625 0.0
8.25 12.625 0.0
8.75 12.625 0.0
0.25 12.875 355944.732463
0.75 12.875 0.0
1.25 12.875 1067834.19739
1.75 12.875 0.0
2.25 12.875 0.0
2.75 12.875 355944.732463
3.25 12.875 355944.732463
3.75 12.875 0.0
4.25 12.875 355944.732463
4.75 12.875 355944.732463
5.25 12.875 0.0
5.75 12.875 0.0
6.25 12.875 0.0
6.75 12.875 0.0
7.25 12.875 0.0
7.75 12.875 0.0
8.25 12.875 0.0
8.75 12.875 0.0
0.25 13.125 355944.732463
0.75 13.125 711889.464926
1.25 13.125 0.0
1.75 13.125 355944.732463
2.25 13.125 355944.732463
2.75 13.125 0.0
3.25 13.125 0.0
3.75 13.125 355944.732463
4.25 13.125 0.0
4.75 13.125 0.0
5.25 13.125 0.0
5.75 13.125 0.0
6.25 13.125 0.0
6.75 13.125 0.0
7.25 13.125 0.0
7.75 13.125 0.0
8.25 13.125 0.0
8.75 13.125 0.0
0.25 13.375 0.0
0.75 13.375 0.0
1.25 13.375 1067834.19739
1.75 13.375 711889.464926
2.25 13.375 0.0
2.75 13.375 355944.732463
3.25 13.375 0.0
3.75 13.375 0.0
4.25 13.375 711889.464926
4.75 13.375 0.0
5.25 13.375 0.0
5.75 13.375 0.0
6.25 13.375 0.0
6.75 13.375 0.0
7.25 13.375 0.0
7.75 13.375 0.0
8.25 13.375 0.0
8.75 13.375 0.0
0.25 13.625 0.0
0.75 13.625 355944.732463
1.25 13.625 0.0
1.75 13.625 711889.464926
2.25 13.625 355944.732463
2.75 13.625 0.0
3.25 13.625 0.0
3.75 13.625 0.0
4.25 13.625 0.0
4.75 13.625 0.0
5.25 13.625 0.0
5.75 13.625 0.0
6.25 13.625 0.0
6.75 13.625 0.0
7.25 13.625 0.0
7.75 13.625 0.0
8.25 13.625 0.0
8.75 13.625 0.0
0.25 13.875 0.0
0.75 13.875 0.0
1.25 13.875 0.0
1.75 13.875 355944.732463
2.25 13.875 0.0
2.75 13.875 0.0
3.25 13.875 0.0
3.75 13.875 0.0
4.25 13.875 0.0
4.75 13.875 0.0
5.25 13.875 0.0
5.75 13.875 0.0
6.25 13.875 0.0
6.75 13.875 0.0
7.25 13.875 0.0
7.75 13.875 0.0
8.25 13.875 0.0
8.75 13.875 0.0
0.25 14.125 1067834.19739
0.75 14.125 0.0
1.25 14.125 0.0
1.75 14.125 0.0
2.25 14.125 0.0
2.75 14.125 0.0
3.25 14.125 0.0
3.75 14.125 0.0
4.25 14.125 0.0
4.75 14.125 0.0
5.25 14.125 0.0
5.75 14.125 0.0
6.25 14.125 0.0
6.75 14.125 0.0
7.25 14.125 0.0
7.75 14.125 0.0
8.25 14.125 0.0
8.75 14.125 0.0
0.25 14.375 0.0
0.75 14.375 0.0
1.25 14.375 0.0
1.75 14.375 355944.732463
2.25 14.375 0.0
2.75 14.375 0.0
3.25 14.375 0.0
3.75 14.375 0.0
4.25 14.375 0.0
4.75 14.375 0.0
5.25 14.375 0.0
5.75 14.375 0.0
6.25 14.375 0.0
6.75 14.375 0.0
7.25 14.375 0.0
7.75 14.375 0.0
8.25 14.375 0.0
8.75 14.375 0.0
0.25 14.625 355944.732463
0.75 14.625 355944.732463
1.25 14.625 355944.732463
1.75 14.625 0.0
2.25 14.625 355944.732463
2.75 14.625 0.0
3.25 14.625 0.0
3.75 14.625 0.0
4.25 14.625 0.0
4.75 14.625 0.0
5.25 14.625 0.0
5.75 14.625 0.0
6.25 14.625 0.0
6.75 14.625 0.0
7.25 14.625 0.0
7.75 14.625 0.0
8.25 14.625 0.0
8.75 14.625 0.0
0.25 14.875 711889.464926
0.75 14.875 0.0
1.25 14.875 0.0
1.75 14.875 0.0
2.25 14.875 0.0
2.75 14.875 0.0
3.25 14.875 355944.732463
3.75 14.875 0.0
4.25 14.875 355944.732463
4.75 14.875 0.0
5.25 14.875 0.0
5.75 14.875 0.0
6.25 14.875 0.0
6.75 14.875 0.0
7.25 14.875 0.0
7.75 14.875 0.0
8.25 14.875 0.0
8.75 14.875 0.0
0.25 15.125 0.0
0.75 15.125 0.0
1.25 15.125 711889.464926
1.75 15.125 355944.732463
2.25 15.125 0.0
2.75 15.125 0.0
3.25 15.125 0.0
3.75 15.125 0.0
4.25 15.125 0.0
4.75 15.125 0.0
5.25 15.125 0.0
5.75 15.125 0.0
6.25 15.125 0.0
6.75 15.125 0.0
7.25 15.125 0.0
7.75 15.125 0.0
8.25 15.125 0.0
8.75 15.125 0.0
0.25 15.375 355944.732463
0.75 15.375 0.0
1.25 15.375 0.0
1.75 15.375 355944.732463
2.25 15.375 0.0
2.75 15.375 0.0
3.25 15.375 0.0
3.75 15.375 0.0
4.25 15.375 0.0
4.75 15.375 0.0
5.25 15.375 0.0
5.75 15.375 0.0
6.25 15.375 0.0
6.75 15.375 0.0
7.25 15.375 0.0
7.75 15.375 0.0
8.25 15.375 0.0
8.75 15.375 0.0
0.25 15.625 355944.732463
0.75 15.625 0.0
1.25 15.625 355944.732463
1.75 15.625 0.0
2.25 15.625 0.0
2.75 15.625 355944.732463
3.25 15.625 355944.732463
3.75 15.625 0.0
4.25 15.625 355944.732463
4.75 15.625 0.0
5.25 15.625 0.0
5.75 15.625 0.0
6.25 15.625 0.0
6.75 15.625 0.0
7.25 15.625 0.0
7.75 15.625 0.0
8.25 15.625 0.0
8.75 15.625 0.0
0.25 15.875 0.0
0.75 15.875 0.0
1.25 15.875 355944.732463
1.75 15.875 0.0
2.25 15.875 0.0
2.75 15.875 0.0
3.25 15.875 0.0
3.75 15.875 0.0
4.25 15.875 0.0
4.75 15.875 0.0
5.25 15.875 0.0
5.75 15.875 0.0
6.25 15.875 0.0
6.75 15.875 0.0
7.25 15.875 0.0
7.75 15.875 0.0
8.25 15.875 0.0
8.75 15.875 0.0
0.25 16.125 0.0
0.75 16.125 0.0
1.25 16.125 0.0
1.75 16.125 0.0
2.25 16.125 0.0
2.75 16.125 0.0
3.25 16.125 0.0
3.75 16.125 0.0
4.25 16.125 0.0
4.75 16.125 0.0
5.25 16.125 0.0
5.75 16.125 0.0
6.25 16.125 0.0
6.75 16.125 0.0
7.25 16.125 0.0
7.75 16.125 0.0
8.25 16.125 0.0
8.75 16.125 0.0
0.25 16.375 0.0
0.75 16.375 711889.464926
1.25 16.375 0.0
1.75 16.375 0.0
2.25 16.375 0.0
2.75 16.375 0.0
3.25 16.375 0.0
3.75 16.375 0.0
4.25 16.375 0.0
4.75 16.375 0.0
5.25 16.375 0.0
5.75 16.375 0.0
6.25 16.375 0.0
6.75 16.375 0.0
7.25 16.375 0.0
7.75 16.375 0.0
8.25 16.375 0.0
8.75 16.375 0.0
0.25 16.625 355944.732463
0.75 16.625 0.0
1.25 16.625 0.0
1.75 16.625 355944.732463
2.25 16.625 0.0
2.75 16.625 0.0
3.25 16.625 0.0
3.75 16.625 355944.732463
4.25 16.625 0.0
4.75 16.625 0.0
5.25 16.625 0.0
5.75 16.625 0.0
6.25 16.625 0.0
6.75 16.625 0.0
7.25 16.625 0.0
7.75 16.625 0.0
8.25 16.625 0.0
8.75 16.625 0.0
0.25 16.875 0.0
0.75 16.875 0.0
1.25 16.875 0.0
1.75 16.875 0.0
2.25 16.875 0.0
2.75 16.875 0.0
3.25 16.875 0.0
3.75 16.875 0.0
4.25 16.875 355944.732463
4.75 16.875 0.0
5.25 16.875 0.0
5.75 16.875 0.0
6.25 16.875 0.0
6.75 16.875 0.0
7.25 16.875 0.0
7.75 16.875 0.0
8.25 16.875 0.0
8.75 16.875 0.0
0.25 17.125 0.0
0.75 17.125 0.0
1.25 17.125 0.0
1.75 17.125 0.0
2.25 17.125 0.0
2.75 17.125 0.0
3.25 17.125 0.0
3.75 17.125 0.0
4.25 17.125 0.0
4.75 17.125 0.0
5.25 17.125 0.0
5.75 17.125 0.0
6.25 17.125 0.0
6.75 17.125 0.0
7.25 17.125 0.0
7.75 17.125 0.0
8.25 17.125 0.0
8.75 17.125 0.0
0.25 17.375 0.0
0.75 17.375 0.0
1.25 17.375 355944.732463
1.75 17.375 0.0
2.25 17.375 0.0
2.75 17.375 0.0
3.25 17.375 0.0
3.75 17.375 0.0
4.25 17.375 0.0
4.75 17.375 0.0
5.25 17.375 0.0
5.75 17.375 0.0
6.25 17.375 0.0
6.75 17.375 0.0
7.25 17.375 0.0
7.75 17.375 0.0
8.25 17.375 0.0
8.75 17.375 0.0
0.25 17.625 355944.732463
0.75 17.625 0.0
1.25 17.625 0.0
1.75 17.625 0.0
2.25 17.625 0.0
2.75 17.625 0.0
3.25 17.625 0.0
3.75 17.625 0.0
4.25 17.625 0.0
4.75 17.625 0.0
5.25 17.625 0.0
5.75 17.625 0.0
6.25 17.625 0.0
6.75 17.625 0.0
7.25 17.625 0.0
7.75 17.625 0.0
8.25 17.625 0.0
8.75 17.625 0.0
0.25 17.875 0.0
0.75 17.875 0.0
1.25 17.875 0.0
1.75 17.875 0.0
2.25 17.875 0.0
2.75 17.875 355944.732463
3.25 17.875 0.0
3.75 17.875 0.0
4.25 17.875 0.0
4.75 17.875 0.0
5.25 17.875 0.0
5.75 17.875 0.0
6.25 17.875 0.0
6.75 17.875 0.0
7.25 17.875 0.0
7.75 17.875 0.0
8.25 17.875 0.0
8.75 17.875 0.0
0.25 18.125 0.0
0.75 18.125 0.0
1.25 18.125 355944.732463
1.75 18.125 0.0
2.25 18.125 0.0
2.75 18.125 0.0
3.25 18.125 0.0
3.75 18.125 0.0
4.25 18.125 0.0
4.75 18.125 0.0
5.25 18.125 0.0
5.75 18.125 0.0
6.25 18.125 0.0
6.75 18.125 0.0
7.25 18.125 0.0
7.75 18.125 0.0
8.25 18.125 0.0
8.75 18.125 0.0
0.25 18.375 0.0
0.75 18.375 0.0
1.25 18.375 0.0
1.75 18.375 355944.732463
2.25 18.375 0.0
2.75 18.375 0.0
3.25 18.375 0.0
3.75 18.375 0.0
4.25 18.375 0.0
4.75 18.375 0.0
5.25 18.375 0.0
5.75 18.375 0.0
6.25 18.375 0.0
6.75 18.375 0.0
7.25 18.375 0.0
7.75 18.375 0.0
8.25 18.375 0.0
8.75 18.375 0.0
0.25 18.625 0.0
0.75 18.625 0.0
1.25 18.625 0.0
1.75 18.625 0.0
2.25 18.625 355944.732463
2.75 18.625 0.0
3.25 18.625 0.0
3.75 18.625 0.0
4.25 18.625 0.0
4.75 18.625 0.0
5.25 18.625 0.0
5.75 18.625 0.0
6.25 18.625 0.0
6.75 18.625 0.0
7.25 18.625 0.0
7.75 18.625 0.0
8.25 18.625 0.0
8.75 18.625 0.0
0.25 18.875 355944.732463
0.75 18.875 0.0
1.25 18.875 0.0
1.75 18.875 0.0
2.25 18.875 0.0
2.75 18.875 0.0
3.25 18.875 355944.732463
3.75 18.875 0.0
4.25 18.875 0.0
4.75 18.875 0.0
5.25 18.875 0.0
5.75 18.875 0.0
6.25 18.875 0.0
6.75 18.875 0.0
7.25 18.875 0.0
7.75 18.875 0.0
8.25 18.875 0.0
8.75 18.875 0.0
0.25 19.125 0.0
0.75 19.125 0.0
1.25 19.125 355944.732463
1.75 19.125 355944.732463
2.25 19.125 0.0
2.75 19.125 0.0
3.25 19.125 0.0
3.75 19.125 0.0
4.25 19.125 0.0
4.75 19.125 0.0
5.25 19.125 0.0
5.75 19.125 0.0
6.25 19.125 0.0
6.75 19.125 0.0
7.25 19.125 0.0
7.75 19.125 0.0
8.25 19.125 0.0
8.75 19.125 0.0
0.25 19.375 0.0
0.75 19.375 0.0
1.25 19.375 0.0
1.75 19.375 0.0
2.25 19.375 0.0
2.75 19.375 0.0
3.25 19.375 0.0
3.75 19.375 0.0
4.25 19.375 0.0
4.75 19.375 0.0
5.25 19.375 0.0
5.75 19.375 0.0
6.25 19.375 0.0
6.75 19.375 0.0
7.25 19.375 0.0
7.75 19.375 0.0
8.25 19.375 0.0
8.75 19.375 0.0
0.25 19.625 0.0
0.75 19.625 0.0
1.25 19.625 0.0
1.75 19.625 0.0
2.25 19.625 0.0
2.75 19.625 0.0
3.25 19.625 0.0
3.75 19.625 0.0
4.25 19.625 0.0
4.75 19.625 0.0
5.25 19.625 0.0
5.75 19.625 0.0
6.25 19.625 0.0
6.75 19.625 0.0
7.25 19.625 0.0
7.75 19.625 0.0
8.25 19.625 0.0
8.75 19.625 0.0
0.25 19.875 0.0
0.75 19.875 0.0
1.25 19.875 0.0
1.75 19.875 0.0
2.25 19.875 0.0
2.75 19.875 0.0
3.25 19.875 0.0
3.75 19.875 0.0
4.25 19.875 0.0
4.75 19.875 0.0
5.25 19.875 0.0
5.75 19.875 0.0
6.25 19.875 0.0
6.75 19.875 0.0
7.25 19.875 0.0
7.75 19.875 0.0
8.25 19.875 0.0
8.75 19.875 0.0
0.25 20.125 0.0
0.75 20.125 0.0
1.25 20.125 0.0
1.75 20.125 0.0
2.25 20.125 0.0
2.75 20.125 0.0
3.25 20.125 0.0
3.75 20.125 0.0
4.25 20.125 0.0
4.75 20.125 0.0
5.25 20.125 0.0
5.75 20.125 0.0
6.25 20.125 0.0
6.75 20.125 0.0
7.25 20.125 0.0
7.75 20.125 0.0
8.25 20.125 0.0
8.75 20.125 0.0
0.25 20.375 0.0
0.75 20.375 0.0
1.25 20.375 0.0
1.75 20.375 355944.732463
2.25 20.375 0.0
2.75 20.375 0.0
3.25 20.375 0.0
3.75 20.375 0.0
4.25 20.375 0.0
4.75 20.375 0.0
5.25 20.375 0.0
5.75 20.375 0.0
6.25 20.375 0.0
6.75 20.375 0.0
7.25 20.375 0.0
7.75 20.375 0.0
8.25 20.375 0.0
8.75 20.375 0.0
0.25 20.625 0.0
0.75 20.625 0.0
1.25 20.625 0.0
1.75 20.625 0.0
2.25 20.625 0.0
2.75 20.625 0.0
3.25 20.625 0.0
3.75 20.625 0.0
4.25 20.625 0.0
4.75 20.625 0.0
5.25 20.625 0.0
5.75 20.625 0.0
6.25 20.625 0.0
6.75 20.625 0.0
7.25 20.625 0.0
7.75 20.625 0.0
8.25 20.625 0.0
8.75 20.625 0.0
0.25 20.875 0.0
0.75 20.875 0.0
1.25 20.875 0.0
1.75 20.875 0.0
2.25 20.875 0.0
2.75 20.875 0.0
3.25 20.875 0.0
3.75 20.875 355944.732463
4.25 20.875 0.0
4.75 20.875 0.0
5.25 20.875 0.0
5.75 20.875 0.0
6.25 20.875 0.0
6.75 20.875 0.0
7.25 20.875 0.0
7.75 20.875 0.0
8.25 20.875 0.0
8.75 20.875 0.0
0.25 21.125 0.0
0.75 21.125 0.0
1.25 21.125 0.0
1.75 21.125 0.0
2.25 21.125 355944.732463
2.75 21.125 0.0
3.25 21.125 0.0
3.75 21.125 0.0
4.25 21.125 0.0
4.75 21.125 0.0
5.25 21.125 0.0
5.75 21.125 0.0
6.25 21.125 0.0
6.75 21.125 0.0
7.25 21.125 0.0
7.75 21.125 0.0
8.25 21.125 0.0
8.75 21.125 0.0
0.25 21.375 0.0
0.75 21.375 0.0
1.25 21.375 0.0
1.75 21.375 0.0
2.25 21.375 0.0
2.75 21.375 0.0
3.25 21.375 0.0
3.75 21.375 0.0
4.25 21.375 0.0
4.75 21.375 0.0
5.25 21.375 0.0
5.75 21.375 0.0
6.25 21.375 0.0
6.75 21.375 0.0
7.25 21.375 0.0
7.75 21.375 0.0
8.25 21.375 0.0
8.75 21.375 0.0
0.25 21.625 0.0
0.75 21.625 0.0
1.25 21.625 0.0
1.75 21.625 0.0
2.25 21.625 0.0
2.75 21.625 0.0
3.25 21.625 0.0
3.75 21.625 0.0
4.25 21.625 0.0
4.75 21.625 355944.732463
5.25 21.625 0.0
5.75 21.625 0.0
6.25 21.625 0.0
6.75 21.625 0.0
7.25 21.625 0.0
7.75 21.625 0.0
8.25 21.625 0.0
8.75 21.625 0.0
0.25 21.875 0.0
0.75 21.875 0.0
1.25 21.875 0.0
1.75 21.875 0.0
2.25 21.875 0.0
2.75 21.875 0.0
3.25 21.875 0.0
3.75 21.875 0.0
4.25 21.875 0.0
4.75 21.875 0.0
5.25 21.875 0.0
5.75 21.875 0.0
6.25 21.875 0.0
6.75 21.875 0.0
7.25 21.875 0.0
7.75 21.875 0.0
8.25 21.875 0.0
8.75 21.875 0.0
0.25 22.125 0.0
0.75 22.125 0.0
1.25 22.125 0.0
1.75 22.125 0.0
2.25 22.125 0.0
2.75 22.125 0.0
3.25 22.125 0.0
3.75 22.125 0.0
4.25 22.125 0.0
4.75 22.125 0.0
5.25 22.125 0.0
5.75 22.125 0.0
6.25 22.125 0.0
6.75 22.125 0.0
7.25 22.125 0.0
7.75 22.125 0.0
8.25 22.125 0.0
8.75 22.125 0.0
0.25 22.375 0.0
0.75 22.375 0.0
1.25 22.375 0.0
1.75 22.375 0.0
2.25 22.375 0.0
2.75 22.375 0.0
3.25 22.375 0.0
3.75 22.375 0.0
4.25 22.375 0.0
4.75 22.375 0.0
5.25 22.375 0.0
5.75 22.375 0.0
6.25 22.375 0.0
6.75 22.375 0.0
7.25 22.375 0.0
7.75 22.375 0.0
8.25 22.375 0.0
8.75 22.375 0.0
0.25 22.625 0.0
0.75 22.625 0.0
1.25 22.625 0.0
1.75 22.625 0.0
2.25 22.625 0.0
2.75 22.625 0.0
3.25 22.625 0.0
3.75 22.625 0.0
4.25 22.625 0.0
4.75 22.625 0.0
5.25 22.625 0.0
5.75 22.625 0.0
6.25 22.625 0.0
6.75 22.625 0.0
7.25 22.625 0.0
7.75 22.625 0.0
8.25 22.625 0.0
8.75 22.625 0.0
0.25 22.875 0.0
0.75 22.875 0.0
1.25 22.875 0.0
1.75 22.875 0.0
2.25 22.875 0.0
2.75 22.875 0.0
3.25 22.875 0.0
3.75 22.875 0.0
4.25 22.875 0.0
4.75 22.875 0.0
5.25 22.875 0.0
5.75 22.875 0.0
6.25 22.875 0.0
6.75 22.875 0.0
7.25 22.875 0.0
7.75 22.875 0.0
8.25 22.875 0.0
8.75 22.875 0.0
0.25 23.125 0.0
0.75 23.125 0.0
1.25 23.125 0.0
1.75 23.125 0.0
2.25 23.125 0.0
2.75 23.125 0.0
3.25 23.125 0.0
3.75 23.125 0.0
4.25 23.125 0.0
4.75 23.125 0.0
5.25 23.125 0.0
5.75 23.125 0.0
6.25 23.125 0.0
6.75 23.125 0.0
7.25 23.125 0.0
7.75 23.125 0.0
8.25 23.125 0.0
8.75 23.125 0.0
0.25 23.375 0.0
0.75 23.375 355944.732463
1.25 23.375 0.0
1.75 23.375 0.0
2.25 23.375 0.0
2.75 23.375 0.0
3.25 23.375 0.0
3.75 23.375 0.0
4.25 23.375 0.0
4.75 23.375 0.0
5.25 23.375 0.0
5.75 23.375 0.0
6.25 23.375 0.0
6.75 23.375 0.0
7.25 23.375 0.0
7.75 23.375 0.0
8.25 23.375 0.0
8.75 23.375 0.0
0.25 23.625 0.0
0.75 23.625 0.0
1.25 23.625 0.0
1.75 23.625 0.0
2.25 23.625 355944.732463
2.75 23.625 355944.732463
3.25 23.625 0.0
3.75 23.625 0.0
4.25 23.625 0.0
4.75 23.625 0.0
5.25 23.625 0.0
5.75 23.625 0.0
6.25 23.625 0.0
6.75 23.625 0.0
7.25 23.625 0.0
7.75 23.625 0.0
8.25 23.625 0.0
8.75 23.625 0.0
0.25 23.875 0.0
0.75 23.875 0.0
1.25 23.875 0.0
1.75 23.875 0.0
2.25 23.875 0.0
2.75 23.875 355944.732463
3.25 23.875 0.0
3.75 23.875 0.0
4.25 23.875 0.0
4.75 23.875 0.0
5.25 23.875 0.0
5.75 23.875 0.0
6.25 23.875 0.0
6.75 23.875 0.0
7.25 23.875 0.0
7.75 23.875 0.0
8.25 23.875 0.0
8.75 23.875 0.0
0.25 24.125 0.0
0.75 24.125 0.0
1.25 24.125 0.0
1.75 24.125 0.0
2.25 24.125 0.0
2.75 24.125 0.0
3.25 24.125 0.0
3.75 24.125 0.0
4.25 24.125 0.0
4.75 24.125 0.0
5.25 24.125 0.0
5.75 24.125 0.0
6.25 24.125 0.0
6.75 24.125 0.0
7.25 24.125 0.0
7.75 24.125 0.0
8.25 24.125 0.0
8.75 24.125 0.0
0.25 24.375 0.0
0.75 24.375 0.0
1.25 24.375 0.0
1.75 24.375 0.0
2.25 24.375 0.0
2.75 24.375 0.0
3.25 24.375 0.0
3.75 24.375 0.0
4.25 24.375 0.0
4.75 24.375 0.0
5.25 24.375 0.0
5.75 24.375 0.0
6.25 24.375 0.0
6.75 24.375 0.0
7.25 24.375 0.0
7.75 24.375 0.0
8.25 24.375 0.0
8.75 24.375 0.0
0.25 24.625 0.0
0.75 24.625 0.0
1.25 24.625 0.0
1.75 24.625 0.0
2.25 24.625 0.0
2.75 24.625 0.0
3.25 24.625 0.0
3.75 24.625 0.0
4.25 24.625 0.0
4.75 24.625 0.0
5.25 24.625 0.0
5.75 24.625 0.0
6.25 24.625 0.0
6.75 24.625 0.0
7.25 24.625 0.0
7.75 24.625 0.0
8.25 24.625 0.0
8.75 24.625 0.0
0.25 24.875 0.0
0.75 24.875 0.0
1.25 24.875 0.0
1.75 24.875 0.0
2.25 24.875 0.0
2.75 24.875 0.0
3.25 24.875 0.0
3.75 24.875 0.0
4.25 24.875 0.0
4.75 24.875 0.0
5.25 24.875 0.0
5.75 24.875 0.0
6.25 24.875 0.0
6.75 24.875 0.0
7.25 24.875 0.0
7.75 24.875 0.0
8.25 24.875 0.0
8.75 24.875 0.0
0.25 25.125 0.0
0.75 25.125 0.0
1.25 25.125 0.0
1.75 25.125 0.0
2.25 25.125 355944.732463
2.75 25.125 0.0
3.25 25.125 0.0
3.75 25.125 0.0
4.25 25.125 0.0
4.75 25.125 0.0
5.25 25.125 0.0
5.75 25.125 0.0
6.25 25.125 0.0
6.75 25.125 0.0
7.25 25.125 0.0
7.75 25.125 0.0
8.25 25.125 0.0
8.75 25.125 0.0
0.25 25.375 0.0
0.75 25.375 0.0
1.25 25.375 0.0
1.75 25.375 0.0
2.25 25.375 0.0
2.75 25.375 0.0
3.25 25.375 0.0
3.75 25.375 0.0
4.25 25.375 0.0
4.75 25.375 0.0
5.25 25.375 0.0
5.75 25.375 0.0
6.25 25.375 0.0
6.75 25.375 0.0
7.25 25.375 0.0
7.75 25.375 0.0
8.25 25.375 0.0
8.75 25.375 0.0
0.25 25.625 0.0
0.75 25.625 0.0
1.25 25.625 0.0
1.75 25.625 0.0
2.25 25.625 0.0
2.75 25.625 0.0
3.25 25.625 0.0
3.75 25.625 0.0
4.25 25.625 0.0
4.75 25.625 0.0
5.25 25.625 0.0
5.75 25.625 0.0
6.25 25.625 0.0
6.75 25.625 0.0
7.25 25.625 0.0
7.75 25.625 0.0
8.25 25.625 0.0
8.75 25.625 0.0
0.25 25.875 0.0
0.75 25.875 0.0
1.25 25.875 0.0
1.75 25.875 355944.732463
2.25 25.875 355944.732463
2.75 25.875 0.0
3.25 25.875 0.0
3.75 25.875 0.0
4.25 25.875 0.0
4.75 25.875 0.0
5.25 25.875 0.0
5.75 25.875 0.0
6.25 25.875 0.0
6.75 25.875 0.0
7.25 25.875 0.0
7.75 25.875 0.0
8.25 25.875 0.0
8.75 25.875 0.0
0.25 26.125 0.0
0.75 26.125 0.0
1.25 26.125 0.0
1.75 26.125 0.0
2.25 26.125 0.0
2.75 26.125 0.0
3.25 26.125 0.0
3.75 26.125 0.0
4.25 26.125 0.0
4.75 26.125 0.0
5.25 26.125 0.0
5.75 26.125 0.0
6.25 26.125 0.0
6.75 26.125 0.0
7.25 26.125 0.0
7.75 26.125 0.0
8.25 26.125 0.0
8.75 26.125 0.0
0.25 26.375 0.0
0.75 26.375 0.0
1.25 26.375 0.0
1.75 26.375 0.0
2.25 26.375 0.0
2.75 26.375 0.0
3.25 26.375 0.0
3.75 26.375 0.0
4.25 26.375 0.0
4.75 26.375 0.0
5.25 26.375 0.0
5.75 26.375 0.0
6.25 26.375 0.0
6.75 26.375 0.0
7.25 26.375 0.0
7.75 26.375 0.0
8.25 26.375 0.0
8.75 26.375 0.0
0.25 26.625 0.0
0.75 26.625 355944.732463
1.25 26.625 0.0
1.75 26.625 0.0
2.25 26.625 0.0
2.75 26.625 0.0
3.25 26.625 0.0
3.75 26.625 0.0
4.25 26.625 0.0
4.75 26.625 0.0
5.25 26.625 0.0
5.75 26.625 0.0
6.25 26.625 0.0
6.75 26.625 0.0
7.25 26.625 0.0
7.75 26.625 0.0
8.25 26.625 0.0
8.75 26.625 0.0
0.25 26.875 355944.732463
0.75 26.875 0.0
1.25 26.875 0.0
1.75 26.875 0.0
2.25 26.875 0.0
2.75 26.875 0.0
3.25 26.875 0.0
3.75 26.875 0.0
4.25 26.875 0.0
4.75 26.875 0.0
5.25 26.875 0.0
5.75 26.875 0.0
6.25 26.875 0.0
6.75 26.875 0.0
7.25 26.875 0.0
7.75 26.875 0.0
8.25 26.875 0.0
8.75 26.875 0.0
0.25 27.125 0.0
0.75 27.125 0.0
1.25 27.125 0.0
1.75 27.125 0.0
2.25 27.125 0.0
2.75 27.125 0.0
3.25 27.125 355944.732463
3.75 27.125 0.0
4.25 27.125 0.0
4.75 27.125 0.0
5.25 27.125 0.0
5.75 27.125 0.0
6.25 27.125 0.0
6.75 27.125 0.0
7.25 27.125 0.0
7.75 27.125 0.0
8.25 27.125 0.0
8.75 27.125 0.0
0.25 27.375 0.0
0.75 27.375 0.0
1.25 27.375 0.0
1.75 27.375 0.0
2.25 27.375 0.0
2.75 27.375 0.0
3.25 27.375 0.0
3.75 27.375 0.0
4.25 27.375 0.0
4.75 27.375 0.0
5.25 27.375 0.0
5.75 27.375 0.0
6.25 27.375 0.0
6.75 27.375 0.0
7.25 27.375 0.0
7.75 27.375 0.0
8.25 27.375 0.0
8.75 27.375 0.0
0.25 27.625 0.0
0.75 27.625 0.0
1.25 27.625 0.0
1.75 27.625 0.0
2.25 27.625 0.0
2.75 27.625 355944.732463
3.25 27.625 0.0
3.75 27.625 0.0
4.25 27.625 0.0
4.75 27.625 0.0
5.25 27.625 0.0
5.75 27.625 0.0
6.25 27.625 0.0
6.75 27.625 0.0
7.25 27.625 0.0
7.75 27.625 0.0
8.25 27.625 0.0
8.75 27.625 0.0
0.25 27.875 0.0
0.75 27.875 0.0
1.25 27.875 0.0
1.75 27.875 0.0
2.25 27.875 0.0
2.75 27.875 0.0
3.25 27.875 0.0
3.75 27.875 0.0
4.25 27.875 0.0
4.75 27.875 0.0
5.25 27.875 0.0
5.75 27.875 0.0
6.25 27.875 0.0
6.75 27.875 0.0
7.25 27.875 0.0
7.75 27.875 0.0
8.25 27.875 0.0
8.75 27.875 0.0
0.25 28.125 0.0
0.75 28.125 0.0
1.25 28.125 0.0
1.75 28.125 0.0
2.25 28.125 0.0
2.75 28.125 0.0
3.25 28.125 0.0
3.75 28.125 0.0
4.25 28.125 0.0
4.75 28.125 0.0
5.25 28.125 0.0
5.75 28.125 0.0
6.25 28.125 0.0
6.75 28.125 0.0
7.25 28.125 0.0
7.75 28.125 0.0
8.25 28.125 0.0
8.75 28.125 0.0
0.25 28.375 0.0
0.75 28.375 0.0
1.25 28.375 0.0
1.75 28.375 0.0
2.25 28.375 0.0
2.75 28.375 0.0
3.25 28.375 0.0
3.75 28.375 0.0
4.25 28.375 0.0
4.75 28.375 0.0
5.25 28.375 0.0
5.75 28.375 0.0
6.25 28.375 0.0
6.75 28.375 0.0
7.25 28.375 0.0
7.75 28.375 0.0
8.25 28.375 0.0
8.75 28.375 0.0
0.25 28.625 0.0
0.75 28.625 0.0
1.25 28.625 0.0
1.75 28.625 0.0
2.25 28.625 0.0
2.75 28.625 0.0
3.25 28.625 0.0
3.75 28.625 0.0
4.25 28.625 0.0
4.75 28.625 0.0
5.25 28.625 0.0
5.75 28.625 0.0
6.25 28.625 0.0
6.75 28.625 0.0
7.25 28.625 0.0
7.75 28.625 0.0
8.25 28.625 0.0
8.75 28.625 0.0
0.25 28.875 0.0
0.75 28.875 355944.732463
1.25 28.875 0.0
1.75 28.875 355944.732463
2.25 28.875 0.0
2.75 28.875 0.0
3.25 28.875 0.0
3.75 28.875 0.0
4.25 28.875 0.0
4.75 28.875 0.0
5.25 28.875 0.0
5.75 28.875 0.0
6.25 28.875 0.0
6.75 28.875 0.0
7.25 28.875 0.0
7.75 28.875 0.0
8.25 28.875 0.0
8.75 28.875 0.0
0.25 29.125 0.0
0.75 29.125 0.0
1.25 29.125 0.0
1.75 29.125 0.0
2.25 29.125 0.0
2.75 29.125 0.0
3.25 29.125 0.0
3.75 29.125 0.0
4.25 29.125 0.0
4.75 29.125 0.0
5.25 29.125 0.0
5.75 29.125 0.0
6.25 29.125 0.0
6.75 29.125 0.0
7.25 29.125 0.0
7.75 29.125 0.0
8.25 29.125 0.0
8.75 29.125 0.0
0.25 29.375 0.0
0.75 29.375 0.0
1.25 29.375 0.0
1.75 29.375 0.0
2.25 29.375 0.0
2.75 29.375 0.0
3.25 29.375 0.0
3.75 29.375 0.0
4.25 29.375 0.0
4.75 29.375 0.0
5.25 29.375 0.0
5.75 29.375 0.0
6.25 29.375 0.0
6.75 29.375 0.0
7.25 29.375 0.0
7.75 29.375 0.0
8.25 29.375 0.0
8.75 29.375 0.0
0.25 29.625 0.0
0.75 29.625 0.0
1.25 29.625 0.0
1.75 29.625 0.0
2.25 29.625 0.0
2.75 29.625 0.0
3.25 29.625 0.0
3.75 29.625 0.0
4.25 29.625 0.0
4.75 29.625 0.0
5.25 29.625 0.0
5.75 29.625 0.0
6.25 29.625 0.0
6.75 29.625 0.0
7.25 29.625 0.0
7.75 29.625 0.0
8.25 29.625 0.0
8.75 29.625 0.0
0.25 29.875 0.0
0.75 29.875 0.0
1.25 29.875 0.0
1.75 29.875 0.0
2.25 29.875 0.0
2.75 29.875 0.0
3.25 29.875 0.0
3.75 29.875 0.0
4.25 29.875 0.0
4.75 29.875 0.0
5.25 29.875 0.0
5.75 29.875 0.0
6.25 29.875 0.0
6.75 29.875 0.0
7.25 29.875 0.0
7.75 29.875 0.0
8.25 29.875 0.0
8.75 29.875 0.0
