11.294627058970837 66.04504575409764
14.219093021276404 296.6107041707144
17.900777537149963 286.4390442867243
22.535743732392298 709.1013566857706
28.370820458389794 3029.2767274015723
35.71674682851676 4586.560186450445
44.96472020903849 5419.313281588658
56.60722890537329 8223.102852620506
71.26427896022373 11568.377445597132
89.71641173621407 13694.347286344913
112.94627058970838 20098.681291341316
142.1909302127641 24528.14329828351
179.00777537149963 32061.223937033865
225.35743732392305 35401.56993764351
283.7082045838981 33687.82969662087
357.1674682851676 30392.87816481566
449.6472020903849 28022.996714120847
566.0722890537327 26891.568164992495
712.6427896022376 26513.1527724138
897.164117362141 24035.269654643198
1129.4627058970837 18580.898124697735
1421.9093021276408 12131.671032745566
1790.0777537149975 7849.699683751853
2253.5743732392316 4180.8360683580395
2837.082045838981 1629.3419709690497
3571.674682851676 531.8269263986149
4496.47202090385 125.5822840530891
5660.72289053733 2.948782808089163
7126.427896022379 0.0
8971.64117362141 0.0
