11.294627058970837 30.233786691452163
14.219093021276404 70.45654831588271
17.900777537149963 794.0421120124333
22.535743732392298 569.6852989576118
28.370820458389794 5140.1292906286635
35.71674682851676 7774.167291391841
44.96472020903849 16094.769014438902
56.60722890537329 18445.76136181122
71.26427896022373 46730.61699510741
89.71641173621407 58119.85144231413
112.94627058970838 109117.67141002484
142.1909302127641 105396.09018708969
179.00777537149963 193832.64313712885
225.35743732392305 228837.10237485357
283.7082045838981 305756.16774171754
357.1674682851676 352193.62904735026
449.6472020903849 377005.3060068062
566.0722890537327 420577.5644184323
712.6427896022376 468549.52397826687
897.164117362141 372131.87106452836
1129.4627058970837 286650.84761062684
1421.9093021276408 184520.59534576163
1790.0777537149975 98788.69739676826
2253.5743732392316 49940.73116221698
2837.082045838981 18740.28438170394
3571.674682851676 6631.623265855014
4496.47202090385 1155.4562015747651
5660.72289053733 101.80620576255023
7126.427896022379 12.64566513709724
8971.64117362141 0.0
