0.25 0.125 20288849.7504
0.75 0.125 23848297.075
1.25 0.125 25628020.7373
1.75 0.125 32746915.3866
2.25 0.125 27407744.3997
2.75 0.125 33814749.584
3.25 0.125 42001478.4306
3.75 0.125 40221754.7683
4.25 0.125 38086086.3736
4.75 0.125 30255302.2594
5.25 0.125 43781202.093
5.75 0.125 30967191.7243
6.25 0.125 28119633.8646
6.75 0.125 16729402.4258
7.25 0.125 11746176.1713
7.75 0.125 6051060.45187
8.25 0.125 1779723.66232
8.75 0.125 0.0
0.25 0.375 63002217.646
0.75 0.375 64781941.3083
1.25 0.375 65849775.5057
1.75 0.375 71544891.2251
2.25 0.375 72612725.4225
2.75 0.375 83291067.3964
3.25 0.375 106071530.274
3.75 0.375 95393188.3001
4.25 0.375 101444248.752
4.75 0.375 105359640.809
5.25 0.375 89698072.5807
5.75 0.375 72256780.69
6.25 0.375 67273554.4355
6.75 0.375 45560925.7553
7.25 0.375 24204241.8075
7.75 0.375 9254563.04404
8.25 0.375 355944.732463
8.75 0.375 711889.464926
0.25 0.625 92189685.7079
0.75 0.625 78307841.1419
1.25 0.625 87562404.1859
1.75 0.625 94325354.1027
2.25 0.625 93613464.6378
2.75 0.625 103935861.879
3.25 0.625 109630977.599
3.75 0.625 117105816.98
4.25 0.625 131699551.011
4.75 0.625 129563882.617
5.25 0.625 110342867.064
5.75 0.625 94325354.1027
6.25 0.625 86138625.2561
6.75 0.625 59442770.3213
7.25 0.625 32390970.6541
7.75 0.625 12458065.6362
8.25 0.625 3559447.32463
8.75 0.625 355944.732463
0.25 0.875 95393188.3001
0.75 0.875 103579917.147
1.25 0.875 107495309.204
1.75 0.875 93969409.3703
2.25 0.875 105715585.542
2.75 0.875 110698811.796
3.25 0.875 115326093.318
3.75 0.875 126716324.757
4.25 0.875 122444987.967
4.75 0.875 123512822.165
5.25 0.875 98952635.6247
5.75 0.875 95393188.3001
6.25 0.875 83647012.1288
6.75 0.875 56951157.1941
7.25 0.875 30967191.7243
7.75 0.875 14949678.7634
8.25 0.875 1779723.66232
8.75 0.875 0.0
0.25 1.125 88986183.1158
0.75 1.125 93613464.6378
1.25 1.125 92901575.1729
1.75 1.125 95393188.3001
2.25 1.125 101444248.752
2.75 1.125 97172911.9624
3.25 1.125 119953374.84
3.75 1.125 111766645.993
4.25 1.125 111766645.993
4.75 1.125 98596690.8923
5.25 1.125 97528856.6949
5.75 1.125 77951896.4094
6.25 1.125 63714107.1109
6.75 1.125 43781202.093
7.25 1.125 22780462.8776
7.75 1.125 10678341.9739
8.25 1.125 711889.464926
8.75 1.125 0.0
0.25 1.375 83291067.3964
0.75 1.375 92901575.1729
1.25 1.375 90765906.7781
1.75 1.375 101444248.752
2.25 1.375 87562404.1859
2.75 1.375 95393188.3001
3.25 1.375 89698072.5807
3.75 1.375 80443509.5367
4.25 1.375 85070791.0587
4.75 1.375 85782680.5236
5.25 1.375 65849775.5057
5.75 1.375 64425996.5758
6.25 1.375 49832262.5448
6.75 1.375 34170694.3165
7.25 1.375 20288849.7504
7.75 1.375 2491613.12724
8.25 1.375 711889.464926
8.75 1.375 0.0
0.25 1.625 83291067.3964
0.75 1.625 85426735.7911
1.25 1.625 82223233.199
1.75 1.625 79019730.6068
2.25 1.625 84002956.8613
2.75 1.625 80087564.8042
3.25 1.625 98952635.6247
3.75 1.625 81511343.734
4.25 1.625 85782680.5236
4.75 1.625 71544891.2251
5.25 1.625 60154659.7863
5.75 1.625 54459544.0669
6.25 1.625 32746915.3866
6.75 1.625 18153181.3556
7.25 1.625 9254563.04404
7.75 1.625 2847557.8597
8.25 1.625 355944.732463
8.75 1.625 0.0
0.25 1.875 75104338.5497
0.75 1.875 74748393.8172
1.25 1.875 69053278.0978
1.75 1.875 71900835.9575
2.25 1.875 74036504.3523
2.75 1.875 86850514.721
3.25 1.875 75104338.5497
3.75 1.875 64070051.8434
4.25 1.875 60510604.5187
4.75 1.875 50544152.0098
5.25 1.875 48408483.615
5.75 1.875 37374196.9086
6.25 1.875 24204241.8075
6.75 1.875 17085347.1582
7.25 1.875 7474839.38172
7.75 1.875 1067834.19739
8.25 1.875 0.0
8.75 1.875 0.0
0.25 2.125 54103599.3344
0.75 2.125 65849775.5057
1.25 2.125 58374936.1239
1.75 2.125 51256041.4747
2.25 2.125 57663046.659
2.75 2.125 67273554.4355
3.25 2.125 59798715.0538
3.75 2.125 51611986.2071
4.25 2.125 47340649.4176
4.75 2.125 45916870.4877
5.25 2.125 37730141.6411
5.75 2.125 29187468.062
6.25 2.125 17441291.8907
6.75 2.125 11034286.7064
7.25 2.125 4627281.52202
7.75 2.125 1779723.66232
8.25 2.125 0.0
8.75 2.125 0.0
0.25 2.375 52323875.6721
0.75 2.375 48764428.3474
1.25 2.375 57307101.9266
1.75 2.375 53391709.8695
2.25 2.375 46628759.9527
2.75 2.375 50900096.7422
3.25 2.375 50188207.2773
3.75 2.375 48052538.8825
4.25 2.375 35594473.2463
4.75 2.375 26339910.2023
5.25 2.375 28831523.3295
5.75 2.375 25272076.0049
6.25 2.375 14949678.7634
6.75 2.375 7830784.11419
7.25 2.375 2847557.8597
7.75 2.375 355944.732463
8.25 2.375 0.0
8.75 2.375 0.0
0.25 2.625 46272815.2202
0.75 2.625 46272815.2202
1.25 2.625 45916870.4877
1.75 2.625 42357423.1631
2.25 2.625 44849036.2903
2.75 2.625 50900096.7422
3.25 2.625 39509865.3034
3.75 2.625 38797975.8385
4.25 2.625 34170694.3165
4.75 2.625 23848297.075
5.25 2.625 20644794.4829
5.75 2.625 16373457.6933
6.25 2.625 9610507.7765
6.75 2.625 4271336.78956
7.25 2.625 711889.464926
7.75 2.625 0.0
8.25 2.625 0.0
8.75 2.625 0.0
0.25 2.875 37018252.1762
0.75 2.875 42357423.1631
1.25 2.875 35594473.2463
1.75 2.875 35950417.9788
2.25 2.875 32746915.3866
2.75 2.875 32746915.3866
3.25 2.875 33458804.8515
3.75 2.875 24560186.54
4.25 2.875 29899357.5269
4.75 2.875 23136407.6101
5.25 2.875 14593734.031
5.75 2.875 10322397.2414
6.25 2.875 7118894.64926
6.75 2.875 2847557.8597
7.25 2.875 1067834.19739
7.75 2.875 355944.732463
8.25 2.875 0.0
8.75 2.875 0.0
0.25 3.125 36306362.7112
0.75 3.125 28831523.3295
1.25 3.125 25272076.0049
1.75 3.125 36306362.7112
2.25 3.125 31679081.1892
2.75 3.125 34170694.3165
3.25 3.125 26695854.9347
3.75 3.125 26695854.9347
4.25 3.125 19932905.0179
4.75 3.125 15305623.4959
5.25 3.125 13525899.8336
5.75 3.125 8898618.31158
6.25 3.125 6407005.18434
6.75 3.125 2135668.39478
7.25 3.125 1423778.92985
7.75 3.125 0.0
8.25 3.125 0.0
8.75 3.125 0.0
0.25 3.375 29543412.7944
0.75 3.375 34882583.7814
1.25 3.375 34882583.7814
1.75 3.375 25983965.4698
2.25 3.375 27407744.3997
2.75 3.375 21356683.9478
3.25 3.375 26695854.9347
3.75 3.375 18509126.0881
4.25 3.375 16729402.4258
4.75 3.375 13881844.5661
5.25 3.375 11746176.1713
5.75 3.375 4983226.25448
6.25 3.375 4983226.25448
6.75 3.375 2135668.39478
7.25 3.375 711889.464926
7.75 3.375 0.0
8.25 3.375 0.0
8.75 3.375 0.0
0.25 3.625 22424518.1452
0.75 3.625 18865070.8205
1.25 3.625 23136407.6101
1.75 3.625 19932905.0179
2.25 3.625 23136407.6101
2.75 3.625 21712628.6802
3.25 3.625 19221015.553
3.75 3.625 12102120.9037
4.25 3.625 13881844.5661
4.75 3.625 11746176.1713
5.25 3.625 7474839.38172
5.75 3.625 1423778.92985
6.25 3.625 2135668.39478
6.75 3.625 1067834.19739
7.25 3.625 355944.732463
7.75 3.625 0.0
8.25 3.625 0.0
8.75 3.625 0.0
0.25 3.875 18153181.3556
0.75 3.875 18509126.0881
1.25 3.875 20644794.4829
1.75 3.875 18509126.0881
2.25 3.875 17441291.8907
2.75 3.875 17085347.1582
3.25 3.875 18509126.0881
3.75 3.875 11034286.7064
4.25 3.875 12814010.3687
4.75 3.875 7118894.64926
5.25 3.875 5339170.98695
5.75 3.875 4627281.52202
6.25 3.875 1423778.92985
6.75 3.875 711889.464926
7.25 3.875 0.0
7.75 3.875 0.0
8.25 3.875 0.0
8.75 3.875 0.0
0.25 4.125 15661568.2284
0.75 4.125 18865070.8205
1.25 4.125 15661568.2284
1.75 4.125 17797236.6232
2.25 4.125 17085347.1582
2.75 4.125 14593734.031
3.25 4.125 14593734.031
3.75 4.125 10678341.9739
4.25 4.125 8542673.57911
4.75 4.125 5339170.98695
5.25 4.125 5339170.98695
5.75 4.125 3203502.59217
6.25 4.125 2135668.39478
6.75 4.125 0.0
7.25 4.125 0.0
7.75 4.125 0.0
8.25 4.125 0.0
8.75 4.125 0.0
0.25 4.375 12814010.3687
0.75 4.375 21356683.9478
1.25 4.375 13525899.8336
1.75 4.375 16729402.4258
2.25 4.375 14949678.7634
2.75 4.375 13169955.1011
3.25 4.375 11746176.1713
3.75 4.375 9254563.04404
4.25 4.375 7474839.38172
4.75 4.375 7118894.64926
5.25 4.375 3915392.05709
5.75 4.375 1067834.19739
6.25 4.375 355944.732463
6.75 4.375 1067834.19739
7.25 4.375 0.0
7.75 4.375 0.0
8.25 4.375 0.0
8.75 4.375 0.0
0.25 4.625 11034286.7064
0.75 4.625 11034286.7064
1.25 4.625 12458065.6362
1.75 4.625 12814010.3687
2.25 4.625 11746176.1713
2.75 4.625 11390231.4388
3.25 4.625 10678341.9739
3.75 4.625 3559447.32463
4.25 4.625 7474839.38172
4.75 4.625 5339170.98695
5.25 4.625 4271336.78956
5.75 4.625 2135668.39478
6.25 4.625 1423778.92985
6.75 4.625 0.0
7.25 4.625 0.0
7.75 4.625 0.0
8.25 4.625 0.0
8.75 4.625 0.0
0.25 4.875 14237789.2985
0.75 4.875 11034286.7064
1.25 4.875 11034286.7064
1.75 4.875 10322397.2414
2.25 4.875 8542673.57911
2.75 4.875 9966452.50897
3.25 4.875 8542673.57911
3.75 4.875 7474839.38172
4.25 4.875 6762949.9168
4.75 4.875 2135668.39478
5.25 4.875 2847557.8597
5.75 4.875 711889.464926
6.25 4.875 1067834.19739
6.75 4.875 0.0
7.25 4.875 0.0
7.75 4.875 0.0
8.25 4.875 0.0
8.75 4.875 0.0
0.25 5.125 11034286.7064
0.75 5.125 8898618.31158
1.25 5.125 11390231.4388
1.75 5.125 5339170.98695
2.25 5.125 8542673.57911
2.75 5.125 8898618.31158
3.25 5.125 6762949.9168
3.75 5.125 4983226.25448
4.25 5.125 6762949.9168
4.75 5.125 1779723.66232
5.25 5.125 1779723.66232
5.75 5.125 711889.464926
6.25 5.125 355944.732463
6.75 5.125 0.0
7.25 5.125 0.0
7.75 5.125 0.0
8.25 5.125 0.0
8.75 5.125 0.0
0.25 5.375 4627281.52202
0.75 5.375 8186728.84665
1.25 5.375 4627281.52202
1.75 5.375 8542673.57911
2.25 5.375 8898618.31158
2.75 5.375 5695115.71941
3.25 5.375 4627281.52202
3.75 5.375 5695115.71941
4.25 5.375 5695115.71941
4.75 5.375 4271336.78956
5.25 5.375 1423778.92985
5.75 5.375 1067834.19739
6.25 5.375 0.0
6.75 5.375 0.0
7.25 5.375 0.0
7.75 5.375 0.0
8.25 5.375 0.0
8.75 5.375 0.0
0.25 5.625 6762949.9168
0.75 5.625 4271336.78956
1.25 5.625 4627281.52202
1.75 5.625 5339170.98695
2.25 5.625 4983226.25448
2.75 5.625 3559447.32463
3.25 5.625 3915392.05709
3.75 5.625 3915392.05709
4.25 5.625 2847557.8597
4.75 5.625 1779723.66232
5.25 5.625 1067834.19739
5.75 5.625 1067834.19739
6.25 5.625 355944.732463
6.75 5.625 0.0
7.25 5.625 0.0
7.75 5.625 0.0
8.25 5.625 0.0
8.75 5.625 0.0
0.25 5.875 8542673.57911
0.75 5.875 7118894.64926
1.25 5.875 6762949.9168
1.75 5.875 5339170.98695
2.25 5.875 4983226.25448
2.75 5.875 6762949.9168
3.25 5.875 4983226.25448
3.75 5.875 2135668.39478
4.25 5.875 2491613.12724
4.75 5.875 2135668.39478
5.25 5.875 1779723.66232
5.75 5.875 0.0
6.25 5.875 355944.732463
6.75 5.875 0.0
7.25 5.875 0.0
7.75 5.875 0.0
8.25 5.875 0.0
8.75 5.875 0.0
0.25 6.125 3559447.32463
0.75 6.125 2135668.39478
1.25 6.125 6762949.9168
1.75 6.125 4271336.78956
2.25 6.125 5339170.98695
2.75 6.125 2847557.8597
3.25 6.125 4627281.52202
3.75 6.125 2491613.12724
4.25 6.125 1779723.66232
4.75 6.125 2135668.39478
5.25 6.125 355944.732463
5.75 6.125 711889.464926
6.25 6.125 0.0
6.75 6.125 355944.732463
7.25 6.125 0.0
7.75 6.125 0.0
8.25 6.125 0.0
8.75 6.125 0.0
0.25 6.375 3915392.05709
0.75 6.375 4983226.25448
1.25 6.375 4983226.25448
1.75 6.375 2491613.12724
2.25 6.375 4271336.78956
2.75 6.375 3915392.05709
3.25 6.375 2847557.8597
3.75 6.375 2135668.39478
4.25 6.375 1423778.92985
4.75 6.375 355944.732463
5.25 6.375 1067834.19739
5.75 6.375 355944.732463
6.25 6.375 0.0
6.75 6.375 0.0
7.25 6.375 0.0
7.75 6.375 0.0
8.25 6.375 0.0
8.75 6.375 0.0
0.25 6.625 3559447.32463
0.75 6.625 5339170.98695
1.25 6.625 6051060.45187
1.75 6.625 3915392.05709
2.25 6.625 4627281.52202
2.75 6.625 2847557.8597
3.25 6.625 3203502.59217
3.75 6.625 1067834.19739
4.25 6.625 1423778.92985
4.75 6.625 0.0
5.25 6.625 2491613.12724
5.75 6.625 355944.732463
6.25 6.625 0.0
6.75 6.625 0.0
7.25 6.625 0.0
7.75 6.625 0.0
8.25 6.625 0.0
8.75 6.625 0.0
0.25 6.875 3559447.32463
0.75 6.875 2491613.12724
1.25 6.875 1779723.66232
1.75 6.875 3559447.32463
2.25 6.875 2847557.8597
2.75 6.875 3915392.05709
3.25 6.875 2135668.39478
3.75 6.875 2847557.8597
4.25 6.875 2135668.39478
4.75 6.875 0.0
5.25 6.875 0.0
5.75 6.875 0.0
6.25 6.875 355944.732463
6.75 6.875 0.0
7.25 6.875 0.0
7.75 6.875 0.0
8.25 6.875 0.0
8.75 6.875 0.0
0.25 7.125 2847557.8597
0.75 7.125 3559447.32463
1.25 7.125 2847557.8597
1.75 7.125 1779723.66232
2.25 7.125 1779723.66232
2.75 7.125 3203502.59217
3.25 7.125 1423778.92985
3.75 7.125 355944.732463
4.25 7.125 355944.732463
4.75 7.125 355944.732463
5.25 7.125 355944.732463
5.75 7.125 0.0
6.25 7.125 0.0
6.75 7.125 0.0
7.25 7.125 0.0
7.75 7.125 0.0
8.25 7.125 0.0
8.75 7.125 0.0
0.25 7.375 2135668.39478
0.75 7.375 2135668.39478
1.25 7.375 1779723.66232
1.75 7.375 1779723.66232
2.25 7.375 2847557.8597
2.75 7.375 711889.464926
3.25 7.375 711889.464926
3.75 7.375 1779723.66232
4.25 7.375 355944.732463
4.75 7.375 0.0
5.25 7.375 1423778.92985
5.75 7.375 0.0
6.25 7.375 0.0
6.75 7.375 0.0
7.25 7.375 0.0
7.75 7.375 0.0
8.25 7.375 0.0
8.75 7.375 0.0
0.25 7.625 2135668.39478
0.75 7.625 1423778.92985
1.25 7.625 1779723.66232
1.75 7.625 711889.464926
2.25 7.625 1423778.92985
2.75 7.625 1779723.66232
3.25 7.625 0.0
3.75 7.625 711889.464926
4.25 7.625 0.0
4.75 7.625 355944.732463
5.25 7.625 355944.732463
5.75 7.625 0.0
6.25 7.625 0.0
6.75 7.625 0.0
7.25 7.625 0.0
7.75 7.625 0.0
8.25 7.625 0.0
8.75 7.625 0.0
0.25 7.875 1779723.66232
0.75 7.875 1779723.66232
1.25 7.875 4271336.78956
1.75 7.875 1423778.92985
2.25 7.875 2135668.39478
2.75 7.875 1423778.92985
3.25 7.875 355944.732463
3.75 7.875 0.0
4.25 7.875 711889.464926
4.75 7.875 0.0
5.25 7.875 0.0
5.75 7.875 355944.732463
6.25 7.875 0.0
6.75 7.875 0.0
7.25 7.875 0.0
7.75 7.875 0.0
8.25 7.875 0.0
8.75 7.875 0.0
0.25 8.125 1423778.92985
0.75 8.125 2847557.8597
1.25 8.125 1423778.92985
1.75 8.125 2135668.39478
2.25 8.125 2491613.12724
2.75 8.125 2491613.12724
3.25 8.125 1423778.92985
3.75 8.125 711889.464926
4.25 8.125 0.0
4.75 8.125 355944.732463
5.25 8.125 0.0
5.75 8.125 0.0
6.25 8.125 0.0
6.75 8.125 0.0
7.25 8.125 0.0
7.75 8.125 0.0
8.25 8.125 0.0
8.75 8.125 0.0
0.25 8.375 355944.732463
0.75 8.375 1067834.19739
1.25 8.375 1779723.66232
1.75 8.375 1423778.92985
2.25 8.375 1067834.19739
2.75 8.375 1423778.92985
3.25 8.375 355944.732463
3.75 8.375 1067834.19739
4.25 8.375 355944.732463
4.75 8.375 711889.464926
5.25 8.375 0.0
5.75 8.375 0.0
6.25 8.375 0.0
6.75 8.375 0.0
7.25 8.375 0.0
7.75 8.375 0.0
8.25 8.375 0.0
8.75 8.375 0.0
0.25 8.625 1067834.19739
0.75 8.625 2135668.39478
1.25 8.625 1779723.66232
1.75 8.625 1067834.19739
2.25 8.625 1423778.92985
2.75 8.625 1067834.19739
3.25 8.625 711889.464926
3.75 8.625 355944.732463
4.25 8.625 0.0
4.75 8.625 355944.732463
5.25 8.625 0.0
5.75 8.625 0.0
6.25 8.625 0.0
6.75 8.625 0.0
7.25 8.625 0.0
7.75 8.625 0.0
8.25 8.625 0.0
8.75 8.625 0.0
0.25 8.875 711889.464926
0.75 8.875 2135668.39478
1.25 8.875 355944.732463
1.75 8.875 355944.732463
2.25 8.875 1067834.19739
2.75 8.875 1067834.19739
3.25 8.875 355944.732463
3.75 8.875 355944.732463
4.25 8.875 711889.464926
4.75 8.875 0.0
5.25 8.875 0.0
5.75 8.875 0.0
6.25 8.875 0.0
6.75 8.875 0.0
7.25 8.875 0.0
7.75 8.875 0.0
8.25 8.875 0.0
8.75 8.875 0.0
0.25 9.125 1067834.19739
0.75 9.125 355944.732463
1.25 9.125 711889.464926
1.75 9.125 1423778.92985
2.25 9.125 711889.464926
2.75 9.125 1423778.92985
3.25 9.125 1067834.19739
3.75 9.125 0.0
4.25 9.125 355944.732463
4.75 9.125 355944.732463
5.25 9.125 0.0
5.75 9.125 0.0
6.25 9.125 0.0
6.75 9.125 0.0
7.25 9.125 0.0
7.75 9.125 0.0
8.25 9.125 0.0
8.75 9.125 0.0
0.25 9.375 355944.732463
0.75 9.375 1067834.19739
1.25 9.375 1423778.92985
1.75 9.375 0.0
2.25 9.375 1423778.92985
2.75 9.375 1067834.19739
3.25 9.375 355944.732463
3.75 9.375 355944.732463
4.25 9.375 711889.464926
4.75 9.375 355944.732463
5.25 9.375 0.0
5.75 9.375 0.0
6.25 9.375 0.0
6.75 9.375 0.0
7.25 9.375 0.0
7.75 9.375 0.0
8.25 9.375 0.0
8.75 9.375 0.0
0.25 9.625 1067834.19739
0.75 9.625 711889.464926
1.25 9.625 1779723.66232
1.75 9.625 1067834.19739
2.25 9.625 2135668.39478
2.75 9.625 1067834.19739
3.25 9.625 355944.732463
3.75 9.625 1067834.19739
4.25 9.625 0.0
4.75 9.625 0.0
5.25 9.625 0.0
5.75 9.625 0.0
6.25 9.625 0.0
6.75 9.625 0.0
7.25 9.625 0.0
7.75 9.625 0.0
8.25 9.625 0.0
8.75 9.625 0.0
0.25 9.875 0.0
0.75 9.875 1067834.19739
1.25 9.875 1423778.92985
1.75 9.875 0.0
2.25 9.875 355944.732463
2.75 9.875 1067834.19739
3.25 9.875 355944.732463
3.75 9.875 711889.464926
4.25 9.875 355944.732463
4.75 9.875 0.0
5.25 9.875 0.0
5.75 9.875 0.0
6.25 9.875 0.0
6.75 9.875 0.0
7.25 9.875 0.0
7.75 9.875 0.0
8.25 9.875 0.0
8.75 9.875 0.0
0.25 10.125 355944.732463
0.75 10.125 711889.464926
1.25 10.125 355944.732463
1.75 10.125 1423778.92985
2.25 10.125 711889.464926
2.75 10.125 711889.464926
3.25 10.125 711889.464926
3.75 10.125 355944.732463
4.25 10.125 0.0
4.75 10.125 0.0
5.25 10.125 0.0
5.75 10.125 355944.732463
6.25 10.125 0.0
6.75 10.125 0.0
7.25 10.125 0.0
7.75 10.125 0.0
8.25 10.125 0.0
8.75 10.125 0.0
0.25 10.375 1779723.66232
0.75 10.375 0.0
1.25 10.375 355944.732463
1.75 10.375 1423778.92985
2.25 10.375 0.0
2.75 10.375 0.0
3.25 10.375 711889.464926
3.75 10.375 1423778.92985
4.25 10.375 355944.732463
4.75 10.375 0.0
5.25 10.375 0.0
5.75 10.375 0.0
6.25 10.375 0.0
6.75 10.375 0.0
7.25 10.375 0.0
7.75 10.375 0.0
8.25 10.375 0.0
8.75 10.375 0.0
0.25 10.625 0.0
0.75 10.625 0.0
1.25 10.625 711889.464926
1.75 10.625 355944.732463
2.25 10.625 711889.464926
2.75 10.625 711889.464926
3.25 10.625 711889.464926
3.75 10.625 355944.732463
4.25 10.625 0.0
4.75 10.625 0.0
5.25 10.625 0.0
5.75 10.625 0.0
6.25 10.625 0.0
6.75 10.625 0.0
7.25 10.625 0.0
7.75 10.625 0.0
8.25 10.625 0.0
8.75 10.625 0.0
0.25 10.875 355944.732463
0.75 10.875 0.0
1.25 10.875 711889.464926
1.75 10.875 355944.732463
2.25 10.875 1067834.19739
2.75 10.875 0.0
3.25 10.875 0.0
3.75 10.875 355944.732463
4.25 10.875 0.0
4.75 10.875 0.0
5.25 10.875 0.0
5.75 10.875 0.0
6.25 10.875 0.0
6.75 10.875 0.0
7.25 10.875 0.0
7.75 10.875 0.0
8.25 10.875 0.0
8.75 10.875 0.0
0.25 11.125 711889.464926
0.75 11.125 1067834.19739
1.25 11.125 0.0
1.75 11.125 355944.732463
2.25 11.125 711889.464926
2.75 11.125 1067834.19739
3.25 11.125 0.0
3.75 11.125 355944.732463
4.25 11.125 0.0
4.75 11.125 0.0
5.25 11.125 0.0
5.75 11.125 0.0
6.25 11.125 0.0
6.75 11.125 0.0
7.25 11.125 0.0
7.75 11.125 0.0
8.25 11.125 0.0
8.75 11.125 0.0
0.25 11.375 355944.732463
0.75 11.375 711889.464926
1.25 11.375 1067834.19739
1.75 11.375 0.0
2.25 11.375 0.0
2.75 11.375 0.0
3.25 11.375 0.0
3.75 11.375 711889.464926
4.25 11.375 355944.732463
4.75 11.375 0.0
5.25 11.375 0.0
5.75 11.375 0.0
6.25 11.375 0.0
6.75 11.375 0.0
7.25 11.375 0.0
7.75 11.375 0.0
8.25 11.375 0.0
8.75 11.375 0.0
0.25 11.625 711889.464926
0.75 11.625 0.0
1.25 11.625 1423778.92985
1.75 11.625 355944.732463
2.25 11.625 355944.732463
2.75 11.625 0.0
3.25 11.625 355944.732463
3.75 11.625 0.0
4.25 11.625 355944.732463
4.75 11.625 355944.732463
5.25 11.625 0.0
5.75 11.625 0.0
6.25 11.625 0.0
6.75 11.625 0.0
7.25 11.625 0.0
7.75 11.625 0.0
8.25 11.625 0.0
8.75 11.625 0.0
0.25 11.875 0.0
0.75 11.875 355944.732463
1.25 11.875 711889.464926
1.75 11.875 1067834.19739
2.25 11.875 0.0
2.75 11.875 1067834.19739
3.25 11.875 355944.732463
3.75 11.875 0.0
4.25 11.875 0.0
4.75 11.875 0.0
5.25 11.875 0.0
5.75 11.875 0.0
6.25 11.875 0.0
6.75 11.875 0.0
7.25 11.875 0.0
7.75 11.875 0.0
8.25 11.875 0.0
8.75 11.875 0.0
0.25 12.125 355944.732463
0.75 12.125 0.0
1.25 12.125 711889.464926
1.75 12.125 1067834.19739
2.25 12.125 0.0
2.75 12.125 355944.732463
3.25 12.125 0.0
3.75 12.125 0.0
4.25 12.125 0.0
4.75 12.125 0.0
5.25 12.125 0.0
5.75 12.125 0.0
6.25 12.125 0.0
6.75 12.125 0.0
7.25 12.125 0.0
7.75 12.125 0.0
8.25 12.125 0.0
8.75 12.125 0.0
0.25 12.375 0.0
0.75 12.375 0.0
1.25 12.375 0.0
1.75 12.375 0.0
2.25 12.375 0.0
2.75 12.375 355944.732463
3.25 12.375 1067834.19739
3.75 12.375 0.0
4.25 12.375 0.0
4.75 12.375 0.0
5.25 12.375 0.0
5.75 12.375 0.0
6.25 12.375 0.0
6.75 12.375 0.0
7.25 12.375 0.0
7.75 12.375 0.0
8.25 12.375 0.0
8.75 12.375 0.0
0.25 12.625 711889.464926
0.75 12.625 711889.464926
1.25 12.625 355944.732463
1.75 12.625 0.0
2.25 12.625 0.0
2.75 12.625 0.0
3.25 12.625 355944.732463
3.75 12.625 711889.464926
4.25 12.625 355944.732463
4.75 12.625 0.0
5.25 12.625 0.0
5.75 12.625 0.0
6.25 12.625 0.0
6.75 12.625 0.0
7.25 12.625 0.0
7.75 12.625 0.0
8.25 12.625 0.0
8.75 12.625 0.0
0.25 12.875 711889.464926
0.75 12.875 0.0
1.25 12.875 0.0
1.75 12.875 355944.732463
2.25 12.875 0.0
2.75 12.875 355944.732463
3.25 12.875 355944.732463
3.75 12.875 0.0
4.25 12.875 355944.732463
4.75 12.875 0.0
5.25 12.875 0.0
5.75 12.875 0.0
6.25 12.875 0.0
6.75 12.875 0.0
7.25 12.875 0.0
7.75 12.875 0.0
8.25 12.875 0.0
8.75 12.875 0.0
0.25 13.125 711889.464926
0.75 13.125 355944.732463
1.25 13.125 0.0
1.75 13.125 0.0
2.25 13.125 1067834.19739
2.75 13.125 0.0
3.25 13.125 0.0
3.75 13.125 0.0
4.25 13.125 0.0
4.75 13.125 355944.732463
5.25 13.125 0.0
5.75 13.125 0.0
6.25 13.125 0.0
6.75 13.125 0.0
7.25 13.125 0.0
7.75 13.125 0.0
8.25 13.125 0.0
8.75 13.125 0.0
0.25 13.375 1067834.19739
0.75 13.375 0.0
1.25 13.375 0.0
1.75 13.375 0.0
2.25 13.375 0.0
2.75 13.375 355944.732463
3.25 13.375 0.0
3.75 13.375 0.0
4.25 13.375 355944.732463
4.75 13.375 0.0
5.25 13.375 0.0
5.75 13.375 0.0
6.25 13.375 0.0
6.75 13.375 0.0
7.25 13.375 0.0
7.75 13.375 0.0
8.25 13.375 0.0
8.75 13.375 0.0
0.25 13.625 711889.464926
0.75 13.625 0.0
1.25 13.625 711889.464926
1.75 13.625 355944.732463
2.25 13.625 0.0
2.75 13.625 0.0
3.25 13.625 0.0
3.75 13.625 0.0
4.25 13.625 0.0
4.75 13.625 0.0
5.25 13.625 0.0
5.75 13.625 0.0
6.25 13.625 0.0
6.75 13.625 0.0
7.25 13.625 0.0
7.75 13.625 0.0
8.25 13.625 0.0
8.75 13.625 0.0
0.25 13.875 355944.732463
0.75 13.875 711889.464926
1.25 13.875 0.0
1.75 13.875 355944.732463
2.25 13.875 0.0
2.75 13.875 0.0
3.25 13.875 0.0
3.75 13.875 0.0
4.25 13.875 0.0
4.75 13.875 0.0
5.25 13.875 0.0
5.75 13.875 0.0
6.25 13.875 0.0
6.75 13.875 0.0
7.25 13.875 0.0
7.75 13.875 0.0
8.25 13.875 0.0
8.75 13.875 0.0
0.25 14.125 0.0
0.75 14.125 0.0
1.25 14.125 355944.732463
1.75 14.125 0.0
2.25 14.125 0.0
2.75 14.125 0.0
3.25 14.125 355944.732463
3.75 14.125 355944.732463
4.25 14.125 0.0
4.75 14.125 0.0
5.25 14.125 0.0
5.75 14.125 0.0
6.25 14.125 0.0
6.75 14.125 0.0
7.25 14.125 0.0
7.75 14.125 0.0
8.25 14.125 0.0
8.75 14.125 0.0
0.25 14.375 0.0
0.75 14.375 0.0
1.25 14.375 0.0
1.75 14.375 0.0
2.25 14.375 355944.732463
2.75 14.375 355944.732463
3.25 14.375 0.0
3.75 14.375 0.0
4.25 14.375 355944.732463
4.75 14.375 0.0
5.25 14.375 0.0
5.75 14.375 0.0
6.25 14.375 0.0
6.75 14.375 0.0
7.25 14.375 0.0
7.75 14.375 0.0
8.25 14.375 0.0
8.75 14.375 0.0
0.25 14.625 0.0
0.75 14.625 0.0
1.25 14.625 0.0
1.75 14.625 711889.464926
2.25 14.625 1067834.19739
2.75 14.625 0.0
3.25 14.625 355944.732463
3.75 14.625 0.0
4.25 14.625 0.0
4.75 14.625 0.0
5.25 14.625 0.0
5.75 14.625 0.0
6.25 14.625 0.0
6.75 14.625 0.0
7.25 14.625 0.0
7.75 14.625 0.0
8.25 14.625 0.0
8.75 14.625 0.0
0.25 14.875 0.0
0.75 14.875 0.0
1.25 14.875 0.0
1.75 14.875 0.0
2.25 14.875 0.0
2.75 14.875 0.0
3.25 14.875 0.0
3.75 14.875 0.0
4.25 14.875 0.0
4.75 14.875 0.0
5.25 14.875 0.0
5.75 14.875 0.0
6.25 14.875 0.0
6.75 14.875 0.0
7.25 14.875 0.0
7.75 14.875 0.0
8.25 14.875 0.0
8.75 14.875 0.0
0.25 15.125 355944.732463
0.75 15.125 355944.732463
1.25 15.125 0.0
1.75 15.125 0.0
2.25 15.125 0.0
2.75 15.125 355944.732463
3.25 15.125 1067834.19739
3.75 15.125 0.0
4.25 15.125 0.0
4.75 15.125 0.0
5.25 15.125 0.0
5.75 15.125 0.0
6.25 15.125 0.0
6.75 15.125 0.0
7.25 15.125 0.0
7.75 15.125 0.0
8.25 15.125 0.0
8.75 15.125 0.0
0.25 15.375 355944.732463
0.75 15.375 0.0
1.25 15.375 0.0
1.75 15.375 0.0
2.25 15.375 355944.732463
2.75 15.375 0.0
3.25 15.375 0.0
3.75 15.375 0.0
4.25 15.375 0.0
4.75 15.375 0.0
5.25 15.375 0.0
5.75 15.375 0.0
6.25 15.375 0.0
6.75 15.375 0.0
7.25 15.375 0.0
7.75 15.375 0.0
8.25 15.375 0.0
8.75 15.375 0.0
0.25 15.625 355944.732463
0.75 15.625 0.0
1.25 15.625 711889.464926
1.75 15.625 355944.732463
2.25 15.625 1067834.19739
2.75 15.625 0.0
3.25 15.625 0.0
3.75 15.625 0.0
4.25 15.625 0.0
4.75 15.625 0.0
5.25 15.625 0.0
5.75 15.625 0.0
6.25 15.625 0.0
6.75 15.625 0.0
7.25 15.625 0.0
7.75 15.625 0.0
8.25 15.625 0.0
8.75 15.625 0.0
0.25 15.875 355944.732463
0.75 15.875 0.0
1.25 15.875 0.0
1.75 15.875 0.0
2.25 15.875 0.0
2.75 15.875 0.0
3.25 15.875 355944.732463
3.75 15.875 0.0
4.25 15.875 0.0
4.75 15.875 0.0
5.25 15.875 0.0
5.75 15.875 0.0
6.25 15.875 0.0
6.75 15.875 0.0
7.25 15.875 0.0
7.75 15.875 0.0
8.25 15.875 0.0
8.75 15.875 0.0
0.25 16.125 355944.732463
0.75 16.125 0.0
1.25 16.125 355944.732463
1.75 16.125 0.0
2.25 16.125 0.0
2.75 16.125 0.0
3.25 16.125 0.0
3.75 16.125 355944.732463
4.25 16.125 0.0
4.75 16.125 0.0
5.25 16.125 0.0
5.75 16.125 0.0
6.25 16.125 0.0
6.75 16.125 0.0
7.25 16.125 0.0
7.75 16.125 0.0
8.25 16.125 0.0
8.75 16.125 0.0
0.25 16.375 711889.464926
0.75 16.375 0.0
1.25 16.375 0.0
1.75 16.375 0.0
2.25 16.375 0.0
2.75 16.375 0.0
3.25 16.375 0.0
3.75 16.375 0.0
4.25 16.375 0.0
4.75 16.375 0.0
5.25 16.375 0.0
5.75 16.375 0.0
6.25 16.375 0.0
6.75 16.375 0.0
7.25 16.375 0.0
7.75 16.375 0.0
8.25 16.375 0.0
8.75 16.375 0.0
0.25 16.625 0.0
0.75 16.625 0.0
1.25 16.625 355944.732463
1.75 16.625 0.0
2.25 16.625 0.0
2.75 16.625 355944.732463
3.25 16.625 0.0
3.75 16.625 0.0
4.25 16.625 0.0
4.75 16.625 0.0
5.25 16.625 0.0
5.75 16.625 0.0
6.25 16.625 0.0
6.75 16.625 0.0
7.25 16.625 0.0
7.75 16.625 0.0
8.25 16.625 0.0
8.75 16.625 0.0
0.25 16.875 355944.732463
0.75 16.875 355944.732463
1.25 16.875 355944.732463
1.75 16.875 0.0
2.25 16.875 355944.732463
2.75 16.875 355944.732463
3.25 16.875 0.0
3.75 16.875 0.0
4.25 16.875 0.0
4.75 16.875 0.0
5.25 16.875 0.0
5.75 16.875 0.0
6.25 16.875 0.0
6.75 16.875 0.0
7.25 16.875 0.0
7.75 16.875 0.0
8.25 16.875 0.0
8.75 16.875 0.0
0.25 17.125 0.0
0.75 17.125 355944.732463
1.25 17.125 0.0
1.75 17.125 0.0
2.25 17.125 0.0
2.75 17.125 0.0
3.25 17.125 0.0
3.75 17.125 0.0
4.25 17.125 0.0
4.75 17.125 0.0
5.25 17.125 0.0
5.75 17.125 0.0
6.25 17.125 0.0
6.75 17.125 0.0
7.25 17.125 0.0
7.75 17.125 0.0
8.25 17.125 0.0
8.75 17.125 0.0
0.25 17.375 0.0
0.75 17.375 0.0
1.25 17.375 0.0
1.75 17.375 0.0
2.25 17.375 0.0
2.75 17.375 0.0
3.25 17.375 0.0
3.75 17.375 0.0
4.25 17.375 0.0
4.75 17.375 0.0
5.25 17.375 0.0
5.75 17.375 0.0
6.25 17.375 0.0
6.75 17.375 0.0
7.25 17.375 0.0
7.75 17.375 0.0
8.25 17.375 0.0
8.75 17.375 0.0
0.25 17.625 0.0
0.75 17.625 355944.732463
1.25 17.625 0.0
1.75 17.625 0.0
2.25 17.625 0.0
2.75 17.625 0.0
3.25 17.625 0.0
3.75 17.625 0.0
4.25 17.625 0.0
4.75 17.625 0.0
5.25 17.625 0.0
5.75 17.625 0.0
6.25 17.625 0.0
6.75 17.625 0.0
7.25 17.625 0.0
7.75 17.625 0.0
8.25 17.625 0.0
8.75 17.625 0.0
0.25 17.875 0.0
0.75 17.875 0.0
1.25 17.875 0.0
1.75 17.875 0.0
2.25 17.875 0.0
2.75 17.875 0.0
3.25 17.875 0.0
3.75 17.875 0.0
4.25 17.875 0.0
4.75 17.875 0.0
5.25 17.875 0.0
5.75 17.875 0.0
6.25 17.875 0.0
6.75 17.875 0.0
7.25 17.875 0.0
7.75 17.875 0.0
8.25 17.875 0.0
8.75 17.875 0.0
0.25 18.125 0.0
0.75 18.125 0.0
1.25 18.125 355944.732463
1.75 18.125 355944.732463
2.25 18.125 0.0
2.75 18.125 355944.732463
3.25 18.125 0.0
3.75 18.125 0.0
4.25 18.125 0.0
4.75 18.125 0.0
5.25 18.125 0.0
5.75 18.125 0.0
6.25 18.125 0.0
6.75 18.125 0.0
7.25 18.125 0.0
7.75 18.125 0.0
8.25 18.125 0.0
8.75 18.125 0.0
0.25 18.375 355944.732463
0.75 18.375 355944.732463
1.25 18.375 0.0
1.75 18.375 0.0
2.25 18.375 0.0
2.75 18.375 0.0
3.25 18.375 0.0
3.75 18.375 0.0
4.25 18.375 0.0
4.75 18.375 0.0
5.25 18.375 0.0
5.75 18.375 0.0
6.25 18.375 0.0
6.75 18.375 0.0
7.25 18.375 0.0
7.75 18.375 0.0
8.25 18.375 0.0
8.75 18.375 0.0
0.25 18.625 0.0
0.75 18.625 355944.732463
1.25 18.625 0.0
1.75 18.625 0.0
2.25 18.625 0.0
2.75 18.625 0.0
3.25 18.625 0.0
3.75 18.625 0.0
4.25 18.625 0.0
4.75 18.625 0.0
5.25 18.625 0.0
5.75 18.625 0.0
6.25 18.625 0.0
6.75 18.625 0.0
7.25 18.625 0.0
7.75 18.625 0.0
8.25 18.625 0.0
8.75 18.625 0.0
0.25 18.875 355944.732463
0.75 18.875 0.0
1.25 18.875 0.0
1.75 18.875 0.0
2.25 18.875 0.0
2.75 18.875 0.0
3.25 18.875 355944.732463
3.75 18.875 0.0
4.25 18.875 0.0
4.75 18.875 0.0
5.25 18.875 0.0
5.75 18.875 0.0
6.25 18.875 0.0
6.75 18.875 0.0
7.25 18.875 0.0
7.75 18.875 0.0
8.25 18.875 0.0
8.75 18.875 0.0
0.25 19.125 0.0
0.75 19.125 0.0
1.25 19.125 0.0
1.75 19.125 0.0
2.25 19.125 0.0
2.75 19.125 0.0
3.25 19.125 0.0
3.75 19.125 0.0
4.25 19.125 0.0
4.75 19.125 0.0
5.25 19.125 0.0
5.75 19.125 0.0
6.25 19.125 0.0
6.75 19.125 0.0
7.25 19.125 0.0
7.75 19.125 0.0
8.25 19.125 0.0
8.75 19.125 0.0
0.25 19.375 0.0
0.75 19.375 0.0
1.25 19.375 0.0
1.75 19.375 0.0
2.25 19.375 0.0
2.75 19.375 0.0
3.25 19.375 0.0
3.75 19.375 0.0
4.25 19.375 0.0
4.75 19.375 0.0
5.25 19.375 0.0
5.75 19.375 0.0
6.25 19.375 0.0
6.75 19.375 0.0
7.25 19.375 0.0
7.75 19.375 0.0
8.25 19.375 0.0
8.75 19.375 0.0
0.25 19.625 355944.732463
0.75 19.625 0.0
1.25 19.625 0.0
1.75 19.625 0.0
2.25 19.625 0.0
2.75 19.625 0.0
3.25 19.625 0.0
3.75 19.625 0.0
4.25 19.625 0.0
4.75 19.625 0.0
5.25 19.625 0.0
5.75 19.625 0.0
6.25 19.625 0.0
6.75 19.625 0.0
7.25 19.625 0.0
7.75 19.625 0.0
8.25 19.625 0.0
8.75 19.625 0.0
0.25 19.875 0.0
0.75 19.875 0.0
1.25 19.875 0.0
1.75 19.875 0.0
2.25 19.875 0.0
2.75 19.875 0.0
3.25 19.875 0.0
3.75 19.875 0.0
4.25 19.875 0.0
4.75 19.875 0.0
5.25 19.875 0.0
5.75 19.875 0.0
6.25 19.875 0.0
6.75 19.875 0.0
7.25 19.875 0.0
7.75 19.875 0.0
8.25 19.875 0.0
8.75 19.875 0.0
0.25 20.125 0.0
0.75 20.125 0.0
1.25 20.125 0.0
1.75 20.125 0.0
2.25 20.125 0.0
2.75 20.125 0.0
3.25 20.125 0.0
3.75 20.125 0.0
4.25 20.125 0.0
4.75 20.125 0.0
5.25 20.125 0.0
5.75 20.125 0.0
6.25 20.125 0.0
6.75 20.125 0.0
7.25 20.125 0.0
7.75 20.125 0.0
8.25 20.125 0.0
8.75 20.125 0.0
0.25 20.375 0.0
0.75 20.375 0.0
1.25 20.375 0.0
1.75 20.375 0.0
2.25 20.375 0.0
2.75 20.375 0.0
3.25 20.375 0.0
3.75 20.375 0.0
4.25 20.375 0.0
4.75 20.375 0.0
5.25 20.375 0.0
5.75 20.375 0.0
6.25 20.375 0.0
6.75 20.375 0.0
7.25 20.375 0.0
7.75 20.375 0.0
8.25 20.375 0.0
8.75 20.375 0.0
0.25 20.625 0.0
0.75 20.625 0.0
1.25 20.625 0.0
1.75 20.625 0.0
2.25 20.625 0.0
2.75 20.625 0.0
3.25 20.625 0.0
3.75 20.625 0.0
4.25 20.625 0.0
4.75 20.625 0.0
5.25 20.625 0.0
5.75 20.625 0.0
6.25 20.625 0.0
6.75 20.625 0.0
7.25 20.625 0.0
7.75 20.625 0.0
8.25 20.625 0.0
8.75 20.625 0.0
0.25 20.875 0.0
0.75 20.875 0.0
1.25 20.875 0.0
1.75 20.875 0.0
2.25 20.875 0.0
2.75 20.875 355944.732463
3.25 20.875 0.0
3.75 20.875 0.0
4.25 20.875 0.0
4.75 20.875 0.0
5.25 20.875 0.0
5.75 20.875 0.0
6.25 20.875 0.0
6.75 20.875 0.0
7.25 20.875 0.0
7.75 20.875 0.0
8.25 20.875 0.0
8.75 20.875 0.0
0.25 21.125 0.0
0.75 21.125 0.0
1.25 21.125 0.0
1.75 21.125 0.0
2.25 21.125 0.0
2.75 21.125 0.0
3.25 21.125 0.0
3.75 21.125 0.0
4.25 21.125 0.0
4.75 21.125 0.0
5.25 21.125 0.0
5.75 21.125 0.0
6.25 21.125 0.0
6.75 21.125 0.0
7.25 21.125 0.0
7.75 21.125 0.0
8.25 21.125 0.0
8.75 21.125 0.0
0.25 21.375 0.0
0.75 21.375 0.0
1.25 21.375 0.0
1.75 21.375 0.0
2.25 21.375 0.0
2.75 21.375 0.0
3.25 21.375 0.0
3.75 21.375 0.0
4.25 21.375 0.0
4.75 21.375 0.0
5.25 21.375 0.0
5.75 21.375 0.0
6.25 21.375 0.0
6.75 21.375 0.0
7.25 21.375 0.0
7.75 21.375 0.0
8.25 21.375 0.0
8.75 21.375 0.0
0.25 21.625 0.0
0.75 21.625 0.0
1.25 21.625 0.0
1.75 21.625 355944.732463
2.25 21.625 0.0
2.75 21.625 0.0
3.25 21.625 0.0
3.75 21.625 0.0
4.25 21.625 0.0
4.75 21.625 0.0
5.25 21.625 0.0
5.75 21.625 0.0
6.25 21.625 0.0
6.75 21.625 0.0
7.25 21.625 0.0
7.75 21.625 0.0
8.25 21.625 0.0
8.75 21.625 0.0
0.25 21.875 0.0
0.75 21.875 355944.732463
1.25 21.875 0.0
1.75 21.875 0.0
2.25 21.875 0.0
2.75 21.875 0.0
3.25 21.875 0.0
3.75 21.875 0.0
4.25 21.875 0.0
4.75 21.875 0.0
5.25 21.875 0.0
5.75 21.875 0.0
6.25 21.875 0.0
6.75 21.875 0.0
7.25 21.875 0.0
7.75 21.875 0.0
8.25 21.875 0.0
8.75 21.875 0.0
0.25 22.125 0.0
0.75 22.125 0.0
1.25 22.125 0.0
1.75 22.125 0.0
2.25 22.125 0.0
2.75 22.125 0.0
3.25 22.125 0.0
3.75 22.125 0.0
4.25 22.125 0.0
4.75 22.125 0.0
5.25 22.125 0.0
5.75 22.125 0.0
6.25 22.125 0.0
6.75 22.125 0.0
7.25 22.125 0.0
7.75 22.125 0.0
8.25 22.125 0.0
8.75 22.125 0.0
0.25 22.375 0.0
0.75 22.375 0.0
1.25 22.375 0.0
1.75 22.375 0.0
2.25 22.375 0.0
2.75 22.375 355944.732463
3.25 22.375 0.0
3.75 22.375 0.0
4.25 22.375 0.0
4.75 22.375 0.0
5.25 22.375 0.0
5.75 22.375 0.0
6.25 22.375 0.0
6.75 22.375 0.0
7.25 22.375 0.0
7.75 22.375 0.0
8.25 22.375 0.0
8.75 22.375 0.0
0.25 22.625 355944.732463
0.75 22.625 0.0
1.25 22.625 0.0
1.75 22.625 0.0
2.25 22.625 0.0
2.75 22.625 0.0
3.25 22.625 0.0
3.75 22.625 0.0
4.25 22.625 0.0
4.75 22.625 0.0
5.25 22.625 0.0
5.75 22.625 0.0
6.25 22.625 0.0
6.75 22.625 0.0
7.25 22.625 0.0
7.75 22.625 0.0
8.25 22.625 0.0
8.75 22.625 0.0
0.25 22.875 0.0
0.75 22.875 0.0
1.25 22.875 0.0
1.75 22.875 0.0
2.25 22.875 0.0
2.75 22.875 0.0
3.25 22.875 0.0
3.75 22.875 0.0
4.25 22.875 0.0
4.75 22.875 0.0
5.25 22.875 0.0
5.75 22.875 0.0
6.25 22.875 0.0
6.75 22.875 0.0
7.25 22.875 0.0
7.75 22.875 0.0
8.25 22.875 0.0
8.75 22.875 0.0
0.25 23.125 0.0
0.75 23.125 0.0
1.25 23.125 0.0
1.75 23.125 0.0
2.25 23.125 0.0
2.75 23.125 0.0
3.25 23.125 0.0
3.75 23.125 0.0
4.25 23.125 0.0
4.75 23.125 0.0
5.25 23.125 0.0
5.75 23.125 0.0
6.25 23.125 0.0
6.75 23.125 0.0
7.25 23.125 0.0
7.75 23.125 0.0
8.25 23.125 0.0
8.75 23.125 0.0
0.25 23.375 0.0
0.75 23.375 0.0
1.25 23.375 0.0
1.75 23.375 0.0
2.25 23.375 0.0
2.75 23.375 0.0
3.25 23.375 0.0
3.75 23.375 0.0
4.25 23.375 0.0
4.75 23.375 0.0
5.25 23.375 0.0
5.75 23.375 0.0
6.25 23.375 0.0
6.75 23.375 0.0
7.25 23.375 0.0
7.75 23.375 0.0
8.25 23.375 0.0
8.75 23.375 0.0
0.25 23.625 0.0
0.75 23.625 0.0
1.25 23.625 0.0
1.75 23.625 0.0
2.25 23.625 0.0
2.75 23.625 0.0
3.25 23.625 0.0
3.75 23.625 0.0
4.25 23.625 0.0
4.75 23.625 0.0
5.25 23.625 0.0
5.75 23.625 0.0
6.25 23.625 0.0
6.75 23.625 0.0
7.25 23.625 0.0
7.75 23.625 0.0
8.25 23.625 0.0
8.75 23.625 0.0
0.25 23.875 0.0
0.75 23.875 0.0
1.25 23.875 0.0
1.75 23.875 0.0
2.25 23.875 0.0
2.75 23.875 0.0
3.25 23.875 0.0
3.75 23.875 0.0
4.25 23.875 0.0
4.75 23.875 0.0
5.25 23.875 0.0
5.75 23.875 0.0
6.25 23.875 0.0
6.75 23.875 0.0
7.25 23.875 0.0
7.75 23.875 0.0
8.25 23.875 0.0
8.75 23.875 0.0
0.25 24.125 0.0
0.75 24.125 0.0
1.25 24.125 0.0
1.75 24.125 0.0
2.25 24.125 0.0
2.75 24.125 355944.732463
3.25 24.125 0.0
3.75 24.125 0.0
4.25 24.125 0.0
4.75 24.125 0.0
5.25 24.125 0.0
5.75 24.125 0.0
6.25 24.125 0.0
6.75 24.125 0.0
7.25 24.125 0.0
7.75 24.125 0.0
8.25 24.125 0.0
8.75 24.125 0.0
0.25 24.375 0.0
0.75 24.375 0.0
1.25 24.375 0.0
1.75 24.375 0.0
2.25 24.375 0.0
2.75 24.375 0.0
3.25 24.375 0.0
3.75 24.375 0.0
4.25 24.375 0.0
4.75 24.375 0.0
5.25 24.375 0.0
5.75 24.375 0.0
6.25 24.375 0.0
6.75 24.375 0.0
7.25 24.375 0.0
7.75 24.375 0.0
8.25 24.375 0.0
8.75 24.375 0.0
0.25 24.625 0.0
0.75 24.625 0.0
1.25 24.625 0.0
1.75 24.625 0.0
2.25 24.625 0.0
2.75 24.625 0.0
3.25 24.625 0.0
3.75 24.625 0.0
4.25 24.625 0.0
4.75 24.625 0.0
5.25 24.625 0.0
5.75 24.625 0.0
6.25 24.625 0.0
6.75 24.625 0.0
7.25 24.625 0.0
7.75 24.625 0.0
8.25 24.625 0.0
8.75 24.625 0.0
0.25 24.875 0.0
0.75 24.875 0.0
1.25 24.875 0.0
1.75 24.875 0.0
2.25 24.875 0.0
2.75 24.875 0.0
3.25 24.875 0.0
3.75 24.875 0.0
4.25 24.875 0.0
4.75 24.875 0.0
5.25 24.875 0.0
5.75 24.875 0.0
6.25 24.875 0.0
6.75 24.875 0.0
7.25 24.875 0.0
7.75 24.875 0.0
8.25 24.875 0.0
8.75 24.875 0.0
0.25 25.125 0.0
0.75 25.125 0.0
1.25 25.125 0.0
1.75 25.125 0.0
2.25 25.125 0.0
2.75 25.125 355944.732463
3.25 25.125 0.0
3.75 25.125 0.0
4.25 25.125 0.0
4.75 25.125 0.0
5.25 25.125 0.0
5.75 25.125 0.0
6.25 25.125 0.0
6.75 25.125 0.0
7.25 25.125 0.0
7.75 25.125 0.0
8.25 25.125 0.0
8.75 25.125 0.0
0.25 25.375 0.0
0.75 25.375 0.0
1.25 25.375 0.0
1.75 25.375 0.0
2.25 25.375 0.0
2.75 25.375 0.0
3.25 25.375 0.0
3.75 25.375 0.0
4.25 25.375 355944.732463
4.75 25.375 0.0
5.25 25.375 0.0
5.75 25.375 0.0
6.25 25.375 0.0
6.75 25.375 0.0
7.25 25.375 0.0
7.75 25.375 0.0
8.25 25.375 0.0
8.75 25.375 0.0
0.25 25.625 0.0
0.75 25.625 0.0
1.25 25.625 0.0
1.75 25.625 0.0
2.25 25.625 0.0
2.75 25.625 0.0
3.25 25.625 0.0
3.75 25.625 0.0
4.25 25.625 0.0
4.75 25.625 0.0
5.25 25.625 0.0
5.75 25.625 0.0
6.25 25.625 0.0
6.75 25.625 0.0
7.25 25.625 0.0
7.75 25.625 0.0
8.25 25.625 0.0
8.75 25.625 0.0
0.25 25.875 0.0
0.75 25.875 0.0
1.25 25.875 0.0
1.75 25.875 0.0
2.25 25.875 0.0
2.75 25.875 0.0
3.25 25.875 0.0
3.75 25.875 0.0
4.25 25.875 0.0
4.75 25.875 0.0
5.25 25.875 0.0
5.75 25.875 0.0
6.25 25.875 0.0
6.75 25.875 0.0
7.25 25.875 0.0
7.75 25.875 0.0
8.25 25.875 0.0
8.75 25.875 0.0
0.25 26.125 0.0
0.75 26.125 0.0
1.25 26.125 0.0
1.75 26.125 0.0
2.25 26.125 0.0
2.75 26.125 0.0
3.25 26.125 0.0
3.75 26.125 0.0
4.25 26.125 0.0
4.75 26.125 0.0
5.25 26.125 0.0
5.75 26.125 0.0
6.25 26.125 0.0
6.75 26.125 0.0
7.25 26.125 0.0
7.75 26.125 0.0
8.25 26.125 0.0
8.75 26.125 0.0
0.25 26.375 0.0
0.75 26.375 0.0
1.25 26.375 0.0
1.75 26.375 0.0
2.25 26.375 0.0
2.75 26.375 0.0
3.25 26.375 0.0
3.75 26.375 355944.732463
4.25 26.375 0.0
4.75 26.375 0.0
5.25 26.375 0.0
5.75 26.375 0.0
6.25 26.375 0.0
6.75 26.375 0.0
7.25 26.375 0.0
7.75 26.375 0.0
8.25 26.375 0.0
8.75 26.375 0.0
0.25 26.625 0.0
0.75 26.625 0.0
1.25 26.625 0.0
1.75 26.625 0.0
2.25 26.625 0.0
2.75 26.625 0.0
3.25 26.625 0.0
3.75 26.625 0.0
4.25 26.625 0.0
4.75 26.625 0.0
5.25 26.625 0.0
5.75 26.625 0.0
6.25 26.625 0.0
6.75 26.625 0.0
7.25 26.625 0.0
7.75 26.625 0.0
8.25 26.625 0.0
8.75 26.625 0.0
0.25 26.875 0.0
0.75 26.875 0.0
1.25 26.875 0.0
1.75 26.875 0.0
2.25 26.875 0.0
2.75 26.875 0.0
3.25 26.875 0.0
3.75 26.875 0.0
4.25 26.875 0.0
4.75 26.875 0.0
5.25 26.875 0.0
5.75 26.875 0.0
6.25 26.875 0.0
6.75 26.875 0.0
7.25 26.875 0.0
7.75 26.875 0.0
8.25 26.875 0.0
8.75 26.875 0.0
0.25 27.125 0.0
0.75 27.125 0.0
1.25 27.125 0.0
1.75 27.125 0.0
2.25 27.125 0.0
2.75 27.125 0.0
3.25 27.125 0.0
3.75 27.125 0.0
4.25 27.125 0.0
4.75 27.125 0.0
5.25 27.125 0.0
5.75 27.125 0.0
6.25 27.125 0.0
6.75 27.125 0.0
7.25 27.125 0.0
7.75 27.125 0.0
8.25 27.125 0.0
8.75 27.125 0.0
0.25 27.375 0.0
0.75 27.375 0.0
1.25 27.375 0.0
1.75 27.375 0.0
2.25 27.375 0.0
2.75 27.375 0.0
3.25 27.375 0.0
3.75 27.375 0.0
4.25 27.375 0.0
4.75 27.375 0.0
5.25 27.375 0.0
5.75 27.375 0.0
6.25 27.375 0.0
6.75 27.375 0.0
7.25 27.375 0.0
7.75 27.375 0.0
8.25 27.375 0.0
8.75 27.375 0.0
0.25 27.625 0.0
0.75 27.625 0.0
1.25 27.625 0.0
1.75 27.625 0.0
2.25 27.625 0.0
2.75 27.625 0.0
3.25 27.625 0.0
3.75 27.625 0.0
4.25 27.625 0.0
4.75 27.625 0.0
5.25 27.625 0.0
5.75 27.625 0.0
6.25 27.625 0.0
6.75 27.625 0.0
7.25 27.625 0.0
7.75 27.625 0.0
8.25 27.625 0.0
8.75 27.625 0.0
0.25 27.875 0.0
0.75 27.875 0.0
1.25 27.875 0.0
1.75 27.875 0.0
2.25 27.875 0.0
2.75 27.875 0.0
3.25 27.875 0.0
3.75 27.875 0.0
4.25 27.875 0.0
4.75 27.875 0.0
5.25 27.875 0.0
5.75 27.875 0.0
6.25 27.875 0.0
6.75 27.875 0.0
7.25 27.875 0.0
7.75 27.875 0.0
8.25 27.875 0.0
8.75 27.875 0.0
0.25 28.125 0.0
0.75 28.125 0.0
1.25 28.125 0.0
1.75 28.125 0.0
2.25 28.125 0.0
2.75 28.125 0.0
3.25 28.125 0.0
3.75 28.125 0.0
4.25 28.125 0.0
4.75 28.125 0.0
5.25 28.125 0.0
5.75 28.125 0.0
6.25 28.125 0.0
6.75 28.125 0.0
7.25 28.125 0.0
7.75 28.125 0.0
8.25 28.125 0.0
8.75 28.125 0.0
0.25 28.375 0.0
0.75 28.375 0.0
1.25 28.375 0.0
1.75 28.375 0.0
2.25 28.375 0.0
2.75 28.375 0.0
3.25 28.375 0.0
3.75 28.375 0.0
4.25 28.375 0.0
4.75 28.375 0.0
5.25 28.375 0.0
5.75 28.375 0.0
6.25 28.375 0.0
6.75 28.375 0.0
7.25 28.375 0.0
7.75 28.375 0.0
8.25 28.375 0.0
8.75 28.375 0.0
0.25 28.625 0.0
0.75 28.625 0.0
1.25 28.625 0.0
1.75 28.625 0.0
2.25 28.625 0.0
2.75 28.625 0.0
3.25 28.625 0.0
3.75 28.625 0.0
4.25 28.625 0.0
4.75 28.625 0.0
5.25 28.625 0.0
5.75 28.625 0.0
6.25 28.625 0.0
6.75 28.625 0.0
7.25 28.625 0.0
7.75 28.625 0.0
8.25 28.625 0.0
8.75 28.625 0.0
0.25 28.875 0.0
0.75 28.875 0.0
1.25 28.875 0.0
1.75 28.875 0.0
2.25 28.875 0.0
2.75 28.875 0.0
3.25 28.875 0.0
3.75 28.875 0.0
4.25 28.875 0.0
4.75 28.875 0.0
5.25 28.875 0.0
5.75 28.875 0.0
6.25 28.875 0.0
6.75 28.875 0.0
7.25 28.875 0.0
7.75 28.875 0.0
8.25 28.875 0.0
8.75 28.875 0.0
0.25 29.125 0.0
0.75 29.125 0.0
1.25 29.125 0.0
1.75 29.125 0.0
2.25 29.125 0.0
2.75 29.125 0.0
3.25 29.125 0.0
3.75 29.125 0.0
4.25 29.125 0.0
4.75 29.125 0.0
5.25 29.125 0.0
5.75 29.125 0.0
6.25 29.125 0.0
6.75 29.125 0.0
7.25 29.125 0.0
7.75 29.125 0.0
8.25 29.125 0.0
8.75 29.125 0.0
0.25 29.375 0.0
0.75 29.375 0.0
1.25 29.375 0.0
1.75 29.375 0.0
2.25 29.375 0.0
2.75 29.375 0.0
3.25 29.375 0.0
3.75 29.375 0.0
4.25 29.375 0.0
4.75 29.375 0.0
5.25 29.375 0.0
5.75 29.375 0.0
6.25 29.375 0.0
6.75 29.375 0.0
7.25 29.375 0.0
7.75 29.375 0.0
8.25 29.375 0.0
8.75 29.375 0.0
0.25 29.625 0.0
0.75 29.625 0.0
1.25 29.625 0.0
1.75 29.625 0.0
2.25 29.625 0.0
2.75 29.625 0.0
3.25 29.625 0.0
3.75 29.625 0.0
4.25 29.625 0.0
4.75 29.625 0.0
5.25 29.625 0.0
5.75 29.625 0.0
6.25 29.625 0.0
6.75 29.625 0.0
7.25 29.625 0.0
7.75 29.625 0.0
8.25 29.625 0.0
8.75 29.625 0.0
0.25 29.875 0.0
0.75 29.875 0.0
1.25 29.875 0.0
1.75 29.875 0.0
2.25 29.875 0.0
2.75 29.875 0.0
3.25 29.875 0.0
3.75 29.875 0.0
4.25 29.875 0.0
4.75 29.875 0.0
5.25 29.875 0.0
5.75 29.875 0.0
6.25 29.875 0.0
6.75 29.875 0.0
7.25 29.875 0.0
7.75 29.875 0.0
8.25 29.875 0.0
8.75 29.875 0.0
