11.294627058970837 570.2144420590826
14.219093021276404 2258.2456484017002
17.900777537149963 3449.456928971785
22.535743732392298 1075.1713549871074
28.370820458389794 3563.676913031627
35.71674682851676 13945.122636034519
44.96472020903849 20427.932375964865
56.60722890537329 25829.785537203366
71.26427896022373 44078.20788205341
89.71641173621407 60307.730112597885
112.94627058970838 79806.31883144696
142.1909302127641 86965.22121605588
179.00777537149963 107505.34043925029
225.35743732392305 123026.04775148997
283.7082045838981 144876.9134527822
357.1674682851676 151565.12083387212
449.6472020903849 152951.16155637032
566.0722890537327 146431.25311593036
712.6427896022376 133143.15124367876
897.164117362141 116149.30496027041
1129.4627058970837 84507.59236955154
1421.9093021276408 58268.09731743322
1790.0777537149975 30689.669847162906
2253.5743732392316 12409.658760119928
2837.082045838981 3994.154707921436
3571.674682851676 894.5464983766433
4496.47202090385 133.08732624631375
5660.72289053733 14.140298873884603
7126.427896022379 0.35663933772593737
8971.64117362141 0.0
