0.25 0.125 53988505.825
0.75 0.125 55266340.2824
1.25 0.125 53030129.982
1.75 0.125 48557709.3811
2.25 0.125 41849078.4797
2.75 0.125 41529619.8654
3.25 0.125 39932326.7937
3.75 0.125 32584778.6636
4.25 0.125 23639937.4618
4.75 0.125 26834523.6053
5.25 0.125 14375637.6457
5.75 0.125 12139427.3453
6.25 0.125 7347548.13003
6.75 0.125 1916751.6861
7.25 0.125 1277834.4574
7.75 0.125 958375.843048
8.25 0.125 0.0
8.75 0.125 0.0
0.25 0.375 133533700.798
0.75 0.375 150465007.358
1.25 0.375 131616949.112
1.75 0.375 135450452.484
2.25 0.375 128102904.354
2.75 0.375 113727266.708
3.25 0.375 102546215.206
3.75 0.375 93920832.6187
4.25 0.375 79864653.5873
4.75 0.375 58460926.4259
5.25 0.375 46321499.0806
5.75 0.375 31945861.4349
6.25 0.375 20764809.9327
6.75 0.375 10861592.8879
7.25 0.375 5750255.05829
7.75 0.375 1597293.07175
8.25 0.375 319458.614349
8.75 0.375 0.0
0.25 0.625 216912399.143
0.75 0.625 209884309.627
1.25 0.625 212439978.542
1.75 0.625 200620009.811
2.25 0.625 185605454.937
2.75 0.625 165799020.847
3.25 0.625 149506631.515
3.75 0.625 128741821.583
4.25 0.625 109893763.336
4.75 0.625 97115418.7622
5.25 0.625 67725226.242
5.75 0.625 49835543.8385
6.25 0.625 25556689.1479
6.75 0.625 14695096.2601
7.25 0.625 7347548.13003
7.75 0.625 3833503.37219
8.25 0.625 319458.614349
8.75 0.625 0.0
0.25 0.875 261317146.538
0.75 0.875 260997687.923
1.25 0.875 243746922.748
1.75 0.875 249497177.807
2.25 0.875 217551316.372
2.75 0.875 208606475.17
3.25 0.875 176341155.121
3.75 0.875 157173638.26
4.25 0.875 140242331.699
4.75 0.875 109574304.722
5.25 0.875 81461946.659
5.75 0.875 56863633.3542
6.25 0.875 38654492.3363
6.75 0.875 18848058.2466
7.25 0.875 8305923.97308
7.75 0.875 3194586.14349
8.25 0.875 319458.614349
8.75 0.875 0.0
0.25 1.125 278567911.713
0.75 1.125 294540842.43
1.25 1.125 271220363.582
1.75 1.125 253650139.793
2.25 1.125 249177719.192
2.75 1.125 223301571.43
3.25 1.125 203175678.726
3.75 1.125 174104944.82
4.25 1.125 160048765.789
4.75 1.125 122033190.681
5.25 1.125 93920832.6187
5.75 1.125 68683602.0851
6.25 1.125 41849078.4797
6.75 1.125 24598313.3049
7.25 1.125 7028089.51568
7.75 1.125 1916751.6861
8.25 1.125 319458.614349
8.75 1.125 0.0
0.25 1.375 289429504.6
0.75 1.375 278248453.098
1.25 1.375 272498198.04
1.75 1.375 241510712.448
2.25 1.375 229690743.717
2.75 1.375 249816636.421
3.25 1.375 202856220.112
3.75 1.375 173466027.592
4.25 1.375 161007141.632
4.75 1.375 127144528.511
5.25 1.375 85934367.2599
5.75 1.375 69322519.3138
6.25 1.375 41210161.251
6.75 1.375 19806434.0897
7.25 1.375 7986465.35873
7.75 1.375 1277834.4574
8.25 1.375 0.0
8.75 1.375 0.0
0.25 1.625 271539822.197
0.75 1.625 252052846.722
1.25 1.625 258442019.009
1.75 1.625 255886350.094
2.25 1.625 246302591.663
2.75 1.625 217870774.986
3.25 1.625 199022716.74
3.75 1.625 189438958.309
4.25 1.625 150465007.358
4.75 1.625 129700197.426
5.25 1.625 85295450.0312
5.75 1.625 55905257.5111
6.25 1.625 28751275.2914
6.75 1.625 17250765.1749
7.25 1.625 4791879.21524
7.75 1.625 1916751.6861
8.25 1.625 0.0
8.75 1.625 0.0
0.25 1.875 251094470.878
0.75 1.875 255886350.094
1.25 1.875 240232877.991
1.75 1.875 233524247.089
2.25 1.875 209564851.013
2.75 1.875 200939468.426
3.25 1.875 199022716.74
3.75 1.875 165799020.847
4.25 1.875 127463987.125
4.75 1.875 110852139.179
5.25 1.875 84017615.5738
5.75 1.875 57183091.9685
6.25 1.875 34182071.7354
6.75 1.875 20445351.3183
7.25 1.875 2555668.91479
7.75 1.875 319458.614349
8.25 1.875 0.0
8.75 1.875 0.0
0.25 2.125 225537781.731
0.75 2.125 213717813.0
1.25 2.125 196786506.439
1.75 2.125 199661633.968
2.25 2.125 202217302.883
2.75 2.125 187202748.009
3.25 2.125 162923893.318
3.75 2.125 142478542.0
4.25 2.125 123630483.753
4.75 2.125 95518125.6904
5.25 2.125 72517105.4573
5.75 2.125 53030129.982
6.25 2.125 24598313.3049
6.75 2.125 16292389.3318
7.25 2.125 3514044.75784
7.75 2.125 638917.228698
8.25 2.125 0.0
8.75 2.125 0.0
0.25 2.375 200300551.197
0.75 2.375 189438958.309
1.25 2.375 190077875.538
1.75 2.375 173785486.206
2.25 2.375 174104944.82
2.75 2.375 173146568.977
3.25 2.375 155576345.188
3.75 2.375 132894783.569
4.25 2.375 115005101.166
4.75 2.375 77947901.9012
5.25 2.375 68364143.4707
5.75 2.375 45682581.8519
6.25 2.375 23320478.8475
6.75 2.375 8625382.58743
7.25 2.375 4472420.60089
7.75 2.375 0.0
8.25 2.375 0.0
8.75 2.375 0.0
0.25 2.625 177938448.193
0.75 2.625 183049786.022
1.25 2.625 163243351.932
1.75 2.625 158451472.717
2.25 2.625 154617969.345
2.75 2.625 132255866.341
3.25 2.625 134172618.027
3.75 2.625 105740801.35
4.25 2.625 89767870.6321
4.75 2.625 74433857.1434
5.25 2.625 48238250.7667
5.75 2.625 44724206.0089
6.25 2.625 18848058.2466
6.75 2.625 12139427.3453
7.25 2.625 2236210.30044
7.75 2.625 319458.614349
8.25 2.625 0.0
8.75 2.625 0.0
0.25 2.875 157493096.874
0.75 2.875 153340134.888
1.25 2.875 151423383.202
1.75 2.875 154937427.959
2.25 2.875 131297490.498
2.75 2.875 104462966.892
3.25 2.875 101907297.977
3.75 2.875 91684622.3182
4.25 2.875 79225736.3586
4.75 2.875 60377678.112
5.25 2.875 50155002.4528
5.75 2.875 32904237.278
6.25 2.875 17889682.4036
6.75 2.875 7347548.13003
7.25 2.875 2236210.30044
7.75 2.875 0.0
8.25 2.875 0.0
8.75 2.875 0.0
0.25 3.125 127783445.74
0.75 3.125 120435897.61
1.25 3.125 138645038.628
1.75 3.125 109893763.336
2.25 3.125 104462966.892
2.75 3.125 99671087.677
3.25 3.125 84017615.5738
3.75 3.125 79225736.3586
4.25 3.125 66766850.399
4.75 3.125 54307964.4394
5.25 3.125 44404747.3945
5.75 3.125 27153982.2197
6.25 3.125 17570223.7892
6.75 3.125 4152961.98654
7.25 3.125 1277834.4574
7.75 3.125 0.0
8.25 3.125 0.0
8.75 3.125 0.0
0.25 3.375 100948922.134
0.75 3.375 103185132.435
1.25 3.375 110213221.95
1.75 3.375 102226756.592
2.25 3.375 92962456.7756
2.75 3.375 84656532.8025
3.25 3.375 77947901.9012
3.75 3.375 70919812.3855
4.25 3.375 55905257.5111
4.75 3.375 46960416.3093
5.25 3.375 34820988.9641
5.75 3.375 22362103.0044
6.25 3.375 11819968.7309
6.75 3.375 4791879.21524
7.25 3.375 958375.843048
7.75 3.375 0.0
8.25 3.375 0.0
8.75 3.375 0.0
0.25 3.625 100629463.52
0.75 3.625 86253825.8743
1.25 3.625 99032170.4483
1.75 3.625 71878188.2286
2.25 3.625 75392232.9864
2.75 3.625 84017615.5738
3.25 3.625 65808474.5559
3.75 3.625 61016595.3407
4.25 3.625 45363123.2376
4.75 3.625 38015575.1076
5.25 3.625 31306944.2062
5.75 3.625 22042644.3901
6.25 3.625 11500510.1166
6.75 3.625 3194586.14349
7.25 3.625 0.0
7.75 3.625 0.0
8.25 3.625 0.0
8.75 3.625 0.0
0.25 3.875 77628443.2869
0.75 3.875 75072774.3721
1.25 3.875 80823029.4303
1.75 3.875 74114398.529
2.25 3.875 67405767.6277
2.75 3.875 56863633.3542
3.25 3.875 56544174.7398
3.75 3.875 47279874.9237
4.25 3.875 43446371.5515
4.75 3.875 35779364.8071
5.25 3.875 22362103.0044
5.75 3.875 19167516.861
6.25 3.875 6708630.90133
6.75 3.875 2555668.91479
7.25 3.875 319458.614349
7.75 3.875 0.0
8.25 3.875 0.0
8.75 3.875 0.0
0.25 4.125 57502550.5829
0.75 4.125 62294429.7981
1.25 4.125 64211181.4842
1.75 4.125 48557709.3811
2.25 4.125 63252805.6411
2.75 4.125 46960416.3093
3.25 4.125 47918792.1524
3.75 4.125 43126912.9371
4.25 4.125 37376657.8789
4.75 4.125 26515064.991
5.25 4.125 26195606.3766
5.75 4.125 11819968.7309
6.25 4.125 8944841.20178
6.75 4.125 1277834.4574
7.25 4.125 0.0
7.75 4.125 0.0
8.25 4.125 0.0
8.75 4.125 0.0
0.25 4.375 59099843.6546
0.75 4.375 56544174.7398
1.25 4.375 50474461.0672
1.75 4.375 47599333.538
2.25 4.375 44724206.0089
2.75 4.375 39293409.565
3.25 4.375 44085288.7802
3.75 4.375 36418282.0358
4.25 4.375 29709651.1345
4.75 4.375 26515064.991
5.25 4.375 20445351.3183
5.75 4.375 12778344.574
6.25 4.375 3514044.75784
6.75 4.375 958375.843048
7.25 4.375 638917.228698
7.75 4.375 0.0
8.25 4.375 0.0
8.75 4.375 0.0
0.25 4.625 43446371.5515
0.75 4.625 42168537.0941
1.25 4.625 47599333.538
1.75 4.625 40571244.0223
2.25 4.625 45043664.6232
2.75 4.625 39932326.7937
3.25 4.625 24917771.9192
3.75 4.625 27153982.2197
4.25 4.625 20445351.3183
4.75 4.625 19806434.0897
5.25 4.625 12139427.3453
5.75 4.625 10222675.6592
6.25 4.625 2875127.52914
6.75 4.625 1597293.07175
7.25 4.625 0.0
7.75 4.625 0.0
8.25 4.625 0.0
8.75 4.625 0.0
0.25 4.875 41529619.8654
0.75 4.875 42807454.3228
1.25 4.875 34501530.3497
1.75 4.875 39612868.1793
2.25 4.875 30668026.9775
2.75 4.875 30029109.7488
3.25 4.875 30987485.5919
3.75 4.875 24598313.3049
4.25 4.875 19167516.861
4.75 4.875 14056179.0314
5.25 4.875 13736720.417
5.75 4.875 6069713.67263
6.25 4.875 3514044.75784
6.75 4.875 958375.843048
7.25 4.875 0.0
7.75 4.875 0.0
8.25 4.875 0.0
8.75 4.875 0.0
0.25 5.125 30987485.5919
0.75 5.125 28751275.2914
1.25 5.125 33223695.8923
1.75 5.125 26515064.991
2.25 5.125 31626402.8206
2.75 5.125 23001020.2331
3.25 5.125 27473440.834
3.75 5.125 18528599.6323
4.25 5.125 15014554.8744
4.75 5.125 17250765.1749
5.25 5.125 11181051.5022
5.75 5.125 6708630.90133
6.25 5.125 3833503.37219
6.75 5.125 958375.843048
7.25 5.125 0.0
7.75 5.125 0.0
8.25 5.125 0.0
8.75 5.125 0.0
0.25 5.375 28751275.2914
0.75 5.375 30987485.5919
1.25 5.375 25556689.1479
1.75 5.375 26834523.6053
2.25 5.375 23320478.8475
2.75 5.375 16931306.5605
3.25 5.375 15014554.8744
3.75 5.375 16931306.5605
4.25 5.375 13097803.1883
4.75 5.375 11500510.1166
5.25 5.375 8305923.97308
5.75 5.375 7028089.51568
6.25 5.375 1916751.6861
6.75 5.375 319458.614349
7.25 5.375 0.0
7.75 5.375 0.0
8.25 5.375 0.0
8.75 5.375 0.0
0.25 5.625 20764809.9327
0.75 5.625 24278854.6905
1.25 5.625 18528599.6323
1.75 5.625 22362103.0044
2.25 5.625 18209141.0179
2.75 5.625 20125892.704
3.25 5.625 13417261.8027
3.75 5.625 13736720.417
4.25 5.625 12458885.9596
4.75 5.625 8625382.58743
5.25 5.625 7347548.13003
5.75 5.625 4152961.98654
6.25 5.625 1916751.6861
6.75 5.625 0.0
7.25 5.625 0.0
7.75 5.625 0.0
8.25 5.625 0.0
8.75 5.625 0.0
0.25 5.875 17250765.1749
0.75 5.875 23001020.2331
1.25 5.875 14056179.0314
1.75 5.875 15653472.1031
2.25 5.875 15014554.8744
2.75 5.875 13736720.417
3.25 5.875 12778344.574
3.75 5.875 6708630.90133
4.25 5.875 7667006.74438
4.75 5.875 9583758.43048
5.25 5.875 3833503.37219
5.75 5.875 2555668.91479
6.25 5.875 319458.614349
6.75 5.875 0.0
7.25 5.875 0.0
7.75 5.875 0.0
8.25 5.875 0.0
8.75 5.875 0.0
0.25 6.125 9264299.81613
0.75 6.125 15014554.8744
1.25 6.125 15653472.1031
1.75 6.125 15014554.8744
2.25 6.125 16611847.9462
2.75 6.125 14695096.2601
3.25 6.125 15014554.8744
3.75 6.125 12778344.574
4.25 6.125 11819968.7309
4.75 6.125 7986465.35873
5.25 6.125 4791879.21524
5.75 6.125 1597293.07175
6.25 6.125 638917.228698
6.75 6.125 0.0
7.25 6.125 0.0
7.75 6.125 0.0
8.25 6.125 0.0
8.75 6.125 0.0
0.25 6.375 15334013.4888
0.75 6.375 14695096.2601
1.25 6.375 14375637.6457
1.75 6.375 7028089.51568
2.25 6.375 10222675.6592
2.75 6.375 13417261.8027
3.25 6.375 10542134.2735
3.75 6.375 5750255.05829
4.25 6.375 7028089.51568
4.75 6.375 6389172.28698
5.25 6.375 4472420.60089
5.75 6.375 3194586.14349
6.25 6.375 958375.843048
6.75 6.375 0.0
7.25 6.375 0.0
7.75 6.375 0.0
8.25 6.375 0.0
8.75 6.375 0.0
0.25 6.625 15014554.8744
0.75 6.625 9903217.04483
1.25 6.625 8305923.97308
1.75 6.625 12458885.9596
2.25 6.625 7347548.13003
2.75 6.625 9264299.81613
3.25 6.625 4791879.21524
3.75 6.625 7986465.35873
4.25 6.625 7028089.51568
4.75 6.625 6389172.28698
5.25 6.625 4152961.98654
5.75 6.625 1916751.6861
6.25 6.625 958375.843048
6.75 6.625 319458.614349
7.25 6.625 0.0
7.75 6.625 0.0
8.25 6.625 0.0
8.75 6.625 0.0
0.25 6.875 7986465.35873
0.75 6.875 11500510.1166
1.25 6.875 8305923.97308
1.75 6.875 8944841.20178
2.25 6.875 8305923.97308
2.75 6.875 5111337.82959
3.25 6.875 8305923.97308
3.75 6.875 5750255.05829
4.25 6.875 2236210.30044
4.75 6.875 2236210.30044
5.25 6.875 2236210.30044
5.75 6.875 2236210.30044
6.25 6.875 958375.843048
6.75 6.875 0.0
7.25 6.875 0.0
7.75 6.875 0.0
8.25 6.875 0.0
8.75 6.875 0.0
0.25 7.125 7347548.13003
0.75 7.125 6708630.90133
1.25 7.125 7986465.35873
1.75 7.125 6708630.90133
2.25 7.125 6708630.90133
2.75 7.125 7028089.51568
3.25 7.125 6389172.28698
3.75 7.125 2555668.91479
4.25 7.125 4791879.21524
4.75 7.125 4152961.98654
5.25 7.125 958375.843048
5.75 7.125 1277834.4574
6.25 7.125 0.0
6.75 7.125 319458.614349
7.25 7.125 0.0
7.75 7.125 0.0
8.25 7.125 0.0
8.75 7.125 0.0
0.25 7.375 6708630.90133
0.75 7.375 5750255.05829
1.25 7.375 8944841.20178
1.75 7.375 4791879.21524
2.25 7.375 5750255.05829
2.75 7.375 5750255.05829
3.25 7.375 5430796.44394
3.75 7.375 3514044.75784
4.25 7.375 3833503.37219
4.75 7.375 2236210.30044
5.25 7.375 958375.843048
5.75 7.375 319458.614349
6.25 7.375 0.0
6.75 7.375 0.0
7.25 7.375 0.0
7.75 7.375 0.0
8.25 7.375 0.0
8.75 7.375 0.0
0.25 7.625 5750255.05829
0.75 7.625 4152961.98654
1.25 7.625 7347548.13003
1.75 7.625 6708630.90133
2.25 7.625 4791879.21524
2.75 7.625 5111337.82959
3.25 7.625 3833503.37219
3.75 7.625 3514044.75784
4.25 7.625 4152961.98654
4.75 7.625 1277834.4574
5.25 7.625 1916751.6861
5.75 7.625 319458.614349
6.25 7.625 0.0
6.75 7.625 0.0
7.25 7.625 0.0
7.75 7.625 0.0
8.25 7.625 0.0
8.75 7.625 0.0
0.25 7.875 6389172.28698
0.75 7.875 5430796.44394
1.25 7.875 4472420.60089
1.75 7.875 4791879.21524
2.25 7.875 6389172.28698
2.75 7.875 3194586.14349
3.25 7.875 3833503.37219
3.75 7.875 3833503.37219
4.25 7.875 1597293.07175
4.75 7.875 3194586.14349
5.25 7.875 1277834.4574
5.75 7.875 319458.614349
6.25 7.875 0.0
6.75 7.875 0.0
7.25 7.875 0.0
7.75 7.875 0.0
8.25 7.875 0.0
8.75 7.875 0.0
0.25 8.125 2555668.91479
0.75 8.125 4791879.21524
1.25 8.125 4472420.60089
1.75 8.125 6069713.67263
2.25 8.125 2875127.52914
2.75 8.125 3833503.37219
3.25 8.125 2875127.52914
3.75 8.125 3514044.75784
4.25 8.125 1916751.6861
4.75 8.125 1597293.07175
5.25 8.125 319458.614349
5.75 8.125 319458.614349
6.25 8.125 0.0
6.75 8.125 0.0
7.25 8.125 0.0
7.75 8.125 0.0
8.25 8.125 0.0
8.75 8.125 0.0
0.25 8.375 3194586.14349
0.75 8.375 3833503.37219
1.25 8.375 4152961.98654
1.75 8.375 3833503.37219
2.25 8.375 3514044.75784
2.75 8.375 1597293.07175
3.25 8.375 2555668.91479
3.75 8.375 1916751.6861
4.25 8.375 1597293.07175
4.75 8.375 2236210.30044
5.25 8.375 958375.843048
5.75 8.375 0.0
6.25 8.375 319458.614349
6.75 8.375 0.0
7.25 8.375 0.0
7.75 8.375 0.0
8.25 8.375 0.0
8.75 8.375 0.0
0.25 8.625 958375.843048
0.75 8.625 4152961.98654
1.25 8.625 3514044.75784
1.75 8.625 2236210.30044
2.25 8.625 2555668.91479
2.75 8.625 5111337.82959
3.25 8.625 1277834.4574
3.75 8.625 958375.843048
4.25 8.625 1597293.07175
4.75 8.625 1277834.4574
5.25 8.625 958375.843048
5.75 8.625 0.0
6.25 8.625 0.0
6.75 8.625 0.0
7.25 8.625 0.0
7.75 8.625 0.0
8.25 8.625 0.0
8.75 8.625 0.0
0.25 8.875 2555668.91479
0.75 8.875 2875127.52914
1.25 8.875 2236210.30044
1.75 8.875 2555668.91479
2.25 8.875 2236210.30044
2.75 8.875 958375.843048
3.25 8.875 2236210.30044
3.75 8.875 319458.614349
4.25 8.875 1597293.07175
4.75 8.875 2236210.30044
5.25 8.875 1597293.07175
5.75 8.875 958375.843048
6.25 8.875 0.0
6.75 8.875 0.0
7.25 8.875 0.0
7.75 8.875 0.0
8.25 8.875 0.0
8.75 8.875 0.0
0.25 9.125 1916751.6861
0.75 9.125 2236210.30044
1.25 9.125 1277834.4574
1.75 9.125 1597293.07175
2.25 9.125 958375.843048
2.75 9.125 1916751.6861
3.25 9.125 1597293.07175
3.75 9.125 2236210.30044
4.25 9.125 2236210.30044
4.75 9.125 958375.843048
5.25 9.125 958375.843048
5.75 9.125 0.0
6.25 9.125 0.0
6.75 9.125 0.0
7.25 9.125 0.0
7.75 9.125 0.0
8.25 9.125 0.0
8.75 9.125 0.0
0.25 9.375 2555668.91479
0.75 9.375 3194586.14349
1.25 9.375 1916751.6861
1.75 9.375 1277834.4574
2.25 9.375 958375.843048
2.75 9.375 1916751.6861
3.25 9.375 1277834.4574
3.75 9.375 958375.843048
4.25 9.375 319458.614349
4.75 9.375 638917.228698
5.25 9.375 0.0
5.75 9.375 0.0
6.25 9.375 0.0
6.75 9.375 0.0
7.25 9.375 0.0
7.75 9.375 0.0
8.25 9.375 0.0
8.75 9.375 0.0
0.25 9.625 1597293.07175
0.75 9.625 3514044.75784
1.25 9.625 1277834.4574
1.75 9.625 1277834.4574
2.25 9.625 3514044.75784
2.75 9.625 2236210.30044
3.25 9.625 958375.843048
3.75 9.625 1277834.4574
4.25 9.625 319458.614349
4.75 9.625 958375.843048
5.25 9.625 0.0
5.75 9.625 0.0
6.25 9.625 0.0
6.75 9.625 0.0
7.25 9.625 0.0
7.75 9.625 0.0
8.25 9.625 0.0
8.75 9.625 0.0
0.25 9.875 1277834.4574
0.75 9.875 2875127.52914
1.25 9.875 1597293.07175
1.75 9.875 1916751.6861
2.25 9.875 1277834.4574
2.75 9.875 638917.228698
3.25 9.875 1277834.4574
3.75 9.875 638917.228698
4.25 9.875 2555668.91479
4.75 9.875 1597293.07175
5.25 9.875 0.0
5.75 9.875 0.0
6.25 9.875 0.0
6.75 9.875 0.0
7.25 9.875 0.0
7.75 9.875 0.0
8.25 9.875 0.0
8.75 9.875 0.0
0.25 10.125 2555668.91479
0.75 10.125 1916751.6861
1.25 10.125 958375.843048
1.75 10.125 2875127.52914
2.25 10.125 1277834.4574
2.75 10.125 638917.228698
3.25 10.125 1277834.4574
3.75 10.125 1277834.4574
4.25 10.125 1277834.4574
4.75 10.125 958375.843048
5.25 10.125 958375.843048
5.75 10.125 319458.614349
6.25 10.125 0.0
6.75 10.125 0.0
7.25 10.125 0.0
7.75 10.125 0.0
8.25 10.125 0.0
8.75 10.125 0.0
0.25 10.375 1597293.07175
0.75 10.375 3194586.14349
1.25 10.375 1277834.4574
1.75 10.375 638917.228698
2.25 10.375 638917.228698
2.75 10.375 958375.843048
3.25 10.375 958375.843048
3.75 10.375 319458.614349
4.25 10.375 0.0
4.75 10.375 319458.614349
5.25 10.375 0.0
5.75 10.375 319458.614349
6.25 10.375 0.0
6.75 10.375 0.0
7.25 10.375 0.0
7.75 10.375 0.0
8.25 10.375 0.0
8.75 10.375 0.0
0.25 10.625 2875127.52914
0.75 10.625 1916751.6861
1.25 10.625 638917.228698
1.75 10.625 1916751.6861
2.25 10.625 638917.228698
2.75 10.625 1277834.4574
3.25 10.625 638917.228698
3.75 10.625 638917.228698
4.25 10.625 319458.614349
4.75 10.625 0.0
5.25 10.625 0.0
5.75 10.625 0.0
6.25 10.625 0.0
6.75 10.625 0.0
7.25 10.625 0.0
7.75 10.625 0.0
8.25 10.625 0.0
8.75 10.625 0.0
0.25 10.875 638917.228698
0.75 10.875 638917.228698
1.25 10.875 958375.843048
1.75 10.875 638917.228698
2.25 10.875 1277834.4574
2.75 10.875 319458.614349
3.25 10.875 638917.228698
3.75 10.875 958375.843048
4.25 10.875 0.0
4.75 10.875 638917.228698
5.25 10.875 0.0
5.75 10.875 319458.614349
6.25 10.875 0.0
6.75 10.875 0.0
7.25 10.875 0.0
7.75 10.875 0.0
8.25 10.875 0.0
8.75 10.875 0.0
0.25 11.125 638917.228698
0.75 11.125 1277834.4574
1.25 11.125 1277834.4574
1.75 11.125 0.0
2.25 11.125 1277834.4574
2.75 11.125 0.0
3.25 11.125 958375.843048
3.75 11.125 0.0
4.25 11.125 1277834.4574
4.75 11.125 958375.843048
5.25 11.125 638917.228698
5.75 11.125 0.0
6.25 11.125 0.0
6.75 11.125 0.0
7.25 11.125 0.0
7.75 11.125 0.0
8.25 11.125 0.0
8.75 11.125 0.0
0.25 11.375 638917.228698
0.75 11.375 638917.228698
1.25 11.375 319458.614349
1.75 11.375 1277834.4574
2.25 11.375 1277834.4574
2.75 11.375 319458.614349
3.25 11.375 638917.228698
3.75 11.375 319458.614349
4.25 11.375 319458.614349
4.75 11.375 1277834.4574
5.25 11.375 0.0
5.75 11.375 0.0
6.25 11.375 0.0
6.75 11.375 0.0
7.25 11.375 0.0
7.75 11.375 0.0
8.25 11.375 0.0
8.75 11.375 0.0
0.25 11.625 638917.228698
0.75 11.625 958375.843048
1.25 11.625 319458.614349
1.75 11.625 319458.614349
2.25 11.625 958375.843048
2.75 11.625 958375.843048
3.25 11.625 319458.614349
3.75 11.625 0.0
4.25 11.625 638917.228698
4.75 11.625 638917.228698
5.25 11.625 0.0
5.75 11.625 0.0
6.25 11.625 0.0
6.75 11.625 0.0
7.25 11.625 0.0
7.75 11.625 0.0
8.25 11.625 0.0
8.75 11.625 0.0
0.25 11.875 1597293.07175
0.75 11.875 1597293.07175
1.25 11.875 638917.228698
1.75 11.875 638917.228698
2.25 11.875 638917.228698
2.75 11.875 958375.843048
3.25 11.875 638917.228698
3.75 11.875 958375.843048
4.25 11.875 0.0
4.75 11.875 319458.614349
5.25 11.875 0.0
5.75 11.875 0.0
6.25 11.875 0.0
6.75 11.875 0.0
7.25 11.875 0.0
7.75 11.875 0.0
8.25 11.875 0.0
8.75 11.875 0.0
0.25 12.125 1916751.6861
0.75 12.125 319458.614349
1.25 12.125 1277834.4574
1.75 12.125 319458.614349
2.25 12.125 319458.614349
2.75 12.125 638917.228698
3.25 12.125 319458.614349
3.75 12.125 0.0
4.25 12.125 0.0
4.75 12.125 319458.614349
5.25 12.125 0.0
5.75 12.125 0.0
6.25 12.125 0.0
6.75 12.125 0.0
7.25 12.125 0.0
7.75 12.125 0.0
8.25 12.125 0.0
8.75 12.125 0.0
0.25 12.375 1277834.4574
0.75 12.375 958375.843048
1.25 12.375 0.0
1.75 12.375 319458.614349
2.25 12.375 958375.843048
2.75 12.375 638917.228698
3.25 12.375 638917.228698
3.75 12.375 638917.228698
4.25 12.375 0.0
4.75 12.375 0.0
5.25 12.375 0.0
5.75 12.375 0.0
6.25 12.375 0.0
6.75 12.375 0.0
7.25 12.375 0.0
7.75 12.375 0.0
8.25 12.375 0.0
8.75 12.375 0.0
0.25 12.625 1277834.4574
0.75 12.625 638917.228698
1.25 12.625 958375.843048
1.75 12.625 319458.614349
2.25 12.625 1277834.4574
2.75 12.625 638917.228698
3.25 12.625 0.0
3.75 12.625 638917.228698
4.25 12.625 319458.614349
4.75 12.625 0.0
5.25 12.625 319458.614349
5.75 12.625 0.0
6.25 12.625 0.0
6.75 12.625 0.0
7.25 12.625 0.0
7.75 12.625 0.0
8.25 12.625 0.0
8.75 12.625 0.0
0.25 12.875 319458.614349
0.75 12.875 319458.614349
1.25 12.875 0.0
1.75 12.875 958375.843048
2.25 12.875 319458.614349
2.75 12.875 319458.614349
3.25 12.875 319458.614349
3.75 12.875 0.0
4.25 12.875 319458.614349
4.75 12.875 319458.614349
5.25 12.875 0.0
5.75 12.875 0.0
6.25 12.875 0.0
6.75 12.875 0.0
7.25 12.875 0.0
7.75 12.875 0.0
8.25 12.875 0.0
8.75 12.875 0.0
0.25 13.125 638917.228698
0.75 13.125 638917.228698
1.25 13.125 958375.843048
1.75 13.125 0.0
2.25 13.125 958375.843048
2.75 13.125 638917.228698
3.25 13.125 638917.228698
3.75 13.125 0.0
4.25 13.125 0.0
4.75 13.125 0.0
5.25 13.125 319458.614349
5.75 13.125 0.0
6.25 13.125 0.0
6.75 13.125 0.0
7.25 13.125 0.0
7.75 13.125 0.0
8.25 13.125 0.0
8.75 13.125 0.0
0.25 13.375 0.0
0.75 13.375 958375.843048
1.25 13.375 319458.614349
1.75 13.375 0.0
2.25 13.375 319458.614349
2.75 13.375 0.0
3.25 13.375 638917.228698
3.75 13.375 319458.614349
4.25 13.375 0.0
4.75 13.375 0.0
5.25 13.375 0.0
5.75 13.375 0.0
6.25 13.375 0.0
6.75 13.375 0.0
7.25 13.375 0.0
7.75 13.375 0.0
8.25 13.375 0.0
8.75 13.375 0.0
0.25 13.625 958375.843048
0.75 13.625 0.0
1.25 13.625 319458.614349
1.75 13.625 638917.228698
2.25 13.625 319458.614349
2.75 13.625 319458.614349
3.25 13.625 319458.614349
3.75 13.625 319458.614349
4.25 13.625 0.0
4.75 13.625 0.0
5.25 13.625 0.0
5.75 13.625 0.0
6.25 13.625 0.0
6.75 13.625 0.0
7.25 13.625 0.0
7.75 13.625 0.0
8.25 13.625 0.0
8.75 13.625 0.0
0.25 13.875 319458.614349
0.75 13.875 638917.228698
1.25 13.875 319458.614349
1.75 13.875 319458.614349
2.25 13.875 319458.614349
2.75 13.875 319458.614349
3.25 13.875 0.0
3.75 13.875 0.0
4.25 13.875 0.0
4.75 13.875 0.0
5.25 13.875 319458.614349
5.75 13.875 0.0
6.25 13.875 0.0
6.75 13.875 0.0
7.25 13.875 0.0
7.75 13.875 0.0
8.25 13.875 0.0
8.75 13.875 0.0
0.25 14.125 638917.228698
0.75 14.125 0.0
1.25 14.125 638917.228698
1.75 14.125 319458.614349
2.25 14.125 0.0
2.75 14.125 0.0
3.25 14.125 638917.228698
3.75 14.125 0.0
4.25 14.125 0.0
4.75 14.125 319458.614349
5.25 14.125 0.0
5.75 14.125 0.0
6.25 14.125 0.0
6.75 14.125 0.0
7.25 14.125 0.0
7.75 14.125 0.0
8.25 14.125 0.0
8.75 14.125 0.0
0.25 14.375 0.0
0.75 14.375 319458.614349
1.25 14.375 0.0
1.75 14.375 0.0
2.25 14.375 319458.614349
2.75 14.375 319458.614349
3.25 14.375 0.0
3.75 14.375 0.0
4.25 14.375 0.0
4.75 14.375 0.0
5.25 14.375 0.0
5.75 14.375 0.0
6.25 14.375 0.0
6.75 14.375 0.0
7.25 14.375 0.0
7.75 14.375 0.0
8.25 14.375 0.0
8.75 14.375 0.0
0.25 14.625 319458.614349
0.75 14.625 0.0
1.25 14.625 319458.614349
1.75 14.625 319458.614349
2.25 14.625 319458.614349
2.75 14.625 638917.228698
3.25 14.625 0.0
3.75 14.625 0.0
4.25 14.625 0.0
4.75 14.625 0.0
5.25 14.625 0.0
5.75 14.625 0.0
6.25 14.625 0.0
6.75 14.625 0.0
7.25 14.625 0.0
7.75 14.625 0.0
8.25 14.625 0.0
8.75 14.625 0.0
0.25 14.875 319458.614349
0.75 14.875 0.0
1.25 14.875 0.0
1.75 14.875 319458.614349
2.25 14.875 319458.614349
2.75 14.875 0.0
3.25 14.875 0.0
3.75 14.875 0.0
4.25 14.875 0.0
4.75 14.875 319458.614349
5.25 14.875 0.0
5.75 14.875 0.0
6.25 14.875 0.0
6.75 14.875 0.0
7.25 14.875 0.0
7.75 14.875 0.0
8.25 14.875 0.0
8.75 14.875 0.0
0.25 15.125 319458.614349
0.75 15.125 958375.843048
1.25 15.125 319458.614349
1.75 15.125 319458.614349
2.25 15.125 0.0
2.75 15.125 319458.614349
3.25 15.125 638917.228698
3.75 15.125 0.0
4.25 15.125 0.0
4.75 15.125 0.0
5.25 15.125 0.0
5.75 15.125 0.0
6.25 15.125 0.0
6.75 15.125 0.0
7.25 15.125 0.0
7.75 15.125 0.0
8.25 15.125 0.0
8.75 15.125 0.0
0.25 15.375 638917.228698
0.75 15.375 0.0
1.25 15.375 0.0
1.75 15.375 0.0
2.25 15.375 0.0
2.75 15.375 0.0
3.25 15.375 319458.614349
3.75 15.375 319458.614349
4.25 15.375 0.0
4.75 15.375 0.0
5.25 15.375 0.0
5.75 15.375 0.0
6.25 15.375 0.0
6.75 15.375 0.0
7.25 15.375 0.0
7.75 15.375 0.0
8.25 15.375 0.0
8.75 15.375 0.0
0.25 15.625 638917.228698
0.75 15.625 638917.228698
1.25 15.625 0.0
1.75 15.625 319458.614349
2.25 15.625 319458.614349
2.75 15.625 0.0
3.25 15.625 0.0
3.75 15.625 0.0
4.25 15.625 0.0
4.75 15.625 0.0
5.25 15.625 0.0
5.75 15.625 0.0
6.25 15.625 0.0
6.75 15.625 0.0
7.25 15.625 0.0
7.75 15.625 0.0
8.25 15.625 0.0
8.75 15.625 0.0
0.25 15.875 319458.614349
0.75 15.875 0.0
1.25 15.875 319458.614349
1.75 15.875 319458.614349
2.25 15.875 319458.614349
2.75 15.875 0.0
3.25 15.875 0.0
3.75 15.875 319458.614349
4.25 15.875 0.0
4.75 15.875 0.0
5.25 15.875 0.0
5.75 15.875 0.0
6.25 15.875 0.0
6.75 15.875 0.0
7.25 15.875 0.0
7.75 15.875 0.0
8.25 15.875 0.0
8.75 15.875 0.0
0.25 16.125 319458.614349
0.75 16.125 0.0
1.25 16.125 0.0
1.75 16.125 0.0
2.25 16.125 319458.614349
2.75 16.125 319458.614349
3.25 16.125 0.0
3.75 16.125 319458.614349
4.25 16.125 0.0
4.75 16.125 0.0
5.25 16.125 638917.228698
5.75 16.125 0.0
6.25 16.125 0.0
6.75 16.125 0.0
7.25 16.125 0.0
7.75 16.125 0.0
8.25 16.125 0.0
8.75 16.125 0.0
0.25 16.375 0.0
0.75 16.375 319458.614349
1.25 16.375 0.0
1.75 16.375 0.0
2.25 16.375 0.0
2.75 16.375 319458.614349
3.25 16.375 0.0
3.75 16.375 0.0
4.25 16.375 0.0
4.75 16.375 0.0
5.25 16.375 0.0
5.75 16.375 0.0
6.25 16.375 0.0
6.75 16.375 0.0
7.25 16.375 0.0
7.75 16.375 0.0
8.25 16.375 0.0
8.75 16.375 0.0
0.25 16.625 0.0
0.75 16.625 0.0
1.25 16.625 0.0
1.75 16.625 0.0
2.25 16.625 0.0
2.75 16.625 0.0
3.25 16.625 319458.614349
3.75 16.625 0.0
4.25 16.625 0.0
4.75 16.625 0.0
5.25 16.625 0.0
5.75 16.625 0.0
6.25 16.625 0.0
6.75 16.625 0.0
7.25 16.625 0.0
7.75 16.625 0.0
8.25 16.625 0.0
8.75 16.625 0.0
0.25 16.875 0.0
0.75 16.875 319458.614349
1.25 16.875 0.0
1.75 16.875 319458.614349
2.25 16.875 0.0
2.75 16.875 0.0
3.25 16.875 0.0
3.75 16.875 0.0
4.25 16.875 0.0
4.75 16.875 0.0
5.25 16.875 0.0
5.75 16.875 0.0
6.25 16.875 0.0
6.75 16.875 0.0
7.25 16.875 0.0
7.75 16.875 0.0
8.25 16.875 0.0
8.75 16.875 0.0
0.25 17.125 0.0
0.75 17.125 319458.614349
1.25 17.125 0.0
1.75 17.125 0.0
2.25 17.125 0.0
2.75 17.125 0.0
3.25 17.125 0.0
3.75 17.125 319458.614349
4.25 17.125 0.0
4.75 17.125 638917.228698
5.25 17.125 0.0
5.75 17.125 0.0
6.25 17.125 0.0
6.75 17.125 0.0
7.25 17.125 0.0
7.75 17.125 0.0
8.25 17.125 0.0
8.75 17.125 0.0
0.25 17.375 0.0
0.75 17.375 638917.228698
1.25 17.375 0.0
1.75 17.375 319458.614349
2.25 17.375 0.0
2.75 17.375 0.0
3.25 17.375 0.0
3.75 17.375 0.0
4.25 17.375 0.0
4.75 17.375 0.0
5.25 17.375 0.0
5.75 17.375 0.0
6.25 17.375 0.0
6.75 17.375 0.0
7.25 17.375 0.0
7.75 17.375 0.0
8.25 17.375 0.0
8.75 17.375 0.0
0.25 17.625 0.0
0.75 17.625 0.0
1.25 17.625 0.0
1.75 17.625 0.0
2.25 17.625 0.0
2.75 17.625 319458.614349
3.25 17.625 958375.843048
3.75 17.625 0.0
4.25 17.625 0.0
4.75 17.625 0.0
5.25 17.625 0.0
5.75 17.625 0.0
6.25 17.625 0.0
6.75 17.625 0.0
7.25 17.625 0.0
7.75 17.625 0.0
8.25 17.625 0.0
8.75 17.625 0.0
0.25 17.875 319458.614349
0.75 17.875 319458.614349
1.25 17.875 0.0
1.75 17.875 0.0
2.25 17.875 0.0
2.75 17.875 319458.614349
3.25 17.875 0.0
3.75 17.875 0.0
4.25 17.875 0.0
4.75 17.875 0.0
5.25 17.875 319458.614349
5.75 17.875 0.0
6.25 17.875 0.0
6.75 17.875 0.0
7.25 17.875 0.0
7.75 17.875 0.0
8.25 17.875 0.0
8.75 17.875 0.0
0.25 18.125 319458.614349
0.75 18.125 0.0
1.25 18.125 0.0
1.75 18.125 0.0
2.25 18.125 0.0
2.75 18.125 0.0
3.25 18.125 0.0
3.75 18.125 319458.614349
4.25 18.125 0.0
4.75 18.125 0.0
5.25 18.125 0.0
5.75 18.125 0.0
6.25 18.125 0.0
6.75 18.125 0.0
7.25 18.125 0.0
7.75 18.125 0.0
8.25 18.125 0.0
8.75 18.125 0.0
0.25 18.375 319458.614349
0.75 18.375 0.0
1.25 18.375 0.0
1.75 18.375 319458.614349
2.25 18.375 0.0
2.75 18.375 319458.614349
3.25 18.375 0.0
3.75 18.375 0.0
4.25 18.375 0.0
4.75 18.375 0.0
5.25 18.375 0.0
5.75 18.375 0.0
6.25 18.375 0.0
6.75 18.375 0.0
7.25 18.375 0.0
7.75 18.375 0.0
8.25 18.375 0.0
8.75 18.375 0.0
0.25 18.625 0.0
0.75 18.625 319458.614349
1.25 18.625 0.0
1.75 18.625 0.0
2.25 18.625 0.0
2.75 18.625 0.0
3.25 18.625 0.0
3.75 18.625 638917.228698
4.25 18.625 0.0
4.75 18.625 0.0
5.25 18.625 0.0
5.75 18.625 0.0
6.25 18.625 0.0
6.75 18.625 0.0
7.25 18.625 0.0
7.75 18.625 0.0
8.25 18.625 0.0
8.75 18.625 0.0
0.25 18.875 0.0
0.75 18.875 0.0
1.25 18.875 319458.614349
1.75 18.875 319458.614349
2.25 18.875 0.0
2.75 18.875 0.0
3.25 18.875 0.0
3.75 18.875 0.0
4.25 18.875 0.0
4.75 18.875 0.0
5.25 18.875 0.0
5.75 18.875 0.0
6.25 18.875 0.0
6.75 18.875 0.0
7.25 18.875 0.0
7.75 18.875 0.0
8.25 18.875 0.0
8.75 18.875 0.0
0.25 19.125 319458.614349
0.75 19.125 0.0
1.25 19.125 0.0
1.75 19.125 319458.614349
2.25 19.125 0.0
2.75 19.125 0.0
3.25 19.125 0.0
3.75 19.125 0.0
4.25 19.125 0.0
4.75 19.125 0.0
5.25 19.125 0.0
5.75 19.125 0.0
6.25 19.125 0.0
6.75 19.125 0.0
7.25 19.125 0.0
7.75 19.125 0.0
8.25 19.125 0.0
8.75 19.125 0.0
0.25 19.375 0.0
0.75 19.375 0.0
1.25 19.375 0.0
1.75 19.375 0.0
2.25 19.375 0.0
2.75 19.375 0.0
3.25 19.375 0.0
3.75 19.375 0.0
4.25 19.375 0.0
4.75 19.375 0.0
5.25 19.375 0.0
5.75 19.375 0.0
6.25 19.375 0.0
6.75 19.375 0.0
7.25 19.375 0.0
7.75 19.375 0.0
8.25 19.375 0.0
8.75 19.375 0.0
0.25 19.625 0.0
0.75 19.625 0.0
1.25 19.625 0.0
1.75 19.625 0.0
2.25 19.625 0.0
2.75 19.625 0.0
3.25 19.625 0.0
3.75 19.625 319458.614349
4.25 19.625 0.0
4.75 19.625 0.0
5.25 19.625 0.0
5.75 19.625 0.0
6.25 19.625 0.0
6.75 19.625 0.0
7.25 19.625 0.0
7.75 19.625 0.0
8.25 19.625 0.0
8.75 19.625 0.0
0.25 19.875 0.0
0.75 19.875 0.0
1.25 19.875 0.0
1.75 19.875 0.0
2.25 19.875 0.0
2.75 19.875 0.0
3.25 19.875 319458.614349
3.75 19.875 0.0
4.25 19.875 0.0
4.75 19.875 0.0
5.25 19.875 0.0
5.75 19.875 0.0
6.25 19.875 0.0
6.75 19.875 0.0
7.25 19.875 0.0
7.75 19.875 0.0
8.25 19.875 0.0
8.75 19.875 0.0
0.25 20.125 958375.843048
0.75 20.125 0.0
1.25 20.125 0.0
1.75 20.125 0.0
2.25 20.125 0.0
2.75 20.125 0.0
3.25 20.125 0.0
3.75 20.125 0.0
4.25 20.125 0.0
4.75 20.125 0.0
5.25 20.125 0.0
5.75 20.125 0.0
6.25 20.125 0.0
6.75 20.125 0.0
7.25 20.125 0.0
7.75 20.125 0.0
8.25 20.125 0.0
8.75 20.125 0.0
0.25 20.375 638917.228698
0.75 20.375 0.0
1.25 20.375 0.0
1.75 20.375 0.0
2.25 20.375 0.0
2.75 20.375 0.0
3.25 20.375 0.0
3.75 20.375 0.0
4.25 20.375 0.0
4.75 20.375 0.0
5.25 20.375 0.0
5.75 20.375 0.0
6.25 20.375 0.0
6.75 20.375 0.0
7.25 20.375 0.0
7.75 20.375 0.0
8.25 20.375 0.0
8.75 20.375 0.0
0.25 20.625 319458.614349
0.75 20.625 319458.614349
1.25 20.625 0.0
1.75 20.625 319458.614349
2.25 20.625 0.0
2.75 20.625 0.0
3.25 20.625 0.0
3.75 20.625 0.0
4.25 20.625 0.0
4.75 20.625 0.0
5.25 20.625 0.0
5.75 20.625 0.0
6.25 20.625 0.0
6.75 20.625 0.0
7.25 20.625 0.0
7.75 20.625 0.0
8.25 20.625 0.0
8.75 20.625 0.0
0.25 20.875 319458.614349
0.75 20.875 0.0
1.25 20.875 0.0
1.75 20.875 319458.614349
2.25 20.875 0.0
2.75 20.875 0.0
3.25 20.875 0.0
3.75 20.875 0.0
4.25 20.875 0.0
4.75 20.875 0.0
5.25 20.875 0.0
5.75 20.875 0.0
6.25 20.875 0.0
6.75 20.875 0.0
7.25 20.875 0.0
7.75 20.875 0.0
8.25 20.875 0.0
8.75 20.875 0.0
0.25 21.125 0.0
0.75 21.125 0.0
1.25 21.125 0.0
1.75 21.125 0.0
2.25 21.125 0.0
2.75 21.125 0.0
3.25 21.125 0.0
3.75 21.125 319458.614349
4.25 21.125 0.0
4.75 21.125 0.0
5.25 21.125 0.0
5.75 21.125 0.0
6.25 21.125 0.0
6.75 21.125 0.0
7.25 21.125 0.0
7.75 21.125 0.0
8.25 21.125 0.0
8.75 21.125 0.0
0.25 21.375 0.0
0.75 21.375 0.0
1.25 21.375 0.0
1.75 21.375 0.0
2.25 21.375 0.0
2.75 21.375 319458.614349
3.25 21.375 0.0
3.75 21.375 0.0
4.25 21.375 0.0
4.75 21.375 0.0
5.25 21.375 0.0
5.75 21.375 0.0
6.25 21.375 0.0
6.75 21.375 0.0
7.25 21.375 0.0
7.75 21.375 0.0
8.25 21.375 0.0
8.75 21.375 0.0
0.25 21.625 0.0
0.75 21.625 0.0
1.25 21.625 0.0
1.75 21.625 0.0
2.25 21.625 319458.614349
2.75 21.625 0.0
3.25 21.625 0.0
3.75 21.625 0.0
4.25 21.625 0.0
4.75 21.625 0.0
5.25 21.625 0.0
5.75 21.625 0.0
6.25 21.625 0.0
6.75 21.625 0.0
7.25 21.625 0.0
7.75 21.625 0.0
8.25 21.625 0.0
8.75 21.625 0.0
0.25 21.875 319458.614349
0.75 21.875 319458.614349
1.25 21.875 0.0
1.75 21.875 0.0
2.25 21.875 0.0
2.75 21.875 0.0
3.25 21.875 0.0
3.75 21.875 0.0
4.25 21.875 0.0
4.75 21.875 0.0
5.25 21.875 0.0
5.75 21.875 0.0
6.25 21.875 0.0
6.75 21.875 0.0
7.25 21.875 0.0
7.75 21.875 0.0
8.25 21.875 0.0
8.75 21.875 0.0
0.25 22.125 0.0
0.75 22.125 0.0
1.25 22.125 0.0
1.75 22.125 0.0
2.25 22.125 0.0
2.75 22.125 0.0
3.25 22.125 0.0
3.75 22.125 0.0
4.25 22.125 0.0
4.75 22.125 0.0
5.25 22.125 0.0
5.75 22.125 0.0
6.25 22.125 0.0
6.75 22.125 0.0
7.25 22.125 0.0
7.75 22.125 0.0
8.25 22.125 0.0
8.75 22.125 0.0
0.25 22.375 0.0
0.75 22.375 0.0
1.25 22.375 319458.614349
1.75 22.375 0.0
2.25 22.375 0.0
2.75 22.375 0.0
3.25 22.375 0.0
3.75 22.375 0.0
4.25 22.375 0.0
4.75 22.375 0.0
5.25 22.375 0.0
5.75 22.375 0.0
6.25 22.375 0.0
6.75 22.375 0.0
7.25 22.375 0.0
7.75 22.375 0.0
8.25 22.375 0.0
8.75 22.375 0.0
0.25 22.625 0.0
0.75 22.625 0.0
1.25 22.625 319458.614349
1.75 22.625 0.0
2.25 22.625 0.0
2.75 22.625 0.0
3.25 22.625 0.0
3.75 22.625 0.0
4.25 22.625 0.0
4.75 22.625 319458.614349
5.25 22.625 0.0
5.75 22.625 0.0
6.25 22.625 0.0
6.75 22.625 0.0
7.25 22.625 0.0
7.75 22.625 0.0
8.25 22.625 0.0
8.75 22.625 0.0
0.25 22.875 0.0
0.75 22.875 0.0
1.25 22.875 0.0
1.75 22.875 0.0
2.25 22.875 0.0
2.75 22.875 0.0
3.25 22.875 0.0
3.75 22.875 0.0
4.25 22.875 0.0
4.75 22.875 0.0
5.25 22.875 0.0
5.75 22.875 0.0
6.25 22.875 0.0
6.75 22.875 0.0
7.25 22.875 0.0
7.75 22.875 0.0
8.25 22.875 0.0
8.75 22.875 0.0
0.25 23.125 319458.614349
0.75 23.125 0.0
1.25 23.125 0.0
1.75 23.125 0.0
2.25 23.125 0.0
2.75 23.125 0.0
3.25 23.125 0.0
3.75 23.125 0.0
4.25 23.125 0.0
4.75 23.125 0.0
5.25 23.125 0.0
5.75 23.125 0.0
6.25 23.125 0.0
6.75 23.125 0.0
7.25 23.125 0.0
7.75 23.125 0.0
8.25 23.125 0.0
8.75 23.125 0.0
0.25 23.375 0.0
0.75 23.375 0.0
1.25 23.375 0.0
1.75 23.375 319458.614349
2.25 23.375 0.0
2.75 23.375 0.0
3.25 23.375 0.0
3.75 23.375 0.0
4.25 23.375 0.0
4.75 23.375 0.0
5.25 23.375 0.0
5.75 23.375 0.0
6.25 23.375 0.0
6.75 23.375 0.0
7.25 23.375 0.0
7.75 23.375 0.0
8.25 23.375 0.0
8.75 23.375 0.0
0.25 23.625 0.0
0.75 23.625 0.0
1.25 23.625 0.0
1.75 23.625 0.0
2.25 23.625 0.0
2.75 23.625 0.0
3.25 23.625 0.0
3.75 23.625 0.0
4.25 23.625 319458.614349
4.75 23.625 0.0
5.25 23.625 0.0
5.75 23.625 0.0
6.25 23.625 0.0
6.75 23.625 0.0
7.25 23.625 0.0
7.75 23.625 0.0
8.25 23.625 0.0
8.75 23.625 0.0
0.25 23.875 0.0
0.75 23.875 0.0
1.25 23.875 0.0
1.75 23.875 0.0
2.25 23.875 0.0
2.75 23.875 0.0
3.25 23.875 0.0
3.75 23.875 0.0
4.25 23.875 0.0
4.75 23.875 0.0
5.25 23.875 0.0
5.75 23.875 0.0
6.25 23.875 0.0
6.75 23.875 0.0
7.25 23.875 0.0
7.75 23.875 0.0
8.25 23.875 0.0
8.75 23.875 0.0
0.25 24.125 0.0
0.75 24.125 0.0
1.25 24.125 0.0
1.75 24.125 0.0
2.25 24.125 0.0
2.75 24.125 0.0
3.25 24.125 0.0
3.75 24.125 0.0
4.25 24.125 0.0
4.75 24.125 0.0
5.25 24.125 0.0
5.75 24.125 0.0
6.25 24.125 0.0
6.75 24.125 0.0
7.25 24.125 0.0
7.75 24.125 0.0
8.25 24.125 0.0
8.75 24.125 0.0
0.25 24.375 0.0
0.75 24.375 0.0
1.25 24.375 319458.614349
1.75 24.375 0.0
2.25 24.375 0.0
2.75 24.375 0.0
3.25 24.375 319458.614349
3.75 24.375 0.0
4.25 24.375 0.0
4.75 24.375 0.0
5.25 24.375 0.0
5.75 24.375 0.0
6.25 24.375 0.0
6.75 24.375 0.0
7.25 24.375 0.0
7.75 24.375 0.0
8.25 24.375 0.0
8.75 24.375 0.0
0.25 24.625 0.0
0.75 24.625 0.0
1.25 24.625 0.0
1.75 24.625 319458.614349
2.25 24.625 0.0
2.75 24.625 319458.614349
3.25 24.625 0.0
3.75 24.625 0.0
4.25 24.625 0.0
4.75 24.625 0.0
5.25 24.625 0.0
5.75 24.625 0.0
6.25 24.625 0.0
6.75 24.625 0.0
7.25 24.625 0.0
7.75 24.625 0.0
8.25 24.625 0.0
8.75 24.625 0.0
0.25 24.875 0.0
0.75 24.875 0.0
1.25 24.875 0.0
1.75 24.875 0.0
2.25 24.875 0.0
2.75 24.875 0.0
3.25 24.875 0.0
3.75 24.875 0.0
4.25 24.875 0.0
4.75 24.875 0.0
5.25 24.875 0.0
5.75 24.875 0.0
6.25 24.875 0.0
6.75 24.875 0.0
7.25 24.875 0.0
7.75 24.875 0.0
8.25 24.875 0.0
8.75 24.875 0.0
0.25 25.125 319458.614349
0.75 25.125 0.0
1.25 25.125 0.0
1.75 25.125 0.0
2.25 25.125 0.0
2.75 25.125 0.0
3.25 25.125 0.0
3.75 25.125 0.0
4.25 25.125 0.0
4.75 25.125 0.0
5.25 25.125 0.0
5.75 25.125 0.0
6.25 25.125 0.0
6.75 25.125 0.0
7.25 25.125 0.0
7.75 25.125 0.0
8.25 25.125 0.0
8.75 25.125 0.0
0.25 25.375 0.0
0.75 25.375 319458.614349
1.25 25.375 0.0
1.75 25.375 0.0
2.25 25.375 0.0
2.75 25.375 0.0
3.25 25.375 0.0
3.75 25.375 0.0
4.25 25.375 0.0
4.75 25.375 0.0
5.25 25.375 0.0
5.75 25.375 0.0
6.25 25.375 0.0
6.75 25.375 0.0
7.25 25.375 0.0
7.75 25.375 0.0
8.25 25.375 0.0
8.75 25.375 0.0
0.25 25.625 0.0
0.75 25.625 319458.614349
1.25 25.625 0.0
1.75 25.625 0.0
2.25 25.625 0.0
2.75 25.625 0.0
3.25 25.625 0.0
3.75 25.625 0.0
4.25 25.625 0.0
4.75 25.625 0.0
5.25 25.625 0.0
5.75 25.625 0.0
6.25 25.625 0.0
6.75 25.625 0.0
7.25 25.625 0.0
7.75 25.625 0.0
8.25 25.625 0.0
8.75 25.625 0.0
0.25 25.875 0.0
0.75 25.875 0.0
1.25 25.875 0.0
1.75 25.875 0.0
2.25 25.875 0.0
2.75 25.875 0.0
3.25 25.875 0.0
3.75 25.875 0.0
4.25 25.875 0.0
4.75 25.875 0.0
5.25 25.875 0.0
5.75 25.875 0.0
6.25 25.875 0.0
6.75 25.875 0.0
7.25 25.875 0.0
7.75 25.875 0.0
8.25 25.875 0.0
8.75 25.875 0.0
0.25 26.125 319458.614349
0.75 26.125 0.0
1.25 26.125 0.0
1.75 26.125 319458.614349
2.25 26.125 0.0
2.75 26.125 0.0
3.25 26.125 0.0
3.75 26.125 0.0
4.25 26.125 0.0
4.75 26.125 0.0
5.25 26.125 0.0
5.75 26.125 0.0
6.25 26.125 0.0
6.75 26.125 0.0
7.25 26.125 0.0
7.75 26.125 0.0
8.25 26.125 0.0
8.75 26.125 0.0
0.25 26.375 0.0
0.75 26.375 0.0
1.25 26.375 0.0
1.75 26.375 0.0
2.25 26.375 0.0
2.75 26.375 0.0
3.25 26.375 0.0
3.75 26.375 0.0
4.25 26.375 0.0
4.75 26.375 0.0
5.25 26.375 0.0
5.75 26.375 0.0
6.25 26.375 0.0
6.75 26.375 0.0
7.25 26.375 0.0
7.75 26.375 0.0
8.25 26.375 0.0
8.75 26.375 0.0
0.25 26.625 0.0
0.75 26.625 0.0
1.25 26.625 0.0
1.75 26.625 0.0
2.25 26.625 0.0
2.75 26.625 0.0
3.25 26.625 0.0
3.75 26.625 0.0
4.25 26.625 0.0
4.75 26.625 0.0
5.25 26.625 0.0
5.75 26.625 0.0
6.25 26.625 0.0
6.75 26.625 0.0
7.25 26.625 0.0
7.75 26.625 0.0
8.25 26.625 0.0
8.75 26.625 0.0
0.25 26.875 0.0
0.75 26.875 0.0
1.25 26.875 0.0
1.75 26.875 319458.614349
2.25 26.875 0.0
2.75 26.875 0.0
3.25 26.875 0.0
3.75 26.875 0.0
4.25 26.875 0.0
4.75 26.875 0.0
5.25 26.875 0.0
5.75 26.875 0.0
6.25 26.875 0.0
6.75 26.875 0.0
7.25 26.875 0.0
7.75 26.875 0.0
8.25 26.875 0.0
8.75 26.875 0.0
0.25 27.125 0.0
0.75 27.125 0.0
1.25 27.125 0.0
1.75 27.125 0.0
2.25 27.125 0.0
2.75 27.125 319458.614349
3.25 27.125 319458.614349
3.75 27.125 0.0
4.25 27.125 0.0
4.75 27.125 0.0
5.25 27.125 0.0
5.75 27.125 0.0
6.25 27.125 0.0
6.75 27.125 0.0
7.25 27.125 0.0
7.75 27.125 0.0
8.25 27.125 0.0
8.75 27.125 0.0
0.25 27.375 0.0
0.75 27.375 0.0
1.25 27.375 0.0
1.75 27.375 0.0
2.25 27.375 0.0
2.75 27.375 0.0
3.25 27.375 0.0
3.75 27.375 0.0
4.25 27.375 0.0
4.75 27.375 0.0
5.25 27.375 0.0
5.75 27.375 0.0
6.25 27.375 0.0
6.75 27.375 0.0
7.25 27.375 0.0
7.75 27.375 0.0
8.25 27.375 0.0
8.75 27.375 0.0
0.25 27.625 0.0
0.75 27.625 0.0
1.25 27.625 0.0
1.75 27.625 0.0
2.25 27.625 0.0
2.75 27.625 0.0
3.25 27.625 0.0
3.75 27.625 0.0
4.25 27.625 0.0
4.75 27.625 0.0
5.25 27.625 0.0
5.75 27.625 0.0
6.25 27.625 0.0
6.75 27.625 0.0
7.25 27.625 0.0
7.75 27.625 0.0
8.25 27.625 0.0
8.75 27.625 0.0
0.25 27.875 0.0
0.75 27.875 0.0
1.25 27.875 0.0
1.75 27.875 0.0
2.25 27.875 0.0
2.75 27.875 0.0
3.25 27.875 0.0
3.75 27.875 0.0
4.25 27.875 0.0
4.75 27.875 0.0
5.25 27.875 0.0
5.75 27.875 0.0
6.25 27.875 0.0
6.75 27.875 0.0
7.25 27.875 0.0
7.75 27.875 0.0
8.25 27.875 0.0
8.75 27.875 0.0
0.25 28.125 0.0
0.75 28.125 0.0
1.25 28.125 0.0
1.75 28.125 0.0
2.25 28.125 0.0
2.75 28.125 0.0
3.25 28.125 0.0
3.75 28.125 0.0
4.25 28.125 0.0
4.75 28.125 0.0
5.25 28.125 0.0
5.75 28.125 0.0
6.25 28.125 0.0
6.75 28.125 0.0
7.25 28.125 0.0
7.75 28.125 0.0
8.25 28.125 0.0
8.75 28.125 0.0
0.25 28.375 0.0
0.75 28.375 0.0
1.25 28.375 0.0
1.75 28.375 0.0
2.25 28.375 0.0
2.75 28.375 0.0
3.25 28.375 0.0
3.75 28.375 0.0
4.25 28.375 319458.614349
4.75 28.375 0.0
5.25 28.375 0.0
5.75 28.375 0.0
6.25 28.375 0.0
6.75 28.375 0.0
7.25 28.375 0.0
7.75 28.375 0.0
8.25 28.375 0.0
8.75 28.375 0.0
0.25 28.625 0.0
0.75 28.625 0.0
1.25 28.625 0.0
1.75 28.625 0.0
2.25 28.625 0.0
2.75 28.625 0.0
3.25 28.625 0.0
3.75 28.625 0.0
4.25 28.625 0.0
4.75 28.625 0.0
5.25 28.625 0.0
5.75 28.625 0.0
6.25 28.625 0.0
6.75 28.625 0.0
7.25 28.625 0.0
7.75 28.625 0.0
8.25 28.625 0.0
8.75 28.625 0.0
0.25 28.875 0.0
0.75 28.875 319458.614349
1.25 28.875 0.0
1.75 28.875 0.0
2.25 28.875 0.0
2.75 28.875 0.0
3.25 28.875 0.0
3.75 28.875 0.0
4.25 28.875 0.0
4.75 28.875 0.0
5.25 28.875 0.0
5.75 28.875 0.0
6.25 28.875 0.0
6.75 28.875 0.0
7.25 28.875 0.0
7.75 28.875 0.0
8.25 28.875 0.0
8.75 28.875 0.0
0.25 29.125 0.0
0.75 29.125 0.0
1.25 29.125 0.0
1.75 29.125 0.0
2.25 29.125 0.0
2.75 29.125 0.0
3.25 29.125 0.0
3.75 29.125 0.0
4.25 29.125 0.0
4.75 29.125 0.0
5.25 29.125 0.0
5.75 29.125 0.0
6.25 29.125 0.0
6.75 29.125 0.0
7.25 29.125 0.0
7.75 29.125 0.0
8.25 29.125 0.0
8.75 29.125 0.0
0.25 29.375 0.0
0.75 29.375 0.0
1.25 29.375 0.0
1.75 29.375 0.0
2.25 29.375 0.0
2.75 29.375 0.0
3.25 29.375 0.0
3.75 29.375 0.0
4.25 29.375 0.0
4.75 29.375 0.0
5.25 29.375 0.0
5.75 29.375 0.0
6.25 29.375 0.0
6.75 29.375 0.0
7.25 29.375 0.0
7.75 29.375 0.0
8.25 29.375 0.0
8.75 29.375 0.0
0.25 29.625 0.0
0.75 29.625 0.0
1.25 29.625 0.0
1.75 29.625 0.0
2.25 29.625 0.0
2.75 29.625 319458.614349
3.25 29.625 0.0
3.75 29.625 0.0
4.25 29.625 0.0
4.75 29.625 0.0
5.25 29.625 0.0
5.75 29.625 0.0
6.25 29.625 0.0
6.75 29.625 0.0
7.25 29.625 0.0
7.75 29.625 0.0
8.25 29.625 0.0
8.75 29.625 0.0
0.25 29.875 0.0
0.75 29.875 0.0
1.25 29.875 0.0
1.75 29.875 0.0
2.25 29.875 0.0
2.75 29.875 0.0
3.25 29.875 0.0
3.75 29.875 0.0
4.25 29.875 0.0
4.75 29.875 0.0
5.25 29.875 0.0
5.75 29.875 0.0
6.25 29.875 0.0
6.75 29.875 0.0
7.25 29.875 0.0
7.75 29.875 0.0
8.25 29.875 0.0
8.75 29.875 0.0
