11.294627058970837 145.5205334118903
14.219093021276404 303.4078055849278
17.900777537149963 1140.6079423742833
22.535743732392298 3907.428820036649
28.370820458389794 5923.585254063132
35.71674682851676 5704.825840059142
44.96472020903849 11464.00955293539
56.60722890537329 12285.815961044107
71.26427896022373 13866.302700570537
89.71641173621407 15121.835435762041
112.94627058970838 18981.87581491968
142.1909302127641 22936.505400855356
179.00777537149963 21115.34213298498
225.35743732392305 27574.155507674295
283.7082045838981 23600.724255559006
357.1674682851676 26634.52237493341
449.6472020903849 18476.60955388972
566.0722890537327 16620.45375346116
712.6427896022376 13278.992652251065
897.164117362141 10923.602794340084
1129.4627058970837 8209.16571387474
1421.9093021276408 4506.124262760393
1790.0777537149975 2327.344115483982
2253.5743732392316 847.7522018239833
2837.082045838981 112.63521376327844
3571.674682851676 11.728734332195017
4496.47202090385 1.690870166872628
5660.72289053733 0.0
7126.427896022379 0.0
8971.64117362141 0.0
