11.294627058970837 104.02499765076115
14.219093021276404 1506.2893690729393
17.900777537149963 5518.8921148420395
22.535743732392298 1881.0001468439987
28.370820458389794 3305.135941362809
35.71674682851676 4974.509871555914
44.96472020903849 20162.670311673763
56.60722890537329 40972.63239004569
71.26427896022373 45121.31879075759
89.71641173621407 71609.73543010981
112.94627058970838 70844.43208328338
142.1909302127641 89741.2750735408
179.00777537149963 120931.51610839833
225.35743732392305 130858.89444573905
283.7082045838981 142205.02510507638
357.1674682851676 167118.93468588567
449.6472020903849 162109.05867135723
566.0722890537327 163492.58230274403
712.6427896022376 141965.3368130899
897.164117362141 124012.46079461253
1129.4627058970837 87343.92014072929
1421.9093021276408 59406.047608765075
1790.0777537149975 30785.50825496111
2253.5743732392316 12121.914270502282
2837.082045838981 3657.6529594534077
3571.674682851676 790.6596175918821
4496.47202090385 110.57374306535348
5660.72289053733 8.705129396170378
7126.427896022379 0.0
8971.64117362141 0.0
