0.25 0.125 11181051.5022
0.75 0.125 8625382.58743
1.25 0.125 13417261.8027
1.75 0.125 9583758.43048
2.25 0.125 9583758.43048
2.75 0.125 7986465.35873
3.25 0.125 4791879.21524
3.75 0.125 8944841.20178
4.25 0.125 6389172.28698
4.75 0.125 4472420.60089
5.25 0.125 5750255.05829
5.75 0.125 4472420.60089
6.25 0.125 1597293.07175
6.75 0.125 1277834.4574
7.25 0.125 0.0
7.75 0.125 319458.614349
8.25 0.125 0.0
8.75 0.125 0.0
0.25 0.375 30348568.3632
0.75 0.375 36098823.4215
1.25 0.375 32584778.6636
1.75 0.375 29709651.1345
2.25 0.375 32584778.6636
2.75 0.375 28431816.6771
3.25 0.375 28112358.0627
3.75 0.375 23959396.0762
4.25 0.375 16931306.5605
4.75 0.375 11819968.7309
5.25 0.375 9583758.43048
5.75 0.375 8305923.97308
6.25 0.375 3514044.75784
6.75 0.375 319458.614349
7.25 0.375 638917.228698
7.75 0.375 319458.614349
8.25 0.375 0.0
8.75 0.375 0.0
0.25 0.625 52071754.1389
0.75 0.625 49516085.2241
1.25 0.625 50793919.6815
1.75 0.625 54307964.4394
2.25 0.625 42807454.3228
2.75 0.625 40251785.408
3.25 0.625 39932326.7937
3.75 0.625 32265320.0493
4.25 0.625 32265320.0493
4.75 0.625 27153982.2197
5.25 0.625 17889682.4036
5.75 0.625 13097803.1883
6.25 0.625 9583758.43048
6.75 0.625 2236210.30044
7.25 0.625 1916751.6861
7.75 0.625 1277834.4574
8.25 0.625 0.0
8.75 0.625 0.0
0.25 0.875 66766850.399
0.75 0.875 68683602.0851
1.25 0.875 63572264.2555
1.75 0.875 60058219.4976
2.25 0.875 56863633.3542
2.75 0.875 44724206.0089
3.25 0.875 47918792.1524
3.75 0.875 38654492.3363
4.25 0.875 35779364.8071
4.75 0.875 28751275.2914
5.25 0.875 20764809.9327
5.75 0.875 12139427.3453
6.25 0.875 10222675.6592
6.75 0.875 3833503.37219
7.25 0.875 2875127.52914
7.75 0.875 638917.228698
8.25 0.875 0.0
8.75 0.875 0.0
0.25 1.125 75072774.3721
0.75 1.125 69003060.6994
1.25 1.125 77628443.2869
1.75 1.125 62613888.4124
2.25 1.125 64211181.4842
2.75 1.125 52391212.7533
3.25 1.125 53988505.825
3.75 1.125 49196626.6098
4.25 1.125 37057199.2645
4.75 1.125 30668026.9775
5.25 1.125 24917771.9192
5.75 1.125 18528599.6323
6.25 1.125 10222675.6592
6.75 1.125 4152961.98654
7.25 1.125 1597293.07175
7.75 1.125 319458.614349
8.25 1.125 0.0
8.75 1.125 0.0
0.25 1.375 74433857.1434
0.75 1.375 68683602.0851
1.25 1.375 70280895.1568
1.75 1.375 69003060.6994
2.25 1.375 61974971.1837
2.75 1.375 55266340.2824
3.25 1.375 53030129.982
3.75 1.375 47918792.1524
4.25 1.375 46640957.695
4.75 1.375 35459906.1928
5.25 1.375 27792899.4484
5.75 1.375 13097803.1883
6.25 1.375 7986465.35873
6.75 1.375 5430796.44394
7.25 1.375 3514044.75784
7.75 1.375 0.0
8.25 1.375 0.0
8.75 1.375 0.0
0.25 1.625 68683602.0851
0.75 1.625 68044684.8564
1.25 1.625 61016595.3407
1.75 1.625 67405767.6277
2.25 1.625 62613888.4124
2.75 1.625 54627423.0537
3.25 1.625 53669047.2107
3.75 1.625 41529619.8654
4.25 1.625 44404747.3945
4.75 1.625 25876147.7623
5.25 1.625 23001020.2331
5.75 1.625 13097803.1883
6.25 1.625 10542134.2735
6.75 1.625 5750255.05829
7.25 1.625 2555668.91479
7.75 1.625 319458.614349
8.25 1.625 0.0
8.75 1.625 0.0
0.25 1.875 68364143.4707
0.75 1.875 64530640.0985
1.25 1.875 72836564.0716
1.75 1.875 58460926.4259
2.25 1.875 49516085.2241
2.75 1.875 53669047.2107
3.25 1.875 48238250.7667
3.75 1.875 46640957.695
4.25 1.875 32904237.278
4.75 1.875 27792899.4484
5.25 1.875 23320478.8475
5.75 1.875 14056179.0314
6.25 1.875 9583758.43048
6.75 1.875 3194586.14349
7.25 1.875 638917.228698
7.75 1.875 319458.614349
8.25 1.875 0.0
8.75 1.875 0.0
0.25 2.125 69003060.6994
0.75 2.125 58780385.0403
1.25 2.125 60697136.7263
1.75 2.125 44085288.7802
2.25 2.125 48557709.3811
2.75 2.125 48557709.3811
3.25 2.125 35459906.1928
3.75 2.125 35779364.8071
4.25 2.125 24917771.9192
4.75 2.125 25876147.7623
5.25 2.125 15972930.7175
5.75 2.125 16611847.9462
6.25 2.125 5430796.44394
6.75 2.125 2875127.52914
7.25 2.125 1916751.6861
7.75 2.125 0.0
8.25 2.125 0.0
8.75 2.125 0.0
0.25 2.375 51113378.2959
0.75 2.375 44085288.7802
1.25 2.375 50155002.4528
1.75 2.375 46640957.695
2.25 2.375 46640957.695
2.75 2.375 41849078.4797
3.25 2.375 37376657.8789
3.75 2.375 32904237.278
4.25 2.375 28751275.2914
4.75 2.375 18848058.2466
5.25 2.375 14695096.2601
5.75 2.375 11819968.7309
6.25 2.375 5430796.44394
6.75 2.375 2236210.30044
7.25 2.375 1916751.6861
7.75 2.375 0.0
8.25 2.375 0.0
8.75 2.375 0.0
0.25 2.625 51113378.2959
0.75 2.625 45363123.2376
1.25 2.625 45043664.6232
1.75 2.625 45043664.6232
2.25 2.625 40571244.0223
2.75 2.625 40251785.408
3.25 2.625 36098823.4215
3.75 2.625 24917771.9192
4.25 2.625 21723185.7757
4.75 2.625 17250765.1749
5.25 2.625 15014554.8744
5.75 2.625 9583758.43048
6.25 2.625 6069713.67263
6.75 2.625 3194586.14349
7.25 2.625 638917.228698
7.75 2.625 638917.228698
8.25 2.625 0.0
8.75 2.625 0.0
0.25 2.875 45043664.6232
0.75 2.875 34820988.9641
1.25 2.875 37057199.2645
1.75 2.875 34182071.7354
2.25 2.875 31626402.8206
2.75 2.875 26195606.3766
3.25 2.875 31306944.2062
3.75 2.875 30668026.9775
4.25 2.875 18848058.2466
4.75 2.875 13417261.8027
5.25 2.875 11819968.7309
5.75 2.875 7347548.13003
6.25 2.875 5111337.82959
6.75 2.875 2236210.30044
7.25 2.875 319458.614349
7.75 2.875 0.0
8.25 2.875 0.0
8.75 2.875 0.0
0.25 3.125 38015575.1076
0.75 3.125 33862613.121
1.25 3.125 32265320.0493
1.75 3.125 36737740.6502
2.25 3.125 32584778.6636
2.75 3.125 24598313.3049
3.25 3.125 28112358.0627
3.75 3.125 18528599.6323
4.25 3.125 14695096.2601
4.75 3.125 15014554.8744
5.25 3.125 11500510.1166
5.75 3.125 8944841.20178
6.25 3.125 6069713.67263
6.75 3.125 1597293.07175
7.25 3.125 319458.614349
7.75 3.125 319458.614349
8.25 3.125 0.0
8.75 3.125 0.0
0.25 3.375 30987485.5919
0.75 3.375 33862613.121
1.25 3.375 26834523.6053
1.75 3.375 24917771.9192
2.25 3.375 25237230.5336
2.75 3.375 23320478.8475
3.25 3.375 22362103.0044
3.75 3.375 14695096.2601
4.25 3.375 15334013.4888
4.75 3.375 10222675.6592
5.25 3.375 7347548.13003
5.75 3.375 3833503.37219
6.25 3.375 3514044.75784
6.75 3.375 958375.843048
7.25 3.375 319458.614349
7.75 3.375 0.0
8.25 3.375 0.0
8.75 3.375 0.0
0.25 3.625 24917771.9192
0.75 3.625 25876147.7623
1.25 3.625 24278854.6905
1.75 3.625 23320478.8475
2.25 3.625 21403727.1614
2.75 3.625 16931306.5605
3.25 3.625 17250765.1749
3.75 3.625 19167516.861
4.25 3.625 13736720.417
4.75 3.625 8944841.20178
5.25 3.625 8305923.97308
5.75 3.625 5750255.05829
6.25 3.625 2555668.91479
6.75 3.625 1277834.4574
7.25 3.625 0.0
7.75 3.625 0.0
8.25 3.625 0.0
8.75 3.625 0.0
0.25 3.875 26195606.3766
0.75 3.875 19486975.4753
1.25 3.875 20125892.704
1.75 3.875 22681561.6188
2.25 3.875 17250765.1749
2.75 3.875 20445351.3183
3.25 3.875 17250765.1749
3.75 3.875 17889682.4036
4.25 3.875 10542134.2735
4.75 3.875 12778344.574
5.25 3.875 7028089.51568
5.75 3.875 5430796.44394
6.25 3.875 1916751.6861
6.75 3.875 638917.228698
7.25 3.875 0.0
7.75 3.875 0.0
8.25 3.875 0.0
8.75 3.875 0.0
0.25 4.125 20764809.9327
0.75 4.125 15653472.1031
1.25 4.125 16292389.3318
1.75 4.125 17570223.7892
2.25 4.125 14375637.6457
2.75 4.125 16292389.3318
3.25 4.125 8625382.58743
3.75 4.125 10861592.8879
4.25 4.125 10222675.6592
4.75 4.125 7667006.74438
5.25 4.125 4791879.21524
5.75 4.125 1916751.6861
6.25 4.125 1916751.6861
6.75 4.125 0.0
7.25 4.125 0.0
7.75 4.125 0.0
8.25 4.125 0.0
8.75 4.125 0.0
0.25 4.375 16611847.9462
0.75 4.375 11819968.7309
1.25 4.375 12458885.9596
1.75 4.375 11819968.7309
2.25 4.375 15334013.4888
2.75 4.375 12458885.9596
3.25 4.375 12458885.9596
3.75 4.375 10542134.2735
4.25 4.375 11500510.1166
4.75 4.375 7667006.74438
5.25 4.375 4791879.21524
5.75 4.375 3194586.14349
6.25 4.375 1597293.07175
6.75 4.375 319458.614349
7.25 4.375 0.0
7.75 4.375 0.0
8.25 4.375 0.0
8.75 4.375 0.0
0.25 4.625 13736720.417
0.75 4.625 15334013.4888
1.25 4.625 11819968.7309
1.75 4.625 11819968.7309
2.25 4.625 5430796.44394
2.75 4.625 8305923.97308
3.25 4.625 6708630.90133
3.75 4.625 8305923.97308
4.25 4.625 6708630.90133
4.75 4.625 5430796.44394
5.25 4.625 3833503.37219
5.75 4.625 2875127.52914
6.25 4.625 958375.843048
6.75 4.625 0.0
7.25 4.625 0.0
7.75 4.625 0.0
8.25 4.625 0.0
8.75 4.625 0.0
0.25 4.875 10542134.2735
0.75 4.875 15972930.7175
1.25 4.875 8944841.20178
1.75 4.875 13097803.1883
2.25 4.875 10861592.8879
2.75 4.875 7028089.51568
3.25 4.875 7347548.13003
3.75 4.875 5750255.05829
4.25 4.875 4791879.21524
4.75 4.875 5750255.05829
5.25 4.875 2555668.91479
5.75 4.875 1277834.4574
6.25 4.875 958375.843048
6.75 4.875 0.0
7.25 4.875 0.0
7.75 4.875 0.0
8.25 4.875 0.0
8.75 4.875 0.0
0.25 5.125 8625382.58743
0.75 5.125 7667006.74438
1.25 5.125 8305923.97308
1.75 5.125 7667006.74438
2.25 5.125 4152961.98654
2.75 5.125 4791879.21524
3.25 5.125 4791879.21524
3.75 5.125 2875127.52914
4.25 5.125 3514044.75784
4.75 5.125 4472420.60089
5.25 5.125 3833503.37219
5.75 5.125 638917.228698
6.25 5.125 958375.843048
6.75 5.125 319458.614349
7.25 5.125 0.0
7.75 5.125 0.0
8.25 5.125 0.0
8.75 5.125 0.0
0.25 5.375 10542134.2735
0.75 5.375 6708630.90133
1.25 5.375 7347548.13003
1.75 5.375 7347548.13003
2.25 5.375 7347548.13003
2.75 5.375 5750255.05829
3.25 5.375 5750255.05829
3.75 5.375 3833503.37219
4.25 5.375 5750255.05829
4.75 5.375 3194586.14349
5.25 5.375 2236210.30044
5.75 5.375 1277834.4574
6.25 5.375 1277834.4574
6.75 5.375 0.0
7.25 5.375 0.0
7.75 5.375 0.0
8.25 5.375 0.0
8.75 5.375 0.0
0.25 5.625 6708630.90133
0.75 5.625 7667006.74438
1.25 5.625 7347548.13003
1.75 5.625 5111337.82959
2.25 5.625 5750255.05829
2.75 5.625 3833503.37219
3.25 5.625 3514044.75784
3.75 5.625 4152961.98654
4.25 5.625 3833503.37219
4.75 5.625 2236210.30044
5.25 5.625 2236210.30044
5.75 5.625 958375.843048
6.25 5.625 0.0
6.75 5.625 0.0
7.25 5.625 0.0
7.75 5.625 0.0
8.25 5.625 0.0
8.75 5.625 0.0
0.25 5.875 2875127.52914
0.75 5.875 5750255.05829
1.25 5.875 5430796.44394
1.75 5.875 2875127.52914
2.25 5.875 5750255.05829
2.75 5.875 4472420.60089
3.25 5.875 2555668.91479
3.75 5.875 3514044.75784
4.25 5.875 3194586.14349
4.75 5.875 3833503.37219
5.25 5.875 1277834.4574
5.75 5.875 2236210.30044
6.25 5.875 638917.228698
6.75 5.875 0.0
7.25 5.875 0.0
7.75 5.875 0.0
8.25 5.875 0.0
8.75 5.875 0.0
0.25 6.125 4791879.21524
0.75 6.125 6389172.28698
1.25 6.125 4472420.60089
1.75 6.125 3514044.75784
2.25 6.125 2555668.91479
2.75 6.125 4152961.98654
3.25 6.125 3833503.37219
3.75 6.125 2875127.52914
4.25 6.125 1597293.07175
4.75 6.125 2875127.52914
5.25 6.125 319458.614349
5.75 6.125 638917.228698
6.25 6.125 0.0
6.75 6.125 0.0
7.25 6.125 0.0
7.75 6.125 0.0
8.25 6.125 0.0
8.75 6.125 0.0
0.25 6.375 5430796.44394
0.75 6.375 4152961.98654
1.25 6.375 4791879.21524
1.75 6.375 3833503.37219
2.25 6.375 958375.843048
2.75 6.375 2555668.91479
3.25 6.375 3833503.37219
3.75 6.375 4472420.60089
4.25 6.375 1916751.6861
4.75 6.375 2875127.52914
5.25 6.375 1277834.4574
5.75 6.375 958375.843048
6.25 6.375 0.0
6.75 6.375 0.0
7.25 6.375 0.0
7.75 6.375 0.0
8.25 6.375 0.0
8.75 6.375 0.0
0.25 6.625 1597293.07175
0.75 6.625 5430796.44394
1.25 6.625 1916751.6861
1.75 6.625 3514044.75784
2.25 6.625 3514044.75784
2.75 6.625 1916751.6861
3.25 6.625 2236210.30044
3.75 6.625 2236210.30044
4.25 6.625 958375.843048
4.75 6.625 2555668.91479
5.25 6.625 2236210.30044
5.75 6.625 319458.614349
6.25 6.625 0.0
6.75 6.625 0.0
7.25 6.625 0.0
7.75 6.625 0.0
8.25 6.625 0.0
8.75 6.625 0.0
0.25 6.875 2555668.91479
0.75 6.875 3833503.37219
1.25 6.875 2875127.52914
1.75 6.875 2875127.52914
2.25 6.875 3194586.14349
2.75 6.875 2555668.91479
3.25 6.875 2555668.91479
3.75 6.875 1277834.4574
4.25 6.875 1597293.07175
4.75 6.875 638917.228698
5.25 6.875 958375.843048
5.75 6.875 0.0
6.25 6.875 638917.228698
6.75 6.875 0.0
7.25 6.875 0.0
7.75 6.875 0.0
8.25 6.875 0.0
8.75 6.875 0.0
0.25 7.125 2875127.52914
0.75 7.125 2236210.30044
1.25 7.125 4152961.98654
1.75 7.125 3514044.75784
2.25 7.125 1916751.6861
2.75 7.125 2236210.30044
3.25 7.125 2555668.91479
3.75 7.125 1277834.4574
4.25 7.125 1597293.07175
4.75 7.125 1277834.4574
5.25 7.125 0.0
5.75 7.125 319458.614349
6.25 7.125 0.0
6.75 7.125 0.0
7.25 7.125 0.0
7.75 7.125 0.0
8.25 7.125 0.0
8.75 7.125 0.0
0.25 7.375 1597293.07175
0.75 7.375 2236210.30044
1.25 7.375 1916751.6861
1.75 7.375 2555668.91479
2.25 7.375 1277834.4574
2.75 7.375 2236210.30044
3.25 7.375 1277834.4574
3.75 7.375 1277834.4574
4.25 7.375 1597293.07175
4.75 7.375 638917.228698
5.25 7.375 319458.614349
5.75 7.375 319458.614349
6.25 7.375 319458.614349
6.75 7.375 0.0
7.25 7.375 0.0
7.75 7.375 0.0
8.25 7.375 0.0
8.75 7.375 0.0
0.25 7.625 1277834.4574
0.75 7.625 1277834.4574
1.25 7.625 958375.843048
1.75 7.625 1277834.4574
2.25 7.625 319458.614349
2.75 7.625 2555668.91479
3.25 7.625 958375.843048
3.75 7.625 958375.843048
4.25 7.625 638917.228698
4.75 7.625 0.0
5.25 7.625 0.0
5.75 7.625 0.0
6.25 7.625 319458.614349
6.75 7.625 0.0
7.25 7.625 0.0
7.75 7.625 0.0
8.25 7.625 0.0
8.75 7.625 0.0
0.25 7.875 2555668.91479
0.75 7.875 1597293.07175
1.25 7.875 1277834.4574
1.75 7.875 1277834.4574
2.25 7.875 1597293.07175
2.75 7.875 638917.228698
3.25 7.875 958375.843048
3.75 7.875 958375.843048
4.25 7.875 638917.228698
4.75 7.875 319458.614349
5.25 7.875 1277834.4574
5.75 7.875 638917.228698
6.25 7.875 0.0
6.75 7.875 0.0
7.25 7.875 0.0
7.75 7.875 0.0
8.25 7.875 0.0
8.75 7.875 0.0
0.25 8.125 1277834.4574
0.75 8.125 638917.228698
1.25 8.125 1597293.07175
1.75 8.125 1916751.6861
2.25 8.125 2236210.30044
2.75 8.125 1277834.4574
3.25 8.125 1597293.07175
3.75 8.125 319458.614349
4.25 8.125 958375.843048
4.75 8.125 0.0
5.25 8.125 638917.228698
5.75 8.125 0.0
6.25 8.125 0.0
6.75 8.125 0.0
7.25 8.125 0.0
7.75 8.125 0.0
8.25 8.125 0.0
8.75 8.125 0.0
0.25 8.375 958375.843048
0.75 8.375 2555668.91479
1.25 8.375 958375.843048
1.75 8.375 319458.614349
2.25 8.375 638917.228698
2.75 8.375 1277834.4574
3.25 8.375 0.0
3.75 8.375 319458.614349
4.25 8.375 638917.228698
4.75 8.375 0.0
5.25 8.375 0.0
5.75 8.375 0.0
6.25 8.375 0.0
6.75 8.375 0.0
7.25 8.375 0.0
7.75 8.375 0.0
8.25 8.375 0.0
8.75 8.375 0.0
0.25 8.625 638917.228698
0.75 8.625 1597293.07175
1.25 8.625 958375.843048
1.75 8.625 1277834.4574
2.25 8.625 958375.843048
2.75 8.625 319458.614349
3.25 8.625 958375.843048
3.75 8.625 958375.843048
4.25 8.625 319458.614349
4.75 8.625 0.0
5.25 8.625 0.0
5.75 8.625 0.0
6.25 8.625 319458.614349
6.75 8.625 0.0
7.25 8.625 0.0
7.75 8.625 0.0
8.25 8.625 0.0
8.75 8.625 0.0
0.25 8.875 638917.228698
0.75 8.875 638917.228698
1.25 8.875 319458.614349
1.75 8.875 1597293.07175
2.25 8.875 319458.614349
2.75 8.875 638917.228698
3.25 8.875 638917.228698
3.75 8.875 319458.614349
4.25 8.875 319458.614349
4.75 8.875 0.0
5.25 8.875 638917.228698
5.75 8.875 0.0
6.25 8.875 0.0
6.75 8.875 0.0
7.25 8.875 0.0
7.75 8.875 0.0
8.25 8.875 0.0
8.75 8.875 0.0
0.25 9.125 319458.614349
0.75 9.125 638917.228698
1.25 9.125 1597293.07175
1.75 9.125 0.0
2.25 9.125 958375.843048
2.75 9.125 1277834.4574
3.25 9.125 319458.614349
3.75 9.125 319458.614349
4.25 9.125 958375.843048
4.75 9.125 0.0
5.25 9.125 0.0
5.75 9.125 0.0
6.25 9.125 0.0
6.75 9.125 0.0
7.25 9.125 0.0
7.75 9.125 0.0
8.25 9.125 0.0
8.75 9.125 0.0
0.25 9.375 319458.614349
0.75 9.375 319458.614349
1.25 9.375 638917.228698
1.75 9.375 319458.614349
2.25 9.375 638917.228698
2.75 9.375 0.0
3.25 9.375 319458.614349
3.75 9.375 638917.228698
4.25 9.375 0.0
4.75 9.375 638917.228698
5.25 9.375 638917.228698
5.75 9.375 0.0
6.25 9.375 0.0
6.75 9.375 0.0
7.25 9.375 0.0
7.75 9.375 0.0
8.25 9.375 0.0
8.75 9.375 0.0
0.25 9.625 958375.843048
0.75 9.625 0.0
1.25 9.625 0.0
1.75 9.625 638917.228698
2.25 9.625 319458.614349
2.75 9.625 958375.843048
3.25 9.625 958375.843048
3.75 9.625 0.0
4.25 9.625 0.0
4.75 9.625 319458.614349
5.25 9.625 0.0
5.75 9.625 319458.614349
6.25 9.625 0.0
6.75 9.625 0.0
7.25 9.625 0.0
7.75 9.625 0.0
8.25 9.625 0.0
8.75 9.625 0.0
0.25 9.875 958375.843048
0.75 9.875 638917.228698
1.25 9.875 0.0
1.75 9.875 1277834.4574
2.25 9.875 958375.843048
2.75 9.875 0.0
3.25 9.875 0.0
3.75 9.875 638917.228698
4.25 9.875 0.0
4.75 9.875 319458.614349
5.25 9.875 0.0
5.75 9.875 0.0
6.25 9.875 0.0
6.75 9.875 0.0
7.25 9.875 0.0
7.75 9.875 0.0
8.25 9.875 0.0
8.75 9.875 0.0
0.25 10.125 0.0
0.75 10.125 0.0
1.25 10.125 638917.228698
1.75 10.125 638917.228698
2.25 10.125 319458.614349
2.75 10.125 319458.614349
3.25 10.125 319458.614349
3.75 10.125 0.0
4.25 10.125 319458.614349
4.75 10.125 319458.614349
5.25 10.125 0.0
5.75 10.125 0.0
6.25 10.125 0.0
6.75 10.125 0.0
7.25 10.125 0.0
7.75 10.125 0.0
8.25 10.125 0.0
8.75 10.125 0.0
0.25 10.375 0.0
0.75 10.375 0.0
1.25 10.375 319458.614349
1.75 10.375 319458.614349
2.25 10.375 0.0
2.75 10.375 0.0
3.25 10.375 1597293.07175
3.75 10.375 319458.614349
4.25 10.375 958375.843048
4.75 10.375 0.0
5.25 10.375 319458.614349
5.75 10.375 0.0
6.25 10.375 0.0
6.75 10.375 0.0
7.25 10.375 0.0
7.75 10.375 0.0
8.25 10.375 0.0
8.75 10.375 0.0
0.25 10.625 638917.228698
0.75 10.625 319458.614349
1.25 10.625 319458.614349
1.75 10.625 0.0
2.25 10.625 319458.614349
2.75 10.625 638917.228698
3.25 10.625 319458.614349
3.75 10.625 638917.228698
4.25 10.625 0.0
4.75 10.625 0.0
5.25 10.625 0.0
5.75 10.625 0.0
6.25 10.625 319458.614349
6.75 10.625 0.0
7.25 10.625 0.0
7.75 10.625 0.0
8.25 10.625 0.0
8.75 10.625 0.0
0.25 10.875 319458.614349
0.75 10.875 958375.843048
1.25 10.875 319458.614349
1.75 10.875 319458.614349
2.25 10.875 319458.614349
2.75 10.875 0.0
3.25 10.875 0.0
3.75 10.875 0.0
4.25 10.875 0.0
4.75 10.875 0.0
5.25 10.875 0.0
5.75 10.875 0.0
6.25 10.875 0.0
6.75 10.875 0.0
7.25 10.875 0.0
7.75 10.875 0.0
8.25 10.875 0.0
8.75 10.875 0.0
0.25 11.125 319458.614349
0.75 11.125 0.0
1.25 11.125 319458.614349
1.75 11.125 0.0
2.25 11.125 0.0
2.75 11.125 0.0
3.25 11.125 638917.228698
3.75 11.125 319458.614349
4.25 11.125 0.0
4.75 11.125 0.0
5.25 11.125 0.0
5.75 11.125 0.0
6.25 11.125 0.0
6.75 11.125 0.0
7.25 11.125 0.0
7.75 11.125 0.0
8.25 11.125 0.0
8.75 11.125 0.0
0.25 11.375 958375.843048
0.75 11.375 0.0
1.25 11.375 0.0
1.75 11.375 0.0
2.25 11.375 638917.228698
2.75 11.375 0.0
3.25 11.375 638917.228698
3.75 11.375 0.0
4.25 11.375 0.0
4.75 11.375 319458.614349
5.25 11.375 0.0
5.75 11.375 0.0
6.25 11.375 0.0
6.75 11.375 0.0
7.25 11.375 0.0
7.75 11.375 0.0
8.25 11.375 0.0
8.75 11.375 0.0
0.25 11.625 0.0
0.75 11.625 0.0
1.25 11.625 0.0
1.75 11.625 319458.614349
2.25 11.625 319458.614349
2.75 11.625 0.0
3.25 11.625 0.0
3.75 11.625 319458.614349
4.25 11.625 0.0
4.75 11.625 0.0
5.25 11.625 0.0
5.75 11.625 0.0
6.25 11.625 0.0
6.75 11.625 0.0
7.25 11.625 0.0
7.75 11.625 0.0
8.25 11.625 0.0
8.75 11.625 0.0
0.25 11.875 319458.614349
0.75 11.875 638917.228698
1.25 11.875 319458.614349
1.75 11.875 0.0
2.25 11.875 319458.614349
2.75 11.875 0.0
3.25 11.875 0.0
3.75 11.875 319458.614349
4.25 11.875 0.0
4.75 11.875 0.0
5.25 11.875 0.0
5.75 11.875 0.0
6.25 11.875 0.0
6.75 11.875 0.0
7.25 11.875 0.0
7.75 11.875 0.0
8.25 11.875 0.0
8.75 11.875 0.0
0.25 12.125 638917.228698
0.75 12.125 0.0
1.25 12.125 319458.614349
1.75 12.125 0.0
2.25 12.125 319458.614349
2.75 12.125 0.0
3.25 12.125 319458.614349
3.75 12.125 319458.614349
4.25 12.125 319458.614349
4.75 12.125 0.0
5.25 12.125 0.0
5.75 12.125 0.0
6.25 12.125 0.0
6.75 12.125 0.0
7.25 12.125 0.0
7.75 12.125 0.0
8.25 12.125 0.0
8.75 12.125 0.0
0.25 12.375 319458.614349
0.75 12.375 0.0
1.25 12.375 0.0
1.75 12.375 0.0
2.25 12.375 638917.228698
2.75 12.375 0.0
3.25 12.375 0.0
3.75 12.375 0.0
4.25 12.375 0.0
4.75 12.375 0.0
5.25 12.375 0.0
5.75 12.375 0.0
6.25 12.375 0.0
6.75 12.375 0.0
7.25 12.375 0.0
7.75 12.375 0.0
8.25 12.375 0.0
8.75 12.375 0.0
0.25 12.625 0.0
0.75 12.625 0.0
1.25 12.625 0.0
1.75 12.625 0.0
2.25 12.625 319458.614349
2.75 12.625 0.0
3.25 12.625 0.0
3.75 12.625 0.0
4.25 12.625 0.0
4.75 12.625 0.0
5.25 12.625 319458.614349
5.75 12.625 0.0
6.25 12.625 0.0
6.75 12.625 0.0
7.25 12.625 0.0
7.75 12.625 0.0
8.25 12.625 0.0
8.75 12.625 0.0
0.25 12.875 0.0
0.75 12.875 0.0
1.25 12.875 319458.614349
1.75 12.875 0.0
2.25 12.875 0.0
2.75 12.875 638917.228698
3.25 12.875 0.0
3.75 12.875 0.0
4.25 12.875 0.0
4.75 12.875 0.0
5.25 12.875 319458.614349
5.75 12.875 0.0
6.25 12.875 0.0
6.75 12.875 0.0
7.25 12.875 0.0
7.75 12.875 0.0
8.25 12.875 0.0
8.75 12.875 0.0
0.25 13.125 0.0
0.75 13.125 0.0
1.25 13.125 0.0
1.75 13.125 319458.614349
2.25 13.125 0.0
2.75 13.125 0.0
3.25 13.125 0.0
3.75 13.125 0.0
4.25 13.125 0.0
4.75 13.125 0.0
5.25 13.125 0.0
5.75 13.125 0.0
6.25 13.125 0.0
6.75 13.125 0.0
7.25 13.125 0.0
7.75 13.125 0.0
8.25 13.125 0.0
8.75 13.125 0.0
0.25 13.375 0.0
0.75 13.375 0.0
1.25 13.375 0.0
1.75 13.375 0.0
2.25 13.375 0.0
2.75 13.375 319458.614349
3.25 13.375 0.0
3.75 13.375 0.0
4.25 13.375 0.0
4.75 13.375 0.0
5.25 13.375 0.0
5.75 13.375 0.0
6.25 13.375 0.0
6.75 13.375 0.0
7.25 13.375 0.0
7.75 13.375 0.0
8.25 13.375 0.0
8.75 13.375 0.0
0.25 13.625 0.0
0.75 13.625 0.0
1.25 13.625 0.0
1.75 13.625 319458.614349
2.25 13.625 319458.614349
2.75 13.625 0.0
3.25 13.625 319458.614349
3.75 13.625 319458.614349
4.25 13.625 0.0
4.75 13.625 0.0
5.25 13.625 0.0
5.75 13.625 0.0
6.25 13.625 0.0
6.75 13.625 0.0
7.25 13.625 0.0
7.75 13.625 0.0
8.25 13.625 0.0
8.75 13.625 0.0
0.25 13.875 0.0
0.75 13.875 0.0
1.25 13.875 0.0
1.75 13.875 0.0
2.25 13.875 319458.614349
2.75 13.875 0.0
3.25 13.875 319458.614349
3.75 13.875 0.0
4.25 13.875 0.0
4.75 13.875 0.0
5.25 13.875 0.0
5.75 13.875 0.0
6.25 13.875 0.0
6.75 13.875 0.0
7.25 13.875 0.0
7.75 13.875 0.0
8.25 13.875 0.0
8.75 13.875 0.0
0.25 14.125 0.0
0.75 14.125 319458.614349
1.25 14.125 0.0
1.75 14.125 0.0
2.25 14.125 0.0
2.75 14.125 0.0
3.25 14.125 0.0
3.75 14.125 0.0
4.25 14.125 0.0
4.75 14.125 0.0
5.25 14.125 0.0
5.75 14.125 0.0
6.25 14.125 0.0
6.75 14.125 0.0
7.25 14.125 0.0
7.75 14.125 0.0
8.25 14.125 0.0
8.75 14.125 0.0
0.25 14.375 319458.614349
0.75 14.375 0.0
1.25 14.375 0.0
1.75 14.375 319458.614349
2.25 14.375 0.0
2.75 14.375 0.0
3.25 14.375 0.0
3.75 14.375 0.0
4.25 14.375 0.0
4.75 14.375 0.0
5.25 14.375 0.0
5.75 14.375 0.0
6.25 14.375 0.0
6.75 14.375 0.0
7.25 14.375 0.0
7.75 14.375 0.0
8.25 14.375 0.0
8.75 14.375 0.0
0.25 14.625 0.0
0.75 14.625 0.0
1.25 14.625 638917.228698
1.75 14.625 0.0
2.25 14.625 0.0
2.75 14.625 0.0
3.25 14.625 0.0
3.75 14.625 0.0
4.25 14.625 0.0
4.75 14.625 0.0
5.25 14.625 0.0
5.75 14.625 0.0
6.25 14.625 0.0
6.75 14.625 0.0
7.25 14.625 0.0
7.75 14.625 0.0
8.25 14.625 0.0
8.75 14.625 0.0
0.25 14.875 0.0
0.75 14.875 0.0
1.25 14.875 0.0
1.75 14.875 0.0
2.25 14.875 0.0
2.75 14.875 319458.614349
3.25 14.875 0.0
3.75 14.875 0.0
4.25 14.875 0.0
4.75 14.875 0.0
5.25 14.875 0.0
5.75 14.875 0.0
6.25 14.875 0.0
6.75 14.875 0.0
7.25 14.875 0.0
7.75 14.875 0.0
8.25 14.875 0.0
8.75 14.875 0.0
0.25 15.125 0.0
0.75 15.125 0.0
1.25 15.125 0.0
1.75 15.125 0.0
2.25 15.125 319458.614349
2.75 15.125 0.0
3.25 15.125 0.0
3.75 15.125 319458.614349
4.25 15.125 0.0
4.75 15.125 0.0
5.25 15.125 0.0
5.75 15.125 0.0
6.25 15.125 0.0
6.75 15.125 0.0
7.25 15.125 0.0
7.75 15.125 0.0
8.25 15.125 0.0
8.75 15.125 0.0
0.25 15.375 0.0
0.75 15.375 0.0
1.25 15.375 0.0
1.75 15.375 0.0
2.25 15.375 0.0
2.75 15.375 0.0
3.25 15.375 0.0
3.75 15.375 0.0
4.25 15.375 0.0
4.75 15.375 0.0
5.25 15.375 0.0
5.75 15.375 0.0
6.25 15.375 0.0
6.75 15.375 0.0
7.25 15.375 0.0
7.75 15.375 0.0
8.25 15.375 0.0
8.75 15.375 0.0
0.25 15.625 0.0
0.75 15.625 319458.614349
1.25 15.625 0.0
1.75 15.625 0.0
2.25 15.625 319458.614349
2.75 15.625 0.0
3.25 15.625 319458.614349
3.75 15.625 0.0
4.25 15.625 0.0
4.75 15.625 0.0
5.25 15.625 0.0
5.75 15.625 0.0
6.25 15.625 0.0
6.75 15.625 0.0
7.25 15.625 0.0
7.75 15.625 0.0
8.25 15.625 0.0
8.75 15.625 0.0
0.25 15.875 0.0
0.75 15.875 0.0
1.25 15.875 0.0
1.75 15.875 319458.614349
2.25 15.875 0.0
2.75 15.875 0.0
3.25 15.875 0.0
3.75 15.875 0.0
4.25 15.875 319458.614349
4.75 15.875 0.0
5.25 15.875 0.0
5.75 15.875 0.0
6.25 15.875 0.0
6.75 15.875 0.0
7.25 15.875 0.0
7.75 15.875 0.0
8.25 15.875 0.0
8.75 15.875 0.0
0.25 16.125 0.0
0.75 16.125 0.0
1.25 16.125 0.0
1.75 16.125 0.0
2.25 16.125 319458.614349
2.75 16.125 0.0
3.25 16.125 0.0
3.75 16.125 319458.614349
4.25 16.125 0.0
4.75 16.125 0.0
5.25 16.125 0.0
5.75 16.125 0.0
6.25 16.125 0.0
6.75 16.125 0.0
7.25 16.125 0.0
7.75 16.125 0.0
8.25 16.125 0.0
8.75 16.125 0.0
0.25 16.375 0.0
0.75 16.375 0.0
1.25 16.375 0.0
1.75 16.375 0.0
2.25 16.375 0.0
2.75 16.375 0.0
3.25 16.375 0.0
3.75 16.375 638917.228698
4.25 16.375 319458.614349
4.75 16.375 0.0
5.25 16.375 0.0
5.75 16.375 0.0
6.25 16.375 0.0
6.75 16.375 0.0
7.25 16.375 0.0
7.75 16.375 0.0
8.25 16.375 0.0
8.75 16.375 0.0
0.25 16.625 0.0
0.75 16.625 0.0
1.25 16.625 319458.614349
1.75 16.625 0.0
2.25 16.625 0.0
2.75 16.625 0.0
3.25 16.625 0.0
3.75 16.625 0.0
4.25 16.625 0.0
4.75 16.625 0.0
5.25 16.625 0.0
5.75 16.625 0.0
6.25 16.625 0.0
6.75 16.625 0.0
7.25 16.625 0.0
7.75 16.625 0.0
8.25 16.625 0.0
8.75 16.625 0.0
0.25 16.875 0.0
0.75 16.875 319458.614349
1.25 16.875 0.0
1.75 16.875 0.0
2.25 16.875 0.0
2.75 16.875 319458.614349
3.25 16.875 0.0
3.75 16.875 0.0
4.25 16.875 0.0
4.75 16.875 0.0
5.25 16.875 0.0
5.75 16.875 0.0
6.25 16.875 0.0
6.75 16.875 0.0
7.25 16.875 0.0
7.75 16.875 0.0
8.25 16.875 0.0
8.75 16.875 0.0
0.25 17.125 0.0
0.75 17.125 0.0
1.25 17.125 0.0
1.75 17.125 0.0
2.25 17.125 0.0
2.75 17.125 0.0
3.25 17.125 0.0
3.75 17.125 0.0
4.25 17.125 0.0
4.75 17.125 0.0
5.25 17.125 0.0
5.75 17.125 0.0
6.25 17.125 0.0
6.75 17.125 0.0
7.25 17.125 0.0
7.75 17.125 0.0
8.25 17.125 0.0
8.75 17.125 0.0
0.25 17.375 0.0
0.75 17.375 0.0
1.25 17.375 0.0
1.75 17.375 0.0
2.25 17.375 0.0
2.75 17.375 0.0
3.25 17.375 0.0
3.75 17.375 0.0
4.25 17.375 0.0
4.75 17.375 0.0
5.25 17.375 0.0
5.75 17.375 0.0
6.25 17.375 0.0
6.75 17.375 0.0
7.25 17.375 0.0
7.75 17.375 0.0
8.25 17.375 0.0
8.75 17.375 0.0
0.25 17.625 0.0
0.75 17.625 0.0
1.25 17.625 0.0
1.75 17.625 0.0
2.25 17.625 0.0
2.75 17.625 0.0
3.25 17.625 0.0
3.75 17.625 0.0
4.25 17.625 0.0
4.75 17.625 0.0
5.25 17.625 0.0
5.75 17.625 0.0
6.25 17.625 0.0
6.75 17.625 0.0
7.25 17.625 0.0
7.75 17.625 0.0
8.25 17.625 0.0
8.75 17.625 0.0
0.25 17.875 0.0
0.75 17.875 0.0
1.25 17.875 0.0
1.75 17.875 0.0
2.25 17.875 0.0
2.75 17.875 0.0
3.25 17.875 0.0
3.75 17.875 319458.614349
4.25 17.875 0.0
4.75 17.875 0.0
5.25 17.875 0.0
5.75 17.875 0.0
6.25 17.875 0.0
6.75 17.875 0.0
7.25 17.875 0.0
7.75 17.875 0.0
8.25 17.875 0.0
8.75 17.875 0.0
0.25 18.125 0.0
0.75 18.125 0.0
1.25 18.125 0.0
1.75 18.125 0.0
2.25 18.125 0.0
2.75 18.125 0.0
3.25 18.125 0.0
3.75 18.125 0.0
4.25 18.125 0.0
4.75 18.125 0.0
5.25 18.125 0.0
5.75 18.125 0.0
6.25 18.125 0.0
6.75 18.125 0.0
7.25 18.125 0.0
7.75 18.125 0.0
8.25 18.125 0.0
8.75 18.125 0.0
0.25 18.375 319458.614349
0.75 18.375 319458.614349
1.25 18.375 0.0
1.75 18.375 0.0
2.25 18.375 319458.614349
2.75 18.375 0.0
3.25 18.375 0.0
3.75 18.375 0.0
4.25 18.375 0.0
4.75 18.375 0.0
5.25 18.375 0.0
5.75 18.375 0.0
6.25 18.375 0.0
6.75 18.375 0.0
7.25 18.375 0.0
7.75 18.375 0.0
8.25 18.375 0.0
8.75 18.375 0.0
0.25 18.625 0.0
0.75 18.625 0.0
1.25 18.625 0.0
1.75 18.625 0.0
2.25 18.625 0.0
2.75 18.625 0.0
3.25 18.625 0.0
3.75 18.625 0.0
4.25 18.625 0.0
4.75 18.625 0.0
5.25 18.625 0.0
5.75 18.625 0.0
6.25 18.625 0.0
6.75 18.625 0.0
7.25 18.625 0.0
7.75 18.625 0.0
8.25 18.625 0.0
8.75 18.625 0.0
0.25 18.875 0.0
0.75 18.875 319458.614349
1.25 18.875 0.0
1.75 18.875 0.0
2.25 18.875 0.0
2.75 18.875 0.0
3.25 18.875 0.0
3.75 18.875 0.0
4.25 18.875 0.0
4.75 18.875 0.0
5.25 18.875 0.0
5.75 18.875 0.0
6.25 18.875 0.0
6.75 18.875 0.0
7.25 18.875 0.0
7.75 18.875 0.0
8.25 18.875 0.0
8.75 18.875 0.0
0.25 19.125 0.0
0.75 19.125 0.0
1.25 19.125 0.0
1.75 19.125 0.0
2.25 19.125 0.0
2.75 19.125 0.0
3.25 19.125 0.0
3.75 19.125 0.0
4.25 19.125 0.0
4.75 19.125 0.0
5.25 19.125 0.0
5.75 19.125 0.0
6.25 19.125 0.0
6.75 19.125 0.0
7.25 19.125 0.0
7.75 19.125 0.0
8.25 19.125 0.0
8.75 19.125 0.0
0.25 19.375 0.0
0.75 19.375 0.0
1.25 19.375 0.0
1.75 19.375 0.0
2.25 19.375 0.0
2.75 19.375 0.0
3.25 19.375 0.0
3.75 19.375 0.0
4.25 19.375 0.0
4.75 19.375 0.0
5.25 19.375 0.0
5.75 19.375 0.0
6.25 19.375 0.0
6.75 19.375 0.0
7.25 19.375 0.0
7.75 19.375 0.0
8.25 19.375 0.0
8.75 19.375 0.0
0.25 19.625 0.0
0.75 19.625 0.0
1.25 19.625 0.0
1.75 19.625 0.0
2.25 19.625 0.0
2.75 19.625 0.0
3.25 19.625 0.0
3.75 19.625 0.0
4.25 19.625 0.0
4.75 19.625 0.0
5.25 19.625 0.0
5.75 19.625 0.0
6.25 19.625 0.0
6.75 19.625 0.0
7.25 19.625 0.0
7.75 19.625 0.0
8.25 19.625 0.0
8.75 19.625 0.0
0.25 19.875 0.0
0.75 19.875 0.0
1.25 19.875 0.0
1.75 19.875 0.0
2.25 19.875 0.0
2.75 19.875 0.0
3.25 19.875 0.0
3.75 19.875 0.0
4.25 19.875 0.0
4.75 19.875 0.0
5.25 19.875 0.0
5.75 19.875 0.0
6.25 19.875 0.0
6.75 19.875 0.0
7.25 19.875 0.0
7.75 19.875 0.0
8.25 19.875 0.0
8.75 19.875 0.0
0.25 20.125 0.0
0.75 20.125 0.0
1.25 20.125 0.0
1.75 20.125 0.0
2.25 20.125 0.0
2.75 20.125 0.0
3.25 20.125 0.0
3.75 20.125 0.0
4.25 20.125 0.0
4.75 20.125 0.0
5.25 20.125 0.0
5.75 20.125 0.0
6.25 20.125 0.0
6.75 20.125 0.0
7.25 20.125 0.0
7.75 20.125 0.0
8.25 20.125 0.0
8.75 20.125 0.0
0.25 20.375 0.0
0.75 20.375 0.0
1.25 20.375 0.0
1.75 20.375 0.0
2.25 20.375 0.0
2.75 20.375 0.0
3.25 20.375 0.0
3.75 20.375 0.0
4.25 20.375 0.0
4.75 20.375 0.0
5.25 20.375 0.0
5.75 20.375 0.0
6.25 20.375 0.0
6.75 20.375 0.0
7.25 20.375 0.0
7.75 20.375 0.0
8.25 20.375 0.0
8.75 20.375 0.0
0.25 20.625 319458.614349
0.75 20.625 0.0
1.25 20.625 0.0
1.75 20.625 0.0
2.25 20.625 0.0
2.75 20.625 0.0
3.25 20.625 0.0
3.75 20.625 0.0
4.25 20.625 0.0
4.75 20.625 0.0
5.25 20.625 0.0
5.75 20.625 0.0
6.25 20.625 0.0
6.75 20.625 0.0
7.25 20.625 0.0
7.75 20.625 0.0
8.25 20.625 0.0
8.75 20.625 0.0
0.25 20.875 0.0
0.75 20.875 0.0
1.25 20.875 0.0
1.75 20.875 0.0
2.25 20.875 0.0
2.75 20.875 0.0
3.25 20.875 0.0
3.75 20.875 0.0
4.25 20.875 0.0
4.75 20.875 0.0
5.25 20.875 0.0
5.75 20.875 0.0
6.25 20.875 0.0
6.75 20.875 0.0
7.25 20.875 0.0
7.75 20.875 0.0
8.25 20.875 0.0
8.75 20.875 0.0
0.25 21.125 319458.614349
0.75 21.125 0.0
1.25 21.125 0.0
1.75 21.125 0.0
2.25 21.125 0.0
2.75 21.125 0.0
3.25 21.125 0.0
3.75 21.125 319458.614349
4.25 21.125 0.0
4.75 21.125 0.0
5.25 21.125 0.0
5.75 21.125 0.0
6.25 21.125 0.0
6.75 21.125 0.0
7.25 21.125 0.0
7.75 21.125 0.0
8.25 21.125 0.0
8.75 21.125 0.0
0.25 21.375 0.0
0.75 21.375 0.0
1.25 21.375 0.0
1.75 21.375 0.0
2.25 21.375 0.0
2.75 21.375 0.0
3.25 21.375 0.0
3.75 21.375 0.0
4.25 21.375 0.0
4.75 21.375 0.0
5.25 21.375 0.0
5.75 21.375 0.0
6.25 21.375 0.0
6.75 21.375 0.0
7.25 21.375 0.0
7.75 21.375 0.0
8.25 21.375 0.0
8.75 21.375 0.0
0.25 21.625 0.0
0.75 21.625 0.0
1.25 21.625 0.0
1.75 21.625 0.0
2.25 21.625 0.0
2.75 21.625 0.0
3.25 21.625 0.0
3.75 21.625 0.0
4.25 21.625 0.0
4.75 21.625 0.0
5.25 21.625 0.0
5.75 21.625 0.0
6.25 21.625 0.0
6.75 21.625 0.0
7.25 21.625 0.0
7.75 21.625 0.0
8.25 21.625 0.0
8.75 21.625 0.0
0.25 21.875 0.0
0.75 21.875 0.0
1.25 21.875 0.0
1.75 21.875 0.0
2.25 21.875 0.0
2.75 21.875 0.0
3.25 21.875 0.0
3.75 21.875 0.0
4.25 21.875 0.0
4.75 21.875 319458.614349
5.25 21.875 0.0
5.75 21.875 0.0
6.25 21.875 0.0
6.75 21.875 0.0
7.25 21.875 0.0
7.75 21.875 0.0
8.25 21.875 0.0
8.75 21.875 0.0
0.25 22.125 0.0
0.75 22.125 0.0
1.25 22.125 0.0
1.75 22.125 0.0
2.25 22.125 0.0
2.75 22.125 0.0
3.25 22.125 0.0
3.75 22.125 0.0
4.25 22.125 0.0
4.75 22.125 0.0
5.25 22.125 0.0
5.75 22.125 0.0
6.25 22.125 0.0
6.75 22.125 0.0
7.25 22.125 0.0
7.75 22.125 0.0
8.25 22.125 0.0
8.75 22.125 0.0
0.25 22.375 0.0
0.75 22.375 0.0
1.25 22.375 0.0
1.75 22.375 319458.614349
2.25 22.375 0.0
2.75 22.375 0.0
3.25 22.375 0.0
3.75 22.375 0.0
4.25 22.375 0.0
4.75 22.375 0.0
5.25 22.375 0.0
5.75 22.375 0.0
6.25 22.375 0.0
6.75 22.375 0.0
7.25 22.375 0.0
7.75 22.375 0.0
8.25 22.375 0.0
8.75 22.375 0.0
0.25 22.625 0.0
0.75 22.625 0.0
1.25 22.625 0.0
1.75 22.625 0.0
2.25 22.625 0.0
2.75 22.625 0.0
3.25 22.625 0.0
3.75 22.625 0.0
4.25 22.625 0.0
4.75 22.625 0.0
5.25 22.625 0.0
5.75 22.625 0.0
6.25 22.625 0.0
6.75 22.625 0.0
7.25 22.625 0.0
7.75 22.625 0.0
8.25 22.625 0.0
8.75 22.625 0.0
0.25 22.875 0.0
0.75 22.875 0.0
1.25 22.875 0.0
1.75 22.875 0.0
2.25 22.875 0.0
2.75 22.875 0.0
3.25 22.875 0.0
3.75 22.875 0.0
4.25 22.875 0.0
4.75 22.875 0.0
5.25 22.875 0.0
5.75 22.875 0.0
6.25 22.875 0.0
6.75 22.875 0.0
7.25 22.875 0.0
7.75 22.875 0.0
8.25 22.875 0.0
8.75 22.875 0.0
0.25 23.125 0.0
0.75 23.125 0.0
1.25 23.125 0.0
1.75 23.125 0.0
2.25 23.125 0.0
2.75 23.125 0.0
3.25 23.125 0.0
3.75 23.125 0.0
4.25 23.125 0.0
4.75 23.125 0.0
5.25 23.125 0.0
5.75 23.125 0.0
6.25 23.125 0.0
6.75 23.125 0.0
7.25 23.125 0.0
7.75 23.125 0.0
8.25 23.125 0.0
8.75 23.125 0.0
0.25 23.375 0.0
0.75 23.375 0.0
1.25 23.375 0.0
1.75 23.375 0.0
2.25 23.375 0.0
2.75 23.375 0.0
3.25 23.375 0.0
3.75 23.375 0.0
4.25 23.375 0.0
4.75 23.375 0.0
5.25 23.375 0.0
5.75 23.375 0.0
6.25 23.375 0.0
6.75 23.375 0.0
7.25 23.375 0.0
7.75 23.375 0.0
8.25 23.375 0.0
8.75 23.375 0.0
0.25 23.625 0.0
0.75 23.625 0.0
1.25 23.625 0.0
1.75 23.625 0.0
2.25 23.625 0.0
2.75 23.625 0.0
3.25 23.625 0.0
3.75 23.625 0.0
4.25 23.625 0.0
4.75 23.625 0.0
5.25 23.625 0.0
5.75 23.625 0.0
6.25 23.625 0.0
6.75 23.625 0.0
7.25 23.625 0.0
7.75 23.625 0.0
8.25 23.625 0.0
8.75 23.625 0.0
0.25 23.875 0.0
0.75 23.875 0.0
1.25 23.875 0.0
1.75 23.875 0.0
2.25 23.875 319458.614349
2.75 23.875 0.0
3.25 23.875 0.0
3.75 23.875 0.0
4.25 23.875 0.0
4.75 23.875 0.0
5.25 23.875 0.0
5.75 23.875 0.0
6.25 23.875 0.0
6.75 23.875 0.0
7.25 23.875 0.0
7.75 23.875 0.0
8.25 23.875 0.0
8.75 23.875 0.0
0.25 24.125 0.0
0.75 24.125 319458.614349
1.25 24.125 0.0
1.75 24.125 0.0
2.25 24.125 0.0
2.75 24.125 0.0
3.25 24.125 0.0
3.75 24.125 0.0
4.25 24.125 0.0
4.75 24.125 0.0
5.25 24.125 0.0
5.75 24.125 0.0
6.25 24.125 0.0
6.75 24.125 0.0
7.25 24.125 0.0
7.75 24.125 0.0
8.25 24.125 0.0
8.75 24.125 0.0
0.25 24.375 0.0
0.75 24.375 0.0
1.25 24.375 0.0
1.75 24.375 0.0
2.25 24.375 0.0
2.75 24.375 0.0
3.25 24.375 0.0
3.75 24.375 0.0
4.25 24.375 0.0
4.75 24.375 0.0
5.25 24.375 0.0
5.75 24.375 0.0
6.25 24.375 0.0
6.75 24.375 0.0
7.25 24.375 0.0
7.75 24.375 0.0
8.25 24.375 0.0
8.75 24.375 0.0
0.25 24.625 0.0
0.75 24.625 0.0
1.25 24.625 0.0
1.75 24.625 0.0
2.25 24.625 0.0
2.75 24.625 0.0
3.25 24.625 0.0
3.75 24.625 0.0
4.25 24.625 0.0
4.75 24.625 0.0
5.25 24.625 0.0
5.75 24.625 0.0
6.25 24.625 0.0
6.75 24.625 0.0
7.25 24.625 0.0
7.75 24.625 0.0
8.25 24.625 0.0
8.75 24.625 0.0
0.25 24.875 0.0
0.75 24.875 0.0
1.25 24.875 319458.614349
1.75 24.875 319458.614349
2.25 24.875 0.0
2.75 24.875 0.0
3.25 24.875 0.0
3.75 24.875 0.0
4.25 24.875 0.0
4.75 24.875 0.0
5.25 24.875 0.0
5.75 24.875 0.0
6.25 24.875 0.0
6.75 24.875 0.0
7.25 24.875 0.0
7.75 24.875 0.0
8.25 24.875 0.0
8.75 24.875 0.0
0.25 25.125 0.0
0.75 25.125 0.0
1.25 25.125 0.0
1.75 25.125 0.0
2.25 25.125 0.0
2.75 25.125 0.0
3.25 25.125 0.0
3.75 25.125 0.0
4.25 25.125 0.0
4.75 25.125 0.0
5.25 25.125 0.0
5.75 25.125 0.0
6.25 25.125 0.0
6.75 25.125 0.0
7.25 25.125 0.0
7.75 25.125 0.0
8.25 25.125 0.0
8.75 25.125 0.0
0.25 25.375 0.0
0.75 25.375 0.0
1.25 25.375 0.0
1.75 25.375 0.0
2.25 25.375 0.0
2.75 25.375 0.0
3.25 25.375 0.0
3.75 25.375 0.0
4.25 25.375 0.0
4.75 25.375 0.0
5.25 25.375 0.0
5.75 25.375 0.0
6.25 25.375 0.0
6.75 25.375 0.0
7.25 25.375 0.0
7.75 25.375 0.0
8.25 25.375 0.0
8.75 25.375 0.0
0.25 25.625 0.0
0.75 25.625 0.0
1.25 25.625 0.0
1.75 25.625 0.0
2.25 25.625 0.0
2.75 25.625 0.0
3.25 25.625 0.0
3.75 25.625 0.0
4.25 25.625 0.0
4.75 25.625 0.0
5.25 25.625 0.0
5.75 25.625 0.0
6.25 25.625 0.0
6.75 25.625 0.0
7.25 25.625 0.0
7.75 25.625 0.0
8.25 25.625 0.0
8.75 25.625 0.0
0.25 25.875 0.0
0.75 25.875 0.0
1.25 25.875 0.0
1.75 25.875 0.0
2.25 25.875 0.0
2.75 25.875 0.0
3.25 25.875 0.0
3.75 25.875 0.0
4.25 25.875 0.0
4.75 25.875 0.0
5.25 25.875 0.0
5.75 25.875 0.0
6.25 25.875 0.0
6.75 25.875 0.0
7.25 25.875 0.0
7.75 25.875 0.0
8.25 25.875 0.0
8.75 25.875 0.0
0.25 26.125 0.0
0.75 26.125 0.0
1.25 26.125 0.0
1.75 26.125 0.0
2.25 26.125 0.0
2.75 26.125 0.0
3.25 26.125 0.0
3.75 26.125 0.0
4.25 26.125 0.0
4.75 26.125 0.0
5.25 26.125 0.0
5.75 26.125 0.0
6.25 26.125 0.0
6.75 26.125 0.0
7.25 26.125 0.0
7.75 26.125 0.0
8.25 26.125 0.0
8.75 26.125 0.0
0.25 26.375 0.0
0.75 26.375 0.0
1.25 26.375 0.0
1.75 26.375 0.0
2.25 26.375 0.0
2.75 26.375 0.0
3.25 26.375 0.0
3.75 26.375 0.0
4.25 26.375 0.0
4.75 26.375 0.0
5.25 26.375 0.0
5.75 26.375 0.0
6.25 26.375 0.0
6.75 26.375 0.0
7.25 26.375 0.0
7.75 26.375 0.0
8.25 26.375 0.0
8.75 26.375 0.0
0.25 26.625 0.0
0.75 26.625 0.0
1.25 26.625 0.0
1.75 26.625 0.0
2.25 26.625 0.0
2.75 26.625 0.0
3.25 26.625 0.0
3.75 26.625 0.0
4.25 26.625 0.0
4.75 26.625 0.0
5.25 26.625 0.0
5.75 26.625 0.0
6.25 26.625 0.0
6.75 26.625 0.0
7.25 26.625 0.0
7.75 26.625 0.0
8.25 26.625 0.0
8.75 26.625 0.0
0.25 26.875 0.0
0.75 26.875 0.0
1.25 26.875 0.0
1.75 26.875 0.0
2.25 26.875 0.0
2.75 26.875 0.0
3.25 26.875 0.0
3.75 26.875 0.0
4.25 26.875 0.0
4.75 26.875 0.0
5.25 26.875 0.0
5.75 26.875 0.0
6.25 26.875 0.0
6.75 26.875 0.0
7.25 26.875 0.0
7.75 26.875 0.0
8.25 26.875 0.0
8.75 26.875 0.0
0.25 27.125 0.0
0.75 27.125 0.0
1.25 27.125 0.0
1.75 27.125 0.0
2.25 27.125 0.0
2.75 27.125 0.0
3.25 27.125 0.0
3.75 27.125 0.0
4.25 27.125 0.0
4.75 27.125 0.0
5.25 27.125 0.0
5.75 27.125 0.0
6.25 27.125 0.0
6.75 27.125 0.0
7.25 27.125 0.0
7.75 27.125 0.0
8.25 27.125 0.0
8.75 27.125 0.0
0.25 27.375 0.0
0.75 27.375 0.0
1.25 27.375 0.0
1.75 27.375 0.0
2.25 27.375 0.0
2.75 27.375 0.0
3.25 27.375 0.0
3.75 27.375 0.0
4.25 27.375 0.0
4.75 27.375 0.0
5.25 27.375 0.0
5.75 27.375 0.0
6.25 27.375 0.0
6.75 27.375 0.0
7.25 27.375 0.0
7.75 27.375 0.0
8.25 27.375 0.0
8.75 27.375 0.0
0.25 27.625 0.0
0.75 27.625 0.0
1.25 27.625 0.0
1.75 27.625 0.0
2.25 27.625 0.0
2.75 27.625 0.0
3.25 27.625 0.0
3.75 27.625 0.0
4.25 27.625 0.0
4.75 27.625 0.0
5.25 27.625 0.0
5.75 27.625 0.0
6.25 27.625 0.0
6.75 27.625 0.0
7.25 27.625 0.0
7.75 27.625 0.0
8.25 27.625 0.0
8.75 27.625 0.0
0.25 27.875 0.0
0.75 27.875 0.0
1.25 27.875 0.0
1.75 27.875 0.0
2.25 27.875 0.0
2.75 27.875 0.0
3.25 27.875 0.0
3.75 27.875 0.0
4.25 27.875 0.0
4.75 27.875 0.0
5.25 27.875 0.0
5.75 27.875 0.0
6.25 27.875 0.0
6.75 27.875 0.0
7.25 27.875 0.0
7.75 27.875 0.0
8.25 27.875 0.0
8.75 27.875 0.0
0.25 28.125 0.0
0.75 28.125 0.0
1.25 28.125 0.0
1.75 28.125 0.0
2.25 28.125 0.0
2.75 28.125 0.0
3.25 28.125 0.0
3.75 28.125 0.0
4.25 28.125 0.0
4.75 28.125 0.0
5.25 28.125 0.0
5.75 28.125 0.0
6.25 28.125 0.0
6.75 28.125 0.0
7.25 28.125 0.0
7.75 28.125 0.0
8.25 28.125 0.0
8.75 28.125 0.0
0.25 28.375 0.0
0.75 28.375 0.0
1.25 28.375 0.0
1.75 28.375 0.0
2.25 28.375 0.0
2.75 28.375 0.0
3.25 28.375 0.0
3.75 28.375 0.0
4.25 28.375 0.0
4.75 28.375 0.0
5.25 28.375 0.0
5.75 28.375 0.0
6.25 28.375 0.0
6.75 28.375 0.0
7.25 28.375 0.0
7.75 28.375 0.0
8.25 28.375 0.0
8.75 28.375 0.0
0.25 28.625 0.0
0.75 28.625 0.0
1.25 28.625 0.0
1.75 28.625 0.0
2.25 28.625 0.0
2.75 28.625 0.0
3.25 28.625 0.0
3.75 28.625 0.0
4.25 28.625 0.0
4.75 28.625 0.0
5.25 28.625 0.0
5.75 28.625 0.0
6.25 28.625 0.0
6.75 28.625 0.0
7.25 28.625 0.0
7.75 28.625 0.0
8.25 28.625 0.0
8.75 28.625 0.0
0.25 28.875 0.0
0.75 28.875 0.0
1.25 28.875 0.0
1.75 28.875 0.0
2.25 28.875 0.0
2.75 28.875 0.0
3.25 28.875 0.0
3.75 28.875 0.0
4.25 28.875 0.0
4.75 28.875 0.0
5.25 28.875 0.0
5.75 28.875 0.0
6.25 28.875 0.0
6.75 28.875 0.0
7.25 28.875 0.0
7.75 28.875 0.0
8.25 28.875 0.0
8.75 28.875 0.0
0.25 29.125 0.0
0.75 29.125 0.0
1.25 29.125 0.0
1.75 29.125 0.0
2.25 29.125 0.0
2.75 29.125 0.0
3.25 29.125 0.0
3.75 29.125 0.0
4.25 29.125 0.0
4.75 29.125 0.0
5.25 29.125 0.0
5.75 29.125 0.0
6.25 29.125 0.0
6.75 29.125 0.0
7.25 29.125 0.0
7.75 29.125 0.0
8.25 29.125 0.0
8.75 29.125 0.0
0.25 29.375 0.0
0.75 29.375 0.0
1.25 29.375 0.0
1.75 29.375 0.0
2.25 29.375 0.0
2.75 29.375 0.0
3.25 29.375 0.0
3.75 29.375 0.0
4.25 29.375 0.0
4.75 29.375 0.0
5.25 29.375 0.0
5.75 29.375 0.0
6.25 29.375 0.0
6.75 29.375 0.0
7.25 29.375 0.0
7.75 29.375 0.0
8.25 29.375 0.0
8.75 29.375 0.0
0.25 29.625 0.0
0.75 29.625 0.0
1.25 29.625 0.0
1.75 29.625 0.0
2.25 29.625 0.0
2.75 29.625 0.0
3.25 29.625 0.0
3.75 29.625 0.0
4.25 29.625 0.0
4.75 29.625 0.0
5.25 29.625 0.0
5.75 29.625 0.0
6.25 29.625 0.0
6.75 29.625 0.0
7.25 29.625 0.0
7.75 29.625 0.0
8.25 29.625 0.0
8.75 29.625 0.0
0.25 29.875 0.0
0.75 29.875 0.0
1.25 29.875 0.0
1.75 29.875 0.0
2.25 29.875 0.0
2.75 29.875 0.0
3.25 29.875 0.0
3.75 29.875 0.0
4.25 29.875 0.0
4.75 29.875 0.0
5.25 29.875 0.0
5.75 29.875 0.0
6.25 29.875 0.0
6.75 29.875 0.0
7.25 29.875 0.0
7.75 29.875 0.0
8.25 29.875 0.0
8.75 29.875 0.0
