11.294627058970837 53.421428449472714
14.219093021276404 3803.7061680995266
17.900777537149963 4650.408637578431
22.535743732392298 2520.7176165318215
28.370820458389794 6948.190235623968
35.71674682851676 12829.094061925734
44.96472020903849 27340.220184224225
56.60722890537329 29985.39869090973
71.26427896022373 33361.57422317921
89.71641173621407 60464.85969255441
112.94627058970838 70464.62092723564
142.1909302127641 98885.72728715345
179.00777537149963 113218.53620688076
225.35743732392305 129137.95022907387
283.7082045838981 141264.93349848967
357.1674682851676 148646.5512409003
449.6472020903849 158124.44622631941
566.0722890537327 141929.42184023606
712.6427896022376 146273.90471247816
897.164117362141 118495.87217086321
1129.4627058970837 95037.11432183743
1421.9093021276408 59975.82990422798
1790.0777537149975 34935.33683662303
2253.5743732392316 17179.006826190278
2837.082045838981 7954.761959274998
3571.674682851676 2593.63199788006
4496.47202090385 840.9414550554939
5660.72289053733 115.37669684598222
7126.427896022379 21.23339182813652
8971.64117362141 0.0
