11.294627058970837 951.7315212968906
14.219093021276404 1232.9839843057625
17.900777537149963 822.3388077550389
22.535743732392298 2343.329574233375
28.370820458389794 6075.130434198251
35.71674682851676 15470.125345519658
44.96472020903849 17420.46581049564
56.60722890537329 30800.200867946965
71.26427896022373 47133.87005693831
89.71641173621407 54024.36785578629
112.94627058970838 84649.35006099252
142.1909302127641 95274.72772157885
179.00777537149963 123258.5994955572
225.35743732392305 116553.036393622
283.7082045838981 133392.12739157956
357.1674682851676 142911.110835894
449.6472020903849 148634.4085082087
566.0722890537327 156106.18026008387
712.6427896022376 143446.37582828407
897.164117362141 109855.24193027825
1129.4627058970837 90265.24260227755
1421.9093021276408 58572.91001652391
1790.0777537149975 34798.799213969614
2253.5743732392316 17255.787809686968
2837.082045838981 6915.361886092462
3571.674682851676 2377.6481712241657
4496.47202090385 841.6260818401352
5660.72289053733 150.53370941826142
7126.427896022379 0.0
8971.64117362141 0.0
