0.25 0.125 4044740.03096
0.75 0.125 3618977.92243
1.25 0.125 3725418.44956
1.75 0.125 3760898.62528
2.25 0.125 4186660.7338
2.75 0.125 2980334.75965
3.25 0.125 4612422.84232
3.75 0.125 3654458.09814
4.25 0.125 4364061.61235
4.75 0.125 4044740.03096
5.25 0.125 3654458.09814
5.75 0.125 3938299.50383
6.25 0.125 2731973.52968
6.75 0.125 2377171.77258
7.25 0.125 1809488.96122
7.75 0.125 887004.392754
8.25 0.125 0.0
8.75 0.125 0.0
0.25 0.375 10147330.2531
0.75 0.375 9295806.03606
1.25 0.375 9366766.38748
1.75 0.375 9118405.15751
2.25 0.375 9721568.14458
2.75 0.375 8941004.27896
3.25 0.375 8941004.27896
3.75 0.375 8089480.06191
4.25 0.375 10182810.4288
4.75 0.375 8976484.45467
5.25 0.375 8976484.45467
5.75 0.375 7663717.95339
6.25 0.375 7237955.84487
6.75 0.375 5215585.82939
7.25 0.375 2235251.06974
7.75 0.375 1277286.32557
8.25 0.375 177400.878551
8.75 0.375 0.0
0.25 0.625 14475911.6897
0.75 0.625 15256475.5554
1.25 0.625 14759753.0954
1.75 0.625 13056704.6613
2.25 0.625 13588907.297
2.75 0.625 12843823.6071
3.25 0.625 13021224.4856
3.75 0.625 11602017.4572
4.25 0.625 12453541.6743
4.75 0.625 12347101.1471
5.25 0.625 10324731.1317
5.75 0.625 9544167.26603
6.25 0.625 8089480.06191
6.75 0.625 6421911.80354
7.25 0.625 4470502.13948
7.75 0.625 1703048.43409
8.25 0.625 70960.3514203
8.75 0.625 0.0
0.25 0.875 17065964.5166
0.75 0.875 17278845.5708
1.25 0.875 17988449.085
1.75 0.875 16995004.1652
2.25 0.875 17456246.4494
2.75 0.875 16214440.2995
3.25 0.875 14156590.1083
3.75 0.875 13482466.7699
4.25 0.875 13092184.837
4.75 0.875 13234105.5399
5.25 0.875 11424616.5787
5.75 0.875 11885858.8629
6.25 0.875 8231400.76475
6.75 0.875 7308916.19629
7.25 0.875 4683383.19374
7.75 0.875 1454687.20412
8.25 0.875 35480.1757101
8.75 0.875 0.0
0.25 1.125 18627092.2478
0.75 1.125 18910933.6535
1.25 1.125 17456246.4494
1.75 1.125 16391841.1781
2.25 1.125 15469356.6096
2.75 1.125 15540316.961
3.25 1.125 14653312.5683
3.75 1.125 14688792.744
4.25 1.125 13979189.2298
4.75 1.125 11885858.8629
5.25 1.125 11353656.2272
5.75 1.125 11211735.5244
6.25 1.125 8018519.71049
6.75 1.125 5570387.58649
7.25 1.125 3051295.11107
7.75 1.125 1028925.09559
8.25 1.125 106440.52713
8.75 1.125 0.0
0.25 1.375 16178960.1238
0.75 1.375 14227550.4598
1.25 1.375 14830713.4468
1.75 1.375 14440431.514
2.25 1.375 14263030.6355
2.75 1.375 13908228.8784
3.25 1.375 12950264.1342
3.75 1.375 12737383.0799
4.25 1.375 11814898.5115
4.75 1.375 10040889.726
5.25 1.375 8799083.57612
5.75 1.375 6067110.04643
6.25 1.375 5534907.41078
6.75 1.375 3902819.32812
7.25 1.375 2093330.3669
7.75 1.375 248361.229971
8.25 1.375 0.0
8.75 1.375 0.0
0.25 1.625 12559982.2014
0.75 1.625 13340546.067
1.25 1.625 13411506.4184
1.75 1.625 11460096.7544
2.25 1.625 10644052.713
2.75 1.625 10644052.713
3.25 1.625 10395691.4831
3.75 1.625 8728123.2247
4.25 1.625 7486317.07484
4.75 1.625 7202475.66916
5.25 1.625 5996149.69501
5.75 1.625 4541462.4909
6.25 1.625 3760898.62528
6.75 1.625 2625533.00255
7.25 1.625 1099885.44701
7.75 1.625 141920.702841
8.25 1.625 0.0
8.75 1.625 0.0
0.25 1.875 9792528.496
0.75 1.875 9260325.86035
1.25 1.875 9082924.9818
1.75 1.875 8657162.87327
2.25 1.875 8834563.75183
2.75 1.875 8337841.29188
3.25 1.875 6847673.91206
3.75 1.875 7131515.31774
4.25 1.875 6492872.15496
4.75 1.875 5215585.82939
5.25 1.875 3973779.67954
5.75 1.875 3228695.98962
6.25 1.875 2590052.82684
6.75 1.875 1454687.20412
7.25 1.875 496722.459942
7.75 1.875 141920.702841
8.25 1.875 0.0
8.75 1.875 0.0
0.25 2.125 7273436.02058
0.75 2.125 7876599.00765
1.25 2.125 7592757.60197
1.75 2.125 6705753.20922
2.25 2.125 6315471.27641
2.75 2.125 5818748.81646
3.25 2.125 5818748.81646
3.75 2.125 5002704.77513
4.25 2.125 4576942.66661
4.75 2.125 3512537.3953
5.25 2.125 3015814.93536
5.75 2.125 2093330.3669
6.25 2.125 1135365.62272
6.75 2.125 745083.689913
7.25 2.125 319321.581391
7.75 2.125 0.0
8.25 2.125 0.0
8.75 2.125 0.0
0.25 2.375 5463947.05936
0.75 2.375 4541462.4909
1.25 2.375 6173550.57356
1.75 2.375 6031629.87072
2.25 2.375 4789823.72087
2.75 2.375 4860784.07229
3.25 2.375 4399541.78806
3.75 2.375 4009259.85525
4.25 2.375 3051295.11107
4.75 2.375 2519092.47542
5.25 2.375 2093330.3669
5.75 2.375 1135365.62272
6.25 2.375 1170845.79843
6.75 2.375 425762.108522
7.25 2.375 106440.52713
7.75 2.375 0.0
8.25 2.375 0.0
8.75 2.375 0.0
0.25 2.625 4754343.54516
0.75 2.625 4576942.66661
1.25 2.625 4612422.84232
1.75 2.625 4293101.26093
2.25 2.625 4151180.55809
2.75 2.625 3051295.11107
3.25 2.625 2661013.17826
3.75 2.625 3264176.16533
4.25 2.625 2377171.77258
4.75 2.625 1561127.73125
5.25 2.625 1703048.43409
5.75 2.625 1064405.2713
6.25 2.625 567682.811362
6.75 2.625 461242.284232
7.25 2.625 70960.3514203
7.75 2.625 0.0
8.25 2.625 0.0
8.75 2.625 0.0
0.25 2.875 3051295.11107
0.75 2.875 3086775.28678
1.25 2.875 3725418.44956
1.75 2.875 3512537.3953
2.25 2.875 3760898.62528
2.75 2.875 2802933.8811
3.25 2.875 2448132.124
3.75 2.875 2093330.3669
4.25 2.875 1986889.83977
4.75 2.875 1170845.79843
5.25 2.875 1419207.02841
5.75 2.875 887004.392754
6.25 2.875 496722.459942
6.75 2.875 319321.581391
7.25 2.875 0.0
7.75 2.875 0.0
8.25 2.875 0.0
8.75 2.875 0.0
0.25 3.125 2802933.8811
0.75 3.125 2838414.05681
1.25 3.125 2731973.52968
1.75 3.125 2554572.65113
2.25 3.125 2483612.29971
2.75 3.125 2022370.01548
3.25 3.125 2341691.59687
3.75 3.125 1525647.55554
4.25 3.125 1241806.14985
4.75 3.125 745083.689913
5.25 3.125 567682.811362
5.75 3.125 461242.284232
6.25 3.125 425762.108522
6.75 3.125 141920.702841
7.25 3.125 70960.3514203
7.75 3.125 0.0
8.25 3.125 0.0
8.75 3.125 0.0
0.25 3.375 2412651.94829
0.75 3.375 2519092.47542
1.25 3.375 1774008.78551
1.75 3.375 1844969.13693
2.25 3.375 2093330.3669
2.75 3.375 1490167.37983
3.25 3.375 1490167.37983
3.75 3.375 922484.568464
4.25 3.375 745083.689913
4.75 3.375 674123.338493
5.25 3.375 390281.932812
5.75 3.375 425762.108522
6.25 3.375 212881.054261
6.75 3.375 141920.702841
7.25 3.375 0.0
7.75 3.375 0.0
8.25 3.375 0.0
8.75 3.375 0.0
0.25 3.625 1809488.96122
0.75 3.625 1703048.43409
1.25 3.625 1561127.73125
1.75 3.625 1880449.31264
2.25 3.625 1561127.73125
2.75 3.625 1312766.50128
3.25 3.625 1241806.14985
3.75 3.625 1241806.14985
4.25 3.625 851524.217043
4.75 3.625 674123.338493
5.25 3.625 603162.987072
5.75 3.625 354801.757101
6.25 3.625 177400.878551
6.75 3.625 106440.52713
7.25 3.625 0.0
7.75 3.625 0.0
8.25 3.625 0.0
8.75 3.625 0.0
0.25 3.875 1277286.32557
0.75 3.875 1880449.31264
1.25 3.875 1454687.20412
1.75 3.875 1135365.62272
2.25 3.875 1170845.79843
2.75 3.875 674123.338493
3.25 3.875 851524.217043
3.75 3.875 922484.568464
4.25 3.875 603162.987072
4.75 3.875 390281.932812
5.25 3.875 425762.108522
5.75 3.875 141920.702841
6.25 3.875 141920.702841
6.75 3.875 106440.52713
7.25 3.875 0.0
7.75 3.875 0.0
8.25 3.875 0.0
8.75 3.875 0.0
0.25 4.125 1206325.97414
0.75 4.125 1099885.44701
1.25 4.125 1170845.79843
1.75 4.125 1632088.08267
2.25 4.125 922484.568464
2.75 4.125 780563.865623
3.25 4.125 603162.987072
3.75 4.125 532202.635652
4.25 4.125 780563.865623
4.75 4.125 390281.932812
5.25 4.125 248361.229971
5.75 4.125 106440.52713
6.25 4.125 70960.3514203
6.75 4.125 0.0
7.25 4.125 0.0
7.75 4.125 0.0
8.25 4.125 0.0
8.75 4.125 0.0
0.25 4.375 922484.568464
0.75 4.375 922484.568464
1.25 4.375 887004.392754
1.75 4.375 780563.865623
2.25 4.375 603162.987072
2.75 4.375 745083.689913
3.25 4.375 709603.514203
3.75 4.375 603162.987072
4.25 4.375 390281.932812
4.75 4.375 212881.054261
5.25 4.375 106440.52713
5.75 4.375 35480.1757101
6.25 4.375 35480.1757101
6.75 4.375 0.0
7.25 4.375 0.0
7.75 4.375 0.0
8.25 4.375 0.0
8.75 4.375 0.0
0.25 4.625 567682.811362
0.75 4.625 745083.689913
1.25 4.625 745083.689913
1.75 4.625 567682.811362
2.25 4.625 709603.514203
2.75 4.625 638643.162783
3.25 4.625 496722.459942
3.75 4.625 283841.405681
4.25 4.625 319321.581391
4.75 4.625 248361.229971
5.25 4.625 248361.229971
5.75 4.625 35480.1757101
6.25 4.625 35480.1757101
6.75 4.625 0.0
7.25 4.625 0.0
7.75 4.625 0.0
8.25 4.625 0.0
8.75 4.625 0.0
0.25 4.875 816044.041333
0.75 4.875 1028925.09559
1.25 4.875 674123.338493
1.75 4.875 709603.514203
2.25 4.875 532202.635652
2.75 4.875 496722.459942
3.25 4.875 390281.932812
3.75 4.875 177400.878551
4.25 4.875 425762.108522
4.75 4.875 35480.1757101
5.25 4.875 106440.52713
5.75 4.875 35480.1757101
6.25 4.875 0.0
6.75 4.875 0.0
7.25 4.875 0.0
7.75 4.875 0.0
8.25 4.875 0.0
8.75 4.875 0.0
0.25 5.125 496722.459942
0.75 5.125 957964.744174
1.25 5.125 425762.108522
1.75 5.125 319321.581391
2.25 5.125 177400.878551
2.75 5.125 425762.108522
3.25 5.125 248361.229971
3.75 5.125 248361.229971
4.25 5.125 177400.878551
4.75 5.125 106440.52713
5.25 5.125 141920.702841
5.75 5.125 106440.52713
6.25 5.125 35480.1757101
6.75 5.125 0.0
7.25 5.125 0.0
7.75 5.125 0.0
8.25 5.125 0.0
8.75 5.125 0.0
0.25 5.375 567682.811362
0.75 5.375 319321.581391
1.25 5.375 425762.108522
1.75 5.375 354801.757101
2.25 5.375 461242.284232
2.75 5.375 461242.284232
3.25 5.375 177400.878551
3.75 5.375 106440.52713
4.25 5.375 141920.702841
4.75 5.375 141920.702841
5.25 5.375 70960.3514203
5.75 5.375 0.0
6.25 5.375 35480.1757101
6.75 5.375 0.0
7.25 5.375 0.0
7.75 5.375 0.0
8.25 5.375 0.0
8.75 5.375 0.0
0.25 5.625 283841.405681
0.75 5.625 177400.878551
1.25 5.625 425762.108522
1.75 5.625 177400.878551
2.25 5.625 248361.229971
2.75 5.625 141920.702841
3.25 5.625 212881.054261
3.75 5.625 177400.878551
4.25 5.625 212881.054261
4.75 5.625 0.0
5.25 5.625 35480.1757101
5.75 5.625 0.0
6.25 5.625 0.0
6.75 5.625 0.0
7.25 5.625 0.0
7.75 5.625 0.0
8.25 5.625 0.0
8.75 5.625 0.0
0.25 5.875 390281.932812
0.75 5.875 390281.932812
1.25 5.875 425762.108522
1.75 5.875 212881.054261
2.25 5.875 354801.757101
2.75 5.875 425762.108522
3.25 5.875 141920.702841
3.75 5.875 106440.52713
4.25 5.875 141920.702841
4.75 5.875 35480.1757101
5.25 5.875 70960.3514203
5.75 5.875 0.0
6.25 5.875 35480.1757101
6.75 5.875 0.0
7.25 5.875 0.0
7.75 5.875 0.0
8.25 5.875 0.0
8.75 5.875 0.0
0.25 6.125 212881.054261
0.75 6.125 319321.581391
1.25 6.125 425762.108522
1.75 6.125 177400.878551
2.25 6.125 319321.581391
2.75 6.125 106440.52713
3.25 6.125 141920.702841
3.75 6.125 106440.52713
4.25 6.125 70960.3514203
4.75 6.125 35480.1757101
5.25 6.125 35480.1757101
5.75 6.125 35480.1757101
6.25 6.125 0.0
6.75 6.125 0.0
7.25 6.125 0.0
7.75 6.125 0.0
8.25 6.125 0.0
8.75 6.125 0.0
0.25 6.375 354801.757101
0.75 6.375 212881.054261
1.25 6.375 248361.229971
1.75 6.375 212881.054261
2.25 6.375 106440.52713
2.75 6.375 177400.878551
3.25 6.375 177400.878551
3.75 6.375 70960.3514203
4.25 6.375 106440.52713
4.75 6.375 70960.3514203
5.25 6.375 0.0
5.75 6.375 0.0
6.25 6.375 0.0
6.75 6.375 0.0
7.25 6.375 0.0
7.75 6.375 0.0
8.25 6.375 0.0
8.75 6.375 0.0
0.25 6.625 141920.702841
0.75 6.625 212881.054261
1.25 6.625 319321.581391
1.75 6.625 354801.757101
2.25 6.625 319321.581391
2.75 6.625 141920.702841
3.25 6.625 212881.054261
3.75 6.625 70960.3514203
4.25 6.625 106440.52713
4.75 6.625 70960.3514203
5.25 6.625 0.0
5.75 6.625 0.0
6.25 6.625 0.0
6.75 6.625 0.0
7.25 6.625 0.0
7.75 6.625 0.0
8.25 6.625 0.0
8.75 6.625 0.0
0.25 6.875 106440.52713
0.75 6.875 141920.702841
1.25 6.875 212881.054261
1.75 6.875 248361.229971
2.25 6.875 212881.054261
2.75 6.875 70960.3514203
3.25 6.875 35480.1757101
3.75 6.875 35480.1757101
4.25 6.875 70960.3514203
4.75 6.875 0.0
5.25 6.875 0.0
5.75 6.875 0.0
6.25 6.875 0.0
6.75 6.875 0.0
7.25 6.875 0.0
7.75 6.875 0.0
8.25 6.875 0.0
8.75 6.875 0.0
0.25 7.125 283841.405681
0.75 7.125 35480.1757101
1.25 7.125 283841.405681
1.75 7.125 106440.52713
2.25 7.125 248361.229971
2.75 7.125 177400.878551
3.25 7.125 141920.702841
3.75 7.125 35480.1757101
4.25 7.125 35480.1757101
4.75 7.125 0.0
5.25 7.125 0.0
5.75 7.125 0.0
6.25 7.125 0.0
6.75 7.125 0.0
7.25 7.125 0.0
7.75 7.125 0.0
8.25 7.125 0.0
8.75 7.125 0.0
0.25 7.375 177400.878551
0.75 7.375 177400.878551
1.25 7.375 177400.878551
1.75 7.375 70960.3514203
2.25 7.375 141920.702841
2.75 7.375 70960.3514203
3.25 7.375 35480.1757101
3.75 7.375 0.0
4.25 7.375 70960.3514203
4.75 7.375 35480.1757101
5.25 7.375 0.0
5.75 7.375 0.0
6.25 7.375 0.0
6.75 7.375 0.0
7.25 7.375 0.0
7.75 7.375 0.0
8.25 7.375 0.0
8.75 7.375 0.0
0.25 7.625 248361.229971
0.75 7.625 319321.581391
1.25 7.625 141920.702841
1.75 7.625 70960.3514203
2.25 7.625 141920.702841
2.75 7.625 70960.3514203
3.25 7.625 70960.3514203
3.75 7.625 70960.3514203
4.25 7.625 35480.1757101
4.75 7.625 0.0
5.25 7.625 0.0
5.75 7.625 0.0
6.25 7.625 0.0
6.75 7.625 0.0
7.25 7.625 0.0
7.75 7.625 0.0
8.25 7.625 0.0
8.75 7.625 0.0
0.25 7.875 248361.229971
0.75 7.875 106440.52713
1.25 7.875 141920.702841
1.75 7.875 35480.1757101
2.25 7.875 177400.878551
2.75 7.875 35480.1757101
3.25 7.875 70960.3514203
3.75 7.875 35480.1757101
4.25 7.875 35480.1757101
4.75 7.875 35480.1757101
5.25 7.875 35480.1757101
5.75 7.875 0.0
6.25 7.875 0.0
6.75 7.875 0.0
7.25 7.875 0.0
7.75 7.875 0.0
8.25 7.875 0.0
8.75 7.875 0.0
0.25 8.125 106440.52713
0.75 8.125 70960.3514203
1.25 8.125 35480.1757101
1.75 8.125 35480.1757101
2.25 8.125 70960.3514203
2.75 8.125 106440.52713
3.25 8.125 35480.1757101
3.75 8.125 35480.1757101
4.25 8.125 0.0
4.75 8.125 35480.1757101
5.25 8.125 35480.1757101
5.75 8.125 0.0
6.25 8.125 0.0
6.75 8.125 0.0
7.25 8.125 0.0
7.75 8.125 0.0
8.25 8.125 0.0
8.75 8.125 0.0
0.25 8.375 106440.52713
0.75 8.375 141920.702841
1.25 8.375 212881.054261
1.75 8.375 70960.3514203
2.25 8.375 0.0
2.75 8.375 70960.3514203
3.25 8.375 70960.3514203
3.75 8.375 0.0
4.25 8.375 35480.1757101
4.75 8.375 35480.1757101
5.25 8.375 0.0
5.75 8.375 0.0
6.25 8.375 0.0
6.75 8.375 0.0
7.25 8.375 0.0
7.75 8.375 0.0
8.25 8.375 0.0
8.75 8.375 0.0
0.25 8.625 177400.878551
0.75 8.625 70960.3514203
1.25 8.625 177400.878551
1.75 8.625 106440.52713
2.25 8.625 70960.3514203
2.75 8.625 35480.1757101
3.25 8.625 106440.52713
3.75 8.625 35480.1757101
4.25 8.625 0.0
4.75 8.625 0.0
5.25 8.625 0.0
5.75 8.625 0.0
6.25 8.625 0.0
6.75 8.625 0.0
7.25 8.625 0.0
7.75 8.625 0.0
8.25 8.625 0.0
8.75 8.625 0.0
0.25 8.875 70960.3514203
0.75 8.875 70960.3514203
1.25 8.875 0.0
1.75 8.875 35480.1757101
2.25 8.875 141920.702841
2.75 8.875 106440.52713
3.25 8.875 0.0
3.75 8.875 35480.1757101
4.25 8.875 35480.1757101
4.75 8.875 0.0
5.25 8.875 0.0
5.75 8.875 0.0
6.25 8.875 0.0
6.75 8.875 0.0
7.25 8.875 0.0
7.75 8.875 0.0
8.25 8.875 0.0
8.75 8.875 0.0
0.25 9.125 35480.1757101
0.75 9.125 70960.3514203
1.25 9.125 35480.1757101
1.75 9.125 0.0
2.25 9.125 0.0
2.75 9.125 0.0
3.25 9.125 70960.3514203
3.75 9.125 0.0
4.25 9.125 0.0
4.75 9.125 0.0
5.25 9.125 35480.1757101
5.75 9.125 0.0
6.25 9.125 0.0
6.75 9.125 0.0
7.25 9.125 0.0
7.75 9.125 0.0
8.25 9.125 0.0
8.75 9.125 0.0
0.25 9.375 35480.1757101
0.75 9.375 35480.1757101
1.25 9.375 106440.52713
1.75 9.375 70960.3514203
2.25 9.375 35480.1757101
2.75 9.375 0.0
3.25 9.375 0.0
3.75 9.375 0.0
4.25 9.375 0.0
4.75 9.375 35480.1757101
5.25 9.375 0.0
5.75 9.375 0.0
6.25 9.375 0.0
6.75 9.375 0.0
7.25 9.375 0.0
7.75 9.375 0.0
8.25 9.375 0.0
8.75 9.375 0.0
0.25 9.625 0.0
0.75 9.625 70960.3514203
1.25 9.625 35480.1757101
1.75 9.625 0.0
2.25 9.625 35480.1757101
2.75 9.625 0.0
3.25 9.625 0.0
3.75 9.625 0.0
4.25 9.625 0.0
4.75 9.625 0.0
5.25 9.625 0.0
5.75 9.625 0.0
6.25 9.625 0.0
6.75 9.625 0.0
7.25 9.625 0.0
7.75 9.625 0.0
8.25 9.625 0.0
8.75 9.625 0.0
0.25 9.875 70960.3514203
0.75 9.875 70960.3514203
1.25 9.875 0.0
1.75 9.875 106440.52713
2.25 9.875 70960.3514203
2.75 9.875 0.0
3.25 9.875 0.0
3.75 9.875 35480.1757101
4.25 9.875 0.0
4.75 9.875 0.0
5.25 9.875 0.0
5.75 9.875 0.0
6.25 9.875 0.0
6.75 9.875 0.0
7.25 9.875 0.0
7.75 9.875 0.0
8.25 9.875 0.0
8.75 9.875 0.0
0.25 10.125 70960.3514203
0.75 10.125 35480.1757101
1.25 10.125 0.0
1.75 10.125 70960.3514203
2.25 10.125 35480.1757101
2.75 10.125 0.0
3.25 10.125 35480.1757101
3.75 10.125 0.0
4.25 10.125 0.0
4.75 10.125 35480.1757101
5.25 10.125 0.0
5.75 10.125 35480.1757101
6.25 10.125 0.0
6.75 10.125 0.0
7.25 10.125 0.0
7.75 10.125 0.0
8.25 10.125 0.0
8.75 10.125 0.0
0.25 10.375 106440.52713
0.75 10.375 106440.52713
1.25 10.375 35480.1757101
1.75 10.375 0.0
2.25 10.375 35480.1757101
2.75 10.375 35480.1757101
3.25 10.375 35480.1757101
3.75 10.375 0.0
4.25 10.375 35480.1757101
4.75 10.375 0.0
5.25 10.375 0.0
5.75 10.375 0.0
6.25 10.375 0.0
6.75 10.375 0.0
7.25 10.375 0.0
7.75 10.375 0.0
8.25 10.375 0.0
8.75 10.375 0.0
0.25 10.625 0.0
0.75 10.625 0.0
1.25 10.625 106440.52713
1.75 10.625 0.0
2.25 10.625 35480.1757101
2.75 10.625 35480.1757101
3.25 10.625 35480.1757101
3.75 10.625 35480.1757101
4.25 10.625 0.0
4.75 10.625 70960.3514203
5.25 10.625 0.0
5.75 10.625 0.0
6.25 10.625 0.0
6.75 10.625 0.0
7.25 10.625 0.0
7.75 10.625 0.0
8.25 10.625 0.0
8.75 10.625 0.0
0.25 10.875 35480.1757101
0.75 10.875 35480.1757101
1.25 10.875 35480.1757101
1.75 10.875 0.0
2.25 10.875 70960.3514203
2.75 10.875 0.0
3.25 10.875 0.0
3.75 10.875 0.0
4.25 10.875 35480.1757101
4.75 10.875 0.0
5.25 10.875 0.0
5.75 10.875 0.0
6.25 10.875 0.0
6.75 10.875 0.0
7.25 10.875 0.0
7.75 10.875 0.0
8.25 10.875 0.0
8.75 10.875 0.0
0.25 11.125 70960.3514203
0.75 11.125 35480.1757101
1.25 11.125 35480.1757101
1.75 11.125 0.0
2.25 11.125 35480.1757101
2.75 11.125 0.0
3.25 11.125 0.0
3.75 11.125 35480.1757101
4.25 11.125 0.0
4.75 11.125 35480.1757101
5.25 11.125 0.0
5.75 11.125 0.0
6.25 11.125 0.0
6.75 11.125 0.0
7.25 11.125 0.0
7.75 11.125 0.0
8.25 11.125 0.0
8.75 11.125 0.0
0.25 11.375 0.0
0.75 11.375 106440.52713
1.25 11.375 0.0
1.75 11.375 0.0
2.25 11.375 0.0
2.75 11.375 0.0
3.25 11.375 0.0
3.75 11.375 0.0
4.25 11.375 0.0
4.75 11.375 0.0
5.25 11.375 0.0
5.75 11.375 0.0
6.25 11.375 0.0
6.75 11.375 0.0
7.25 11.375 0.0
7.75 11.375 0.0
8.25 11.375 0.0
8.75 11.375 0.0
0.25 11.625 35480.1757101
0.75 11.625 35480.1757101
1.25 11.625 0.0
1.75 11.625 0.0
2.25 11.625 0.0
2.75 11.625 35480.1757101
3.25 11.625 0.0
3.75 11.625 35480.1757101
4.25 11.625 0.0
4.75 11.625 0.0
5.25 11.625 0.0
5.75 11.625 0.0
6.25 11.625 0.0
6.75 11.625 0.0
7.25 11.625 0.0
7.75 11.625 0.0
8.25 11.625 0.0
8.75 11.625 0.0
0.25 11.875 0.0
0.75 11.875 0.0
1.25 11.875 0.0
1.75 11.875 0.0
2.25 11.875 0.0
2.75 11.875 35480.1757101
3.25 11.875 0.0
3.75 11.875 70960.3514203
4.25 11.875 0.0
4.75 11.875 0.0
5.25 11.875 0.0
5.75 11.875 0.0
6.25 11.875 0.0
6.75 11.875 0.0
7.25 11.875 0.0
7.75 11.875 0.0
8.25 11.875 0.0
8.75 11.875 0.0
0.25 12.125 35480.1757101
0.75 12.125 35480.1757101
1.25 12.125 35480.1757101
1.75 12.125 35480.1757101
2.25 12.125 70960.3514203
2.75 12.125 35480.1757101
3.25 12.125 0.0
3.75 12.125 0.0
4.25 12.125 0.0
4.75 12.125 0.0
5.25 12.125 0.0
5.75 12.125 0.0
6.25 12.125 0.0
6.75 12.125 0.0
7.25 12.125 0.0
7.75 12.125 0.0
8.25 12.125 0.0
8.75 12.125 0.0
0.25 12.375 35480.1757101
0.75 12.375 70960.3514203
1.25 12.375 70960.3514203
1.75 12.375 0.0
2.25 12.375 0.0
2.75 12.375 0.0
3.25 12.375 70960.3514203
3.75 12.375 0.0
4.25 12.375 0.0
4.75 12.375 0.0
5.25 12.375 0.0
5.75 12.375 0.0
6.25 12.375 0.0
6.75 12.375 0.0
7.25 12.375 0.0
7.75 12.375 0.0
8.25 12.375 0.0
8.75 12.375 0.0
0.25 12.625 0.0
0.75 12.625 70960.3514203
1.25 12.625 0.0
1.75 12.625 35480.1757101
2.25 12.625 0.0
2.75 12.625 70960.3514203
3.25 12.625 0.0
3.75 12.625 0.0
4.25 12.625 0.0
4.75 12.625 0.0
5.25 12.625 0.0
5.75 12.625 0.0
6.25 12.625 0.0
6.75 12.625 0.0
7.25 12.625 0.0
7.75 12.625 0.0
8.25 12.625 0.0
8.75 12.625 0.0
0.25 12.875 0.0
0.75 12.875 0.0
1.25 12.875 0.0
1.75 12.875 0.0
2.25 12.875 0.0
2.75 12.875 0.0
3.25 12.875 0.0
3.75 12.875 0.0
4.25 12.875 0.0
4.75 12.875 0.0
5.25 12.875 0.0
5.75 12.875 0.0
6.25 12.875 0.0
6.75 12.875 0.0
7.25 12.875 0.0
7.75 12.875 0.0
8.25 12.875 0.0
8.75 12.875 0.0
0.25 13.125 0.0
0.75 13.125 0.0
1.25 13.125 0.0
1.75 13.125 0.0
2.25 13.125 70960.3514203
2.75 13.125 0.0
3.25 13.125 0.0
3.75 13.125 0.0
4.25 13.125 0.0
4.75 13.125 0.0
5.25 13.125 0.0
5.75 13.125 0.0
6.25 13.125 0.0
6.75 13.125 0.0
7.25 13.125 0.0
7.75 13.125 0.0
8.25 13.125 0.0
8.75 13.125 0.0
0.25 13.375 0.0
0.75 13.375 0.0
1.25 13.375 0.0
1.75 13.375 0.0
2.25 13.375 0.0
2.75 13.375 0.0
3.25 13.375 0.0
3.75 13.375 35480.1757101
4.25 13.375 0.0
4.75 13.375 0.0
5.25 13.375 0.0
5.75 13.375 0.0
6.25 13.375 0.0
6.75 13.375 0.0
7.25 13.375 0.0
7.75 13.375 0.0
8.25 13.375 0.0
8.75 13.375 0.0
0.25 13.625 35480.1757101
0.75 13.625 0.0
1.25 13.625 0.0
1.75 13.625 0.0
2.25 13.625 0.0
2.75 13.625 35480.1757101
3.25 13.625 0.0
3.75 13.625 0.0
4.25 13.625 0.0
4.75 13.625 0.0
5.25 13.625 0.0
5.75 13.625 0.0
6.25 13.625 0.0
6.75 13.625 0.0
7.25 13.625 0.0
7.75 13.625 0.0
8.25 13.625 0.0
8.75 13.625 0.0
0.25 13.875 35480.1757101
0.75 13.875 0.0
1.25 13.875 0.0
1.75 13.875 70960.3514203
2.25 13.875 0.0
2.75 13.875 0.0
3.25 13.875 35480.1757101
3.75 13.875 0.0
4.25 13.875 0.0
4.75 13.875 0.0
5.25 13.875 0.0
5.75 13.875 35480.1757101
6.25 13.875 0.0
6.75 13.875 0.0
7.25 13.875 0.0
7.75 13.875 0.0
8.25 13.875 0.0
8.75 13.875 0.0
0.25 14.125 106440.52713
0.75 14.125 0.0
1.25 14.125 0.0
1.75 14.125 0.0
2.25 14.125 35480.1757101
2.75 14.125 0.0
3.25 14.125 0.0
3.75 14.125 35480.1757101
4.25 14.125 0.0
4.75 14.125 0.0
5.25 14.125 0.0
5.75 14.125 0.0
6.25 14.125 0.0
6.75 14.125 0.0
7.25 14.125 0.0
7.75 14.125 0.0
8.25 14.125 0.0
8.75 14.125 0.0
0.25 14.375 35480.1757101
0.75 14.375 0.0
1.25 14.375 0.0
1.75 14.375 0.0
2.25 14.375 0.0
2.75 14.375 0.0
3.25 14.375 0.0
3.75 14.375 0.0
4.25 14.375 0.0
4.75 14.375 0.0
5.25 14.375 0.0
5.75 14.375 0.0
6.25 14.375 0.0
6.75 14.375 0.0
7.25 14.375 0.0
7.75 14.375 0.0
8.25 14.375 0.0
8.75 14.375 0.0
0.25 14.625 0.0
0.75 14.625 35480.1757101
1.25 14.625 0.0
1.75 14.625 0.0
2.25 14.625 0.0
2.75 14.625 0.0
3.25 14.625 35480.1757101
3.75 14.625 0.0
4.25 14.625 0.0
4.75 14.625 0.0
5.25 14.625 0.0
5.75 14.625 0.0
6.25 14.625 0.0
6.75 14.625 0.0
7.25 14.625 0.0
7.75 14.625 0.0
8.25 14.625 0.0
8.75 14.625 0.0
0.25 14.875 0.0
0.75 14.875 35480.1757101
1.25 14.875 0.0
1.75 14.875 0.0
2.25 14.875 0.0
2.75 14.875 35480.1757101
3.25 14.875 0.0
3.75 14.875 0.0
4.25 14.875 0.0
4.75 14.875 0.0
5.25 14.875 0.0
5.75 14.875 0.0
6.25 14.875 0.0
6.75 14.875 0.0
7.25 14.875 0.0
7.75 14.875 0.0
8.25 14.875 0.0
8.75 14.875 0.0
0.25 15.125 0.0
0.75 15.125 0.0
1.25 15.125 0.0
1.75 15.125 0.0
2.25 15.125 0.0
2.75 15.125 0.0
3.25 15.125 0.0
3.75 15.125 0.0
4.25 15.125 0.0
4.75 15.125 0.0
5.25 15.125 0.0
5.75 15.125 0.0
6.25 15.125 0.0
6.75 15.125 0.0
7.25 15.125 0.0
7.75 15.125 0.0
8.25 15.125 0.0
8.75 15.125 0.0
0.25 15.375 0.0
0.75 15.375 35480.1757101
1.25 15.375 0.0
1.75 15.375 0.0
2.25 15.375 0.0
2.75 15.375 0.0
3.25 15.375 0.0
3.75 15.375 0.0
4.25 15.375 0.0
4.75 15.375 0.0
5.25 15.375 0.0
5.75 15.375 0.0
6.25 15.375 0.0
6.75 15.375 0.0
7.25 15.375 0.0
7.75 15.375 0.0
8.25 15.375 0.0
8.75 15.375 0.0
0.25 15.625 35480.1757101
0.75 15.625 35480.1757101
1.25 15.625 0.0
1.75 15.625 0.0
2.25 15.625 35480.1757101
2.75 15.625 0.0
3.25 15.625 0.0
3.75 15.625 0.0
4.25 15.625 0.0
4.75 15.625 0.0
5.25 15.625 0.0
5.75 15.625 0.0
6.25 15.625 0.0
6.75 15.625 0.0
7.25 15.625 0.0
7.75 15.625 0.0
8.25 15.625 0.0
8.75 15.625 0.0
0.25 15.875 35480.1757101
0.75 15.875 0.0
1.25 15.875 0.0
1.75 15.875 0.0
2.25 15.875 0.0
2.75 15.875 0.0
3.25 15.875 0.0
3.75 15.875 0.0
4.25 15.875 0.0
4.75 15.875 0.0
5.25 15.875 0.0
5.75 15.875 0.0
6.25 15.875 0.0
6.75 15.875 0.0
7.25 15.875 0.0
7.75 15.875 0.0
8.25 15.875 0.0
8.75 15.875 0.0
0.25 16.125 0.0
0.75 16.125 0.0
1.25 16.125 0.0
1.75 16.125 0.0
2.25 16.125 0.0
2.75 16.125 0.0
3.25 16.125 0.0
3.75 16.125 0.0
4.25 16.125 0.0
4.75 16.125 0.0
5.25 16.125 0.0
5.75 16.125 0.0
6.25 16.125 0.0
6.75 16.125 0.0
7.25 16.125 0.0
7.75 16.125 0.0
8.25 16.125 0.0
8.75 16.125 0.0
0.25 16.375 0.0
0.75 16.375 0.0
1.25 16.375 35480.1757101
1.75 16.375 0.0
2.25 16.375 0.0
2.75 16.375 0.0
3.25 16.375 0.0
3.75 16.375 0.0
4.25 16.375 35480.1757101
4.75 16.375 0.0
5.25 16.375 0.0
5.75 16.375 0.0
6.25 16.375 0.0
6.75 16.375 0.0
7.25 16.375 0.0
7.75 16.375 0.0
8.25 16.375 0.0
8.75 16.375 0.0
0.25 16.625 35480.1757101
0.75 16.625 0.0
1.25 16.625 35480.1757101
1.75 16.625 0.0
2.25 16.625 0.0
2.75 16.625 0.0
3.25 16.625 0.0
3.75 16.625 0.0
4.25 16.625 0.0
4.75 16.625 0.0
5.25 16.625 0.0
5.75 16.625 0.0
6.25 16.625 0.0
6.75 16.625 0.0
7.25 16.625 0.0
7.75 16.625 0.0
8.25 16.625 0.0
8.75 16.625 0.0
0.25 16.875 35480.1757101
0.75 16.875 35480.1757101
1.25 16.875 0.0
1.75 16.875 0.0
2.25 16.875 0.0
2.75 16.875 0.0
3.25 16.875 0.0
3.75 16.875 0.0
4.25 16.875 0.0
4.75 16.875 0.0
5.25 16.875 0.0
5.75 16.875 0.0
6.25 16.875 0.0
6.75 16.875 0.0
7.25 16.875 0.0
7.75 16.875 0.0
8.25 16.875 0.0
8.75 16.875 0.0
0.25 17.125 35480.1757101
0.75 17.125 0.0
1.25 17.125 0.0
1.75 17.125 0.0
2.25 17.125 0.0
2.75 17.125 35480.1757101
3.25 17.125 0.0
3.75 17.125 0.0
4.25 17.125 0.0
4.75 17.125 0.0
5.25 17.125 0.0
5.75 17.125 0.0
6.25 17.125 0.0
6.75 17.125 0.0
7.25 17.125 0.0
7.75 17.125 0.0
8.25 17.125 0.0
8.75 17.125 0.0
0.25 17.375 0.0
0.75 17.375 0.0
1.25 17.375 0.0
1.75 17.375 0.0
2.25 17.375 0.0
2.75 17.375 0.0
3.25 17.375 0.0
3.75 17.375 0.0
4.25 17.375 0.0
4.75 17.375 0.0
5.25 17.375 0.0
5.75 17.375 0.0
6.25 17.375 0.0
6.75 17.375 0.0
7.25 17.375 0.0
7.75 17.375 0.0
8.25 17.375 0.0
8.75 17.375 0.0
0.25 17.625 35480.1757101
0.75 17.625 0.0
1.25 17.625 0.0
1.75 17.625 0.0
2.25 17.625 0.0
2.75 17.625 0.0
3.25 17.625 0.0
3.75 17.625 0.0
4.25 17.625 0.0
4.75 17.625 0.0
5.25 17.625 0.0
5.75 17.625 0.0
6.25 17.625 0.0
6.75 17.625 0.0
7.25 17.625 0.0
7.75 17.625 0.0
8.25 17.625 0.0
8.75 17.625 0.0
0.25 17.875 0.0
0.75 17.875 0.0
1.25 17.875 0.0
1.75 17.875 0.0
2.25 17.875 0.0
2.75 17.875 0.0
3.25 17.875 0.0
3.75 17.875 0.0
4.25 17.875 0.0
4.75 17.875 0.0
5.25 17.875 0.0
5.75 17.875 0.0
6.25 17.875 0.0
6.75 17.875 0.0
7.25 17.875 0.0
7.75 17.875 0.0
8.25 17.875 0.0
8.75 17.875 0.0
0.25 18.125 0.0
0.75 18.125 0.0
1.25 18.125 0.0
1.75 18.125 0.0
2.25 18.125 35480.1757101
2.75 18.125 0.0
3.25 18.125 0.0
3.75 18.125 0.0
4.25 18.125 0.0
4.75 18.125 0.0
5.25 18.125 0.0
5.75 18.125 0.0
6.25 18.125 0.0
6.75 18.125 0.0
7.25 18.125 0.0
7.75 18.125 0.0
8.25 18.125 0.0
8.75 18.125 0.0
0.25 18.375 0.0
0.75 18.375 0.0
1.25 18.375 0.0
1.75 18.375 0.0
2.25 18.375 0.0
2.75 18.375 0.0
3.25 18.375 0.0
3.75 18.375 0.0
4.25 18.375 0.0
4.75 18.375 0.0
5.25 18.375 0.0
5.75 18.375 0.0
6.25 18.375 0.0
6.75 18.375 0.0
7.25 18.375 0.0
7.75 18.375 0.0
8.25 18.375 0.0
8.75 18.375 0.0
0.25 18.625 0.0
0.75 18.625 0.0
1.25 18.625 0.0
1.75 18.625 0.0
2.25 18.625 0.0
2.75 18.625 0.0
3.25 18.625 0.0
3.75 18.625 0.0
4.25 18.625 0.0
4.75 18.625 0.0
5.25 18.625 0.0
5.75 18.625 0.0
6.25 18.625 0.0
6.75 18.625 0.0
7.25 18.625 0.0
7.75 18.625 0.0
8.25 18.625 0.0
8.75 18.625 0.0
0.25 18.875 0.0
0.75 18.875 0.0
1.25 18.875 0.0
1.75 18.875 0.0
2.25 18.875 0.0
2.75 18.875 0.0
3.25 18.875 0.0
3.75 18.875 0.0
4.25 18.875 0.0
4.75 18.875 0.0
5.25 18.875 0.0
5.75 18.875 0.0
6.25 18.875 0.0
6.75 18.875 0.0
7.25 18.875 0.0
7.75 18.875 0.0
8.25 18.875 0.0
8.75 18.875 0.0
0.25 19.125 0.0
0.75 19.125 0.0
1.25 19.125 0.0
1.75 19.125 0.0
2.25 19.125 0.0
2.75 19.125 0.0
3.25 19.125 0.0
3.75 19.125 0.0
4.25 19.125 0.0
4.75 19.125 0.0
5.25 19.125 0.0
5.75 19.125 0.0
6.25 19.125 0.0
6.75 19.125 0.0
7.25 19.125 0.0
7.75 19.125 0.0
8.25 19.125 0.0
8.75 19.125 0.0
0.25 19.375 0.0
0.75 19.375 0.0
1.25 19.375 0.0
1.75 19.375 0.0
2.25 19.375 0.0
2.75 19.375 35480.1757101
3.25 19.375 0.0
3.75 19.375 0.0
4.25 19.375 0.0
4.75 19.375 0.0
5.25 19.375 0.0
5.75 19.375 0.0
6.25 19.375 0.0
6.75 19.375 0.0
7.25 19.375 0.0
7.75 19.375 0.0
8.25 19.375 0.0
8.75 19.375 0.0
0.25 19.625 0.0
0.75 19.625 0.0
1.25 19.625 0.0
1.75 19.625 0.0
2.25 19.625 0.0
2.75 19.625 0.0
3.25 19.625 0.0
3.75 19.625 0.0
4.25 19.625 0.0
4.75 19.625 0.0
5.25 19.625 0.0
5.75 19.625 0.0
6.25 19.625 0.0
6.75 19.625 0.0
7.25 19.625 0.0
7.75 19.625 0.0
8.25 19.625 0.0
8.75 19.625 0.0
0.25 19.875 0.0
0.75 19.875 0.0
1.25 19.875 0.0
1.75 19.875 0.0
2.25 19.875 0.0
2.75 19.875 0.0
3.25 19.875 0.0
3.75 19.875 0.0
4.25 19.875 0.0
4.75 19.875 0.0
5.25 19.875 0.0
5.75 19.875 0.0
6.25 19.875 0.0
6.75 19.875 0.0
7.25 19.875 0.0
7.75 19.875 0.0
8.25 19.875 0.0
8.75 19.875 0.0
0.25 20.125 0.0
0.75 20.125 0.0
1.25 20.125 0.0
1.75 20.125 0.0
2.25 20.125 0.0
2.75 20.125 0.0
3.25 20.125 0.0
3.75 20.125 0.0
4.25 20.125 0.0
4.75 20.125 0.0
5.25 20.125 0.0
5.75 20.125 0.0
6.25 20.125 0.0
6.75 20.125 0.0
7.25 20.125 0.0
7.75 20.125 0.0
8.25 20.125 0.0
8.75 20.125 0.0
0.25 20.375 35480.1757101
0.75 20.375 0.0
1.25 20.375 0.0
1.75 20.375 0.0
2.25 20.375 0.0
2.75 20.375 0.0
3.25 20.375 0.0
3.75 20.375 0.0
4.25 20.375 0.0
4.75 20.375 0.0
5.25 20.375 0.0
5.75 20.375 0.0
6.25 20.375 0.0
6.75 20.375 0.0
7.25 20.375 0.0
7.75 20.375 0.0
8.25 20.375 0.0
8.75 20.375 0.0
0.25 20.625 0.0
0.75 20.625 0.0
1.25 20.625 0.0
1.75 20.625 0.0
2.25 20.625 0.0
2.75 20.625 0.0
3.25 20.625 35480.1757101
3.75 20.625 0.0
4.25 20.625 0.0
4.75 20.625 0.0
5.25 20.625 0.0
5.75 20.625 0.0
6.25 20.625 0.0
6.75 20.625 0.0
7.25 20.625 0.0
7.75 20.625 0.0
8.25 20.625 0.0
8.75 20.625 0.0
0.25 20.875 0.0
0.75 20.875 35480.1757101
1.25 20.875 0.0
1.75 20.875 0.0
2.25 20.875 0.0
2.75 20.875 0.0
3.25 20.875 0.0
3.75 20.875 0.0
4.25 20.875 0.0
4.75 20.875 0.0
5.25 20.875 0.0
5.75 20.875 0.0
6.25 20.875 0.0
6.75 20.875 0.0
7.25 20.875 0.0
7.75 20.875 0.0
8.25 20.875 0.0
8.75 20.875 0.0
0.25 21.125 0.0
0.75 21.125 0.0
1.25 21.125 0.0
1.75 21.125 0.0
2.25 21.125 0.0
2.75 21.125 0.0
3.25 21.125 0.0
3.75 21.125 0.0
4.25 21.125 0.0
4.75 21.125 0.0
5.25 21.125 0.0
5.75 21.125 0.0
6.25 21.125 0.0
6.75 21.125 0.0
7.25 21.125 0.0
7.75 21.125 0.0
8.25 21.125 0.0
8.75 21.125 0.0
0.25 21.375 0.0
0.75 21.375 0.0
1.25 21.375 0.0
1.75 21.375 0.0
2.25 21.375 0.0
2.75 21.375 0.0
3.25 21.375 0.0
3.75 21.375 0.0
4.25 21.375 0.0
4.75 21.375 0.0
5.25 21.375 0.0
5.75 21.375 0.0
6.25 21.375 0.0
6.75 21.375 0.0
7.25 21.375 0.0
7.75 21.375 0.0
8.25 21.375 0.0
8.75 21.375 0.0
0.25 21.625 0.0
0.75 21.625 0.0
1.25 21.625 0.0
1.75 21.625 35480.1757101
2.25 21.625 0.0
2.75 21.625 35480.1757101
3.25 21.625 0.0
3.75 21.625 0.0
4.25 21.625 0.0
4.75 21.625 0.0
5.25 21.625 0.0
5.75 21.625 0.0
6.25 21.625 0.0
6.75 21.625 0.0
7.25 21.625 0.0
7.75 21.625 0.0
8.25 21.625 0.0
8.75 21.625 0.0
0.25 21.875 0.0
0.75 21.875 0.0
1.25 21.875 0.0
1.75 21.875 0.0
2.25 21.875 0.0
2.75 21.875 0.0
3.25 21.875 0.0
3.75 21.875 0.0
4.25 21.875 0.0
4.75 21.875 0.0
5.25 21.875 0.0
5.75 21.875 0.0
6.25 21.875 0.0
6.75 21.875 0.0
7.25 21.875 0.0
7.75 21.875 0.0
8.25 21.875 0.0
8.75 21.875 0.0
0.25 22.125 35480.1757101
0.75 22.125 0.0
1.25 22.125 0.0
1.75 22.125 0.0
2.25 22.125 0.0
2.75 22.125 0.0
3.25 22.125 0.0
3.75 22.125 0.0
4.25 22.125 0.0
4.75 22.125 0.0
5.25 22.125 0.0
5.75 22.125 0.0
6.25 22.125 0.0
6.75 22.125 0.0
7.25 22.125 0.0
7.75 22.125 0.0
8.25 22.125 0.0
8.75 22.125 0.0
0.25 22.375 0.0
0.75 22.375 0.0
1.25 22.375 0.0
1.75 22.375 0.0
2.25 22.375 0.0
2.75 22.375 0.0
3.25 22.375 0.0
3.75 22.375 0.0
4.25 22.375 0.0
4.75 22.375 0.0
5.25 22.375 0.0
5.75 22.375 0.0
6.25 22.375 0.0
6.75 22.375 0.0
7.25 22.375 0.0
7.75 22.375 0.0
8.25 22.375 0.0
8.75 22.375 0.0
0.25 22.625 0.0
0.75 22.625 0.0
1.25 22.625 0.0
1.75 22.625 0.0
2.25 22.625 0.0
2.75 22.625 0.0
3.25 22.625 0.0
3.75 22.625 0.0
4.25 22.625 0.0
4.75 22.625 0.0
5.25 22.625 0.0
5.75 22.625 0.0
6.25 22.625 0.0
6.75 22.625 0.0
7.25 22.625 0.0
7.75 22.625 0.0
8.25 22.625 0.0
8.75 22.625 0.0
0.25 22.875 0.0
0.75 22.875 0.0
1.25 22.875 0.0
1.75 22.875 0.0
2.25 22.875 0.0
2.75 22.875 0.0
3.25 22.875 0.0
3.75 22.875 0.0
4.25 22.875 0.0
4.75 22.875 0.0
5.25 22.875 0.0
5.75 22.875 0.0
6.25 22.875 0.0
6.75 22.875 0.0
7.25 22.875 0.0
7.75 22.875 0.0
8.25 22.875 0.0
8.75 22.875 0.0
0.25 23.125 0.0
0.75 23.125 0.0
1.25 23.125 0.0
1.75 23.125 0.0
2.25 23.125 0.0
2.75 23.125 0.0
3.25 23.125 0.0
3.75 23.125 0.0
4.25 23.125 0.0
4.75 23.125 0.0
5.25 23.125 0.0
5.75 23.125 0.0
6.25 23.125 0.0
6.75 23.125 0.0
7.25 23.125 0.0
7.75 23.125 0.0
8.25 23.125 0.0
8.75 23.125 0.0
0.25 23.375 0.0
0.75 23.375 0.0
1.25 23.375 0.0
1.75 23.375 0.0
2.25 23.375 0.0
2.75 23.375 0.0
3.25 23.375 0.0
3.75 23.375 0.0
4.25 23.375 0.0
4.75 23.375 0.0
5.25 23.375 0.0
5.75 23.375 0.0
6.25 23.375 0.0
6.75 23.375 0.0
7.25 23.375 0.0
7.75 23.375 0.0
8.25 23.375 0.0
8.75 23.375 0.0
0.25 23.625 0.0
0.75 23.625 0.0
1.25 23.625 0.0
1.75 23.625 0.0
2.25 23.625 0.0
2.75 23.625 0.0
3.25 23.625 0.0
3.75 23.625 0.0
4.25 23.625 0.0
4.75 23.625 0.0
5.25 23.625 0.0
5.75 23.625 0.0
6.25 23.625 0.0
6.75 23.625 0.0
7.25 23.625 0.0
7.75 23.625 0.0
8.25 23.625 0.0
8.75 23.625 0.0
0.25 23.875 0.0
0.75 23.875 0.0
1.25 23.875 0.0
1.75 23.875 0.0
2.25 23.875 0.0
2.75 23.875 0.0
3.25 23.875 0.0
3.75 23.875 0.0
4.25 23.875 0.0
4.75 23.875 0.0
5.25 23.875 0.0
5.75 23.875 0.0
6.25 23.875 0.0
6.75 23.875 0.0
7.25 23.875 0.0
7.75 23.875 0.0
8.25 23.875 0.0
8.75 23.875 0.0
0.25 24.125 0.0
0.75 24.125 0.0
1.25 24.125 0.0
1.75 24.125 0.0
2.25 24.125 0.0
2.75 24.125 0.0
3.25 24.125 0.0
3.75 24.125 0.0
4.25 24.125 0.0
4.75 24.125 0.0
5.25 24.125 0.0
5.75 24.125 0.0
6.25 24.125 0.0
6.75 24.125 0.0
7.25 24.125 0.0
7.75 24.125 0.0
8.25 24.125 0.0
8.75 24.125 0.0
0.25 24.375 0.0
0.75 24.375 0.0
1.25 24.375 0.0
1.75 24.375 0.0
2.25 24.375 0.0
2.75 24.375 0.0
3.25 24.375 0.0
3.75 24.375 0.0
4.25 24.375 0.0
4.75 24.375 0.0
5.25 24.375 0.0
5.75 24.375 0.0
6.25 24.375 0.0
6.75 24.375 0.0
7.25 24.375 0.0
7.75 24.375 0.0
8.25 24.375 0.0
8.75 24.375 0.0
0.25 24.625 0.0
0.75 24.625 0.0
1.25 24.625 0.0
1.75 24.625 0.0
2.25 24.625 0.0
2.75 24.625 0.0
3.25 24.625 0.0
3.75 24.625 0.0
4.25 24.625 0.0
4.75 24.625 0.0
5.25 24.625 0.0
5.75 24.625 0.0
6.25 24.625 0.0
6.75 24.625 0.0
7.25 24.625 0.0
7.75 24.625 0.0
8.25 24.625 0.0
8.75 24.625 0.0
0.25 24.875 0.0
0.75 24.875 0.0
1.25 24.875 0.0
1.75 24.875 0.0
2.25 24.875 0.0
2.75 24.875 0.0
3.25 24.875 0.0
3.75 24.875 0.0
4.25 24.875 0.0
4.75 24.875 0.0
5.25 24.875 0.0
5.75 24.875 0.0
6.25 24.875 0.0
6.75 24.875 0.0
7.25 24.875 0.0
7.75 24.875 0.0
8.25 24.875 0.0
8.75 24.875 0.0
0.25 25.125 0.0
0.75 25.125 0.0
1.25 25.125 0.0
1.75 25.125 0.0
2.25 25.125 0.0
2.75 25.125 0.0
3.25 25.125 0.0
3.75 25.125 0.0
4.25 25.125 0.0
4.75 25.125 0.0
5.25 25.125 0.0
5.75 25.125 0.0
6.25 25.125 0.0
6.75 25.125 0.0
7.25 25.125 0.0
7.75 25.125 0.0
8.25 25.125 0.0
8.75 25.125 0.0
0.25 25.375 0.0
0.75 25.375 0.0
1.25 25.375 0.0
1.75 25.375 0.0
2.25 25.375 0.0
2.75 25.375 0.0
3.25 25.375 0.0
3.75 25.375 0.0
4.25 25.375 0.0
4.75 25.375 0.0
5.25 25.375 0.0
5.75 25.375 0.0
6.25 25.375 0.0
6.75 25.375 0.0
7.25 25.375 0.0
7.75 25.375 0.0
8.25 25.375 0.0
8.75 25.375 0.0
0.25 25.625 0.0
0.75 25.625 0.0
1.25 25.625 0.0
1.75 25.625 0.0
2.25 25.625 0.0
2.75 25.625 0.0
3.25 25.625 0.0
3.75 25.625 0.0
4.25 25.625 0.0
4.75 25.625 0.0
5.25 25.625 0.0
5.75 25.625 0.0
6.25 25.625 0.0
6.75 25.625 0.0
7.25 25.625 0.0
7.75 25.625 0.0
8.25 25.625 0.0
8.75 25.625 0.0
0.25 25.875 0.0
0.75 25.875 0.0
1.25 25.875 0.0
1.75 25.875 0.0
2.25 25.875 0.0
2.75 25.875 0.0
3.25 25.875 0.0
3.75 25.875 0.0
4.25 25.875 0.0
4.75 25.875 0.0
5.25 25.875 0.0
5.75 25.875 0.0
6.25 25.875 0.0
6.75 25.875 0.0
7.25 25.875 0.0
7.75 25.875 0.0
8.25 25.875 0.0
8.75 25.875 0.0
0.25 26.125 0.0
0.75 26.125 0.0
1.25 26.125 0.0
1.75 26.125 0.0
2.25 26.125 0.0
2.75 26.125 0.0
3.25 26.125 0.0
3.75 26.125 0.0
4.25 26.125 0.0
4.75 26.125 0.0
5.25 26.125 0.0
5.75 26.125 0.0
6.25 26.125 0.0
6.75 26.125 0.0
7.25 26.125 0.0
7.75 26.125 0.0
8.25 26.125 0.0
8.75 26.125 0.0
0.25 26.375 0.0
0.75 26.375 0.0
1.25 26.375 0.0
1.75 26.375 0.0
2.25 26.375 0.0
2.75 26.375 0.0
3.25 26.375 0.0
3.75 26.375 0.0
4.25 26.375 0.0
4.75 26.375 0.0
5.25 26.375 0.0
5.75 26.375 0.0
6.25 26.375 0.0
6.75 26.375 0.0
7.25 26.375 0.0
7.75 26.375 0.0
8.25 26.375 0.0
8.75 26.375 0.0
0.25 26.625 0.0
0.75 26.625 0.0
1.25 26.625 0.0
1.75 26.625 0.0
2.25 26.625 0.0
2.75 26.625 0.0
3.25 26.625 0.0
3.75 26.625 0.0
4.25 26.625 0.0
4.75 26.625 0.0
5.25 26.625 0.0
5.75 26.625 0.0
6.25 26.625 0.0
6.75 26.625 0.0
7.25 26.625 0.0
7.75 26.625 0.0
8.25 26.625 0.0
8.75 26.625 0.0
0.25 26.875 0.0
0.75 26.875 0.0
1.25 26.875 0.0
1.75 26.875 0.0
2.25 26.875 0.0
2.75 26.875 0.0
3.25 26.875 0.0
3.75 26.875 0.0
4.25 26.875 0.0
4.75 26.875 0.0
5.25 26.875 0.0
5.75 26.875 0.0
6.25 26.875 0.0
6.75 26.875 0.0
7.25 26.875 0.0
7.75 26.875 0.0
8.25 26.875 0.0
8.75 26.875 0.0
0.25 27.125 0.0
0.75 27.125 0.0
1.25 27.125 0.0
1.75 27.125 35480.1757101
2.25 27.125 0.0
2.75 27.125 0.0
3.25 27.125 0.0
3.75 27.125 0.0
4.25 27.125 35480.1757101
4.75 27.125 0.0
5.25 27.125 0.0
5.75 27.125 0.0
6.25 27.125 0.0
6.75 27.125 0.0
7.25 27.125 0.0
7.75 27.125 0.0
8.25 27.125 0.0
8.75 27.125 0.0
0.25 27.375 0.0
0.75 27.375 0.0
1.25 27.375 0.0
1.75 27.375 0.0
2.25 27.375 0.0
2.75 27.375 0.0
3.25 27.375 0.0
3.75 27.375 0.0
4.25 27.375 0.0
4.75 27.375 0.0
5.25 27.375 0.0
5.75 27.375 0.0
6.25 27.375 0.0
6.75 27.375 0.0
7.25 27.375 0.0
7.75 27.375 0.0
8.25 27.375 0.0
8.75 27.375 0.0
0.25 27.625 0.0
0.75 27.625 0.0
1.25 27.625 0.0
1.75 27.625 0.0
2.25 27.625 0.0
2.75 27.625 0.0
3.25 27.625 0.0
3.75 27.625 0.0
4.25 27.625 0.0
4.75 27.625 0.0
5.25 27.625 0.0
5.75 27.625 0.0
6.25 27.625 0.0
6.75 27.625 0.0
7.25 27.625 0.0
7.75 27.625 0.0
8.25 27.625 0.0
8.75 27.625 0.0
0.25 27.875 0.0
0.75 27.875 0.0
1.25 27.875 0.0
1.75 27.875 0.0
2.25 27.875 0.0
2.75 27.875 0.0
3.25 27.875 0.0
3.75 27.875 0.0
4.25 27.875 0.0
4.75 27.875 0.0
5.25 27.875 0.0
5.75 27.875 0.0
6.25 27.875 0.0
6.75 27.875 0.0
7.25 27.875 0.0
7.75 27.875 0.0
8.25 27.875 0.0
8.75 27.875 0.0
0.25 28.125 0.0
0.75 28.125 0.0
1.25 28.125 0.0
1.75 28.125 0.0
2.25 28.125 0.0
2.75 28.125 0.0
3.25 28.125 0.0
3.75 28.125 0.0
4.25 28.125 0.0
4.75 28.125 0.0
5.25 28.125 0.0
5.75 28.125 0.0
6.25 28.125 0.0
6.75 28.125 0.0
7.25 28.125 0.0
7.75 28.125 0.0
8.25 28.125 0.0
8.75 28.125 0.0
0.25 28.375 0.0
0.75 28.375 0.0
1.25 28.375 0.0
1.75 28.375 0.0
2.25 28.375 0.0
2.75 28.375 0.0
3.25 28.375 0.0
3.75 28.375 0.0
4.25 28.375 0.0
4.75 28.375 0.0
5.25 28.375 0.0
5.75 28.375 0.0
6.25 28.375 0.0
6.75 28.375 0.0
7.25 28.375 0.0
7.75 28.375 0.0
8.25 28.375 0.0
8.75 28.375 0.0
0.25 28.625 0.0
0.75 28.625 0.0
1.25 28.625 0.0
1.75 28.625 0.0
2.25 28.625 0.0
2.75 28.625 0.0
3.25 28.625 0.0
3.75 28.625 0.0
4.25 28.625 0.0
4.75 28.625 0.0
5.25 28.625 0.0
5.75 28.625 0.0
6.25 28.625 0.0
6.75 28.625 0.0
7.25 28.625 0.0
7.75 28.625 0.0
8.25 28.625 0.0
8.75 28.625 0.0
0.25 28.875 0.0
0.75 28.875 0.0
1.25 28.875 0.0
1.75 28.875 0.0
2.25 28.875 0.0
2.75 28.875 0.0
3.25 28.875 0.0
3.75 28.875 0.0
4.25 28.875 0.0
4.75 28.875 0.0
5.25 28.875 0.0
5.75 28.875 0.0
6.25 28.875 0.0
6.75 28.875 0.0
7.25 28.875 0.0
7.75 28.875 0.0
8.25 28.875 0.0
8.75 28.875 0.0
0.25 29.125 0.0
0.75 29.125 0.0
1.25 29.125 0.0
1.75 29.125 0.0
2.25 29.125 0.0
2.75 29.125 0.0
3.25 29.125 0.0
3.75 29.125 0.0
4.25 29.125 0.0
4.75 29.125 0.0
5.25 29.125 0.0
5.75 29.125 0.0
6.25 29.125 0.0
6.75 29.125 0.0
7.25 29.125 0.0
7.75 29.125 0.0
8.25 29.125 0.0
8.75 29.125 0.0
0.25 29.375 0.0
0.75 29.375 0.0
1.25 29.375 0.0
1.75 29.375 0.0
2.25 29.375 0.0
2.75 29.375 0.0
3.25 29.375 0.0
3.75 29.375 0.0
4.25 29.375 0.0
4.75 29.375 0.0
5.25 29.375 0.0
5.75 29.375 0.0
6.25 29.375 0.0
6.75 29.375 0.0
7.25 29.375 0.0
7.75 29.375 0.0
8.25 29.375 0.0
8.75 29.375 0.0
0.25 29.625 0.0
0.75 29.625 0.0
1.25 29.625 0.0
1.75 29.625 0.0
2.25 29.625 0.0
2.75 29.625 0.0
3.25 29.625 0.0
3.75 29.625 0.0
4.25 29.625 0.0
4.75 29.625 0.0
5.25 29.625 0.0
5.75 29.625 0.0
6.25 29.625 0.0
6.75 29.625 0.0
7.25 29.625 0.0
7.75 29.625 0.0
8.25 29.625 0.0
8.75 29.625 0.0
0.25 29.875 0.0
0.75 29.875 0.0
1.25 29.875 0.0
1.75 29.875 0.0
2.25 29.875 0.0
2.75 29.875 0.0
3.25 29.875 0.0
3.75 29.875 0.0
4.25 29.875 0.0
4.75 29.875 0.0
5.25 29.875 0.0
5.75 29.875 0.0
6.25 29.875 0.0
6.75 29.875 0.0
7.25 29.875 0.0
7.75 29.875 0.0
8.25 29.875 0.0
8.75 29.875 0.0
