0.25 0.125 27922898.2839
0.75 0.125 28348660.3924
1.25 0.125 26113409.3227
1.75 0.125 27390695.6482
2.25 0.125 25758607.5656
2.75 0.125 26361770.5526
3.25 0.125 27284255.1211
3.75 0.125 27639056.8782
4.25 0.125 28809902.6766
4.75 0.125 29980748.4751
5.25 0.125 29022783.7309
5.75 0.125 26574651.6069
6.25 0.125 22636352.1031
6.75 0.125 17314325.7465
7.25 0.125 12666422.7285
7.75 0.125 6102590.22214
8.25 0.125 638643.162783
8.75 0.125 0.0
0.25 0.375 73798765.4771
0.75 0.375 70321708.2575
1.25 0.375 71137752.2988
1.75 0.375 69470184.0405
2.25 0.375 69966906.5004
2.75 0.375 68476739.1206
3.25 0.375 66951091.565
3.75 0.375 67412333.8493
4.25 0.375 67093012.2679
4.75 0.375 71031311.7717
5.25 0.375 68334818.4177
5.75 0.375 61558104.8571
6.25 0.375 50168968.4541
6.75 0.375 37679946.6042
7.25 0.375 24516801.4157
7.75 0.375 12453541.6743
8.25 0.375 1206325.97414
8.75 0.375 0.0
0.25 0.625 108462897.146
0.75 0.625 108569337.673
1.25 0.625 103140870.789
1.75 0.625 105198720.981
2.25 0.625 99379972.1641
2.75 0.625 99096130.7584
3.25 0.625 96683478.8101
3.75 0.625 94164386.3347
4.25 0.625 91680774.035
4.75 0.625 92709699.1306
5.25 0.625 83875135.3788
5.75 0.625 76495258.8311
6.25 0.625 65425444.0095
6.75 0.625 46301629.3017
7.25 0.625 30583911.4621
7.75 0.625 13517946.9456
8.25 0.625 957964.744174
8.75 0.625 0.0
0.25 0.875 138585566.324
0.75 0.875 131950773.466
1.25 0.875 129502641.342
1.75 0.875 123790333.053
2.25 0.875 123790333.053
2.75 0.875 116126615.099
3.25 0.875 112472157.001
3.75 0.875 108462897.146
4.25 0.875 104666518.345
4.75 0.875 101650703.41
5.25 0.875 90935690.3451
5.75 0.875 81923725.7147
6.25 0.875 67376853.6736
6.75 0.875 49423884.7642
7.25 0.875 30654871.8136
7.75 0.875 11424616.5787
8.25 0.875 887004.392754
8.75 0.875 0.0
0.25 1.125 139508050.892
0.75 1.125 134931108.226
1.25 1.125 132979698.562
1.75 1.125 125990103.947
2.25 1.125 125457901.311
2.75 1.125 119071469.683
3.25 1.125 114955769.301
3.75 1.125 104808439.048
4.25 1.125 102537707.802
4.75 1.125 97109240.9187
5.25 1.125 83697734.5002
5.75 1.125 72734360.2058
6.25 1.125 61061382.3972
6.75 1.125 44101858.4077
7.25 1.125 26042448.9712
7.75 1.125 6954114.43919
8.25 1.125 319321.581391
8.75 1.125 0.0
0.25 1.375 118787628.278
0.75 1.375 115771813.342
1.25 1.375 110201425.756
1.75 1.375 106972729.766
2.25 1.375 104098835.534
2.75 1.375 100125055.854
3.25 1.375 91893655.0893
3.75 1.375 86323267.5028
4.25 1.375 82314007.6475
4.75 1.375 71457073.8802
5.25 1.375 63119232.5883
5.75 1.375 54320149.0122
6.25 1.375 39347514.8625
6.75 1.375 30335550.2322
7.25 1.375 16037039.421
7.75 1.375 3548017.57101
8.25 1.375 106440.52713
8.75 1.375 0.0
0.25 1.625 94944950.2003
0.75 1.625 90616368.7637
1.25 1.625 88239196.9911
1.75 1.625 86749029.6113
2.25 1.625 84194456.9602
2.75 1.625 78836950.4279
3.25 1.625 71918316.1645
3.75 1.625 67163972.6193
4.25 1.625 60954941.87
4.75 1.625 53397664.4438
5.25 1.625 42895532.4336
5.75 1.625 35267294.6559
6.25 1.625 26113409.3227
6.75 1.625 17669127.5037
7.25 1.625 8692643.04898
7.75 1.625 1454687.20412
8.25 1.625 35480.1757101
8.75 1.625 0.0
0.25 1.875 74401928.4642
0.75 1.875 74472888.8156
1.25 1.875 68867021.0534
1.75 1.875 71953796.3402
2.25 1.875 63899796.454
2.75 1.875 58790651.1517
3.25 1.875 54674950.7693
3.75 1.875 49104563.1828
4.25 1.875 44137338.5834
4.75 1.875 37750906.9556
5.25 1.875 31896677.9634
5.75 1.875 25616686.8627
6.25 1.875 17136924.868
6.75 1.875 10253770.7802
7.25 1.875 5286546.18081
7.75 1.875 425762.108522
8.25 1.875 0.0
8.75 1.875 0.0
0.25 2.125 56803761.3119
0.75 2.125 54603990.4179
1.25 2.125 54497549.8908
1.75 2.125 52936422.1595
2.25 2.125 48501400.1958
2.75 2.125 44882422.2733
3.25 2.125 39879717.4982
3.75 2.125 37467065.5499
4.25 2.125 31577356.382
4.75 2.125 26397250.7283
5.25 2.125 20401101.0333
5.75 2.125 15079074.6768
6.25 2.125 10679532.8888
6.75 2.125 6847673.91206
7.25 2.125 2448132.124
7.75 2.125 177400.878551
8.25 2.125 0.0
8.75 2.125 0.0
0.25 2.375 41937567.6894
0.75 2.375 43463215.2449
1.25 2.375 40305479.6067
1.75 2.375 38815312.2269
2.25 2.375 37857347.4827
2.75 2.375 34415770.4388
3.25 2.375 29696907.0694
3.75 2.375 28171259.5139
4.25 2.375 24126519.4829
4.75 2.375 20046299.2762
5.25 2.375 15895118.7181
5.75 2.375 10644052.713
6.25 2.375 7912079.18336
6.75 2.375 4151180.55809
7.25 2.375 1312766.50128
7.75 2.375 35480.1757101
8.25 2.375 0.0
8.75 2.375 0.0
0.25 2.625 34912492.8988
0.75 2.625 33599726.3975
1.25 2.625 32570801.3019
1.75 2.625 32890122.8833
2.25 2.625 27993858.6353
2.75 2.625 27106854.2425
3.25 2.625 22494431.4002
3.75 2.625 20968783.8447
4.25 2.625 17633647.3279
4.75 2.625 13305065.8913
5.25 2.625 10502132.0102
5.75 2.625 8550722.34614
6.25 2.625 4186660.7338
6.75 2.625 2696493.35397
7.25 2.625 780563.865623
7.75 2.625 35480.1757101
8.25 2.625 0.0
8.75 2.625 0.0
0.25 2.875 27426175.8239
0.75 2.875 27958378.4596
1.25 2.875 25687647.2141
1.75 2.875 22175109.8188
2.25 2.875 21500986.4803
2.75 2.875 19265735.4106
3.25 2.875 20897823.4933
3.75 2.875 15859638.5424
4.25 2.875 13340546.067
4.75 2.875 11211735.5244
5.25 2.875 8160440.41333
5.75 2.875 4612422.84232
6.25 2.875 3583497.74672
6.75 2.875 1951409.66406
7.25 2.875 354801.757101
7.75 2.875 0.0
8.25 2.875 0.0
8.75 2.875 0.0
0.25 3.125 20862343.3176
0.75 3.125 20933303.669
1.25 3.125 19514096.6406
1.75 3.125 17740087.8551
2.25 3.125 18627092.2478
2.75 3.125 15504836.7853
3.25 3.125 14724272.9197
3.75 3.125 12205180.4443
4.25 3.125 9437726.7389
4.75 3.125 8515242.17043
5.25 3.125 6315471.27641
5.75 3.125 4328581.43664
6.25 3.125 2873894.23252
6.75 3.125 1170845.79843
7.25 3.125 212881.054261
7.75 3.125 0.0
8.25 3.125 0.0
8.75 3.125 0.0
0.25 3.375 16249920.4752
0.75 3.375 16498281.7052
1.25 3.375 15646757.4882
1.75 3.375 13553427.1213
2.25 3.375 14263030.6355
2.75 3.375 12666422.7285
3.25 3.375 11460096.7544
3.75 3.375 8976484.45467
4.25 3.375 8160440.41333
4.75 3.375 6492872.15496
5.25 3.375 4505982.31519
5.75 3.375 3406096.86817
6.25 3.375 1490167.37983
6.75 3.375 780563.865623
7.25 3.375 248361.229971
7.75 3.375 0.0
8.25 3.375 0.0
8.75 3.375 0.0
0.25 3.625 13624387.4727
0.75 3.625 13163145.1885
1.25 3.625 13092184.837
1.75 3.625 10963374.2944
2.25 3.625 11069814.8216
2.75 3.625 9792528.496
3.25 3.625 9757048.32029
3.75 3.625 7521797.25055
4.25 3.625 5712308.28933
4.75 3.625 4647903.01803
5.25 3.625 3370616.69246
5.75 3.625 2696493.35397
6.25 3.625 1632088.08267
6.75 3.625 390281.932812
7.25 3.625 35480.1757101
7.75 3.625 0.0
8.25 3.625 0.0
8.75 3.625 0.0
0.25 3.875 10005409.5503
0.75 3.875 11105294.9973
1.25 3.875 10111850.0774
1.75 3.875 10998854.4701
2.25 3.875 8337841.29188
2.75 3.875 7734678.30481
3.25 3.875 6705753.20922
3.75 3.875 5925189.34359
4.25 3.875 5073665.12655
4.75 3.875 4151180.55809
5.25 3.875 2838414.05681
5.75 3.875 1986889.83977
6.25 3.875 887004.392754
6.75 3.875 425762.108522
7.25 3.875 0.0
7.75 3.875 0.0
8.25 3.875 0.0
8.75 3.875 0.0
0.25 4.125 8941004.27896
0.75 4.125 7592757.60197
1.25 4.125 8089480.06191
1.75 4.125 8621682.69756
2.25 4.125 7770158.48052
2.75 4.125 6812193.73635
3.25 4.125 5357506.53223
3.75 4.125 4186660.7338
4.25 4.125 3796378.80099
4.75 4.125 3086775.28678
5.25 4.125 1915929.48835
5.75 4.125 851524.217043
6.25 4.125 390281.932812
6.75 4.125 283841.405681
7.25 4.125 70960.3514203
7.75 4.125 0.0
8.25 4.125 0.0
8.75 4.125 0.0
0.25 4.375 7841118.83194
0.75 4.375 6244510.92499
1.25 4.375 7415356.72342
1.75 4.375 6954114.43919
2.25 4.375 5996149.69501
2.75 4.375 5747788.46504
3.25 4.375 4683383.19374
3.75 4.375 3689938.27385
4.25 4.375 2802933.8811
4.75 4.375 2377171.77258
5.25 4.375 1667568.25838
5.75 4.375 851524.217043
6.25 4.375 425762.108522
6.75 4.375 319321.581391
7.25 4.375 70960.3514203
7.75 4.375 0.0
8.25 4.375 0.0
8.75 4.375 0.0
0.25 4.625 6031629.87072
0.75 4.625 5996149.69501
1.25 4.625 5712308.28933
1.75 4.625 4931744.42371
2.25 4.625 5428466.88365
2.75 4.625 4860784.07229
3.25 4.625 3370616.69246
3.75 4.625 3228695.98962
4.25 4.625 2625533.00255
4.75 4.625 1951409.66406
5.25 4.625 1454687.20412
5.75 4.625 567682.811362
6.25 4.625 283841.405681
6.75 4.625 106440.52713
7.25 4.625 0.0
7.75 4.625 0.0
8.25 4.625 0.0
8.75 4.625 0.0
0.25 4.875 4399541.78806
0.75 4.875 4754343.54516
1.25 4.875 4576942.66661
1.75 4.875 4789823.72087
2.25 4.875 4718863.36945
2.75 4.875 3015814.93536
3.25 4.875 2731973.52968
3.75 4.875 2377171.77258
4.25 4.875 1915929.48835
4.75 4.875 1348246.67699
5.25 4.875 922484.568464
5.75 4.875 390281.932812
6.25 4.875 425762.108522
6.75 4.875 106440.52713
7.25 4.875 0.0
7.75 4.875 0.0
8.25 4.875 0.0
8.75 4.875 0.0
0.25 5.125 4115700.38238
0.75 5.125 4044740.03096
1.25 5.125 4364061.61235
1.75 5.125 3725418.44956
2.25 5.125 3831858.9767
2.75 5.125 3051295.11107
3.25 5.125 3299656.34104
3.75 5.125 1809488.96122
4.25 5.125 1774008.78551
4.75 5.125 1099885.44701
5.25 5.125 567682.811362
5.75 5.125 532202.635652
6.25 5.125 141920.702841
6.75 5.125 35480.1757101
7.25 5.125 0.0
7.75 5.125 0.0
8.25 5.125 0.0
8.75 5.125 0.0
0.25 5.375 3725418.44956
0.75 5.375 3760898.62528
1.25 5.375 3477057.21959
1.75 5.375 3015814.93536
2.25 5.375 2341691.59687
2.75 5.375 2199770.89403
3.25 5.375 2731973.52968
3.75 5.375 1951409.66406
4.25 5.375 1703048.43409
4.75 5.375 816044.041333
5.25 5.375 638643.162783
5.75 5.375 425762.108522
6.25 5.375 141920.702841
6.75 5.375 106440.52713
7.25 5.375 0.0
7.75 5.375 0.0
8.25 5.375 0.0
8.75 5.375 0.0
0.25 5.625 2625533.00255
0.75 5.625 2802933.8811
1.25 5.625 2873894.23252
1.75 5.625 2731973.52968
2.25 5.625 2483612.29971
2.75 5.625 3122255.46249
3.25 5.625 2235251.06974
3.75 5.625 1206325.97414
4.25 5.625 887004.392754
4.75 5.625 603162.987072
5.25 5.625 496722.459942
5.75 5.625 177400.878551
6.25 5.625 70960.3514203
6.75 5.625 35480.1757101
7.25 5.625 0.0
7.75 5.625 0.0
8.25 5.625 0.0
8.75 5.625 0.0
0.25 5.875 2341691.59687
0.75 5.875 1738528.6098
1.25 5.875 1738528.6098
1.75 5.875 2483612.29971
2.25 5.875 1809488.96122
2.75 5.875 1915929.48835
3.25 5.875 1561127.73125
3.75 5.875 1064405.2713
4.25 5.875 1241806.14985
4.75 5.875 780563.865623
5.25 5.875 248361.229971
5.75 5.875 177400.878551
6.25 5.875 35480.1757101
6.75 5.875 0.0
7.25 5.875 0.0
7.75 5.875 0.0
8.25 5.875 0.0
8.75 5.875 0.0
0.25 6.125 2306211.42116
0.75 6.125 2022370.01548
1.25 6.125 1880449.31264
1.75 6.125 1951409.66406
2.25 6.125 1738528.6098
2.75 6.125 1383726.8527
3.25 6.125 1170845.79843
3.75 6.125 1099885.44701
4.25 6.125 851524.217043
4.75 6.125 283841.405681
5.25 6.125 390281.932812
5.75 6.125 319321.581391
6.25 6.125 141920.702841
6.75 6.125 70960.3514203
7.25 6.125 0.0
7.75 6.125 0.0
8.25 6.125 0.0
8.75 6.125 0.0
0.25 6.375 2199770.89403
0.75 6.375 1809488.96122
1.25 6.375 1525647.55554
1.75 6.375 1525647.55554
2.25 6.375 1632088.08267
2.75 6.375 1667568.25838
3.25 6.375 709603.514203
3.75 6.375 922484.568464
4.25 6.375 816044.041333
4.75 6.375 461242.284232
5.25 6.375 212881.054261
5.75 6.375 35480.1757101
6.25 6.375 70960.3514203
6.75 6.375 0.0
7.25 6.375 0.0
7.75 6.375 0.0
8.25 6.375 0.0
8.75 6.375 0.0
0.25 6.625 1703048.43409
0.75 6.625 2235251.06974
1.25 6.625 1809488.96122
1.75 6.625 1206325.97414
2.25 6.625 1490167.37983
2.75 6.625 1170845.79843
3.25 6.625 1383726.8527
3.75 6.625 922484.568464
4.25 6.625 709603.514203
4.75 6.625 496722.459942
5.25 6.625 283841.405681
5.75 6.625 354801.757101
6.25 6.625 35480.1757101
6.75 6.625 0.0
7.25 6.625 0.0
7.75 6.625 0.0
8.25 6.625 0.0
8.75 6.625 0.0
0.25 6.875 1206325.97414
0.75 6.875 1277286.32557
1.25 6.875 1348246.67699
1.75 6.875 1099885.44701
2.25 6.875 1277286.32557
2.75 6.875 887004.392754
3.25 6.875 780563.865623
3.75 6.875 674123.338493
4.25 6.875 496722.459942
4.75 6.875 354801.757101
5.25 6.875 106440.52713
5.75 6.875 70960.3514203
6.25 6.875 0.0
6.75 6.875 0.0
7.25 6.875 0.0
7.75 6.875 0.0
8.25 6.875 0.0
8.75 6.875 0.0
0.25 7.125 1667568.25838
0.75 7.125 1383726.8527
1.25 7.125 1028925.09559
1.75 7.125 1383726.8527
2.25 7.125 957964.744174
2.75 7.125 638643.162783
3.25 7.125 887004.392754
3.75 7.125 709603.514203
4.25 7.125 674123.338493
4.75 7.125 212881.054261
5.25 7.125 177400.878551
5.75 7.125 35480.1757101
6.25 7.125 0.0
6.75 7.125 0.0
7.25 7.125 0.0
7.75 7.125 0.0
8.25 7.125 0.0
8.75 7.125 0.0
0.25 7.375 1064405.2713
0.75 7.375 1099885.44701
1.25 7.375 851524.217043
1.75 7.375 816044.041333
2.25 7.375 1099885.44701
2.75 7.375 745083.689913
3.25 7.375 851524.217043
3.75 7.375 319321.581391
4.25 7.375 354801.757101
4.75 7.375 141920.702841
5.25 7.375 283841.405681
5.75 7.375 106440.52713
6.25 7.375 0.0
6.75 7.375 0.0
7.25 7.375 0.0
7.75 7.375 0.0
8.25 7.375 0.0
8.75 7.375 0.0
0.25 7.625 1596607.90696
0.75 7.625 957964.744174
1.25 7.625 1135365.62272
1.75 7.625 922484.568464
2.25 7.625 709603.514203
2.75 7.625 638643.162783
3.25 7.625 354801.757101
3.75 7.625 319321.581391
4.25 7.625 212881.054261
4.75 7.625 177400.878551
5.25 7.625 70960.3514203
5.75 7.625 106440.52713
6.25 7.625 35480.1757101
6.75 7.625 0.0
7.25 7.625 0.0
7.75 7.625 0.0
8.25 7.625 0.0
8.75 7.625 0.0
0.25 7.875 851524.217043
0.75 7.875 887004.392754
1.25 7.875 461242.284232
1.75 7.875 780563.865623
2.25 7.875 532202.635652
2.75 7.875 567682.811362
3.25 7.875 354801.757101
3.75 7.875 461242.284232
4.25 7.875 425762.108522
4.75 7.875 70960.3514203
5.25 7.875 106440.52713
5.75 7.875 35480.1757101
6.25 7.875 0.0
6.75 7.875 0.0
7.25 7.875 0.0
7.75 7.875 0.0
8.25 7.875 0.0
8.75 7.875 0.0
0.25 8.125 851524.217043
0.75 8.125 709603.514203
1.25 8.125 816044.041333
1.75 8.125 745083.689913
2.25 8.125 567682.811362
2.75 8.125 354801.757101
3.25 8.125 283841.405681
3.75 8.125 354801.757101
4.25 8.125 177400.878551
4.75 8.125 212881.054261
5.25 8.125 35480.1757101
5.75 8.125 35480.1757101
6.25 8.125 0.0
6.75 8.125 0.0
7.25 8.125 0.0
7.75 8.125 0.0
8.25 8.125 0.0
8.75 8.125 0.0
0.25 8.375 425762.108522
0.75 8.375 567682.811362
1.25 8.375 532202.635652
1.75 8.375 567682.811362
2.25 8.375 567682.811362
2.75 8.375 319321.581391
3.25 8.375 496722.459942
3.75 8.375 354801.757101
4.25 8.375 319321.581391
4.75 8.375 141920.702841
5.25 8.375 70960.3514203
5.75 8.375 106440.52713
6.25 8.375 0.0
6.75 8.375 0.0
7.25 8.375 0.0
7.75 8.375 0.0
8.25 8.375 0.0
8.75 8.375 0.0
0.25 8.625 709603.514203
0.75 8.625 780563.865623
1.25 8.625 461242.284232
1.75 8.625 461242.284232
2.25 8.625 745083.689913
2.75 8.625 390281.932812
3.25 8.625 177400.878551
3.75 8.625 248361.229971
4.25 8.625 141920.702841
4.75 8.625 70960.3514203
5.25 8.625 35480.1757101
5.75 8.625 0.0
6.25 8.625 0.0
6.75 8.625 0.0
7.25 8.625 0.0
7.75 8.625 0.0
8.25 8.625 0.0
8.75 8.625 0.0
0.25 8.875 354801.757101
0.75 8.875 496722.459942
1.25 8.875 425762.108522
1.75 8.875 567682.811362
2.25 8.875 390281.932812
2.75 8.875 212881.054261
3.25 8.875 177400.878551
3.75 8.875 141920.702841
4.25 8.875 212881.054261
4.75 8.875 35480.1757101
5.25 8.875 70960.3514203
5.75 8.875 0.0
6.25 8.875 0.0
6.75 8.875 0.0
7.25 8.875 0.0
7.75 8.875 0.0
8.25 8.875 0.0
8.75 8.875 0.0
0.25 9.125 674123.338493
0.75 9.125 425762.108522
1.25 9.125 567682.811362
1.75 9.125 283841.405681
2.25 9.125 248361.229971
2.75 9.125 177400.878551
3.25 9.125 212881.054261
3.75 9.125 177400.878551
4.25 9.125 141920.702841
4.75 9.125 106440.52713
5.25 9.125 35480.1757101
5.75 9.125 0.0
6.25 9.125 0.0
6.75 9.125 0.0
7.25 9.125 0.0
7.75 9.125 0.0
8.25 9.125 0.0
8.75 9.125 0.0
0.25 9.375 319321.581391
0.75 9.375 177400.878551
1.25 9.375 496722.459942
1.75 9.375 567682.811362
2.25 9.375 425762.108522
2.75 9.375 212881.054261
3.25 9.375 319321.581391
3.75 9.375 70960.3514203
4.25 9.375 177400.878551
4.75 9.375 141920.702841
5.25 9.375 35480.1757101
5.75 9.375 35480.1757101
6.25 9.375 0.0
6.75 9.375 0.0
7.25 9.375 0.0
7.75 9.375 0.0
8.25 9.375 0.0
8.75 9.375 0.0
0.25 9.625 425762.108522
0.75 9.625 319321.581391
1.25 9.625 283841.405681
1.75 9.625 354801.757101
2.25 9.625 212881.054261
2.75 9.625 177400.878551
3.25 9.625 212881.054261
3.75 9.625 106440.52713
4.25 9.625 106440.52713
4.75 9.625 35480.1757101
5.25 9.625 35480.1757101
5.75 9.625 35480.1757101
6.25 9.625 0.0
6.75 9.625 0.0
7.25 9.625 0.0
7.75 9.625 0.0
8.25 9.625 0.0
8.75 9.625 0.0
0.25 9.875 212881.054261
0.75 9.875 461242.284232
1.25 9.875 248361.229971
1.75 9.875 319321.581391
2.25 9.875 283841.405681
2.75 9.875 461242.284232
3.25 9.875 177400.878551
3.75 9.875 106440.52713
4.25 9.875 141920.702841
4.75 9.875 35480.1757101
5.25 9.875 0.0
5.75 9.875 0.0
6.25 9.875 35480.1757101
6.75 9.875 0.0
7.25 9.875 0.0
7.75 9.875 0.0
8.25 9.875 0.0
8.75 9.875 0.0
0.25 10.125 425762.108522
0.75 10.125 248361.229971
1.25 10.125 425762.108522
1.75 10.125 425762.108522
2.25 10.125 35480.1757101
2.75 10.125 177400.878551
3.25 10.125 106440.52713
3.75 10.125 106440.52713
4.25 10.125 106440.52713
4.75 10.125 70960.3514203
5.25 10.125 35480.1757101
5.75 10.125 0.0
6.25 10.125 0.0
6.75 10.125 0.0
7.25 10.125 0.0
7.75 10.125 0.0
8.25 10.125 0.0
8.75 10.125 0.0
0.25 10.375 248361.229971
0.75 10.375 212881.054261
1.25 10.375 141920.702841
1.75 10.375 283841.405681
2.25 10.375 212881.054261
2.75 10.375 283841.405681
3.25 10.375 177400.878551
3.75 10.375 141920.702841
4.25 10.375 70960.3514203
4.75 10.375 70960.3514203
5.25 10.375 0.0
5.75 10.375 35480.1757101
6.25 10.375 0.0
6.75 10.375 0.0
7.25 10.375 0.0
7.75 10.375 0.0
8.25 10.375 0.0
8.75 10.375 0.0
0.25 10.625 283841.405681
0.75 10.625 177400.878551
1.25 10.625 248361.229971
1.75 10.625 283841.405681
2.25 10.625 248361.229971
2.75 10.625 106440.52713
3.25 10.625 141920.702841
3.75 10.625 70960.3514203
4.25 10.625 106440.52713
4.75 10.625 35480.1757101
5.25 10.625 35480.1757101
5.75 10.625 0.0
6.25 10.625 0.0
6.75 10.625 0.0
7.25 10.625 0.0
7.75 10.625 0.0
8.25 10.625 0.0
8.75 10.625 0.0
0.25 10.875 177400.878551
0.75 10.875 248361.229971
1.25 10.875 70960.3514203
1.75 10.875 354801.757101
2.25 10.875 0.0
2.75 10.875 141920.702841
3.25 10.875 70960.3514203
3.75 10.875 106440.52713
4.25 10.875 141920.702841
4.75 10.875 35480.1757101
5.25 10.875 0.0
5.75 10.875 0.0
6.25 10.875 0.0
6.75 10.875 0.0
7.25 10.875 0.0
7.75 10.875 0.0
8.25 10.875 0.0
8.75 10.875 0.0
0.25 11.125 319321.581391
0.75 11.125 70960.3514203
1.25 11.125 248361.229971
1.75 11.125 212881.054261
2.25 11.125 177400.878551
2.75 11.125 177400.878551
3.25 11.125 35480.1757101
3.75 11.125 141920.702841
4.25 11.125 70960.3514203
4.75 11.125 70960.3514203
5.25 11.125 106440.52713
5.75 11.125 0.0
6.25 11.125 0.0
6.75 11.125 0.0
7.25 11.125 0.0
7.75 11.125 0.0
8.25 11.125 0.0
8.75 11.125 0.0
0.25 11.375 141920.702841
0.75 11.375 283841.405681
1.25 11.375 141920.702841
1.75 11.375 70960.3514203
2.25 11.375 106440.52713
2.75 11.375 106440.52713
3.25 11.375 106440.52713
3.75 11.375 70960.3514203
4.25 11.375 70960.3514203
4.75 11.375 106440.52713
5.25 11.375 0.0
5.75 11.375 0.0
6.25 11.375 0.0
6.75 11.375 0.0
7.25 11.375 0.0
7.75 11.375 0.0
8.25 11.375 0.0
8.75 11.375 0.0
0.25 11.625 283841.405681
0.75 11.625 212881.054261
1.25 11.625 141920.702841
1.75 11.625 70960.3514203
2.25 11.625 70960.3514203
2.75 11.625 35480.1757101
3.25 11.625 106440.52713
3.75 11.625 141920.702841
4.25 11.625 70960.3514203
4.75 11.625 35480.1757101
5.25 11.625 0.0
5.75 11.625 0.0
6.25 11.625 0.0
6.75 11.625 0.0
7.25 11.625 0.0
7.75 11.625 0.0
8.25 11.625 0.0
8.75 11.625 0.0
0.25 11.875 70960.3514203
0.75 11.875 106440.52713
1.25 11.875 248361.229971
1.75 11.875 212881.054261
2.25 11.875 141920.702841
2.75 11.875 70960.3514203
3.25 11.875 35480.1757101
3.75 11.875 70960.3514203
4.25 11.875 0.0
4.75 11.875 0.0
5.25 11.875 35480.1757101
5.75 11.875 0.0
6.25 11.875 0.0
6.75 11.875 0.0
7.25 11.875 0.0
7.75 11.875 0.0
8.25 11.875 0.0
8.75 11.875 0.0
0.25 12.125 177400.878551
0.75 12.125 283841.405681
1.25 12.125 141920.702841
1.75 12.125 35480.1757101
2.25 12.125 35480.1757101
2.75 12.125 70960.3514203
3.25 12.125 35480.1757101
3.75 12.125 70960.3514203
4.25 12.125 70960.3514203
4.75 12.125 0.0
5.25 12.125 35480.1757101
5.75 12.125 0.0
6.25 12.125 0.0
6.75 12.125 0.0
7.25 12.125 0.0
7.75 12.125 0.0
8.25 12.125 0.0
8.75 12.125 0.0
0.25 12.375 70960.3514203
0.75 12.375 106440.52713
1.25 12.375 0.0
1.75 12.375 248361.229971
2.25 12.375 177400.878551
2.75 12.375 35480.1757101
3.25 12.375 106440.52713
3.75 12.375 0.0
4.25 12.375 0.0
4.75 12.375 0.0
5.25 12.375 106440.52713
5.75 12.375 0.0
6.25 12.375 0.0
6.75 12.375 0.0
7.25 12.375 0.0
7.75 12.375 0.0
8.25 12.375 0.0
8.75 12.375 0.0
0.25 12.625 212881.054261
0.75 12.625 212881.054261
1.25 12.625 0.0
1.75 12.625 177400.878551
2.25 12.625 70960.3514203
2.75 12.625 0.0
3.25 12.625 70960.3514203
3.75 12.625 106440.52713
4.25 12.625 0.0
4.75 12.625 0.0
5.25 12.625 0.0
5.75 12.625 0.0
6.25 12.625 0.0
6.75 12.625 0.0
7.25 12.625 0.0
7.75 12.625 0.0
8.25 12.625 0.0
8.75 12.625 0.0
0.25 12.875 177400.878551
0.75 12.875 35480.1757101
1.25 12.875 106440.52713
1.75 12.875 212881.054261
2.25 12.875 70960.3514203
2.75 12.875 70960.3514203
3.25 12.875 35480.1757101
3.75 12.875 70960.3514203
4.25 12.875 35480.1757101
4.75 12.875 0.0
5.25 12.875 0.0
5.75 12.875 0.0
6.25 12.875 0.0
6.75 12.875 0.0
7.25 12.875 0.0
7.75 12.875 0.0
8.25 12.875 0.0
8.75 12.875 0.0
0.25 13.125 141920.702841
0.75 13.125 106440.52713
1.25 13.125 0.0
1.75 13.125 0.0
2.25 13.125 35480.1757101
2.75 13.125 141920.702841
3.25 13.125 35480.1757101
3.75 13.125 35480.1757101
4.25 13.125 141920.702841
4.75 13.125 35480.1757101
5.25 13.125 0.0
5.75 13.125 0.0
6.25 13.125 0.0
6.75 13.125 0.0
7.25 13.125 0.0
7.75 13.125 0.0
8.25 13.125 0.0
8.75 13.125 0.0
0.25 13.375 70960.3514203
0.75 13.375 70960.3514203
1.25 13.375 35480.1757101
1.75 13.375 35480.1757101
2.25 13.375 70960.3514203
2.75 13.375 70960.3514203
3.25 13.375 70960.3514203
3.75 13.375 35480.1757101
4.25 13.375 0.0
4.75 13.375 0.0
5.25 13.375 0.0
5.75 13.375 0.0
6.25 13.375 0.0
6.75 13.375 0.0
7.25 13.375 0.0
7.75 13.375 0.0
8.25 13.375 0.0
8.75 13.375 0.0
0.25 13.625 177400.878551
0.75 13.625 106440.52713
1.25 13.625 70960.3514203
1.75 13.625 106440.52713
2.25 13.625 106440.52713
2.75 13.625 0.0
3.25 13.625 0.0
3.75 13.625 0.0
4.25 13.625 0.0
4.75 13.625 0.0
5.25 13.625 0.0
5.75 13.625 0.0
6.25 13.625 0.0
6.75 13.625 0.0
7.25 13.625 0.0
7.75 13.625 0.0
8.25 13.625 0.0
8.75 13.625 0.0
0.25 13.875 106440.52713
0.75 13.875 0.0
1.25 13.875 70960.3514203
1.75 13.875 177400.878551
2.25 13.875 70960.3514203
2.75 13.875 70960.3514203
3.25 13.875 0.0
3.75 13.875 0.0
4.25 13.875 35480.1757101
4.75 13.875 0.0
5.25 13.875 0.0
5.75 13.875 0.0
6.25 13.875 0.0
6.75 13.875 0.0
7.25 13.875 0.0
7.75 13.875 0.0
8.25 13.875 0.0
8.75 13.875 0.0
0.25 14.125 0.0
0.75 14.125 141920.702841
1.25 14.125 141920.702841
1.75 14.125 70960.3514203
2.25 14.125 35480.1757101
2.75 14.125 0.0
3.25 14.125 35480.1757101
3.75 14.125 0.0
4.25 14.125 35480.1757101
4.75 14.125 0.0
5.25 14.125 0.0
5.75 14.125 0.0
6.25 14.125 0.0
6.75 14.125 0.0
7.25 14.125 0.0
7.75 14.125 0.0
8.25 14.125 0.0
8.75 14.125 0.0
0.25 14.375 141920.702841
0.75 14.375 35480.1757101
1.25 14.375 35480.1757101
1.75 14.375 70960.3514203
2.25 14.375 70960.3514203
2.75 14.375 0.0
3.25 14.375 35480.1757101
3.75 14.375 0.0
4.25 14.375 0.0
4.75 14.375 0.0
5.25 14.375 0.0
5.75 14.375 0.0
6.25 14.375 0.0
6.75 14.375 0.0
7.25 14.375 0.0
7.75 14.375 0.0
8.25 14.375 0.0
8.75 14.375 0.0
0.25 14.625 35480.1757101
0.75 14.625 0.0
1.25 14.625 70960.3514203
1.75 14.625 35480.1757101
2.25 14.625 35480.1757101
2.75 14.625 35480.1757101
3.25 14.625 35480.1757101
3.75 14.625 70960.3514203
4.25 14.625 0.0
4.75 14.625 0.0
5.25 14.625 0.0
5.75 14.625 0.0
6.25 14.625 0.0
6.75 14.625 0.0
7.25 14.625 0.0
7.75 14.625 0.0
8.25 14.625 0.0
8.75 14.625 0.0
0.25 14.875 106440.52713
0.75 14.875 106440.52713
1.25 14.875 0.0
1.75 14.875 35480.1757101
2.25 14.875 141920.702841
2.75 14.875 70960.3514203
3.25 14.875 0.0
3.75 14.875 0.0
4.25 14.875 0.0
4.75 14.875 0.0
5.25 14.875 0.0
5.75 14.875 0.0
6.25 14.875 0.0
6.75 14.875 0.0
7.25 14.875 0.0
7.75 14.875 0.0
8.25 14.875 0.0
8.75 14.875 0.0
0.25 15.125 212881.054261
0.75 15.125 0.0
1.25 15.125 106440.52713
1.75 15.125 35480.1757101
2.25 15.125 35480.1757101
2.75 15.125 35480.1757101
3.25 15.125 0.0
3.75 15.125 35480.1757101
4.25 15.125 0.0
4.75 15.125 0.0
5.25 15.125 0.0
5.75 15.125 0.0
6.25 15.125 0.0
6.75 15.125 0.0
7.25 15.125 0.0
7.75 15.125 0.0
8.25 15.125 0.0
8.75 15.125 0.0
0.25 15.375 0.0
0.75 15.375 35480.1757101
1.25 15.375 35480.1757101
1.75 15.375 0.0
2.25 15.375 106440.52713
2.75 15.375 0.0
3.25 15.375 70960.3514203
3.75 15.375 35480.1757101
4.25 15.375 0.0
4.75 15.375 0.0
5.25 15.375 0.0
5.75 15.375 0.0
6.25 15.375 0.0
6.75 15.375 0.0
7.25 15.375 0.0
7.75 15.375 0.0
8.25 15.375 0.0
8.75 15.375 0.0
0.25 15.625 0.0
0.75 15.625 106440.52713
1.25 15.625 0.0
1.75 15.625 70960.3514203
2.25 15.625 35480.1757101
2.75 15.625 70960.3514203
3.25 15.625 35480.1757101
3.75 15.625 0.0
4.25 15.625 0.0
4.75 15.625 0.0
5.25 15.625 0.0
5.75 15.625 0.0
6.25 15.625 0.0
6.75 15.625 0.0
7.25 15.625 0.0
7.75 15.625 0.0
8.25 15.625 0.0
8.75 15.625 0.0
0.25 15.875 70960.3514203
0.75 15.875 35480.1757101
1.25 15.875 35480.1757101
1.75 15.875 0.0
2.25 15.875 70960.3514203
2.75 15.875 70960.3514203
3.25 15.875 0.0
3.75 15.875 35480.1757101
4.25 15.875 0.0
4.75 15.875 0.0
5.25 15.875 0.0
5.75 15.875 0.0
6.25 15.875 0.0
6.75 15.875 0.0
7.25 15.875 0.0
7.75 15.875 0.0
8.25 15.875 0.0
8.75 15.875 0.0
0.25 16.125 35480.1757101
0.75 16.125 0.0
1.25 16.125 35480.1757101
1.75 16.125 35480.1757101
2.25 16.125 35480.1757101
2.75 16.125 0.0
3.25 16.125 0.0
3.75 16.125 0.0
4.25 16.125 0.0
4.75 16.125 0.0
5.25 16.125 0.0
5.75 16.125 0.0
6.25 16.125 0.0
6.75 16.125 0.0
7.25 16.125 0.0
7.75 16.125 0.0
8.25 16.125 0.0
8.75 16.125 0.0
0.25 16.375 0.0
0.75 16.375 70960.3514203
1.25 16.375 0.0
1.75 16.375 0.0
2.25 16.375 70960.3514203
2.75 16.375 0.0
3.25 16.375 0.0
3.75 16.375 35480.1757101
4.25 16.375 0.0
4.75 16.375 0.0
5.25 16.375 0.0
5.75 16.375 0.0
6.25 16.375 0.0
6.75 16.375 0.0
7.25 16.375 0.0
7.75 16.375 0.0
8.25 16.375 0.0
8.75 16.375 0.0
0.25 16.625 0.0
0.75 16.625 0.0
1.25 16.625 35480.1757101
1.75 16.625 0.0
2.25 16.625 35480.1757101
2.75 16.625 0.0
3.25 16.625 35480.1757101
3.75 16.625 0.0
4.25 16.625 35480.1757101
4.75 16.625 0.0
5.25 16.625 0.0
5.75 16.625 0.0
6.25 16.625 0.0
6.75 16.625 0.0
7.25 16.625 0.0
7.75 16.625 0.0
8.25 16.625 0.0
8.75 16.625 0.0
0.25 16.875 35480.1757101
0.75 16.875 70960.3514203
1.25 16.875 70960.3514203
1.75 16.875 35480.1757101
2.25 16.875 70960.3514203
2.75 16.875 35480.1757101
3.25 16.875 0.0
3.75 16.875 0.0
4.25 16.875 0.0
4.75 16.875 0.0
5.25 16.875 0.0
5.75 16.875 0.0
6.25 16.875 0.0
6.75 16.875 0.0
7.25 16.875 0.0
7.75 16.875 0.0
8.25 16.875 0.0
8.75 16.875 0.0
0.25 17.125 70960.3514203
0.75 17.125 0.0
1.25 17.125 35480.1757101
1.75 17.125 0.0
2.25 17.125 0.0
2.75 17.125 0.0
3.25 17.125 35480.1757101
3.75 17.125 0.0
4.25 17.125 0.0
4.75 17.125 0.0
5.25 17.125 35480.1757101
5.75 17.125 0.0
6.25 17.125 0.0
6.75 17.125 0.0
7.25 17.125 0.0
7.75 17.125 0.0
8.25 17.125 0.0
8.75 17.125 0.0
0.25 17.375 0.0
0.75 17.375 35480.1757101
1.25 17.375 0.0
1.75 17.375 35480.1757101
2.25 17.375 0.0
2.75 17.375 0.0
3.25 17.375 0.0
3.75 17.375 0.0
4.25 17.375 35480.1757101
4.75 17.375 0.0
5.25 17.375 35480.1757101
5.75 17.375 0.0
6.25 17.375 0.0
6.75 17.375 0.0
7.25 17.375 0.0
7.75 17.375 0.0
8.25 17.375 0.0
8.75 17.375 0.0
0.25 17.625 35480.1757101
0.75 17.625 0.0
1.25 17.625 70960.3514203
1.75 17.625 0.0
2.25 17.625 0.0
2.75 17.625 35480.1757101
3.25 17.625 0.0
3.75 17.625 0.0
4.25 17.625 0.0
4.75 17.625 0.0
5.25 17.625 0.0
5.75 17.625 0.0
6.25 17.625 0.0
6.75 17.625 0.0
7.25 17.625 0.0
7.75 17.625 0.0
8.25 17.625 0.0
8.75 17.625 0.0
0.25 17.875 35480.1757101
0.75 17.875 35480.1757101
1.25 17.875 0.0
1.75 17.875 0.0
2.25 17.875 0.0
2.75 17.875 0.0
3.25 17.875 0.0
3.75 17.875 0.0
4.25 17.875 0.0
4.75 17.875 0.0
5.25 17.875 0.0
5.75 17.875 0.0
6.25 17.875 0.0
6.75 17.875 0.0
7.25 17.875 0.0
7.75 17.875 0.0
8.25 17.875 0.0
8.75 17.875 0.0
0.25 18.125 35480.1757101
0.75 18.125 35480.1757101
1.25 18.125 35480.1757101
1.75 18.125 35480.1757101
2.25 18.125 0.0
2.75 18.125 35480.1757101
3.25 18.125 35480.1757101
3.75 18.125 0.0
4.25 18.125 0.0
4.75 18.125 0.0
5.25 18.125 0.0
5.75 18.125 0.0
6.25 18.125 0.0
6.75 18.125 0.0
7.25 18.125 0.0
7.75 18.125 0.0
8.25 18.125 0.0
8.75 18.125 0.0
0.25 18.375 0.0
0.75 18.375 0.0
1.25 18.375 0.0
1.75 18.375 35480.1757101
2.25 18.375 35480.1757101
2.75 18.375 0.0
3.25 18.375 0.0
3.75 18.375 0.0
4.25 18.375 0.0
4.75 18.375 0.0
5.25 18.375 0.0
5.75 18.375 0.0
6.25 18.375 0.0
6.75 18.375 0.0
7.25 18.375 0.0
7.75 18.375 0.0
8.25 18.375 0.0
8.75 18.375 0.0
0.25 18.625 0.0
0.75 18.625 70960.3514203
1.25 18.625 0.0
1.75 18.625 35480.1757101
2.25 18.625 0.0
2.75 18.625 0.0
3.25 18.625 0.0
3.75 18.625 0.0
4.25 18.625 35480.1757101
4.75 18.625 0.0
5.25 18.625 0.0
5.75 18.625 0.0
6.25 18.625 0.0
6.75 18.625 0.0
7.25 18.625 0.0
7.75 18.625 0.0
8.25 18.625 0.0
8.75 18.625 0.0
0.25 18.875 0.0
0.75 18.875 35480.1757101
1.25 18.875 35480.1757101
1.75 18.875 35480.1757101
2.25 18.875 35480.1757101
2.75 18.875 0.0
3.25 18.875 0.0
3.75 18.875 0.0
4.25 18.875 0.0
4.75 18.875 0.0
5.25 18.875 0.0
5.75 18.875 0.0
6.25 18.875 0.0
6.75 18.875 0.0
7.25 18.875 0.0
7.75 18.875 0.0
8.25 18.875 0.0
8.75 18.875 0.0
0.25 19.125 35480.1757101
0.75 19.125 0.0
1.25 19.125 0.0
1.75 19.125 35480.1757101
2.25 19.125 0.0
2.75 19.125 0.0
3.25 19.125 35480.1757101
3.75 19.125 0.0
4.25 19.125 0.0
4.75 19.125 0.0
5.25 19.125 0.0
5.75 19.125 0.0
6.25 19.125 0.0
6.75 19.125 0.0
7.25 19.125 0.0
7.75 19.125 0.0
8.25 19.125 0.0
8.75 19.125 0.0
0.25 19.375 0.0
0.75 19.375 0.0
1.25 19.375 0.0
1.75 19.375 0.0
2.25 19.375 35480.1757101
2.75 19.375 0.0
3.25 19.375 0.0
3.75 19.375 0.0
4.25 19.375 0.0
4.75 19.375 0.0
5.25 19.375 0.0
5.75 19.375 0.0
6.25 19.375 0.0
6.75 19.375 0.0
7.25 19.375 0.0
7.75 19.375 0.0
8.25 19.375 0.0
8.75 19.375 0.0
0.25 19.625 0.0
0.75 19.625 0.0
1.25 19.625 35480.1757101
1.75 19.625 0.0
2.25 19.625 0.0
2.75 19.625 0.0
3.25 19.625 35480.1757101
3.75 19.625 0.0
4.25 19.625 35480.1757101
4.75 19.625 0.0
5.25 19.625 0.0
5.75 19.625 0.0
6.25 19.625 0.0
6.75 19.625 0.0
7.25 19.625 0.0
7.75 19.625 0.0
8.25 19.625 0.0
8.75 19.625 0.0
0.25 19.875 0.0
0.75 19.875 0.0
1.25 19.875 0.0
1.75 19.875 0.0
2.25 19.875 106440.52713
2.75 19.875 35480.1757101
3.25 19.875 0.0
3.75 19.875 0.0
4.25 19.875 0.0
4.75 19.875 0.0
5.25 19.875 0.0
5.75 19.875 0.0
6.25 19.875 0.0
6.75 19.875 0.0
7.25 19.875 0.0
7.75 19.875 0.0
8.25 19.875 0.0
8.75 19.875 0.0
0.25 20.125 0.0
0.75 20.125 0.0
1.25 20.125 0.0
1.75 20.125 0.0
2.25 20.125 0.0
2.75 20.125 0.0
3.25 20.125 35480.1757101
3.75 20.125 0.0
4.25 20.125 0.0
4.75 20.125 35480.1757101
5.25 20.125 0.0
5.75 20.125 0.0
6.25 20.125 0.0
6.75 20.125 0.0
7.25 20.125 0.0
7.75 20.125 0.0
8.25 20.125 0.0
8.75 20.125 0.0
0.25 20.375 0.0
0.75 20.375 0.0
1.25 20.375 35480.1757101
1.75 20.375 0.0
2.25 20.375 0.0
2.75 20.375 0.0
3.25 20.375 0.0
3.75 20.375 0.0
4.25 20.375 0.0
4.75 20.375 0.0
5.25 20.375 0.0
5.75 20.375 0.0
6.25 20.375 0.0
6.75 20.375 0.0
7.25 20.375 0.0
7.75 20.375 0.0
8.25 20.375 0.0
8.75 20.375 0.0
0.25 20.625 35480.1757101
0.75 20.625 35480.1757101
1.25 20.625 70960.3514203
1.75 20.625 0.0
2.25 20.625 0.0
2.75 20.625 0.0
3.25 20.625 0.0
3.75 20.625 0.0
4.25 20.625 0.0
4.75 20.625 0.0
5.25 20.625 0.0
5.75 20.625 0.0
6.25 20.625 0.0
6.75 20.625 0.0
7.25 20.625 0.0
7.75 20.625 0.0
8.25 20.625 0.0
8.75 20.625 0.0
0.25 20.875 0.0
0.75 20.875 35480.1757101
1.25 20.875 0.0
1.75 20.875 0.0
2.25 20.875 0.0
2.75 20.875 0.0
3.25 20.875 0.0
3.75 20.875 0.0
4.25 20.875 0.0
4.75 20.875 0.0
5.25 20.875 0.0
5.75 20.875 0.0
6.25 20.875 0.0
6.75 20.875 0.0
7.25 20.875 0.0
7.75 20.875 0.0
8.25 20.875 0.0
8.75 20.875 0.0
0.25 21.125 0.0
0.75 21.125 0.0
1.25 21.125 0.0
1.75 21.125 35480.1757101
2.25 21.125 0.0
2.75 21.125 0.0
3.25 21.125 0.0
3.75 21.125 0.0
4.25 21.125 0.0
4.75 21.125 0.0
5.25 21.125 0.0
5.75 21.125 0.0
6.25 21.125 0.0
6.75 21.125 0.0
7.25 21.125 0.0
7.75 21.125 0.0
8.25 21.125 0.0
8.75 21.125 0.0
0.25 21.375 0.0
0.75 21.375 0.0
1.25 21.375 0.0
1.75 21.375 35480.1757101
2.25 21.375 0.0
2.75 21.375 0.0
3.25 21.375 0.0
3.75 21.375 0.0
4.25 21.375 0.0
4.75 21.375 0.0
5.25 21.375 0.0
5.75 21.375 0.0
6.25 21.375 0.0
6.75 21.375 0.0
7.25 21.375 0.0
7.75 21.375 0.0
8.25 21.375 0.0
8.75 21.375 0.0
0.25 21.625 0.0
0.75 21.625 0.0
1.25 21.625 0.0
1.75 21.625 0.0
2.25 21.625 0.0
2.75 21.625 0.0
3.25 21.625 0.0
3.75 21.625 0.0
4.25 21.625 0.0
4.75 21.625 0.0
5.25 21.625 0.0
5.75 21.625 0.0
6.25 21.625 0.0
6.75 21.625 0.0
7.25 21.625 0.0
7.75 21.625 0.0
8.25 21.625 0.0
8.75 21.625 0.0
0.25 21.875 35480.1757101
0.75 21.875 0.0
1.25 21.875 0.0
1.75 21.875 0.0
2.25 21.875 35480.1757101
2.75 21.875 0.0
3.25 21.875 0.0
3.75 21.875 35480.1757101
4.25 21.875 0.0
4.75 21.875 0.0
5.25 21.875 0.0
5.75 21.875 0.0
6.25 21.875 0.0
6.75 21.875 0.0
7.25 21.875 0.0
7.75 21.875 0.0
8.25 21.875 0.0
8.75 21.875 0.0
0.25 22.125 35480.1757101
0.75 22.125 0.0
1.25 22.125 0.0
1.75 22.125 0.0
2.25 22.125 0.0
2.75 22.125 0.0
3.25 22.125 0.0
3.75 22.125 0.0
4.25 22.125 0.0
4.75 22.125 0.0
5.25 22.125 0.0
5.75 22.125 0.0
6.25 22.125 0.0
6.75 22.125 0.0
7.25 22.125 0.0
7.75 22.125 0.0
8.25 22.125 0.0
8.75 22.125 0.0
0.25 22.375 0.0
0.75 22.375 0.0
1.25 22.375 0.0
1.75 22.375 0.0
2.25 22.375 35480.1757101
2.75 22.375 0.0
3.25 22.375 0.0
3.75 22.375 0.0
4.25 22.375 0.0
4.75 22.375 0.0
5.25 22.375 0.0
5.75 22.375 0.0
6.25 22.375 0.0
6.75 22.375 0.0
7.25 22.375 0.0
7.75 22.375 0.0
8.25 22.375 0.0
8.75 22.375 0.0
0.25 22.625 0.0
0.75 22.625 0.0
1.25 22.625 0.0
1.75 22.625 0.0
2.25 22.625 0.0
2.75 22.625 35480.1757101
3.25 22.625 0.0
3.75 22.625 0.0
4.25 22.625 0.0
4.75 22.625 0.0
5.25 22.625 0.0
5.75 22.625 0.0
6.25 22.625 0.0
6.75 22.625 0.0
7.25 22.625 0.0
7.75 22.625 0.0
8.25 22.625 0.0
8.75 22.625 0.0
0.25 22.875 35480.1757101
0.75 22.875 35480.1757101
1.25 22.875 0.0
1.75 22.875 0.0
2.25 22.875 0.0
2.75 22.875 0.0
3.25 22.875 0.0
3.75 22.875 0.0
4.25 22.875 0.0
4.75 22.875 0.0
5.25 22.875 0.0
5.75 22.875 0.0
6.25 22.875 0.0
6.75 22.875 0.0
7.25 22.875 0.0
7.75 22.875 0.0
8.25 22.875 0.0
8.75 22.875 0.0
0.25 23.125 70960.3514203
0.75 23.125 0.0
1.25 23.125 0.0
1.75 23.125 0.0
2.25 23.125 35480.1757101
2.75 23.125 0.0
3.25 23.125 70960.3514203
3.75 23.125 0.0
4.25 23.125 0.0
4.75 23.125 0.0
5.25 23.125 0.0
5.75 23.125 0.0
6.25 23.125 0.0
6.75 23.125 0.0
7.25 23.125 0.0
7.75 23.125 0.0
8.25 23.125 0.0
8.75 23.125 0.0
0.25 23.375 0.0
0.75 23.375 35480.1757101
1.25 23.375 0.0
1.75 23.375 0.0
2.25 23.375 35480.1757101
2.75 23.375 0.0
3.25 23.375 0.0
3.75 23.375 0.0
4.25 23.375 0.0
4.75 23.375 0.0
5.25 23.375 0.0
5.75 23.375 0.0
6.25 23.375 0.0
6.75 23.375 0.0
7.25 23.375 0.0
7.75 23.375 0.0
8.25 23.375 0.0
8.75 23.375 0.0
0.25 23.625 0.0
0.75 23.625 0.0
1.25 23.625 0.0
1.75 23.625 0.0
2.25 23.625 0.0
2.75 23.625 0.0
3.25 23.625 0.0
3.75 23.625 0.0
4.25 23.625 0.0
4.75 23.625 0.0
5.25 23.625 0.0
5.75 23.625 0.0
6.25 23.625 0.0
6.75 23.625 0.0
7.25 23.625 0.0
7.75 23.625 0.0
8.25 23.625 0.0
8.75 23.625 0.0
0.25 23.875 0.0
0.75 23.875 35480.1757101
1.25 23.875 35480.1757101
1.75 23.875 0.0
2.25 23.875 0.0
2.75 23.875 0.0
3.25 23.875 0.0
3.75 23.875 0.0
4.25 23.875 0.0
4.75 23.875 0.0
5.25 23.875 0.0
5.75 23.875 0.0
6.25 23.875 0.0
6.75 23.875 0.0
7.25 23.875 0.0
7.75 23.875 0.0
8.25 23.875 0.0
8.75 23.875 0.0
0.25 24.125 0.0
0.75 24.125 0.0
1.25 24.125 0.0
1.75 24.125 0.0
2.25 24.125 0.0
2.75 24.125 0.0
3.25 24.125 0.0
3.75 24.125 0.0
4.25 24.125 0.0
4.75 24.125 0.0
5.25 24.125 0.0
5.75 24.125 0.0
6.25 24.125 0.0
6.75 24.125 0.0
7.25 24.125 0.0
7.75 24.125 0.0
8.25 24.125 0.0
8.75 24.125 0.0
0.25 24.375 0.0
0.75 24.375 0.0
1.25 24.375 0.0
1.75 24.375 0.0
2.25 24.375 0.0
2.75 24.375 35480.1757101
3.25 24.375 0.0
3.75 24.375 0.0
4.25 24.375 0.0
4.75 24.375 0.0
5.25 24.375 0.0
5.75 24.375 0.0
6.25 24.375 0.0
6.75 24.375 0.0
7.25 24.375 0.0
7.75 24.375 0.0
8.25 24.375 0.0
8.75 24.375 0.0
0.25 24.625 0.0
0.75 24.625 70960.3514203
1.25 24.625 0.0
1.75 24.625 0.0
2.25 24.625 35480.1757101
2.75 24.625 0.0
3.25 24.625 0.0
3.75 24.625 0.0
4.25 24.625 0.0
4.75 24.625 0.0
5.25 24.625 0.0
5.75 24.625 0.0
6.25 24.625 0.0
6.75 24.625 0.0
7.25 24.625 0.0
7.75 24.625 0.0
8.25 24.625 0.0
8.75 24.625 0.0
0.25 24.875 0.0
0.75 24.875 35480.1757101
1.25 24.875 0.0
1.75 24.875 0.0
2.25 24.875 0.0
2.75 24.875 0.0
3.25 24.875 0.0
3.75 24.875 0.0
4.25 24.875 0.0
4.75 24.875 0.0
5.25 24.875 0.0
5.75 24.875 0.0
6.25 24.875 0.0
6.75 24.875 0.0
7.25 24.875 0.0
7.75 24.875 0.0
8.25 24.875 0.0
8.75 24.875 0.0
0.25 25.125 0.0
0.75 25.125 0.0
1.25 25.125 35480.1757101
1.75 25.125 0.0
2.25 25.125 35480.1757101
2.75 25.125 0.0
3.25 25.125 0.0
3.75 25.125 0.0
4.25 25.125 0.0
4.75 25.125 0.0
5.25 25.125 0.0
5.75 25.125 0.0
6.25 25.125 0.0
6.75 25.125 0.0
7.25 25.125 0.0
7.75 25.125 0.0
8.25 25.125 0.0
8.75 25.125 0.0
0.25 25.375 35480.1757101
0.75 25.375 0.0
1.25 25.375 0.0
1.75 25.375 0.0
2.25 25.375 35480.1757101
2.75 25.375 0.0
3.25 25.375 0.0
3.75 25.375 0.0
4.25 25.375 0.0
4.75 25.375 0.0
5.25 25.375 0.0
5.75 25.375 0.0
6.25 25.375 0.0
6.75 25.375 0.0
7.25 25.375 0.0
7.75 25.375 0.0
8.25 25.375 0.0
8.75 25.375 0.0
0.25 25.625 0.0
0.75 25.625 0.0
1.25 25.625 35480.1757101
1.75 25.625 35480.1757101
2.25 25.625 0.0
2.75 25.625 0.0
3.25 25.625 0.0
3.75 25.625 0.0
4.25 25.625 0.0
4.75 25.625 0.0
5.25 25.625 0.0
5.75 25.625 0.0
6.25 25.625 0.0
6.75 25.625 0.0
7.25 25.625 0.0
7.75 25.625 0.0
8.25 25.625 0.0
8.75 25.625 0.0
0.25 25.875 0.0
0.75 25.875 0.0
1.25 25.875 0.0
1.75 25.875 0.0
2.25 25.875 0.0
2.75 25.875 0.0
3.25 25.875 0.0
3.75 25.875 0.0
4.25 25.875 0.0
4.75 25.875 0.0
5.25 25.875 0.0
5.75 25.875 0.0
6.25 25.875 0.0
6.75 25.875 0.0
7.25 25.875 0.0
7.75 25.875 0.0
8.25 25.875 0.0
8.75 25.875 0.0
0.25 26.125 0.0
0.75 26.125 0.0
1.25 26.125 0.0
1.75 26.125 0.0
2.25 26.125 0.0
2.75 26.125 0.0
3.25 26.125 0.0
3.75 26.125 0.0
4.25 26.125 0.0
4.75 26.125 0.0
5.25 26.125 0.0
5.75 26.125 0.0
6.25 26.125 0.0
6.75 26.125 0.0
7.25 26.125 0.0
7.75 26.125 0.0
8.25 26.125 0.0
8.75 26.125 0.0
0.25 26.375 0.0
0.75 26.375 0.0
1.25 26.375 0.0
1.75 26.375 0.0
2.25 26.375 0.0
2.75 26.375 0.0
3.25 26.375 0.0
3.75 26.375 0.0
4.25 26.375 0.0
4.75 26.375 0.0
5.25 26.375 0.0
5.75 26.375 0.0
6.25 26.375 0.0
6.75 26.375 0.0
7.25 26.375 0.0
7.75 26.375 0.0
8.25 26.375 0.0
8.75 26.375 0.0
0.25 26.625 0.0
0.75 26.625 0.0
1.25 26.625 0.0
1.75 26.625 0.0
2.25 26.625 0.0
2.75 26.625 0.0
3.25 26.625 0.0
3.75 26.625 0.0
4.25 26.625 0.0
4.75 26.625 0.0
5.25 26.625 0.0
5.75 26.625 0.0
6.25 26.625 0.0
6.75 26.625 0.0
7.25 26.625 0.0
7.75 26.625 0.0
8.25 26.625 0.0
8.75 26.625 0.0
0.25 26.875 0.0
0.75 26.875 35480.1757101
1.25 26.875 0.0
1.75 26.875 0.0
2.25 26.875 0.0
2.75 26.875 0.0
3.25 26.875 0.0
3.75 26.875 0.0
4.25 26.875 0.0
4.75 26.875 0.0
5.25 26.875 0.0
5.75 26.875 0.0
6.25 26.875 0.0
6.75 26.875 0.0
7.25 26.875 0.0
7.75 26.875 0.0
8.25 26.875 0.0
8.75 26.875 0.0
0.25 27.125 0.0
0.75 27.125 0.0
1.25 27.125 0.0
1.75 27.125 0.0
2.25 27.125 0.0
2.75 27.125 0.0
3.25 27.125 0.0
3.75 27.125 0.0
4.25 27.125 35480.1757101
4.75 27.125 0.0
5.25 27.125 0.0
5.75 27.125 0.0
6.25 27.125 0.0
6.75 27.125 0.0
7.25 27.125 0.0
7.75 27.125 0.0
8.25 27.125 0.0
8.75 27.125 0.0
0.25 27.375 0.0
0.75 27.375 0.0
1.25 27.375 0.0
1.75 27.375 0.0
2.25 27.375 0.0
2.75 27.375 0.0
3.25 27.375 35480.1757101
3.75 27.375 0.0
4.25 27.375 0.0
4.75 27.375 0.0
5.25 27.375 0.0
5.75 27.375 0.0
6.25 27.375 0.0
6.75 27.375 0.0
7.25 27.375 0.0
7.75 27.375 0.0
8.25 27.375 0.0
8.75 27.375 0.0
0.25 27.625 0.0
0.75 27.625 0.0
1.25 27.625 35480.1757101
1.75 27.625 0.0
2.25 27.625 0.0
2.75 27.625 0.0
3.25 27.625 0.0
3.75 27.625 0.0
4.25 27.625 0.0
4.75 27.625 0.0
5.25 27.625 0.0
5.75 27.625 0.0
6.25 27.625 0.0
6.75 27.625 0.0
7.25 27.625 0.0
7.75 27.625 0.0
8.25 27.625 0.0
8.75 27.625 0.0
0.25 27.875 0.0
0.75 27.875 0.0
1.25 27.875 0.0
1.75 27.875 0.0
2.25 27.875 0.0
2.75 27.875 0.0
3.25 27.875 0.0
3.75 27.875 0.0
4.25 27.875 0.0
4.75 27.875 0.0
5.25 27.875 0.0
5.75 27.875 0.0
6.25 27.875 0.0
6.75 27.875 0.0
7.25 27.875 0.0
7.75 27.875 0.0
8.25 27.875 0.0
8.75 27.875 0.0
0.25 28.125 0.0
0.75 28.125 0.0
1.25 28.125 0.0
1.75 28.125 0.0
2.25 28.125 0.0
2.75 28.125 0.0
3.25 28.125 0.0
3.75 28.125 0.0
4.25 28.125 0.0
4.75 28.125 0.0
5.25 28.125 0.0
5.75 28.125 0.0
6.25 28.125 0.0
6.75 28.125 0.0
7.25 28.125 0.0
7.75 28.125 0.0
8.25 28.125 0.0
8.75 28.125 0.0
0.25 28.375 0.0
0.75 28.375 0.0
1.25 28.375 0.0
1.75 28.375 0.0
2.25 28.375 0.0
2.75 28.375 0.0
3.25 28.375 0.0
3.75 28.375 0.0
4.25 28.375 0.0
4.75 28.375 0.0
5.25 28.375 0.0
5.75 28.375 0.0
6.25 28.375 0.0
6.75 28.375 0.0
7.25 28.375 0.0
7.75 28.375 0.0
8.25 28.375 0.0
8.75 28.375 0.0
0.25 28.625 35480.1757101
0.75 28.625 0.0
1.25 28.625 0.0
1.75 28.625 0.0
2.25 28.625 0.0
2.75 28.625 0.0
3.25 28.625 0.0
3.75 28.625 0.0
4.25 28.625 0.0
4.75 28.625 0.0
5.25 28.625 0.0
5.75 28.625 0.0
6.25 28.625 0.0
6.75 28.625 0.0
7.25 28.625 0.0
7.75 28.625 0.0
8.25 28.625 0.0
8.75 28.625 0.0
0.25 28.875 0.0
0.75 28.875 0.0
1.25 28.875 0.0
1.75 28.875 0.0
2.25 28.875 0.0
2.75 28.875 0.0
3.25 28.875 0.0
3.75 28.875 0.0
4.25 28.875 0.0
4.75 28.875 0.0
5.25 28.875 0.0
5.75 28.875 0.0
6.25 28.875 0.0
6.75 28.875 0.0
7.25 28.875 0.0
7.75 28.875 0.0
8.25 28.875 0.0
8.75 28.875 0.0
0.25 29.125 0.0
0.75 29.125 35480.1757101
1.25 29.125 0.0
1.75 29.125 0.0
2.25 29.125 35480.1757101
2.75 29.125 0.0
3.25 29.125 0.0
3.75 29.125 0.0
4.25 29.125 0.0
4.75 29.125 0.0
5.25 29.125 0.0
5.75 29.125 0.0
6.25 29.125 0.0
6.75 29.125 0.0
7.25 29.125 0.0
7.75 29.125 0.0
8.25 29.125 0.0
8.75 29.125 0.0
0.25 29.375 0.0
0.75 29.375 0.0
1.25 29.375 0.0
1.75 29.375 35480.1757101
2.25 29.375 35480.1757101
2.75 29.375 0.0
3.25 29.375 0.0
3.75 29.375 0.0
4.25 29.375 0.0
4.75 29.375 0.0
5.25 29.375 0.0
5.75 29.375 0.0
6.25 29.375 0.0
6.75 29.375 0.0
7.25 29.375 0.0
7.75 29.375 0.0
8.25 29.375 0.0
8.75 29.375 0.0
0.25 29.625 0.0
0.75 29.625 0.0
1.25 29.625 0.0
1.75 29.625 0.0
2.25 29.625 0.0
2.75 29.625 0.0
3.25 29.625 0.0
3.75 29.625 0.0
4.25 29.625 0.0
4.75 29.625 0.0
5.25 29.625 0.0
5.75 29.625 0.0
6.25 29.625 0.0
6.75 29.625 0.0
7.25 29.625 0.0
7.75 29.625 0.0
8.25 29.625 0.0
8.75 29.625 0.0
0.25 29.875 0.0
0.75 29.875 0.0
1.25 29.875 0.0
1.75 29.875 0.0
2.25 29.875 0.0
2.75 29.875 0.0
3.25 29.875 0.0
3.75 29.875 0.0
4.25 29.875 0.0
4.75 29.875 0.0
5.25 29.875 0.0
5.75 29.875 0.0
6.25 29.875 0.0
6.75 29.875 0.0
7.25 29.875 0.0
7.75 29.875 0.0
8.25 29.875 0.0
8.75 29.875 0.0
