0.25 0.125 3299656.34104
0.75 0.125 3264176.16533
1.25 0.125 2448132.124
1.75 0.125 2802933.8811
2.25 0.125 2909374.40823
2.75 0.125 2483612.29971
3.25 0.125 2696493.35397
3.75 0.125 3228695.98962
4.25 0.125 2731973.52968
4.75 0.125 3122255.46249
5.25 0.125 3441577.04388
5.75 0.125 2625533.00255
6.25 0.125 1951409.66406
6.75 0.125 1454687.20412
7.25 0.125 1028925.09559
7.75 0.125 425762.108522
8.25 0.125 0.0
8.75 0.125 0.0
0.25 0.375 7344396.372
0.75 0.375 7486317.07484
1.25 0.375 7166995.49345
1.75 0.375 7131515.31774
2.25 0.375 6457391.97925
2.75 0.375 7450836.89913
3.25 0.375 7166995.49345
3.75 0.375 7131515.31774
4.25 0.375 5747788.46504
4.75 0.375 7592757.60197
5.25 0.375 6776713.56064
5.75 0.375 6102590.22214
6.25 0.375 5747788.46504
6.75 0.375 4151180.55809
7.25 0.375 2873894.23252
7.75 0.375 674123.338493
8.25 0.375 106440.52713
8.75 0.375 0.0
0.25 0.625 10644052.713
0.75 0.625 10927894.1187
1.25 0.625 11389136.403
1.75 0.625 11034334.6459
2.25 0.625 9828008.67171
2.75 0.625 9898969.02313
3.25 0.625 9189365.50893
3.75 0.625 8941004.27896
4.25 0.625 9082924.9818
4.75 0.625 9686087.96887
5.25 0.625 8905524.10325
5.75 0.625 7166995.49345
6.25 0.625 6528352.33067
6.75 0.625 4967224.59942
7.25 0.625 3796378.80099
7.75 0.625 887004.392754
8.25 0.625 35480.1757101
8.75 0.625 0.0
0.25 0.875 15398396.2582
0.75 0.875 13624387.4727
1.25 0.875 12630942.5528
1.75 0.875 11460096.7544
2.25 0.875 12808343.4314
2.75 0.875 11602017.4572
3.25 0.875 11956819.2143
3.75 0.875 10573092.3616
4.25 0.875 11495576.9301
4.75 0.875 10218290.6045
5.25 0.875 10218290.6045
5.75 0.875 8266880.94046
6.25 0.875 6954114.43919
6.75 0.875 5499427.23507
7.25 0.875 3335136.51675
7.75 0.875 1064405.2713
8.25 0.875 70960.3514203
8.75 0.875 0.0
0.25 1.125 14759753.0954
0.75 1.125 14440431.514
1.25 1.125 13659867.6484
1.75 1.125 12808343.4314
2.25 1.125 12134220.0929
2.75 1.125 12843823.6071
3.25 1.125 11176255.3487
3.75 1.125 10431171.6588
4.25 1.125 9650607.79316
4.75 1.125 8195920.58904
5.25 1.125 8408801.6433
5.75 1.125 7131515.31774
6.25 1.125 5605867.7622
6.75 1.125 4505982.31519
7.25 1.125 2128810.54261
7.75 1.125 780563.865623
8.25 1.125 35480.1757101
8.75 1.125 0.0
0.25 1.375 11992299.39
0.75 1.375 11992299.39
1.25 1.375 11460096.7544
1.75 1.375 10785973.4159
2.25 1.375 9757048.32029
2.75 1.375 9721568.14458
3.25 1.375 9295806.03606
3.75 1.375 7628237.77768
4.25 1.375 8231400.76475
4.75 1.375 6918634.26348
5.25 1.375 6528352.33067
5.75 1.375 5251066.0051
6.25 1.375 4293101.26093
6.75 1.375 2696493.35397
7.25 1.375 1667568.25838
7.75 1.375 212881.054261
8.25 1.375 0.0
8.75 1.375 0.0
0.25 1.625 9898969.02313
0.75 1.625 9437726.7389
1.25 1.625 9366766.38748
1.75 1.625 8302361.11617
2.25 1.625 9047444.80609
2.75 1.625 8408801.6433
3.25 1.625 7983039.53478
3.75 1.625 6918634.26348
4.25 1.625 6599312.68209
4.75 1.625 5073665.12655
5.25 1.625 4044740.03096
5.75 1.625 3725418.44956
6.25 1.625 2341691.59687
6.75 1.625 1880449.31264
7.25 1.625 816044.041333
7.75 1.625 70960.3514203
8.25 1.625 0.0
8.75 1.625 0.0
0.25 1.875 7450836.89913
0.75 1.875 7273436.02058
1.25 1.875 6954114.43919
1.75 1.875 7344396.372
2.25 1.875 6741233.38493
2.75 1.875 7096035.14203
3.25 1.875 5499427.23507
3.75 1.875 5570387.58649
4.25 1.875 3831858.9767
4.75 1.875 3689938.27385
5.25 1.875 2483612.29971
5.75 1.875 2483612.29971
6.25 1.875 1561127.73125
6.75 1.875 1490167.37983
7.25 1.875 532202.635652
7.75 1.875 0.0
8.25 1.875 0.0
8.75 1.875 0.0
0.25 2.125 5038184.95084
0.75 2.125 5428466.88365
1.25 2.125 4967224.59942
1.75 2.125 5428466.88365
2.25 2.125 5322026.35652
2.75 2.125 4754343.54516
3.25 2.125 3973779.67954
3.75 2.125 3973779.67954
4.25 2.125 3725418.44956
4.75 2.125 2696493.35397
5.25 2.125 2057850.19119
5.75 2.125 1738528.6098
6.25 2.125 1241806.14985
6.75 2.125 674123.338493
7.25 2.125 319321.581391
7.75 2.125 0.0
8.25 2.125 0.0
8.75 2.125 0.0
0.25 2.375 4328581.43664
0.75 2.375 4009259.85525
1.25 2.375 4151180.55809
1.75 2.375 4754343.54516
2.25 2.375 4044740.03096
2.75 2.375 3583497.74672
3.25 2.375 3157735.6382
3.75 2.375 2554572.65113
4.25 2.375 2164290.71832
4.75 2.375 1774008.78551
5.25 2.375 2128810.54261
5.75 2.375 1241806.14985
6.25 2.375 993444.919884
6.75 2.375 496722.459942
7.25 2.375 106440.52713
7.75 2.375 0.0
8.25 2.375 0.0
8.75 2.375 0.0
0.25 2.625 3228695.98962
0.75 2.625 3548017.57101
1.25 2.625 3477057.21959
1.75 2.625 2838414.05681
2.25 2.625 3370616.69246
2.75 2.625 2944854.58394
3.25 2.625 2731973.52968
3.75 2.625 2235251.06974
4.25 2.625 1703048.43409
4.75 2.625 1241806.14985
5.25 2.625 1064405.2713
5.75 2.625 567682.811362
6.25 2.625 532202.635652
6.75 2.625 141920.702841
7.25 2.625 35480.1757101
7.75 2.625 0.0
8.25 2.625 0.0
8.75 2.625 0.0
0.25 2.875 2980334.75965
0.75 2.875 2838414.05681
1.25 2.875 2661013.17826
1.75 2.875 2661013.17826
2.25 2.875 2164290.71832
2.75 2.875 2057850.19119
3.25 2.875 1525647.55554
3.75 2.875 1880449.31264
4.25 2.875 1632088.08267
4.75 2.875 1135365.62272
5.25 2.875 816044.041333
5.75 2.875 638643.162783
6.25 2.875 177400.878551
6.75 2.875 106440.52713
7.25 2.875 35480.1757101
7.75 2.875 0.0
8.25 2.875 0.0
8.75 2.875 0.0
0.25 3.125 1774008.78551
0.75 3.125 2128810.54261
1.25 3.125 1986889.83977
1.75 3.125 1596607.90696
2.25 3.125 1809488.96122
2.75 3.125 1809488.96122
3.25 3.125 1738528.6098
3.75 3.125 1206325.97414
4.25 3.125 957964.744174
4.75 3.125 957964.744174
5.25 3.125 674123.338493
5.75 3.125 390281.932812
6.25 3.125 283841.405681
6.75 3.125 212881.054261
7.25 3.125 0.0
7.75 3.125 0.0
8.25 3.125 0.0
8.75 3.125 0.0
0.25 3.375 1738528.6098
0.75 3.375 1809488.96122
1.25 3.375 1419207.02841
1.75 3.375 1738528.6098
2.25 3.375 1844969.13693
2.75 3.375 1241806.14985
3.25 3.375 1383726.8527
3.75 3.375 851524.217043
4.25 3.375 780563.865623
4.75 3.375 603162.987072
5.25 3.375 106440.52713
5.75 3.375 177400.878551
6.25 3.375 283841.405681
6.75 3.375 35480.1757101
7.25 3.375 0.0
7.75 3.375 0.0
8.25 3.375 0.0
8.75 3.375 0.0
0.25 3.625 1312766.50128
0.75 3.625 1419207.02841
1.25 3.625 1206325.97414
1.75 3.625 1419207.02841
2.25 3.625 1348246.67699
2.75 3.625 851524.217043
3.25 3.625 887004.392754
3.75 3.625 709603.514203
4.25 3.625 496722.459942
4.75 3.625 532202.635652
5.25 3.625 319321.581391
5.75 3.625 212881.054261
6.25 3.625 141920.702841
6.75 3.625 0.0
7.25 3.625 0.0
7.75 3.625 0.0
8.25 3.625 0.0
8.75 3.625 0.0
0.25 3.875 887004.392754
0.75 3.875 1099885.44701
1.25 3.875 1241806.14985
1.75 3.875 1170845.79843
2.25 3.875 603162.987072
2.75 3.875 851524.217043
3.25 3.875 745083.689913
3.75 3.875 425762.108522
4.25 3.875 638643.162783
4.75 3.875 212881.054261
5.25 3.875 177400.878551
5.75 3.875 141920.702841
6.25 3.875 70960.3514203
6.75 3.875 0.0
7.25 3.875 0.0
7.75 3.875 0.0
8.25 3.875 0.0
8.75 3.875 0.0
0.25 4.125 780563.865623
0.75 4.125 1135365.62272
1.25 4.125 993444.919884
1.75 4.125 993444.919884
2.25 4.125 567682.811362
2.75 4.125 816044.041333
3.25 4.125 709603.514203
3.75 4.125 532202.635652
4.25 4.125 496722.459942
4.75 4.125 106440.52713
5.25 4.125 177400.878551
5.75 4.125 212881.054261
6.25 4.125 177400.878551
6.75 4.125 0.0
7.25 4.125 0.0
7.75 4.125 0.0
8.25 4.125 0.0
8.75 4.125 0.0
0.25 4.375 709603.514203
0.75 4.375 603162.987072
1.25 4.375 709603.514203
1.75 4.375 532202.635652
2.25 4.375 887004.392754
2.75 4.375 638643.162783
3.25 4.375 354801.757101
3.75 4.375 248361.229971
4.25 4.375 283841.405681
4.75 4.375 212881.054261
5.25 4.375 70960.3514203
5.75 4.375 106440.52713
6.25 4.375 70960.3514203
6.75 4.375 35480.1757101
7.25 4.375 0.0
7.75 4.375 0.0
8.25 4.375 0.0
8.75 4.375 0.0
0.25 4.625 816044.041333
0.75 4.625 887004.392754
1.25 4.625 496722.459942
1.75 4.625 532202.635652
2.25 4.625 390281.932812
2.75 4.625 532202.635652
3.25 4.625 425762.108522
3.75 4.625 283841.405681
4.25 4.625 283841.405681
4.75 4.625 248361.229971
5.25 4.625 70960.3514203
5.75 4.625 70960.3514203
6.25 4.625 0.0
6.75 4.625 0.0
7.25 4.625 0.0
7.75 4.625 0.0
8.25 4.625 0.0
8.75 4.625 0.0
0.25 4.875 283841.405681
0.75 4.875 638643.162783
1.25 4.875 461242.284232
1.75 4.875 851524.217043
2.25 4.875 390281.932812
2.75 4.875 390281.932812
3.25 4.875 141920.702841
3.75 4.875 177400.878551
4.25 4.875 106440.52713
4.75 4.875 283841.405681
5.25 4.875 70960.3514203
5.75 4.875 70960.3514203
6.25 4.875 35480.1757101
6.75 4.875 0.0
7.25 4.875 0.0
7.75 4.875 0.0
8.25 4.875 0.0
8.75 4.875 0.0
0.25 5.125 390281.932812
0.75 5.125 532202.635652
1.25 5.125 354801.757101
1.75 5.125 390281.932812
2.25 5.125 354801.757101
2.75 5.125 461242.284232
3.25 5.125 141920.702841
3.75 5.125 283841.405681
4.25 5.125 177400.878551
4.75 5.125 141920.702841
5.25 5.125 70960.3514203
5.75 5.125 106440.52713
6.25 5.125 35480.1757101
6.75 5.125 0.0
7.25 5.125 0.0
7.75 5.125 0.0
8.25 5.125 0.0
8.75 5.125 0.0
0.25 5.375 212881.054261
0.75 5.375 177400.878551
1.25 5.375 425762.108522
1.75 5.375 390281.932812
2.25 5.375 319321.581391
2.75 5.375 319321.581391
3.25 5.375 248361.229971
3.75 5.375 141920.702841
4.25 5.375 141920.702841
4.75 5.375 70960.3514203
5.25 5.375 70960.3514203
5.75 5.375 35480.1757101
6.25 5.375 0.0
6.75 5.375 0.0
7.25 5.375 0.0
7.75 5.375 0.0
8.25 5.375 0.0
8.75 5.375 0.0
0.25 5.625 248361.229971
0.75 5.625 283841.405681
1.25 5.625 319321.581391
1.75 5.625 177400.878551
2.25 5.625 390281.932812
2.75 5.625 283841.405681
3.25 5.625 248361.229971
3.75 5.625 0.0
4.25 5.625 177400.878551
4.75 5.625 212881.054261
5.25 5.625 35480.1757101
5.75 5.625 0.0
6.25 5.625 0.0
6.75 5.625 0.0
7.25 5.625 0.0
7.75 5.625 0.0
8.25 5.625 0.0
8.75 5.625 0.0
0.25 5.875 106440.52713
0.75 5.875 141920.702841
1.25 5.875 141920.702841
1.75 5.875 70960.3514203
2.25 5.875 248361.229971
2.75 5.875 106440.52713
3.25 5.875 283841.405681
3.75 5.875 35480.1757101
4.25 5.875 35480.1757101
4.75 5.875 0.0
5.25 5.875 106440.52713
5.75 5.875 35480.1757101
6.25 5.875 0.0
6.75 5.875 0.0
7.25 5.875 0.0
7.75 5.875 0.0
8.25 5.875 0.0
8.75 5.875 0.0
0.25 6.125 283841.405681
0.75 6.125 141920.702841
1.25 6.125 212881.054261
1.75 6.125 141920.702841
2.25 6.125 106440.52713
2.75 6.125 177400.878551
3.25 6.125 212881.054261
3.75 6.125 177400.878551
4.25 6.125 0.0
4.75 6.125 70960.3514203
5.25 6.125 70960.3514203
5.75 6.125 0.0
6.25 6.125 0.0
6.75 6.125 0.0
7.25 6.125 0.0
7.75 6.125 0.0
8.25 6.125 0.0
8.75 6.125 0.0
0.25 6.375 141920.702841
0.75 6.375 35480.1757101
1.25 6.375 106440.52713
1.75 6.375 283841.405681
2.25 6.375 248361.229971
2.75 6.375 248361.229971
3.25 6.375 283841.405681
3.75 6.375 177400.878551
4.25 6.375 106440.52713
4.75 6.375 0.0
5.25 6.375 0.0
5.75 6.375 35480.1757101
6.25 6.375 0.0
6.75 6.375 0.0
7.25 6.375 0.0
7.75 6.375 0.0
8.25 6.375 0.0
8.75 6.375 0.0
0.25 6.625 319321.581391
0.75 6.625 177400.878551
1.25 6.625 70960.3514203
1.75 6.625 106440.52713
2.25 6.625 141920.702841
2.75 6.625 283841.405681
3.25 6.625 141920.702841
3.75 6.625 35480.1757101
4.25 6.625 35480.1757101
4.75 6.625 35480.1757101
5.25 6.625 0.0
5.75 6.625 0.0
6.25 6.625 0.0
6.75 6.625 0.0
7.25 6.625 0.0
7.75 6.625 0.0
8.25 6.625 0.0
8.75 6.625 0.0
0.25 6.875 177400.878551
0.75 6.875 70960.3514203
1.25 6.875 141920.702841
1.75 6.875 70960.3514203
2.25 6.875 106440.52713
2.75 6.875 106440.52713
3.25 6.875 106440.52713
3.75 6.875 0.0
4.25 6.875 70960.3514203
4.75 6.875 0.0
5.25 6.875 0.0
5.75 6.875 0.0
6.25 6.875 0.0
6.75 6.875 0.0
7.25 6.875 0.0
7.75 6.875 0.0
8.25 6.875 0.0
8.75 6.875 0.0
0.25 7.125 35480.1757101
0.75 7.125 212881.054261
1.25 7.125 141920.702841
1.75 7.125 141920.702841
2.25 7.125 0.0
2.75 7.125 35480.1757101
3.25 7.125 70960.3514203
3.75 7.125 35480.1757101
4.25 7.125 35480.1757101
4.75 7.125 0.0
5.25 7.125 0.0
5.75 7.125 0.0
6.25 7.125 35480.1757101
6.75 7.125 0.0
7.25 7.125 0.0
7.75 7.125 0.0
8.25 7.125 0.0
8.75 7.125 0.0
0.25 7.375 106440.52713
0.75 7.375 70960.3514203
1.25 7.375 141920.702841
1.75 7.375 106440.52713
2.25 7.375 35480.1757101
2.75 7.375 70960.3514203
3.25 7.375 106440.52713
3.75 7.375 0.0
4.25 7.375 35480.1757101
4.75 7.375 0.0
5.25 7.375 0.0
5.75 7.375 0.0
6.25 7.375 0.0
6.75 7.375 0.0
7.25 7.375 0.0
7.75 7.375 0.0
8.25 7.375 0.0
8.75 7.375 0.0
0.25 7.625 0.0
0.75 7.625 106440.52713
1.25 7.625 70960.3514203
1.75 7.625 212881.054261
2.25 7.625 106440.52713
2.75 7.625 35480.1757101
3.25 7.625 0.0
3.75 7.625 70960.3514203
4.25 7.625 141920.702841
4.75 7.625 0.0
5.25 7.625 0.0
5.75 7.625 0.0
6.25 7.625 0.0
6.75 7.625 0.0
7.25 7.625 0.0
7.75 7.625 0.0
8.25 7.625 0.0
8.75 7.625 0.0
0.25 7.875 106440.52713
0.75 7.875 141920.702841
1.25 7.875 35480.1757101
1.75 7.875 106440.52713
2.25 7.875 106440.52713
2.75 7.875 0.0
3.25 7.875 0.0
3.75 7.875 35480.1757101
4.25 7.875 0.0
4.75 7.875 70960.3514203
5.25 7.875 0.0
5.75 7.875 0.0
6.25 7.875 0.0
6.75 7.875 0.0
7.25 7.875 0.0
7.75 7.875 0.0
8.25 7.875 0.0
8.75 7.875 0.0
0.25 8.125 35480.1757101
0.75 8.125 35480.1757101
1.25 8.125 35480.1757101
1.75 8.125 35480.1757101
2.25 8.125 106440.52713
2.75 8.125 35480.1757101
3.25 8.125 35480.1757101
3.75 8.125 0.0
4.25 8.125 35480.1757101
4.75 8.125 0.0
5.25 8.125 0.0
5.75 8.125 0.0
6.25 8.125 0.0
6.75 8.125 0.0
7.25 8.125 0.0
7.75 8.125 0.0
8.25 8.125 0.0
8.75 8.125 0.0
0.25 8.375 35480.1757101
0.75 8.375 141920.702841
1.25 8.375 106440.52713
1.75 8.375 141920.702841
2.25 8.375 0.0
2.75 8.375 0.0
3.25 8.375 0.0
3.75 8.375 35480.1757101
4.25 8.375 35480.1757101
4.75 8.375 0.0
5.25 8.375 0.0
5.75 8.375 0.0
6.25 8.375 0.0
6.75 8.375 0.0
7.25 8.375 0.0
7.75 8.375 0.0
8.25 8.375 0.0
8.75 8.375 0.0
0.25 8.625 0.0
0.75 8.625 35480.1757101
1.25 8.625 0.0
1.75 8.625 35480.1757101
2.25 8.625 70960.3514203
2.75 8.625 35480.1757101
3.25 8.625 0.0
3.75 8.625 35480.1757101
4.25 8.625 35480.1757101
4.75 8.625 35480.1757101
5.25 8.625 0.0
5.75 8.625 0.0
6.25 8.625 0.0
6.75 8.625 0.0
7.25 8.625 0.0
7.75 8.625 0.0
8.25 8.625 0.0
8.75 8.625 0.0
0.25 8.875 0.0
0.75 8.875 70960.3514203
1.25 8.875 0.0
1.75 8.875 0.0
2.25 8.875 35480.1757101
2.75 8.875 106440.52713
3.25 8.875 35480.1757101
3.75 8.875 0.0
4.25 8.875 0.0
4.75 8.875 0.0
5.25 8.875 0.0
5.75 8.875 0.0
6.25 8.875 0.0
6.75 8.875 0.0
7.25 8.875 0.0
7.75 8.875 0.0
8.25 8.875 0.0
8.75 8.875 0.0
0.25 9.125 106440.52713
0.75 9.125 0.0
1.25 9.125 35480.1757101
1.75 9.125 0.0
2.25 9.125 35480.1757101
2.75 9.125 0.0
3.25 9.125 35480.1757101
3.75 9.125 0.0
4.25 9.125 0.0
4.75 9.125 0.0
5.25 9.125 0.0
5.75 9.125 0.0
6.25 9.125 0.0
6.75 9.125 0.0
7.25 9.125 0.0
7.75 9.125 0.0
8.25 9.125 0.0
8.75 9.125 0.0
0.25 9.375 0.0
0.75 9.375 0.0
1.25 9.375 70960.3514203
1.75 9.375 0.0
2.25 9.375 70960.3514203
2.75 9.375 106440.52713
3.25 9.375 35480.1757101
3.75 9.375 35480.1757101
4.25 9.375 0.0
4.75 9.375 0.0
5.25 9.375 0.0
5.75 9.375 0.0
6.25 9.375 0.0
6.75 9.375 0.0
7.25 9.375 0.0
7.75 9.375 0.0
8.25 9.375 0.0
8.75 9.375 0.0
0.25 9.625 35480.1757101
0.75 9.625 35480.1757101
1.25 9.625 0.0
1.75 9.625 70960.3514203
2.25 9.625 106440.52713
2.75 9.625 0.0
3.25 9.625 35480.1757101
3.75 9.625 35480.1757101
4.25 9.625 0.0
4.75 9.625 35480.1757101
5.25 9.625 0.0
5.75 9.625 0.0
6.25 9.625 0.0
6.75 9.625 0.0
7.25 9.625 0.0
7.75 9.625 0.0
8.25 9.625 0.0
8.75 9.625 0.0
0.25 9.875 0.0
0.75 9.875 141920.702841
1.25 9.875 0.0
1.75 9.875 0.0
2.25 9.875 0.0
2.75 9.875 0.0
3.25 9.875 35480.1757101
3.75 9.875 35480.1757101
4.25 9.875 0.0
4.75 9.875 0.0
5.25 9.875 0.0
5.75 9.875 0.0
6.25 9.875 0.0
6.75 9.875 0.0
7.25 9.875 0.0
7.75 9.875 0.0
8.25 9.875 0.0
8.75 9.875 0.0
0.25 10.125 106440.52713
0.75 10.125 35480.1757101
1.25 10.125 0.0
1.75 10.125 35480.1757101
2.25 10.125 0.0
2.75 10.125 35480.1757101
3.25 10.125 0.0
3.75 10.125 0.0
4.25 10.125 0.0
4.75 10.125 0.0
5.25 10.125 0.0
5.75 10.125 0.0
6.25 10.125 0.0
6.75 10.125 0.0
7.25 10.125 0.0
7.75 10.125 0.0
8.25 10.125 0.0
8.75 10.125 0.0
0.25 10.375 0.0
0.75 10.375 0.0
1.25 10.375 35480.1757101
1.75 10.375 0.0
2.25 10.375 106440.52713
2.75 10.375 35480.1757101
3.25 10.375 0.0
3.75 10.375 0.0
4.25 10.375 0.0
4.75 10.375 35480.1757101
5.25 10.375 0.0
5.75 10.375 0.0
6.25 10.375 0.0
6.75 10.375 0.0
7.25 10.375 0.0
7.75 10.375 0.0
8.25 10.375 0.0
8.75 10.375 0.0
0.25 10.625 35480.1757101
0.75 10.625 0.0
1.25 10.625 35480.1757101
1.75 10.625 35480.1757101
2.25 10.625 35480.1757101
2.75 10.625 0.0
3.25 10.625 35480.1757101
3.75 10.625 0.0
4.25 10.625 0.0
4.75 10.625 0.0
5.25 10.625 35480.1757101
5.75 10.625 0.0
6.25 10.625 0.0
6.75 10.625 0.0
7.25 10.625 0.0
7.75 10.625 0.0
8.25 10.625 0.0
8.75 10.625 0.0
0.25 10.875 0.0
0.75 10.875 0.0
1.25 10.875 0.0
1.75 10.875 0.0
2.25 10.875 0.0
2.75 10.875 0.0
3.25 10.875 0.0
3.75 10.875 0.0
4.25 10.875 0.0
4.75 10.875 0.0
5.25 10.875 0.0
5.75 10.875 0.0
6.25 10.875 0.0
6.75 10.875 0.0
7.25 10.875 0.0
7.75 10.875 0.0
8.25 10.875 0.0
8.75 10.875 0.0
0.25 11.125 35480.1757101
0.75 11.125 70960.3514203
1.25 11.125 0.0
1.75 11.125 70960.3514203
2.25 11.125 0.0
2.75 11.125 0.0
3.25 11.125 35480.1757101
3.75 11.125 35480.1757101
4.25 11.125 0.0
4.75 11.125 0.0
5.25 11.125 0.0
5.75 11.125 0.0
6.25 11.125 0.0
6.75 11.125 0.0
7.25 11.125 0.0
7.75 11.125 0.0
8.25 11.125 0.0
8.75 11.125 0.0
0.25 11.375 0.0
0.75 11.375 0.0
1.25 11.375 0.0
1.75 11.375 35480.1757101
2.25 11.375 0.0
2.75 11.375 0.0
3.25 11.375 0.0
3.75 11.375 0.0
4.25 11.375 35480.1757101
4.75 11.375 0.0
5.25 11.375 0.0
5.75 11.375 0.0
6.25 11.375 0.0
6.75 11.375 0.0
7.25 11.375 0.0
7.75 11.375 0.0
8.25 11.375 0.0
8.75 11.375 0.0
0.25 11.625 35480.1757101
0.75 11.625 0.0
1.25 11.625 0.0
1.75 11.625 0.0
2.25 11.625 35480.1757101
2.75 11.625 70960.3514203
3.25 11.625 0.0
3.75 11.625 35480.1757101
4.25 11.625 0.0
4.75 11.625 0.0
5.25 11.625 35480.1757101
5.75 11.625 0.0
6.25 11.625 0.0
6.75 11.625 0.0
7.25 11.625 0.0
7.75 11.625 0.0
8.25 11.625 0.0
8.75 11.625 0.0
0.25 11.875 0.0
0.75 11.875 35480.1757101
1.25 11.875 35480.1757101
1.75 11.875 35480.1757101
2.25 11.875 0.0
2.75 11.875 35480.1757101
3.25 11.875 0.0
3.75 11.875 0.0
4.25 11.875 0.0
4.75 11.875 0.0
5.25 11.875 0.0
5.75 11.875 0.0
6.25 11.875 0.0
6.75 11.875 0.0
7.25 11.875 0.0
7.75 11.875 0.0
8.25 11.875 0.0
8.75 11.875 0.0
0.25 12.125 35480.1757101
0.75 12.125 0.0
1.25 12.125 0.0
1.75 12.125 35480.1757101
2.25 12.125 0.0
2.75 12.125 0.0
3.25 12.125 0.0
3.75 12.125 0.0
4.25 12.125 0.0
4.75 12.125 0.0
5.25 12.125 0.0
5.75 12.125 0.0
6.25 12.125 0.0
6.75 12.125 0.0
7.25 12.125 0.0
7.75 12.125 0.0
8.25 12.125 0.0
8.75 12.125 0.0
0.25 12.375 70960.3514203
0.75 12.375 35480.1757101
1.25 12.375 70960.3514203
1.75 12.375 0.0
2.25 12.375 0.0
2.75 12.375 0.0
3.25 12.375 0.0
3.75 12.375 0.0
4.25 12.375 0.0
4.75 12.375 35480.1757101
5.25 12.375 0.0
5.75 12.375 0.0
6.25 12.375 0.0
6.75 12.375 0.0
7.25 12.375 0.0
7.75 12.375 0.0
8.25 12.375 0.0
8.75 12.375 0.0
0.25 12.625 0.0
0.75 12.625 0.0
1.25 12.625 35480.1757101
1.75 12.625 35480.1757101
2.25 12.625 0.0
2.75 12.625 0.0
3.25 12.625 0.0
3.75 12.625 0.0
4.25 12.625 0.0
4.75 12.625 0.0
5.25 12.625 0.0
5.75 12.625 0.0
6.25 12.625 0.0
6.75 12.625 0.0
7.25 12.625 0.0
7.75 12.625 0.0
8.25 12.625 0.0
8.75 12.625 0.0
0.25 12.875 0.0
0.75 12.875 0.0
1.25 12.875 35480.1757101
1.75 12.875 35480.1757101
2.25 12.875 0.0
2.75 12.875 0.0
3.25 12.875 0.0
3.75 12.875 0.0
4.25 12.875 0.0
4.75 12.875 0.0
5.25 12.875 0.0
5.75 12.875 0.0
6.25 12.875 0.0
6.75 12.875 0.0
7.25 12.875 0.0
7.75 12.875 0.0
8.25 12.875 0.0
8.75 12.875 0.0
0.25 13.125 0.0
0.75 13.125 0.0
1.25 13.125 35480.1757101
1.75 13.125 0.0
2.25 13.125 0.0
2.75 13.125 0.0
3.25 13.125 0.0
3.75 13.125 0.0
4.25 13.125 0.0
4.75 13.125 0.0
5.25 13.125 0.0
5.75 13.125 0.0
6.25 13.125 0.0
6.75 13.125 0.0
7.25 13.125 0.0
7.75 13.125 0.0
8.25 13.125 0.0
8.75 13.125 0.0
0.25 13.375 0.0
0.75 13.375 0.0
1.25 13.375 0.0
1.75 13.375 70960.3514203
2.25 13.375 35480.1757101
2.75 13.375 0.0
3.25 13.375 0.0
3.75 13.375 0.0
4.25 13.375 0.0
4.75 13.375 0.0
5.25 13.375 0.0
5.75 13.375 0.0
6.25 13.375 0.0
6.75 13.375 0.0
7.25 13.375 0.0
7.75 13.375 0.0
8.25 13.375 0.0
8.75 13.375 0.0
0.25 13.625 35480.1757101
0.75 13.625 0.0
1.25 13.625 0.0
1.75 13.625 0.0
2.25 13.625 0.0
2.75 13.625 0.0
3.25 13.625 0.0
3.75 13.625 0.0
4.25 13.625 0.0
4.75 13.625 0.0
5.25 13.625 0.0
5.75 13.625 0.0
6.25 13.625 0.0
6.75 13.625 0.0
7.25 13.625 0.0
7.75 13.625 0.0
8.25 13.625 0.0
8.75 13.625 0.0
0.25 13.875 35480.1757101
0.75 13.875 35480.1757101
1.25 13.875 0.0
1.75 13.875 0.0
2.25 13.875 0.0
2.75 13.875 0.0
3.25 13.875 0.0
3.75 13.875 0.0
4.25 13.875 0.0
4.75 13.875 0.0
5.25 13.875 0.0
5.75 13.875 0.0
6.25 13.875 0.0
6.75 13.875 0.0
7.25 13.875 0.0
7.75 13.875 0.0
8.25 13.875 0.0
8.75 13.875 0.0
0.25 14.125 0.0
0.75 14.125 35480.1757101
1.25 14.125 0.0
1.75 14.125 35480.1757101
2.25 14.125 35480.1757101
2.75 14.125 0.0
3.25 14.125 0.0
3.75 14.125 0.0
4.25 14.125 0.0
4.75 14.125 0.0
5.25 14.125 0.0
5.75 14.125 0.0
6.25 14.125 0.0
6.75 14.125 0.0
7.25 14.125 0.0
7.75 14.125 0.0
8.25 14.125 0.0
8.75 14.125 0.0
0.25 14.375 0.0
0.75 14.375 0.0
1.25 14.375 0.0
1.75 14.375 0.0
2.25 14.375 0.0
2.75 14.375 0.0
3.25 14.375 0.0
3.75 14.375 35480.1757101
4.25 14.375 0.0
4.75 14.375 0.0
5.25 14.375 0.0
5.75 14.375 0.0
6.25 14.375 0.0
6.75 14.375 0.0
7.25 14.375 0.0
7.75 14.375 0.0
8.25 14.375 0.0
8.75 14.375 0.0
0.25 14.625 0.0
0.75 14.625 0.0
1.25 14.625 0.0
1.75 14.625 0.0
2.25 14.625 0.0
2.75 14.625 0.0
3.25 14.625 0.0
3.75 14.625 0.0
4.25 14.625 35480.1757101
4.75 14.625 0.0
5.25 14.625 0.0
5.75 14.625 0.0
6.25 14.625 0.0
6.75 14.625 0.0
7.25 14.625 0.0
7.75 14.625 0.0
8.25 14.625 0.0
8.75 14.625 0.0
0.25 14.875 0.0
0.75 14.875 0.0
1.25 14.875 0.0
1.75 14.875 0.0
2.25 14.875 0.0
2.75 14.875 0.0
3.25 14.875 0.0
3.75 14.875 0.0
4.25 14.875 0.0
4.75 14.875 0.0
5.25 14.875 0.0
5.75 14.875 0.0
6.25 14.875 0.0
6.75 14.875 0.0
7.25 14.875 0.0
7.75 14.875 0.0
8.25 14.875 0.0
8.75 14.875 0.0
0.25 15.125 0.0
0.75 15.125 0.0
1.25 15.125 0.0
1.75 15.125 0.0
2.25 15.125 0.0
2.75 15.125 0.0
3.25 15.125 0.0
3.75 15.125 0.0
4.25 15.125 0.0
4.75 15.125 0.0
5.25 15.125 0.0
5.75 15.125 0.0
6.25 15.125 0.0
6.75 15.125 0.0
7.25 15.125 0.0
7.75 15.125 0.0
8.25 15.125 0.0
8.75 15.125 0.0
0.25 15.375 0.0
0.75 15.375 0.0
1.25 15.375 0.0
1.75 15.375 0.0
2.25 15.375 0.0
2.75 15.375 0.0
3.25 15.375 0.0
3.75 15.375 0.0
4.25 15.375 0.0
4.75 15.375 0.0
5.25 15.375 0.0
5.75 15.375 0.0
6.25 15.375 0.0
6.75 15.375 0.0
7.25 15.375 0.0
7.75 15.375 0.0
8.25 15.375 0.0
8.75 15.375 0.0
0.25 15.625 0.0
0.75 15.625 0.0
1.25 15.625 0.0
1.75 15.625 0.0
2.25 15.625 0.0
2.75 15.625 0.0
3.25 15.625 0.0
3.75 15.625 0.0
4.25 15.625 0.0
4.75 15.625 0.0
5.25 15.625 0.0
5.75 15.625 0.0
6.25 15.625 0.0
6.75 15.625 0.0
7.25 15.625 0.0
7.75 15.625 0.0
8.25 15.625 0.0
8.75 15.625 0.0
0.25 15.875 0.0
0.75 15.875 0.0
1.25 15.875 0.0
1.75 15.875 0.0
2.25 15.875 0.0
2.75 15.875 0.0
3.25 15.875 0.0
3.75 15.875 0.0
4.25 15.875 0.0
4.75 15.875 0.0
5.25 15.875 0.0
5.75 15.875 0.0
6.25 15.875 0.0
6.75 15.875 0.0
7.25 15.875 0.0
7.75 15.875 0.0
8.25 15.875 0.0
8.75 15.875 0.0
0.25 16.125 35480.1757101
0.75 16.125 0.0
1.25 16.125 0.0
1.75 16.125 0.0
2.25 16.125 0.0
2.75 16.125 0.0
3.25 16.125 0.0
3.75 16.125 0.0
4.25 16.125 0.0
4.75 16.125 0.0
5.25 16.125 0.0
5.75 16.125 0.0
6.25 16.125 0.0
6.75 16.125 0.0
7.25 16.125 0.0
7.75 16.125 0.0
8.25 16.125 0.0
8.75 16.125 0.0
0.25 16.375 0.0
0.75 16.375 0.0
1.25 16.375 0.0
1.75 16.375 0.0
2.25 16.375 0.0
2.75 16.375 0.0
3.25 16.375 0.0
3.75 16.375 0.0
4.25 16.375 0.0
4.75 16.375 0.0
5.25 16.375 0.0
5.75 16.375 0.0
6.25 16.375 0.0
6.75 16.375 0.0
7.25 16.375 0.0
7.75 16.375 0.0
8.25 16.375 0.0
8.75 16.375 0.0
0.25 16.625 0.0
0.75 16.625 0.0
1.25 16.625 0.0
1.75 16.625 0.0
2.25 16.625 0.0
2.75 16.625 0.0
3.25 16.625 0.0
3.75 16.625 0.0
4.25 16.625 0.0
4.75 16.625 0.0
5.25 16.625 0.0
5.75 16.625 0.0
6.25 16.625 0.0
6.75 16.625 0.0
7.25 16.625 0.0
7.75 16.625 0.0
8.25 16.625 0.0
8.75 16.625 0.0
0.25 16.875 0.0
0.75 16.875 0.0
1.25 16.875 0.0
1.75 16.875 0.0
2.25 16.875 0.0
2.75 16.875 35480.1757101
3.25 16.875 0.0
3.75 16.875 0.0
4.25 16.875 0.0
4.75 16.875 0.0
5.25 16.875 0.0
5.75 16.875 0.0
6.25 16.875 0.0
6.75 16.875 0.0
7.25 16.875 0.0
7.75 16.875 0.0
8.25 16.875 0.0
8.75 16.875 0.0
0.25 17.125 0.0
0.75 17.125 0.0
1.25 17.125 0.0
1.75 17.125 0.0
2.25 17.125 0.0
2.75 17.125 0.0
3.25 17.125 0.0
3.75 17.125 0.0
4.25 17.125 0.0
4.75 17.125 0.0
5.25 17.125 0.0
5.75 17.125 0.0
6.25 17.125 0.0
6.75 17.125 0.0
7.25 17.125 0.0
7.75 17.125 0.0
8.25 17.125 0.0
8.75 17.125 0.0
0.25 17.375 0.0
0.75 17.375 0.0
1.25 17.375 0.0
1.75 17.375 0.0
2.25 17.375 0.0
2.75 17.375 0.0
3.25 17.375 0.0
3.75 17.375 0.0
4.25 17.375 0.0
4.75 17.375 0.0
5.25 17.375 0.0
5.75 17.375 0.0
6.25 17.375 0.0
6.75 17.375 0.0
7.25 17.375 0.0
7.75 17.375 0.0
8.25 17.375 0.0
8.75 17.375 0.0
0.25 17.625 0.0
0.75 17.625 0.0
1.25 17.625 0.0
1.75 17.625 0.0
2.25 17.625 0.0
2.75 17.625 0.0
3.25 17.625 0.0
3.75 17.625 0.0
4.25 17.625 0.0
4.75 17.625 0.0
5.25 17.625 0.0
5.75 17.625 0.0
6.25 17.625 0.0
6.75 17.625 0.0
7.25 17.625 0.0
7.75 17.625 0.0
8.25 17.625 0.0
8.75 17.625 0.0
0.25 17.875 0.0
0.75 17.875 0.0
1.25 17.875 0.0
1.75 17.875 0.0
2.25 17.875 0.0
2.75 17.875 35480.1757101
3.25 17.875 0.0
3.75 17.875 0.0
4.25 17.875 0.0
4.75 17.875 0.0
5.25 17.875 0.0
5.75 17.875 0.0
6.25 17.875 0.0
6.75 17.875 0.0
7.25 17.875 0.0
7.75 17.875 0.0
8.25 17.875 0.0
8.75 17.875 0.0
0.25 18.125 0.0
0.75 18.125 0.0
1.25 18.125 0.0
1.75 18.125 0.0
2.25 18.125 0.0
2.75 18.125 0.0
3.25 18.125 0.0
3.75 18.125 0.0
4.25 18.125 0.0
4.75 18.125 0.0
5.25 18.125 0.0
5.75 18.125 0.0
6.25 18.125 0.0
6.75 18.125 0.0
7.25 18.125 0.0
7.75 18.125 0.0
8.25 18.125 0.0
8.75 18.125 0.0
0.25 18.375 0.0
0.75 18.375 0.0
1.25 18.375 0.0
1.75 18.375 0.0
2.25 18.375 0.0
2.75 18.375 0.0
3.25 18.375 0.0
3.75 18.375 0.0
4.25 18.375 0.0
4.75 18.375 0.0
5.25 18.375 0.0
5.75 18.375 0.0
6.25 18.375 0.0
6.75 18.375 0.0
7.25 18.375 0.0
7.75 18.375 0.0
8.25 18.375 0.0
8.75 18.375 0.0
0.25 18.625 0.0
0.75 18.625 0.0
1.25 18.625 0.0
1.75 18.625 0.0
2.25 18.625 0.0
2.75 18.625 0.0
3.25 18.625 0.0
3.75 18.625 0.0
4.25 18.625 0.0
4.75 18.625 0.0
5.25 18.625 0.0
5.75 18.625 0.0
6.25 18.625 0.0
6.75 18.625 0.0
7.25 18.625 0.0
7.75 18.625 0.0
8.25 18.625 0.0
8.75 18.625 0.0
0.25 18.875 0.0
0.75 18.875 0.0
1.25 18.875 0.0
1.75 18.875 35480.1757101
2.25 18.875 0.0
2.75 18.875 0.0
3.25 18.875 0.0
3.75 18.875 0.0
4.25 18.875 0.0
4.75 18.875 0.0
5.25 18.875 0.0
5.75 18.875 0.0
6.25 18.875 0.0
6.75 18.875 0.0
7.25 18.875 0.0
7.75 18.875 0.0
8.25 18.875 0.0
8.75 18.875 0.0
0.25 19.125 0.0
0.75 19.125 0.0
1.25 19.125 0.0
1.75 19.125 0.0
2.25 19.125 0.0
2.75 19.125 0.0
3.25 19.125 0.0
3.75 19.125 0.0
4.25 19.125 0.0
4.75 19.125 0.0
5.25 19.125 0.0
5.75 19.125 0.0
6.25 19.125 0.0
6.75 19.125 0.0
7.25 19.125 0.0
7.75 19.125 0.0
8.25 19.125 0.0
8.75 19.125 0.0
0.25 19.375 35480.1757101
0.75 19.375 0.0
1.25 19.375 0.0
1.75 19.375 0.0
2.25 19.375 0.0
2.75 19.375 0.0
3.25 19.375 0.0
3.75 19.375 0.0
4.25 19.375 0.0
4.75 19.375 0.0
5.25 19.375 0.0
5.75 19.375 0.0
6.25 19.375 0.0
6.75 19.375 0.0
7.25 19.375 0.0
7.75 19.375 0.0
8.25 19.375 0.0
8.75 19.375 0.0
0.25 19.625 0.0
0.75 19.625 0.0
1.25 19.625 0.0
1.75 19.625 35480.1757101
2.25 19.625 0.0
2.75 19.625 0.0
3.25 19.625 0.0
3.75 19.625 0.0
4.25 19.625 0.0
4.75 19.625 0.0
5.25 19.625 0.0
5.75 19.625 0.0
6.25 19.625 0.0
6.75 19.625 0.0
7.25 19.625 0.0
7.75 19.625 0.0
8.25 19.625 0.0
8.75 19.625 0.0
0.25 19.875 0.0
0.75 19.875 0.0
1.25 19.875 0.0
1.75 19.875 0.0
2.25 19.875 0.0
2.75 19.875 0.0
3.25 19.875 35480.1757101
3.75 19.875 0.0
4.25 19.875 0.0
4.75 19.875 0.0
5.25 19.875 0.0
5.75 19.875 0.0
6.25 19.875 0.0
6.75 19.875 0.0
7.25 19.875 0.0
7.75 19.875 0.0
8.25 19.875 0.0
8.75 19.875 0.0
0.25 20.125 0.0
0.75 20.125 0.0
1.25 20.125 0.0
1.75 20.125 0.0
2.25 20.125 0.0
2.75 20.125 0.0
3.25 20.125 0.0
3.75 20.125 0.0
4.25 20.125 0.0
4.75 20.125 0.0
5.25 20.125 0.0
5.75 20.125 0.0
6.25 20.125 0.0
6.75 20.125 0.0
7.25 20.125 0.0
7.75 20.125 0.0
8.25 20.125 0.0
8.75 20.125 0.0
0.25 20.375 35480.1757101
0.75 20.375 0.0
1.25 20.375 0.0
1.75 20.375 0.0
2.25 20.375 0.0
2.75 20.375 0.0
3.25 20.375 0.0
3.75 20.375 0.0
4.25 20.375 0.0
4.75 20.375 0.0
5.25 20.375 0.0
5.75 20.375 0.0
6.25 20.375 0.0
6.75 20.375 0.0
7.25 20.375 0.0
7.75 20.375 0.0
8.25 20.375 0.0
8.75 20.375 0.0
0.25 20.625 0.0
0.75 20.625 0.0
1.25 20.625 0.0
1.75 20.625 0.0
2.25 20.625 0.0
2.75 20.625 35480.1757101
3.25 20.625 0.0
3.75 20.625 0.0
4.25 20.625 0.0
4.75 20.625 0.0
5.25 20.625 0.0
5.75 20.625 0.0
6.25 20.625 0.0
6.75 20.625 0.0
7.25 20.625 0.0
7.75 20.625 0.0
8.25 20.625 0.0
8.75 20.625 0.0
0.25 20.875 0.0
0.75 20.875 0.0
1.25 20.875 0.0
1.75 20.875 0.0
2.25 20.875 0.0
2.75 20.875 0.0
3.25 20.875 0.0
3.75 20.875 0.0
4.25 20.875 0.0
4.75 20.875 0.0
5.25 20.875 0.0
5.75 20.875 0.0
6.25 20.875 0.0
6.75 20.875 0.0
7.25 20.875 0.0
7.75 20.875 0.0
8.25 20.875 0.0
8.75 20.875 0.0
0.25 21.125 0.0
0.75 21.125 0.0
1.25 21.125 0.0
1.75 21.125 0.0
2.25 21.125 0.0
2.75 21.125 0.0
3.25 21.125 0.0
3.75 21.125 0.0
4.25 21.125 0.0
4.75 21.125 0.0
5.25 21.125 0.0
5.75 21.125 0.0
6.25 21.125 0.0
6.75 21.125 0.0
7.25 21.125 0.0
7.75 21.125 0.0
8.25 21.125 0.0
8.75 21.125 0.0
0.25 21.375 0.0
0.75 21.375 0.0
1.25 21.375 0.0
1.75 21.375 0.0
2.25 21.375 0.0
2.75 21.375 0.0
3.25 21.375 0.0
3.75 21.375 0.0
4.25 21.375 0.0
4.75 21.375 0.0
5.25 21.375 0.0
5.75 21.375 0.0
6.25 21.375 0.0
6.75 21.375 0.0
7.25 21.375 0.0
7.75 21.375 0.0
8.25 21.375 0.0
8.75 21.375 0.0
0.25 21.625 0.0
0.75 21.625 0.0
1.25 21.625 0.0
1.75 21.625 0.0
2.25 21.625 0.0
2.75 21.625 0.0
3.25 21.625 0.0
3.75 21.625 0.0
4.25 21.625 0.0
4.75 21.625 0.0
5.25 21.625 0.0
5.75 21.625 0.0
6.25 21.625 0.0
6.75 21.625 0.0
7.25 21.625 0.0
7.75 21.625 0.0
8.25 21.625 0.0
8.75 21.625 0.0
0.25 21.875 0.0
0.75 21.875 0.0
1.25 21.875 0.0
1.75 21.875 0.0
2.25 21.875 0.0
2.75 21.875 0.0
3.25 21.875 0.0
3.75 21.875 0.0
4.25 21.875 0.0
4.75 21.875 0.0
5.25 21.875 0.0
5.75 21.875 0.0
6.25 21.875 0.0
6.75 21.875 0.0
7.25 21.875 0.0
7.75 21.875 0.0
8.25 21.875 0.0
8.75 21.875 0.0
0.25 22.125 0.0
0.75 22.125 0.0
1.25 22.125 0.0
1.75 22.125 0.0
2.25 22.125 0.0
2.75 22.125 0.0
3.25 22.125 0.0
3.75 22.125 0.0
4.25 22.125 0.0
4.75 22.125 0.0
5.25 22.125 0.0
5.75 22.125 0.0
6.25 22.125 0.0
6.75 22.125 0.0
7.25 22.125 0.0
7.75 22.125 0.0
8.25 22.125 0.0
8.75 22.125 0.0
0.25 22.375 0.0
0.75 22.375 0.0
1.25 22.375 0.0
1.75 22.375 0.0
2.25 22.375 0.0
2.75 22.375 0.0
3.25 22.375 0.0
3.75 22.375 0.0
4.25 22.375 0.0
4.75 22.375 0.0
5.25 22.375 0.0
5.75 22.375 0.0
6.25 22.375 0.0
6.75 22.375 0.0
7.25 22.375 0.0
7.75 22.375 0.0
8.25 22.375 0.0
8.75 22.375 0.0
0.25 22.625 0.0
0.75 22.625 0.0
1.25 22.625 0.0
1.75 22.625 0.0
2.25 22.625 0.0
2.75 22.625 0.0
3.25 22.625 0.0
3.75 22.625 0.0
4.25 22.625 0.0
4.75 22.625 0.0
5.25 22.625 0.0
5.75 22.625 0.0
6.25 22.625 0.0
6.75 22.625 0.0
7.25 22.625 0.0
7.75 22.625 0.0
8.25 22.625 0.0
8.75 22.625 0.0
0.25 22.875 0.0
0.75 22.875 0.0
1.25 22.875 35480.1757101
1.75 22.875 0.0
2.25 22.875 0.0
2.75 22.875 0.0
3.25 22.875 0.0
3.75 22.875 0.0
4.25 22.875 0.0
4.75 22.875 0.0
5.25 22.875 0.0
5.75 22.875 0.0
6.25 22.875 0.0
6.75 22.875 0.0
7.25 22.875 0.0
7.75 22.875 0.0
8.25 22.875 0.0
8.75 22.875 0.0
0.25 23.125 0.0
0.75 23.125 0.0
1.25 23.125 0.0
1.75 23.125 0.0
2.25 23.125 0.0
2.75 23.125 0.0
3.25 23.125 0.0
3.75 23.125 0.0
4.25 23.125 0.0
4.75 23.125 0.0
5.25 23.125 0.0
5.75 23.125 0.0
6.25 23.125 0.0
6.75 23.125 0.0
7.25 23.125 0.0
7.75 23.125 0.0
8.25 23.125 0.0
8.75 23.125 0.0
0.25 23.375 0.0
0.75 23.375 0.0
1.25 23.375 0.0
1.75 23.375 0.0
2.25 23.375 0.0
2.75 23.375 0.0
3.25 23.375 0.0
3.75 23.375 0.0
4.25 23.375 0.0
4.75 23.375 0.0
5.25 23.375 0.0
5.75 23.375 0.0
6.25 23.375 0.0
6.75 23.375 0.0
7.25 23.375 0.0
7.75 23.375 0.0
8.25 23.375 0.0
8.75 23.375 0.0
0.25 23.625 0.0
0.75 23.625 0.0
1.25 23.625 0.0
1.75 23.625 0.0
2.25 23.625 0.0
2.75 23.625 0.0
3.25 23.625 0.0
3.75 23.625 0.0
4.25 23.625 0.0
4.75 23.625 0.0
5.25 23.625 0.0
5.75 23.625 0.0
6.25 23.625 0.0
6.75 23.625 0.0
7.25 23.625 0.0
7.75 23.625 0.0
8.25 23.625 0.0
8.75 23.625 0.0
0.25 23.875 0.0
0.75 23.875 0.0
1.25 23.875 0.0
1.75 23.875 0.0
2.25 23.875 0.0
2.75 23.875 0.0
3.25 23.875 0.0
3.75 23.875 0.0
4.25 23.875 0.0
4.75 23.875 0.0
5.25 23.875 0.0
5.75 23.875 0.0
6.25 23.875 0.0
6.75 23.875 0.0
7.25 23.875 0.0
7.75 23.875 0.0
8.25 23.875 0.0
8.75 23.875 0.0
0.25 24.125 0.0
0.75 24.125 0.0
1.25 24.125 0.0
1.75 24.125 0.0
2.25 24.125 35480.1757101
2.75 24.125 0.0
3.25 24.125 0.0
3.75 24.125 0.0
4.25 24.125 0.0
4.75 24.125 0.0
5.25 24.125 0.0
5.75 24.125 0.0
6.25 24.125 0.0
6.75 24.125 0.0
7.25 24.125 0.0
7.75 24.125 0.0
8.25 24.125 0.0
8.75 24.125 0.0
0.25 24.375 0.0
0.75 24.375 0.0
1.25 24.375 0.0
1.75 24.375 0.0
2.25 24.375 0.0
2.75 24.375 0.0
3.25 24.375 0.0
3.75 24.375 0.0
4.25 24.375 0.0
4.75 24.375 0.0
5.25 24.375 0.0
5.75 24.375 0.0
6.25 24.375 0.0
6.75 24.375 0.0
7.25 24.375 0.0
7.75 24.375 0.0
8.25 24.375 0.0
8.75 24.375 0.0
0.25 24.625 0.0
0.75 24.625 0.0
1.25 24.625 0.0
1.75 24.625 0.0
2.25 24.625 0.0
2.75 24.625 0.0
3.25 24.625 0.0
3.75 24.625 0.0
4.25 24.625 0.0
4.75 24.625 0.0
5.25 24.625 0.0
5.75 24.625 0.0
6.25 24.625 0.0
6.75 24.625 0.0
7.25 24.625 0.0
7.75 24.625 0.0
8.25 24.625 0.0
8.75 24.625 0.0
0.25 24.875 0.0
0.75 24.875 0.0
1.25 24.875 0.0
1.75 24.875 0.0
2.25 24.875 0.0
2.75 24.875 0.0
3.25 24.875 0.0
3.75 24.875 0.0
4.25 24.875 0.0
4.75 24.875 0.0
5.25 24.875 0.0
5.75 24.875 0.0
6.25 24.875 0.0
6.75 24.875 0.0
7.25 24.875 0.0
7.75 24.875 0.0
8.25 24.875 0.0
8.75 24.875 0.0
0.25 25.125 0.0
0.75 25.125 0.0
1.25 25.125 0.0
1.75 25.125 0.0
2.25 25.125 0.0
2.75 25.125 0.0
3.25 25.125 0.0
3.75 25.125 0.0
4.25 25.125 0.0
4.75 25.125 0.0
5.25 25.125 0.0
5.75 25.125 0.0
6.25 25.125 0.0
6.75 25.125 0.0
7.25 25.125 0.0
7.75 25.125 0.0
8.25 25.125 0.0
8.75 25.125 0.0
0.25 25.375 0.0
0.75 25.375 0.0
1.25 25.375 0.0
1.75 25.375 0.0
2.25 25.375 0.0
2.75 25.375 0.0
3.25 25.375 0.0
3.75 25.375 0.0
4.25 25.375 0.0
4.75 25.375 0.0
5.25 25.375 0.0
5.75 25.375 0.0
6.25 25.375 0.0
6.75 25.375 0.0
7.25 25.375 0.0
7.75 25.375 0.0
8.25 25.375 0.0
8.75 25.375 0.0
0.25 25.625 0.0
0.75 25.625 0.0
1.25 25.625 0.0
1.75 25.625 0.0
2.25 25.625 0.0
2.75 25.625 0.0
3.25 25.625 0.0
3.75 25.625 0.0
4.25 25.625 0.0
4.75 25.625 0.0
5.25 25.625 0.0
5.75 25.625 0.0
6.25 25.625 0.0
6.75 25.625 0.0
7.25 25.625 0.0
7.75 25.625 0.0
8.25 25.625 0.0
8.75 25.625 0.0
0.25 25.875 0.0
0.75 25.875 0.0
1.25 25.875 0.0
1.75 25.875 0.0
2.25 25.875 0.0
2.75 25.875 0.0
3.25 25.875 0.0
3.75 25.875 0.0
4.25 25.875 0.0
4.75 25.875 0.0
5.25 25.875 0.0
5.75 25.875 0.0
6.25 25.875 0.0
6.75 25.875 0.0
7.25 25.875 0.0
7.75 25.875 0.0
8.25 25.875 0.0
8.75 25.875 0.0
0.25 26.125 0.0
0.75 26.125 0.0
1.25 26.125 0.0
1.75 26.125 0.0
2.25 26.125 0.0
2.75 26.125 0.0
3.25 26.125 0.0
3.75 26.125 0.0
4.25 26.125 0.0
4.75 26.125 0.0
5.25 26.125 0.0
5.75 26.125 0.0
6.25 26.125 0.0
6.75 26.125 0.0
7.25 26.125 0.0
7.75 26.125 0.0
8.25 26.125 0.0
8.75 26.125 0.0
0.25 26.375 0.0
0.75 26.375 0.0
1.25 26.375 0.0
1.75 26.375 0.0
2.25 26.375 0.0
2.75 26.375 0.0
3.25 26.375 0.0
3.75 26.375 0.0
4.25 26.375 0.0
4.75 26.375 0.0
5.25 26.375 0.0
5.75 26.375 0.0
6.25 26.375 0.0
6.75 26.375 0.0
7.25 26.375 0.0
7.75 26.375 0.0
8.25 26.375 0.0
8.75 26.375 0.0
0.25 26.625 0.0
0.75 26.625 0.0
1.25 26.625 0.0
1.75 26.625 0.0
2.25 26.625 0.0
2.75 26.625 0.0
3.25 26.625 0.0
3.75 26.625 0.0
4.25 26.625 0.0
4.75 26.625 0.0
5.25 26.625 0.0
5.75 26.625 0.0
6.25 26.625 0.0
6.75 26.625 0.0
7.25 26.625 0.0
7.75 26.625 0.0
8.25 26.625 0.0
8.75 26.625 0.0
0.25 26.875 0.0
0.75 26.875 0.0
1.25 26.875 0.0
1.75 26.875 0.0
2.25 26.875 0.0
2.75 26.875 0.0
3.25 26.875 0.0
3.75 26.875 0.0
4.25 26.875 0.0
4.75 26.875 0.0
5.25 26.875 0.0
5.75 26.875 0.0
6.25 26.875 0.0
6.75 26.875 0.0
7.25 26.875 0.0
7.75 26.875 0.0
8.25 26.875 0.0
8.75 26.875 0.0
0.25 27.125 0.0
0.75 27.125 0.0
1.25 27.125 0.0
1.75 27.125 0.0
2.25 27.125 0.0
2.75 27.125 0.0
3.25 27.125 0.0
3.75 27.125 0.0
4.25 27.125 0.0
4.75 27.125 0.0
5.25 27.125 0.0
5.75 27.125 0.0
6.25 27.125 0.0
6.75 27.125 0.0
7.25 27.125 0.0
7.75 27.125 0.0
8.25 27.125 0.0
8.75 27.125 0.0
0.25 27.375 0.0
0.75 27.375 0.0
1.25 27.375 0.0
1.75 27.375 0.0
2.25 27.375 0.0
2.75 27.375 0.0
3.25 27.375 0.0
3.75 27.375 0.0
4.25 27.375 0.0
4.75 27.375 0.0
5.25 27.375 0.0
5.75 27.375 0.0
6.25 27.375 0.0
6.75 27.375 0.0
7.25 27.375 0.0
7.75 27.375 0.0
8.25 27.375 0.0
8.75 27.375 0.0
0.25 27.625 0.0
0.75 27.625 0.0
1.25 27.625 0.0
1.75 27.625 0.0
2.25 27.625 0.0
2.75 27.625 0.0
3.25 27.625 0.0
3.75 27.625 0.0
4.25 27.625 0.0
4.75 27.625 0.0
5.25 27.625 0.0
5.75 27.625 0.0
6.25 27.625 0.0
6.75 27.625 0.0
7.25 27.625 0.0
7.75 27.625 0.0
8.25 27.625 0.0
8.75 27.625 0.0
0.25 27.875 0.0
0.75 27.875 0.0
1.25 27.875 0.0
1.75 27.875 0.0
2.25 27.875 0.0
2.75 27.875 0.0
3.25 27.875 0.0
3.75 27.875 0.0
4.25 27.875 0.0
4.75 27.875 0.0
5.25 27.875 0.0
5.75 27.875 0.0
6.25 27.875 0.0
6.75 27.875 0.0
7.25 27.875 0.0
7.75 27.875 0.0
8.25 27.875 0.0
8.75 27.875 0.0
0.25 28.125 0.0
0.75 28.125 0.0
1.25 28.125 0.0
1.75 28.125 0.0
2.25 28.125 0.0
2.75 28.125 0.0
3.25 28.125 0.0
3.75 28.125 0.0
4.25 28.125 0.0
4.75 28.125 0.0
5.25 28.125 0.0
5.75 28.125 0.0
6.25 28.125 0.0
6.75 28.125 0.0
7.25 28.125 0.0
7.75 28.125 0.0
8.25 28.125 0.0
8.75 28.125 0.0
0.25 28.375 0.0
0.75 28.375 0.0
1.25 28.375 0.0
1.75 28.375 0.0
2.25 28.375 0.0
2.75 28.375 0.0
3.25 28.375 0.0
3.75 28.375 0.0
4.25 28.375 0.0
4.75 28.375 0.0
5.25 28.375 0.0
5.75 28.375 0.0
6.25 28.375 0.0
6.75 28.375 0.0
7.25 28.375 0.0
7.75 28.375 0.0
8.25 28.375 0.0
8.75 28.375 0.0
0.25 28.625 0.0
0.75 28.625 0.0
1.25 28.625 0.0
1.75 28.625 0.0
2.25 28.625 0.0
2.75 28.625 0.0
3.25 28.625 0.0
3.75 28.625 0.0
4.25 28.625 0.0
4.75 28.625 0.0
5.25 28.625 0.0
5.75 28.625 0.0
6.25 28.625 0.0
6.75 28.625 0.0
7.25 28.625 0.0
7.75 28.625 0.0
8.25 28.625 0.0
8.75 28.625 0.0
0.25 28.875 0.0
0.75 28.875 0.0
1.25 28.875 0.0
1.75 28.875 0.0
2.25 28.875 0.0
2.75 28.875 0.0
3.25 28.875 0.0
3.75 28.875 0.0
4.25 28.875 0.0
4.75 28.875 0.0
5.25 28.875 0.0
5.75 28.875 0.0
6.25 28.875 0.0
6.75 28.875 0.0
7.25 28.875 0.0
7.75 28.875 0.0
8.25 28.875 0.0
8.75 28.875 0.0
0.25 29.125 0.0
0.75 29.125 0.0
1.25 29.125 0.0
1.75 29.125 0.0
2.25 29.125 0.0
2.75 29.125 0.0
3.25 29.125 0.0
3.75 29.125 0.0
4.25 29.125 0.0
4.75 29.125 0.0
5.25 29.125 0.0
5.75 29.125 0.0
6.25 29.125 0.0
6.75 29.125 0.0
7.25 29.125 0.0
7.75 29.125 0.0
8.25 29.125 0.0
8.75 29.125 0.0
0.25 29.375 0.0
0.75 29.375 0.0
1.25 29.375 0.0
1.75 29.375 0.0
2.25 29.375 0.0
2.75 29.375 0.0
3.25 29.375 0.0
3.75 29.375 0.0
4.25 29.375 0.0
4.75 29.375 0.0
5.25 29.375 0.0
5.75 29.375 0.0
6.25 29.375 0.0
6.75 29.375 0.0
7.25 29.375 0.0
7.75 29.375 0.0
8.25 29.375 0.0
8.75 29.375 0.0
0.25 29.625 0.0
0.75 29.625 0.0
1.25 29.625 0.0
1.75 29.625 0.0
2.25 29.625 0.0
2.75 29.625 0.0
3.25 29.625 0.0
3.75 29.625 0.0
4.25 29.625 0.0
4.75 29.625 0.0
5.25 29.625 0.0
5.75 29.625 0.0
6.25 29.625 0.0
6.75 29.625 0.0
7.25 29.625 0.0
7.75 29.625 0.0
8.25 29.625 0.0
8.75 29.625 0.0
0.25 29.875 0.0
0.75 29.875 0.0
1.25 29.875 0.0
1.75 29.875 0.0
2.25 29.875 0.0
2.75 29.875 0.0
3.25 29.875 0.0
3.75 29.875 0.0
4.25 29.875 0.0
4.75 29.875 0.0
5.25 29.875 0.0
5.75 29.875 0.0
6.25 29.875 0.0
6.75 29.875 0.0
7.25 29.875 0.0
7.75 29.875 0.0
8.25 29.875 0.0
8.75 29.875 0.0
