11.294627058970837 4.410403168674942
14.219093021276404 81.63253940805632
17.900777537149963 196.1182920352391
22.535743732392298 916.2488769638056
28.370820458389794 1288.891625095938
35.71674682851676 3209.8202389164308
44.96472020903849 3168.042499107216
56.60722890537329 3763.393431034481
71.26427896022373 8521.480097403837
89.71641173621407 10590.05497823747
112.94627058970838 14626.518531420566
142.1909302127641 22009.531015783607
179.00777537149963 28867.007901326186
225.35743732392305 29263.239695909797
283.7082045838981 29985.205093465862
357.1674682851676 23545.984108778415
449.6472020903849 23970.314672801993
566.0722890537327 17238.287715088372
712.6427896022376 20891.628884026344
897.164117362141 17083.545084405225
1129.4627058970837 14716.006854695763
1421.9093021276408 8652.561985027918
1790.0777537149975 4954.439576087811
2253.5743732392316 2441.0828812347027
2837.082045838981 649.9545963243581
3571.674682851676 130.91220222535776
4496.47202090385 32.51516781857936
5660.72289053733 3.378302487079054
7126.427896022379 0.32590682816226035
8971.64117362141 0.0
