0.25 0.125 11105294.9973
0.75 0.125 11814898.5115
1.25 0.125 10821453.5916
1.75 0.125 10963374.2944
2.25 0.125 11140775.173
2.75 0.125 10750493.2402
3.25 0.125 11069814.8216
3.75 0.125 11105294.9973
4.25 0.125 13021224.4856
4.75 0.125 12524502.0257
5.25 0.125 11850378.6872
5.75 0.125 12240660.62
6.25 0.125 9544167.26603
6.75 0.125 7379876.54771
7.25 0.125 4718863.36945
7.75 0.125 1844969.13693
8.25 0.125 248361.229971
8.75 0.125 0.0
0.25 0.375 29838827.7722
0.75 0.375 30193629.5293
1.25 0.375 27710017.2296
1.75 0.375 28951823.3795
2.25 0.375 27142334.4183
2.75 0.375 28738942.3252
3.25 0.375 26787532.6612
3.75 0.375 28455100.9195
4.25 0.375 28064818.9867
4.75 0.375 28277700.041
5.25 0.375 26184369.6741
5.75 0.375 24445841.0643
6.25 0.375 22246070.1703
6.75 0.375 14475911.6897
7.25 0.375 11247215.7001
7.75 0.375 5534907.41078
8.25 0.375 461242.284232
8.75 0.375 0.0
0.25 0.625 44137338.5834
0.75 0.625 44101858.4077
1.25 0.625 43498695.4206
1.75 0.625 40979602.9452
2.25 0.625 42256889.2708
2.75 0.625 39595876.0925
3.25 0.625 38886272.5783
3.75 0.625 38992713.1054
4.25 0.625 38992713.1054
4.75 0.625 36118818.8729
5.25 0.625 34096448.8574
5.75 0.625 31222554.6249
6.25 0.625 23736237.5501
6.75 0.625 18556131.8964
7.25 0.625 12595462.3771
7.75 0.625 4683383.19374
8.25 0.625 567682.811362
8.75 0.625 0.0
0.25 0.875 55490994.8107
0.75 0.875 53007382.511
1.25 0.875 48004677.7358
1.75 0.875 48430439.8443
2.25 0.875 50559250.387
2.75 0.875 46798351.7617
3.25 0.875 45379144.7333
3.75 0.875 42185928.9194
4.25 0.875 40234519.2553
4.75 0.875 41192483.9995
5.25 0.875 39312034.6868
5.75 0.875 33848087.6275
6.25 0.875 27639056.8782
6.75 0.875 19904378.5734
7.25 0.875 13730827.9998
7.75 0.875 4435021.96377
8.25 0.875 141920.702841
8.75 0.875 0.0
0.25 1.125 55597435.3378
0.75 1.125 52404219.5239
1.25 1.125 50736651.2655
1.75 1.125 51410774.604
2.25 1.125 49494845.1156
2.75 1.125 45024342.9762
3.25 1.125 44030898.0563
3.75 1.125 43995417.8806
4.25 1.125 42044008.2165
4.75 1.125 39028193.2812
5.25 1.125 35018933.4259
5.75 1.125 29129224.258
6.25 1.125 23310475.4416
6.75 1.125 17811048.2065
7.25 1.125 10537612.1859
7.75 1.125 2731973.52968
8.25 1.125 0.0
8.75 1.125 0.0
0.25 1.375 49211003.71
0.75 1.375 46443550.0046
1.25 1.375 44811461.9219
1.75 1.375 43676096.2992
2.25 1.375 41121523.6481
2.75 1.375 37821867.307
3.25 1.375 38354069.9427
3.75 1.375 35515655.8859
4.25 1.375 34486730.7903
4.75 1.375 27887418.1082
5.25 1.375 27993858.6353
5.75 1.375 20897823.4933
6.25 1.375 17278845.5708
6.75 1.375 10821453.5916
7.25 1.375 7060554.96632
7.75 1.375 1419207.02841
8.25 1.375 35480.1757101
8.75 1.375 0.0
0.25 1.625 37396105.1985
0.75 1.625 37644466.4285
1.25 1.625 36331699.9272
1.75 1.625 35409215.3587
2.25 1.625 32925603.059
2.75 1.625 32393400.4234
3.25 1.625 26823012.8369
3.75 1.625 24694202.2943
4.25 1.625 23487876.3201
4.75 1.625 21607427.0075
5.25 1.625 20010819.1005
5.75 1.625 14192070.2841
6.25 1.625 10679532.8888
6.75 1.625 7486317.07484
7.25 1.625 3654458.09814
7.75 1.625 567682.811362
8.25 1.625 0.0
8.75 1.625 0.0
0.25 1.875 30477470.935
0.75 1.875 27603576.7025
1.25 1.875 28667981.9738
1.75 1.875 30335550.2322
2.25 1.875 26326290.3769
2.75 1.875 25013523.8757
3.25 1.875 22068669.2917
3.75 1.875 19230255.2349
4.25 1.875 16604722.2323
4.75 1.875 14901673.7983
5.25 1.875 13234105.5399
5.75 1.875 10111850.0774
6.25 1.875 8231400.76475
6.75 1.875 4896264.248
7.25 1.875 2057850.19119
7.75 1.875 248361.229971
8.25 1.875 0.0
8.75 1.875 0.0
0.25 2.125 22246070.1703
0.75 2.125 22920193.5088
1.25 2.125 23168554.7387
1.75 2.125 20507541.5605
2.25 2.125 20046299.2762
2.75 2.125 18059409.4365
3.25 2.125 17030484.3409
3.75 2.125 15682237.6639
4.25 2.125 13624387.4727
4.75 2.125 10892413.943
5.25 2.125 8763603.40041
5.75 2.125 6847673.91206
6.25 2.125 4647903.01803
6.75 2.125 3477057.21959
7.25 2.125 1064405.2713
7.75 2.125 106440.52713
8.25 2.125 0.0
8.75 2.125 0.0
0.25 2.375 18698052.5992
0.75 2.375 17136924.868
1.25 2.375 16675682.5838
1.75 2.375 15008114.3254
2.25 2.375 16320880.8267
2.75 2.375 14121109.9326
3.25 2.375 13305065.8913
3.75 2.375 10608572.5373
4.25 2.375 11069814.8216
4.75 2.375 7770158.48052
5.25 2.375 6067110.04643
5.75 2.375 4683383.19374
6.25 2.375 3299656.34104
6.75 2.375 1525647.55554
7.25 2.375 496722.459942
7.75 2.375 70960.3514203
8.25 2.375 0.0
8.75 2.375 0.0
0.25 2.625 13234105.5399
0.75 2.625 13801788.3512
1.25 2.625 13021224.4856
1.75 2.625 11424616.5787
2.25 2.625 12063259.7414
2.75 2.625 11424616.5787
3.25 2.625 9508687.09032
3.75 2.625 9047444.80609
4.25 2.625 7379876.54771
4.75 2.625 6102590.22214
5.25 2.625 4328581.43664
5.75 2.625 3406096.86817
6.25 2.625 1986889.83977
6.75 2.625 1028925.09559
7.25 2.625 319321.581391
7.75 2.625 106440.52713
8.25 2.625 0.0
8.75 2.625 0.0
0.25 2.875 11211735.5244
0.75 2.875 10182810.4288
1.25 2.875 11140775.173
1.75 2.875 9721568.14458
2.25 2.875 9721568.14458
2.75 2.875 9153885.33322
3.25 2.875 7450836.89913
3.75 2.875 6563832.50638
4.25 2.875 5783268.64075
4.75 2.875 4222140.90951
5.25 2.875 3193215.81391
5.75 2.875 2731973.52968
6.25 2.875 1383726.8527
6.75 2.875 887004.392754
7.25 2.875 248361.229971
7.75 2.875 0.0
8.25 2.875 0.0
8.75 2.875 0.0
0.25 3.125 9260325.86035
0.75 3.125 8657162.87327
1.25 3.125 7131515.31774
1.75 3.125 7983039.53478
2.25 3.125 7770158.48052
2.75 3.125 7060554.96632
3.25 3.125 5925189.34359
3.75 3.125 5854228.99217
4.25 3.125 3867339.15241
4.75 3.125 2873894.23252
5.25 3.125 2270731.24545
5.75 3.125 1880449.31264
6.25 3.125 851524.217043
6.75 3.125 532202.635652
7.25 3.125 35480.1757101
7.75 3.125 0.0
8.25 3.125 0.0
8.75 3.125 0.0
0.25 3.375 7025074.79061
0.75 3.375 6918634.26348
1.25 3.375 6918634.26348
1.75 3.375 5889709.16788
2.25 3.375 6067110.04643
2.75 3.375 5286546.18081
3.25 3.375 5605867.7622
3.75 3.375 3902819.32812
4.25 3.375 2838414.05681
4.75 3.375 2590052.82684
5.25 3.375 1774008.78551
5.75 3.375 1170845.79843
6.25 3.375 603162.987072
6.75 3.375 283841.405681
7.25 3.375 70960.3514203
7.75 3.375 0.0
8.25 3.375 0.0
8.75 3.375 0.0
0.25 3.625 4612422.84232
0.75 3.625 5144625.47797
1.25 3.625 4789823.72087
1.75 3.625 5215585.82939
2.25 3.625 5392986.70794
2.75 3.625 3796378.80099
3.25 3.625 3760898.62528
3.75 3.625 2590052.82684
4.25 3.625 2164290.71832
4.75 3.625 1596607.90696
5.25 3.625 1561127.73125
5.75 3.625 993444.919884
6.25 3.625 532202.635652
6.75 3.625 141920.702841
7.25 3.625 0.0
7.75 3.625 0.0
8.25 3.625 0.0
8.75 3.625 0.0
0.25 3.875 4576942.66661
0.75 3.875 5073665.12655
1.25 3.875 4151180.55809
1.75 3.875 3867339.15241
2.25 3.875 3973779.67954
2.75 3.875 3122255.46249
3.25 3.875 3193215.81391
3.75 3.875 2306211.42116
4.25 3.875 2199770.89403
4.75 3.875 1703048.43409
5.25 3.875 1099885.44701
5.75 3.875 638643.162783
6.25 3.875 283841.405681
6.75 3.875 248361.229971
7.25 3.875 0.0
7.75 3.875 0.0
8.25 3.875 0.0
8.75 3.875 0.0
0.25 4.125 3583497.74672
0.75 4.125 3654458.09814
1.25 4.125 3015814.93536
1.75 4.125 2873894.23252
2.25 4.125 2448132.124
2.75 4.125 2341691.59687
3.25 4.125 1703048.43409
3.75 4.125 2093330.3669
4.25 4.125 1490167.37983
4.75 4.125 1064405.2713
5.25 4.125 425762.108522
5.75 4.125 532202.635652
6.25 4.125 106440.52713
6.75 4.125 106440.52713
7.25 4.125 0.0
7.75 4.125 0.0
8.25 4.125 0.0
8.75 4.125 0.0
0.25 4.375 3548017.57101
0.75 4.375 3406096.86817
1.25 4.375 3051295.11107
1.75 4.375 2448132.124
2.25 4.375 2873894.23252
2.75 4.375 1986889.83977
3.25 4.375 1844969.13693
3.75 4.375 1348246.67699
4.25 4.375 1490167.37983
4.75 4.375 1028925.09559
5.25 4.375 461242.284232
5.75 4.375 425762.108522
6.25 4.375 248361.229971
6.75 4.375 35480.1757101
7.25 4.375 0.0
7.75 4.375 0.0
8.25 4.375 0.0
8.75 4.375 0.0
0.25 4.625 2909374.40823
0.75 4.625 2590052.82684
1.25 4.625 2128810.54261
1.75 4.625 2483612.29971
2.25 4.625 2377171.77258
2.75 4.625 1490167.37983
3.25 4.625 1632088.08267
3.75 4.625 1277286.32557
4.25 4.625 745083.689913
4.75 4.625 390281.932812
5.25 4.625 390281.932812
5.75 4.625 390281.932812
6.25 4.625 212881.054261
6.75 4.625 0.0
7.25 4.625 0.0
7.75 4.625 0.0
8.25 4.625 0.0
8.75 4.625 0.0
0.25 4.875 1951409.66406
0.75 4.875 1774008.78551
1.25 4.875 1774008.78551
1.75 4.875 2128810.54261
2.25 4.875 1703048.43409
2.75 4.875 1667568.25838
3.25 4.875 1135365.62272
3.75 4.875 993444.919884
4.25 4.875 922484.568464
4.75 4.875 638643.162783
5.25 4.875 177400.878551
5.75 4.875 319321.581391
6.25 4.875 106440.52713
6.75 4.875 0.0
7.25 4.875 0.0
7.75 4.875 0.0
8.25 4.875 0.0
8.75 4.875 0.0
0.25 5.125 1915929.48835
0.75 5.125 1880449.31264
1.25 5.125 1312766.50128
1.75 5.125 1951409.66406
2.25 5.125 1490167.37983
2.75 5.125 1490167.37983
3.25 5.125 1028925.09559
3.75 5.125 1099885.44701
4.25 5.125 638643.162783
4.75 5.125 390281.932812
5.25 5.125 177400.878551
5.75 5.125 212881.054261
6.25 5.125 35480.1757101
6.75 5.125 0.0
7.25 5.125 0.0
7.75 5.125 0.0
8.25 5.125 0.0
8.75 5.125 0.0
0.25 5.375 1880449.31264
0.75 5.375 1241806.14985
1.25 5.375 1348246.67699
1.75 5.375 1277286.32557
2.25 5.375 1844969.13693
2.75 5.375 1206325.97414
3.25 5.375 851524.217043
3.75 5.375 674123.338493
4.25 5.375 567682.811362
4.75 5.375 319321.581391
5.25 5.375 425762.108522
5.75 5.375 141920.702841
6.25 5.375 141920.702841
6.75 5.375 0.0
7.25 5.375 0.0
7.75 5.375 0.0
8.25 5.375 0.0
8.75 5.375 0.0
0.25 5.625 1490167.37983
0.75 5.625 1170845.79843
1.25 5.625 1490167.37983
1.75 5.625 922484.568464
2.25 5.625 1170845.79843
2.75 5.625 1064405.2713
3.25 5.625 887004.392754
3.75 5.625 390281.932812
4.25 5.625 674123.338493
4.75 5.625 354801.757101
5.25 5.625 248361.229971
5.75 5.625 70960.3514203
6.25 5.625 0.0
6.75 5.625 0.0
7.25 5.625 0.0
7.75 5.625 0.0
8.25 5.625 0.0
8.75 5.625 0.0
0.25 5.875 887004.392754
0.75 5.875 851524.217043
1.25 5.875 957964.744174
1.75 5.875 887004.392754
2.25 5.875 780563.865623
2.75 5.875 603162.987072
3.25 5.875 709603.514203
3.75 5.875 567682.811362
4.25 5.875 390281.932812
4.75 5.875 319321.581391
5.25 5.875 177400.878551
5.75 5.875 177400.878551
6.25 5.875 35480.1757101
6.75 5.875 0.0
7.25 5.875 0.0
7.75 5.875 0.0
8.25 5.875 0.0
8.75 5.875 0.0
0.25 6.125 851524.217043
0.75 6.125 851524.217043
1.25 6.125 922484.568464
1.75 6.125 851524.217043
2.25 6.125 816044.041333
2.75 6.125 922484.568464
3.25 6.125 390281.932812
3.75 6.125 425762.108522
4.25 6.125 390281.932812
4.75 6.125 177400.878551
5.25 6.125 106440.52713
5.75 6.125 35480.1757101
6.25 6.125 35480.1757101
6.75 6.125 0.0
7.25 6.125 0.0
7.75 6.125 0.0
8.25 6.125 0.0
8.75 6.125 0.0
0.25 6.375 638643.162783
0.75 6.375 709603.514203
1.25 6.375 496722.459942
1.75 6.375 390281.932812
2.25 6.375 674123.338493
2.75 6.375 496722.459942
3.25 6.375 603162.987072
3.75 6.375 283841.405681
4.25 6.375 283841.405681
4.75 6.375 106440.52713
5.25 6.375 141920.702841
5.75 6.375 141920.702841
6.25 6.375 70960.3514203
6.75 6.375 0.0
7.25 6.375 0.0
7.75 6.375 0.0
8.25 6.375 0.0
8.75 6.375 0.0
0.25 6.625 993444.919884
0.75 6.625 674123.338493
1.25 6.625 603162.987072
1.75 6.625 496722.459942
2.25 6.625 745083.689913
2.75 6.625 283841.405681
3.25 6.625 283841.405681
3.75 6.625 354801.757101
4.25 6.625 177400.878551
4.75 6.625 141920.702841
5.25 6.625 35480.1757101
5.75 6.625 177400.878551
6.25 6.625 35480.1757101
6.75 6.625 0.0
7.25 6.625 0.0
7.75 6.625 0.0
8.25 6.625 0.0
8.75 6.625 0.0
0.25 6.875 567682.811362
0.75 6.875 603162.987072
1.25 6.875 638643.162783
1.75 6.875 496722.459942
2.25 6.875 638643.162783
2.75 6.875 212881.054261
3.25 6.875 425762.108522
3.75 6.875 212881.054261
4.25 6.875 283841.405681
4.75 6.875 0.0
5.25 6.875 106440.52713
5.75 6.875 0.0
6.25 6.875 0.0
6.75 6.875 0.0
7.25 6.875 0.0
7.75 6.875 0.0
8.25 6.875 0.0
8.75 6.875 0.0
0.25 7.125 425762.108522
0.75 7.125 496722.459942
1.25 7.125 141920.702841
1.75 7.125 496722.459942
2.25 7.125 496722.459942
2.75 7.125 212881.054261
3.25 7.125 248361.229971
3.75 7.125 283841.405681
4.25 7.125 319321.581391
4.75 7.125 141920.702841
5.25 7.125 70960.3514203
5.75 7.125 70960.3514203
6.25 7.125 0.0
6.75 7.125 0.0
7.25 7.125 0.0
7.75 7.125 0.0
8.25 7.125 0.0
8.75 7.125 0.0
0.25 7.375 532202.635652
0.75 7.375 638643.162783
1.25 7.375 674123.338493
1.75 7.375 461242.284232
2.25 7.375 212881.054261
2.75 7.375 354801.757101
3.25 7.375 177400.878551
3.75 7.375 283841.405681
4.25 7.375 177400.878551
4.75 7.375 106440.52713
5.25 7.375 70960.3514203
5.75 7.375 0.0
6.25 7.375 0.0
6.75 7.375 0.0
7.25 7.375 0.0
7.75 7.375 0.0
8.25 7.375 0.0
8.75 7.375 0.0
0.25 7.625 319321.581391
0.75 7.625 496722.459942
1.25 7.625 319321.581391
1.75 7.625 70960.3514203
2.25 7.625 212881.054261
2.75 7.625 212881.054261
3.25 7.625 283841.405681
3.75 7.625 177400.878551
4.25 7.625 106440.52713
4.75 7.625 106440.52713
5.25 7.625 35480.1757101
5.75 7.625 70960.3514203
6.25 7.625 0.0
6.75 7.625 0.0
7.25 7.625 0.0
7.75 7.625 0.0
8.25 7.625 0.0
8.75 7.625 0.0
0.25 7.875 425762.108522
0.75 7.875 177400.878551
1.25 7.875 248361.229971
1.75 7.875 319321.581391
2.25 7.875 212881.054261
2.75 7.875 390281.932812
3.25 7.875 212881.054261
3.75 7.875 248361.229971
4.25 7.875 70960.3514203
4.75 7.875 0.0
5.25 7.875 0.0
5.75 7.875 0.0
6.25 7.875 0.0
6.75 7.875 0.0
7.25 7.875 0.0
7.75 7.875 0.0
8.25 7.875 0.0
8.75 7.875 0.0
0.25 8.125 354801.757101
0.75 8.125 283841.405681
1.25 8.125 212881.054261
1.75 8.125 319321.581391
2.25 8.125 390281.932812
2.75 8.125 319321.581391
3.25 8.125 177400.878551
3.75 8.125 106440.52713
4.25 8.125 106440.52713
4.75 8.125 70960.3514203
5.25 8.125 106440.52713
5.75 8.125 35480.1757101
6.25 8.125 35480.1757101
6.75 8.125 0.0
7.25 8.125 0.0
7.75 8.125 0.0
8.25 8.125 0.0
8.75 8.125 0.0
0.25 8.375 319321.581391
0.75 8.375 425762.108522
1.25 8.375 177400.878551
1.75 8.375 141920.702841
2.25 8.375 212881.054261
2.75 8.375 141920.702841
3.25 8.375 177400.878551
3.75 8.375 106440.52713
4.25 8.375 35480.1757101
4.75 8.375 70960.3514203
5.25 8.375 35480.1757101
5.75 8.375 0.0
6.25 8.375 0.0
6.75 8.375 0.0
7.25 8.375 0.0
7.75 8.375 0.0
8.25 8.375 0.0
8.75 8.375 0.0
0.25 8.625 106440.52713
0.75 8.625 390281.932812
1.25 8.625 141920.702841
1.75 8.625 70960.3514203
2.25 8.625 319321.581391
2.75 8.625 141920.702841
3.25 8.625 141920.702841
3.75 8.625 35480.1757101
4.25 8.625 177400.878551
4.75 8.625 141920.702841
5.25 8.625 0.0
5.75 8.625 0.0
6.25 8.625 0.0
6.75 8.625 0.0
7.25 8.625 0.0
7.75 8.625 0.0
8.25 8.625 0.0
8.75 8.625 0.0
0.25 8.875 177400.878551
0.75 8.875 248361.229971
1.25 8.875 248361.229971
1.75 8.875 283841.405681
2.25 8.875 106440.52713
2.75 8.875 283841.405681
3.25 8.875 177400.878551
3.75 8.875 106440.52713
4.25 8.875 35480.1757101
4.75 8.875 35480.1757101
5.25 8.875 70960.3514203
5.75 8.875 0.0
6.25 8.875 0.0
6.75 8.875 0.0
7.25 8.875 0.0
7.75 8.875 0.0
8.25 8.875 0.0
8.75 8.875 0.0
0.25 9.125 212881.054261
0.75 9.125 141920.702841
1.25 9.125 70960.3514203
1.75 9.125 106440.52713
2.25 9.125 212881.054261
2.75 9.125 283841.405681
3.25 9.125 141920.702841
3.75 9.125 35480.1757101
4.25 9.125 70960.3514203
4.75 9.125 70960.3514203
5.25 9.125 35480.1757101
5.75 9.125 0.0
6.25 9.125 0.0
6.75 9.125 0.0
7.25 9.125 0.0
7.75 9.125 0.0
8.25 9.125 0.0
8.75 9.125 0.0
0.25 9.375 248361.229971
0.75 9.375 106440.52713
1.25 9.375 248361.229971
1.75 9.375 141920.702841
2.25 9.375 141920.702841
2.75 9.375 177400.878551
3.25 9.375 70960.3514203
3.75 9.375 70960.3514203
4.25 9.375 35480.1757101
4.75 9.375 70960.3514203
5.25 9.375 0.0
5.75 9.375 0.0
6.25 9.375 0.0
6.75 9.375 0.0
7.25 9.375 0.0
7.75 9.375 0.0
8.25 9.375 0.0
8.75 9.375 0.0
0.25 9.625 106440.52713
0.75 9.625 141920.702841
1.25 9.625 212881.054261
1.75 9.625 177400.878551
2.25 9.625 212881.054261
2.75 9.625 106440.52713
3.25 9.625 106440.52713
3.75 9.625 70960.3514203
4.25 9.625 70960.3514203
4.75 9.625 70960.3514203
5.25 9.625 0.0
5.75 9.625 0.0
6.25 9.625 0.0
6.75 9.625 0.0
7.25 9.625 0.0
7.75 9.625 0.0
8.25 9.625 0.0
8.75 9.625 0.0
0.25 9.875 212881.054261
0.75 9.875 141920.702841
1.25 9.875 141920.702841
1.75 9.875 106440.52713
2.25 9.875 106440.52713
2.75 9.875 141920.702841
3.25 9.875 70960.3514203
3.75 9.875 106440.52713
4.25 9.875 106440.52713
4.75 9.875 0.0
5.25 9.875 0.0
5.75 9.875 0.0
6.25 9.875 0.0
6.75 9.875 0.0
7.25 9.875 0.0
7.75 9.875 0.0
8.25 9.875 0.0
8.75 9.875 0.0
0.25 10.125 106440.52713
0.75 10.125 141920.702841
1.25 10.125 106440.52713
1.75 10.125 177400.878551
2.25 10.125 70960.3514203
2.75 10.125 70960.3514203
3.25 10.125 177400.878551
3.75 10.125 0.0
4.25 10.125 35480.1757101
4.75 10.125 0.0
5.25 10.125 0.0
5.75 10.125 0.0
6.25 10.125 0.0
6.75 10.125 0.0
7.25 10.125 0.0
7.75 10.125 0.0
8.25 10.125 0.0
8.75 10.125 0.0
0.25 10.375 354801.757101
0.75 10.375 177400.878551
1.25 10.375 106440.52713
1.75 10.375 70960.3514203
2.25 10.375 70960.3514203
2.75 10.375 141920.702841
3.25 10.375 70960.3514203
3.75 10.375 0.0
4.25 10.375 106440.52713
4.75 10.375 0.0
5.25 10.375 0.0
5.75 10.375 0.0
6.25 10.375 0.0
6.75 10.375 0.0
7.25 10.375 0.0
7.75 10.375 0.0
8.25 10.375 0.0
8.75 10.375 0.0
0.25 10.625 70960.3514203
0.75 10.625 35480.1757101
1.25 10.625 35480.1757101
1.75 10.625 106440.52713
2.25 10.625 35480.1757101
2.75 10.625 35480.1757101
3.25 10.625 106440.52713
3.75 10.625 0.0
4.25 10.625 0.0
4.75 10.625 0.0
5.25 10.625 0.0
5.75 10.625 0.0
6.25 10.625 0.0
6.75 10.625 0.0
7.25 10.625 0.0
7.75 10.625 0.0
8.25 10.625 0.0
8.75 10.625 0.0
0.25 10.875 35480.1757101
0.75 10.875 177400.878551
1.25 10.875 70960.3514203
1.75 10.875 70960.3514203
2.25 10.875 35480.1757101
2.75 10.875 35480.1757101
3.25 10.875 35480.1757101
3.75 10.875 35480.1757101
4.25 10.875 35480.1757101
4.75 10.875 0.0
5.25 10.875 35480.1757101
5.75 10.875 0.0
6.25 10.875 0.0
6.75 10.875 0.0
7.25 10.875 0.0
7.75 10.875 0.0
8.25 10.875 0.0
8.75 10.875 0.0
0.25 11.125 212881.054261
0.75 11.125 177400.878551
1.25 11.125 106440.52713
1.75 11.125 106440.52713
2.25 11.125 141920.702841
2.75 11.125 35480.1757101
3.25 11.125 106440.52713
3.75 11.125 0.0
4.25 11.125 35480.1757101
4.75 11.125 0.0
5.25 11.125 35480.1757101
5.75 11.125 35480.1757101
6.25 11.125 0.0
6.75 11.125 0.0
7.25 11.125 0.0
7.75 11.125 0.0
8.25 11.125 0.0
8.75 11.125 0.0
0.25 11.375 106440.52713
0.75 11.375 141920.702841
1.25 11.375 141920.702841
1.75 11.375 70960.3514203
2.25 11.375 70960.3514203
2.75 11.375 70960.3514203
3.25 11.375 35480.1757101
3.75 11.375 35480.1757101
4.25 11.375 70960.3514203
4.75 11.375 0.0
5.25 11.375 0.0
5.75 11.375 0.0
6.25 11.375 0.0
6.75 11.375 0.0
7.25 11.375 0.0
7.75 11.375 0.0
8.25 11.375 0.0
8.75 11.375 0.0
0.25 11.625 70960.3514203
0.75 11.625 35480.1757101
1.25 11.625 35480.1757101
1.75 11.625 35480.1757101
2.25 11.625 35480.1757101
2.75 11.625 35480.1757101
3.25 11.625 70960.3514203
3.75 11.625 0.0
4.25 11.625 35480.1757101
4.75 11.625 0.0
5.25 11.625 0.0
5.75 11.625 0.0
6.25 11.625 0.0
6.75 11.625 0.0
7.25 11.625 0.0
7.75 11.625 0.0
8.25 11.625 0.0
8.75 11.625 0.0
0.25 11.875 35480.1757101
0.75 11.875 106440.52713
1.25 11.875 70960.3514203
1.75 11.875 35480.1757101
2.25 11.875 35480.1757101
2.75 11.875 70960.3514203
3.25 11.875 70960.3514203
3.75 11.875 0.0
4.25 11.875 35480.1757101
4.75 11.875 0.0
5.25 11.875 35480.1757101
5.75 11.875 0.0
6.25 11.875 0.0
6.75 11.875 0.0
7.25 11.875 0.0
7.75 11.875 0.0
8.25 11.875 0.0
8.75 11.875 0.0
0.25 12.125 0.0
0.75 12.125 106440.52713
1.25 12.125 0.0
1.75 12.125 35480.1757101
2.25 12.125 35480.1757101
2.75 12.125 35480.1757101
3.25 12.125 0.0
3.75 12.125 35480.1757101
4.25 12.125 0.0
4.75 12.125 0.0
5.25 12.125 0.0
5.75 12.125 0.0
6.25 12.125 0.0
6.75 12.125 0.0
7.25 12.125 0.0
7.75 12.125 0.0
8.25 12.125 0.0
8.75 12.125 0.0
0.25 12.375 35480.1757101
0.75 12.375 35480.1757101
1.25 12.375 0.0
1.75 12.375 177400.878551
2.25 12.375 35480.1757101
2.75 12.375 35480.1757101
3.25 12.375 106440.52713
3.75 12.375 0.0
4.25 12.375 70960.3514203
4.75 12.375 0.0
5.25 12.375 0.0
5.75 12.375 0.0
6.25 12.375 0.0
6.75 12.375 0.0
7.25 12.375 0.0
7.75 12.375 0.0
8.25 12.375 0.0
8.75 12.375 0.0
0.25 12.625 70960.3514203
0.75 12.625 0.0
1.25 12.625 35480.1757101
1.75 12.625 70960.3514203
2.25 12.625 0.0
2.75 12.625 35480.1757101
3.25 12.625 0.0
3.75 12.625 35480.1757101
4.25 12.625 0.0
4.75 12.625 0.0
5.25 12.625 0.0
5.75 12.625 0.0
6.25 12.625 0.0
6.75 12.625 0.0
7.25 12.625 0.0
7.75 12.625 0.0
8.25 12.625 0.0
8.75 12.625 0.0
0.25 12.875 70960.3514203
0.75 12.875 35480.1757101
1.25 12.875 35480.1757101
1.75 12.875 0.0
2.25 12.875 70960.3514203
2.75 12.875 35480.1757101
3.25 12.875 0.0
3.75 12.875 0.0
4.25 12.875 35480.1757101
4.75 12.875 35480.1757101
5.25 12.875 0.0
5.75 12.875 0.0
6.25 12.875 0.0
6.75 12.875 0.0
7.25 12.875 0.0
7.75 12.875 0.0
8.25 12.875 0.0
8.75 12.875 0.0
0.25 13.125 70960.3514203
0.75 13.125 106440.52713
1.25 13.125 35480.1757101
1.75 13.125 35480.1757101
2.25 13.125 0.0
2.75 13.125 0.0
3.25 13.125 35480.1757101
3.75 13.125 35480.1757101
4.25 13.125 0.0
4.75 13.125 0.0
5.25 13.125 0.0
5.75 13.125 0.0
6.25 13.125 0.0
6.75 13.125 0.0
7.25 13.125 0.0
7.75 13.125 0.0
8.25 13.125 0.0
8.75 13.125 0.0
0.25 13.375 70960.3514203
0.75 13.375 35480.1757101
1.25 13.375 0.0
1.75 13.375 0.0
2.25 13.375 35480.1757101
2.75 13.375 35480.1757101
3.25 13.375 0.0
3.75 13.375 0.0
4.25 13.375 0.0
4.75 13.375 35480.1757101
5.25 13.375 0.0
5.75 13.375 0.0
6.25 13.375 0.0
6.75 13.375 0.0
7.25 13.375 0.0
7.75 13.375 0.0
8.25 13.375 0.0
8.75 13.375 0.0
0.25 13.625 0.0
0.75 13.625 0.0
1.25 13.625 0.0
1.75 13.625 0.0
2.25 13.625 0.0
2.75 13.625 35480.1757101
3.25 13.625 35480.1757101
3.75 13.625 0.0
4.25 13.625 0.0
4.75 13.625 35480.1757101
5.25 13.625 0.0
5.75 13.625 0.0
6.25 13.625 0.0
6.75 13.625 0.0
7.25 13.625 0.0
7.75 13.625 0.0
8.25 13.625 0.0
8.75 13.625 0.0
0.25 13.875 0.0
0.75 13.875 70960.3514203
1.25 13.875 35480.1757101
1.75 13.875 70960.3514203
2.25 13.875 35480.1757101
2.75 13.875 35480.1757101
3.25 13.875 35480.1757101
3.75 13.875 0.0
4.25 13.875 0.0
4.75 13.875 0.0
5.25 13.875 0.0
5.75 13.875 0.0
6.25 13.875 0.0
6.75 13.875 0.0
7.25 13.875 0.0
7.75 13.875 0.0
8.25 13.875 0.0
8.75 13.875 0.0
0.25 14.125 35480.1757101
0.75 14.125 70960.3514203
1.25 14.125 35480.1757101
1.75 14.125 0.0
2.25 14.125 0.0
2.75 14.125 35480.1757101
3.25 14.125 0.0
3.75 14.125 0.0
4.25 14.125 0.0
4.75 14.125 0.0
5.25 14.125 0.0
5.75 14.125 0.0
6.25 14.125 0.0
6.75 14.125 0.0
7.25 14.125 0.0
7.75 14.125 0.0
8.25 14.125 0.0
8.75 14.125 0.0
0.25 14.375 70960.3514203
0.75 14.375 35480.1757101
1.25 14.375 35480.1757101
1.75 14.375 0.0
2.25 14.375 0.0
2.75 14.375 0.0
3.25 14.375 0.0
3.75 14.375 0.0
4.25 14.375 0.0
4.75 14.375 0.0
5.25 14.375 0.0
5.75 14.375 0.0
6.25 14.375 0.0
6.75 14.375 0.0
7.25 14.375 0.0
7.75 14.375 0.0
8.25 14.375 0.0
8.75 14.375 0.0
0.25 14.625 0.0
0.75 14.625 0.0
1.25 14.625 0.0
1.75 14.625 35480.1757101
2.25 14.625 35480.1757101
2.75 14.625 0.0
3.25 14.625 0.0
3.75 14.625 0.0
4.25 14.625 0.0
4.75 14.625 0.0
5.25 14.625 0.0
5.75 14.625 0.0
6.25 14.625 0.0
6.75 14.625 0.0
7.25 14.625 0.0
7.75 14.625 0.0
8.25 14.625 0.0
8.75 14.625 0.0
0.25 14.875 70960.3514203
0.75 14.875 0.0
1.25 14.875 0.0
1.75 14.875 35480.1757101
2.25 14.875 0.0
2.75 14.875 0.0
3.25 14.875 0.0
3.75 14.875 0.0
4.25 14.875 0.0
4.75 14.875 0.0
5.25 14.875 0.0
5.75 14.875 0.0
6.25 14.875 0.0
6.75 14.875 0.0
7.25 14.875 0.0
7.75 14.875 0.0
8.25 14.875 0.0
8.75 14.875 0.0
0.25 15.125 0.0
0.75 15.125 35480.1757101
1.25 15.125 0.0
1.75 15.125 0.0
2.25 15.125 0.0
2.75 15.125 35480.1757101
3.25 15.125 35480.1757101
3.75 15.125 35480.1757101
4.25 15.125 0.0
4.75 15.125 0.0
5.25 15.125 0.0
5.75 15.125 0.0
6.25 15.125 0.0
6.75 15.125 0.0
7.25 15.125 0.0
7.75 15.125 0.0
8.25 15.125 0.0
8.75 15.125 0.0
0.25 15.375 0.0
0.75 15.375 0.0
1.25 15.375 70960.3514203
1.75 15.375 70960.3514203
2.25 15.375 35480.1757101
2.75 15.375 70960.3514203
3.25 15.375 0.0
3.75 15.375 0.0
4.25 15.375 0.0
4.75 15.375 35480.1757101
5.25 15.375 0.0
5.75 15.375 0.0
6.25 15.375 0.0
6.75 15.375 0.0
7.25 15.375 0.0
7.75 15.375 0.0
8.25 15.375 0.0
8.75 15.375 0.0
0.25 15.625 35480.1757101
0.75 15.625 0.0
1.25 15.625 35480.1757101
1.75 15.625 0.0
2.25 15.625 0.0
2.75 15.625 0.0
3.25 15.625 35480.1757101
3.75 15.625 0.0
4.25 15.625 0.0
4.75 15.625 0.0
5.25 15.625 0.0
5.75 15.625 0.0
6.25 15.625 0.0
6.75 15.625 0.0
7.25 15.625 0.0
7.75 15.625 0.0
8.25 15.625 0.0
8.75 15.625 0.0
0.25 15.875 0.0
0.75 15.875 0.0
1.25 15.875 35480.1757101
1.75 15.875 0.0
2.25 15.875 0.0
2.75 15.875 0.0
3.25 15.875 35480.1757101
3.75 15.875 70960.3514203
4.25 15.875 0.0
4.75 15.875 0.0
5.25 15.875 0.0
5.75 15.875 0.0
6.25 15.875 0.0
6.75 15.875 0.0
7.25 15.875 0.0
7.75 15.875 0.0
8.25 15.875 0.0
8.75 15.875 0.0
0.25 16.125 35480.1757101
0.75 16.125 35480.1757101
1.25 16.125 0.0
1.75 16.125 0.0
2.25 16.125 0.0
2.75 16.125 0.0
3.25 16.125 0.0
3.75 16.125 35480.1757101
4.25 16.125 0.0
4.75 16.125 0.0
5.25 16.125 0.0
5.75 16.125 0.0
6.25 16.125 0.0
6.75 16.125 0.0
7.25 16.125 0.0
7.75 16.125 0.0
8.25 16.125 0.0
8.75 16.125 0.0
0.25 16.375 0.0
0.75 16.375 35480.1757101
1.25 16.375 0.0
1.75 16.375 35480.1757101
2.25 16.375 0.0
2.75 16.375 0.0
3.25 16.375 0.0
3.75 16.375 0.0
4.25 16.375 0.0
4.75 16.375 35480.1757101
5.25 16.375 0.0
5.75 16.375 0.0
6.25 16.375 0.0
6.75 16.375 0.0
7.25 16.375 0.0
7.75 16.375 0.0
8.25 16.375 0.0
8.75 16.375 0.0
0.25 16.625 0.0
0.75 16.625 0.0
1.25 16.625 0.0
1.75 16.625 0.0
2.25 16.625 0.0
2.75 16.625 0.0
3.25 16.625 0.0
3.75 16.625 0.0
4.25 16.625 0.0
4.75 16.625 0.0
5.25 16.625 0.0
5.75 16.625 0.0
6.25 16.625 0.0
6.75 16.625 0.0
7.25 16.625 0.0
7.75 16.625 0.0
8.25 16.625 0.0
8.75 16.625 0.0
0.25 16.875 35480.1757101
0.75 16.875 35480.1757101
1.25 16.875 0.0
1.75 16.875 35480.1757101
2.25 16.875 0.0
2.75 16.875 0.0
3.25 16.875 0.0
3.75 16.875 35480.1757101
4.25 16.875 0.0
4.75 16.875 0.0
5.25 16.875 0.0
5.75 16.875 0.0
6.25 16.875 0.0
6.75 16.875 0.0
7.25 16.875 0.0
7.75 16.875 0.0
8.25 16.875 0.0
8.75 16.875 0.0
0.25 17.125 0.0
0.75 17.125 35480.1757101
1.25 17.125 0.0
1.75 17.125 0.0
2.25 17.125 35480.1757101
2.75 17.125 0.0
3.25 17.125 35480.1757101
3.75 17.125 0.0
4.25 17.125 0.0
4.75 17.125 0.0
5.25 17.125 0.0
5.75 17.125 0.0
6.25 17.125 0.0
6.75 17.125 0.0
7.25 17.125 0.0
7.75 17.125 0.0
8.25 17.125 0.0
8.75 17.125 0.0
0.25 17.375 70960.3514203
0.75 17.375 0.0
1.25 17.375 0.0
1.75 17.375 35480.1757101
2.25 17.375 0.0
2.75 17.375 35480.1757101
3.25 17.375 0.0
3.75 17.375 0.0
4.25 17.375 0.0
4.75 17.375 0.0
5.25 17.375 0.0
5.75 17.375 0.0
6.25 17.375 0.0
6.75 17.375 0.0
7.25 17.375 0.0
7.75 17.375 0.0
8.25 17.375 0.0
8.75 17.375 0.0
0.25 17.625 35480.1757101
0.75 17.625 0.0
1.25 17.625 0.0
1.75 17.625 0.0
2.25 17.625 0.0
2.75 17.625 0.0
3.25 17.625 0.0
3.75 17.625 0.0
4.25 17.625 0.0
4.75 17.625 0.0
5.25 17.625 0.0
5.75 17.625 0.0
6.25 17.625 0.0
6.75 17.625 0.0
7.25 17.625 0.0
7.75 17.625 0.0
8.25 17.625 0.0
8.75 17.625 0.0
0.25 17.875 0.0
0.75 17.875 0.0
1.25 17.875 0.0
1.75 17.875 0.0
2.25 17.875 0.0
2.75 17.875 35480.1757101
3.25 17.875 0.0
3.75 17.875 0.0
4.25 17.875 0.0
4.75 17.875 0.0
5.25 17.875 0.0
5.75 17.875 0.0
6.25 17.875 0.0
6.75 17.875 0.0
7.25 17.875 0.0
7.75 17.875 0.0
8.25 17.875 0.0
8.75 17.875 0.0
0.25 18.125 0.0
0.75 18.125 0.0
1.25 18.125 0.0
1.75 18.125 0.0
2.25 18.125 0.0
2.75 18.125 0.0
3.25 18.125 0.0
3.75 18.125 0.0
4.25 18.125 0.0
4.75 18.125 0.0
5.25 18.125 0.0
5.75 18.125 0.0
6.25 18.125 0.0
6.75 18.125 0.0
7.25 18.125 0.0
7.75 18.125 0.0
8.25 18.125 0.0
8.75 18.125 0.0
0.25 18.375 0.0
0.75 18.375 0.0
1.25 18.375 0.0
1.75 18.375 0.0
2.25 18.375 0.0
2.75 18.375 0.0
3.25 18.375 35480.1757101
3.75 18.375 0.0
4.25 18.375 0.0
4.75 18.375 0.0
5.25 18.375 0.0
5.75 18.375 0.0
6.25 18.375 0.0
6.75 18.375 0.0
7.25 18.375 0.0
7.75 18.375 0.0
8.25 18.375 0.0
8.75 18.375 0.0
0.25 18.625 0.0
0.75 18.625 35480.1757101
1.25 18.625 0.0
1.75 18.625 35480.1757101
2.25 18.625 35480.1757101
2.75 18.625 0.0
3.25 18.625 0.0
3.75 18.625 0.0
4.25 18.625 0.0
4.75 18.625 0.0
5.25 18.625 0.0
5.75 18.625 0.0
6.25 18.625 0.0
6.75 18.625 0.0
7.25 18.625 0.0
7.75 18.625 0.0
8.25 18.625 0.0
8.75 18.625 0.0
0.25 18.875 0.0
0.75 18.875 0.0
1.25 18.875 0.0
1.75 18.875 0.0
2.25 18.875 35480.1757101
2.75 18.875 0.0
3.25 18.875 0.0
3.75 18.875 0.0
4.25 18.875 0.0
4.75 18.875 0.0
5.25 18.875 0.0
5.75 18.875 0.0
6.25 18.875 0.0
6.75 18.875 0.0
7.25 18.875 0.0
7.75 18.875 0.0
8.25 18.875 0.0
8.75 18.875 0.0
0.25 19.125 0.0
0.75 19.125 0.0
1.25 19.125 0.0
1.75 19.125 0.0
2.25 19.125 0.0
2.75 19.125 0.0
3.25 19.125 0.0
3.75 19.125 0.0
4.25 19.125 0.0
4.75 19.125 0.0
5.25 19.125 0.0
5.75 19.125 0.0
6.25 19.125 0.0
6.75 19.125 0.0
7.25 19.125 0.0
7.75 19.125 0.0
8.25 19.125 0.0
8.75 19.125 0.0
0.25 19.375 0.0
0.75 19.375 35480.1757101
1.25 19.375 0.0
1.75 19.375 0.0
2.25 19.375 35480.1757101
2.75 19.375 0.0
3.25 19.375 0.0
3.75 19.375 0.0
4.25 19.375 0.0
4.75 19.375 35480.1757101
5.25 19.375 0.0
5.75 19.375 0.0
6.25 19.375 0.0
6.75 19.375 0.0
7.25 19.375 0.0
7.75 19.375 0.0
8.25 19.375 0.0
8.75 19.375 0.0
0.25 19.625 0.0
0.75 19.625 35480.1757101
1.25 19.625 0.0
1.75 19.625 0.0
2.25 19.625 0.0
2.75 19.625 0.0
3.25 19.625 35480.1757101
3.75 19.625 35480.1757101
4.25 19.625 0.0
4.75 19.625 0.0
5.25 19.625 0.0
5.75 19.625 0.0
6.25 19.625 0.0
6.75 19.625 0.0
7.25 19.625 0.0
7.75 19.625 0.0
8.25 19.625 0.0
8.75 19.625 0.0
0.25 19.875 0.0
0.75 19.875 0.0
1.25 19.875 0.0
1.75 19.875 0.0
2.25 19.875 0.0
2.75 19.875 0.0
3.25 19.875 0.0
3.75 19.875 0.0
4.25 19.875 0.0
4.75 19.875 0.0
5.25 19.875 0.0
5.75 19.875 0.0
6.25 19.875 0.0
6.75 19.875 0.0
7.25 19.875 0.0
7.75 19.875 0.0
8.25 19.875 0.0
8.75 19.875 0.0
0.25 20.125 0.0
0.75 20.125 0.0
1.25 20.125 35480.1757101
1.75 20.125 0.0
2.25 20.125 35480.1757101
2.75 20.125 0.0
3.25 20.125 0.0
3.75 20.125 0.0
4.25 20.125 0.0
4.75 20.125 0.0
5.25 20.125 0.0
5.75 20.125 0.0
6.25 20.125 0.0
6.75 20.125 0.0
7.25 20.125 0.0
7.75 20.125 0.0
8.25 20.125 0.0
8.75 20.125 0.0
0.25 20.375 0.0
0.75 20.375 35480.1757101
1.25 20.375 0.0
1.75 20.375 0.0
2.25 20.375 0.0
2.75 20.375 0.0
3.25 20.375 0.0
3.75 20.375 0.0
4.25 20.375 0.0
4.75 20.375 0.0
5.25 20.375 0.0
5.75 20.375 0.0
6.25 20.375 0.0
6.75 20.375 0.0
7.25 20.375 0.0
7.75 20.375 0.0
8.25 20.375 0.0
8.75 20.375 0.0
0.25 20.625 0.0
0.75 20.625 0.0
1.25 20.625 0.0
1.75 20.625 0.0
2.25 20.625 0.0
2.75 20.625 0.0
3.25 20.625 0.0
3.75 20.625 0.0
4.25 20.625 0.0
4.75 20.625 0.0
5.25 20.625 0.0
5.75 20.625 0.0
6.25 20.625 0.0
6.75 20.625 0.0
7.25 20.625 0.0
7.75 20.625 0.0
8.25 20.625 0.0
8.75 20.625 0.0
0.25 20.875 0.0
0.75 20.875 35480.1757101
1.25 20.875 35480.1757101
1.75 20.875 0.0
2.25 20.875 0.0
2.75 20.875 0.0
3.25 20.875 0.0
3.75 20.875 0.0
4.25 20.875 35480.1757101
4.75 20.875 0.0
5.25 20.875 0.0
5.75 20.875 0.0
6.25 20.875 0.0
6.75 20.875 0.0
7.25 20.875 0.0
7.75 20.875 0.0
8.25 20.875 0.0
8.75 20.875 0.0
0.25 21.125 0.0
0.75 21.125 0.0
1.25 21.125 0.0
1.75 21.125 0.0
2.25 21.125 0.0
2.75 21.125 0.0
3.25 21.125 0.0
3.75 21.125 0.0
4.25 21.125 0.0
4.75 21.125 0.0
5.25 21.125 0.0
5.75 21.125 0.0
6.25 21.125 0.0
6.75 21.125 0.0
7.25 21.125 0.0
7.75 21.125 0.0
8.25 21.125 0.0
8.75 21.125 0.0
0.25 21.375 0.0
0.75 21.375 0.0
1.25 21.375 35480.1757101
1.75 21.375 0.0
2.25 21.375 0.0
2.75 21.375 0.0
3.25 21.375 0.0
3.75 21.375 0.0
4.25 21.375 0.0
4.75 21.375 0.0
5.25 21.375 0.0
5.75 21.375 0.0
6.25 21.375 0.0
6.75 21.375 0.0
7.25 21.375 0.0
7.75 21.375 0.0
8.25 21.375 0.0
8.75 21.375 0.0
0.25 21.625 35480.1757101
0.75 21.625 0.0
1.25 21.625 0.0
1.75 21.625 0.0
2.25 21.625 0.0
2.75 21.625 0.0
3.25 21.625 35480.1757101
3.75 21.625 0.0
4.25 21.625 0.0
4.75 21.625 0.0
5.25 21.625 0.0
5.75 21.625 0.0
6.25 21.625 0.0
6.75 21.625 0.0
7.25 21.625 0.0
7.75 21.625 0.0
8.25 21.625 0.0
8.75 21.625 0.0
0.25 21.875 0.0
0.75 21.875 0.0
1.25 21.875 0.0
1.75 21.875 35480.1757101
2.25 21.875 0.0
2.75 21.875 0.0
3.25 21.875 0.0
3.75 21.875 0.0
4.25 21.875 0.0
4.75 21.875 0.0
5.25 21.875 0.0
5.75 21.875 0.0
6.25 21.875 0.0
6.75 21.875 0.0
7.25 21.875 0.0
7.75 21.875 0.0
8.25 21.875 0.0
8.75 21.875 0.0
0.25 22.125 0.0
0.75 22.125 0.0
1.25 22.125 0.0
1.75 22.125 0.0
2.25 22.125 0.0
2.75 22.125 0.0
3.25 22.125 35480.1757101
3.75 22.125 0.0
4.25 22.125 0.0
4.75 22.125 0.0
5.25 22.125 0.0
5.75 22.125 0.0
6.25 22.125 0.0
6.75 22.125 0.0
7.25 22.125 0.0
7.75 22.125 0.0
8.25 22.125 0.0
8.75 22.125 0.0
0.25 22.375 0.0
0.75 22.375 0.0
1.25 22.375 0.0
1.75 22.375 0.0
2.25 22.375 0.0
2.75 22.375 0.0
3.25 22.375 0.0
3.75 22.375 0.0
4.25 22.375 0.0
4.75 22.375 0.0
5.25 22.375 0.0
5.75 22.375 0.0
6.25 22.375 0.0
6.75 22.375 0.0
7.25 22.375 0.0
7.75 22.375 0.0
8.25 22.375 0.0
8.75 22.375 0.0
0.25 22.625 0.0
0.75 22.625 0.0
1.25 22.625 0.0
1.75 22.625 0.0
2.25 22.625 0.0
2.75 22.625 0.0
3.25 22.625 0.0
3.75 22.625 0.0
4.25 22.625 0.0
4.75 22.625 0.0
5.25 22.625 0.0
5.75 22.625 0.0
6.25 22.625 0.0
6.75 22.625 0.0
7.25 22.625 0.0
7.75 22.625 0.0
8.25 22.625 0.0
8.75 22.625 0.0
0.25 22.875 0.0
0.75 22.875 0.0
1.25 22.875 0.0
1.75 22.875 0.0
2.25 22.875 0.0
2.75 22.875 0.0
3.25 22.875 0.0
3.75 22.875 0.0
4.25 22.875 35480.1757101
4.75 22.875 0.0
5.25 22.875 0.0
5.75 22.875 0.0
6.25 22.875 0.0
6.75 22.875 0.0
7.25 22.875 0.0
7.75 22.875 0.0
8.25 22.875 0.0
8.75 22.875 0.0
0.25 23.125 0.0
0.75 23.125 0.0
1.25 23.125 0.0
1.75 23.125 0.0
2.25 23.125 0.0
2.75 23.125 0.0
3.25 23.125 0.0
3.75 23.125 0.0
4.25 23.125 0.0
4.75 23.125 0.0
5.25 23.125 0.0
5.75 23.125 0.0
6.25 23.125 0.0
6.75 23.125 0.0
7.25 23.125 0.0
7.75 23.125 0.0
8.25 23.125 0.0
8.75 23.125 0.0
0.25 23.375 0.0
0.75 23.375 0.0
1.25 23.375 35480.1757101
1.75 23.375 0.0
2.25 23.375 0.0
2.75 23.375 0.0
3.25 23.375 0.0
3.75 23.375 35480.1757101
4.25 23.375 0.0
4.75 23.375 0.0
5.25 23.375 0.0
5.75 23.375 0.0
6.25 23.375 0.0
6.75 23.375 0.0
7.25 23.375 0.0
7.75 23.375 0.0
8.25 23.375 0.0
8.75 23.375 0.0
0.25 23.625 35480.1757101
0.75 23.625 0.0
1.25 23.625 0.0
1.75 23.625 0.0
2.25 23.625 0.0
2.75 23.625 0.0
3.25 23.625 0.0
3.75 23.625 0.0
4.25 23.625 0.0
4.75 23.625 0.0
5.25 23.625 0.0
5.75 23.625 0.0
6.25 23.625 0.0
6.75 23.625 0.0
7.25 23.625 0.0
7.75 23.625 0.0
8.25 23.625 0.0
8.75 23.625 0.0
0.25 23.875 0.0
0.75 23.875 0.0
1.25 23.875 0.0
1.75 23.875 0.0
2.25 23.875 0.0
2.75 23.875 0.0
3.25 23.875 0.0
3.75 23.875 0.0
4.25 23.875 0.0
4.75 23.875 0.0
5.25 23.875 0.0
5.75 23.875 0.0
6.25 23.875 0.0
6.75 23.875 0.0
7.25 23.875 0.0
7.75 23.875 0.0
8.25 23.875 0.0
8.75 23.875 0.0
0.25 24.125 0.0
0.75 24.125 0.0
1.25 24.125 0.0
1.75 24.125 0.0
2.25 24.125 0.0
2.75 24.125 0.0
3.25 24.125 0.0
3.75 24.125 0.0
4.25 24.125 35480.1757101
4.75 24.125 0.0
5.25 24.125 0.0
5.75 24.125 0.0
6.25 24.125 0.0
6.75 24.125 0.0
7.25 24.125 0.0
7.75 24.125 0.0
8.25 24.125 0.0
8.75 24.125 0.0
0.25 24.375 0.0
0.75 24.375 0.0
1.25 24.375 0.0
1.75 24.375 0.0
2.25 24.375 0.0
2.75 24.375 0.0
3.25 24.375 0.0
3.75 24.375 0.0
4.25 24.375 0.0
4.75 24.375 0.0
5.25 24.375 0.0
5.75 24.375 0.0
6.25 24.375 0.0
6.75 24.375 0.0
7.25 24.375 0.0
7.75 24.375 0.0
8.25 24.375 0.0
8.75 24.375 0.0
0.25 24.625 0.0
0.75 24.625 35480.1757101
1.25 24.625 0.0
1.75 24.625 0.0
2.25 24.625 0.0
2.75 24.625 0.0
3.25 24.625 0.0
3.75 24.625 0.0
4.25 24.625 0.0
4.75 24.625 0.0
5.25 24.625 0.0
5.75 24.625 0.0
6.25 24.625 0.0
6.75 24.625 0.0
7.25 24.625 0.0
7.75 24.625 0.0
8.25 24.625 0.0
8.75 24.625 0.0
0.25 24.875 0.0
0.75 24.875 0.0
1.25 24.875 0.0
1.75 24.875 0.0
2.25 24.875 35480.1757101
2.75 24.875 0.0
3.25 24.875 0.0
3.75 24.875 0.0
4.25 24.875 0.0
4.75 24.875 0.0
5.25 24.875 0.0
5.75 24.875 0.0
6.25 24.875 0.0
6.75 24.875 0.0
7.25 24.875 0.0
7.75 24.875 0.0
8.25 24.875 0.0
8.75 24.875 0.0
0.25 25.125 0.0
0.75 25.125 0.0
1.25 25.125 0.0
1.75 25.125 0.0
2.25 25.125 0.0
2.75 25.125 0.0
3.25 25.125 0.0
3.75 25.125 0.0
4.25 25.125 0.0
4.75 25.125 0.0
5.25 25.125 0.0
5.75 25.125 0.0
6.25 25.125 0.0
6.75 25.125 0.0
7.25 25.125 0.0
7.75 25.125 0.0
8.25 25.125 0.0
8.75 25.125 0.0
0.25 25.375 0.0
0.75 25.375 0.0
1.25 25.375 35480.1757101
1.75 25.375 0.0
2.25 25.375 0.0
2.75 25.375 0.0
3.25 25.375 0.0
3.75 25.375 0.0
4.25 25.375 0.0
4.75 25.375 0.0
5.25 25.375 0.0
5.75 25.375 0.0
6.25 25.375 0.0
6.75 25.375 0.0
7.25 25.375 0.0
7.75 25.375 0.0
8.25 25.375 0.0
8.75 25.375 0.0
0.25 25.625 0.0
0.75 25.625 0.0
1.25 25.625 0.0
1.75 25.625 0.0
2.25 25.625 0.0
2.75 25.625 0.0
3.25 25.625 0.0
3.75 25.625 0.0
4.25 25.625 0.0
4.75 25.625 0.0
5.25 25.625 0.0
5.75 25.625 0.0
6.25 25.625 0.0
6.75 25.625 0.0
7.25 25.625 0.0
7.75 25.625 0.0
8.25 25.625 0.0
8.75 25.625 0.0
0.25 25.875 0.0
0.75 25.875 0.0
1.25 25.875 35480.1757101
1.75 25.875 0.0
2.25 25.875 35480.1757101
2.75 25.875 0.0
3.25 25.875 0.0
3.75 25.875 0.0
4.25 25.875 0.0
4.75 25.875 0.0
5.25 25.875 0.0
5.75 25.875 0.0
6.25 25.875 0.0
6.75 25.875 0.0
7.25 25.875 0.0
7.75 25.875 0.0
8.25 25.875 0.0
8.75 25.875 0.0
0.25 26.125 0.0
0.75 26.125 0.0
1.25 26.125 0.0
1.75 26.125 0.0
2.25 26.125 0.0
2.75 26.125 0.0
3.25 26.125 0.0
3.75 26.125 0.0
4.25 26.125 0.0
4.75 26.125 0.0
5.25 26.125 0.0
5.75 26.125 0.0
6.25 26.125 0.0
6.75 26.125 0.0
7.25 26.125 0.0
7.75 26.125 0.0
8.25 26.125 0.0
8.75 26.125 0.0
0.25 26.375 0.0
0.75 26.375 0.0
1.25 26.375 0.0
1.75 26.375 70960.3514203
2.25 26.375 0.0
2.75 26.375 0.0
3.25 26.375 0.0
3.75 26.375 0.0
4.25 26.375 0.0
4.75 26.375 0.0
5.25 26.375 0.0
5.75 26.375 0.0
6.25 26.375 0.0
6.75 26.375 0.0
7.25 26.375 0.0
7.75 26.375 0.0
8.25 26.375 0.0
8.75 26.375 0.0
0.25 26.625 0.0
0.75 26.625 0.0
1.25 26.625 0.0
1.75 26.625 0.0
2.25 26.625 0.0
2.75 26.625 0.0
3.25 26.625 0.0
3.75 26.625 0.0
4.25 26.625 0.0
4.75 26.625 0.0
5.25 26.625 0.0
5.75 26.625 0.0
6.25 26.625 0.0
6.75 26.625 0.0
7.25 26.625 0.0
7.75 26.625 0.0
8.25 26.625 0.0
8.75 26.625 0.0
0.25 26.875 0.0
0.75 26.875 0.0
1.25 26.875 0.0
1.75 26.875 0.0
2.25 26.875 0.0
2.75 26.875 0.0
3.25 26.875 0.0
3.75 26.875 0.0
4.25 26.875 0.0
4.75 26.875 0.0
5.25 26.875 0.0
5.75 26.875 0.0
6.25 26.875 0.0
6.75 26.875 0.0
7.25 26.875 0.0
7.75 26.875 0.0
8.25 26.875 0.0
8.75 26.875 0.0
0.25 27.125 0.0
0.75 27.125 35480.1757101
1.25 27.125 0.0
1.75 27.125 0.0
2.25 27.125 0.0
2.75 27.125 0.0
3.25 27.125 0.0
3.75 27.125 0.0
4.25 27.125 0.0
4.75 27.125 0.0
5.25 27.125 0.0
5.75 27.125 0.0
6.25 27.125 0.0
6.75 27.125 0.0
7.25 27.125 0.0
7.75 27.125 0.0
8.25 27.125 0.0
8.75 27.125 0.0
0.25 27.375 0.0
0.75 27.375 0.0
1.25 27.375 0.0
1.75 27.375 0.0
2.25 27.375 0.0
2.75 27.375 0.0
3.25 27.375 0.0
3.75 27.375 0.0
4.25 27.375 0.0
4.75 27.375 0.0
5.25 27.375 0.0
5.75 27.375 0.0
6.25 27.375 0.0
6.75 27.375 0.0
7.25 27.375 0.0
7.75 27.375 0.0
8.25 27.375 0.0
8.75 27.375 0.0
0.25 27.625 0.0
0.75 27.625 0.0
1.25 27.625 0.0
1.75 27.625 0.0
2.25 27.625 0.0
2.75 27.625 0.0
3.25 27.625 0.0
3.75 27.625 0.0
4.25 27.625 0.0
4.75 27.625 0.0
5.25 27.625 0.0
5.75 27.625 0.0
6.25 27.625 0.0
6.75 27.625 0.0
7.25 27.625 0.0
7.75 27.625 0.0
8.25 27.625 0.0
8.75 27.625 0.0
0.25 27.875 0.0
0.75 27.875 0.0
1.25 27.875 0.0
1.75 27.875 0.0
2.25 27.875 0.0
2.75 27.875 0.0
3.25 27.875 0.0
3.75 27.875 0.0
4.25 27.875 0.0
4.75 27.875 0.0
5.25 27.875 0.0
5.75 27.875 0.0
6.25 27.875 0.0
6.75 27.875 0.0
7.25 27.875 0.0
7.75 27.875 0.0
8.25 27.875 0.0
8.75 27.875 0.0
0.25 28.125 0.0
0.75 28.125 0.0
1.25 28.125 0.0
1.75 28.125 0.0
2.25 28.125 0.0
2.75 28.125 0.0
3.25 28.125 0.0
3.75 28.125 0.0
4.25 28.125 0.0
4.75 28.125 0.0
5.25 28.125 0.0
5.75 28.125 0.0
6.25 28.125 0.0
6.75 28.125 0.0
7.25 28.125 0.0
7.75 28.125 0.0
8.25 28.125 0.0
8.75 28.125 0.0
0.25 28.375 0.0
0.75 28.375 0.0
1.25 28.375 0.0
1.75 28.375 0.0
2.25 28.375 0.0
2.75 28.375 0.0
3.25 28.375 0.0
3.75 28.375 0.0
4.25 28.375 0.0
4.75 28.375 0.0
5.25 28.375 0.0
5.75 28.375 0.0
6.25 28.375 0.0
6.75 28.375 0.0
7.25 28.375 0.0
7.75 28.375 0.0
8.25 28.375 0.0
8.75 28.375 0.0
0.25 28.625 35480.1757101
0.75 28.625 0.0
1.25 28.625 0.0
1.75 28.625 0.0
2.25 28.625 0.0
2.75 28.625 0.0
3.25 28.625 0.0
3.75 28.625 0.0
4.25 28.625 0.0
4.75 28.625 0.0
5.25 28.625 0.0
5.75 28.625 0.0
6.25 28.625 0.0
6.75 28.625 0.0
7.25 28.625 0.0
7.75 28.625 0.0
8.25 28.625 0.0
8.75 28.625 0.0
0.25 28.875 0.0
0.75 28.875 0.0
1.25 28.875 0.0
1.75 28.875 0.0
2.25 28.875 0.0
2.75 28.875 0.0
3.25 28.875 0.0
3.75 28.875 0.0
4.25 28.875 0.0
4.75 28.875 0.0
5.25 28.875 0.0
5.75 28.875 0.0
6.25 28.875 0.0
6.75 28.875 0.0
7.25 28.875 0.0
7.75 28.875 0.0
8.25 28.875 0.0
8.75 28.875 0.0
0.25 29.125 0.0
0.75 29.125 0.0
1.25 29.125 0.0
1.75 29.125 0.0
2.25 29.125 0.0
2.75 29.125 0.0
3.25 29.125 0.0
3.75 29.125 0.0
4.25 29.125 0.0
4.75 29.125 0.0
5.25 29.125 0.0
5.75 29.125 0.0
6.25 29.125 0.0
6.75 29.125 0.0
7.25 29.125 0.0
7.75 29.125 0.0
8.25 29.125 0.0
8.75 29.125 0.0
0.25 29.375 0.0
0.75 29.375 0.0
1.25 29.375 0.0
1.75 29.375 0.0
2.25 29.375 0.0
2.75 29.375 0.0
3.25 29.375 0.0
3.75 29.375 0.0
4.25 29.375 0.0
4.75 29.375 0.0
5.25 29.375 0.0
5.75 29.375 0.0
6.25 29.375 0.0
6.75 29.375 0.0
7.25 29.375 0.0
7.75 29.375 0.0
8.25 29.375 0.0
8.75 29.375 0.0
0.25 29.625 0.0
0.75 29.625 0.0
1.25 29.625 0.0
1.75 29.625 0.0
2.25 29.625 0.0
2.75 29.625 0.0
3.25 29.625 0.0
3.75 29.625 0.0
4.25 29.625 0.0
4.75 29.625 0.0
5.25 29.625 0.0
5.75 29.625 0.0
6.25 29.625 0.0
6.75 29.625 0.0
7.25 29.625 0.0
7.75 29.625 0.0
8.25 29.625 0.0
8.75 29.625 0.0
0.25 29.875 0.0
0.75 29.875 0.0
1.25 29.875 0.0
1.75 29.875 0.0
2.25 29.875 0.0
2.75 29.875 0.0
3.25 29.875 0.0
3.75 29.875 0.0
4.25 29.875 0.0
4.75 29.875 0.0
5.25 29.875 0.0
5.75 29.875 0.0
6.25 29.875 0.0
6.75 29.875 0.0
7.25 29.875 0.0
7.75 29.875 0.0
8.25 29.875 0.0
8.75 29.875 0.0
