11.294627058970837 0.0
14.219093021276404 10.135187517759006
17.900777537149963 3027.559721103676
22.535743732392298 2711.7556530077686
28.370820458389794 4732.574713788826
35.71674682851676 6312.424520864039
44.96472020903849 5937.544047116215
56.60722890537329 18501.22027189548
71.26427896022373 27998.313869609447
89.71641173621407 52624.56148005331
112.94627058970838 61815.47582480416
142.1909302127641 98748.06379325586
179.00777537149963 115792.84546890558
225.35743732392305 166680.7098502835
283.7082045838981 225980.1598501365
357.1674682851676 278016.5482659156
449.6472020903849 296176.515623627
566.0722890537327 304493.81643160665
712.6427896022376 310194.70846283506
897.164117362141 256137.36076593772
1129.4627058970837 175457.1132451878
1421.9093021276408 113620.72990226652
1790.0777537149975 52596.439406621736
2253.5743732392316 21501.891385333613
2837.082045838981 6149.760981071275
3571.674682851676 991.4570611892268
4496.47202090385 202.50068579846993
5660.72289053733 5.985092810820788
7126.427896022379 0.032097732182592154
8971.64117362141 0.0
