0.25 0.125 3157735.6382
0.75 0.125 3122255.46249
1.25 0.125 3228695.98962
1.75 0.125 2731973.52968
2.25 0.125 3051295.11107
2.75 0.125 2554572.65113
3.25 0.125 3193215.81391
3.75 0.125 2767453.70539
4.25 0.125 2341691.59687
4.75 0.125 2519092.47542
5.25 0.125 2909374.40823
5.75 0.125 3157735.6382
6.25 0.125 2377171.77258
6.75 0.125 1880449.31264
7.25 0.125 1028925.09559
7.75 0.125 212881.054261
8.25 0.125 0.0
8.75 0.125 0.0
0.25 0.375 7628237.77768
0.75 0.375 7096035.14203
1.25 0.375 6599312.68209
1.75 0.375 7876599.00765
2.25 0.375 6847673.91206
2.75 0.375 5818748.81646
3.25 0.375 6883154.08777
3.75 0.375 6847673.91206
4.25 0.375 6847673.91206
4.75 0.375 6350951.45212
5.25 0.375 6741233.38493
5.75 0.375 6031629.87072
6.25 0.375 4541462.4909
6.75 0.375 4080220.20667
7.25 0.375 1915929.48835
7.75 0.375 638643.162783
8.25 0.375 35480.1757101
8.75 0.375 0.0
0.25 0.625 12489021.85
0.75 0.625 11956819.2143
1.25 0.625 11247215.7001
1.75 0.625 10573092.3616
2.25 0.625 9686087.96887
2.75 0.625 9082924.9818
3.25 0.625 9153885.33322
3.75 0.625 9828008.67171
4.25 0.625 9792528.496
4.75 0.625 9579647.44174
5.25 0.625 9118405.15751
5.75 0.625 8976484.45467
6.25 0.625 7237955.84487
6.75 0.625 4718863.36945
7.25 0.625 3157735.6382
7.75 0.625 993444.919884
8.25 0.625 0.0
8.75 0.625 0.0
0.25 0.875 15256475.5554
0.75 0.875 14050149.5812
1.25 0.875 13376026.2427
1.75 0.875 12489021.85
2.25 0.875 13482466.7699
2.75 0.875 11318176.0515
3.25 0.875 11389136.403
3.75 0.875 10324731.1317
4.25 0.875 10750493.2402
4.75 0.875 10324731.1317
5.25 0.875 9934449.19884
5.75 0.875 8479761.99472
6.25 0.875 7060554.96632
6.75 0.875 4789823.72087
7.25 0.875 3370616.69246
7.75 0.875 603162.987072
8.25 0.875 70960.3514203
8.75 0.875 0.0
0.25 1.125 13766308.1755
0.75 1.125 13908228.8784
1.25 1.125 13943709.0541
1.75 1.125 12595462.3771
2.25 1.125 12559982.2014
2.75 1.125 12559982.2014
3.25 1.125 12347101.1471
3.75 1.125 11708457.9843
4.25 1.125 10040889.726
4.75 1.125 9934449.19884
5.25 1.125 9579647.44174
5.75 1.125 7947559.35907
6.25 1.125 5428466.88365
6.75 1.125 4115700.38238
7.25 1.125 3299656.34104
7.75 1.125 461242.284232
8.25 1.125 35480.1757101
8.75 1.125 0.0
0.25 1.375 11672977.8086
0.75 1.375 12240660.62
1.25 1.375 10715013.0645
1.75 1.375 11247215.7001
2.25 1.375 10182810.4288
2.75 1.375 11211735.5244
3.25 1.375 9508687.09032
3.75 1.375 9366766.38748
4.25 1.375 9011964.63038
4.75 1.375 6954114.43919
5.25 1.375 6528352.33067
5.75 1.375 5215585.82939
6.25 1.375 4435021.96377
6.75 1.375 2696493.35397
7.25 1.375 1525647.55554
7.75 1.375 141920.702841
8.25 1.375 0.0
8.75 1.375 0.0
0.25 1.625 9260325.86035
0.75 1.625 9331286.21177
1.25 1.625 9686087.96887
1.75 1.625 9260325.86035
2.25 1.625 9437726.7389
2.75 1.625 7202475.66916
3.25 1.625 8160440.41333
3.75 1.625 7344396.372
4.25 1.625 6386431.62783
4.75 1.625 5251066.0051
5.25 1.625 4293101.26093
5.75 1.625 3370616.69246
6.25 1.625 3193215.81391
6.75 1.625 1951409.66406
7.25 1.625 674123.338493
7.75 1.625 141920.702841
8.25 1.625 0.0
8.75 1.625 0.0
0.25 1.875 6634792.8578
0.75 1.875 7734678.30481
1.25 1.875 6918634.26348
1.75 1.875 7096035.14203
2.25 1.875 6776713.56064
2.75 1.875 5676828.11362
3.25 1.875 5286546.18081
3.75 1.875 5144625.47797
4.25 1.875 5038184.95084
4.75 1.875 3689938.27385
5.25 1.875 3406096.86817
5.75 1.875 2341691.59687
6.25 1.875 1915929.48835
6.75 1.875 1028925.09559
7.25 1.875 390281.932812
7.75 1.875 70960.3514203
8.25 1.875 0.0
8.75 1.875 0.0
0.25 2.125 5499427.23507
0.75 2.125 5641347.93791
1.25 2.125 4896264.248
1.75 2.125 5144625.47797
2.25 2.125 5499427.23507
2.75 2.125 4115700.38238
3.25 2.125 3299656.34104
3.75 2.125 4009259.85525
4.25 2.125 2235251.06974
4.75 2.125 2199770.89403
5.25 2.125 2022370.01548
5.75 2.125 1844969.13693
6.25 2.125 957964.744174
6.75 2.125 425762.108522
7.25 2.125 212881.054261
7.75 2.125 35480.1757101
8.25 2.125 0.0
8.75 2.125 0.0
0.25 2.375 4293101.26093
0.75 2.375 4470502.13948
1.25 2.375 4364061.61235
1.75 2.375 3902819.32812
2.25 2.375 4576942.66661
2.75 2.375 4009259.85525
3.25 2.375 3264176.16533
3.75 2.375 2980334.75965
4.25 2.375 2519092.47542
4.75 2.375 1915929.48835
5.25 2.375 1277286.32557
5.75 2.375 816044.041333
6.25 2.375 709603.514203
6.75 2.375 177400.878551
7.25 2.375 35480.1757101
7.75 2.375 0.0
8.25 2.375 0.0
8.75 2.375 0.0
0.25 2.625 3654458.09814
0.75 2.625 3477057.21959
1.25 2.625 3264176.16533
1.75 2.625 3157735.6382
2.25 2.625 2128810.54261
2.75 2.625 3157735.6382
3.25 2.625 2306211.42116
3.75 2.625 1986889.83977
4.25 2.625 2057850.19119
4.75 2.625 1312766.50128
5.25 2.625 1383726.8527
5.75 2.625 532202.635652
6.25 2.625 354801.757101
6.75 2.625 319321.581391
7.25 2.625 141920.702841
7.75 2.625 0.0
8.25 2.625 0.0
8.75 2.625 0.0
0.25 2.875 2838414.05681
0.75 2.875 3228695.98962
1.25 2.875 2377171.77258
1.75 2.875 2767453.70539
2.25 2.875 2448132.124
2.75 2.875 1561127.73125
3.25 2.875 1951409.66406
3.75 2.875 1490167.37983
4.25 2.875 1028925.09559
4.75 2.875 1099885.44701
5.25 2.875 638643.162783
5.75 2.875 780563.865623
6.25 2.875 354801.757101
6.75 2.875 212881.054261
7.25 2.875 141920.702841
7.75 2.875 0.0
8.25 2.875 0.0
8.75 2.875 0.0
0.25 3.125 2022370.01548
0.75 3.125 2235251.06974
1.25 3.125 1915929.48835
1.75 3.125 1915929.48835
2.25 3.125 2057850.19119
2.75 3.125 1277286.32557
3.25 3.125 1348246.67699
3.75 3.125 1419207.02841
4.25 3.125 1099885.44701
4.75 3.125 1099885.44701
5.25 3.125 567682.811362
5.75 3.125 461242.284232
6.25 3.125 248361.229971
6.75 3.125 141920.702841
7.25 3.125 35480.1757101
7.75 3.125 0.0
8.25 3.125 0.0
8.75 3.125 0.0
0.25 3.375 1632088.08267
0.75 3.375 1915929.48835
1.25 3.375 1454687.20412
1.75 3.375 1312766.50128
2.25 3.375 1206325.97414
2.75 3.375 1099885.44701
3.25 3.375 1277286.32557
3.75 3.375 922484.568464
4.25 3.375 922484.568464
4.75 3.375 603162.987072
5.25 3.375 603162.987072
5.75 3.375 354801.757101
6.25 3.375 70960.3514203
6.75 3.375 70960.3514203
7.25 3.375 0.0
7.75 3.375 0.0
8.25 3.375 0.0
8.75 3.375 0.0
0.25 3.625 1383726.8527
0.75 3.625 1277286.32557
1.25 3.625 1206325.97414
1.75 3.625 887004.392754
2.25 3.625 1028925.09559
2.75 3.625 1312766.50128
3.25 3.625 1028925.09559
3.75 3.625 851524.217043
4.25 3.625 674123.338493
4.75 3.625 532202.635652
5.25 3.625 319321.581391
5.75 3.625 496722.459942
6.25 3.625 35480.1757101
6.75 3.625 35480.1757101
7.25 3.625 0.0
7.75 3.625 0.0
8.25 3.625 0.0
8.75 3.625 0.0
0.25 3.875 1099885.44701
0.75 3.875 1028925.09559
1.25 3.875 780563.865623
1.75 3.875 922484.568464
2.25 3.875 567682.811362
2.75 3.875 780563.865623
3.25 3.875 922484.568464
3.75 3.875 567682.811362
4.25 3.875 319321.581391
4.75 3.875 248361.229971
5.25 3.875 106440.52713
5.75 3.875 177400.878551
6.25 3.875 70960.3514203
6.75 3.875 35480.1757101
7.25 3.875 0.0
7.75 3.875 0.0
8.25 3.875 0.0
8.75 3.875 0.0
0.25 4.125 1028925.09559
0.75 4.125 816044.041333
1.25 4.125 887004.392754
1.75 4.125 816044.041333
2.25 4.125 887004.392754
2.75 4.125 887004.392754
3.25 4.125 390281.932812
3.75 4.125 390281.932812
4.25 4.125 461242.284232
4.75 4.125 212881.054261
5.25 4.125 319321.581391
5.75 4.125 70960.3514203
6.25 4.125 35480.1757101
6.75 4.125 35480.1757101
7.25 4.125 0.0
7.75 4.125 0.0
8.25 4.125 0.0
8.75 4.125 0.0
0.25 4.375 709603.514203
0.75 4.375 638643.162783
1.25 4.375 425762.108522
1.75 4.375 638643.162783
2.25 4.375 532202.635652
2.75 4.375 638643.162783
3.25 4.375 461242.284232
3.75 4.375 390281.932812
4.25 4.375 248361.229971
4.75 4.375 141920.702841
5.25 4.375 283841.405681
5.75 4.375 70960.3514203
6.25 4.375 70960.3514203
6.75 4.375 0.0
7.25 4.375 0.0
7.75 4.375 0.0
8.25 4.375 0.0
8.75 4.375 0.0
0.25 4.625 638643.162783
0.75 4.625 603162.987072
1.25 4.625 532202.635652
1.75 4.625 532202.635652
2.25 4.625 425762.108522
2.75 4.625 390281.932812
3.25 4.625 461242.284232
3.75 4.625 425762.108522
4.25 4.625 354801.757101
4.75 4.625 248361.229971
5.25 4.625 70960.3514203
5.75 4.625 70960.3514203
6.25 4.625 70960.3514203
6.75 4.625 0.0
7.25 4.625 0.0
7.75 4.625 0.0
8.25 4.625 0.0
8.75 4.625 0.0
0.25 4.875 354801.757101
0.75 4.875 461242.284232
1.25 4.875 319321.581391
1.75 4.875 390281.932812
2.25 4.875 425762.108522
2.75 4.875 319321.581391
3.25 4.875 212881.054261
3.75 4.875 283841.405681
4.25 4.875 248361.229971
4.75 4.875 177400.878551
5.25 4.875 177400.878551
5.75 4.875 35480.1757101
6.25 4.875 0.0
6.75 4.875 0.0
7.25 4.875 0.0
7.75 4.875 0.0
8.25 4.875 0.0
8.75 4.875 0.0
0.25 5.125 390281.932812
0.75 5.125 425762.108522
1.25 5.125 638643.162783
1.75 5.125 35480.1757101
2.25 5.125 354801.757101
2.75 5.125 212881.054261
3.25 5.125 390281.932812
3.75 5.125 106440.52713
4.25 5.125 141920.702841
4.75 5.125 177400.878551
5.25 5.125 106440.52713
5.75 5.125 35480.1757101
6.25 5.125 0.0
6.75 5.125 0.0
7.25 5.125 0.0
7.75 5.125 0.0
8.25 5.125 0.0
8.75 5.125 0.0
0.25 5.375 496722.459942
0.75 5.375 461242.284232
1.25 5.375 283841.405681
1.75 5.375 319321.581391
2.25 5.375 425762.108522
2.75 5.375 390281.932812
3.25 5.375 177400.878551
3.75 5.375 283841.405681
4.25 5.375 106440.52713
4.75 5.375 35480.1757101
5.25 5.375 0.0
5.75 5.375 0.0
6.25 5.375 0.0
6.75 5.375 0.0
7.25 5.375 0.0
7.75 5.375 0.0
8.25 5.375 0.0
8.75 5.375 0.0
0.25 5.625 390281.932812
0.75 5.625 248361.229971
1.25 5.625 283841.405681
1.75 5.625 283841.405681
2.25 5.625 319321.581391
2.75 5.625 177400.878551
3.25 5.625 177400.878551
3.75 5.625 283841.405681
4.25 5.625 70960.3514203
4.75 5.625 70960.3514203
5.25 5.625 70960.3514203
5.75 5.625 0.0
6.25 5.625 0.0
6.75 5.625 0.0
7.25 5.625 0.0
7.75 5.625 0.0
8.25 5.625 0.0
8.75 5.625 0.0
0.25 5.875 283841.405681
0.75 5.875 212881.054261
1.25 5.875 319321.581391
1.75 5.875 354801.757101
2.25 5.875 70960.3514203
2.75 5.875 354801.757101
3.25 5.875 141920.702841
3.75 5.875 177400.878551
4.25 5.875 70960.3514203
4.75 5.875 35480.1757101
5.25 5.875 0.0
5.75 5.875 0.0
6.25 5.875 0.0
6.75 5.875 0.0
7.25 5.875 0.0
7.75 5.875 0.0
8.25 5.875 0.0
8.75 5.875 0.0
0.25 6.125 248361.229971
0.75 6.125 212881.054261
1.25 6.125 283841.405681
1.75 6.125 70960.3514203
2.25 6.125 141920.702841
2.75 6.125 141920.702841
3.25 6.125 141920.702841
3.75 6.125 212881.054261
4.25 6.125 70960.3514203
4.75 6.125 35480.1757101
5.25 6.125 35480.1757101
5.75 6.125 35480.1757101
6.25 6.125 0.0
6.75 6.125 0.0
7.25 6.125 0.0
7.75 6.125 0.0
8.25 6.125 0.0
8.75 6.125 0.0
0.25 6.375 106440.52713
0.75 6.375 212881.054261
1.25 6.375 141920.702841
1.75 6.375 141920.702841
2.25 6.375 177400.878551
2.75 6.375 106440.52713
3.25 6.375 0.0
3.75 6.375 35480.1757101
4.25 6.375 141920.702841
4.75 6.375 106440.52713
5.25 6.375 35480.1757101
5.75 6.375 35480.1757101
6.25 6.375 35480.1757101
6.75 6.375 0.0
7.25 6.375 0.0
7.75 6.375 0.0
8.25 6.375 0.0
8.75 6.375 0.0
0.25 6.625 70960.3514203
0.75 6.625 283841.405681
1.25 6.625 212881.054261
1.75 6.625 106440.52713
2.25 6.625 177400.878551
2.75 6.625 70960.3514203
3.25 6.625 35480.1757101
3.75 6.625 106440.52713
4.25 6.625 70960.3514203
4.75 6.625 35480.1757101
5.25 6.625 0.0
5.75 6.625 0.0
6.25 6.625 0.0
6.75 6.625 0.0
7.25 6.625 0.0
7.75 6.625 0.0
8.25 6.625 0.0
8.75 6.625 0.0
0.25 6.875 106440.52713
0.75 6.875 106440.52713
1.25 6.875 141920.702841
1.75 6.875 177400.878551
2.25 6.875 35480.1757101
2.75 6.875 35480.1757101
3.25 6.875 70960.3514203
3.75 6.875 70960.3514203
4.25 6.875 35480.1757101
4.75 6.875 35480.1757101
5.25 6.875 35480.1757101
5.75 6.875 0.0
6.25 6.875 0.0
6.75 6.875 0.0
7.25 6.875 0.0
7.75 6.875 0.0
8.25 6.875 0.0
8.75 6.875 0.0
0.25 7.125 70960.3514203
0.75 7.125 106440.52713
1.25 7.125 70960.3514203
1.75 7.125 212881.054261
2.25 7.125 141920.702841
2.75 7.125 106440.52713
3.25 7.125 35480.1757101
3.75 7.125 35480.1757101
4.25 7.125 70960.3514203
4.75 7.125 35480.1757101
5.25 7.125 0.0
5.75 7.125 0.0
6.25 7.125 0.0
6.75 7.125 0.0
7.25 7.125 0.0
7.75 7.125 0.0
8.25 7.125 0.0
8.75 7.125 0.0
0.25 7.375 212881.054261
0.75 7.375 35480.1757101
1.25 7.375 35480.1757101
1.75 7.375 212881.054261
2.25 7.375 0.0
2.75 7.375 35480.1757101
3.25 7.375 70960.3514203
3.75 7.375 70960.3514203
4.25 7.375 35480.1757101
4.75 7.375 106440.52713
5.25 7.375 35480.1757101
5.75 7.375 0.0
6.25 7.375 0.0
6.75 7.375 0.0
7.25 7.375 0.0
7.75 7.375 0.0
8.25 7.375 0.0
8.75 7.375 0.0
0.25 7.625 70960.3514203
0.75 7.625 70960.3514203
1.25 7.625 70960.3514203
1.75 7.625 106440.52713
2.25 7.625 141920.702841
2.75 7.625 0.0
3.25 7.625 0.0
3.75 7.625 141920.702841
4.25 7.625 70960.3514203
4.75 7.625 35480.1757101
5.25 7.625 35480.1757101
5.75 7.625 0.0
6.25 7.625 0.0
6.75 7.625 0.0
7.25 7.625 0.0
7.75 7.625 0.0
8.25 7.625 0.0
8.75 7.625 0.0
0.25 7.875 70960.3514203
0.75 7.875 35480.1757101
1.25 7.875 70960.3514203
1.75 7.875 141920.702841
2.25 7.875 141920.702841
2.75 7.875 106440.52713
3.25 7.875 70960.3514203
3.75 7.875 70960.3514203
4.25 7.875 0.0
4.75 7.875 0.0
5.25 7.875 0.0
5.75 7.875 0.0
6.25 7.875 0.0
6.75 7.875 0.0
7.25 7.875 0.0
7.75 7.875 0.0
8.25 7.875 0.0
8.75 7.875 0.0
0.25 8.125 70960.3514203
0.75 8.125 141920.702841
1.25 8.125 70960.3514203
1.75 8.125 35480.1757101
2.25 8.125 0.0
2.75 8.125 0.0
3.25 8.125 35480.1757101
3.75 8.125 35480.1757101
4.25 8.125 0.0
4.75 8.125 0.0
5.25 8.125 35480.1757101
5.75 8.125 0.0
6.25 8.125 0.0
6.75 8.125 0.0
7.25 8.125 0.0
7.75 8.125 0.0
8.25 8.125 0.0
8.75 8.125 0.0
0.25 8.375 106440.52713
0.75 8.375 106440.52713
1.25 8.375 177400.878551
1.75 8.375 35480.1757101
2.25 8.375 106440.52713
2.75 8.375 70960.3514203
3.25 8.375 35480.1757101
3.75 8.375 0.0
4.25 8.375 106440.52713
4.75 8.375 0.0
5.25 8.375 0.0
5.75 8.375 0.0
6.25 8.375 0.0
6.75 8.375 0.0
7.25 8.375 0.0
7.75 8.375 0.0
8.25 8.375 0.0
8.75 8.375 0.0
0.25 8.625 70960.3514203
0.75 8.625 35480.1757101
1.25 8.625 70960.3514203
1.75 8.625 106440.52713
2.25 8.625 0.0
2.75 8.625 35480.1757101
3.25 8.625 35480.1757101
3.75 8.625 35480.1757101
4.25 8.625 0.0
4.75 8.625 0.0
5.25 8.625 0.0
5.75 8.625 0.0
6.25 8.625 0.0
6.75 8.625 0.0
7.25 8.625 0.0
7.75 8.625 0.0
8.25 8.625 0.0
8.75 8.625 0.0
0.25 8.875 0.0
0.75 8.875 35480.1757101
1.25 8.875 70960.3514203
1.75 8.875 70960.3514203
2.25 8.875 0.0
2.75 8.875 35480.1757101
3.25 8.875 0.0
3.75 8.875 106440.52713
4.25 8.875 0.0
4.75 8.875 0.0
5.25 8.875 0.0
5.75 8.875 0.0
6.25 8.875 0.0
6.75 8.875 0.0
7.25 8.875 0.0
7.75 8.875 0.0
8.25 8.875 0.0
8.75 8.875 0.0
0.25 9.125 70960.3514203
0.75 9.125 35480.1757101
1.25 9.125 35480.1757101
1.75 9.125 35480.1757101
2.25 9.125 35480.1757101
2.75 9.125 0.0
3.25 9.125 35480.1757101
3.75 9.125 0.0
4.25 9.125 0.0
4.75 9.125 0.0
5.25 9.125 0.0
5.75 9.125 0.0
6.25 9.125 0.0
6.75 9.125 0.0
7.25 9.125 0.0
7.75 9.125 0.0
8.25 9.125 0.0
8.75 9.125 0.0
0.25 9.375 0.0
0.75 9.375 35480.1757101
1.25 9.375 35480.1757101
1.75 9.375 35480.1757101
2.25 9.375 0.0
2.75 9.375 0.0
3.25 9.375 0.0
3.75 9.375 70960.3514203
4.25 9.375 0.0
4.75 9.375 0.0
5.25 9.375 0.0
5.75 9.375 0.0
6.25 9.375 0.0
6.75 9.375 0.0
7.25 9.375 0.0
7.75 9.375 0.0
8.25 9.375 0.0
8.75 9.375 0.0
0.25 9.625 0.0
0.75 9.625 35480.1757101
1.25 9.625 0.0
1.75 9.625 0.0
2.25 9.625 0.0
2.75 9.625 35480.1757101
3.25 9.625 0.0
3.75 9.625 35480.1757101
4.25 9.625 0.0
4.75 9.625 0.0
5.25 9.625 0.0
5.75 9.625 0.0
6.25 9.625 0.0
6.75 9.625 0.0
7.25 9.625 0.0
7.75 9.625 0.0
8.25 9.625 0.0
8.75 9.625 0.0
0.25 9.875 70960.3514203
0.75 9.875 35480.1757101
1.25 9.875 0.0
1.75 9.875 0.0
2.25 9.875 35480.1757101
2.75 9.875 0.0
3.25 9.875 0.0
3.75 9.875 0.0
4.25 9.875 0.0
4.75 9.875 35480.1757101
5.25 9.875 0.0
5.75 9.875 0.0
6.25 9.875 0.0
6.75 9.875 0.0
7.25 9.875 0.0
7.75 9.875 0.0
8.25 9.875 0.0
8.75 9.875 0.0
0.25 10.125 0.0
0.75 10.125 35480.1757101
1.25 10.125 35480.1757101
1.75 10.125 0.0
2.25 10.125 35480.1757101
2.75 10.125 35480.1757101
3.25 10.125 70960.3514203
3.75 10.125 35480.1757101
4.25 10.125 0.0
4.75 10.125 0.0
5.25 10.125 0.0
5.75 10.125 0.0
6.25 10.125 0.0
6.75 10.125 0.0
7.25 10.125 0.0
7.75 10.125 0.0
8.25 10.125 0.0
8.75 10.125 0.0
0.25 10.375 35480.1757101
0.75 10.375 0.0
1.25 10.375 35480.1757101
1.75 10.375 0.0
2.25 10.375 35480.1757101
2.75 10.375 35480.1757101
3.25 10.375 0.0
3.75 10.375 0.0
4.25 10.375 70960.3514203
4.75 10.375 35480.1757101
5.25 10.375 0.0
5.75 10.375 0.0
6.25 10.375 0.0
6.75 10.375 0.0
7.25 10.375 0.0
7.75 10.375 0.0
8.25 10.375 0.0
8.75 10.375 0.0
0.25 10.625 0.0
0.75 10.625 35480.1757101
1.25 10.625 0.0
1.75 10.625 35480.1757101
2.25 10.625 0.0
2.75 10.625 0.0
3.25 10.625 0.0
3.75 10.625 35480.1757101
4.25 10.625 0.0
4.75 10.625 0.0
5.25 10.625 0.0
5.75 10.625 0.0
6.25 10.625 0.0
6.75 10.625 0.0
7.25 10.625 0.0
7.75 10.625 0.0
8.25 10.625 0.0
8.75 10.625 0.0
0.25 10.875 35480.1757101
0.75 10.875 0.0
1.25 10.875 0.0
1.75 10.875 0.0
2.25 10.875 70960.3514203
2.75 10.875 0.0
3.25 10.875 35480.1757101
3.75 10.875 0.0
4.25 10.875 35480.1757101
4.75 10.875 0.0
5.25 10.875 35480.1757101
5.75 10.875 0.0
6.25 10.875 0.0
6.75 10.875 0.0
7.25 10.875 0.0
7.75 10.875 0.0
8.25 10.875 0.0
8.75 10.875 0.0
0.25 11.125 35480.1757101
0.75 11.125 0.0
1.25 11.125 0.0
1.75 11.125 35480.1757101
2.25 11.125 35480.1757101
2.75 11.125 0.0
3.25 11.125 0.0
3.75 11.125 0.0
4.25 11.125 0.0
4.75 11.125 0.0
5.25 11.125 0.0
5.75 11.125 0.0
6.25 11.125 0.0
6.75 11.125 0.0
7.25 11.125 0.0
7.75 11.125 0.0
8.25 11.125 0.0
8.75 11.125 0.0
0.25 11.375 0.0
0.75 11.375 35480.1757101
1.25 11.375 35480.1757101
1.75 11.375 35480.1757101
2.25 11.375 35480.1757101
2.75 11.375 35480.1757101
3.25 11.375 70960.3514203
3.75 11.375 0.0
4.25 11.375 0.0
4.75 11.375 0.0
5.25 11.375 0.0
5.75 11.375 0.0
6.25 11.375 0.0
6.75 11.375 0.0
7.25 11.375 0.0
7.75 11.375 0.0
8.25 11.375 0.0
8.75 11.375 0.0
0.25 11.625 0.0
0.75 11.625 0.0
1.25 11.625 0.0
1.75 11.625 0.0
2.25 11.625 0.0
2.75 11.625 0.0
3.25 11.625 35480.1757101
3.75 11.625 0.0
4.25 11.625 0.0
4.75 11.625 0.0
5.25 11.625 0.0
5.75 11.625 0.0
6.25 11.625 0.0
6.75 11.625 0.0
7.25 11.625 0.0
7.75 11.625 0.0
8.25 11.625 0.0
8.75 11.625 0.0
0.25 11.875 0.0
0.75 11.875 35480.1757101
1.25 11.875 35480.1757101
1.75 11.875 0.0
2.25 11.875 0.0
2.75 11.875 0.0
3.25 11.875 0.0
3.75 11.875 0.0
4.25 11.875 35480.1757101
4.75 11.875 0.0
5.25 11.875 0.0
5.75 11.875 0.0
6.25 11.875 0.0
6.75 11.875 0.0
7.25 11.875 0.0
7.75 11.875 0.0
8.25 11.875 0.0
8.75 11.875 0.0
0.25 12.125 0.0
0.75 12.125 70960.3514203
1.25 12.125 0.0
1.75 12.125 35480.1757101
2.25 12.125 0.0
2.75 12.125 0.0
3.25 12.125 0.0
3.75 12.125 0.0
4.25 12.125 0.0
4.75 12.125 35480.1757101
5.25 12.125 0.0
5.75 12.125 0.0
6.25 12.125 0.0
6.75 12.125 0.0
7.25 12.125 0.0
7.75 12.125 0.0
8.25 12.125 0.0
8.75 12.125 0.0
0.25 12.375 35480.1757101
0.75 12.375 0.0
1.25 12.375 0.0
1.75 12.375 0.0
2.25 12.375 0.0
2.75 12.375 0.0
3.25 12.375 0.0
3.75 12.375 35480.1757101
4.25 12.375 0.0
4.75 12.375 0.0
5.25 12.375 0.0
5.75 12.375 0.0
6.25 12.375 0.0
6.75 12.375 0.0
7.25 12.375 0.0
7.75 12.375 0.0
8.25 12.375 0.0
8.75 12.375 0.0
0.25 12.625 35480.1757101
0.75 12.625 0.0
1.25 12.625 35480.1757101
1.75 12.625 35480.1757101
2.25 12.625 0.0
2.75 12.625 0.0
3.25 12.625 35480.1757101
3.75 12.625 0.0
4.25 12.625 0.0
4.75 12.625 0.0
5.25 12.625 0.0
5.75 12.625 0.0
6.25 12.625 0.0
6.75 12.625 0.0
7.25 12.625 0.0
7.75 12.625 0.0
8.25 12.625 0.0
8.75 12.625 0.0
0.25 12.875 0.0
0.75 12.875 0.0
1.25 12.875 0.0
1.75 12.875 0.0
2.25 12.875 0.0
2.75 12.875 0.0
3.25 12.875 0.0
3.75 12.875 0.0
4.25 12.875 0.0
4.75 12.875 0.0
5.25 12.875 0.0
5.75 12.875 0.0
6.25 12.875 0.0
6.75 12.875 0.0
7.25 12.875 0.0
7.75 12.875 0.0
8.25 12.875 0.0
8.75 12.875 0.0
0.25 13.125 0.0
0.75 13.125 0.0
1.25 13.125 0.0
1.75 13.125 0.0
2.25 13.125 0.0
2.75 13.125 0.0
3.25 13.125 0.0
3.75 13.125 0.0
4.25 13.125 0.0
4.75 13.125 0.0
5.25 13.125 0.0
5.75 13.125 0.0
6.25 13.125 0.0
6.75 13.125 0.0
7.25 13.125 0.0
7.75 13.125 0.0
8.25 13.125 0.0
8.75 13.125 0.0
0.25 13.375 0.0
0.75 13.375 35480.1757101
1.25 13.375 0.0
1.75 13.375 0.0
2.25 13.375 0.0
2.75 13.375 0.0
3.25 13.375 0.0
3.75 13.375 0.0
4.25 13.375 0.0
4.75 13.375 0.0
5.25 13.375 0.0
5.75 13.375 0.0
6.25 13.375 0.0
6.75 13.375 0.0
7.25 13.375 0.0
7.75 13.375 0.0
8.25 13.375 0.0
8.75 13.375 0.0
0.25 13.625 0.0
0.75 13.625 0.0
1.25 13.625 35480.1757101
1.75 13.625 35480.1757101
2.25 13.625 0.0
2.75 13.625 0.0
3.25 13.625 0.0
3.75 13.625 0.0
4.25 13.625 0.0
4.75 13.625 0.0
5.25 13.625 0.0
5.75 13.625 0.0
6.25 13.625 0.0
6.75 13.625 0.0
7.25 13.625 0.0
7.75 13.625 0.0
8.25 13.625 0.0
8.75 13.625 0.0
0.25 13.875 0.0
0.75 13.875 0.0
1.25 13.875 35480.1757101
1.75 13.875 0.0
2.25 13.875 35480.1757101
2.75 13.875 0.0
3.25 13.875 0.0
3.75 13.875 0.0
4.25 13.875 0.0
4.75 13.875 0.0
5.25 13.875 0.0
5.75 13.875 0.0
6.25 13.875 0.0
6.75 13.875 0.0
7.25 13.875 0.0
7.75 13.875 0.0
8.25 13.875 0.0
8.75 13.875 0.0
0.25 14.125 0.0
0.75 14.125 0.0
1.25 14.125 0.0
1.75 14.125 35480.1757101
2.25 14.125 0.0
2.75 14.125 0.0
3.25 14.125 0.0
3.75 14.125 0.0
4.25 14.125 0.0
4.75 14.125 0.0
5.25 14.125 0.0
5.75 14.125 0.0
6.25 14.125 0.0
6.75 14.125 0.0
7.25 14.125 0.0
7.75 14.125 0.0
8.25 14.125 0.0
8.75 14.125 0.0
0.25 14.375 0.0
0.75 14.375 0.0
1.25 14.375 0.0
1.75 14.375 0.0
2.25 14.375 35480.1757101
2.75 14.375 35480.1757101
3.25 14.375 0.0
3.75 14.375 0.0
4.25 14.375 0.0
4.75 14.375 0.0
5.25 14.375 0.0
5.75 14.375 0.0
6.25 14.375 0.0
6.75 14.375 0.0
7.25 14.375 0.0
7.75 14.375 0.0
8.25 14.375 0.0
8.75 14.375 0.0
0.25 14.625 0.0
0.75 14.625 0.0
1.25 14.625 0.0
1.75 14.625 0.0
2.25 14.625 0.0
2.75 14.625 0.0
3.25 14.625 35480.1757101
3.75 14.625 0.0
4.25 14.625 0.0
4.75 14.625 0.0
5.25 14.625 0.0
5.75 14.625 0.0
6.25 14.625 0.0
6.75 14.625 0.0
7.25 14.625 0.0
7.75 14.625 0.0
8.25 14.625 0.0
8.75 14.625 0.0
0.25 14.875 0.0
0.75 14.875 35480.1757101
1.25 14.875 0.0
1.75 14.875 0.0
2.25 14.875 0.0
2.75 14.875 0.0
3.25 14.875 0.0
3.75 14.875 0.0
4.25 14.875 0.0
4.75 14.875 0.0
5.25 14.875 0.0
5.75 14.875 0.0
6.25 14.875 0.0
6.75 14.875 0.0
7.25 14.875 0.0
7.75 14.875 0.0
8.25 14.875 0.0
8.75 14.875 0.0
0.25 15.125 0.0
0.75 15.125 0.0
1.25 15.125 0.0
1.75 15.125 0.0
2.25 15.125 0.0
2.75 15.125 0.0
3.25 15.125 70960.3514203
3.75 15.125 0.0
4.25 15.125 0.0
4.75 15.125 0.0
5.25 15.125 0.0
5.75 15.125 0.0
6.25 15.125 0.0
6.75 15.125 0.0
7.25 15.125 0.0
7.75 15.125 0.0
8.25 15.125 0.0
8.75 15.125 0.0
0.25 15.375 0.0
0.75 15.375 35480.1757101
1.25 15.375 0.0
1.75 15.375 0.0
2.25 15.375 0.0
2.75 15.375 0.0
3.25 15.375 0.0
3.75 15.375 0.0
4.25 15.375 0.0
4.75 15.375 0.0
5.25 15.375 0.0
5.75 15.375 0.0
6.25 15.375 0.0
6.75 15.375 0.0
7.25 15.375 0.0
7.75 15.375 0.0
8.25 15.375 0.0
8.75 15.375 0.0
0.25 15.625 0.0
0.75 15.625 35480.1757101
1.25 15.625 0.0
1.75 15.625 0.0
2.25 15.625 0.0
2.75 15.625 0.0
3.25 15.625 0.0
3.75 15.625 0.0
4.25 15.625 0.0
4.75 15.625 0.0
5.25 15.625 0.0
5.75 15.625 0.0
6.25 15.625 0.0
6.75 15.625 0.0
7.25 15.625 0.0
7.75 15.625 0.0
8.25 15.625 0.0
8.75 15.625 0.0
0.25 15.875 0.0
0.75 15.875 0.0
1.25 15.875 0.0
1.75 15.875 0.0
2.25 15.875 0.0
2.75 15.875 0.0
3.25 15.875 0.0
3.75 15.875 0.0
4.25 15.875 0.0
4.75 15.875 0.0
5.25 15.875 0.0
5.75 15.875 0.0
6.25 15.875 0.0
6.75 15.875 0.0
7.25 15.875 0.0
7.75 15.875 0.0
8.25 15.875 0.0
8.75 15.875 0.0
0.25 16.125 0.0
0.75 16.125 0.0
1.25 16.125 0.0
1.75 16.125 0.0
2.25 16.125 0.0
2.75 16.125 0.0
3.25 16.125 0.0
3.75 16.125 0.0
4.25 16.125 0.0
4.75 16.125 0.0
5.25 16.125 0.0
5.75 16.125 0.0
6.25 16.125 0.0
6.75 16.125 0.0
7.25 16.125 0.0
7.75 16.125 0.0
8.25 16.125 0.0
8.75 16.125 0.0
0.25 16.375 0.0
0.75 16.375 0.0
1.25 16.375 0.0
1.75 16.375 0.0
2.25 16.375 0.0
2.75 16.375 0.0
3.25 16.375 0.0
3.75 16.375 0.0
4.25 16.375 35480.1757101
4.75 16.375 0.0
5.25 16.375 0.0
5.75 16.375 0.0
6.25 16.375 0.0
6.75 16.375 0.0
7.25 16.375 0.0
7.75 16.375 0.0
8.25 16.375 0.0
8.75 16.375 0.0
0.25 16.625 0.0
0.75 16.625 0.0
1.25 16.625 0.0
1.75 16.625 0.0
2.25 16.625 0.0
2.75 16.625 0.0
3.25 16.625 0.0
3.75 16.625 0.0
4.25 16.625 0.0
4.75 16.625 0.0
5.25 16.625 0.0
5.75 16.625 0.0
6.25 16.625 0.0
6.75 16.625 0.0
7.25 16.625 0.0
7.75 16.625 0.0
8.25 16.625 0.0
8.75 16.625 0.0
0.25 16.875 35480.1757101
0.75 16.875 0.0
1.25 16.875 0.0
1.75 16.875 0.0
2.25 16.875 0.0
2.75 16.875 0.0
3.25 16.875 35480.1757101
3.75 16.875 0.0
4.25 16.875 0.0
4.75 16.875 0.0
5.25 16.875 0.0
5.75 16.875 0.0
6.25 16.875 0.0
6.75 16.875 0.0
7.25 16.875 0.0
7.75 16.875 0.0
8.25 16.875 0.0
8.75 16.875 0.0
0.25 17.125 0.0
0.75 17.125 0.0
1.25 17.125 0.0
1.75 17.125 0.0
2.25 17.125 0.0
2.75 17.125 35480.1757101
3.25 17.125 0.0
3.75 17.125 0.0
4.25 17.125 0.0
4.75 17.125 0.0
5.25 17.125 0.0
5.75 17.125 0.0
6.25 17.125 0.0
6.75 17.125 0.0
7.25 17.125 0.0
7.75 17.125 0.0
8.25 17.125 0.0
8.75 17.125 0.0
0.25 17.375 0.0
0.75 17.375 0.0
1.25 17.375 0.0
1.75 17.375 0.0
2.25 17.375 0.0
2.75 17.375 0.0
3.25 17.375 0.0
3.75 17.375 0.0
4.25 17.375 0.0
4.75 17.375 0.0
5.25 17.375 0.0
5.75 17.375 0.0
6.25 17.375 0.0
6.75 17.375 0.0
7.25 17.375 0.0
7.75 17.375 0.0
8.25 17.375 0.0
8.75 17.375 0.0
0.25 17.625 35480.1757101
0.75 17.625 0.0
1.25 17.625 0.0
1.75 17.625 0.0
2.25 17.625 35480.1757101
2.75 17.625 0.0
3.25 17.625 0.0
3.75 17.625 0.0
4.25 17.625 0.0
4.75 17.625 0.0
5.25 17.625 0.0
5.75 17.625 0.0
6.25 17.625 0.0
6.75 17.625 0.0
7.25 17.625 0.0
7.75 17.625 0.0
8.25 17.625 0.0
8.75 17.625 0.0
0.25 17.875 0.0
0.75 17.875 0.0
1.25 17.875 0.0
1.75 17.875 0.0
2.25 17.875 0.0
2.75 17.875 0.0
3.25 17.875 0.0
3.75 17.875 0.0
4.25 17.875 0.0
4.75 17.875 0.0
5.25 17.875 0.0
5.75 17.875 0.0
6.25 17.875 0.0
6.75 17.875 0.0
7.25 17.875 0.0
7.75 17.875 0.0
8.25 17.875 0.0
8.75 17.875 0.0
0.25 18.125 35480.1757101
0.75 18.125 0.0
1.25 18.125 35480.1757101
1.75 18.125 0.0
2.25 18.125 0.0
2.75 18.125 0.0
3.25 18.125 0.0
3.75 18.125 0.0
4.25 18.125 0.0
4.75 18.125 0.0
5.25 18.125 0.0
5.75 18.125 0.0
6.25 18.125 0.0
6.75 18.125 0.0
7.25 18.125 0.0
7.75 18.125 0.0
8.25 18.125 0.0
8.75 18.125 0.0
0.25 18.375 0.0
0.75 18.375 0.0
1.25 18.375 0.0
1.75 18.375 0.0
2.25 18.375 0.0
2.75 18.375 0.0
3.25 18.375 0.0
3.75 18.375 0.0
4.25 18.375 0.0
4.75 18.375 0.0
5.25 18.375 0.0
5.75 18.375 0.0
6.25 18.375 0.0
6.75 18.375 0.0
7.25 18.375 0.0
7.75 18.375 0.0
8.25 18.375 0.0
8.75 18.375 0.0
0.25 18.625 0.0
0.75 18.625 0.0
1.25 18.625 0.0
1.75 18.625 0.0
2.25 18.625 0.0
2.75 18.625 0.0
3.25 18.625 0.0
3.75 18.625 0.0
4.25 18.625 0.0
4.75 18.625 0.0
5.25 18.625 0.0
5.75 18.625 0.0
6.25 18.625 0.0
6.75 18.625 0.0
7.25 18.625 0.0
7.75 18.625 0.0
8.25 18.625 0.0
8.75 18.625 0.0
0.25 18.875 0.0
0.75 18.875 0.0
1.25 18.875 0.0
1.75 18.875 0.0
2.25 18.875 0.0
2.75 18.875 0.0
3.25 18.875 0.0
3.75 18.875 0.0
4.25 18.875 0.0
4.75 18.875 0.0
5.25 18.875 0.0
5.75 18.875 0.0
6.25 18.875 0.0
6.75 18.875 0.0
7.25 18.875 0.0
7.75 18.875 0.0
8.25 18.875 0.0
8.75 18.875 0.0
0.25 19.125 0.0
0.75 19.125 0.0
1.25 19.125 0.0
1.75 19.125 0.0
2.25 19.125 0.0
2.75 19.125 0.0
3.25 19.125 0.0
3.75 19.125 0.0
4.25 19.125 0.0
4.75 19.125 0.0
5.25 19.125 0.0
5.75 19.125 0.0
6.25 19.125 0.0
6.75 19.125 0.0
7.25 19.125 0.0
7.75 19.125 0.0
8.25 19.125 0.0
8.75 19.125 0.0
0.25 19.375 0.0
0.75 19.375 0.0
1.25 19.375 0.0
1.75 19.375 0.0
2.25 19.375 0.0
2.75 19.375 0.0
3.25 19.375 0.0
3.75 19.375 0.0
4.25 19.375 0.0
4.75 19.375 0.0
5.25 19.375 0.0
5.75 19.375 0.0
6.25 19.375 0.0
6.75 19.375 0.0
7.25 19.375 0.0
7.75 19.375 0.0
8.25 19.375 0.0
8.75 19.375 0.0
0.25 19.625 0.0
0.75 19.625 0.0
1.25 19.625 0.0
1.75 19.625 0.0
2.25 19.625 0.0
2.75 19.625 35480.1757101
3.25 19.625 0.0
3.75 19.625 0.0
4.25 19.625 0.0
4.75 19.625 0.0
5.25 19.625 0.0
5.75 19.625 0.0
6.25 19.625 0.0
6.75 19.625 0.0
7.25 19.625 0.0
7.75 19.625 0.0
8.25 19.625 0.0
8.75 19.625 0.0
0.25 19.875 0.0
0.75 19.875 0.0
1.25 19.875 0.0
1.75 19.875 0.0
2.25 19.875 0.0
2.75 19.875 0.0
3.25 19.875 0.0
3.75 19.875 0.0
4.25 19.875 0.0
4.75 19.875 0.0
5.25 19.875 0.0
5.75 19.875 0.0
6.25 19.875 0.0
6.75 19.875 0.0
7.25 19.875 0.0
7.75 19.875 0.0
8.25 19.875 0.0
8.75 19.875 0.0
0.25 20.125 0.0
0.75 20.125 0.0
1.25 20.125 0.0
1.75 20.125 0.0
2.25 20.125 0.0
2.75 20.125 0.0
3.25 20.125 0.0
3.75 20.125 0.0
4.25 20.125 0.0
4.75 20.125 0.0
5.25 20.125 0.0
5.75 20.125 0.0
6.25 20.125 0.0
6.75 20.125 0.0
7.25 20.125 0.0
7.75 20.125 0.0
8.25 20.125 0.0
8.75 20.125 0.0
0.25 20.375 0.0
0.75 20.375 0.0
1.25 20.375 0.0
1.75 20.375 0.0
2.25 20.375 0.0
2.75 20.375 0.0
3.25 20.375 0.0
3.75 20.375 0.0
4.25 20.375 0.0
4.75 20.375 0.0
5.25 20.375 0.0
5.75 20.375 0.0
6.25 20.375 0.0
6.75 20.375 0.0
7.25 20.375 0.0
7.75 20.375 0.0
8.25 20.375 0.0
8.75 20.375 0.0
0.25 20.625 0.0
0.75 20.625 0.0
1.25 20.625 0.0
1.75 20.625 0.0
2.25 20.625 0.0
2.75 20.625 0.0
3.25 20.625 0.0
3.75 20.625 0.0
4.25 20.625 0.0
4.75 20.625 0.0
5.25 20.625 0.0
5.75 20.625 0.0
6.25 20.625 0.0
6.75 20.625 0.0
7.25 20.625 0.0
7.75 20.625 0.0
8.25 20.625 0.0
8.75 20.625 0.0
0.25 20.875 0.0
0.75 20.875 0.0
1.25 20.875 0.0
1.75 20.875 0.0
2.25 20.875 0.0
2.75 20.875 0.0
3.25 20.875 0.0
3.75 20.875 0.0
4.25 20.875 0.0
4.75 20.875 0.0
5.25 20.875 0.0
5.75 20.875 0.0
6.25 20.875 0.0
6.75 20.875 0.0
7.25 20.875 0.0
7.75 20.875 0.0
8.25 20.875 0.0
8.75 20.875 0.0
0.25 21.125 0.0
0.75 21.125 0.0
1.25 21.125 0.0
1.75 21.125 0.0
2.25 21.125 0.0
2.75 21.125 0.0
3.25 21.125 0.0
3.75 21.125 0.0
4.25 21.125 0.0
4.75 21.125 0.0
5.25 21.125 0.0
5.75 21.125 0.0
6.25 21.125 0.0
6.75 21.125 0.0
7.25 21.125 0.0
7.75 21.125 0.0
8.25 21.125 0.0
8.75 21.125 0.0
0.25 21.375 0.0
0.75 21.375 0.0
1.25 21.375 0.0
1.75 21.375 0.0
2.25 21.375 0.0
2.75 21.375 0.0
3.25 21.375 0.0
3.75 21.375 0.0
4.25 21.375 0.0
4.75 21.375 0.0
5.25 21.375 0.0
5.75 21.375 0.0
6.25 21.375 0.0
6.75 21.375 0.0
7.25 21.375 0.0
7.75 21.375 0.0
8.25 21.375 0.0
8.75 21.375 0.0
0.25 21.625 0.0
0.75 21.625 0.0
1.25 21.625 35480.1757101
1.75 21.625 0.0
2.25 21.625 0.0
2.75 21.625 0.0
3.25 21.625 0.0
3.75 21.625 0.0
4.25 21.625 0.0
4.75 21.625 0.0
5.25 21.625 0.0
5.75 21.625 0.0
6.25 21.625 0.0
6.75 21.625 0.0
7.25 21.625 0.0
7.75 21.625 0.0
8.25 21.625 0.0
8.75 21.625 0.0
0.25 21.875 0.0
0.75 21.875 0.0
1.25 21.875 0.0
1.75 21.875 0.0
2.25 21.875 0.0
2.75 21.875 0.0
3.25 21.875 0.0
3.75 21.875 0.0
4.25 21.875 0.0
4.75 21.875 0.0
5.25 21.875 0.0
5.75 21.875 0.0
6.25 21.875 0.0
6.75 21.875 0.0
7.25 21.875 0.0
7.75 21.875 0.0
8.25 21.875 0.0
8.75 21.875 0.0
0.25 22.125 0.0
0.75 22.125 0.0
1.25 22.125 0.0
1.75 22.125 0.0
2.25 22.125 0.0
2.75 22.125 0.0
3.25 22.125 0.0
3.75 22.125 0.0
4.25 22.125 0.0
4.75 22.125 0.0
5.25 22.125 0.0
5.75 22.125 0.0
6.25 22.125 0.0
6.75 22.125 0.0
7.25 22.125 0.0
7.75 22.125 0.0
8.25 22.125 0.0
8.75 22.125 0.0
0.25 22.375 0.0
0.75 22.375 0.0
1.25 22.375 0.0
1.75 22.375 0.0
2.25 22.375 0.0
2.75 22.375 0.0
3.25 22.375 0.0
3.75 22.375 0.0
4.25 22.375 0.0
4.75 22.375 0.0
5.25 22.375 0.0
5.75 22.375 0.0
6.25 22.375 0.0
6.75 22.375 0.0
7.25 22.375 0.0
7.75 22.375 0.0
8.25 22.375 0.0
8.75 22.375 0.0
0.25 22.625 35480.1757101
0.75 22.625 0.0
1.25 22.625 0.0
1.75 22.625 0.0
2.25 22.625 0.0
2.75 22.625 0.0
3.25 22.625 0.0
3.75 22.625 0.0
4.25 22.625 0.0
4.75 22.625 0.0
5.25 22.625 0.0
5.75 22.625 0.0
6.25 22.625 0.0
6.75 22.625 0.0
7.25 22.625 0.0
7.75 22.625 0.0
8.25 22.625 0.0
8.75 22.625 0.0
0.25 22.875 0.0
0.75 22.875 0.0
1.25 22.875 0.0
1.75 22.875 0.0
2.25 22.875 0.0
2.75 22.875 0.0
3.25 22.875 0.0
3.75 22.875 0.0
4.25 22.875 0.0
4.75 22.875 0.0
5.25 22.875 0.0
5.75 22.875 0.0
6.25 22.875 0.0
6.75 22.875 0.0
7.25 22.875 0.0
7.75 22.875 0.0
8.25 22.875 0.0
8.75 22.875 0.0
0.25 23.125 0.0
0.75 23.125 0.0
1.25 23.125 0.0
1.75 23.125 0.0
2.25 23.125 0.0
2.75 23.125 0.0
3.25 23.125 0.0
3.75 23.125 0.0
4.25 23.125 0.0
4.75 23.125 0.0
5.25 23.125 0.0
5.75 23.125 0.0
6.25 23.125 0.0
6.75 23.125 0.0
7.25 23.125 0.0
7.75 23.125 0.0
8.25 23.125 0.0
8.75 23.125 0.0
0.25 23.375 0.0
0.75 23.375 0.0
1.25 23.375 0.0
1.75 23.375 0.0
2.25 23.375 0.0
2.75 23.375 0.0
3.25 23.375 0.0
3.75 23.375 0.0
4.25 23.375 0.0
4.75 23.375 0.0
5.25 23.375 0.0
5.75 23.375 0.0
6.25 23.375 0.0
6.75 23.375 0.0
7.25 23.375 0.0
7.75 23.375 0.0
8.25 23.375 0.0
8.75 23.375 0.0
0.25 23.625 0.0
0.75 23.625 0.0
1.25 23.625 0.0
1.75 23.625 35480.1757101
2.25 23.625 0.0
2.75 23.625 0.0
3.25 23.625 0.0
3.75 23.625 0.0
4.25 23.625 0.0
4.75 23.625 0.0
5.25 23.625 0.0
5.75 23.625 0.0
6.25 23.625 0.0
6.75 23.625 0.0
7.25 23.625 0.0
7.75 23.625 0.0
8.25 23.625 0.0
8.75 23.625 0.0
0.25 23.875 0.0
0.75 23.875 0.0
1.25 23.875 0.0
1.75 23.875 0.0
2.25 23.875 0.0
2.75 23.875 0.0
3.25 23.875 0.0
3.75 23.875 0.0
4.25 23.875 0.0
4.75 23.875 0.0
5.25 23.875 0.0
5.75 23.875 0.0
6.25 23.875 0.0
6.75 23.875 0.0
7.25 23.875 0.0
7.75 23.875 0.0
8.25 23.875 0.0
8.75 23.875 0.0
0.25 24.125 0.0
0.75 24.125 0.0
1.25 24.125 0.0
1.75 24.125 0.0
2.25 24.125 0.0
2.75 24.125 0.0
3.25 24.125 0.0
3.75 24.125 0.0
4.25 24.125 0.0
4.75 24.125 0.0
5.25 24.125 0.0
5.75 24.125 0.0
6.25 24.125 0.0
6.75 24.125 0.0
7.25 24.125 0.0
7.75 24.125 0.0
8.25 24.125 0.0
8.75 24.125 0.0
0.25 24.375 0.0
0.75 24.375 0.0
1.25 24.375 0.0
1.75 24.375 0.0
2.25 24.375 0.0
2.75 24.375 0.0
3.25 24.375 0.0
3.75 24.375 0.0
4.25 24.375 0.0
4.75 24.375 0.0
5.25 24.375 0.0
5.75 24.375 0.0
6.25 24.375 0.0
6.75 24.375 0.0
7.25 24.375 0.0
7.75 24.375 0.0
8.25 24.375 0.0
8.75 24.375 0.0
0.25 24.625 0.0
0.75 24.625 0.0
1.25 24.625 0.0
1.75 24.625 0.0
2.25 24.625 0.0
2.75 24.625 35480.1757101
3.25 24.625 0.0
3.75 24.625 0.0
4.25 24.625 0.0
4.75 24.625 0.0
5.25 24.625 0.0
5.75 24.625 0.0
6.25 24.625 0.0
6.75 24.625 0.0
7.25 24.625 0.0
7.75 24.625 0.0
8.25 24.625 0.0
8.75 24.625 0.0
0.25 24.875 0.0
0.75 24.875 0.0
1.25 24.875 0.0
1.75 24.875 0.0
2.25 24.875 0.0
2.75 24.875 0.0
3.25 24.875 0.0
3.75 24.875 0.0
4.25 24.875 0.0
4.75 24.875 0.0
5.25 24.875 0.0
5.75 24.875 0.0
6.25 24.875 0.0
6.75 24.875 0.0
7.25 24.875 0.0
7.75 24.875 0.0
8.25 24.875 0.0
8.75 24.875 0.0
0.25 25.125 0.0
0.75 25.125 0.0
1.25 25.125 0.0
1.75 25.125 0.0
2.25 25.125 0.0
2.75 25.125 0.0
3.25 25.125 0.0
3.75 25.125 0.0
4.25 25.125 0.0
4.75 25.125 0.0
5.25 25.125 0.0
5.75 25.125 0.0
6.25 25.125 0.0
6.75 25.125 0.0
7.25 25.125 0.0
7.75 25.125 0.0
8.25 25.125 0.0
8.75 25.125 0.0
0.25 25.375 0.0
0.75 25.375 35480.1757101
1.25 25.375 0.0
1.75 25.375 0.0
2.25 25.375 0.0
2.75 25.375 0.0
3.25 25.375 0.0
3.75 25.375 0.0
4.25 25.375 0.0
4.75 25.375 0.0
5.25 25.375 0.0
5.75 25.375 0.0
6.25 25.375 0.0
6.75 25.375 0.0
7.25 25.375 0.0
7.75 25.375 0.0
8.25 25.375 0.0
8.75 25.375 0.0
0.25 25.625 0.0
0.75 25.625 0.0
1.25 25.625 0.0
1.75 25.625 0.0
2.25 25.625 0.0
2.75 25.625 0.0
3.25 25.625 0.0
3.75 25.625 0.0
4.25 25.625 0.0
4.75 25.625 0.0
5.25 25.625 0.0
5.75 25.625 0.0
6.25 25.625 0.0
6.75 25.625 0.0
7.25 25.625 0.0
7.75 25.625 0.0
8.25 25.625 0.0
8.75 25.625 0.0
0.25 25.875 0.0
0.75 25.875 0.0
1.25 25.875 0.0
1.75 25.875 0.0
2.25 25.875 0.0
2.75 25.875 0.0
3.25 25.875 0.0
3.75 25.875 0.0
4.25 25.875 0.0
4.75 25.875 0.0
5.25 25.875 0.0
5.75 25.875 0.0
6.25 25.875 0.0
6.75 25.875 0.0
7.25 25.875 0.0
7.75 25.875 0.0
8.25 25.875 0.0
8.75 25.875 0.0
0.25 26.125 0.0
0.75 26.125 0.0
1.25 26.125 0.0
1.75 26.125 0.0
2.25 26.125 0.0
2.75 26.125 0.0
3.25 26.125 0.0
3.75 26.125 0.0
4.25 26.125 0.0
4.75 26.125 0.0
5.25 26.125 0.0
5.75 26.125 0.0
6.25 26.125 0.0
6.75 26.125 0.0
7.25 26.125 0.0
7.75 26.125 0.0
8.25 26.125 0.0
8.75 26.125 0.0
0.25 26.375 0.0
0.75 26.375 0.0
1.25 26.375 0.0
1.75 26.375 0.0
2.25 26.375 0.0
2.75 26.375 0.0
3.25 26.375 0.0
3.75 26.375 0.0
4.25 26.375 0.0
4.75 26.375 0.0
5.25 26.375 0.0
5.75 26.375 0.0
6.25 26.375 0.0
6.75 26.375 0.0
7.25 26.375 0.0
7.75 26.375 0.0
8.25 26.375 0.0
8.75 26.375 0.0
0.25 26.625 0.0
0.75 26.625 0.0
1.25 26.625 0.0
1.75 26.625 0.0
2.25 26.625 0.0
2.75 26.625 0.0
3.25 26.625 0.0
3.75 26.625 0.0
4.25 26.625 0.0
4.75 26.625 0.0
5.25 26.625 0.0
5.75 26.625 0.0
6.25 26.625 0.0
6.75 26.625 0.0
7.25 26.625 0.0
7.75 26.625 0.0
8.25 26.625 0.0
8.75 26.625 0.0
0.25 26.875 0.0
0.75 26.875 0.0
1.25 26.875 0.0
1.75 26.875 0.0
2.25 26.875 0.0
2.75 26.875 0.0
3.25 26.875 0.0
3.75 26.875 0.0
4.25 26.875 0.0
4.75 26.875 0.0
5.25 26.875 0.0
5.75 26.875 0.0
6.25 26.875 0.0
6.75 26.875 0.0
7.25 26.875 0.0
7.75 26.875 0.0
8.25 26.875 0.0
8.75 26.875 0.0
0.25 27.125 0.0
0.75 27.125 0.0
1.25 27.125 0.0
1.75 27.125 0.0
2.25 27.125 0.0
2.75 27.125 0.0
3.25 27.125 0.0
3.75 27.125 0.0
4.25 27.125 0.0
4.75 27.125 0.0
5.25 27.125 0.0
5.75 27.125 0.0
6.25 27.125 0.0
6.75 27.125 0.0
7.25 27.125 0.0
7.75 27.125 0.0
8.25 27.125 0.0
8.75 27.125 0.0
0.25 27.375 0.0
0.75 27.375 0.0
1.25 27.375 0.0
1.75 27.375 0.0
2.25 27.375 0.0
2.75 27.375 0.0
3.25 27.375 0.0
3.75 27.375 0.0
4.25 27.375 0.0
4.75 27.375 0.0
5.25 27.375 0.0
5.75 27.375 0.0
6.25 27.375 0.0
6.75 27.375 0.0
7.25 27.375 0.0
7.75 27.375 0.0
8.25 27.375 0.0
8.75 27.375 0.0
0.25 27.625 0.0
0.75 27.625 0.0
1.25 27.625 0.0
1.75 27.625 0.0
2.25 27.625 0.0
2.75 27.625 0.0
3.25 27.625 0.0
3.75 27.625 0.0
4.25 27.625 0.0
4.75 27.625 0.0
5.25 27.625 0.0
5.75 27.625 0.0
6.25 27.625 0.0
6.75 27.625 0.0
7.25 27.625 0.0
7.75 27.625 0.0
8.25 27.625 0.0
8.75 27.625 0.0
0.25 27.875 0.0
0.75 27.875 0.0
1.25 27.875 0.0
1.75 27.875 0.0
2.25 27.875 0.0
2.75 27.875 0.0
3.25 27.875 0.0
3.75 27.875 0.0
4.25 27.875 0.0
4.75 27.875 0.0
5.25 27.875 0.0
5.75 27.875 0.0
6.25 27.875 0.0
6.75 27.875 0.0
7.25 27.875 0.0
7.75 27.875 0.0
8.25 27.875 0.0
8.75 27.875 0.0
0.25 28.125 0.0
0.75 28.125 0.0
1.25 28.125 0.0
1.75 28.125 0.0
2.25 28.125 0.0
2.75 28.125 0.0
3.25 28.125 0.0
3.75 28.125 0.0
4.25 28.125 0.0
4.75 28.125 0.0
5.25 28.125 0.0
5.75 28.125 0.0
6.25 28.125 0.0
6.75 28.125 0.0
7.25 28.125 0.0
7.75 28.125 0.0
8.25 28.125 0.0
8.75 28.125 0.0
0.25 28.375 0.0
0.75 28.375 0.0
1.25 28.375 0.0
1.75 28.375 0.0
2.25 28.375 0.0
2.75 28.375 0.0
3.25 28.375 0.0
3.75 28.375 0.0
4.25 28.375 0.0
4.75 28.375 0.0
5.25 28.375 0.0
5.75 28.375 0.0
6.25 28.375 0.0
6.75 28.375 0.0
7.25 28.375 0.0
7.75 28.375 0.0
8.25 28.375 0.0
8.75 28.375 0.0
0.25 28.625 0.0
0.75 28.625 0.0
1.25 28.625 0.0
1.75 28.625 0.0
2.25 28.625 0.0
2.75 28.625 0.0
3.25 28.625 0.0
3.75 28.625 0.0
4.25 28.625 0.0
4.75 28.625 0.0
5.25 28.625 0.0
5.75 28.625 0.0
6.25 28.625 0.0
6.75 28.625 0.0
7.25 28.625 0.0
7.75 28.625 0.0
8.25 28.625 0.0
8.75 28.625 0.0
0.25 28.875 0.0
0.75 28.875 0.0
1.25 28.875 0.0
1.75 28.875 0.0
2.25 28.875 0.0
2.75 28.875 0.0
3.25 28.875 0.0
3.75 28.875 0.0
4.25 28.875 0.0
4.75 28.875 0.0
5.25 28.875 0.0
5.75 28.875 0.0
6.25 28.875 0.0
6.75 28.875 0.0
7.25 28.875 0.0
7.75 28.875 0.0
8.25 28.875 0.0
8.75 28.875 0.0
0.25 29.125 0.0
0.75 29.125 0.0
1.25 29.125 0.0
1.75 29.125 0.0
2.25 29.125 0.0
2.75 29.125 0.0
3.25 29.125 0.0
3.75 29.125 0.0
4.25 29.125 0.0
4.75 29.125 0.0
5.25 29.125 0.0
5.75 29.125 0.0
6.25 29.125 0.0
6.75 29.125 0.0
7.25 29.125 0.0
7.75 29.125 0.0
8.25 29.125 0.0
8.75 29.125 0.0
0.25 29.375 35480.1757101
0.75 29.375 0.0
1.25 29.375 0.0
1.75 29.375 0.0
2.25 29.375 0.0
2.75 29.375 0.0
3.25 29.375 0.0
3.75 29.375 0.0
4.25 29.375 0.0
4.75 29.375 0.0
5.25 29.375 0.0
5.75 29.375 0.0
6.25 29.375 0.0
6.75 29.375 0.0
7.25 29.375 0.0
7.75 29.375 0.0
8.25 29.375 0.0
8.75 29.375 0.0
0.25 29.625 0.0
0.75 29.625 0.0
1.25 29.625 0.0
1.75 29.625 0.0
2.25 29.625 0.0
2.75 29.625 0.0
3.25 29.625 0.0
3.75 29.625 0.0
4.25 29.625 0.0
4.75 29.625 0.0
5.25 29.625 0.0
5.75 29.625 0.0
6.25 29.625 0.0
6.75 29.625 0.0
7.25 29.625 0.0
7.75 29.625 0.0
8.25 29.625 0.0
8.75 29.625 0.0
0.25 29.875 0.0
0.75 29.875 0.0
1.25 29.875 0.0
1.75 29.875 0.0
2.25 29.875 0.0
2.75 29.875 0.0
3.25 29.875 0.0
3.75 29.875 0.0
4.25 29.875 0.0
4.75 29.875 0.0
5.25 29.875 0.0
5.75 29.875 0.0
6.25 29.875 0.0
6.75 29.875 0.0
7.25 29.875 0.0
7.75 29.875 0.0
8.25 29.875 0.0
8.75 29.875 0.0
