11.294627058970837 0.08498211686090046
14.219093021276404 1231.2334279059517
17.900777537149963 1855.7577197918556
22.535743732392298 5849.345345464639
28.370820458389794 5830.938146416791
35.71674682851676 5987.9049436110145
44.96472020903849 16159.287813981882
56.60722890537329 25618.0203840295
71.26427896022373 34612.57950838436
89.71641173621407 48683.16757791466
112.94627058970838 73031.0933129834
142.1909302127641 94999.36729933161
179.00777537149963 135646.10101852985
225.35743732392305 178076.91207295645
283.7082045838981 214061.8786836709
357.1674682851676 260687.2680416723
449.6472020903849 320297.15275455243
566.0722890537327 307329.46049392666
712.6427896022376 312502.0809595885
897.164117362141 261626.41932603414
1129.4627058970837 201426.84770232905
1421.9093021276408 108648.27265241183
1790.0777537149975 54835.56362532545
2253.5743732392316 19622.963505242486
2837.082045838981 5402.066023406573
3571.674682851676 1140.7984181940556
4496.47202090385 197.85167311830446
5660.72289053733 7.979437114205211
7126.427896022379 0.08666387712582946
8971.64117362141 0.0
