11.294627058970837 468.2846742943571
14.219093021276404 1924.343940483915
17.900777537149963 95.77880954753527
22.535743732392298 726.0705933791414
28.370820458389794 5783.511513120657
35.71674682851676 5711.712062800661
44.96472020903849 8071.85431972884
56.60722890537329 16785.96405279664
71.26427896022373 28171.9675668029
89.71641173621407 28134.03152414465
112.94627058970838 73969.99528679546
142.1909302127641 94813.98631490729
179.00777537149963 131092.65475325333
225.35743732392305 156082.21064240456
283.7082045838981 206412.13189688278
357.1674682851676 253190.02286252042
449.6472020903849 300941.1338670979
566.0722890537327 294114.61722235125
712.6427896022376 309117.56116020656
897.164117362141 248863.85547438054
1129.4627058970837 175685.24570992077
1421.9093021276408 105525.92720948905
1790.0777537149975 49484.48929113662
2253.5743732392316 17115.90708382195
2837.082045838981 4992.924368712585
3571.674682851676 1012.5638479469344
4496.47202090385 217.2460563336499
5660.72289053733 12.234365490730852
7126.427896022379 0.292032437864691
8971.64117362141 0.0
