11.294627058970837 82.82294664150251
14.219093021276404 757.4725679422174
17.900777537149963 1451.0031848817312
22.535743732392298 5804.487608563334
28.370820458389794 6846.748791551413
35.71674682851676 1810.7254809783535
44.96472020903849 12624.58195878948
56.60722890537329 26911.180107817734
71.26427896022373 27717.43712622956
89.71641173621407 69441.90537330453
112.94627058970838 65176.17018226313
142.1909302127641 105055.40077830516
179.00777537149963 136475.98747585522
225.35743732392305 169410.49467463535
283.7082045838981 192530.79925507098
357.1674682851676 237444.04258431285
449.6472020903849 274843.29340313794
566.0722890537327 310425.89119890006
712.6427896022376 300054.07138340943
897.164117362141 240684.10881101713
1129.4627058970837 186917.20873646857
1421.9093021276408 110593.96032357309
1790.0777537149975 49815.428094855044
2253.5743732392316 19640.951169333886
2837.082045838981 5611.070080493577
3571.674682851676 1171.4604872739874
4496.47202090385 216.3090001330711
5660.72289053733 10.990426744800061
7126.427896022379 0.0
8971.64117362141 0.0
