0.25 0.125 26929453.364
0.75 0.125 27426175.8239
1.25 0.125 26255330.0255
1.75 0.125 28703462.1495
2.25 0.125 27142334.4183
2.75 0.125 28029338.811
3.25 0.125 28774422.5009
3.75 0.125 26964933.5397
4.25 0.125 29022783.7309
4.75 0.125 28987303.5552
5.25 0.125 28845382.8523
5.75 0.125 29803347.5965
6.25 0.125 24126519.4829
6.75 0.125 18059409.4365
7.25 0.125 12063259.7414
7.75 0.125 5676828.11362
8.25 0.125 532202.635652
8.75 0.125 0.0
0.25 0.375 75998536.3711
0.75 0.375 71598994.5831
1.25 0.375 71705435.1102
1.75 0.375 70286228.0818
2.25 0.375 68157417.5392
2.75 0.375 67199452.795
3.25 0.375 67022051.9165
3.75 0.375 65744765.5909
4.25 0.375 68512219.2963
4.75 0.375 67554254.5521
5.25 0.375 64644880.1439
5.75 0.375 60848501.3429
6.25 0.375 51233373.7254
6.75 0.375 37147743.9685
7.25 0.375 25084484.2271
7.75 0.375 12666422.7285
8.25 0.375 1064405.2713
8.75 0.375 0.0
0.25 0.625 107717813.456
0.75 0.625 105092280.453
1.25 0.625 103744033.776
1.75 0.625 100621778.314
2.25 0.625 100231496.381
2.75 0.625 99841214.4483
3.25 0.625 94483707.9161
3.75 0.625 96257716.7016
4.25 0.625 91290492.1022
4.75 0.625 92816139.6577
5.25 0.625 88842359.9782
5.75 0.625 79830395.3478
6.25 0.625 63544994.6969
6.75 0.625 47578915.6273
7.25 0.625 29661426.8937
7.75 0.625 14333990.9869
8.25 0.625 1170845.79843
8.75 0.625 0.0
0.25 0.875 134256984.887
0.75 0.875 131950773.466
1.25 0.875 127764112.732
1.75 0.875 127267390.272
2.25 0.875 120526156.887
2.75 0.875 118468306.696
3.25 0.875 113643002.8
3.75 0.875 112188315.595
4.25 0.875 104134315.709
4.75 0.875 100657258.49
5.25 0.875 95654553.7145
5.75 0.875 82846210.2832
6.25 0.875 64999681.901
6.75 0.875 49211003.71
7.25 0.875 31683796.9092
7.75 0.875 11282695.8758
8.25 0.875 638643.162783
8.75 0.875 0.0
0.25 1.125 133795742.603
0.75 1.125 134434385.766
1.25 1.125 132305575.223
1.75 1.125 126415866.055
2.25 1.125 124641857.27
2.75 1.125 119319830.913
3.25 1.125 110556227.513
3.75 1.125 106724368.536
4.25 1.125 100692738.665
4.75 1.125 97109240.9187
5.25 1.125 84620219.0687
5.75 1.125 75324413.0326
6.25 1.125 58187488.1646
6.75 1.125 41689206.4594
7.25 1.125 25403805.8085
7.75 1.125 7663717.95339
8.25 1.125 212881.054261
8.75 1.125 0.0
0.25 1.375 116836218.613
0.75 1.375 116304015.978
1.25 1.375 110414306.81
1.75 1.375 108533857.497
2.25 1.375 102182906.045
2.75 1.375 102289346.572
3.25 1.375 95441672.6603
3.75 1.375 83378412.9188
4.25 1.375 77772545.1566
4.75 1.375 72131197.2187
5.25 1.375 63332113.6426
5.75 1.375 54710430.945
6.25 1.375 39986158.0253
6.75 1.375 28738942.3252
7.25 1.375 15398396.2582
7.75 1.375 3583497.74672
8.25 1.375 106440.52713
8.75 1.375 0.0
0.25 1.625 92567778.4278
0.75 1.625 90687329.1151
1.25 1.625 91290492.1022
1.75 1.625 83023611.1617
2.25 1.625 82172086.9447
2.75 1.625 78517628.8465
3.25 1.625 71811875.6373
3.75 1.625 63970756.8054
4.25 1.625 60529179.7615
4.75 1.625 54745911.1207
5.25 1.625 44385699.8134
5.75 1.625 36012378.3458
6.25 1.625 25900528.2684
6.75 1.625 18804493.1264
7.25 1.625 9153885.33322
7.75 1.625 957964.744174
8.25 1.625 0.0
8.75 1.625 0.0
0.25 1.875 70960351.4203
0.75 1.875 69895946.149
1.25 1.875 70534589.3118
1.75 1.875 69931426.3247
2.25 1.875 66667250.1594
2.75 1.875 59571215.0173
3.25 1.875 55810316.3921
3.75 1.875 48430439.8443
4.25 1.875 45733946.4904
4.75 1.875 38070228.537
5.25 1.875 29732387.2451
5.75 1.875 23274995.2659
6.25 1.875 16782123.1109
6.75 1.875 10998854.4701
7.25 1.875 5002704.77513
7.75 1.875 709603.514203
8.25 1.875 0.0
8.75 1.875 0.0
0.25 2.125 56910201.8391
0.75 2.125 57797206.2318
1.25 2.125 53255743.7409
1.75 2.125 50807611.6169
2.25 2.125 47827276.8573
2.75 2.125 46869312.1131
3.25 2.125 44137338.5834
3.75 2.125 38176669.0641
4.25 2.125 31932158.1391
4.75 2.125 27568096.5268
5.25 2.125 20862343.3176
5.75 2.125 17030484.3409
6.25 2.125 10963374.2944
6.75 2.125 6989594.6149
7.25 2.125 2802933.8811
7.75 2.125 106440.52713
8.25 2.125 0.0
8.75 2.125 0.0
0.25 2.375 41582765.9323
0.75 2.375 40553840.8367
1.25 2.375 40021638.201
1.75 2.375 39347514.8625
2.25 2.375 37289664.6714
2.75 2.375 33848087.6275
3.25 2.375 31364475.3278
3.75 2.375 28845382.8523
4.25 2.375 23736237.5501
4.75 2.375 21642907.1832
5.25 2.375 14972634.1497
5.75 2.375 10963374.2944
6.25 2.375 7308916.19629
6.75 2.375 4257621.08522
7.25 2.375 1419207.02841
7.75 2.375 70960.3514203
8.25 2.375 0.0
8.75 2.375 0.0
0.25 2.625 35480175.7101
0.75 2.625 33244924.6404
1.25 2.625 31754757.2606
1.75 2.625 31967638.3148
2.25 2.625 27639056.8782
2.75 2.625 26503691.2555
3.25 2.625 25332845.457
3.75 2.625 21288105.4261
4.25 2.625 17846528.3822
4.75 2.625 14192070.2841
5.25 2.625 10502132.0102
5.75 2.625 7841118.83194
6.25 2.625 5747788.46504
6.75 2.625 2873894.23252
7.25 2.625 780563.865623
7.75 2.625 141920.702841
8.25 2.625 0.0
8.75 2.625 0.0
0.25 2.875 27851937.9325
0.75 2.875 26432730.9041
1.25 2.875 27106854.2425
1.75 2.875 24020078.9558
2.25 2.875 23310475.4416
2.75 2.875 21217145.0747
3.25 2.875 18023929.2608
3.75 2.875 15611277.3125
4.25 2.875 12453541.6743
4.75 2.875 10998854.4701
5.25 2.875 7699198.1291
5.75 2.875 5641347.93791
6.25 2.875 4080220.20667
6.75 2.875 1277286.32557
7.25 2.875 283841.405681
7.75 2.875 35480.1757101
8.25 2.875 0.0
8.75 2.875 0.0
0.25 3.125 21430026.1289
0.75 3.125 19833418.222
1.25 3.125 18981894.0049
1.75 3.125 18343250.8421
2.25 3.125 17243365.3951
2.75 3.125 16675682.5838
3.25 3.125 14688792.744
3.75 3.125 12489021.85
4.25 3.125 9934449.19884
4.75 3.125 7131515.31774
5.25 3.125 5996149.69501
5.75 3.125 4222140.90951
6.25 3.125 2944854.58394
6.75 3.125 1277286.32557
7.25 3.125 212881.054261
7.75 3.125 0.0
8.25 3.125 0.0
8.75 3.125 0.0
0.25 3.375 17456246.4494
0.75 3.375 16356361.0024
1.25 3.375 14546872.0412
1.75 3.375 15469356.6096
2.25 3.375 13305065.8913
2.75 3.375 12559982.2014
3.25 3.375 11495576.9301
3.75 3.375 9224845.68464
4.25 3.375 7557277.42626
4.75 3.375 6209030.74927
5.25 3.375 4505982.31519
5.75 3.375 3512537.3953
6.25 3.375 2270731.24545
6.75 3.375 745083.689913
7.25 3.375 0.0
7.75 3.375 0.0
8.25 3.375 0.0
8.75 3.375 0.0
0.25 3.625 14121109.9326
0.75 3.625 14866193.6225
1.25 3.625 13446986.5941
1.75 3.625 12240660.62
2.25 3.625 10821453.5916
2.75 3.625 9969929.37455
3.25 3.625 8834563.75183
3.75 3.625 8089480.06191
4.25 3.625 6705753.20922
4.75 3.625 3831858.9767
5.25 3.625 3654458.09814
5.75 3.625 2199770.89403
6.25 3.625 1490167.37983
6.75 3.625 567682.811362
7.25 3.625 106440.52713
7.75 3.625 0.0
8.25 3.625 0.0
8.75 3.625 0.0
0.25 3.875 11992299.39
0.75 3.875 10821453.5916
1.25 3.875 10892413.943
1.75 3.875 9863488.84742
2.25 3.875 7983039.53478
2.75 3.875 7025074.79061
3.25 3.875 6457391.97925
3.75 3.875 6102590.22214
4.25 3.875 4470502.13948
4.75 3.875 4576942.66661
5.25 3.875 2412651.94829
5.75 3.875 1525647.55554
6.25 3.875 674123.338493
6.75 3.875 283841.405681
7.25 3.875 35480.1757101
7.75 3.875 0.0
8.25 3.875 0.0
8.75 3.875 0.0
0.25 4.125 7947559.35907
0.75 4.125 9295806.03606
1.25 4.125 8444281.81901
1.75 4.125 7983039.53478
2.25 4.125 8195920.58904
2.75 4.125 5570387.58649
3.25 4.125 5747788.46504
3.75 4.125 4931744.42371
4.25 4.125 3335136.51675
4.75 4.125 3299656.34104
5.25 4.125 1844969.13693
5.75 4.125 1064405.2713
6.25 4.125 603162.987072
6.75 4.125 319321.581391
7.25 4.125 35480.1757101
7.75 4.125 0.0
8.25 4.125 0.0
8.75 4.125 0.0
0.25 4.375 6776713.56064
0.75 4.375 7805638.65623
1.25 4.375 5925189.34359
1.75 4.375 6244510.92499
2.25 4.375 6954114.43919
2.75 4.375 4647903.01803
3.25 4.375 4151180.55809
3.75 4.375 4080220.20667
4.25 4.375 2873894.23252
4.75 4.375 2377171.77258
5.25 4.375 1915929.48835
5.75 4.375 993444.919884
6.25 4.375 425762.108522
6.75 4.375 177400.878551
7.25 4.375 35480.1757101
7.75 4.375 0.0
8.25 4.375 0.0
8.75 4.375 0.0
0.25 4.625 6138070.39785
0.75 4.625 6421911.80354
1.25 4.625 5960669.5193
1.75 4.625 5499427.23507
2.25 4.625 6102590.22214
2.75 4.625 4328581.43664
3.25 4.625 3228695.98962
3.75 4.625 3122255.46249
4.25 4.625 2270731.24545
4.75 4.625 1561127.73125
5.25 4.625 957964.744174
5.75 4.625 1028925.09559
6.25 4.625 425762.108522
6.75 4.625 177400.878551
7.25 4.625 0.0
7.75 4.625 0.0
8.25 4.625 0.0
8.75 4.625 0.0
0.25 4.875 4967224.59942
0.75 4.875 4896264.248
1.25 4.875 4789823.72087
1.75 4.875 4612422.84232
2.25 4.875 4541462.4909
2.75 4.875 3867339.15241
3.25 4.875 3335136.51675
3.75 4.875 3086775.28678
4.25 4.875 1951409.66406
4.75 4.875 1348246.67699
5.25 4.875 887004.392754
5.75 4.875 390281.932812
6.25 4.875 390281.932812
6.75 4.875 35480.1757101
7.25 4.875 0.0
7.75 4.875 0.0
8.25 4.875 0.0
8.75 4.875 0.0
0.25 5.125 4435021.96377
0.75 5.125 4186660.7338
1.25 5.125 4364061.61235
1.75 5.125 3548017.57101
2.25 5.125 3938299.50383
2.75 5.125 2944854.58394
3.25 5.125 2590052.82684
3.75 5.125 2377171.77258
4.25 5.125 1632088.08267
4.75 5.125 1348246.67699
5.25 5.125 1028925.09559
5.75 5.125 425762.108522
6.25 5.125 354801.757101
6.75 5.125 35480.1757101
7.25 5.125 0.0
7.75 5.125 0.0
8.25 5.125 0.0
8.75 5.125 0.0
0.25 5.375 3406096.86817
0.75 5.375 3193215.81391
1.25 5.375 3086775.28678
1.75 5.375 3015814.93536
2.25 5.375 3264176.16533
2.75 5.375 2661013.17826
3.25 5.375 2057850.19119
3.75 5.375 1419207.02841
4.25 5.375 1880449.31264
4.75 5.375 922484.568464
5.25 5.375 674123.338493
5.75 5.375 461242.284232
6.25 5.375 70960.3514203
6.75 5.375 0.0
7.25 5.375 0.0
7.75 5.375 0.0
8.25 5.375 0.0
8.75 5.375 0.0
0.25 5.625 2944854.58394
0.75 5.625 2944854.58394
1.25 5.625 3015814.93536
1.75 5.625 2731973.52968
2.25 5.625 1809488.96122
2.75 5.625 2199770.89403
3.25 5.625 1561127.73125
3.75 5.625 1206325.97414
4.25 5.625 1170845.79843
4.75 5.625 1064405.2713
5.25 5.625 425762.108522
5.75 5.625 141920.702841
6.25 5.625 141920.702841
6.75 5.625 0.0
7.25 5.625 0.0
7.75 5.625 0.0
8.25 5.625 0.0
8.75 5.625 0.0
0.25 5.875 2838414.05681
0.75 5.875 2377171.77258
1.25 5.875 2483612.29971
1.75 5.875 2022370.01548
2.25 5.875 1986889.83977
2.75 5.875 1738528.6098
3.25 5.875 1561127.73125
3.75 5.875 1348246.67699
4.25 5.875 1454687.20412
4.75 5.875 638643.162783
5.25 5.875 354801.757101
5.75 5.875 106440.52713
6.25 5.875 70960.3514203
6.75 5.875 0.0
7.25 5.875 0.0
7.75 5.875 0.0
8.25 5.875 0.0
8.75 5.875 0.0
0.25 6.125 2235251.06974
0.75 6.125 2270731.24545
1.25 6.125 2270731.24545
1.75 6.125 1667568.25838
2.25 6.125 1454687.20412
2.75 6.125 1490167.37983
3.25 6.125 1383726.8527
3.75 6.125 1241806.14985
4.25 6.125 638643.162783
4.75 6.125 603162.987072
5.25 6.125 425762.108522
5.75 6.125 106440.52713
6.25 6.125 0.0
6.75 6.125 0.0
7.25 6.125 0.0
7.75 6.125 0.0
8.25 6.125 0.0
8.75 6.125 0.0
0.25 6.375 2164290.71832
0.75 6.375 2057850.19119
1.25 6.375 2057850.19119
1.75 6.375 1703048.43409
2.25 6.375 1419207.02841
2.75 6.375 1490167.37983
3.25 6.375 745083.689913
3.75 6.375 638643.162783
4.25 6.375 851524.217043
4.75 6.375 319321.581391
5.25 6.375 319321.581391
5.75 6.375 35480.1757101
6.25 6.375 35480.1757101
6.75 6.375 0.0
7.25 6.375 0.0
7.75 6.375 0.0
8.25 6.375 0.0
8.75 6.375 0.0
0.25 6.625 1419207.02841
0.75 6.625 1844969.13693
1.25 6.625 1383726.8527
1.75 6.625 1525647.55554
2.25 6.625 1312766.50128
2.75 6.625 1241806.14985
3.25 6.625 674123.338493
3.75 6.625 674123.338493
4.25 6.625 674123.338493
4.75 6.625 319321.581391
5.25 6.625 212881.054261
5.75 6.625 141920.702841
6.25 6.625 0.0
6.75 6.625 35480.1757101
7.25 6.625 0.0
7.75 6.625 0.0
8.25 6.625 0.0
8.75 6.625 0.0
0.25 6.875 1064405.2713
0.75 6.875 1028925.09559
1.25 6.875 1561127.73125
1.75 6.875 1561127.73125
2.25 6.875 1383726.8527
2.75 6.875 816044.041333
3.25 6.875 780563.865623
3.75 6.875 603162.987072
4.25 6.875 354801.757101
4.75 6.875 390281.932812
5.25 6.875 212881.054261
5.75 6.875 0.0
6.25 6.875 0.0
6.75 6.875 0.0
7.25 6.875 0.0
7.75 6.875 0.0
8.25 6.875 0.0
8.75 6.875 0.0
0.25 7.125 1206325.97414
0.75 7.125 1561127.73125
1.25 7.125 1312766.50128
1.75 7.125 1419207.02841
2.25 7.125 1312766.50128
2.75 7.125 816044.041333
3.25 7.125 709603.514203
3.75 7.125 603162.987072
4.25 7.125 212881.054261
4.75 7.125 212881.054261
5.25 7.125 70960.3514203
5.75 7.125 70960.3514203
6.25 7.125 0.0
6.75 7.125 0.0
7.25 7.125 0.0
7.75 7.125 0.0
8.25 7.125 0.0
8.75 7.125 0.0
0.25 7.375 1135365.62272
0.75 7.375 1206325.97414
1.25 7.375 780563.865623
1.75 7.375 1241806.14985
2.25 7.375 887004.392754
2.75 7.375 603162.987072
3.25 7.375 532202.635652
3.75 7.375 283841.405681
4.25 7.375 283841.405681
4.75 7.375 319321.581391
5.25 7.375 177400.878551
5.75 7.375 35480.1757101
6.25 7.375 0.0
6.75 7.375 0.0
7.25 7.375 0.0
7.75 7.375 0.0
8.25 7.375 0.0
8.75 7.375 0.0
0.25 7.625 603162.987072
0.75 7.625 1064405.2713
1.25 7.625 1312766.50128
1.75 7.625 851524.217043
2.25 7.625 1028925.09559
2.75 7.625 496722.459942
3.25 7.625 816044.041333
3.75 7.625 283841.405681
4.25 7.625 532202.635652
4.75 7.625 283841.405681
5.25 7.625 141920.702841
5.75 7.625 35480.1757101
6.25 7.625 0.0
6.75 7.625 35480.1757101
7.25 7.625 0.0
7.75 7.625 0.0
8.25 7.625 0.0
8.75 7.625 0.0
0.25 7.875 1099885.44701
0.75 7.875 709603.514203
1.25 7.875 745083.689913
1.75 7.875 603162.987072
2.25 7.875 745083.689913
2.75 7.875 567682.811362
3.25 7.875 354801.757101
3.75 7.875 248361.229971
4.25 7.875 212881.054261
4.75 7.875 106440.52713
5.25 7.875 177400.878551
5.75 7.875 70960.3514203
6.25 7.875 0.0
6.75 7.875 0.0
7.25 7.875 0.0
7.75 7.875 0.0
8.25 7.875 0.0
8.75 7.875 0.0
0.25 8.125 674123.338493
0.75 8.125 674123.338493
1.25 8.125 567682.811362
1.75 8.125 745083.689913
2.25 8.125 816044.041333
2.75 8.125 496722.459942
3.25 8.125 461242.284232
3.75 8.125 319321.581391
4.25 8.125 106440.52713
4.75 8.125 141920.702841
5.25 8.125 70960.3514203
5.75 8.125 0.0
6.25 8.125 35480.1757101
6.75 8.125 0.0
7.25 8.125 0.0
7.75 8.125 0.0
8.25 8.125 0.0
8.75 8.125 0.0
0.25 8.375 816044.041333
0.75 8.375 922484.568464
1.25 8.375 993444.919884
1.75 8.375 425762.108522
2.25 8.375 638643.162783
2.75 8.375 461242.284232
3.25 8.375 283841.405681
3.75 8.375 283841.405681
4.25 8.375 141920.702841
4.75 8.375 212881.054261
5.25 8.375 70960.3514203
5.75 8.375 0.0
6.25 8.375 0.0
6.75 8.375 0.0
7.25 8.375 0.0
7.75 8.375 0.0
8.25 8.375 0.0
8.75 8.375 0.0
0.25 8.625 532202.635652
0.75 8.625 674123.338493
1.25 8.625 780563.865623
1.75 8.625 461242.284232
2.25 8.625 461242.284232
2.75 8.625 390281.932812
3.25 8.625 390281.932812
3.75 8.625 354801.757101
4.25 8.625 177400.878551
4.75 8.625 35480.1757101
5.25 8.625 0.0
5.75 8.625 35480.1757101
6.25 8.625 0.0
6.75 8.625 0.0
7.25 8.625 0.0
7.75 8.625 0.0
8.25 8.625 0.0
8.75 8.625 0.0
0.25 8.875 638643.162783
0.75 8.875 354801.757101
1.25 8.875 957964.744174
1.75 8.875 638643.162783
2.25 8.875 283841.405681
2.75 8.875 106440.52713
3.25 8.875 248361.229971
3.75 8.875 212881.054261
4.25 8.875 283841.405681
4.75 8.875 70960.3514203
5.25 8.875 0.0
5.75 8.875 0.0
6.25 8.875 0.0
6.75 8.875 0.0
7.25 8.875 0.0
7.75 8.875 0.0
8.25 8.875 0.0
8.75 8.875 0.0
0.25 9.125 283841.405681
0.75 9.125 709603.514203
1.25 9.125 354801.757101
1.75 9.125 851524.217043
2.25 9.125 390281.932812
2.75 9.125 461242.284232
3.25 9.125 35480.1757101
3.75 9.125 212881.054261
4.25 9.125 319321.581391
4.75 9.125 35480.1757101
5.25 9.125 35480.1757101
5.75 9.125 0.0
6.25 9.125 0.0
6.75 9.125 0.0
7.25 9.125 0.0
7.75 9.125 0.0
8.25 9.125 0.0
8.75 9.125 0.0
0.25 9.375 532202.635652
0.75 9.375 283841.405681
1.25 9.375 354801.757101
1.75 9.375 319321.581391
2.25 9.375 354801.757101
2.75 9.375 177400.878551
3.25 9.375 212881.054261
3.75 9.375 70960.3514203
4.25 9.375 106440.52713
4.75 9.375 35480.1757101
5.25 9.375 35480.1757101
5.75 9.375 0.0
6.25 9.375 0.0
6.75 9.375 0.0
7.25 9.375 0.0
7.75 9.375 0.0
8.25 9.375 0.0
8.75 9.375 0.0
0.25 9.625 319321.581391
0.75 9.625 354801.757101
1.25 9.625 283841.405681
1.75 9.625 177400.878551
2.25 9.625 248361.229971
2.75 9.625 248361.229971
3.25 9.625 212881.054261
3.75 9.625 177400.878551
4.25 9.625 70960.3514203
4.75 9.625 35480.1757101
5.25 9.625 35480.1757101
5.75 9.625 106440.52713
6.25 9.625 0.0
6.75 9.625 0.0
7.25 9.625 0.0
7.75 9.625 0.0
8.25 9.625 0.0
8.75 9.625 0.0
0.25 9.875 425762.108522
0.75 9.875 461242.284232
1.25 9.875 461242.284232
1.75 9.875 212881.054261
2.25 9.875 248361.229971
2.75 9.875 283841.405681
3.25 9.875 212881.054261
3.75 9.875 106440.52713
4.25 9.875 177400.878551
4.75 9.875 35480.1757101
5.25 9.875 0.0
5.75 9.875 35480.1757101
6.25 9.875 0.0
6.75 9.875 0.0
7.25 9.875 0.0
7.75 9.875 0.0
8.25 9.875 0.0
8.75 9.875 0.0
0.25 10.125 212881.054261
0.75 10.125 319321.581391
1.25 10.125 461242.284232
1.75 10.125 248361.229971
2.25 10.125 283841.405681
2.75 10.125 212881.054261
3.25 10.125 141920.702841
3.75 10.125 248361.229971
4.25 10.125 106440.52713
4.75 10.125 0.0
5.25 10.125 35480.1757101
5.75 10.125 70960.3514203
6.25 10.125 0.0
6.75 10.125 0.0
7.25 10.125 0.0
7.75 10.125 0.0
8.25 10.125 0.0
8.75 10.125 0.0
0.25 10.375 319321.581391
0.75 10.375 283841.405681
1.25 10.375 319321.581391
1.75 10.375 212881.054261
2.25 10.375 177400.878551
2.75 10.375 177400.878551
3.25 10.375 141920.702841
3.75 10.375 70960.3514203
4.25 10.375 106440.52713
4.75 10.375 0.0
5.25 10.375 0.0
5.75 10.375 0.0
6.25 10.375 0.0
6.75 10.375 0.0
7.25 10.375 0.0
7.75 10.375 0.0
8.25 10.375 0.0
8.75 10.375 0.0
0.25 10.625 319321.581391
0.75 10.625 106440.52713
1.25 10.625 212881.054261
1.75 10.625 283841.405681
2.25 10.625 106440.52713
2.75 10.625 212881.054261
3.25 10.625 106440.52713
3.75 10.625 70960.3514203
4.25 10.625 106440.52713
4.75 10.625 35480.1757101
5.25 10.625 177400.878551
5.75 10.625 0.0
6.25 10.625 0.0
6.75 10.625 0.0
7.25 10.625 0.0
7.75 10.625 0.0
8.25 10.625 0.0
8.75 10.625 0.0
0.25 10.875 354801.757101
0.75 10.875 283841.405681
1.25 10.875 248361.229971
1.75 10.875 177400.878551
2.25 10.875 212881.054261
2.75 10.875 141920.702841
3.25 10.875 35480.1757101
3.75 10.875 141920.702841
4.25 10.875 35480.1757101
4.75 10.875 0.0
5.25 10.875 0.0
5.75 10.875 35480.1757101
6.25 10.875 0.0
6.75 10.875 0.0
7.25 10.875 0.0
7.75 10.875 0.0
8.25 10.875 0.0
8.75 10.875 0.0
0.25 11.125 106440.52713
0.75 11.125 532202.635652
1.25 11.125 70960.3514203
1.75 11.125 212881.054261
2.25 11.125 248361.229971
2.75 11.125 141920.702841
3.25 11.125 70960.3514203
3.75 11.125 70960.3514203
4.25 11.125 70960.3514203
4.75 11.125 35480.1757101
5.25 11.125 0.0
5.75 11.125 0.0
6.25 11.125 0.0
6.75 11.125 0.0
7.25 11.125 0.0
7.75 11.125 0.0
8.25 11.125 0.0
8.75 11.125 0.0
0.25 11.375 319321.581391
0.75 11.375 177400.878551
1.25 11.375 141920.702841
1.75 11.375 141920.702841
2.25 11.375 70960.3514203
2.75 11.375 106440.52713
3.25 11.375 141920.702841
3.75 11.375 70960.3514203
4.25 11.375 70960.3514203
4.75 11.375 35480.1757101
5.25 11.375 0.0
5.75 11.375 0.0
6.25 11.375 0.0
6.75 11.375 0.0
7.25 11.375 0.0
7.75 11.375 0.0
8.25 11.375 0.0
8.75 11.375 0.0
0.25 11.625 106440.52713
0.75 11.625 177400.878551
1.25 11.625 212881.054261
1.75 11.625 248361.229971
2.25 11.625 177400.878551
2.75 11.625 35480.1757101
3.25 11.625 70960.3514203
3.75 11.625 141920.702841
4.25 11.625 0.0
4.75 11.625 0.0
5.25 11.625 70960.3514203
5.75 11.625 0.0
6.25 11.625 0.0
6.75 11.625 0.0
7.25 11.625 0.0
7.75 11.625 0.0
8.25 11.625 0.0
8.75 11.625 0.0
0.25 11.875 106440.52713
0.75 11.875 106440.52713
1.25 11.875 141920.702841
1.75 11.875 141920.702841
2.25 11.875 35480.1757101
2.75 11.875 70960.3514203
3.25 11.875 35480.1757101
3.75 11.875 70960.3514203
4.25 11.875 0.0
4.75 11.875 70960.3514203
5.25 11.875 0.0
5.75 11.875 0.0
6.25 11.875 0.0
6.75 11.875 0.0
7.25 11.875 0.0
7.75 11.875 0.0
8.25 11.875 0.0
8.75 11.875 0.0
0.25 12.125 248361.229971
0.75 12.125 141920.702841
1.25 12.125 106440.52713
1.75 12.125 70960.3514203
2.25 12.125 106440.52713
2.75 12.125 106440.52713
3.25 12.125 35480.1757101
3.75 12.125 35480.1757101
4.25 12.125 35480.1757101
4.75 12.125 0.0
5.25 12.125 0.0
5.75 12.125 0.0
6.25 12.125 0.0
6.75 12.125 0.0
7.25 12.125 0.0
7.75 12.125 0.0
8.25 12.125 0.0
8.75 12.125 0.0
0.25 12.375 106440.52713
0.75 12.375 70960.3514203
1.25 12.375 177400.878551
1.75 12.375 177400.878551
2.25 12.375 70960.3514203
2.75 12.375 212881.054261
3.25 12.375 35480.1757101
3.75 12.375 0.0
4.25 12.375 0.0
4.75 12.375 0.0
5.25 12.375 35480.1757101
5.75 12.375 0.0
6.25 12.375 35480.1757101
6.75 12.375 0.0
7.25 12.375 0.0
7.75 12.375 0.0
8.25 12.375 0.0
8.75 12.375 0.0
0.25 12.625 106440.52713
0.75 12.625 177400.878551
1.25 12.625 106440.52713
1.75 12.625 177400.878551
2.25 12.625 70960.3514203
2.75 12.625 0.0
3.25 12.625 70960.3514203
3.75 12.625 106440.52713
4.25 12.625 0.0
4.75 12.625 0.0
5.25 12.625 0.0
5.75 12.625 0.0
6.25 12.625 0.0
6.75 12.625 0.0
7.25 12.625 0.0
7.75 12.625 0.0
8.25 12.625 0.0
8.75 12.625 0.0
0.25 12.875 106440.52713
0.75 12.875 141920.702841
1.25 12.875 106440.52713
1.75 12.875 177400.878551
2.25 12.875 177400.878551
2.75 12.875 35480.1757101
3.25 12.875 35480.1757101
3.75 12.875 0.0
4.25 12.875 106440.52713
4.75 12.875 0.0
5.25 12.875 0.0
5.75 12.875 0.0
6.25 12.875 0.0
6.75 12.875 0.0
7.25 12.875 0.0
7.75 12.875 0.0
8.25 12.875 0.0
8.75 12.875 0.0
0.25 13.125 106440.52713
0.75 13.125 70960.3514203
1.25 13.125 106440.52713
1.75 13.125 35480.1757101
2.25 13.125 70960.3514203
2.75 13.125 141920.702841
3.25 13.125 70960.3514203
3.75 13.125 0.0
4.25 13.125 35480.1757101
4.75 13.125 0.0
5.25 13.125 0.0
5.75 13.125 0.0
6.25 13.125 0.0
6.75 13.125 0.0
7.25 13.125 0.0
7.75 13.125 0.0
8.25 13.125 0.0
8.75 13.125 0.0
0.25 13.375 70960.3514203
0.75 13.375 35480.1757101
1.25 13.375 177400.878551
1.75 13.375 212881.054261
2.25 13.375 35480.1757101
2.75 13.375 141920.702841
3.25 13.375 35480.1757101
3.75 13.375 0.0
4.25 13.375 0.0
4.75 13.375 0.0
5.25 13.375 0.0
5.75 13.375 0.0
6.25 13.375 0.0
6.75 13.375 0.0
7.25 13.375 0.0
7.75 13.375 0.0
8.25 13.375 0.0
8.75 13.375 0.0
0.25 13.625 106440.52713
0.75 13.625 70960.3514203
1.25 13.625 35480.1757101
1.75 13.625 70960.3514203
2.25 13.625 0.0
2.75 13.625 35480.1757101
3.25 13.625 0.0
3.75 13.625 35480.1757101
4.25 13.625 0.0
4.75 13.625 35480.1757101
5.25 13.625 0.0
5.75 13.625 0.0
6.25 13.625 0.0
6.75 13.625 0.0
7.25 13.625 0.0
7.75 13.625 0.0
8.25 13.625 0.0
8.75 13.625 0.0
0.25 13.875 106440.52713
0.75 13.875 0.0
1.25 13.875 35480.1757101
1.75 13.875 106440.52713
2.25 13.875 106440.52713
2.75 13.875 70960.3514203
3.25 13.875 35480.1757101
3.75 13.875 0.0
4.25 13.875 0.0
4.75 13.875 0.0
5.25 13.875 0.0
5.75 13.875 0.0
6.25 13.875 0.0
6.75 13.875 0.0
7.25 13.875 0.0
7.75 13.875 0.0
8.25 13.875 0.0
8.75 13.875 0.0
0.25 14.125 35480.1757101
0.75 14.125 141920.702841
1.25 14.125 70960.3514203
1.75 14.125 35480.1757101
2.25 14.125 35480.1757101
2.75 14.125 35480.1757101
3.25 14.125 0.0
3.75 14.125 35480.1757101
4.25 14.125 0.0
4.75 14.125 35480.1757101
5.25 14.125 0.0
5.75 14.125 0.0
6.25 14.125 0.0
6.75 14.125 0.0
7.25 14.125 0.0
7.75 14.125 0.0
8.25 14.125 0.0
8.75 14.125 0.0
0.25 14.375 35480.1757101
0.75 14.375 35480.1757101
1.25 14.375 35480.1757101
1.75 14.375 0.0
2.25 14.375 70960.3514203
2.75 14.375 35480.1757101
3.25 14.375 106440.52713
3.75 14.375 35480.1757101
4.25 14.375 0.0
4.75 14.375 0.0
5.25 14.375 0.0
5.75 14.375 0.0
6.25 14.375 0.0
6.75 14.375 0.0
7.25 14.375 0.0
7.75 14.375 0.0
8.25 14.375 0.0
8.75 14.375 0.0
0.25 14.625 35480.1757101
0.75 14.625 35480.1757101
1.25 14.625 0.0
1.75 14.625 106440.52713
2.25 14.625 0.0
2.75 14.625 70960.3514203
3.25 14.625 0.0
3.75 14.625 0.0
4.25 14.625 70960.3514203
4.75 14.625 0.0
5.25 14.625 0.0
5.75 14.625 0.0
6.25 14.625 0.0
6.75 14.625 0.0
7.25 14.625 0.0
7.75 14.625 0.0
8.25 14.625 0.0
8.75 14.625 0.0
0.25 14.875 106440.52713
0.75 14.875 141920.702841
1.25 14.875 0.0
1.75 14.875 35480.1757101
2.25 14.875 106440.52713
2.75 14.875 35480.1757101
3.25 14.875 35480.1757101
3.75 14.875 0.0
4.25 14.875 0.0
4.75 14.875 0.0
5.25 14.875 0.0
5.75 14.875 0.0
6.25 14.875 0.0
6.75 14.875 0.0
7.25 14.875 0.0
7.75 14.875 0.0
8.25 14.875 0.0
8.75 14.875 0.0
0.25 15.125 35480.1757101
0.75 15.125 0.0
1.25 15.125 35480.1757101
1.75 15.125 141920.702841
2.25 15.125 0.0
2.75 15.125 35480.1757101
3.25 15.125 0.0
3.75 15.125 0.0
4.25 15.125 35480.1757101
4.75 15.125 0.0
5.25 15.125 0.0
5.75 15.125 0.0
6.25 15.125 0.0
6.75 15.125 0.0
7.25 15.125 0.0
7.75 15.125 0.0
8.25 15.125 0.0
8.75 15.125 0.0
0.25 15.375 35480.1757101
0.75 15.375 35480.1757101
1.25 15.375 35480.1757101
1.75 15.375 0.0
2.25 15.375 35480.1757101
2.75 15.375 0.0
3.25 15.375 70960.3514203
3.75 15.375 0.0
4.25 15.375 0.0
4.75 15.375 0.0
5.25 15.375 35480.1757101
5.75 15.375 0.0
6.25 15.375 0.0
6.75 15.375 0.0
7.25 15.375 0.0
7.75 15.375 0.0
8.25 15.375 0.0
8.75 15.375 0.0
0.25 15.625 70960.3514203
0.75 15.625 70960.3514203
1.25 15.625 0.0
1.75 15.625 35480.1757101
2.25 15.625 35480.1757101
2.75 15.625 0.0
3.25 15.625 0.0
3.75 15.625 0.0
4.25 15.625 35480.1757101
4.75 15.625 35480.1757101
5.25 15.625 0.0
5.75 15.625 0.0
6.25 15.625 0.0
6.75 15.625 0.0
7.25 15.625 0.0
7.75 15.625 0.0
8.25 15.625 0.0
8.75 15.625 0.0
0.25 15.875 35480.1757101
0.75 15.875 35480.1757101
1.25 15.875 106440.52713
1.75 15.875 141920.702841
2.25 15.875 70960.3514203
2.75 15.875 0.0
3.25 15.875 70960.3514203
3.75 15.875 0.0
4.25 15.875 0.0
4.75 15.875 0.0
5.25 15.875 0.0
5.75 15.875 0.0
6.25 15.875 0.0
6.75 15.875 0.0
7.25 15.875 0.0
7.75 15.875 0.0
8.25 15.875 0.0
8.75 15.875 0.0
0.25 16.125 0.0
0.75 16.125 0.0
1.25 16.125 0.0
1.75 16.125 35480.1757101
2.25 16.125 35480.1757101
2.75 16.125 0.0
3.25 16.125 70960.3514203
3.75 16.125 35480.1757101
4.25 16.125 0.0
4.75 16.125 0.0
5.25 16.125 0.0
5.75 16.125 0.0
6.25 16.125 0.0
6.75 16.125 0.0
7.25 16.125 0.0
7.75 16.125 0.0
8.25 16.125 0.0
8.75 16.125 0.0
0.25 16.375 70960.3514203
0.75 16.375 70960.3514203
1.25 16.375 70960.3514203
1.75 16.375 35480.1757101
2.25 16.375 0.0
2.75 16.375 35480.1757101
3.25 16.375 0.0
3.75 16.375 0.0
4.25 16.375 0.0
4.75 16.375 0.0
5.25 16.375 0.0
5.75 16.375 0.0
6.25 16.375 0.0
6.75 16.375 0.0
7.25 16.375 0.0
7.75 16.375 0.0
8.25 16.375 0.0
8.75 16.375 0.0
0.25 16.625 0.0
0.75 16.625 70960.3514203
1.25 16.625 0.0
1.75 16.625 35480.1757101
2.25 16.625 0.0
2.75 16.625 70960.3514203
3.25 16.625 35480.1757101
3.75 16.625 35480.1757101
4.25 16.625 35480.1757101
4.75 16.625 0.0
5.25 16.625 0.0
5.75 16.625 0.0
6.25 16.625 0.0
6.75 16.625 0.0
7.25 16.625 0.0
7.75 16.625 0.0
8.25 16.625 0.0
8.75 16.625 0.0
0.25 16.875 70960.3514203
0.75 16.875 70960.3514203
1.25 16.875 0.0
1.75 16.875 35480.1757101
2.25 16.875 35480.1757101
2.75 16.875 70960.3514203
3.25 16.875 0.0
3.75 16.875 0.0
4.25 16.875 0.0
4.75 16.875 0.0
5.25 16.875 0.0
5.75 16.875 0.0
6.25 16.875 0.0
6.75 16.875 0.0
7.25 16.875 0.0
7.75 16.875 0.0
8.25 16.875 0.0
8.75 16.875 0.0
0.25 17.125 35480.1757101
0.75 17.125 35480.1757101
1.25 17.125 0.0
1.75 17.125 70960.3514203
2.25 17.125 0.0
2.75 17.125 0.0
3.25 17.125 0.0
3.75 17.125 0.0
4.25 17.125 0.0
4.75 17.125 35480.1757101
5.25 17.125 0.0
5.75 17.125 0.0
6.25 17.125 0.0
6.75 17.125 0.0
7.25 17.125 0.0
7.75 17.125 0.0
8.25 17.125 0.0
8.75 17.125 0.0
0.25 17.375 35480.1757101
0.75 17.375 35480.1757101
1.25 17.375 0.0
1.75 17.375 35480.1757101
2.25 17.375 0.0
2.75 17.375 0.0
3.25 17.375 0.0
3.75 17.375 35480.1757101
4.25 17.375 0.0
4.75 17.375 0.0
5.25 17.375 0.0
5.75 17.375 0.0
6.25 17.375 0.0
6.75 17.375 0.0
7.25 17.375 0.0
7.75 17.375 0.0
8.25 17.375 0.0
8.75 17.375 0.0
0.25 17.625 35480.1757101
0.75 17.625 35480.1757101
1.25 17.625 70960.3514203
1.75 17.625 0.0
2.25 17.625 0.0
2.75 17.625 35480.1757101
3.25 17.625 0.0
3.75 17.625 35480.1757101
4.25 17.625 0.0
4.75 17.625 0.0
5.25 17.625 0.0
5.75 17.625 0.0
6.25 17.625 0.0
6.75 17.625 0.0
7.25 17.625 0.0
7.75 17.625 0.0
8.25 17.625 0.0
8.75 17.625 0.0
0.25 17.875 35480.1757101
0.75 17.875 0.0
1.25 17.875 0.0
1.75 17.875 0.0
2.25 17.875 0.0
2.75 17.875 35480.1757101
3.25 17.875 0.0
3.75 17.875 0.0
4.25 17.875 0.0
4.75 17.875 0.0
5.25 17.875 0.0
5.75 17.875 0.0
6.25 17.875 0.0
6.75 17.875 0.0
7.25 17.875 0.0
7.75 17.875 0.0
8.25 17.875 0.0
8.75 17.875 0.0
0.25 18.125 0.0
0.75 18.125 35480.1757101
1.25 18.125 35480.1757101
1.75 18.125 0.0
2.25 18.125 0.0
2.75 18.125 0.0
3.25 18.125 0.0
3.75 18.125 0.0
4.25 18.125 35480.1757101
4.75 18.125 0.0
5.25 18.125 0.0
5.75 18.125 0.0
6.25 18.125 0.0
6.75 18.125 0.0
7.25 18.125 0.0
7.75 18.125 0.0
8.25 18.125 0.0
8.75 18.125 0.0
0.25 18.375 35480.1757101
0.75 18.375 35480.1757101
1.25 18.375 0.0
1.75 18.375 0.0
2.25 18.375 0.0
2.75 18.375 0.0
3.25 18.375 0.0
3.75 18.375 0.0
4.25 18.375 0.0
4.75 18.375 0.0
5.25 18.375 0.0
5.75 18.375 0.0
6.25 18.375 0.0
6.75 18.375 0.0
7.25 18.375 0.0
7.75 18.375 0.0
8.25 18.375 0.0
8.75 18.375 0.0
0.25 18.625 0.0
0.75 18.625 0.0
1.25 18.625 35480.1757101
1.75 18.625 35480.1757101
2.25 18.625 35480.1757101
2.75 18.625 0.0
3.25 18.625 0.0
3.75 18.625 0.0
4.25 18.625 0.0
4.75 18.625 0.0
5.25 18.625 0.0
5.75 18.625 0.0
6.25 18.625 0.0
6.75 18.625 0.0
7.25 18.625 0.0
7.75 18.625 0.0
8.25 18.625 0.0
8.75 18.625 0.0
0.25 18.875 0.0
0.75 18.875 0.0
1.25 18.875 0.0
1.75 18.875 0.0
2.25 18.875 0.0
2.75 18.875 0.0
3.25 18.875 0.0
3.75 18.875 35480.1757101
4.25 18.875 0.0
4.75 18.875 0.0
5.25 18.875 0.0
5.75 18.875 0.0
6.25 18.875 0.0
6.75 18.875 0.0
7.25 18.875 0.0
7.75 18.875 0.0
8.25 18.875 0.0
8.75 18.875 0.0
0.25 19.125 35480.1757101
0.75 19.125 0.0
1.25 19.125 35480.1757101
1.75 19.125 70960.3514203
2.25 19.125 0.0
2.75 19.125 0.0
3.25 19.125 0.0
3.75 19.125 0.0
4.25 19.125 0.0
4.75 19.125 0.0
5.25 19.125 0.0
5.75 19.125 0.0
6.25 19.125 0.0
6.75 19.125 0.0
7.25 19.125 0.0
7.75 19.125 0.0
8.25 19.125 0.0
8.75 19.125 0.0
0.25 19.375 0.0
0.75 19.375 35480.1757101
1.25 19.375 35480.1757101
1.75 19.375 0.0
2.25 19.375 35480.1757101
2.75 19.375 0.0
3.25 19.375 0.0
3.75 19.375 0.0
4.25 19.375 0.0
4.75 19.375 0.0
5.25 19.375 0.0
5.75 19.375 0.0
6.25 19.375 0.0
6.75 19.375 0.0
7.25 19.375 0.0
7.75 19.375 0.0
8.25 19.375 0.0
8.75 19.375 0.0
0.25 19.625 70960.3514203
0.75 19.625 0.0
1.25 19.625 35480.1757101
1.75 19.625 35480.1757101
2.25 19.625 35480.1757101
2.75 19.625 0.0
3.25 19.625 0.0
3.75 19.625 0.0
4.25 19.625 0.0
4.75 19.625 0.0
5.25 19.625 0.0
5.75 19.625 0.0
6.25 19.625 0.0
6.75 19.625 0.0
7.25 19.625 0.0
7.75 19.625 0.0
8.25 19.625 0.0
8.75 19.625 0.0
0.25 19.875 0.0
0.75 19.875 35480.1757101
1.25 19.875 0.0
1.75 19.875 0.0
2.25 19.875 0.0
2.75 19.875 70960.3514203
3.25 19.875 35480.1757101
3.75 19.875 0.0
4.25 19.875 0.0
4.75 19.875 0.0
5.25 19.875 0.0
5.75 19.875 0.0
6.25 19.875 0.0
6.75 19.875 0.0
7.25 19.875 0.0
7.75 19.875 0.0
8.25 19.875 0.0
8.75 19.875 0.0
0.25 20.125 0.0
0.75 20.125 0.0
1.25 20.125 0.0
1.75 20.125 35480.1757101
2.25 20.125 35480.1757101
2.75 20.125 106440.52713
3.25 20.125 0.0
3.75 20.125 0.0
4.25 20.125 0.0
4.75 20.125 0.0
5.25 20.125 0.0
5.75 20.125 0.0
6.25 20.125 0.0
6.75 20.125 0.0
7.25 20.125 0.0
7.75 20.125 0.0
8.25 20.125 0.0
8.75 20.125 0.0
0.25 20.375 0.0
0.75 20.375 0.0
1.25 20.375 35480.1757101
1.75 20.375 0.0
2.25 20.375 35480.1757101
2.75 20.375 35480.1757101
3.25 20.375 0.0
3.75 20.375 0.0
4.25 20.375 0.0
4.75 20.375 0.0
5.25 20.375 0.0
5.75 20.375 0.0
6.25 20.375 0.0
6.75 20.375 0.0
7.25 20.375 0.0
7.75 20.375 0.0
8.25 20.375 0.0
8.75 20.375 0.0
0.25 20.625 0.0
0.75 20.625 0.0
1.25 20.625 35480.1757101
1.75 20.625 0.0
2.25 20.625 0.0
2.75 20.625 35480.1757101
3.25 20.625 0.0
3.75 20.625 0.0
4.25 20.625 0.0
4.75 20.625 0.0
5.25 20.625 0.0
5.75 20.625 0.0
6.25 20.625 0.0
6.75 20.625 0.0
7.25 20.625 0.0
7.75 20.625 0.0
8.25 20.625 0.0
8.75 20.625 0.0
0.25 20.875 0.0
0.75 20.875 0.0
1.25 20.875 0.0
1.75 20.875 0.0
2.25 20.875 35480.1757101
2.75 20.875 35480.1757101
3.25 20.875 0.0
3.75 20.875 0.0
4.25 20.875 0.0
4.75 20.875 0.0
5.25 20.875 0.0
5.75 20.875 0.0
6.25 20.875 0.0
6.75 20.875 0.0
7.25 20.875 0.0
7.75 20.875 0.0
8.25 20.875 0.0
8.75 20.875 0.0
0.25 21.125 35480.1757101
0.75 21.125 35480.1757101
1.25 21.125 0.0
1.75 21.125 35480.1757101
2.25 21.125 0.0
2.75 21.125 35480.1757101
3.25 21.125 35480.1757101
3.75 21.125 0.0
4.25 21.125 0.0
4.75 21.125 0.0
5.25 21.125 0.0
5.75 21.125 0.0
6.25 21.125 0.0
6.75 21.125 0.0
7.25 21.125 0.0
7.75 21.125 0.0
8.25 21.125 0.0
8.75 21.125 0.0
0.25 21.375 0.0
0.75 21.375 35480.1757101
1.25 21.375 0.0
1.75 21.375 0.0
2.25 21.375 0.0
2.75 21.375 35480.1757101
3.25 21.375 0.0
3.75 21.375 0.0
4.25 21.375 0.0
4.75 21.375 0.0
5.25 21.375 0.0
5.75 21.375 0.0
6.25 21.375 0.0
6.75 21.375 0.0
7.25 21.375 0.0
7.75 21.375 0.0
8.25 21.375 0.0
8.75 21.375 0.0
0.25 21.625 35480.1757101
0.75 21.625 0.0
1.25 21.625 35480.1757101
1.75 21.625 35480.1757101
2.25 21.625 0.0
2.75 21.625 0.0
3.25 21.625 35480.1757101
3.75 21.625 0.0
4.25 21.625 0.0
4.75 21.625 0.0
5.25 21.625 0.0
5.75 21.625 0.0
6.25 21.625 0.0
6.75 21.625 0.0
7.25 21.625 0.0
7.75 21.625 0.0
8.25 21.625 0.0
8.75 21.625 0.0
0.25 21.875 0.0
0.75 21.875 0.0
1.25 21.875 35480.1757101
1.75 21.875 35480.1757101
2.25 21.875 0.0
2.75 21.875 0.0
3.25 21.875 0.0
3.75 21.875 0.0
4.25 21.875 0.0
4.75 21.875 0.0
5.25 21.875 0.0
5.75 21.875 0.0
6.25 21.875 0.0
6.75 21.875 0.0
7.25 21.875 0.0
7.75 21.875 0.0
8.25 21.875 0.0
8.75 21.875 0.0
0.25 22.125 0.0
0.75 22.125 70960.3514203
1.25 22.125 0.0
1.75 22.125 0.0
2.25 22.125 0.0
2.75 22.125 0.0
3.25 22.125 0.0
3.75 22.125 0.0
4.25 22.125 0.0
4.75 22.125 0.0
5.25 22.125 0.0
5.75 22.125 0.0
6.25 22.125 0.0
6.75 22.125 0.0
7.25 22.125 0.0
7.75 22.125 0.0
8.25 22.125 0.0
8.75 22.125 0.0
0.25 22.375 0.0
0.75 22.375 35480.1757101
1.25 22.375 0.0
1.75 22.375 0.0
2.25 22.375 0.0
2.75 22.375 35480.1757101
3.25 22.375 0.0
3.75 22.375 0.0
4.25 22.375 0.0
4.75 22.375 0.0
5.25 22.375 0.0
5.75 22.375 0.0
6.25 22.375 0.0
6.75 22.375 0.0
7.25 22.375 0.0
7.75 22.375 0.0
8.25 22.375 0.0
8.75 22.375 0.0
0.25 22.625 0.0
0.75 22.625 0.0
1.25 22.625 0.0
1.75 22.625 0.0
2.25 22.625 0.0
2.75 22.625 0.0
3.25 22.625 0.0
3.75 22.625 0.0
4.25 22.625 0.0
4.75 22.625 0.0
5.25 22.625 0.0
5.75 22.625 0.0
6.25 22.625 0.0
6.75 22.625 0.0
7.25 22.625 0.0
7.75 22.625 0.0
8.25 22.625 0.0
8.75 22.625 0.0
0.25 22.875 0.0
0.75 22.875 0.0
1.25 22.875 0.0
1.75 22.875 0.0
2.25 22.875 0.0
2.75 22.875 0.0
3.25 22.875 0.0
3.75 22.875 0.0
4.25 22.875 0.0
4.75 22.875 0.0
5.25 22.875 0.0
5.75 22.875 0.0
6.25 22.875 0.0
6.75 22.875 0.0
7.25 22.875 0.0
7.75 22.875 0.0
8.25 22.875 0.0
8.75 22.875 0.0
0.25 23.125 0.0
0.75 23.125 0.0
1.25 23.125 0.0
1.75 23.125 0.0
2.25 23.125 0.0
2.75 23.125 0.0
3.25 23.125 0.0
3.75 23.125 0.0
4.25 23.125 0.0
4.75 23.125 0.0
5.25 23.125 0.0
5.75 23.125 0.0
6.25 23.125 0.0
6.75 23.125 0.0
7.25 23.125 0.0
7.75 23.125 0.0
8.25 23.125 0.0
8.75 23.125 0.0
0.25 23.375 0.0
0.75 23.375 0.0
1.25 23.375 0.0
1.75 23.375 0.0
2.25 23.375 35480.1757101
2.75 23.375 0.0
3.25 23.375 0.0
3.75 23.375 0.0
4.25 23.375 0.0
4.75 23.375 0.0
5.25 23.375 0.0
5.75 23.375 0.0
6.25 23.375 0.0
6.75 23.375 0.0
7.25 23.375 0.0
7.75 23.375 0.0
8.25 23.375 0.0
8.75 23.375 0.0
0.25 23.625 35480.1757101
0.75 23.625 0.0
1.25 23.625 0.0
1.75 23.625 0.0
2.25 23.625 0.0
2.75 23.625 0.0
3.25 23.625 0.0
3.75 23.625 0.0
4.25 23.625 0.0
4.75 23.625 0.0
5.25 23.625 0.0
5.75 23.625 0.0
6.25 23.625 0.0
6.75 23.625 0.0
7.25 23.625 0.0
7.75 23.625 0.0
8.25 23.625 0.0
8.75 23.625 0.0
0.25 23.875 0.0
0.75 23.875 35480.1757101
1.25 23.875 0.0
1.75 23.875 0.0
2.25 23.875 0.0
2.75 23.875 0.0
3.25 23.875 0.0
3.75 23.875 0.0
4.25 23.875 0.0
4.75 23.875 0.0
5.25 23.875 0.0
5.75 23.875 0.0
6.25 23.875 0.0
6.75 23.875 0.0
7.25 23.875 0.0
7.75 23.875 0.0
8.25 23.875 0.0
8.75 23.875 0.0
0.25 24.125 0.0
0.75 24.125 35480.1757101
1.25 24.125 0.0
1.75 24.125 0.0
2.25 24.125 0.0
2.75 24.125 0.0
3.25 24.125 0.0
3.75 24.125 0.0
4.25 24.125 0.0
4.75 24.125 0.0
5.25 24.125 0.0
5.75 24.125 0.0
6.25 24.125 0.0
6.75 24.125 0.0
7.25 24.125 0.0
7.75 24.125 0.0
8.25 24.125 0.0
8.75 24.125 0.0
0.25 24.375 0.0
0.75 24.375 0.0
1.25 24.375 0.0
1.75 24.375 0.0
2.25 24.375 0.0
2.75 24.375 0.0
3.25 24.375 0.0
3.75 24.375 0.0
4.25 24.375 0.0
4.75 24.375 0.0
5.25 24.375 0.0
5.75 24.375 0.0
6.25 24.375 0.0
6.75 24.375 0.0
7.25 24.375 0.0
7.75 24.375 0.0
8.25 24.375 0.0
8.75 24.375 0.0
0.25 24.625 0.0
0.75 24.625 0.0
1.25 24.625 0.0
1.75 24.625 0.0
2.25 24.625 0.0
2.75 24.625 0.0
3.25 24.625 0.0
3.75 24.625 0.0
4.25 24.625 0.0
4.75 24.625 0.0
5.25 24.625 0.0
5.75 24.625 0.0
6.25 24.625 0.0
6.75 24.625 0.0
7.25 24.625 0.0
7.75 24.625 0.0
8.25 24.625 0.0
8.75 24.625 0.0
0.25 24.875 0.0
0.75 24.875 0.0
1.25 24.875 0.0
1.75 24.875 35480.1757101
2.25 24.875 0.0
2.75 24.875 0.0
3.25 24.875 0.0
3.75 24.875 0.0
4.25 24.875 0.0
4.75 24.875 0.0
5.25 24.875 0.0
5.75 24.875 0.0
6.25 24.875 0.0
6.75 24.875 0.0
7.25 24.875 0.0
7.75 24.875 0.0
8.25 24.875 0.0
8.75 24.875 0.0
0.25 25.125 35480.1757101
0.75 25.125 0.0
1.25 25.125 0.0
1.75 25.125 0.0
2.25 25.125 0.0
2.75 25.125 0.0
3.25 25.125 0.0
3.75 25.125 0.0
4.25 25.125 0.0
4.75 25.125 0.0
5.25 25.125 0.0
5.75 25.125 0.0
6.25 25.125 0.0
6.75 25.125 0.0
7.25 25.125 0.0
7.75 25.125 0.0
8.25 25.125 0.0
8.75 25.125 0.0
0.25 25.375 35480.1757101
0.75 25.375 0.0
1.25 25.375 0.0
1.75 25.375 0.0
2.25 25.375 0.0
2.75 25.375 0.0
3.25 25.375 0.0
3.75 25.375 0.0
4.25 25.375 0.0
4.75 25.375 0.0
5.25 25.375 0.0
5.75 25.375 0.0
6.25 25.375 0.0
6.75 25.375 0.0
7.25 25.375 0.0
7.75 25.375 0.0
8.25 25.375 0.0
8.75 25.375 0.0
0.25 25.625 0.0
0.75 25.625 35480.1757101
1.25 25.625 0.0
1.75 25.625 0.0
2.25 25.625 0.0
2.75 25.625 0.0
3.25 25.625 0.0
3.75 25.625 0.0
4.25 25.625 0.0
4.75 25.625 0.0
5.25 25.625 0.0
5.75 25.625 0.0
6.25 25.625 0.0
6.75 25.625 0.0
7.25 25.625 0.0
7.75 25.625 0.0
8.25 25.625 0.0
8.75 25.625 0.0
0.25 25.875 35480.1757101
0.75 25.875 0.0
1.25 25.875 35480.1757101
1.75 25.875 0.0
2.25 25.875 0.0
2.75 25.875 0.0
3.25 25.875 0.0
3.75 25.875 0.0
4.25 25.875 0.0
4.75 25.875 0.0
5.25 25.875 0.0
5.75 25.875 0.0
6.25 25.875 0.0
6.75 25.875 0.0
7.25 25.875 0.0
7.75 25.875 0.0
8.25 25.875 0.0
8.75 25.875 0.0
0.25 26.125 70960.3514203
0.75 26.125 35480.1757101
1.25 26.125 0.0
1.75 26.125 0.0
2.25 26.125 0.0
2.75 26.125 0.0
3.25 26.125 0.0
3.75 26.125 0.0
4.25 26.125 0.0
4.75 26.125 0.0
5.25 26.125 0.0
5.75 26.125 0.0
6.25 26.125 0.0
6.75 26.125 0.0
7.25 26.125 0.0
7.75 26.125 0.0
8.25 26.125 0.0
8.75 26.125 0.0
0.25 26.375 0.0
0.75 26.375 0.0
1.25 26.375 0.0
1.75 26.375 0.0
2.25 26.375 0.0
2.75 26.375 0.0
3.25 26.375 0.0
3.75 26.375 0.0
4.25 26.375 0.0
4.75 26.375 0.0
5.25 26.375 0.0
5.75 26.375 0.0
6.25 26.375 0.0
6.75 26.375 0.0
7.25 26.375 0.0
7.75 26.375 0.0
8.25 26.375 0.0
8.75 26.375 0.0
0.25 26.625 0.0
0.75 26.625 0.0
1.25 26.625 0.0
1.75 26.625 0.0
2.25 26.625 0.0
2.75 26.625 0.0
3.25 26.625 0.0
3.75 26.625 0.0
4.25 26.625 0.0
4.75 26.625 0.0
5.25 26.625 0.0
5.75 26.625 0.0
6.25 26.625 0.0
6.75 26.625 0.0
7.25 26.625 0.0
7.75 26.625 0.0
8.25 26.625 0.0
8.75 26.625 0.0
0.25 26.875 0.0
0.75 26.875 0.0
1.25 26.875 0.0
1.75 26.875 0.0
2.25 26.875 0.0
2.75 26.875 0.0
3.25 26.875 0.0
3.75 26.875 0.0
4.25 26.875 0.0
4.75 26.875 0.0
5.25 26.875 0.0
5.75 26.875 0.0
6.25 26.875 0.0
6.75 26.875 0.0
7.25 26.875 0.0
7.75 26.875 0.0
8.25 26.875 0.0
8.75 26.875 0.0
0.25 27.125 0.0
0.75 27.125 35480.1757101
1.25 27.125 0.0
1.75 27.125 0.0
2.25 27.125 0.0
2.75 27.125 0.0
3.25 27.125 0.0
3.75 27.125 0.0
4.25 27.125 0.0
4.75 27.125 0.0
5.25 27.125 0.0
5.75 27.125 0.0
6.25 27.125 0.0
6.75 27.125 0.0
7.25 27.125 0.0
7.75 27.125 0.0
8.25 27.125 0.0
8.75 27.125 0.0
0.25 27.375 0.0
0.75 27.375 0.0
1.25 27.375 0.0
1.75 27.375 0.0
2.25 27.375 0.0
2.75 27.375 0.0
3.25 27.375 0.0
3.75 27.375 0.0
4.25 27.375 0.0
4.75 27.375 0.0
5.25 27.375 0.0
5.75 27.375 0.0
6.25 27.375 0.0
6.75 27.375 0.0
7.25 27.375 0.0
7.75 27.375 0.0
8.25 27.375 0.0
8.75 27.375 0.0
0.25 27.625 0.0
0.75 27.625 0.0
1.25 27.625 0.0
1.75 27.625 0.0
2.25 27.625 0.0
2.75 27.625 0.0
3.25 27.625 0.0
3.75 27.625 0.0
4.25 27.625 0.0
4.75 27.625 0.0
5.25 27.625 0.0
5.75 27.625 0.0
6.25 27.625 0.0
6.75 27.625 0.0
7.25 27.625 0.0
7.75 27.625 0.0
8.25 27.625 0.0
8.75 27.625 0.0
0.25 27.875 0.0
0.75 27.875 0.0
1.25 27.875 0.0
1.75 27.875 0.0
2.25 27.875 0.0
2.75 27.875 0.0
3.25 27.875 0.0
3.75 27.875 0.0
4.25 27.875 35480.1757101
4.75 27.875 0.0
5.25 27.875 0.0
5.75 27.875 0.0
6.25 27.875 0.0
6.75 27.875 0.0
7.25 27.875 0.0
7.75 27.875 0.0
8.25 27.875 0.0
8.75 27.875 0.0
0.25 28.125 0.0
0.75 28.125 0.0
1.25 28.125 0.0
1.75 28.125 0.0
2.25 28.125 0.0
2.75 28.125 0.0
3.25 28.125 0.0
3.75 28.125 0.0
4.25 28.125 0.0
4.75 28.125 0.0
5.25 28.125 0.0
5.75 28.125 0.0
6.25 28.125 0.0
6.75 28.125 0.0
7.25 28.125 0.0
7.75 28.125 0.0
8.25 28.125 0.0
8.75 28.125 0.0
0.25 28.375 35480.1757101
0.75 28.375 0.0
1.25 28.375 0.0
1.75 28.375 0.0
2.25 28.375 0.0
2.75 28.375 0.0
3.25 28.375 0.0
3.75 28.375 0.0
4.25 28.375 0.0
4.75 28.375 0.0
5.25 28.375 0.0
5.75 28.375 0.0
6.25 28.375 0.0
6.75 28.375 0.0
7.25 28.375 0.0
7.75 28.375 0.0
8.25 28.375 0.0
8.75 28.375 0.0
0.25 28.625 0.0
0.75 28.625 0.0
1.25 28.625 0.0
1.75 28.625 0.0
2.25 28.625 0.0
2.75 28.625 0.0
3.25 28.625 0.0
3.75 28.625 0.0
4.25 28.625 0.0
4.75 28.625 0.0
5.25 28.625 0.0
5.75 28.625 0.0
6.25 28.625 0.0
6.75 28.625 0.0
7.25 28.625 0.0
7.75 28.625 0.0
8.25 28.625 0.0
8.75 28.625 0.0
0.25 28.875 0.0
0.75 28.875 0.0
1.25 28.875 0.0
1.75 28.875 35480.1757101
2.25 28.875 0.0
2.75 28.875 0.0
3.25 28.875 0.0
3.75 28.875 0.0
4.25 28.875 0.0
4.75 28.875 0.0
5.25 28.875 0.0
5.75 28.875 0.0
6.25 28.875 0.0
6.75 28.875 0.0
7.25 28.875 0.0
7.75 28.875 0.0
8.25 28.875 0.0
8.75 28.875 0.0
0.25 29.125 0.0
0.75 29.125 0.0
1.25 29.125 0.0
1.75 29.125 0.0
2.25 29.125 0.0
2.75 29.125 0.0
3.25 29.125 0.0
3.75 29.125 0.0
4.25 29.125 0.0
4.75 29.125 0.0
5.25 29.125 0.0
5.75 29.125 0.0
6.25 29.125 0.0
6.75 29.125 0.0
7.25 29.125 0.0
7.75 29.125 0.0
8.25 29.125 0.0
8.75 29.125 0.0
0.25 29.375 0.0
0.75 29.375 0.0
1.25 29.375 0.0
1.75 29.375 0.0
2.25 29.375 0.0
2.75 29.375 0.0
3.25 29.375 0.0
3.75 29.375 0.0
4.25 29.375 0.0
4.75 29.375 0.0
5.25 29.375 0.0
5.75 29.375 0.0
6.25 29.375 0.0
6.75 29.375 0.0
7.25 29.375 0.0
7.75 29.375 0.0
8.25 29.375 0.0
8.75 29.375 0.0
0.25 29.625 0.0
0.75 29.625 0.0
1.25 29.625 0.0
1.75 29.625 0.0
2.25 29.625 0.0
2.75 29.625 0.0
3.25 29.625 0.0
3.75 29.625 0.0
4.25 29.625 0.0
4.75 29.625 0.0
5.25 29.625 0.0
5.75 29.625 0.0
6.25 29.625 0.0
6.75 29.625 0.0
7.25 29.625 0.0
7.75 29.625 0.0
8.25 29.625 0.0
8.75 29.625 0.0
0.25 29.875 0.0
0.75 29.875 0.0
1.25 29.875 0.0
1.75 29.875 0.0
2.25 29.875 0.0
2.75 29.875 0.0
3.25 29.875 0.0
3.75 29.875 0.0
4.25 29.875 0.0
4.75 29.875 0.0
5.25 29.875 0.0
5.75 29.875 0.0
6.25 29.875 0.0
6.75 29.875 0.0
7.25 29.875 0.0
7.75 29.875 0.0
8.25 29.875 0.0
8.75 29.875 0.0
