11.294627058970837 0.0
14.219093021276404 2353.6258787999936
17.900777537149963 0.8825852099998883
22.535743732392298 5.215680071999941
28.370820458389794 201.80726145200288
35.71674682851676 95.56497928949966
44.96472020903849 2123.7354150810907
56.60722890537329 3492.6656145517245
71.26427896022373 4256.68032190554
89.71641173621407 9531.770738782101
112.94627058970838 12547.34467900006
142.1909302127641 17972.265711083746
179.00777537149963 14502.36508070636
225.35743732392305 20545.258223517434
283.7082045838981 19506.735427037565
357.1674682851676 18996.5255979497
449.6472020903849 28836.260779340082
566.0722890537327 29175.852972600405
712.6427896022376 20089.73325330246
897.164117362141 17434.07766721936
1129.4627058970837 10386.579650909203
1421.9093021276408 5767.610662068706
1790.0777537149975 2646.9630964642274
2253.5743732392316 920.2798638569366
2837.082045838981 207.44540677592158
3571.674682851676 16.541525784967234
4496.47202090385 1.7539052315696608
5660.72289053733 0.012876463093562052
7126.427896022379 0.0
8971.64117362141 0.0
