11.294627058970837 12.026751749999901
14.219093021276404 834.321143853597
17.900777537149963 4765.764914219949
22.535743732392298 3081.920326451611
28.370820458389794 2150.509434609892
35.71674682851676 10374.525153726805
44.96472020903849 11570.188686215271
56.60722890537329 13443.017804485666
71.26427896022373 24652.191758833447
89.71641173621407 70819.7095514171
112.94627058970838 66797.36772421843
142.1909302127641 63700.48872925737
179.00777537149963 81773.61382854241
225.35743732392305 118582.80042208784
283.7082045838981 130605.4262752491
357.1674682851676 110818.31804290006
449.6472020903849 110612.57274141628
566.0722890537327 99214.40508285456
712.6427896022376 91928.34510058805
897.164117362141 62714.09115826269
1129.4627058970837 36302.21711294283
1421.9093021276408 14412.509619756835
1790.0777537149975 7188.972855858505
2253.5743732392316 1864.2298318496905
2837.082045838981 343.82051843660884
3571.674682851676 20.776370436651632
4496.47202090385 0.19779481505975127
5660.72289053733 0.0
7126.427896022379 0.0
8971.64117362141 0.0
