11.294627058970837 0.0
14.219093021276404 155.53962023999978
17.900777537149963 185.02575027299926
22.535743732392298 40.29268804499975
28.370820458389794 39.20104313999974
35.71674682851676 743.1814415195322
44.96472020903849 468.0526130284479
56.60722890537329 4752.571621160292
71.26427896022373 10122.446671662517
89.71641173621407 7544.548829030806
112.94627058970838 10338.132739219742
142.1909302127641 12242.067588977494
179.00777537149963 15493.742401418102
225.35743732392305 17314.869263702116
283.7082045838981 19725.78197287579
357.1674682851676 25021.024871433736
449.6472020903849 29500.38642316198
566.0722890537327 21816.403184946364
712.6427896022376 27677.111291427456
897.164117362141 21481.91408078
1129.4627058970837 12979.367622703488
1421.9093021276408 6160.021857822168
1790.0777537149975 2849.504596489278
2253.5743732392316 818.5510834475572
2837.082045838981 140.32475183630595
3571.674682851676 15.903768813761417
4496.47202090385 0.2231378460128326
5660.72289053733 0.0
7126.427896022379 0.0
8971.64117362141 0.0
