11.294627058970837 39.990672259709825
14.219093021276404 115.69053487875435
17.900777537149963 130.92520351350936
22.535743732392298 256.6035578951836
28.370820458389794 1405.485957985035
35.71674682851676 3177.54542006483
44.96472020903849 4234.72122364887
56.60722890537329 5205.560454706185
71.26427896022373 6154.246204416757
89.71641173621407 8788.03339335298
112.94627058970838 9108.185333369103
142.1909302127641 8736.747090814286
179.00777537149963 11821.092540418831
225.35743732392305 10842.198977323525
283.7082045838981 9499.325990806552
357.1674682851676 9734.31760416532
449.6472020903849 7435.201937641352
566.0722890537327 6546.22956989774
712.6427896022376 5488.14253899653
897.164117362141 5222.7976557843795
1129.4627058970837 3596.6512660794397
1421.9093021276408 1790.1151067945466
1790.0777537149975 777.2852960041782
2253.5743732392316 272.8617751673737
2837.082045838981 66.2605310195795
3571.674682851676 6.82336267583014
4496.47202090385 0.10625918419100344
5660.72289053733 0.00046470927190966904
7126.427896022379 0.0
8971.64117362141 0.0
