11.294627058970837 0.0
14.219093021276404 3.087838696499978
17.900777537149963 29.284886262899782
22.535743732392298 16.59496286909988
28.370820458389794 39.13834785067484
35.71674682851676 157.13236188145072
44.96472020903849 885.0856158896219
56.60722890537329 2768.7614208291807
71.26427896022373 3753.3988831553265
89.71641173621407 4773.25789390109
112.94627058970838 6557.649290013502
142.1909302127641 5721.653513053407
179.00777537149963 8658.700979896767
225.35743732392305 8187.56514212265
283.7082045838981 11605.189413195447
357.1674682851676 12922.02266685992
449.6472020903849 14465.077113213687
566.0722890537327 11418.161244198389
712.6427896022376 11648.57896596448
897.164117362141 9601.642854231352
1129.4627058970837 6855.873710611704
1421.9093021276408 3713.233898677805
1790.0777537149975 1690.046294213651
2253.5743732392316 615.2527471528156
2837.082045838981 114.1218784259836
3571.674682851676 10.484313712251605
4496.47202090385 0.5051035932119703
5660.72289053733 0.0
7126.427896022379 0.0
8971.64117362141 0.0
