11.294627058970837 0.0
14.219093021276404 17.855744549999855
17.900777537149963 46.55328576997468
22.535743732392298 21.65663871824988
28.370820458389794 141.68558814937427
35.71674682851676 275.4933421598769
44.96472020903849 322.8374985892563
56.60722890537329 1233.4101099764807
71.26427896022373 3716.2364577141902
89.71641173621407 3823.103252777084
112.94627058970838 4262.756077248432
142.1909302127641 4512.373618845055
179.00777537149963 7135.798663781694
225.35743732392305 10501.823202624226
283.7082045838981 12383.288388671674
357.1674682851676 12055.833352891168
449.6472020903849 14285.625295737736
566.0722890537327 10771.52768661754
712.6427896022376 10699.03929516711
897.164117362141 8911.594065516925
1129.4627058970837 5571.932898927422
1421.9093021276408 3191.7935820725543
1790.0777537149975 1575.8560649254505
2253.5743732392316 516.4627685225132
2837.082045838981 118.54884339059936
3571.674682851676 14.69881818444992
4496.47202090385 0.5166401044261875
5660.72289053733 0.001518113334896043
7126.427896022379 0.0
8971.64117362141 0.0
