11.294627058970837 0.0
14.219093021276404 0.16255284635999723
17.900777537149963 0.0
22.535743732392298 280.6040358652938
28.370820458389794 9.939986563499929
35.71674682851676 90.07038055901643
44.96472020903849 3857.9813091579585
56.60722890537329 3704.2376620346795
71.26427896022373 1235.0335012994583
89.71641173621407 12654.810334285288
112.94627058970838 11089.157663857899
142.1909302127641 13311.372699570624
179.00777537149963 21298.09191670086
225.35743732392305 20500.82221700417
283.7082045838981 17077.56242960671
357.1674682851676 23824.455940632033
449.6472020903849 30599.654777395932
566.0722890537327 27698.19566847838
712.6427896022376 25268.58967305679
897.164117362141 17037.59387830511
1129.4627058970837 11844.942201236234
1421.9093021276408 5322.62160468541
1790.0777537149975 2788.261586232751
2253.5743732392316 1025.4053332267213
2837.082045838981 229.67730493636918
3571.674682851676 18.053490820806473
4496.47202090385 0.3816667426144704
5660.72289053733 0.0
7126.427896022379 0.0
8971.64117362141 0.0
