0.25 0.125 4232714.9
0.75 0.125 9823142.0
1.25 0.125 5224362.8
1.75 0.125 5138944.0
2.25 0.125 7807929.0
2.75 0.125 11988820.0
3.25 0.125 6147137.0
3.75 0.125 10190730.0
4.25 0.125 11131118.0
4.75 0.125 11368826.0
5.25 0.125 7151610.0
5.75 0.125 9149144.0
6.25 0.125 3534413.326
6.75 0.125 1392475.72
7.25 0.125 751866.0399999999
7.75 0.125 269074.56
8.25 0.125 4403.44
8.75 0.125 0.0
0.25 0.375 10868000.0
0.75 0.375 9521720.0
1.25 0.375 15973326.730000002
1.75 0.375 4063675.8000000003
2.25 0.375 11656606.1
2.75 0.375 28917090.800000004
3.25 0.375 24392590.000000004
3.75 0.375 28689819.999999993
4.25 0.375 20811290.0
4.75 0.375 21065140.0
5.25 0.375 17706658.0
5.75 0.375 12304764.29109
6.25 0.375 6934008.0
6.75 0.375 4995338.0
7.25 0.375 4071130.3000000003
7.75 0.375 1025971.2292000003
8.25 0.375 17195.86
8.75 0.375 0.0
0.25 0.625 40803833.5
0.75 0.625 47884699.99999999
1.25 0.625 27404570.0
1.75 0.625 16627800.0
2.25 0.625 10124550.000000002
2.75 0.625 35840959.99999999
3.25 0.625 25813905.69999999
3.75 0.625 32595140.0
4.25 0.625 52944064.0
4.75 0.625 33294730.0
5.25 0.625 15447336.000000002
5.75 0.625 11422000.0
6.25 0.625 9176758.55
6.75 0.625 4435053.3
7.25 0.625 1940898.1
7.75 0.625 430367.56640000007
8.25 0.625 4042.139400000001
8.75 0.625 0.0
0.25 0.875 77087530.0
0.75 0.875 38111436.699999996
1.25 0.875 28224280.0
1.75 0.875 50135790.0
2.25 0.875 45547803.45000001
2.75 0.875 21272369.8
3.25 0.875 39650454.099999994
3.75 0.875 27720184.0
4.25 0.875 26376070.000000004
4.75 0.875 26035047.5
5.25 0.875 25294092.900000006
5.75 0.875 15283149.000000002
6.25 0.875 11348283.000000002
6.75 0.875 3421970.5
7.25 0.875 1472159.8929
7.75 0.875 146036.42600000004
8.25 0.875 827.8926849999999
8.75 0.875 0.0
0.25 1.125 53305439.0
0.75 1.125 46236231.0
1.25 1.125 44695660.0
1.75 1.125 48832873.99999999
2.25 1.125 41232577.78599999
2.75 1.125 43832281.0
3.25 1.125 38907714.539000005
3.75 1.125 59785403.041999996
4.25 1.125 15085104.96701
4.75 1.125 29013434.0
5.25 1.125 29071377.266440008
5.75 1.125 12652699.000000004
6.25 1.125 8059214.000000001
6.75 1.125 3455335.9999999995
7.25 1.125 1414993.4999999998
7.75 1.125 80491.65599999999
8.25 1.125 0.164737
8.75 1.125 0.0
0.25 1.375 40446981.099999994
0.75 1.375 134232810.0
1.25 1.375 24595983.0
1.75 1.375 46189806.0
2.25 1.375 33827280.0
2.75 1.375 37500173.300000004
3.25 1.375 22901126.66
3.75 1.375 37384697.400000006
4.25 1.375 34563176.00000001
4.75 1.375 24063707.0
5.25 1.375 18798584.0
5.75 1.375 6584942.300000001
6.25 1.375 5568186.1
6.75 1.375 2851693.558146
7.25 1.375 1069824.2999999998
7.75 1.375 30880.717027699997
8.25 1.375 0.0
8.75 1.375 0.0
0.25 1.625 23620388.0
0.75 1.625 72835919.99999999
1.25 1.625 79863980.0
1.75 1.625 45627880.000000015
2.25 1.625 40106080.0
2.75 1.625 19647185.400000002
3.25 1.625 18334823.999999993
3.75 1.625 37587972.6
4.25 1.625 18822010.000000004
4.75 1.625 12718776.476400001
5.25 1.625 8684072.88
5.75 1.625 4812614.000000001
6.25 1.625 702828.0
6.75 1.625 805935.692
7.25 1.625 81685.70048
7.75 1.625 2270.286000179895
8.25 1.625 0.0
8.75 1.625 0.0
0.25 1.875 11498512.0
0.75 1.875 33555447.3
1.25 1.875 87701258.34999996
1.75 1.875 47161444.00000001
2.25 1.875 37529779.99999999
2.75 1.875 40483154.638000004
3.25 1.875 8687560.0
3.75 1.875 25356937.0
4.25 1.875 16012880.719999999
4.75 1.875 11085894.299999997
5.25 1.875 7326108.000000001
5.75 1.875 3181984.369
6.25 1.875 3073638.6599999988
6.75 1.875 738330.9339999998
7.25 1.875 197567.32396010004
7.75 1.875 25515.108055579894
8.25 1.875 0.0
8.75 1.875 0.0
0.25 2.125 34686124.7
0.75 2.125 16725362.0
1.25 2.125 17082378.54
1.75 2.125 21286902.0
2.25 2.125 22922001.19999999
2.75 2.125 19186182.999999996
3.25 2.125 13465558.0
3.75 2.125 10916926.309999997
4.25 2.125 13651987.449000003
4.75 2.125 8302073.092
5.25 2.125 2966370.3512
5.75 2.125 2497518.300001817
6.25 2.125 3484167.1999999997
6.75 2.125 1124674.7863850202
7.25 2.125 315123.05448000005
7.75 2.125 51030.17365557989
8.25 2.125 1.5080554
8.75 2.125 0.0
0.25 2.375 12434607.0
0.75 2.375 19966059.1
1.25 2.375 14881300.8
1.75 2.375 14666546.799999999
2.25 2.375 11887113.999999996
2.75 2.375 12275510.0
3.25 2.375 6533329.0
3.75 2.375 12757055.999999998
4.25 2.375 7024632.880000002
4.75 2.375 8628984.299999999
5.25 2.375 5418431.415749999
5.75 2.375 7213861.4
6.25 2.375 2183627.8
6.75 2.375 317464.29951999994
7.25 2.375 6794.5142
7.75 2.375 6544.576999999999
8.25 2.375 1.529283279895
8.75 2.375 0.0
0.25 2.625 14295625.959999997
0.75 2.625 23001381.000000004
1.25 2.625 7892042.0
1.75 2.625 19492272.0
2.25 2.625 10165905.4
2.75 2.625 7448210.0
3.25 2.625 8401909.679
3.75 2.625 6369830.643999999
4.25 2.625 5449372.2182
4.75 2.625 4185613.1812
5.25 2.625 3873006.4000000004
5.75 2.625 2654405.7
6.25 2.625 1604352.9
6.75 2.625 532838.9601459999
7.25 2.625 86384.597
7.75 2.625 5789.530440224093
8.25 2.625 0.04245593968499999
8.75 2.625 0.0
0.25 2.875 9338024.059999999
0.75 2.875 9343068.999999998
1.25 2.875 2216350.0
1.75 2.875 17394586.999999996
2.25 2.875 11504204.0
2.75 2.875 6960138.44
3.25 2.875 12851105.959999997
3.75 2.875 4238356.0
4.25 2.875 3545726.6
4.75 2.875 4178980.53
5.25 2.875 1795543.3
5.75 2.875 1065858.583
6.25 2.875 543922.9
6.75 2.875 378759.2457
7.25 2.875 59418.79300000024
7.75 2.875 376.5987278539999
8.25 2.875 1.7989499999999998e-07
8.75 2.875 0.0
0.25 3.125 8278781.600000001
0.75 3.125 11331297.057
1.25 3.125 11052921.999999996
1.75 3.125 13063006.800000003
2.25 3.125 7580809.0
2.75 3.125 3283650.1999999997
3.25 3.125 5994573.800000001
3.75 3.125 9279267.300000003
4.25 3.125 4902505.300000001
4.75 3.125 1611875.5514
5.25 3.125 1519739.994
5.75 3.125 1499915.791
6.25 3.125 920445.0970000001
6.75 3.125 100548.160253
7.25 3.125 33628.27319086157
7.75 3.125 164.197093927
8.25 3.125 0.0
8.75 3.125 0.0
0.25 3.375 7692040.999999999
0.75 3.375 5930259.700000001
1.25 3.375 12167845.900000004
1.75 3.375 7165253.6
2.25 3.375 4620391.0
2.75 3.375 4798351.1
3.25 3.375 2179481.1669999994
3.75 3.375 3770351.0770000005
4.25 3.375 2085195.6600000001
4.75 3.375 3669889.999999999
5.25 3.375 1302918.8235
5.75 3.375 859495.9
6.25 3.375 193282.87667700002
6.75 3.375 63266.91000000001
7.25 3.375 30909.968019999997
7.75 3.375 57.142174051092994
8.25 3.375 0.0
8.75 3.375 0.0
0.25 3.625 7260572.299999999
0.75 3.625 2407338.07
1.25 3.625 2424708.5999999996
1.75 3.625 7134238.199999999
2.25 3.625 2859305.3
2.75 3.625 4535656.7
3.25 3.625 5103870.9
3.75 3.625 2620662.83
4.25 3.625 2706155.8000000003
4.75 3.625 1281491.54
5.25 3.625 2247629.3
5.75 3.625 703460.0700000001
6.25 3.625 387517.09375999996
6.75 3.625 85174.19514
7.25 3.625 4874.87509502
7.75 3.625 35.146542999999994
8.25 3.625 0.0
8.75 3.625 0.0
0.25 3.875 2823894.9999999995
0.75 3.875 2882454.4999999995
1.25 3.875 5209551.0
1.75 3.875 4319463.000000001
2.25 3.875 2164114.6
2.75 3.875 6905379.770000001
3.25 3.875 4413236.1
3.75 3.875 1328068.95
4.25 3.875 2516712.7
4.75 3.875 1247525.5969999998
5.25 3.875 944303.2
5.75 3.875 645466.1000000001
6.25 3.875 70299.05426164
6.75 3.875 85060.65001269999
7.25 3.875 3883.2364982096
7.75 3.875 1.698670854
8.25 3.875 0.0
8.75 3.875 0.0
0.25 4.125 5133981.999999999
0.75 4.125 3953816.0
1.25 4.125 4334764.94
1.75 4.125 2375358.3000000003
2.25 4.125 2460289.1999999997
2.75 4.125 3506091.1100000003
3.25 4.125 2453918.5500000007
3.75 4.125 737754.2
4.25 4.125 1582766.5199999996
4.75 4.125 1513553.5599999996
5.25 4.125 1239044.6
5.75 4.125 291341.13
6.25 4.125 165335.95427999998
6.75 4.125 20203.419799999996
7.25 4.125 2511.612450861558
7.75 4.125 1.7385910539999998
8.25 4.125 0.0
8.75 4.125 0.0
0.25 4.375 5038994.369999998
0.75 4.375 2914001.7799999993
1.25 4.375 1156416.9999999998
1.75 4.375 2552463.0000000005
2.25 4.375 4140892.0789999994
2.75 4.375 3560949.25
3.25 4.375 1738380.7000000002
3.75 4.375 2035566.1499999997
4.25 4.375 583162.1900000001
4.75 4.375 510876.6639999999
5.25 4.375 144519.152
5.75 4.375 366151.7046
6.25 4.375 103921.619777
6.75 4.375 31435.699000000004
7.25 4.375 1074.577526
7.75 4.375 0.225363
8.25 4.375 0.0
8.75 4.375 0.0
0.25 4.625 3592211.6500000004
0.75 4.625 1670403.5000000002
1.25 4.625 3756242.2700000005
1.75 4.625 2301060.7
2.25 4.625 1659131.447
2.75 4.625 1426860.2
3.25 4.625 1022824.5
3.75 4.625 1093837.2
4.25 4.625 573295.14
4.75 4.625 686287.2000000001
5.25 4.625 331068.03890999994
5.75 4.625 268682.9347615
6.25 4.625 34624.609599999996
6.75 4.625 11132.004799999999
7.25 4.625 772.4493900002462
7.75 4.625 1.24093e-07
8.25 4.625 0.0
8.75 4.625 0.0
0.25 4.875 1815878.4
0.75 4.875 1337009.95
1.25 4.875 3501202.409999999
1.75 4.875 2100037.9000000004
2.25 4.875 1823781.7440000002
2.75 4.875 1772805.24
3.25 4.875 1592636.2699999998
3.75 4.875 748164.2000000001
4.25 4.875 754102.3099999999
4.75 4.875 490991.76999999996
5.25 4.875 334190.8599999999
5.75 4.875 167578.5013
6.25 4.875 41312.897000180645
6.75 4.875 11441.375699
7.25 4.875 135.81742179999998
7.75 4.875 0.000533927
8.25 4.875 0.0
8.75 4.875 0.0
0.25 5.125 1712162.18
0.75 5.125 2496587.17
1.25 5.125 2433691.3399999994
1.75 5.125 1580019.4000000001
2.25 5.125 914040.7999999999
2.75 5.125 1288324.7500000002
3.25 5.125 541596.4
3.75 5.125 905160.3999999999
4.25 5.125 519734.1000000001
4.75 5.125 289565.66000000003
5.25 5.125 310689.24000000005
5.75 5.125 179116.7562444
6.25 5.125 42504.2429
6.75 5.125 4730.706592717146
7.25 5.125 139.46068960000002
7.75 5.125 1.24093e-07
8.25 5.125 0.0
8.75 5.125 0.0
0.25 5.375 2286498.4099999997
0.75 5.375 1889991.8000000003
1.25 5.375 2916694.82
1.75 5.375 2462725.9899999998
2.25 5.375 1957238.3399999996
2.75 5.375 981551.2050000001
3.25 5.375 1484040.218
3.75 5.375 836291.9
4.25 5.375 317962.6
4.75 5.375 204712.76
5.25 5.375 222126.61900000004
5.75 5.375 69796.794
6.25 5.375 11218.149048042
6.75 5.375 655.1420300000001
7.25 5.375 24.911168500246315
7.75 5.375 0.0
8.25 5.375 0.0
8.75 5.375 0.0
0.25 5.625 196393.4
0.75 5.625 1699006.43
1.25 5.625 1570932.2000000004
1.75 5.625 1892754.01
2.25 5.625 1344536.65
2.75 5.625 692270.9600000001
3.25 5.625 1074689.0000000005
3.75 5.625 768517.67
4.25 5.625 148125.97
4.75 5.625 301226.9387
5.25 5.625 221255.60479999997
5.75 5.625 70838.47
6.25 5.625 5472.0816
6.75 5.625 2692.4774500000003
7.25 5.625 15.518722249600001
7.75 5.625 0.0
8.25 5.625 0.0
8.75 5.625 0.0
0.25 5.875 1598089.7799999998
0.75 5.875 476052.32
1.25 5.875 1699614.6800000002
1.75 5.875 1820142.9
2.25 5.875 416554.1
2.75 5.875 733186.503
3.25 5.875 685767.26
3.75 5.875 315201.708
4.25 5.875 307433.91800000006
4.75 5.875 134004.93
5.25 5.875 66730.43000000001
5.75 5.875 35534.409597
6.25 5.875 2905.33224
6.75 5.875 3571.1853399999995
7.25 5.875 0.018667499999999997
7.75 5.875 0.0
8.25 5.875 0.0
8.75 5.875 0.0
0.25 6.125 1323435.5999999996
0.75 6.125 1141577.7400000002
1.25 6.125 655187.56
1.75 6.125 771175.5699999998
2.25 6.125 672562.7930000001
2.75 6.125 651021.7300000001
3.25 6.125 450035.36299999995
3.75 6.125 327680.07699999993
4.25 6.125 514393.5030000001
4.75 6.125 83486.09799999998
5.25 6.125 99717.81300000001
5.75 6.125 61179.03975
6.25 6.125 5417.15834
6.75 6.125 2130.782590007147
7.25 6.125 4.444717
7.75 6.125 0.0
8.25 6.125 0.0
8.75 6.125 0.0
0.25 6.375 1491723.58
0.75 6.375 1204908.3199999998
1.25 6.375 495154.863
1.75 6.375 697451.1
2.25 6.375 360347.50000000006
2.75 6.375 926048.7999999999
3.25 6.375 781982.1309999999
3.75 6.375 371344.66799999995
4.25 6.375 103026.61200000002
4.75 6.375 64139.953000000016
5.25 6.375 79332.92
5.75 6.375 39594.327999999994
6.25 6.375 4421.535099999999
6.75 6.375 207.506519009074
7.25 6.375 0.06731806524631101
7.75 6.375 0.0
8.25 6.375 0.0
8.75 6.375 0.0
0.25 6.625 1041964.4000000001
0.75 6.625 683606.6200000001
1.25 6.625 887261.4
1.75 6.625 523125.008
2.25 6.625 1173175.3
2.75 6.625 456273.5500000001
3.25 6.625 408058.24
3.75 6.625 299700.70699999994
4.25 6.625 319954.93499999994
4.75 6.625 185214.734
5.25 6.625 73479.45079999999
5.75 6.625 45552.630848999994
6.25 6.625 9002.599310000001
6.75 6.625 215.94862179999996
7.25 6.625 0.34234509460000007
7.75 6.625 0.0
8.25 6.625 0.0
8.75 6.625 0.0
0.25 6.875 953236.7500000002
0.75 6.875 868199.7000000002
1.25 6.875 971394.8299999998
1.75 6.875 575728.08
2.25 6.875 718401.7
2.75 6.875 575519.55
3.25 6.875 246260.9
3.75 6.875 286164.5339999999
4.25 6.875 188839.73200000005
4.75 6.875 149043.415
5.25 6.875 47975.37821000001
5.75 6.875 29874.540199999992
6.25 6.875 997.3318
6.75 6.875 233.764881579074
7.25 6.875 0.008330040246311001
7.75 6.875 0.0
8.25 6.875 0.0
8.75 6.875 0.0
0.25 7.125 153456.01
0.75 7.125 402871.97000000003
1.25 7.125 485953.37000000005
1.75 7.125 673600.5499999998
2.25 7.125 411187.3
2.75 7.125 588625.75
3.25 7.125 120419.92
3.75 7.125 327144.516
4.25 7.125 189868.85000000003
4.75 7.125 85986.48500000002
5.25 7.125 44300.45435
5.75 7.125 11328.596196999999
6.25 7.125 932.634996
6.75 7.125 277.66867170999996
7.25 7.125 0.0007013364043109999
7.75 7.125 0.0
8.25 7.125 0.0
8.75 7.125 0.0
0.25 7.375 719813.9100000001
0.75 7.375 415076.596
1.25 7.375 969591.23
1.75 7.375 346260.05000000005
2.25 7.375 117897.66
2.75 7.375 196058.0
3.25 7.375 183697.663
3.75 7.375 131689.188
4.25 7.375 118089.73300000001
4.75 7.375 91325.81999999999
5.25 7.375 78077.9752
5.75 7.375 7514.507597
6.25 7.375 918.922600192
6.75 7.375 87.90366707107398
7.25 7.375 0.00010441919999999999
7.75 7.375 0.0
8.25 7.375 0.0
8.75 7.375 0.0
0.25 7.625 504804.4
0.75 7.625 812526.5900000001
1.25 7.625 495812.24
1.75 7.625 612029.7400000001
2.25 7.625 156534.30000000002
2.75 7.625 151046.11000000002
3.25 7.625 233430.05000000002
3.75 7.625 130896.00000000001
4.25 7.625 195065.27000000005
4.75 7.625 108273.33
5.25 7.625 49869.75170000001
5.75 7.625 10662.38457
6.25 7.625 2051.31398
6.75 7.625 85.94273727006315
7.25 7.625 0.0042180911580000004
7.75 7.625 0.0
8.25 7.625 0.0
8.75 7.625 0.0
0.25 7.875 185651.75999999998
0.75 7.875 331987.38800000004
1.25 7.875 97364.73000000001
1.75 7.875 196428.71499999997
2.25 7.875 333007.42
2.75 7.875 205439.615
3.25 7.875 216416.87999999998
3.75 7.875 81076.516
4.25 7.875 82099.229
4.75 7.875 60105.9396
5.25 7.875 26359.115999999998
5.75 7.875 8357.619999999999
6.25 7.875 494.62303743037427
6.75 7.875 0.30867677006315875
7.25 7.875 5.3932962310999994e-05
7.75 7.875 0.0
8.25 7.875 0.0
8.75 7.875 0.0
0.25 8.125 728160.4
0.75 8.125 431385.25
1.25 8.125 277961.87
1.75 8.125 393590.52999999997
2.25 8.125 249140.49999999997
2.75 8.125 166562.06
3.25 8.125 70963.93
3.75 8.125 163322.64
4.25 8.125 46442.950899999996
4.75 8.125 37717.8202
5.25 8.125 14165.1464
5.75 8.125 7500.781483
6.25 8.125 1626.0007559999997
6.75 8.125 86.647313
7.25 8.125 0.0
7.75 8.125 0.0
8.25 8.125 0.0
8.75 8.125 0.0
0.25 8.375 95125.06000000003
0.75 8.375 227224.2
1.25 8.375 100209.028
1.75 8.375 253251.708
2.25 8.375 345115.4040000001
2.75 8.375 181532.44
3.25 8.375 172670.70999999996
3.75 8.375 234388.53100000002
4.25 8.375 66542.00099999999
4.75 8.375 12508.608999999999
5.25 8.375 14495.850300000002
5.75 8.375 3890.4795999999997
6.25 8.375 1579.70438
6.75 8.375 25.906568853000003
7.25 8.375 2.4631099999999996e-10
7.75 8.375 0.0
8.25 8.375 0.0
8.75 8.375 0.0
0.25 8.625 185436.66999999998
0.75 8.625 332439.42000000004
1.25 8.625 368100.1200000001
1.75 8.625 291037.95
2.25 8.625 180909.242
2.75 8.625 314123.93400000007
3.25 8.625 91012.37
3.75 8.625 48919.682
4.25 8.625 36821.947799999994
4.75 8.625 16067.175
5.25 8.625 18192.288999999997
5.75 8.625 2142.29285
6.25 8.625 1185.5316039999998
6.75 8.625 26.311349139073997
7.25 8.625 2.4631099999999996e-10
7.75 8.625 0.0
8.25 8.625 0.0
8.75 8.625 0.0
0.25 8.875 299362.031
0.75 8.875 233836.64
1.25 8.875 196190.8
1.75 8.875 220614.93999999997
2.25 8.875 238559.3
2.75 8.875 222539.73100000003
3.25 8.875 132605.56
3.75 8.875 80142.77
4.25 8.875 45819.723999999995
4.75 8.875 36944.316999999995
5.25 8.875 5815.963999999999
5.75 8.875 3348.6720999999993
6.25 8.875 518.2315909999999
6.75 8.875 21.455825015721476
7.25 8.875 0.0
7.75 8.875 0.0
8.25 8.875 0.0
8.75 8.875 0.0
0.25 9.125 328976.9
0.75 9.125 152821.03000000003
1.25 9.125 121478.18
1.75 9.125 81560.44
2.25 9.125 135475.46
2.75 9.125 177055.81599999996
3.25 9.125 102176.277
3.75 9.125 112996.71000000002
4.25 9.125 44488.253799999984
4.75 9.125 23665.179
5.25 9.125 18716.435
5.75 9.125 1558.768621
6.25 9.125 237.12097599999996
6.75 9.125 4.297911862
7.25 9.125 0.0
7.75 9.125 0.0
8.25 9.125 0.0
8.75 9.125 0.0
0.25 9.375 338431.5800000001
0.75 9.375 130356.53
1.25 9.375 289849.26800000004
1.75 9.375 268646.021
2.25 9.375 155360.258
2.75 9.375 186686.56000000003
3.25 9.375 120978.19
3.75 9.375 115855.57999999999
4.25 9.375 33060.82
4.75 9.375 15552.318000000001
5.25 9.375 15390.367010000002
5.75 9.375 1437.1654
6.25 9.375 579.8677935999999
6.75 9.375 3.55062707
7.25 9.375 0.0
7.75 9.375 0.0
8.25 9.375 0.0
8.75 9.375 0.0
0.25 9.625 130078.45800000001
0.75 9.625 181706.77
1.25 9.625 163220.834
1.75 9.625 247892.35
2.25 9.625 74900.82299999999
2.75 9.625 126137.39999999998
3.25 9.625 138496.02300000002
3.75 9.625 64824.694999999985
4.25 9.625 22577.010999999995
4.75 9.625 21281.22
5.25 9.625 7439.522999999999
5.75 9.625 274.1164
6.25 9.625 118.01915499999997
6.75 9.625 0.11522639900000001
7.25 9.625 0.0
7.75 9.625 0.0
8.25 9.625 0.0
8.75 9.625 0.0
0.25 9.875 235406.481
0.75 9.875 168374.55999999997
1.25 9.875 191622.05000000005
1.75 9.875 127097.78399999997
2.25 9.875 89651.26
2.75 9.875 85053.14000000001
3.25 9.875 53027.4
3.75 9.875 49363.43
4.25 9.875 50470.653000000006
4.75 9.875 11772.072000000002
5.25 9.875 7312.5159699999995
5.75 9.875 3388.0697829999995
6.25 9.875 187.09413103999998
6.75 9.875 0.5143816730000002
7.25 9.875 0.0
7.75 9.875 0.0
8.25 9.875 0.0
8.75 9.875 0.0
0.25 10.125 66646.19999999998
0.75 10.125 254866.62000000005
1.25 10.125 139195.021
1.75 10.125 123591.15
2.25 10.125 108044.14000000001
2.75 10.125 90093.43999999999
3.25 10.125 65458.15099999999
3.75 10.125 87366.32299999997
4.25 10.125 14565.6312
4.75 10.125 12360.462
5.25 10.125 6685.547899999999
5.75 10.125 3161.6497999999997
6.25 10.125 125.28056408999998
6.75 10.125 1.1280012805739998
7.25 10.125 0.0
7.75 10.125 0.0
8.25 10.125 0.0
8.75 10.125 0.0
0.25 10.375 144674.165
0.75 10.375 117362.48600000003
1.25 10.375 113642.89
1.75 10.375 95299.08
2.25 10.375 28280.514
2.75 10.375 104838.54800000001
3.25 10.375 40321.627
3.75 10.375 77050.26
4.25 10.375 25447.600000000002
4.75 10.375 12566.101
5.25 10.375 4022.4595699999995
5.75 10.375 711.982
6.25 10.375 70.15086173200001
6.75 10.375 0.0045437630631587995
7.25 10.375 0.0
7.75 10.375 0.0
8.25 10.375 0.0
8.75 10.375 0.0
0.25 10.625 36251.391
0.75 10.625 208185.99000000002
1.25 10.625 104791.28
1.75 10.625 106639.64000000003
2.25 10.625 49130.89000000001
2.75 10.625 74248.71
3.25 10.625 43239.90999999999
3.75 10.625 33668.57
4.25 10.625 18846.738999999998
4.75 10.625 7776.6190000000015
5.25 10.625 5833.866210000001
5.75 10.625 1028.2888830000002
6.25 10.625 89.813461
6.75 10.625 0.047354190000000004
7.25 10.625 0.0
7.75 10.625 0.0
8.25 10.625 0.0
8.75 10.625 0.0
0.25 10.875 168867.04
0.75 10.875 121066.70000000001
1.25 10.875 113472.34000000003
1.75 10.875 81274.213
2.25 10.875 51754.156
2.75 10.875 92724.29999999999
3.25 10.875 34366.636000000006
3.75 10.875 49594.09699999999
4.25 10.875 5201.811000000001
4.75 10.875 12229.763
5.25 10.875 3021.5328000000004
5.75 10.875 723.4334474999999
6.25 10.875 0.00157919
6.75 10.875 0.053387553000000004
7.25 10.875 0.0
7.75 10.875 0.0
8.25 10.875 0.0
8.75 10.875 0.0
0.25 11.125 106329.462
0.75 11.125 76008.36999999998
1.25 11.125 57146.140999999996
1.75 11.125 5731.73
2.25 11.125 15205.0
2.75 11.125 38159.8
3.25 11.125 46751.227000000006
3.75 11.125 20682.675
4.25 11.125 17078.576
4.75 11.125 3975.0455000000006
5.25 11.125 3935.25874
5.75 11.125 521.116949
6.25 11.125 42.69509809237433
6.75 11.125 0.11309517229495998
7.25 11.125 0.0
7.75 11.125 0.0
8.25 11.125 0.0
8.75 11.125 0.0
0.25 11.375 76912.65000000001
0.75 11.375 142978.33599999998
1.25 11.375 100646.09999999999
1.75 11.375 83616.23
2.25 11.375 43399.21000000001
2.75 11.375 69169.905
3.25 11.375 84657.14700000001
3.75 11.375 28122.88
4.25 11.375 27792.7834
4.75 11.375 5718.093400000002
5.25 11.375 5808.457590000001
5.75 11.375 777.3999699999999
6.25 11.375 37.54043100000001
6.75 11.375 0.00012336421063880002
7.25 11.375 0.0
7.75 11.375 0.0
8.25 11.375 0.0
8.75 11.375 0.0
0.25 11.625 63163.949
0.75 11.625 162652.09999999998
1.25 11.625 122755.37999999999
1.75 11.625 147633.71
2.25 11.625 51960.729999999996
2.75 11.625 65070.17000000001
3.25 11.625 15155.405999999999
3.75 11.625 23301.535999999996
4.25 11.625 8700.083
4.75 11.625 9701.435899999999
5.25 11.625 1197.8282
5.75 11.625 277.572235
6.25 11.625 48.1348885
6.75 11.625 0.002149373
7.25 11.625 0.0
7.75 11.625 0.0
8.25 11.625 0.0
8.75 11.625 0.0
0.25 11.875 72222.99399999999
0.75 11.875 60100.99
1.25 11.875 75090.24999999999
1.75 11.875 43882.01800000001
2.25 11.875 42423.07
2.75 11.875 49280.68299999999
3.25 11.875 25886.904000000002
3.75 11.875 48930.089
4.25 11.875 40764.06700000001
4.75 11.875 3096.2995000000005
5.25 11.875 2407.18114
5.75 11.875 558.5353
6.25 11.875 10.578184759999997
6.75 11.875 0.0
7.25 11.875 0.0
7.75 11.875 0.0
8.25 11.875 0.0
8.75 11.875 0.0
0.25 12.125 108080.992
0.75 12.125 34690.78200000001
1.25 12.125 58747.76
1.75 12.125 40759.990000000005
2.25 12.125 51480.791
2.75 12.125 73067.04199999999
3.25 12.125 39833.042
3.75 12.125 14214.066
4.25 12.125 9251.594000000003
4.75 12.125 13937.080999999996
5.25 12.125 2302.811
5.75 12.125 241.37199999999996
6.25 12.125 5.806389983400001
6.75 12.125 0.0008595285740000001
7.25 12.125 0.0
7.75 12.125 0.0
8.25 12.125 0.0
8.75 12.125 0.0
0.25 12.375 85405.10999999999
0.75 12.375 84287.53600000001
1.25 12.375 70606.83
1.75 12.375 80182.475
2.25 12.375 61032.75
2.75 12.375 25964.799
3.25 12.375 16662.793
3.75 12.375 14758.036
4.25 12.375 20652.89
4.75 12.375 5684.3318
5.25 12.375 2815.9325000000003
5.75 12.375 328.7885475
6.25 12.375 0.6167643
6.75 12.375 0.00862838514748
7.25 12.375 0.0
7.75 12.375 0.0
8.25 12.375 0.0
8.75 12.375 0.0
0.25 12.625 81435.71
0.75 12.625 88145.48
1.25 12.625 86617.05999999998
1.75 12.625 29366.82
2.25 12.625 38125.97
2.75 12.625 17755.12
3.25 12.625 9924.789999999999
3.75 12.625 25128.955
4.25 12.625 11721.556
4.75 12.625 3426.3668999999995
5.25 12.625 2993.44173
5.75 12.625 118.185809
6.25 12.625 26.026916760374316
6.75 12.625 0.0
7.25 12.625 0.0
7.75 12.625 0.0
8.25 12.625 0.0
8.75 12.625 0.0
0.25 12.875 63465.10999999999
0.75 12.875 26672.360000000004
1.25 12.875 43001.909999999996
1.75 12.875 54089.14000000001
2.25 12.875 37351.009999999995
2.75 12.875 49631.043
3.25 12.875 17437.43
3.75 12.875 11296.581999999999
4.25 12.875 10876.52
4.75 12.875 5225.165300000001
5.25 12.875 2165.9255999999996
5.75 12.875 364.29485000000005
6.25 12.875 2.02015021
6.75 12.875 2.0199563158799996e-05
7.25 12.875 0.0
7.75 12.875 0.0
8.25 12.875 0.0
8.75 12.875 0.0
0.25 13.125 42167.76800000001
0.75 13.125 49344.50000000001
1.25 13.125 44576.361999999994
1.75 13.125 33850.88
2.25 13.125 23978.925000000003
2.75 13.125 48725.952000000005
3.25 13.125 18478.485999999997
3.75 13.125 10055.426
4.25 13.125 1472.672
4.75 13.125 4081.3958000000002
5.25 13.125 2224.1138899999996
5.75 13.125 224.89059759999998
6.25 13.125 3.3416256000382947
6.75 13.125 2.0508573999999998e-05
7.25 13.125 0.0
7.75 13.125 0.0
8.25 13.125 0.0
8.75 13.125 0.0
0.25 13.375 31417.29
0.75 13.375 57628.848000000005
1.25 13.375 88190.82
1.75 13.375 20472.37
2.25 13.375 40875.946
2.75 13.375 20574.079999999998
3.25 13.375 25713.007
3.75 13.375 7671.667
4.25 13.375 7643.916000000001
4.75 13.375 2220.2569999999996
5.25 13.375 987.1389999999999
5.75 13.375 118.05250099999999
6.25 13.375 4.160425963500001
6.75 13.375 0.0
7.25 13.375 0.0
7.75 13.375 0.0
8.25 13.375 0.0
8.75 13.375 0.0
0.25 13.625 29126.27
0.75 13.625 67617.54000000001
1.25 13.625 59110.24999999999
1.75 13.625 17164.75
2.25 13.625 30725.87
2.75 13.625 26609.08
3.25 13.625 15993.009000000002
3.75 13.625 10860.809999999998
4.25 13.625 6492.088
4.75 13.625 4254.2031
5.25 13.625 1178.2403500000003
5.75 13.625 88.06217190000001
6.25 13.625 4.546311832
6.75 13.625 0.0
7.25 13.625 0.0
7.75 13.625 0.0
8.25 13.625 0.0
8.75 13.625 0.0
0.25 13.875 40723.6
0.75 13.875 67677.31200000002
1.25 13.875 27081.049
1.75 13.875 44628.518
2.25 13.875 31936.689999999995
2.75 13.875 22131.319999999996
3.25 13.875 18975.333
3.75 13.875 14301.142999999998
4.25 13.875 6165.643999999999
4.75 13.875 2098.7859
5.25 13.875 1394.8513999999998
5.75 13.875 91.73044999999999
6.25 13.875 4.12138159
6.75 13.875 0.0
7.25 13.875 0.0
7.75 13.875 0.0
8.25 13.875 0.0
8.75 13.875 0.0
0.25 14.125 18475.459
0.75 14.125 56786.86000000001
1.25 14.125 62992.034
1.75 14.125 20405.62
2.25 14.125 20891.04
2.75 14.125 15587.219000000001
3.25 14.125 30953.906000000006
3.75 14.125 11083.598000000002
4.25 14.125 4896.070000000001
4.75 14.125 1570.1172000000001
5.25 14.125 198.4046
5.75 14.125 46.7169994
6.25 14.125 0.8273526878399998
6.75 14.125 0.0
7.25 14.125 0.0
7.75 14.125 0.0
8.25 14.125 0.0
8.75 14.125 0.0
0.25 14.375 36929.829999999994
0.75 14.375 14085.439999999999
1.25 14.375 23223.793999999994
1.75 14.375 24626.758
2.25 14.375 18511.790000000005
2.75 14.375 19905.538999999997
3.25 14.375 20695.767000000007
3.75 14.375 6237.524
4.25 14.375 6547.657200000001
4.75 14.375 368.80269999999996
5.25 14.375 293.24575
5.75 14.375 97.52256
6.25 14.375 0.59062907924
6.75 14.375 0.0
7.25 14.375 0.0
7.75 14.375 0.0
8.25 14.375 0.0
8.75 14.375 0.0
0.25 14.625 14506.540000000003
0.75 14.625 6414.559
1.25 14.625 26857.73
1.75 14.625 33728.219999999994
2.25 14.625 35272.841
2.75 14.625 13559.626
3.25 14.625 10375.272
3.75 14.625 9469.677
4.25 14.625 3104.758
4.75 14.625 1798.2188999999998
5.25 14.625 759.13061
5.75 14.625 83.81058500000002
6.25 14.625 0.13269824
6.75 14.625 0.0
7.25 14.625 0.0
7.75 14.625 0.0
8.25 14.625 0.0
8.75 14.625 0.0
0.25 14.875 28561.449999999997
0.75 14.875 54810.83000000001
1.25 14.875 30315.134000000002
1.75 14.875 22489.084000000003
2.25 14.875 6905.619
2.75 14.875 41038.22599999999
3.25 14.875 12113.658
3.75 14.875 7786.5120000000015
4.25 14.875 4888.2562
4.75 14.875 1295.6835000000003
5.25 14.875 723.6222700000002
5.75 14.875 38.542905999999995
6.25 14.875 0.17416305039999996
6.75 14.875 0.0
7.25 14.875 0.0
7.75 14.875 0.0
8.25 14.875 0.0
8.75 14.875 0.0
0.25 15.125 25720.699999999997
0.75 15.125 21906.510000000002
1.25 15.125 38481.4
1.75 15.125 5245.202
2.25 15.125 18346.095999999998
2.75 15.125 7694.9
3.25 15.125 10157.891999999998
3.75 15.125 4514.058
4.25 15.125 6995.098000000001
4.75 15.125 1685.26
5.25 15.125 502.6723000000001
5.75 15.125 32.745394000000005
6.25 15.125 0.685132380374314
6.75 15.125 0.0
7.25 15.125 0.0
7.75 15.125 0.0
8.25 15.125 0.0
8.75 15.125 0.0
0.25 15.375 24789.079999999998
0.75 15.375 11333.23
1.25 15.375 25523.89
1.75 15.375 10659.57
2.25 15.375 15417.882000000003
2.75 15.375 8767.065999999999
3.25 15.375 3590.0689999999995
3.75 15.375 10453.035
4.25 15.375 3357.635
4.75 15.375 936.4483000000001
5.25 15.375 456.63763000000006
5.75 15.375 50.3371826
6.25 15.375 1.1179871834
6.75 15.375 0.0
7.25 15.375 0.0
7.75 15.375 0.0
8.25 15.375 0.0
8.75 15.375 0.0
0.25 15.625 47683.810999999994
0.75 15.625 37902.727000000006
1.25 15.625 12623.13
1.75 15.625 16259.158
2.25 15.625 15073.19
2.75 15.625 21652.864999999998
3.25 15.625 4767.772999999999
3.75 15.625 6101.255
4.25 15.625 3847.5456999999997
4.75 15.625 896.5497000000001
5.25 15.625 295.14742000000007
5.75 15.625 66.98444840000002
6.25 15.625 0.021826599999999998
6.75 15.625 0.0
7.25 15.625 0.0
7.75 15.625 0.0
8.25 15.625 0.0
8.75 15.625 0.0
0.25 15.875 30513.781
0.75 15.875 15955.980000000001
1.25 15.875 32581.22
1.75 15.875 25141.52
2.25 15.875 22860.13
2.75 15.875 16463.08
3.25 15.875 8981.121
3.75 15.875 7991.450999999998
4.25 15.875 5602.546000000001
4.75 15.875 1798.4458000000002
5.25 15.875 296.73890000000006
5.75 15.875 21.021462560000003
6.25 15.875 0.0042668856
6.75 15.875 0.0
7.25 15.875 0.0
7.75 15.875 0.0
8.25 15.875 0.0
8.75 15.875 0.0
0.25 16.125 11038.088000000002
0.75 16.125 5815.870000000001
1.25 16.125 20992.289999999997
1.75 16.125 4786.271
2.25 16.125 11690.31
2.75 16.125 8658.844000000001
3.25 16.125 9242.702
3.75 16.125 2617.234
4.25 16.125 3404.396199999999
4.75 16.125 2147.8648
5.25 16.125 28.192690000000002
5.75 16.125 16.81925
6.25 16.125 0.028131371499999995
6.75 16.125 0.0
7.25 16.125 0.0
7.75 16.125 0.0
8.25 16.125 0.0
8.75 16.125 0.0
0.25 16.375 44639.61699999999
0.75 16.375 22498.739999999998
1.25 16.375 22630.562
1.75 16.375 5341.96
2.25 16.375 5025.397999999999
2.75 16.375 5101.063
3.25 16.375 6224.719
3.75 16.375 2514.4230000000002
4.25 16.375 2915.576
4.75 16.375 724.5228
5.25 16.375 237.4601
5.75 16.375 11.495450999999997
6.25 16.375 0.05851913400000001
6.75 16.375 0.0
7.25 16.375 0.0
7.75 16.375 0.0
8.25 16.375 0.0
8.75 16.375 0.0
0.25 16.625 16271.813
0.75 16.625 17224.13
1.25 16.625 13273.448
1.75 16.625 11694.350999999999
2.25 16.625 23625.190000000002
2.75 16.625 8485.574999999999
3.25 16.625 14768.546
3.75 16.625 5201.782
4.25 16.625 3661.488
4.75 16.625 718.2577
5.25 16.625 134.57361
5.75 16.625 48.554054099999995
6.25 16.625 0.015539780679294601
6.75 16.625 0.0
7.25 16.625 0.0
7.75 16.625 0.0
8.25 16.625 0.0
8.75 16.625 0.0
0.25 16.875 25032.816000000003
0.75 16.875 20096.600000000002
1.25 16.875 16435.821
1.75 16.875 15809.738
2.25 16.875 9869.053
2.75 16.875 7958.893999999999
3.25 16.875 9948.23
3.75 16.875 1571.565
4.25 16.875 2782.8364
4.75 16.875 1228.3226999999997
5.25 16.875 153.19447
5.75 16.875 3.3677788
6.25 16.875 0.044729252000000004
6.75 16.875 0.0
7.25 16.875 0.0
7.75 16.875 0.0
8.25 16.875 0.0
8.75 16.875 0.0
0.25 17.125 20597.368000000002
0.75 17.125 14853.220000000001
1.25 17.125 14983.220000000001
1.75 17.125 17837.894
2.25 17.125 9102.881
2.75 17.125 8369.159999999998
3.25 17.125 8172.966
3.75 17.125 4807.549000000001
4.25 17.125 1213.8902000000003
4.75 17.125 1140.8673
5.25 17.125 316.0716800000001
5.75 17.125 17.1343757
6.25 17.125 0.0052824764299999995
6.75 17.125 0.0
7.25 17.125 0.0
7.75 17.125 0.0
8.25 17.125 0.0
8.75 17.125 0.0
0.25 17.375 6322.8910000000005
0.75 17.375 2093.307
1.25 17.375 16586.710000000003
1.75 17.375 13229.753
2.25 17.375 11849.374000000002
2.75 17.375 4014.503000000001
3.25 17.375 7770.360000000001
3.75 17.375 3702.446
4.25 17.375 1029.425
4.75 17.375 799.3304000000002
5.25 17.375 389.21718000000004
5.75 17.375 23.882161999999997
6.25 17.375 0.023259165898999998
6.75 17.375 0.0
7.25 17.375 0.0
7.75 17.375 0.0
8.25 17.375 0.0
8.75 17.375 0.0
0.25 17.625 6851.34
0.75 17.625 6988.029
1.25 17.625 16320.863000000001
1.75 17.625 12325.529999999999
2.25 17.625 13921.342999999999
2.75 17.625 2764.58
3.25 17.625 969.866
3.75 17.625 1328.607
4.25 17.625 1130.7973
4.75 17.625 292.0412999999999
5.25 17.625 157.98556
5.75 17.625 5.2341245
6.25 17.625 0.016971635399999997
6.75 17.625 0.0
7.25 17.625 0.0
7.75 17.625 0.0
8.25 17.625 0.0
8.75 17.625 0.0
0.25 17.875 8767.521999999999
0.75 17.875 8016.96
1.25 17.875 14015.941
1.75 17.875 6876.709
2.25 17.875 3061.3990000000003
2.75 17.875 3465.0499999999997
3.25 17.875 6815.223000000001
3.75 17.875 1655.365
4.25 17.875 803.443
4.75 17.875 370.76160000000004
5.25 17.875 49.15866
5.75 17.875 7.384522399999999
6.25 17.875 0.00202635843
6.75 17.875 0.0
7.25 17.875 0.0
7.75 17.875 0.0
8.25 17.875 0.0
8.75 17.875 0.0
0.25 18.125 6825.373
0.75 18.125 20376.620000000003
1.25 18.125 9411.64
1.75 18.125 5849.9310000000005
2.25 18.125 3968.9009999999994
2.75 18.125 3847.555
3.25 18.125 4147.536999999999
3.75 18.125 3320.858
4.25 18.125 499.567
4.75 18.125 771.0399
5.25 18.125 79.8297
5.75 18.125 1.8126820000000001
6.25 18.125 0.021826599999999998
6.75 18.125 0.0
7.25 18.125 0.0
7.75 18.125 0.0
8.25 18.125 0.0
8.75 18.125 0.0
0.25 18.375 10731.401
0.75 18.375 14185.706000000002
1.25 18.375 16794.099999999995
1.75 18.375 11485.642000000002
2.25 18.375 7771.552000000001
2.75 18.375 10746.702000000001
3.25 18.375 4742.157999999999
3.75 18.375 1774.587
4.25 18.375 1189.4750999999999
4.75 18.375 780.8672999999999
5.25 18.375 231.25511
5.75 18.375 9.1692201
6.25 18.375 0.0008983039000000002
6.75 18.375 0.0
7.25 18.375 0.0
7.75 18.375 0.0
8.25 18.375 0.0
8.75 18.375 0.0
0.25 18.625 5477.35
0.75 18.625 8013.748000000001
1.25 18.625 4595.999999999999
1.75 18.625 2875.895
2.25 18.625 7073.85
2.75 18.625 3690.554
3.25 18.625 3910.8010000000004
3.75 18.625 1307.466
4.25 18.625 1518.5548
4.75 18.625 146.12539999999998
5.25 18.625 164.76802
5.75 18.625 4.1009272999999995
6.25 18.625 0.010985374899999999
6.75 18.625 0.0
7.25 18.625 0.0
7.75 18.625 0.0
8.25 18.625 0.0
8.75 18.625 0.0
0.25 18.875 6176.587
0.75 18.875 10336.924
1.25 18.875 9690.178999999998
1.75 18.875 2404.8799999999997
2.25 18.875 11915.5
2.75 18.875 11026.156999999997
3.25 18.875 4822.644
3.75 18.875 1530.5269999999998
4.25 18.875 2437.2488000000003
4.75 18.875 351.8472
5.25 18.875 40.86293
5.75 18.875 6.184542999999999
6.25 18.875 4.563204313999999e-06
6.75 18.875 0.0
7.25 18.875 0.0
7.75 18.875 0.0
8.25 18.875 0.0
8.75 18.875 0.0
0.25 19.125 10701.911000000002
0.75 19.125 6931.38
1.25 19.125 5904.05
1.75 19.125 8144.411000000001
2.25 19.125 3355.7450000000003
2.75 19.125 1877.84
3.25 19.125 1812.0949999999998
3.75 19.125 3014.245
4.25 19.125 509.4396
4.75 19.125 152.0712
5.25 19.125 37.88311
5.75 19.125 5.361260000000001
6.25 19.125 0.00033107146829460004
6.75 19.125 0.0
7.25 19.125 0.0
7.75 19.125 0.0
8.25 19.125 0.0
8.75 19.125 0.0
0.25 19.375 14058.743
0.75 19.375 9268.119
1.25 19.375 2104.0399999999995
1.75 19.375 15961.040000000003
2.25 19.375 4399.584
2.75 19.375 3826.1459999999993
3.25 19.375 4558.241
3.75 19.375 872.382
4.25 19.375 1064.1933000000001
4.75 19.375 355.5143
5.25 19.375 149.80785
5.75 19.375 4.08897
6.25 19.375 0.0009890153579999999
6.75 19.375 0.0
7.25 19.375 0.0
7.75 19.375 0.0
8.25 19.375 0.0
8.75 19.375 0.0
0.25 19.625 8117.347000000001
0.75 19.625 6896.95
1.25 19.625 9810.621000000001
1.75 19.625 8448.872
2.25 19.625 2982.1760000000004
2.75 19.625 2156.2050000000004
3.25 19.625 1094.049
3.75 19.625 1074.4759999999999
4.25 19.625 1166.914
4.75 19.625 519.2511
5.25 19.625 70.88610999999997
5.75 19.625 3.11086352
6.25 19.625 0.00030487710000000004
6.75 19.625 0.0
7.25 19.625 0.0
7.75 19.625 0.0
8.25 19.625 0.0
8.75 19.625 0.0
0.25 19.875 11498.189999999999
0.75 19.875 3383.4249999999997
1.25 19.875 10391.084
1.75 19.875 1498.49
2.25 19.875 5811.517
2.75 19.875 2482.067
3.25 19.875 5534.827999999999
3.75 19.875 3424.811
4.25 19.875 511.28799999999995
4.75 19.875 162.20090000000002
5.25 19.875 54.63583
5.75 19.875 2.5272278000000004
6.25 19.875 0.00028705792099999997
6.75 19.875 0.0
7.25 19.875 0.0
7.75 19.875 0.0
8.25 19.875 0.0
8.75 19.875 0.0
0.25 20.125 14457.25
0.75 20.125 9100.112
1.25 20.125 3690.0600000000004
1.75 20.125 6645.7390000000005
2.25 20.125 7239.4259999999995
2.75 20.125 1734.976
3.25 20.125 2922.8869999999997
3.75 20.125 2671.978
4.25 20.125 1137.0638
4.75 20.125 140.5763
5.25 20.125 90.70958
5.75 20.125 3.4784993000000006
6.25 20.125 2.1631874314e-05
6.75 20.125 0.0
7.25 20.125 0.0
7.75 20.125 0.0
8.25 20.125 0.0
8.75 20.125 0.0
0.25 20.375 6703.3
0.75 20.375 5163.8279999999995
1.25 20.375 4827.598
1.75 20.375 7714.369000000001
2.25 20.375 3653.5739999999996
2.75 20.375 3249.6709999999994
3.25 20.375 3039.1030000000005
3.75 20.375 1442.36
4.25 20.375 622.4613
4.75 20.375 295.23690000000005
5.25 20.375 56.434360000000005
5.75 20.375 3.8505355000000003
6.25 20.375 8.10499e-07
6.75 20.375 0.0
7.25 20.375 0.0
7.75 20.375 0.0
8.25 20.375 0.0
8.75 20.375 0.0
0.25 20.625 2794.465
0.75 20.625 3762.8660000000004
1.25 20.625 1795.799
1.75 20.625 7529.55
2.25 20.625 2188.409
2.75 20.625 1379.139
3.25 20.625 1982.0889999999997
3.75 20.625 845.6539999999999
4.25 20.625 688.8939
4.75 20.625 658.3931999999999
5.25 20.625 51.84645
5.75 20.625 3.30997756
6.25 20.625 2.16315382946e-05
6.75 20.625 0.0
7.25 20.625 0.0
7.75 20.625 0.0
8.25 20.625 0.0
8.75 20.625 0.0
0.25 20.875 7781.843
0.75 20.875 10994.798000000003
1.25 20.875 6479.5289999999995
1.75 20.875 4765.308999999999
2.25 20.875 3062.808
2.75 20.875 4480.231
3.25 20.875 1456.391
3.75 20.875 1275.506
4.25 20.875 227.8079
4.75 20.875 263.646
5.25 20.875 40.181329999999996
5.75 20.875 2.6857839
6.25 20.875 1.0973257999999999e-05
6.75 20.875 0.0
7.25 20.875 0.0
7.75 20.875 0.0
8.25 20.875 0.0
8.75 20.875 0.0
0.25 21.125 13600.51
0.75 21.125 3868.446
1.25 21.125 10935.627
1.75 21.125 1243.73
2.25 21.125 2060.358
2.75 21.125 1899.437
3.25 21.125 1350.2280000000003
3.75 21.125 1338.416
4.25 21.125 276.6811
4.75 21.125 79.6161
5.25 21.125 34.36599
5.75 21.125 0.45763499999999996
6.25 21.125 0.0
6.75 21.125 0.0
7.25 21.125 0.0
7.75 21.125 0.0
8.25 21.125 0.0
8.75 21.125 0.0
0.25 21.375 9460.380000000001
0.75 21.375 5253.7609999999995
1.25 21.375 2560.492
1.75 21.375 1298.611
2.25 21.375 3480.223
2.75 21.375 1903.56
3.25 21.375 3175.177
3.75 21.375 1104.998
4.25 21.375 521.5437999999999
4.75 21.375 98.22710000000001
5.25 21.375 52.92228
5.75 21.375 1.4164443999999998
6.25 21.375 7.906064099999998e-05
6.75 21.375 0.0
7.25 21.375 0.0
7.75 21.375 0.0
8.25 21.375 0.0
8.75 21.375 0.0
0.25 21.625 3945.41
0.75 21.625 5249.028
1.25 21.625 4563.731
1.75 21.625 2081.106
2.25 21.625 1955.8010000000002
2.75 21.625 2188.012
3.25 21.625 1312.9869999999999
3.75 21.625 700.0730000000001
4.25 21.625 491.43199999999996
4.75 21.625 153.4942
5.25 21.625 33.738499999999995
5.75 21.625 1.5554915199999997
6.25 21.625 0.0
6.75 21.625 0.0
7.25 21.625 0.0
7.75 21.625 0.0
8.25 21.625 0.0
8.75 21.625 0.0
0.25 21.875 7796.792
0.75 21.875 6356.05
1.25 21.875 4598.387
1.75 21.875 1888.702
2.25 21.875 1986.888
2.75 21.875 1203.733
3.25 21.875 1374.428
3.75 21.875 438.176
4.25 21.875 1018.5099999999998
4.75 21.875 65.2055
5.25 21.875 30.568
5.75 21.875 0.2874642
6.25 21.875 8.105372945999999e-07
6.75 21.875 0.0
7.25 21.875 0.0
7.75 21.875 0.0
8.25 21.875 0.0
8.75 21.875 0.0
0.25 22.125 7868.811
0.75 22.125 8435.863
1.25 22.125 4227.843
1.75 22.125 2620.842
2.25 22.125 3145.8230000000003
2.75 22.125 2428.932
3.25 22.125 1999.393
3.75 22.125 363.11899999999997
4.25 22.125 308.0546
4.75 22.125 87.6448
5.25 22.125 50.62563
5.75 22.125 0.3911135
6.25 22.125 0.0
6.75 22.125 0.0
7.25 22.125 0.0
7.75 22.125 0.0
8.25 22.125 0.0
8.75 22.125 0.0
0.25 22.375 3285.509
0.75 22.375 6705.468
1.25 22.375 8450.714
1.75 22.375 4074.6060000000007
2.25 22.375 1692.124
2.75 22.375 838.483
3.25 22.375 2115.3599999999997
3.75 22.375 649.6060000000001
4.25 22.375 855.2434000000001
4.75 22.375 29.706699999999998
5.25 22.375 11.66452
5.75 22.375 0.392101
6.25 22.375 0.0
6.75 22.375 0.0
7.25 22.375 0.0
7.75 22.375 0.0
8.25 22.375 0.0
8.75 22.375 0.0
0.25 22.625 3391.221
0.75 22.625 3486.819
1.25 22.625 789.291
1.75 22.625 4302.727
2.25 22.625 741.2860000000001
2.75 22.625 2024.335
3.25 22.625 961.939
3.75 22.625 1136.8129999999999
4.25 22.625 632.7358999999999
4.75 22.625 124.5408
5.25 22.625 19.30984
5.75 22.625 0.3260334000000001
6.25 22.625 0.0
6.75 22.625 0.0
7.25 22.625 0.0
7.75 22.625 0.0
8.25 22.625 0.0
8.75 22.625 0.0
0.25 22.875 3898.909
0.75 22.875 1890.978
1.25 22.875 2612.594
1.75 22.875 5737.2119999999995
2.25 22.875 6077.537
2.75 22.875 878.7009999999999
3.25 22.875 1783.911
3.75 22.875 979.3479999999998
4.25 22.875 390.5155
4.75 22.875 104.64280000000001
5.25 22.875 17.610860000000002
5.75 22.875 0.21483256000000003
6.25 22.875 3.74314e-10
6.75 22.875 0.0
7.25 22.875 0.0
7.75 22.875 0.0
8.25 22.875 0.0
8.75 22.875 0.0
0.25 23.125 6413.7480000000005
0.75 23.125 4197.629
1.25 23.125 2647.747
1.75 23.125 4742.178
2.25 23.125 1053.8909999999998
2.75 23.125 1748.2779999999998
3.25 23.125 839.299
3.75 23.125 297.18399999999997
4.25 23.125 295.9306
4.75 23.125 198.94119999999995
5.25 23.125 10.77681
5.75 23.125 0.0
6.25 23.125 3.74314e-10
6.75 23.125 0.0
7.25 23.125 0.0
7.75 23.125 0.0
8.25 23.125 0.0
8.75 23.125 0.0
0.25 23.375 1501.123
0.75 23.375 6166.2789999999995
1.25 23.375 1649.7740000000001
1.75 23.375 4041.464
2.25 23.375 1786.08
2.75 23.375 427.461
3.25 23.375 877.317
3.75 23.375 1347.1239999999998
4.25 23.375 169.7344
4.75 23.375 41.1937
5.25 23.375 5.5237799999999995
5.75 23.375 0.0491164
6.25 23.375 0.0
6.75 23.375 0.0
7.25 23.375 0.0
7.75 23.375 0.0
8.25 23.375 0.0
8.75 23.375 0.0
0.25 23.625 1369.6100000000001
0.75 23.625 3746.203
1.25 23.625 674.13
1.75 23.625 3365.6250000000005
2.25 23.625 2021.9690000000003
2.75 23.625 305.454
3.25 23.625 220.36900000000003
3.75 23.625 590.3259999999999
4.25 23.625 222.06910000000002
4.75 23.625 31.551399999999997
5.25 23.625 9.74257
5.75 23.625 0.15676942000000002
6.25 23.625 0.0
6.75 23.625 0.0
7.25 23.625 0.0
7.75 23.625 0.0
8.25 23.625 0.0
8.75 23.625 0.0
0.25 23.875 4660.707
0.75 23.875 4381.57
1.25 23.875 2992.013
1.75 23.875 2688.551
2.25 23.875 2602.0510000000004
2.75 23.875 714.875
3.25 23.875 1007.944
3.75 23.875 152.112
4.25 23.875 361.2115999999999
4.75 23.875 46.377599999999994
5.25 23.875 8.852290000000002
5.75 23.875 0.07822602000000001
6.25 23.875 0.0
6.75 23.875 0.0
7.25 23.875 0.0
7.75 23.875 0.0
8.25 23.875 0.0
8.75 23.875 0.0
0.25 24.125 720.208
0.75 24.125 1495.458
1.25 24.125 674.13
1.75 24.125 2122.2239999999997
2.25 24.125 0.0
2.75 24.125 611.506
3.25 24.125 681.6719999999999
3.75 24.125 869.6620000000001
4.25 24.125 141.67630000000003
4.75 24.125 55.40410000000001
5.25 24.125 9.41747
5.75 24.125 0.21087106000000003
6.25 24.125 0.0
6.75 24.125 0.0
7.25 24.125 0.0
7.75 24.125 0.0
8.25 24.125 0.0
8.75 24.125 0.0
0.25 24.375 2193.301
0.75 24.375 661.869
1.25 24.375 0.0
1.75 24.375 0.0
2.25 24.375 1301.922
2.75 24.375 692.0509999999999
3.25 24.375 0.0
3.75 24.375 0.0
4.25 24.375 109.2263
4.75 24.375 17.8685
5.25 24.375 4.54452
5.75 24.375 0.23751669999999997
6.25 24.375 0.0
6.75 24.375 0.0
7.25 24.375 0.0
7.75 24.375 0.0
8.25 24.375 0.0
8.75 24.375 0.0
0.25 24.625 2389.718
0.75 24.625 0.0
1.25 24.625 2265.779
1.75 24.625 1446.9019999999998
2.25 24.625 0.0
2.75 24.625 0.0
3.25 24.625 692.23
3.75 24.625 452.99800000000005
4.25 24.625 185.079
4.75 24.625 0.0
5.25 24.625 0.0
5.75 24.625 0.05780300000000001
6.25 24.625 0.0
6.75 24.625 0.0
7.25 24.625 0.0
7.75 24.625 0.0
8.25 24.625 0.0
8.75 24.625 0.0
0.25 24.875 1416.2720000000002
0.75 24.875 2172.2149999999997
1.25 24.875 0.0
1.75 24.875 1259.734
2.25 24.875 0.0
2.75 24.875 2761.221
3.25 24.875 859.7710000000001
3.75 24.875 152.112
4.25 24.875 265.9314
4.75 24.875 72.92590000000001
5.25 24.875 4.47382
5.75 24.875 0.082647
6.25 24.875 0.0
6.75 24.875 0.0
7.25 24.875 0.0
7.75 24.875 0.0
8.25 24.875 0.0
8.75 24.875 0.0
0.25 25.125 1587.2860000000003
0.75 25.125 2100.971
1.25 25.125 624.14
1.75 25.125 708.564
2.25 25.125 2357.601
2.75 25.125 1010.267
3.25 25.125 683.3779999999999
3.75 25.125 413.552
4.25 25.125 169.9844
4.75 25.125 50.6212
5.25 25.125 10.553859999999998
5.75 25.125 0.02883856
6.25 25.125 0.0
6.75 25.125 0.0
7.25 25.125 0.0
7.75 25.125 0.0
8.25 25.125 0.0
8.75 25.125 0.0
0.25 25.375 0.0
0.75 25.375 978.162
1.25 25.375 674.13
1.75 25.375 515.548
2.25 25.375 0.0
2.75 25.375 305.454
3.25 25.375 0.0
3.75 25.375 120.408
4.25 25.375 0.0
4.75 25.375 0.0
5.25 25.375 1.8744500000000002
5.75 25.375 0.036533899999999994
6.25 25.375 0.0
6.75 25.375 0.0
7.25 25.375 0.0
7.75 25.375 0.0
8.25 25.375 0.0
8.75 25.375 0.0
0.25 25.625 0.0
0.75 25.625 2212.937
1.25 25.625 0.0
1.75 25.625 515.548
2.25 25.625 1533.8930000000003
2.75 25.625 293.29
3.25 25.625 251.29
3.75 25.625 274.56399999999996
4.25 25.625 227.9558
4.75 25.625 21.5784
5.25 25.625 4.92003
5.75 25.625 0.0315971
6.25 25.625 0.0
6.75 25.625 0.0
7.25 25.625 0.0
7.75 25.625 0.0
8.25 25.625 0.0
8.75 25.625 0.0
0.25 25.875 1584.48
0.75 25.875 637.552
1.25 25.875 1301.731
1.75 25.875 602.924
2.25 25.875 0.0
2.75 25.875 318.21599999999995
3.25 25.875 193.786
3.75 25.875 571.644
4.25 25.875 57.1582
4.75 25.875 0.0
5.25 25.875 1.5708900000000001
5.75 25.875 0.0
6.25 25.875 0.0
6.75 25.875 0.0
7.25 25.875 0.0
7.75 25.875 0.0
8.25 25.875 0.0
8.75 25.875 0.0
0.25 26.125 2378.396
0.75 26.125 0.0
1.25 26.125 674.13
1.75 26.125 1341.2620000000002
2.25 26.125 0.0
2.75 26.125 392.271
3.25 26.125 800.118
3.75 26.125 0.0
4.25 26.125 0.0
4.75 26.125 0.0
5.25 26.125 5.6794199999999995
5.75 26.125 0.025474660000000003
6.25 26.125 0.0
6.75 26.125 0.0
7.25 26.125 0.0
7.75 26.125 0.0
8.25 26.125 0.0
8.75 26.125 0.0
0.25 26.375 944.388
0.75 26.375 741.7959999999999
1.25 26.375 0.0
1.75 26.375 602.924
2.25 26.375 0.0
2.75 26.375 710.487
3.25 26.375 0.0
3.75 26.375 109.9
4.25 26.375 0.0
4.75 26.375 58.077000000000005
5.25 26.375 2.23691
5.75 26.375 0.0
6.25 26.375 0.0
6.75 26.375 0.0
7.25 26.375 0.0
7.75 26.375 0.0
8.25 26.375 0.0
8.75 26.375 0.0
0.25 26.625 1888.776
0.75 26.625 1564.2749999999999
1.25 26.625 0.0
1.75 26.625 0.0
2.25 26.625 430.48400000000004
2.75 26.625 0.0
3.25 26.625 422.12399999999997
3.75 26.625 0.0
4.25 26.625 0.0
4.75 26.625 28.768800000000002
5.25 26.625 0.0
5.75 26.625 0.016507120000000004
6.25 26.625 0.0
6.75 26.625 0.0
7.25 26.625 0.0
7.75 26.625 0.0
8.25 26.625 0.0
8.75 26.625 0.0
0.25 26.875 0.0
0.75 26.875 770.9789999999999
1.25 26.875 648.559
1.75 26.875 557.198
2.25 26.875 430.48400000000004
2.75 26.875 637.063
3.25 26.875 220.36900000000003
3.75 26.875 152.112
4.25 26.875 0.0
4.75 26.875 0.0
5.25 26.875 0.0
5.75 26.875 0.00995502
6.25 26.875 0.0
6.75 26.875 0.0
7.25 26.875 0.0
7.75 26.875 0.0
8.25 26.875 0.0
8.75 26.875 0.0
0.25 27.125 907.695
0.75 27.125 0.0
1.25 27.125 600.813
1.75 27.125 680.211
2.25 27.125 397.80999999999995
2.75 27.125 0.0
3.25 27.125 240.45299999999997
3.75 27.125 0.0
4.25 27.125 0.0
4.75 27.125 0.0
5.25 27.125 3.8078000000000003
5.75 27.125 0.0
6.25 27.125 0.0
6.75 27.125 0.0
7.25 27.125 0.0
7.75 27.125 0.0
8.25 27.125 0.0
8.75 27.125 0.0
0.25 27.375 0.0
0.75 27.375 0.0
1.25 27.375 0.0
1.75 27.375 0.0
2.25 27.375 397.80999999999995
2.75 27.375 0.0
3.25 27.375 0.0
3.75 27.375 109.9
4.25 27.375 51.5934
4.75 27.375 50.3472
5.25 27.375 0.0
5.75 27.375 0.03054002
6.25 27.375 0.0
6.75 27.375 0.0
7.25 27.375 0.0
7.75 27.375 0.0
8.25 27.375 0.0
8.75 27.375 0.0
0.25 27.625 807.451
0.75 27.625 0.0
1.25 27.625 0.0
1.75 27.625 0.0
2.25 27.625 0.0
2.75 27.625 0.0
3.25 27.625 0.0
3.75 27.625 0.0
4.25 27.625 0.0
4.75 27.625 0.0
5.25 27.625 0.0
5.75 27.625 0.0
6.25 27.625 0.0
6.75 27.625 0.0
7.25 27.625 0.0
7.75 27.625 0.0
8.25 27.625 0.0
8.75 27.625 0.0
0.25 27.875 720.208
0.75 27.875 0.0
1.25 27.875 0.0
1.75 27.875 0.0
2.25 27.875 397.80999999999995
2.75 27.875 0.0
3.25 27.875 0.0
3.75 27.875 0.0
4.25 27.875 0.0
4.75 27.875 0.0
5.25 27.875 1.5708900000000001
5.75 27.875 0.0
6.25 27.875 0.0
6.75 27.875 0.0
7.25 27.875 0.0
7.75 27.875 0.0
8.25 27.875 0.0
8.75 27.875 0.0
0.25 28.125 0.0
0.75 28.125 0.0
1.25 28.125 0.0
1.75 28.125 0.0
2.25 28.125 0.0
2.75 28.125 0.0
3.25 28.125 0.0
3.75 28.125 0.0
4.25 28.125 0.0
4.75 28.125 0.0
5.25 28.125 0.0
5.75 28.125 0.0
6.25 28.125 0.0
6.75 28.125 0.0
7.25 28.125 0.0
7.75 28.125 0.0
8.25 28.125 0.0
8.75 28.125 0.0
0.25 28.375 0.0
0.75 28.375 0.0
1.25 28.375 0.0
1.75 28.375 0.0
2.25 28.375 0.0
2.75 28.375 0.0
3.25 28.375 0.0
3.75 28.375 120.408
4.25 28.375 0.0
4.75 28.375 0.0
5.25 28.375 0.0
5.75 28.375 0.00995502
6.25 28.375 0.0
6.75 28.375 0.0
7.25 28.375 0.0
7.75 28.375 0.0
8.25 28.375 0.0
8.75 28.375 0.0
0.25 28.625 0.0
0.75 28.625 0.0
1.25 28.625 0.0
1.75 28.625 0.0
2.25 28.625 0.0
2.75 28.625 0.0
3.25 28.625 0.0
3.75 28.625 0.0
4.25 28.625 0.0
4.75 28.625 13.9406
5.25 28.625 0.0
5.75 28.625 0.0
6.25 28.625 0.0
6.75 28.625 0.0
7.25 28.625 0.0
7.75 28.625 0.0
8.25 28.625 0.0
8.75 28.625 0.0
0.25 28.875 0.0
0.75 28.875 0.0
1.25 28.875 0.0
1.75 28.875 0.0
2.25 28.875 0.0
2.75 28.875 0.0
3.25 28.875 0.0
3.75 28.875 0.0
4.25 28.875 0.0
4.75 28.875 0.0
5.25 28.875 0.0
5.75 28.875 0.0
6.25 28.875 0.0
6.75 28.875 0.0
7.25 28.875 0.0
7.75 28.875 0.0
8.25 28.875 0.0
8.75 28.875 0.0
0.25 29.125 0.0
0.75 29.125 0.0
1.25 29.125 0.0
1.75 29.125 0.0
2.25 29.125 0.0
2.75 29.125 0.0
3.25 29.125 0.0
3.75 29.125 0.0
4.25 29.125 0.0
4.75 29.125 0.0
5.25 29.125 0.0
5.75 29.125 0.0
6.25 29.125 0.0
6.75 29.125 0.0
7.25 29.125 0.0
7.75 29.125 0.0
8.25 29.125 0.0
8.75 29.125 0.0
0.25 29.375 0.0
0.75 29.375 0.0
1.25 29.375 0.0
1.75 29.375 0.0
2.25 29.375 0.0
2.75 29.375 0.0
3.25 29.375 0.0
3.75 29.375 0.0
4.25 29.375 0.0
4.75 29.375 0.0
5.25 29.375 0.0
5.75 29.375 0.0
6.25 29.375 0.0
6.75 29.375 0.0
7.25 29.375 0.0
7.75 29.375 0.0
8.25 29.375 0.0
8.75 29.375 0.0
0.25 29.625 0.0
0.75 29.625 0.0
1.25 29.625 0.0
1.75 29.625 0.0
2.25 29.625 0.0
2.75 29.625 0.0
3.25 29.625 0.0
3.75 29.625 0.0
4.25 29.625 0.0
4.75 29.625 0.0
5.25 29.625 0.0
5.75 29.625 0.0
6.25 29.625 0.0
6.75 29.625 0.0
7.25 29.625 0.0
7.75 29.625 0.0
8.25 29.625 0.0
8.75 29.625 0.0
0.25 29.875 0.0
0.75 29.875 0.0
1.25 29.875 0.0
1.75 29.875 0.0
2.25 29.875 0.0
2.75 29.875 0.0
3.25 29.875 0.0
3.75 29.875 0.0
4.25 29.875 0.0
4.75 29.875 0.0
5.25 29.875 0.0
5.75 29.875 0.0
6.25 29.875 0.0
6.75 29.875 0.0
7.25 29.875 0.0
7.75 29.875 0.0
8.25 29.875 0.0
8.75 29.875 0.0
