11.294627058970837 378.83995887306014
14.219093021276404 61.193180568652
17.900777537149963 137.37914375493597
22.535743732392298 1019.3473109547429
28.370820458389794 5074.106049735172
35.71674682851676 16421.86355946162
44.96472020903849 24558.245259210187
56.60722890537329 27701.165323832145
71.26427896022373 50696.131479021264
89.71641173621407 110362.41620530217
112.94627058970838 104675.28440993067
142.1909302127641 117412.31212556729
179.00777537149963 230055.9984505442
225.35743732392305 211757.28727063
283.7082045838981 286961.60792981205
357.1674682851676 358086.6680553404
449.6472020903849 343668.1627622186
566.0722890537327 286650.23177687335
712.6427896022376 273462.7076284364
897.164117362141 212289.73320384137
1129.4627058970837 130041.89297402557
1421.9093021276408 72764.20700216712
1790.0777537149975 32834.122425561305
2253.5743732392316 13878.247052913066
2837.082045838981 3609.1845209770836
3571.674682851676 772.5299059990793
4496.47202090385 139.30123160034418
5660.72289053733 10.352119736839086
7126.427896022379 0.14302163710817695
8971.64117362141 0.0011111707426607609
