11.294627058970837 4366.36173751148
14.219093021276404 601.294354426821
17.900777537149963 2137.469111176584
22.535743732392298 5138.494776390442
28.370820458389794 11464.541853408953
35.71674682851676 12935.148893049649
44.96472020903849 23856.136848127164
56.60722890537329 37324.69073430467
71.26427896022373 58931.704228871575
89.71641173621407 79792.77646345165
112.94627058970838 130385.51304667344
142.1909302127641 176358.30160607537
179.00777537149963 191339.07242487045
225.35743732392305 251605.72421581438
283.7082045838981 265761.4792068037
357.1674682851676 310615.02633119165
449.6472020903849 329158.7388729879
566.0722890537327 318578.7949772533
712.6427896022376 271919.97724320646
897.164117362141 223446.33203451522
1129.4627058970837 140920.76160839666
1421.9093021276408 75035.97349536
1790.0777537149975 32281.49564305134
2253.5743732392316 11611.639335226733
2837.082045838981 2797.5858747796156
3571.674682851676 590.5107206846587
4496.47202090385 122.82352621480823
5660.72289053733 11.200855797156692
7126.427896022379 0.2393696797080338
8971.64117362141 5.9303827583789825e-05
