11.294627058970837 235.85179101041786
14.219093021276404 99.51908715364061
17.900777537149963 273.5342403346649
22.535743732392298 2405.615732343272
28.370820458389794 9499.129361436251
35.71674682851676 18828.746145802434
44.96472020903849 11356.143786042016
56.60722890537329 39590.91926543372
71.26427896022373 78246.36762400556
89.71641173621407 98026.3780630611
112.94627058970838 106565.87295537515
142.1909302127641 159382.54758866102
179.00777537149963 251378.44110121205
225.35743732392305 266490.63841708563
283.7082045838981 271266.63802783436
357.1674682851676 324450.8872032361
449.6472020903849 350462.52637024247
566.0722890537327 335006.92006369215
712.6427896022376 270039.6768100518
897.164117362141 203147.306998536
1129.4627058970837 130997.16154135205
1421.9093021276408 77793.56913649337
1790.0777537149975 34830.183444531634
2253.5743732392316 13103.531261409167
2837.082045838981 3881.978154635988
3571.674682851676 604.7322169858962
4496.47202090385 133.87999438354746
5660.72289053733 8.87163009820506
7126.427896022379 0.41686982894316316
8971.64117362141 2.6617199182510376e-06
