11.294627058970837 0.0
14.219093021276404 74.05066313291456
17.900777537149963 7143.480172380422
22.535743732392298 4035.5418601117053
28.370820458389794 3738.3193125338694
35.71674682851676 26280.712899133316
44.96472020903849 20547.89534792339
56.60722890537329 27270.194394560407
71.26427896022373 47473.29846933305
89.71641173621407 99276.07130963076
112.94627058970838 139833.6530717045
142.1909302127641 139444.664800447
179.00777537149963 216006.27218766743
225.35743732392305 217739.0144718428
283.7082045838981 245851.325464044
357.1674682851676 279091.63868659874
449.6472020903849 323705.2052803135
566.0722890537327 318519.1021293991
712.6427896022376 271806.22980808234
897.164117362141 218914.49774989113
1129.4627058970837 140683.1594221536
1421.9093021276408 70572.13630838785
1790.0777537149975 35264.61699036695
2253.5743732392316 11308.971898739226
2837.082045838981 3037.2941726869904
3571.674682851676 679.2481188694946
4496.47202090385 110.92556534847245
5660.72289053733 13.739878640510142
7126.427896022379 0.217458785045892
8971.64117362141 0.0010149432346224785
