0.25 0.125 10527506.6
0.75 0.125 8194178.600000001
1.25 0.125 7361967.2
1.75 0.125 6744305.000000001
2.25 0.125 8133000.000000001
2.75 0.125 5858222.999999999
3.25 0.125 6921094.999999999
3.75 0.125 7808094.0
4.25 0.125 16427682.999999998
4.75 0.125 12115147.100000001
5.25 0.125 5267282.69
5.75 0.125 5690492.0
6.25 0.125 4603484.0
6.75 0.125 1650010.7000000002
7.25 0.125 635618.91
7.75 0.125 59418.95
8.25 0.125 8806.88
8.75 0.125 0.0
0.25 0.375 18024420.0
0.75 0.375 3470520.0
1.25 0.375 4309050.0
1.75 0.375 5223510.0
2.25 0.375 12274323.999999998
2.75 0.375 11135776.0
3.25 0.375 9814796.0
3.75 0.375 27535728.436
4.25 0.375 17506010.0
4.75 0.375 16627335.000000002
5.25 0.375 18095200.0
5.75 0.375 15602078.999999996
6.25 0.375 5740935.600000001
6.75 0.375 6931653.000000001
7.25 0.375 1261548.0
7.75 0.375 663416.893
8.25 0.375 11918.55
8.75 0.375 0.0
0.25 0.625 25557752.899999995
0.75 0.625 31113051.0
1.25 0.625 28707859.999999996
1.75 0.625 60630387.0
2.25 0.625 6049072.000000001
2.75 0.625 39234340.0
3.25 0.625 25169430.000000004
3.75 0.625 25599928.000000004
4.25 0.625 24980835.0
4.75 0.625 28011401.150000002
5.25 0.625 31752006.999999996
5.75 0.625 8218122.2
6.25 0.625 6737910.0
6.75 0.625 5267701.046999999
7.25 0.625 3797558.192900001
7.75 0.625 577819.9647370002
8.25 0.625 2962.6160000000004
8.75 0.625 0.0
0.25 0.875 80985933.99999999
0.75 0.875 79867450.0
1.25 0.875 54719969.0
1.75 0.875 23629270.0
2.25 0.875 36178930.0
2.75 0.875 22277253.16
3.25 0.875 23074680.0
3.75 0.875 21931750.0
4.25 0.875 32037790.000000007
4.75 0.875 15458970.0
5.25 0.875 24089550.000000004
5.75 0.875 14884583.0
6.25 0.875 10972495.999999998
6.75 0.875 4860911.6
7.25 0.875 1439865.4929000002
7.75 0.875 627205.1547370002
8.25 0.875 862.2522
8.75 0.875 0.0
0.25 1.125 82966005.00000001
0.75 1.125 51291200.0
1.25 1.125 54303389.99999999
1.75 1.125 42925260.0
2.25 1.125 51395245.190000005
2.75 1.125 16056750.000000002
3.25 1.125 37404109.99999999
3.75 1.125 35425690.0
4.25 1.125 15496938.700000001
4.75 1.125 34636370.0
5.25 1.125 12928688.000000002
5.75 1.125 9009949.0644428
6.25 1.125 5764262.3222199995
6.75 1.125 2193756.7181459996
7.25 1.125 628506.51
7.75 1.125 57899.79289999999
8.25 1.125 0.164737
8.75 1.125 0.0
0.25 1.375 31322389.999999996
0.75 1.375 88840807.46999998
1.25 1.375 18753510.0
1.75 1.375 53421070.0
2.25 1.375 33652960.0
2.75 1.375 57632620.0
3.25 1.375 15635320.0
3.75 1.375 33692372.226
4.25 1.375 23875970.000000004
4.75 1.375 21939838.0
5.25 1.375 13640486.000000002
5.75 1.375 5032661.2
6.25 1.375 5045977.0
6.75 1.375 1331511.6599999997
7.25 1.375 139258.46420000005
7.75 1.375 21568.81380017989
8.25 1.375 0.329474
8.75 1.375 0.0
0.25 1.625 46060719.0
0.75 1.625 59319224.999999985
1.25 1.625 29861090.000000004
1.75 1.625 23933330.000000004
2.25 1.625 33864257.199999996
2.75 1.625 36446033.80000001
3.25 1.625 44273064.8
3.75 1.625 32232473.200000003
4.25 1.625 19546206.230000004
4.75 1.625 14006879.000000002
5.25 1.625 8662806.9
5.75 1.625 5350633.699999999
6.25 1.625 3015559.880713852
6.75 1.625 1151165.3900000004
7.25 1.625 157358.31996009997
7.75 1.625 6708.942555400001
8.25 1.625 0.0
8.75 1.625 0.0
0.25 1.875 12115764.479999999
0.75 1.875 51002779.999999985
1.25 1.875 30465800.100000005
1.75 1.875 26255022.099999998
2.25 1.875 40115420.1
2.75 1.875 50711265.199999996
3.25 1.875 20112495.4
3.75 1.875 12674010.999999998
4.25 1.875 18373981.999999996
4.75 1.875 10445243.129999997
5.25 1.875 4727964.70598
5.75 1.875 5767276.692899999
6.25 1.875 1511230.2
6.75 1.875 371118.62312
7.25 1.875 73818.06619999999
7.75 1.875 283.1600000000001
8.25 1.875 185.326
8.75 1.875 0.0
0.25 2.125 26326575.249999993
0.75 2.125 17829000.1
1.25 2.125 39292310.0
1.75 2.125 26311065.169999998
2.25 2.125 29798730.999999996
2.75 2.125 9525915.0
3.25 2.125 22603770.2
3.75 2.125 6329410.999999999
4.25 2.125 11279334.599999998
4.75 2.125 15423567.1
5.25 2.125 5352003.599999999
5.75 2.125 2549826.0000000005
6.25 2.125 2663640.3599999994
6.75 2.125 1687361.8999999997
7.25 2.125 203616.08218000003
7.75 2.125 4.439255579895001
8.25 2.125 24.458499999999997
8.75 2.125 0.0
0.25 2.375 24334322.999999996
0.75 2.375 9735930.0
1.25 2.375 18860470.0
1.75 2.375 23554690.099999998
2.25 2.375 15167587.999999998
2.75 2.375 16218469.8
3.25 2.375 18027697.999999996
3.75 2.375 14021116.41
4.25 2.375 10697741.6
4.75 2.375 8034526.000000001
5.25 2.375 6630162.799999999
5.75 2.375 3825389.2029000004
6.25 2.375 1064660.8180000002
6.75 2.375 758866.342
7.25 2.375 114296.79999999999
7.75 2.375 8063.366200000001
8.25 2.375 0.04245557989499999
8.75 2.375 0.0
0.25 2.625 24396628.999999993
0.75 2.625 21832980.000000004
1.25 2.625 18725667.1
1.75 2.625 9955643.200000001
2.25 2.625 8428009.299999999
2.75 2.625 7883755.0
3.25 2.625 12133229.660000002
3.75 2.625 19630857.0
4.25 2.625 3999904.4967
4.75 2.625 7353943.999999998
5.25 2.625 2483214.760000001
5.75 2.625 1799511.15
6.25 2.625 972526.74749
6.75 2.625 319754.31513999996
7.25 2.625 94971.4819
7.75 2.625 3217.12466
8.25 2.625 0.021228059789999996
8.75 2.625 0.0
0.25 2.875 8961436.77
0.75 2.875 21638191.860000003
1.25 2.875 16487724.099999998
1.75 2.875 13030356.999999996
2.25 2.875 7689647.839999999
2.75 2.875 10440326.28
3.25 2.875 3433628.3000000003
3.75 2.875 12958080.999999998
4.25 2.875 6648627.3
4.75 2.875 3898811.7699999996
5.25 2.875 3445642.2
5.75 2.875 1203869.9999999998
6.25 2.875 377987.4505039999
6.75 2.875 250846.85631300003
7.25 2.875 22881.2302
7.75 2.875 1927.511063
8.25 2.875 1.7989499999999998e-07
8.75 2.875 0.0
0.25 3.125 4887249.999999999
0.75 3.125 10463872.0
1.25 3.125 14081728.599999998
1.75 3.125 9534819.039999997
2.25 3.125 4357644.0
2.75 3.125 6490576.0
3.25 3.125 5056620.708
3.75 3.125 3228415.8400000003
4.25 3.125 1140776.5999999999
4.75 3.125 5252470.2
5.25 3.125 1172413.3548
5.75 3.125 1453597.07
6.25 3.125 467211.56999999995
6.75 3.125 247469.1
7.25 3.125 49262.622960000015
7.75 3.125 626.779
8.25 3.125 0.0
8.75 3.125 0.0
0.25 3.375 5284357.109999999
0.75 3.375 1262254.7000000002
1.25 3.375 6579965.0
1.75 3.375 5351358.337999999
2.25 3.375 5424880.57
2.75 3.375 1576306.2999999998
3.25 3.375 3192386.7500000005
3.75 3.375 4806142.300000001
4.25 3.375 3802851.19
4.75 3.375 3088125.009
5.25 3.375 1670815.9999999998
5.75 3.375 795036.8799999999
6.25 3.375 431110.532
6.75 3.375 121642.08467899999
7.25 3.375 13155.227305019998
7.75 3.375 94.600057027
8.25 3.375 0.0
8.75 3.375 0.0
0.25 3.625 6386831.3
0.75 3.625 8736490.0
1.25 3.625 2995831.7
1.75 3.625 3369371.4299999992
2.25 3.625 10587366.970000004
2.75 3.625 3799610.1
3.25 3.625 8186900.620000001
3.75 3.625 3576216.1
4.25 3.625 3022918.0572000006
4.75 3.625 1516881.6510000003
5.25 3.625 1103175.1000000003
5.75 3.625 375400.49999999994
6.25 3.625 111884.89860000001
6.75 3.625 108498.5627
7.25 3.625 5808.0819157999995
7.75 3.625 137.83463392700003
8.25 3.625 0.0
8.75 3.625 0.0
0.25 3.875 5369081.999999999
0.75 3.875 5388373.2
1.25 3.875 6723249.5
1.75 3.875 5396418.989999998
2.25 3.875 6525971.100000002
2.75 3.875 4264021.000000001
3.25 3.875 2258317.0629999996
3.75 3.875 1648866.2699999998
4.25 3.875 1773158.2000000002
4.75 3.875 975254.2980000001
5.25 3.875 378189.00080000004
5.75 3.875 623494.8999999999
6.25 3.875 117300.02999999998
6.75 3.875 37224.46958899999
7.25 3.875 2616.9088
7.75 3.875 17.177320299999995
8.25 3.875 0.0
8.75 3.875 0.0
0.25 4.125 7110712.469999999
0.75 4.125 6706297.100000001
1.25 4.125 1439713.8199999998
1.75 4.125 3714344.8
2.25 4.125 3316414.689999999
2.75 4.125 2397042.9999999995
3.25 4.125 911536.5
3.75 4.125 2217331.6999999997
4.25 4.125 2412789.8359999997
4.75 4.125 334763.39999999997
5.25 4.125 555793.678
5.75 4.125 177901.72890999998
6.25 4.125 49760.531500000005
6.75 4.125 12287.809500000001
7.25 4.125 883.2903691465579
7.75 4.125 1.697603
8.25 4.125 0.0
8.75 4.125 0.0
0.25 4.375 3848753.9999999995
0.75 4.375 614069.8999999999
1.25 4.375 2864137.18
1.75 4.375 5144878.564
2.25 4.375 2156825.9
2.75 4.375 1801180.3059999999
3.25 4.375 2330999.89
3.75 4.375 1978048.2389999998
4.25 4.375 715596.0000000001
4.75 4.375 760988.6699999999
5.25 4.375 164552.15323
5.75 4.375 101963.98000000001
6.25 4.375 103350.399668
6.75 4.375 7941.5813
7.25 4.375 1248.5869799999998
7.75 4.375 0.225363248186
8.25 4.375 0.0
8.75 4.375 0.0
0.25 4.625 3386519.6300000004
0.75 4.625 2461708.88
1.25 4.625 5013604.218
1.75 4.625 2286049.0
2.25 4.625 553192.9999999999
2.75 4.625 2600323.3
3.25 4.625 1429016.9000000001
3.75 4.625 1378282.7899999996
4.25 4.625 638511.998
4.75 4.625 1289623.91
5.25 4.625 663074.3284999998
5.75 4.625 188876.923353
6.25 4.625 81934.93638
6.75 4.625 10056.006000000001
7.25 4.625 301.01212000000004
7.75 4.625 0.001067854
8.25 4.625 0.0
8.75 4.625 0.0
0.25 4.875 2072587.0000000005
0.75 4.875 2747260.3
1.25 4.875 1971612.1099999999
1.75 4.875 3201121.8
2.25 4.875 1016936.7900000002
2.75 4.875 1233018.0
3.25 4.875 289333.42
3.75 4.875 669918.5300000001
4.25 4.875 782279.31
4.75 4.875 640187.87
5.25 4.875 431319.1400000001
5.75 4.875 44049.99197570001
6.25 4.875 71020.699262
6.75 4.875 2320.581
7.25 4.875 415.2942792850001
7.75 4.875 0.0005341751860000001
8.25 4.875 0.0
8.75 4.875 0.0
0.25 5.125 2735170.6100000003
0.75 5.125 2874900.3
1.25 5.125 1600705.4100000001
1.75 5.125 1515245.9099999997
2.25 5.125 1138645.07
2.75 5.125 1722136.0799999998
3.25 5.125 1226224.6900000002
3.75 5.125 585805.0400000002
4.25 5.125 507778.7199999999
4.75 5.125 490683.9429999999
5.25 5.125 120329.55189000002
5.75 5.125 148037.5071
6.25 5.125 27047.582000000002
6.75 5.125 7851.208069062
7.25 5.125 85.00593772311599
7.75 5.125 0.0
8.25 5.125 0.0
8.75 5.125 0.0
0.25 5.375 1747435.01
0.75 5.375 2402251.9
1.25 5.375 1141503.3
1.75 5.375 2752289.1
2.25 5.375 1210975.6900000002
2.75 5.375 1826307.1700000002
3.25 5.375 355263.52999999997
3.75 5.375 527729.23
4.25 5.375 1234887.6670000001
4.75 5.375 453952.27999999997
5.25 5.375 112613.12999999999
5.75 5.375 149504.86737
6.25 5.375 27650.235999999997
6.75 5.375 1455.68347271
7.25 5.375 50.192577099999994
7.75 5.375 0.0
8.25 5.375 0.0
8.75 5.375 0.0
0.25 5.625 1541638.8599999996
0.75 5.625 570916.0000000001
1.25 5.625 1245337.8200000003
1.75 5.625 895480.6099999999
2.25 5.625 1108834.2
2.75 5.625 1126768.7
3.25 5.625 917383.9
3.75 5.625 799362.979
4.25 5.625 488760.215
4.75 5.625 139722.88000000003
5.25 5.625 294251.03595999995
5.75 5.625 43361.5611
6.25 5.625 32394.041456
6.75 5.625 1983.2628617999999
7.25 5.625 0.5601430046
7.75 5.625 0.0
8.25 5.625 0.0
8.75 5.625 0.0
0.25 5.875 814999.3999999999
0.75 5.875 622789.9299999999
1.25 5.875 1227580.9300000002
1.75 5.875 1357078.9299999997
2.25 5.875 623049.0999999999
2.75 5.875 705701.953
3.25 5.875 401382.26000000007
3.75 5.875 449864.7419999999
4.25 5.875 108495.3691
4.75 5.875 302915.02999999997
5.25 5.875 83115.77100000001
5.75 5.875 56112.685509999996
6.25 5.875 5956.186799999999
6.75 5.875 1340.2448929999996
7.25 5.875 16.714501476558002
7.75 5.875 0.0
8.25 5.875 0.0
8.75 5.875 0.0
0.25 6.125 921486.57
0.75 6.125 1298235.1900000002
1.25 6.125 1033997.4
1.75 6.125 532914.9999999999
2.25 6.125 1332643.7959999999
2.75 6.125 541956.6199999999
3.25 6.125 680460.95
3.75 6.125 186890.12200000003
4.25 6.125 362439.08
4.75 6.125 316119.38800000004
5.25 6.125 54137.818230000004
5.75 6.125 61330.8501
6.25 6.125 24539.0767196
6.75 6.125 2106.81478
7.25 6.125 0.22280750000000002
7.75 6.125 0.0
8.25 6.125 0.0
8.75 6.125 0.0
0.25 6.375 568078.5700000001
0.75 6.375 1337672.6099999999
1.25 6.375 1489477.7000000002
1.75 6.375 1325667.1999999997
2.25 6.375 938638.2000000001
2.75 6.375 258520.52999999997
3.25 6.375 403171.88700000005
3.75 6.375 392905.012
4.25 6.375 249816.23
4.75 6.375 136059.72999999998
5.25 6.375 88479.77850999997
5.75 6.375 7063.210370000001
6.25 6.375 4602.0653616399995
6.75 6.375 603.1987861574999
7.25 6.375 1.677423947050622
7.75 6.375 0.0
8.25 6.375 0.0
8.75 6.375 0.0
0.25 6.625 306575.47000000003
0.75 6.625 152748.65000000002
1.25 6.625 429484.13
1.75 6.625 891514.5800000001
2.25 6.625 325592.956
2.75 6.625 438933.02999999997
3.25 6.625 571730.37
3.75 6.625 185439.41999999998
4.25 6.625 98682.38099999998
4.75 6.625 205017.9
5.25 6.625 46699.181800000006
5.75 6.625 30000.542585000007
6.25 6.625 2867.952277
6.75 6.625 489.8041129999999
7.25 6.625 0.6248157999999999
7.75 6.625 0.0
8.25 6.625 0.0
8.75 6.625 0.0
0.25 6.875 745712.3000000002
0.75 6.875 560777.7599999999
1.25 6.875 649294.1799999999
1.75 6.875 641298.2999999999
2.25 6.875 269120.237
2.75 6.875 554385.802
3.25 6.875 305985.16000000003
3.75 6.875 261449.40000000005
4.25 6.875 249779.96260000003
4.75 6.875 82752.30100000002
5.25 6.875 104914.54136999999
5.75 6.875 38651.38980299999
6.25 6.875 4169.4429489
6.75 6.875 260.9519690000632
7.25 6.875 0.004218952716000001
7.75 6.875 0.0
8.25 6.875 0.0
8.75 6.875 0.0
0.25 7.125 397426.20000000007
0.75 7.125 698484.0199999999
1.25 7.125 398215.1
1.75 7.125 531959.2000000001
2.25 7.125 142502.00000000003
2.75 7.125 230717.016
3.25 7.125 257917.44999999992
3.75 7.125 409222.8699999999
4.25 7.125 154469.66500000004
4.75 7.125 75291.21699999999
5.25 7.125 24379.665
5.75 7.125 7488.2101760000005
6.25 7.125 2807.20610456283
6.75 7.125 8.87466959
7.25 7.125 0.019316626804310996
7.75 7.125 0.0
8.25 7.125 0.0
8.75 7.125 0.0
0.25 7.375 763977.19
0.75 7.375 319991.29000000004
1.25 7.375 679867.0799999998
1.75 7.375 554738.08
2.25 7.375 401727.50000000006
2.75 7.375 420570.866
3.25 7.375 543805.3380000001
3.75 7.375 159995.8
4.25 7.375 262383.3900000001
4.75 7.375 141928.671
5.25 7.375 64680.61770000001
5.75 7.375 8425.991
6.25 7.375 1684.865504
6.75 7.375 25.580289062000002
7.25 7.375 0.0007535460043109999
7.75 7.375 0.0
8.25 7.375 0.0
8.75 7.375 0.0
0.25 7.625 474417.10000000003
0.75 7.625 364465.648
1.25 7.625 483251.89999999997
1.75 7.625 344210.58400000003
2.25 7.625 301258.30000000005
2.75 7.625 318276.04000000004
3.25 7.625 311616.29999999993
3.75 7.625 208367.44999999998
4.25 7.625 84085.31000000001
4.75 7.625 63118.15
5.25 7.625 22364.35
5.75 7.625 4829.06
6.25 7.625 681.01130521
6.75 7.625 111.165155323
7.25 7.625 0.018772781004311
7.75 7.625 0.0
8.25 7.625 0.0
8.75 7.625 0.0
0.25 7.875 589882.6200000001
0.75 7.875 343766.8
1.25 7.875 432347.2
1.75 7.875 839278.3000000002
2.25 7.875 279631.62000000005
2.75 7.875 179422.65999999995
3.25 7.875 147905.04
3.75 7.875 163082.71
4.25 7.875 140102.24
4.75 7.875 27928.019999999997
5.25 7.875 22537.812000000005
5.75 7.875 7531.6975
6.25 7.875 1582.29719
6.75 7.875 22.625185958
7.25 7.875 2.4631099999999996e-10
7.75 7.875 0.0
8.25 7.875 0.0
8.75 7.875 0.0
0.25 8.125 73364.71
0.75 8.125 378802.24
1.25 8.125 285657.1429999999
1.75 8.125 135966.77
2.25 8.125 365264.2379999999
2.75 8.125 84940.93999999997
3.25 8.125 98126.65999999999
3.75 8.125 152130.97899999996
4.25 8.125 155308.37899999996
4.75 8.125 63533.438799999996
5.25 8.125 13467.094399999998
5.75 8.125 3388.66515
6.25 8.125 935.8136770000001
6.75 8.125 36.504705173
7.25 8.125 0.0
7.75 8.125 0.0
8.25 8.125 0.0
8.75 8.125 0.0
0.25 8.375 220476.26999999996
0.75 8.375 370961.8
1.25 8.375 138842.44999999998
1.75 8.375 397778.9
2.25 8.375 295681.10000000003
2.75 8.375 126278.51000000001
3.25 8.375 133000.17
3.75 8.375 140668.66999999998
4.25 8.375 59379.659999999996
4.75 8.375 43135.11000000001
5.25 8.375 13505.266300000001
5.75 8.375 3677.5615999999995
6.25 8.375 1006.6411221600001
6.75 8.375 9.135422309073999
7.25 8.375 2.4631099999999996e-10
7.75 8.375 0.0
8.25 8.375 0.0
8.75 8.375 0.0
0.25 8.625 158503.08
0.75 8.625 304112.42
1.25 8.625 268424.91000000003
1.75 8.625 252397.33
2.25 8.625 93108.77300000003
2.75 8.625 235940.90500000006
3.25 8.625 138079.50999999998
3.75 8.625 164602.70299999998
4.25 8.625 65069.59099999999
4.75 8.625 21748.9866
5.25 8.625 16051.771999999999
5.75 8.625 1068.1294
6.25 8.625 1217.2549873
6.75 8.625 17.443992148063156
7.25 8.625 0.0
7.75 8.625 0.0
8.25 8.625 0.0
8.75 8.625 0.0
0.25 8.875 367068.995
0.75 8.875 101603.367
1.25 8.875 128925.96100000001
1.75 8.875 214737.29999999996
2.25 8.875 251496.12
2.75 8.875 174413.521
3.25 8.875 99166.12
3.75 8.875 81959.782
4.25 8.875 15813.47
4.75 8.875 15259.824
5.25 8.875 11310.244550000003
5.75 8.875 3322.3748899999996
6.25 8.875 351.59205486
6.75 8.875 0.039185410000000004
7.25 8.875 0.0
7.75 8.875 0.0
8.25 8.875 0.0
8.75 8.875 0.0
0.25 9.125 375015.4199999999
0.75 9.125 113661.95999999999
1.25 9.125 197071.57
1.75 9.125 217052.43000000005
2.25 9.125 236086.66999999998
2.75 9.125 143506.343
3.25 9.125 44663.94000000001
3.75 9.125 34819.9
4.25 9.125 25749.49
4.75 9.125 17758.6897
5.25 9.125 13007.5092
5.75 9.125 4029.443399999999
6.25 9.125 354.01042022985797
6.75 9.125 7.0430867720000006
7.25 9.125 0.0
7.75 9.125 0.0
8.25 9.125 0.0
8.75 9.125 0.0
0.25 9.375 120978.94999999998
0.75 9.375 77985.02
1.25 9.375 131777.31
1.75 9.375 94911.238
2.25 9.375 271201.42600000004
2.75 9.375 108652.99100000002
3.25 9.375 65148.954999999994
3.75 9.375 41155.558
4.25 9.375 105961.28000000001
4.75 9.375 18631.619
5.25 9.375 8153.7997000000005
5.75 9.375 3317.6499999999996
6.25 9.375 182.97513940699997
6.75 9.375 1.3659555499999998
7.25 9.375 0.0
7.75 9.375 0.0
8.25 9.375 0.0
8.75 9.375 0.0
0.25 9.625 173316.28
0.75 9.625 50575.07
1.25 9.625 88889.29999999999
1.75 9.625 159209.55099999998
2.25 9.625 143198.27999999997
2.75 9.625 229281.0
3.25 9.625 114891.89
3.75 9.625 114164.63399999999
4.25 9.625 25921.065
4.75 9.625 19545.021999999997
5.25 9.625 5908.999829999999
5.75 9.625 969.5026
6.25 9.625 185.57620069
6.75 9.625 0.9409857580000001
7.25 9.625 0.0
7.75 9.625 0.0
8.25 9.625 0.0
8.75 9.625 0.0
0.25 9.875 151282.49
0.75 9.875 133808.52999999997
1.25 9.875 113410.79999999999
1.75 9.875 156493.9
2.25 9.875 67892.42
2.75 9.875 130511.239
3.25 9.875 86458.489
3.75 9.875 41866.108
4.25 9.875 29630.21
4.75 9.875 12072.271999999997
5.25 9.875 5164.400000000001
5.75 9.875 4020.6688757
6.25 9.875 171.61377718064102
6.75 9.875 0.6491019994999999
7.25 9.875 0.0
7.75 9.875 0.0
8.25 9.875 0.0
8.75 9.875 0.0
0.25 10.125 40650.92
0.75 10.125 205025.88999999998
1.25 10.125 159093.19999999998
1.75 10.125 163326.10100000002
2.25 10.125 145070.44000000003
2.75 10.125 93079.49499999998
3.25 10.125 13590.340000000002
3.75 10.125 64196.75200000001
4.25 10.125 14901.308
4.75 10.125 25319.570999999996
5.25 10.125 7427.2883999999995
5.75 10.125 1918.3907000000002
6.25 10.125 281.18520241359994
6.75 10.125 0.5653332066474799
7.25 10.125 0.0
7.75 10.125 0.0
8.25 10.125 0.0
8.75 10.125 0.0
0.25 10.375 144093.91000000003
0.75 10.375 88233.05
1.25 10.375 132787.09999999998
1.75 10.375 48197.95999999999
2.25 10.375 98810.50000000001
2.75 10.375 54627.342000000004
3.25 10.375 48313.34099999999
3.75 10.375 32394.719999999994
4.25 10.375 40020.728
4.75 10.375 9096.859199999997
5.25 10.375 5311.9524
5.75 10.375 1799.1260195
6.25 10.375 59.5483529
6.75 10.375 0.11733537299999999
7.25 10.375 0.0
7.75 10.375 0.0
8.25 10.375 0.0
8.75 10.375 0.0
0.25 10.625 103844.14
0.75 10.625 177830.78999999995
1.25 10.625 127197.25000000001
1.75 10.625 126216.51399999998
2.25 10.625 106186.12000000002
2.75 10.625 43059.64
3.25 10.625 71748.24
3.75 10.625 67855.58000000002
4.25 10.625 15082.3
4.75 10.625 980.4010000000001
5.25 10.625 1988.11455
5.75 10.625 1589.876591
6.25 10.625 41.71292631
6.75 10.625 0.06446299949999999
7.25 10.625 0.0
7.75 10.625 0.0
8.25 10.625 0.0
8.75 10.625 0.0
0.25 10.875 98976.87000000001
0.75 10.875 111042.51
1.25 10.875 104708.02300000002
1.75 10.875 152943.55999999994
2.25 10.875 41953.799000000006
2.75 10.875 41683.450000000004
3.25 10.875 35505.86
3.75 10.875 28105.4
4.25 10.875 19646.594
4.75 10.875 11462.025199999998
5.25 10.875 3533.58103
5.75 10.875 1717.6609699999997
6.25 10.875 45.25521743000001
6.75 10.875 0.31996168014748
7.25 10.875 0.0
7.75 10.875 0.0
8.25 10.875 0.0
8.75 10.875 0.0
0.25 11.125 186165.96099999998
0.75 11.125 53945.469999999994
1.25 11.125 125525.89899999999
1.75 11.125 140975.90099999998
2.25 11.125 113193.98000000001
2.75 11.125 50833.204000000005
3.25 11.125 37402.92
3.75 11.125 26413.442000000003
4.25 11.125 32110.87
4.75 11.125 9626.133699999997
5.25 11.125 2796.2401999999997
5.75 11.125 615.1694000000001
6.25 11.125 2.6328585199999996
6.75 11.125 0.025131400574
7.25 11.125 0.0
7.75 11.125 0.0
8.25 11.125 0.0
8.75 11.125 0.0
0.25 11.375 57742.420000000006
0.75 11.375 68582.43
1.25 11.375 118326.21999999997
1.75 11.375 105790.89
2.25 11.375 72871.804
2.75 11.375 59970.62099999999
3.25 11.375 47343.959
3.75 11.375 28692.531
4.25 11.375 9895.581
4.75 11.375 7047.254000000001
5.25 11.375 2280.24336
5.75 11.375 895.8288590000001
6.25 11.375 26.449959417038297
6.75 11.375 2.01995e-05
7.25 11.375 0.0
7.75 11.375 0.0
8.25 11.375 0.0
8.75 11.375 0.0
0.25 11.625 69600.999
0.75 11.625 92119.89600000002
1.25 11.625 120426.34000000003
1.75 11.625 131763.71
2.25 11.625 76397.959
2.75 11.625 29423.372
3.25 11.625 42300.98
3.75 11.625 47809.249
4.25 11.625 14963.404
4.75 11.625 6381.814999999999
5.25 11.625 2208.5854400000007
5.75 11.625 535.3442014
6.25 11.625 27.335589300000006
6.75 11.625 0.0002915687846388
7.25 11.625 0.0
7.75 11.625 0.0
8.25 11.625 0.0
8.75 11.625 0.0
0.25 11.875 90566.94000000002
0.75 11.875 46522.85999999999
1.25 11.875 81957.27000000002
1.75 11.875 43412.7
2.25 11.875 62804.06199999999
2.75 11.875 35210.240000000005
3.25 11.875 45275.094999999994
3.75 11.875 16930.279000000002
4.25 11.875 7087.8992
4.75 11.875 4173.849
5.25 11.875 638.9216700000001
5.75 11.875 422.78784199999996
6.25 11.875 4.405806632000001
6.75 11.875 8.3576148e-05
7.25 11.875 0.0
7.75 11.875 0.0
8.25 11.875 0.0
8.75 11.875 0.0
0.25 12.125 69887.89000000001
0.75 12.125 66926.04000000001
1.25 12.125 74901.67
1.75 12.125 45796.172
2.25 12.125 117616.21
2.75 12.125 70932.109
3.25 12.125 44634.476
3.75 12.125 41119.292
4.25 12.125 2910.086
4.75 12.125 4474.963099999999
5.25 12.125 2598.0034
5.75 12.125 648.008
6.25 12.125 31.826449231499996
6.75 12.125 0.0001031647106388
7.25 12.125 0.0
7.75 12.125 0.0
8.25 12.125 0.0
8.75 12.125 0.0
0.25 12.375 60232.61000000001
0.75 12.375 75618.98999999999
1.25 12.375 62763.405000000006
1.75 12.375 71590.26799999998
2.25 12.375 63868.030000000006
2.75 12.375 31120.09
3.25 12.375 44112.299999999996
3.75 12.375 25554.339999999997
4.25 12.375 15106.777
4.75 12.375 3532.8297999999995
5.25 12.375 1354.5923999999998
5.75 12.375 276.32666439999997
6.25 12.375 22.086776032029995
6.75 12.375 0.0
7.25 12.375 0.0
7.75 12.375 0.0
8.25 12.375 0.0
8.75 12.375 0.0
0.25 12.625 27381.469999999998
0.75 12.625 83976.133
1.25 12.625 78886.56999999999
1.75 12.625 77673.76100000001
2.25 12.625 97786.50099999999
2.75 12.625 48319.16
3.25 12.625 29771.839999999997
3.75 12.625 18036.278
4.25 12.625 4722.5689999999995
4.75 12.625 2715.9510000000005
5.25 12.625 2031.6698999999996
5.75 12.625 757.92575
6.25 12.625 15.472855949000003
6.75 12.625 7.147480000000001e-09
7.25 12.625 0.0
7.75 12.625 0.0
8.25 12.625 0.0
8.75 12.625 0.0
0.25 12.875 56345.748
0.75 12.875 19264.46
1.25 12.875 56315.11
1.75 12.875 48589.21
2.25 12.875 38469.066000000006
2.75 12.875 26804.489999999998
3.25 12.875 32132.807999999997
3.75 12.875 25536.41
4.25 12.875 21542.52440000001
4.75 12.875 3826.986
5.25 12.875 1668.2766
5.75 12.875 194.95199
6.25 12.875 3.6871410000000004
6.75 12.875 3.09074e-07
7.25 12.875 0.0
7.75 12.875 0.0
8.25 12.875 0.0
8.75 12.875 0.0
0.25 13.125 97208.05
0.75 13.125 55869.43
1.25 13.125 44172.299999999996
1.75 13.125 38297.8
2.25 13.125 43959.92900000001
2.75 13.125 29993.817
3.25 13.125 43920.918000000005
3.75 13.125 12755.830000000004
4.25 13.125 5630.317000000001
4.75 13.125 5165.7981
5.25 13.125 811.5520899999999
5.75 13.125 141.859283
6.25 13.125 9.2248289
6.75 13.125 3.0920031759999995e-07
7.25 13.125 0.0
7.75 13.125 0.0
8.25 13.125 0.0
8.75 13.125 0.0
0.25 13.375 71134.11
0.75 13.375 48847.428
1.25 13.375 54506.34
1.75 13.375 30125.085000000003
2.25 13.375 34564.619999999995
2.75 13.375 16987.331000000002
3.25 13.375 4637.741000000001
3.75 13.375 6370.9580000000005
4.25 13.375 13406.65
4.75 13.375 3377.3376
5.25 13.375 1691.9696099999999
5.75 13.375 149.46978979999997
6.25 13.375 1.01658346
6.75 13.375 2.01995e-05
7.25 13.375 0.0
7.75 13.375 0.0
8.25 13.375 0.0
8.75 13.375 0.0
0.25 13.625 29578.965
0.75 13.625 50238.65
1.25 13.625 16339.919999999998
1.75 13.625 30604.98
2.25 13.625 21020.39
2.75 13.625 29622.238999999994
3.25 13.625 12813.458000000002
3.75 13.625 11927.789999999999
4.25 13.625 4193.563300000001
4.75 13.625 1241.925
5.25 13.625 1164.39376
5.75 13.625 49.36920099999999
6.25 13.625 3.994039868670001
6.75 13.625 0.0
7.25 13.625 0.0
7.75 13.625 0.0
8.25 13.625 0.0
8.75 13.625 0.0
0.25 13.875 25478.650000000005
0.75 13.875 40467.888999999996
1.25 13.875 65567.59799999998
1.75 13.875 28447.724999999995
2.25 13.875 27759.688
2.75 13.875 32679.344999999998
3.25 13.875 13008.312000000002
3.75 13.875 10933.706
4.25 13.875 932.834
4.75 13.875 1376.6622
5.25 13.875 311.50462000000005
5.75 13.875 101.7193538
6.25 13.875 0.011170322
6.75 13.875 0.0
7.25 13.875 0.0
7.75 13.875 0.0
8.25 13.875 0.0
8.75 13.875 0.0
0.25 14.125 40412.20000000001
0.75 14.125 49259.94000000001
1.25 14.125 47517.899999999994
1.75 14.125 34798.903
2.25 14.125 12593.57
2.75 14.125 18650.729999999996
3.25 14.125 17371.569
3.75 14.125 8350.16
4.25 14.125 4219.747
4.75 14.125 1384.4477999999997
5.25 14.125 662.6655800000001
5.75 14.125 82.73358805
6.25 14.125 0.64755382
6.75 14.125 0.0
7.25 14.125 0.0
7.75 14.125 0.0
8.25 14.125 0.0
8.75 14.125 0.0
0.25 14.375 44013.88799999999
0.75 14.375 50014.209
1.25 14.375 20085.542
1.75 14.375 40523.579
2.25 14.375 25665.018
2.75 14.375 8767.850999999999
3.25 14.375 13027.856999999998
3.75 14.375 8764.386
4.25 14.375 2037.4279999999999
4.75 14.375 1881.9436
5.25 14.375 493.28403999999995
5.75 14.375 60.916483
6.25 14.375 4.967517571840001
6.75 14.375 0.0
7.25 14.375 0.0
7.75 14.375 0.0
8.25 14.375 0.0
8.75 14.375 0.0
0.25 14.625 17525.88
0.75 14.625 45915.56
1.25 14.625 46521.04999999999
1.75 14.625 20465.468000000004
2.25 14.625 27377.058999999994
2.75 14.625 17133.309
3.25 14.625 11754.628999999999
3.75 14.625 8168.413
4.25 14.625 4886.222199999999
4.75 14.625 1890.9542999999999
5.25 14.625 939.13102
5.75 14.625 69.37290999999999
6.25 14.625 0.1913240220382946
6.75 14.625 0.0
7.25 14.625 0.0
7.75 14.625 0.0
8.25 14.625 0.0
8.75 14.625 0.0
0.25 14.875 14878.710000000001
0.75 14.875 46094.84400000001
1.25 14.875 23788.630999999994
1.75 14.875 11907.668000000001
2.25 14.875 16231.761999999997
2.75 14.875 18091.762
3.25 14.875 2388.547
3.75 14.875 10604.972
4.25 14.875 2756.4610000000002
4.75 14.875 3736.7769000000008
5.25 14.875 326.95364
5.75 14.875 85.59481
6.25 14.875 0.69280306
6.75 14.875 0.0
7.25 14.875 0.0
7.75 14.875 0.0
8.25 14.875 0.0
8.75 14.875 0.0
0.25 15.125 39882.061
0.75 15.125 10112.010000000002
1.25 15.125 47797.19999999999
1.75 15.125 12909.25
2.25 15.125 6053.21
2.75 15.125 2797.2429999999995
3.25 15.125 4815.505999999999
3.75 15.125 9971.329999999998
4.25 15.125 1592.1380000000001
4.75 15.125 1363.9465000000002
5.25 15.125 781.7328200000001
5.75 15.125 98.92690900000001
6.25 15.125 0.6160857590000001
6.75 15.125 0.0
7.25 15.125 0.0
7.75 15.125 0.0
8.25 15.125 0.0
8.75 15.125 0.0
0.25 15.375 19049.02
0.75 15.375 25017.289999999994
1.25 15.375 24834.972999999998
1.75 15.375 17463.469999999998
2.25 15.375 18454.668999999998
2.75 15.375 16921.103
3.25 15.375 10611.199000000002
3.75 15.375 2465.498
4.25 15.375 2251.504
4.75 15.375 1863.7666
5.25 15.375 158.75229999999996
5.75 15.375 18.4559531
6.25 15.375 0.4911843923743141
6.75 15.375 0.0
7.25 15.375 0.0
7.75 15.375 0.0
8.25 15.375 0.0
8.75 15.375 0.0
0.25 15.625 20556.37
0.75 15.625 2573.6969999999997
1.25 15.625 14754.18
1.75 15.625 23224.239999999998
2.25 15.625 9894.650000000001
2.75 15.625 15250.299
3.25 15.625 9337.413999999999
3.75 15.625 5738.326999999999
4.25 15.625 2572.1940999999997
4.75 15.625 846.1226999999999
5.25 15.625 280.2244
5.75 15.625 32.1840271
6.25 15.625 0.061543660374313996
6.75 15.625 0.0
7.25 15.625 0.0
7.75 15.625 0.0
8.25 15.625 0.0
8.75 15.625 0.0
0.25 15.875 30692.77
0.75 15.875 13399.87
1.25 15.875 22500.66
1.75 15.875 18707.02
2.25 15.875 24321.319999999996
2.75 15.875 14740.838999999998
3.25 15.875 12745.792000000001
3.75 15.875 8247.451
4.25 15.875 204.382
4.75 15.875 1877.8436000000002
5.25 15.875 709.8044600000001
5.75 15.875 35.3521905
6.25 15.875 0.053407185600000004
6.75 15.875 0.0
7.25 15.875 0.0
7.75 15.875 0.0
8.25 15.875 0.0
8.75 15.875 0.0
0.25 16.125 9375.910000000002
0.75 16.125 25922.76
1.25 16.125 38518.689999999995
1.75 16.125 7967.03
2.25 16.125 10859.733
2.75 16.125 7262.972
3.25 16.125 533.649
3.75 16.125 5198.125000000001
4.25 16.125 284.11100000000005
4.75 16.125 1084.2567999999999
5.25 16.125 214.08907
5.75 16.125 17.847060560000003
6.25 16.125 0.19714958566
6.75 16.125 0.0
7.25 16.125 0.0
7.75 16.125 0.0
8.25 16.125 0.0
8.75 16.125 0.0
0.25 16.375 34302.369000000006
0.75 16.375 7884.69
1.25 16.375 28808.530000000002
1.75 16.375 15168.655
2.25 16.375 12045.79
2.75 16.375 10470.005
3.25 16.375 10580.255
3.75 16.375 2779.2870000000003
4.25 16.375 3392.74
4.75 16.375 319.0505
5.25 16.375 417.4710000000001
5.75 16.375 17.78101575
6.25 16.375 0.08753125340000002
6.75 16.375 0.0
7.25 16.375 0.0
7.75 16.375 0.0
8.25 16.375 0.0
8.75 16.375 0.0
0.25 16.625 12801.72
0.75 16.625 28443.36
1.25 16.625 11252.012
1.75 16.625 20852.39
2.25 16.625 20308.083
2.75 16.625 17378.281
3.25 16.625 8035.687
3.75 16.625 4692.1089999999995
4.25 16.625 1981.0088
4.75 16.625 471.4148
5.25 16.625 210.99849
5.75 16.625 20.014759
6.25 16.625 0.04771801760000001
6.75 16.625 0.0
7.25 16.625 0.0
7.75 16.625 0.0
8.25 16.625 0.0
8.75 16.625 0.0
0.25 16.875 21573.33
0.75 16.875 23039.768000000004
1.25 16.875 31308.571999999993
1.75 16.875 28736.341999999997
2.25 16.875 14461.182999999999
2.75 16.875 9306.068
3.25 16.875 7699.38
3.75 16.875 3021.55
4.25 16.875 7102.414000000002
4.75 16.875 2019.2617000000007
5.25 16.875 553.81493
5.75 16.875 5.41196
6.25 16.875 0.17118478350000002
6.75 16.875 0.0
7.25 16.875 0.0
7.75 16.875 0.0
8.25 16.875 0.0
8.75 16.875 0.0
0.25 17.125 18933.04
0.75 17.125 16834.399999999998
1.25 17.125 15233.037999999999
1.75 17.125 28016.213000000003
2.25 17.125 11022.031
2.75 17.125 7972.597999999999
3.25 17.125 5905.877
3.75 17.125 3615.459
4.25 17.125 3117.2689999999993
4.75 17.125 1178.0647999999999
5.25 17.125 234.59866
5.75 17.125 31.674761200000006
6.25 17.125 0.07136644619999996
6.75 17.125 0.0
7.25 17.125 0.0
7.75 17.125 0.0
8.25 17.125 0.0
8.75 17.125 0.0
0.25 17.375 14536.121
0.75 17.375 11936.006000000001
1.25 17.375 13130.414999999999
1.75 17.375 7901.294
2.25 17.375 12462.071
2.75 17.375 12164.573000000002
3.25 17.375 4041.4169999999995
3.75 17.375 2018.989
4.25 17.375 1634.1905
4.75 17.375 346.9814
5.25 17.375 169.46425
5.75 17.375 4.846708
6.25 17.375 0.0159730266542946
6.75 17.375 0.0
7.25 17.375 0.0
7.75 17.375 0.0
8.25 17.375 0.0
8.75 17.375 0.0
0.25 17.625 10512.1
0.75 17.625 6819.47
1.25 17.625 29509.518000000004
1.75 17.625 8564.438
2.25 17.625 11085.029
2.75 17.625 5960.938999999999
3.25 17.625 3915.5930000000003
3.75 17.625 3577.545
4.25 17.625 2251.978
4.75 17.625 416.24800000000005
5.25 17.625 157.16886999999997
5.75 17.625 8.467752400000002
6.25 17.625 0.0425896854
6.75 17.625 0.0
7.25 17.625 0.0
7.75 17.625 0.0
8.25 17.625 0.0
8.75 17.625 0.0
0.25 17.875 18857.260000000002
0.75 17.875 13583.830000000002
1.25 17.875 9231.070000000002
1.75 17.875 8180.659999999999
2.25 17.875 12369.484
2.75 17.875 8713.094
3.25 17.875 2377.1169999999997
3.75 17.875 2595.4210000000003
4.25 17.875 955.853
4.75 17.875 486.5467999999999
5.25 17.875 220.04865999999996
5.75 17.875 18.8010792
6.25 17.875 0.00986057
6.75 17.875 0.0
7.25 17.875 0.0
7.75 17.875 0.0
8.25 17.875 0.0
8.75 17.875 0.0
0.25 18.125 12463.78
0.75 18.125 8872.58
1.25 18.125 19181.5
1.75 18.125 17895.137
2.25 18.125 10576.516999999998
2.75 18.125 4485.093
3.25 18.125 2333.036
3.75 18.125 1142.182
4.25 18.125 447.7326
4.75 18.125 1011.0759
5.25 18.125 196.82423
5.75 18.125 8.700276
6.25 18.125 0.000442605974314
6.75 18.125 0.0
7.25 18.125 0.0
7.75 18.125 0.0
8.25 18.125 0.0
8.75 18.125 0.0
0.25 18.375 5123.1900000000005
0.75 18.375 22989.791999999994
1.25 18.375 9091.083
1.75 18.375 6767.4349999999995
2.25 18.375 10333.913
2.75 18.375 7399.151
3.25 18.375 4073.694
3.75 18.375 2957.388
4.25 18.375 1576.1451
4.75 18.375 742.8605000000001
5.25 18.375 216.79447
5.75 18.375 7.9375594
6.25 18.375 0.002028236
6.75 18.375 0.0
7.25 18.375 0.0
7.75 18.375 0.0
8.25 18.375 0.0
8.75 18.375 0.0
0.25 18.625 5624.5599999999995
0.75 18.625 11030.608999999999
1.25 18.625 4451.3
1.75 18.625 6365.339
2.25 18.625 6455.939
2.75 18.625 3294.0119999999997
3.25 18.625 4817.745000000001
3.75 18.625 1268.7359999999999
4.25 18.625 0.0
4.75 18.625 610.6849
5.25 18.625 100.516
5.75 18.625 4.680135
6.25 18.625 0.001262332
6.75 18.625 0.0
7.25 18.625 0.0
7.75 18.625 0.0
8.25 18.625 0.0
8.75 18.625 0.0
0.25 18.875 9361.32
0.75 18.875 6971.228
1.25 18.875 8734.841
1.75 18.875 4713.954
2.25 18.875 3410.48
2.75 18.875 10776.736
3.25 18.875 3068.352
3.75 18.875 3821.9659999999994
4.25 18.875 1126.164
4.75 18.875 304.28490000000005
5.25 18.875 116.92161
5.75 18.875 5.5599709
6.25 18.875 0.001294264641
6.75 18.875 0.0
7.25 18.875 0.0
7.75 18.875 0.0
8.25 18.875 0.0
8.75 18.875 0.0
0.25 19.125 9415.211
0.75 19.125 902.4060000000001
1.25 19.125 8908.883
1.75 19.125 7045.473999999999
2.25 19.125 9498.070999999998
2.75 19.125 6813.785000000001
3.25 19.125 4267.544999999999
3.75 19.125 2348.2149999999997
4.25 19.125 1356.982
4.75 19.125 281.2215
5.25 19.125 35.45047
5.75 19.125 7.3773252
6.25 19.125 0.003698904241
6.75 19.125 0.0
7.25 19.125 0.0
7.75 19.125 0.0
8.25 19.125 0.0
8.75 19.125 0.0
0.25 19.375 12521.49
0.75 19.375 17097.696000000004
1.25 19.375 12644.228000000001
1.75 19.375 1364.0199999999998
2.25 19.375 4890.808000000001
2.75 19.375 2153.9249999999997
3.25 19.375 3279.962
3.75 19.375 1429.152
4.25 19.375 891.8723
4.75 19.375 167.7384
5.25 19.375 18.38477
5.75 19.375 0.22202000000000002
6.25 19.375 0.0
6.75 19.375 0.0
7.25 19.375 0.0
7.75 19.375 0.0
8.25 19.375 0.0
8.75 19.375 0.0
0.25 19.625 11553.11
0.75 19.625 11837.23
1.25 19.625 6014.2119999999995
1.75 19.625 5023.648999999999
2.25 19.625 3319.374
2.75 19.625 5207.77
3.25 19.625 0.0
3.75 19.625 1401.654
4.25 19.625 560.5457999999999
4.75 19.625 157.8005
5.25 19.625 82.94577999999998
5.75 19.625 2.6750722000000007
6.25 19.625 3.82946e-11
6.75 19.625 0.0
7.25 19.625 0.0
7.75 19.625 0.0
8.25 19.625 0.0
8.75 19.625 0.0
0.25 19.875 12031.429999999997
0.75 19.875 16258.516000000001
1.25 19.875 12017.081
1.75 19.875 8976.264
2.25 19.875 4695.091
2.75 19.875 3624.0359999999996
3.25 19.875 777.213
3.75 19.875 862.48
4.25 19.875 692.3358999999999
4.75 19.875 393.64070000000004
5.25 19.875 84.21652000000003
5.75 19.875 1.4090125
6.25 19.875 2.16315e-05
6.75 19.875 0.0
7.25 19.875 0.0
7.75 19.875 0.0
8.25 19.875 0.0
8.75 19.875 0.0
0.25 20.125 12028.254999999997
0.75 20.125 4472.987999999999
1.25 20.125 4276.67
1.75 20.125 8408.417000000001
2.25 20.125 3621.112
2.75 20.125 2768.945
3.25 20.125 5092.625
3.75 20.125 1377.1719999999998
4.25 20.125 719.976
4.75 20.125 298.00010000000003
5.25 20.125 67.18672
5.75 20.125 3.4344290999999996
6.25 20.125 8.10499e-07
6.75 20.125 0.0
7.25 20.125 0.0
7.75 20.125 0.0
8.25 20.125 0.0
8.75 20.125 0.0
0.25 20.375 4112.635
0.75 20.375 5966.569999999999
1.25 20.375 624.14
1.75 20.375 6409.005
2.25 20.375 3012.6290000000004
2.75 20.375 4108.426
3.25 20.375 638.2990000000001
3.75 20.375 1129.3049999999998
4.25 20.375 2139.8379
4.75 20.375 257.3596
5.25 20.375 74.04917
5.75 20.375 1.02103502
6.25 20.375 1.8101531399999998e-07
6.75 20.375 0.0
7.25 20.375 0.0
7.75 20.375 0.0
8.25 20.375 0.0
8.75 20.375 0.0
0.25 20.625 8073.709999999999
0.75 20.625 3475.1760000000004
1.25 20.625 10284.57
1.75 20.625 2130.288
2.25 20.625 11022.352999999997
2.75 20.625 3105.586
3.25 20.625 2036.4449999999995
3.75 20.625 1440.3180000000002
4.25 20.625 578.5733999999999
4.75 20.625 421.27349999999996
5.25 20.625 30.382060000000006
5.75 20.625 0.6089727
6.25 20.625 0.00014403905431400001
6.75 20.625 0.0
7.25 20.625 0.0
7.75 20.625 0.0
8.25 20.625 0.0
8.75 20.625 0.0
0.25 20.875 7994.753000000001
0.75 20.875 0.0
1.25 20.875 7812.081999999999
1.75 20.875 4738.988
2.25 20.875 3947.7019999999998
2.75 20.875 1623.67
3.25 20.875 1435.731
3.75 20.875 531.379
4.25 20.875 286.7099
4.75 20.875 387.73510000000005
5.25 20.875 3.48207
5.75 20.875 2.4728941500000006
6.25 20.875 0.0
6.75 20.875 0.0
7.25 20.875 0.0
7.75 20.875 0.0
8.25 20.875 0.0
8.75 20.875 0.0
0.25 21.125 4184.061
0.75 21.125 8527.056
1.25 21.125 4240.28
1.75 21.125 8548.686
2.25 21.125 2630.161
2.75 21.125 4351.508
3.25 21.125 1332.702
3.75 21.125 3158.3839999999996
4.25 21.125 313.389
4.75 21.125 245.8492
5.25 21.125 28.624769999999994
5.75 21.125 0.5328004300000001
6.25 21.125 4.1260859999999995e-10
6.75 21.125 0.0
7.25 21.125 0.0
7.75 21.125 0.0
8.25 21.125 0.0
8.75 21.125 0.0
0.25 21.375 2180.27
0.75 21.375 3112.2069999999994
1.25 21.375 6932.73
1.75 21.375 3999.1339999999996
2.25 21.375 505.9
2.75 21.375 4377.359
3.25 21.375 274.718
3.75 21.375 224.976
4.25 21.375 328.7591
4.75 21.375 250.0755
5.25 21.375 14.362550000000002
5.75 21.375 0.1961254
6.25 21.375 2.3627981e-05
6.75 21.375 0.0
7.25 21.375 0.0
7.75 21.375 0.0
8.25 21.375 0.0
8.75 21.375 0.0
0.25 21.625 1587.2860000000003
0.75 21.625 2405.309
1.25 21.625 4713.511
1.75 21.625 3294.3030000000003
2.25 21.625 2051.268
2.75 21.625 5763.706999999999
3.25 21.625 2267.467
3.75 21.625 1004.7509999999999
4.25 21.625 187.892
4.75 21.625 144.302
5.25 21.625 37.05831
5.75 21.625 0.0
6.25 21.625 0.0
6.75 21.625 0.0
7.25 21.625 0.0
7.75 21.625 0.0
8.25 21.625 0.0
8.75 21.625 0.0
0.25 21.875 8383.318000000001
0.75 21.875 4725.624000000001
1.25 21.875 4011.1900000000005
1.75 21.875 3504.836
2.25 21.875 2352.2129999999997
2.75 21.875 2407.948
3.25 21.875 1519.7469999999998
3.75 21.875 872.4350000000002
4.25 21.875 594.4733000000001
4.75 21.875 183.5714
5.25 21.875 38.192119999999996
5.75 21.875 0.336383
6.25 21.875 3.74314e-10
6.75 21.875 0.0
7.25 21.875 0.0
7.75 21.875 0.0
8.25 21.875 0.0
8.75 21.875 0.0
0.25 22.125 8683.425
0.75 22.125 3971.0220000000004
1.25 22.125 1990.9170000000001
1.75 22.125 8398.56
2.25 22.125 2460.152
2.75 22.125 3037.4740000000006
3.25 22.125 978.9220000000001
3.75 22.125 389.665
4.25 22.125 240.2654
4.75 22.125 62.8285
5.25 22.125 29.401860000000003
5.75 22.125 0.603958
6.25 22.125 3.82946e-11
6.75 22.125 0.0
7.25 22.125 0.0
7.75 22.125 0.0
8.25 22.125 0.0
8.75 22.125 0.0
0.25 22.375 2034.9389999999999
0.75 22.375 2005.2200000000003
1.25 22.375 2676.887
1.75 22.375 1490.4969999999998
2.25 22.375 1959.134
2.75 22.375 1061.5210000000002
3.25 22.375 2052.0449999999996
3.75 22.375 1379.9049999999997
4.25 22.375 462.07829999999996
4.75 22.375 186.2027
5.25 22.375 26.879459999999998
5.75 22.375 0.3529983
6.25 22.375 0.0
6.75 22.375 0.0
7.25 22.375 0.0
7.75 22.375 0.0
8.25 22.375 0.0
8.75 22.375 0.0
0.25 22.625 2281.18
0.75 22.625 2923.5240000000003
1.25 22.625 7669.28
1.75 22.625 1926.698
2.25 22.625 3953.347
2.75 22.625 3473.2569999999996
3.25 22.625 2491.091
3.75 22.625 316.55400000000003
4.25 22.625 60.188
4.75 22.625 280.3397
5.25 22.625 10.90241
5.75 22.625 0.400441
6.25 22.625 1.80641e-07
6.75 22.625 0.0
7.25 22.625 0.0
7.75 22.625 0.0
8.25 22.625 0.0
8.75 22.625 0.0
0.25 22.875 2435.2799999999997
0.75 22.875 6081.562
1.25 22.875 3720.636
1.75 22.875 3599.468
2.25 22.875 1432.923
2.75 22.875 3071.027
3.25 22.875 565.7
3.75 22.875 297.949
4.25 22.875 272.685
4.75 22.875 110.958
5.25 22.875 14.89417
5.75 22.875 0.20866479999999998
6.25 22.875 0.0
6.75 22.875 0.0
7.25 22.875 0.0
7.75 22.875 0.0
8.25 22.875 0.0
8.75 22.875 0.0
0.25 23.125 5911.749999999999
0.75 23.125 2937.163
1.25 23.125 2258.81
1.75 23.125 3237.4880000000003
2.25 23.125 1433.503
2.75 23.125 1387.1280000000002
3.25 23.125 1485.118
3.75 23.125 486.2600000000001
4.25 23.125 0.0
4.75 23.125 195.63849999999996
5.25 23.125 26.530790000000003
5.75 23.125 0.111539
6.25 23.125 0.0
6.75 23.125 0.0
7.25 23.125 0.0
7.75 23.125 0.0
8.25 23.125 0.0
8.75 23.125 0.0
0.25 23.375 2862.049
0.75 23.375 2493.64
1.25 23.375 1886.4909999999998
1.75 23.375 2389.857
2.25 23.375 1700.533
2.75 23.375 1368.607
3.25 23.375 1150.014
3.75 23.375 415.702
4.25 23.375 186.75310000000002
4.75 23.375 39.330000000000005
5.25 23.375 24.537619999999997
5.75 23.375 0.029244400000000004
6.25 23.375 0.0
6.75 23.375 0.0
7.25 23.375 0.0
7.75 23.375 0.0
8.25 23.375 0.0
8.75 23.375 0.0
0.25 23.625 4573.2029999999995
0.75 23.625 3631.1269999999995
1.25 23.625 1429.9099999999999
1.75 23.625 515.548
2.25 23.625 2200.073
2.75 23.625 1100.765
3.25 23.625 240.45299999999997
3.75 23.625 0.0
4.25 23.625 150.54899999999998
4.75 23.625 111.7946
5.25 23.625 16.16851
5.75 23.625 0.11960810000000001
6.25 23.625 0.0
6.75 23.625 0.0
7.25 23.625 0.0
7.75 23.625 0.0
8.25 23.625 0.0
8.75 23.625 0.0
0.25 23.875 3402.1479999999997
0.75 23.875 2046.0269999999998
1.25 23.875 728.992
1.75 23.875 1280.663
2.25 23.875 0.0
2.75 23.875 2342.9220000000005
3.25 23.875 740.882
3.75 23.875 0.0
4.25 23.875 413.9911
4.75 23.875 0.0
5.25 23.875 1.5708900000000001
5.75 23.875 0.014376000000000002
6.25 23.875 0.0
6.75 23.875 0.0
7.25 23.875 0.0
7.75 23.875 0.0
8.25 23.875 0.0
8.75 23.875 0.0
0.25 24.125 0.0
0.75 24.125 2067.782
1.25 24.125 855.663
1.75 24.125 2065.154
2.25 24.125 2065.165
2.75 24.125 1579.452
3.25 24.125 1239.6939999999997
3.75 24.125 351.65700000000004
4.25 24.125 295.60010000000005
4.75 24.125 61.5532
5.25 24.125 0.0
5.75 24.125 0.00682725
6.25 24.125 0.0
6.75 24.125 0.0
7.25 24.125 0.0
7.75 24.125 0.0
8.25 24.125 0.0
8.75 24.125 0.0
0.25 24.375 1023.27
0.75 24.375 902.4060000000001
1.25 24.375 1359.237
1.75 24.375 1455.693
2.25 24.375 1228.7599999999998
2.75 24.375 3209.423
3.25 24.375 547.541
3.75 24.375 241.107
4.25 24.375 148.6811
4.75 24.375 131.2133
5.25 24.375 0.0
5.75 24.375 0.008253560000000002
6.25 24.375 0.0
6.75 24.375 0.0
7.25 24.375 0.0
7.75 24.375 0.0
8.25 24.375 0.0
8.75 24.375 0.0
0.25 24.625 0.0
0.75 24.625 2381.827
1.25 24.625 2140.7219999999998
1.75 24.625 2221.041
2.25 24.625 650.649
2.75 24.625 0.0
3.25 24.625 483.069
3.75 24.625 344.019
4.25 24.625 269.0325
4.75 24.625 0.0
5.25 24.625 12.37797
5.75 24.625 0.00682725
6.25 24.625 0.0
6.75 24.625 0.0
7.25 24.625 0.0
7.75 24.625 0.0
8.25 24.625 0.0
8.75 24.625 0.0
0.25 24.875 1592.9089999999999
0.75 24.875 867.178
1.25 24.875 0.0
1.75 24.875 1298.611
2.25 24.875 1939.768
2.75 24.875 1225.421
3.25 24.875 361.88300000000004
3.75 24.875 0.0
4.25 24.875 108.474
4.75 24.875 0.0
5.25 24.875 9.23432
5.75 24.875 0.0172211
6.25 24.875 0.0
6.75 24.875 0.0
7.25 24.875 0.0
7.75 24.875 0.0
8.25 24.875 0.0
8.75 24.875 0.0
0.25 25.125 2314.3440000000005
0.75 25.125 2456.892
1.25 25.125 1301.731
1.75 25.125 2459.6070000000004
2.25 25.125 1127.327
2.75 25.125 293.29
3.25 25.125 193.786
3.75 25.125 0.0
4.25 25.125 112.4355
4.75 25.125 43.6271
5.25 25.125 7.11738
5.75 25.125 0.04251572
6.25 25.125 0.0
6.75 25.125 0.0
7.25 25.125 0.0
7.75 25.125 0.0
8.25 25.125 0.0
8.75 25.125 0.0
0.25 25.375 1620.672
0.75 25.375 833.589
1.25 25.375 0.0
1.75 25.375 1847.3790000000001
2.25 25.375 448.0110000000001
2.75 25.375 0.0
3.25 25.375 471.65900000000005
3.75 25.375 258.81
4.25 25.375 170.28400000000002
4.75 25.375 15.775699999999999
5.25 25.375 6.328600000000001
5.75 25.375 0.020585
6.25 25.375 0.0
6.75 25.375 0.0
7.25 25.375 0.0
7.75 25.375 0.0
8.25 25.375 0.0
8.75 25.375 0.0
0.25 25.625 693.672
0.75 25.625 770.9789999999999
1.25 25.625 821.674
1.75 25.625 535.8910000000001
2.25 25.625 679.3159999999999
2.75 25.625 665.8960000000001
3.25 25.625 240.45299999999997
3.75 25.625 184.472
4.25 25.625 145.0767
4.75 25.625 19.0235
5.25 25.625 5.42373
5.75 25.625 0.06394931
6.25 25.625 0.0
6.75 25.625 0.0
7.25 25.625 0.0
7.75 25.625 0.0
8.25 25.625 0.0
8.75 25.625 0.0
0.25 25.875 747.971
0.75 25.875 1375.7970000000003
1.25 25.875 1298.27
1.75 25.875 496.119
2.25 25.875 0.0
2.75 25.875 427.461
3.25 25.875 287.382
3.75 25.875 0.0
4.25 25.875 114.3164
4.75 25.875 40.06
5.25 25.875 0.0
5.75 25.875 0.020585
6.25 25.875 0.0
6.75 25.875 0.0
7.25 25.875 0.0
7.75 25.875 0.0
8.25 25.875 0.0
8.75 25.875 0.0
0.25 26.125 872.701
0.75 26.125 1299.421
1.25 26.125 1980.357
1.75 26.125 1206.9850000000001
2.25 26.125 448.0110000000001
2.75 26.125 1624.949
3.25 26.125 0.0
3.75 26.125 267.12899999999996
4.25 26.125 127.5602
4.75 26.125 0.0
5.25 26.125 2.44395
5.75 26.125 0.043620400000000004
6.25 26.125 0.0
6.75 26.125 0.0
7.25 26.125 0.0
7.75 26.125 0.0
8.25 26.125 0.0
8.75 26.125 0.0
0.25 26.375 0.0
0.75 26.375 0.0
1.25 26.375 0.0
1.75 26.375 0.0
2.25 26.375 0.0
2.75 26.375 0.0
3.25 26.375 0.0
3.75 26.375 159.54699999999997
4.25 26.375 0.0
4.75 26.375 0.0
5.25 26.375 0.0
5.75 26.375 0.0
6.25 26.375 0.0
6.75 26.375 0.0
7.25 26.375 0.0
7.75 26.375 0.0
8.25 26.375 0.0
8.75 26.375 0.0
0.25 26.625 0.0
0.75 26.625 1986.729
1.25 26.625 578.521
1.75 26.625 0.0
2.25 26.625 448.0110000000001
2.75 26.625 392.271
3.25 26.625 0.0
3.75 26.625 0.0
4.25 26.625 49.03829999999999
4.75 26.625 13.9406
5.25 26.625 0.0
5.75 26.625 0.0
6.25 26.625 0.0
6.75 26.625 0.0
7.25 26.625 0.0
7.75 26.625 0.0
8.25 26.625 0.0
8.75 26.625 0.0
0.25 26.875 777.029
0.75 26.875 741.7959999999999
1.25 26.875 700.9179999999999
1.75 26.875 627.4620000000001
2.25 26.875 0.0
2.75 26.875 0.0
3.25 26.875 230.157
3.75 26.875 0.0
4.25 26.875 0.0
4.75 26.875 32.5633
5.25 26.875 0.0
5.75 26.875 0.029244400000000004
6.25 26.875 0.0
6.75 26.875 0.0
7.25 26.875 0.0
7.75 26.875 0.0
8.25 26.875 0.0
8.75 26.875 0.0
0.25 27.125 693.672
0.75 27.125 661.869
1.25 27.125 0.0
1.75 27.125 0.0
2.25 27.125 430.48400000000004
2.75 27.125 293.29
3.25 27.125 0.0
3.75 27.125 0.0
4.25 27.125 0.0
4.75 27.125 13.9406
5.25 27.125 3.00885
5.75 27.125 0.0
6.25 27.125 0.0
6.75 27.125 0.0
7.25 27.125 0.0
7.75 27.125 0.0
8.25 27.125 0.0
8.75 27.125 0.0
0.25 27.375 0.0
0.75 27.375 1575.385
1.25 27.375 789.291
1.75 27.375 0.0
2.25 27.375 0.0
2.75 27.375 305.454
3.25 27.375 251.29
3.75 27.375 0.0
4.25 27.375 0.0
4.75 27.375 0.0
5.25 27.375 3.6185
5.75 27.375 0.0
6.25 27.375 0.0
6.75 27.375 0.0
7.25 27.375 0.0
7.75 27.375 0.0
8.25 27.375 0.0
8.75 27.375 0.0
0.25 27.625 0.0
0.75 27.625 0.0
1.25 27.625 0.0
1.75 27.625 0.0
2.25 27.625 0.0
2.75 27.625 0.0
3.25 27.625 395.99600000000004
3.75 27.625 0.0
4.25 27.625 0.0
4.75 27.625 17.8685
5.25 27.625 0.0
5.75 27.625 0.0
6.25 27.625 0.0
6.75 27.625 0.0
7.25 27.625 0.0
7.75 27.625 0.0
8.25 27.625 0.0
8.75 27.625 0.0
0.25 27.875 0.0
0.75 27.875 0.0
1.25 27.875 624.14
1.75 27.875 0.0
2.25 27.875 0.0
2.75 27.875 0.0
3.25 27.875 0.0
3.75 27.875 0.0
4.25 27.875 0.0
4.75 27.875 0.0
5.25 27.875 0.0
5.75 27.875 0.0
6.25 27.875 0.0
6.75 27.875 0.0
7.25 27.875 0.0
7.75 27.875 0.0
8.25 27.875 0.0
8.75 27.875 0.0
0.25 28.125 0.0
0.75 28.125 0.0
1.25 28.125 0.0
1.75 28.125 0.0
2.25 28.125 0.0
2.75 28.125 0.0
3.25 28.125 0.0
3.75 28.125 0.0
4.25 28.125 0.0
4.75 28.125 0.0
5.25 28.125 0.0
5.75 28.125 0.0
6.25 28.125 0.0
6.75 28.125 0.0
7.25 28.125 0.0
7.75 28.125 0.0
8.25 28.125 0.0
8.75 28.125 0.0
0.25 28.375 0.0
0.75 28.375 0.0
1.25 28.375 0.0
1.75 28.375 0.0
2.25 28.375 413.765
2.75 28.375 0.0
3.25 28.375 0.0
3.75 28.375 0.0
4.25 28.375 0.0
4.75 28.375 0.0
5.25 28.375 0.0
5.75 28.375 0.0
6.25 28.375 0.0
6.75 28.375 0.0
7.25 28.375 0.0
7.75 28.375 0.0
8.25 28.375 0.0
8.75 28.375 0.0
0.25 28.625 0.0
0.75 28.625 0.0
1.25 28.625 578.521
1.75 28.625 0.0
2.25 28.625 0.0
2.75 28.625 0.0
3.25 28.625 0.0
3.75 28.625 0.0
4.25 28.625 0.0
4.75 28.625 0.0
5.25 28.625 0.0
5.75 28.625 0.0
6.25 28.625 0.0
6.75 28.625 0.0
7.25 28.625 0.0
7.75 28.625 0.0
8.25 28.625 0.0
8.75 28.625 0.0
0.25 28.875 0.0
0.75 28.875 0.0
1.25 28.875 0.0
1.75 28.875 0.0
2.25 28.875 0.0
2.75 28.875 0.0
3.25 28.875 0.0
3.75 28.875 0.0
4.25 28.875 0.0
4.75 28.875 0.0
5.25 28.875 1.5708900000000001
5.75 28.875 0.0
6.25 28.875 0.0
6.75 28.875 0.0
7.25 28.875 0.0
7.75 28.875 0.0
8.25 28.875 0.0
8.75 28.875 0.0
0.25 29.125 0.0
0.75 29.125 0.0
1.25 29.125 0.0
1.75 29.125 0.0
2.25 29.125 0.0
2.75 29.125 0.0
3.25 29.125 0.0
3.75 29.125 0.0
4.25 29.125 0.0
4.75 29.125 0.0
5.25 29.125 0.0
5.75 29.125 0.0
6.25 29.125 0.0
6.75 29.125 0.0
7.25 29.125 0.0
7.75 29.125 0.0
8.25 29.125 0.0
8.75 29.125 0.0
0.25 29.375 0.0
0.75 29.375 0.0
1.25 29.375 0.0
1.75 29.375 0.0
2.25 29.375 0.0
2.75 29.375 0.0
3.25 29.375 0.0
3.75 29.375 0.0
4.25 29.375 0.0
4.75 29.375 0.0
5.25 29.375 0.0
5.75 29.375 0.0
6.25 29.375 0.0
6.75 29.375 0.0
7.25 29.375 0.0
7.75 29.375 0.0
8.25 29.375 0.0
8.75 29.375 0.0
0.25 29.625 0.0
0.75 29.625 0.0
1.25 29.625 0.0
1.75 29.625 0.0
2.25 29.625 0.0
2.75 29.625 0.0
3.25 29.625 0.0
3.75 29.625 0.0
4.25 29.625 0.0
4.75 29.625 0.0
5.25 29.625 0.0
5.75 29.625 0.0
6.25 29.625 0.0
6.75 29.625 0.0
7.25 29.625 0.0
7.75 29.625 0.0
8.25 29.625 0.0
8.75 29.625 0.0
0.25 29.875 0.0
0.75 29.875 0.0
1.25 29.875 0.0
1.75 29.875 0.0
2.25 29.875 0.0
2.75 29.875 0.0
3.25 29.875 0.0
3.75 29.875 0.0
4.25 29.875 0.0
4.75 29.875 0.0
5.25 29.875 0.0
5.75 29.875 0.0
6.25 29.875 0.0
6.75 29.875 0.0
7.25 29.875 0.0
7.75 29.875 0.0
8.25 29.875 0.0
8.75 29.875 0.0
