0.25 0.125 90909310.44000003
0.75 0.125 53445573.44999999
1.25 0.125 52930205.19999999
1.75 0.125 46019321.599999994
2.25 0.125 59064327.00000005
2.75 0.125 87227800.00000006
3.25 0.125 81553491.99999996
3.75 0.125 108294779.2
4.25 0.125 96970934.0
4.75 0.125 116609746.90090005
5.25 0.125 71434542.81416497
5.75 0.125 63221804.900000066
6.25 0.125 42482759.900000036
6.75 0.125 24496442.159000006
7.25 0.125 12297410.03299998
7.75 0.125 3500140.1900000046
8.25 0.125 112620.18000000005
8.75 0.125 0.0
0.25 0.375 171948771.851
0.75 0.375 118330087.85700001
1.25 0.375 60807341.199999996
1.75 0.375 96508981.19999999
2.25 0.375 113222927.99999999
2.75 0.375 144873573.38
3.25 0.375 160522763.9
3.75 0.375 209936698.98719993
4.25 0.375 201185299.8906001
4.75 0.375 205570922.21261004
5.25 0.375 182173193.6170999
5.75 0.375 141737931.75629997
6.25 0.375 89450918.69289999
6.75 0.375 64408475.05999996
7.25 0.375 27512199.13120005
7.75 0.375 8787860.883137004
8.25 0.375 190218.77899999995
8.75 0.375 3468.81
0.25 0.625 381580268.3099996
0.75 0.625 304927988.1580001
1.25 0.625 248432488.13
1.75 0.625 215916894.0
2.25 0.625 327244385.2500003
2.75 0.625 314184164.9300002
3.25 0.625 359336216.5900002
3.75 0.625 278126200.74
4.25 0.625 257356223.10000002
4.75 0.625 240865113.00000012
5.25 0.625 216485816.80000195
5.75 0.625 157254924.24674278
6.25 0.625 95417375.85
6.75 0.625 65391152.02324
7.25 0.625 28122954.96795557
7.75 0.625 6798168.216400004
8.25 0.625 184267.46248499982
8.75 0.625 1660.3100000000002
0.25 0.875 586599745.7299998
0.75 0.875 586287479.4000006
1.25 0.875 462233254.20000005
1.75 0.875 369306162.7000001
2.25 0.875 414141313.99000025
2.75 0.875 375654275.2000003
3.25 0.875 360746775.0480003
3.75 0.875 254220983.17700014
4.25 0.875 332321050.4982303
4.75 0.875 259185767.09800026
5.25 0.875 224553089.1000002
5.75 0.875 158081254.94732887
6.25 0.875 102680146.47999991
6.75 0.875 49733011.81412019
7.25 0.875 18680378.6565093
7.75 0.875 3333065.1591278804
8.25 0.875 300046.0911289999
8.75 0.875 721.5194
0.25 1.125 549883732.7399994
0.75 1.125 674315413.1000003
1.25 1.125 559885606.9799998
1.75 1.125 491815761.81999916
2.25 1.125 347821098.3999998
2.75 1.125 357761221.11999995
3.25 1.125 379556954.5000001
3.75 1.125 336765147.8620002
4.25 1.125 398190667.1120006
4.75 1.125 248050812.76401025
5.25 1.125 209871153.7324532
5.75 1.125 101462659.46041998
6.25 1.125 92536883.50073434
6.75 1.125 45722153.36833
7.25 1.125 17544832.88115998
7.75 1.125 5393893.349855927
8.25 1.125 555657.7357920007
8.75 1.125 178.22231799999986
0.25 1.375 435203820.4809996
0.75 1.375 535027569.1739996
1.25 1.375 492504370.69999963
1.75 1.375 500551389.6099991
2.25 1.375 367852653.5299996
2.75 1.375 377057860.51600003
3.25 1.375 372900031.42700046
3.75 1.375 230269197.17900005
4.25 1.375 228613239.2800002
4.75 1.375 195585377.5900001
5.25 1.375 154811555.57175532
5.75 1.375 97042861.00959986
6.25 1.375 68532623.43430005
6.75 1.375 29682212.76433089
7.25 1.375 12353486.210396934
7.75 1.375 1984226.6343280599
8.25 1.375 182609.12999999998
8.75 1.375 1.1531590000000003
0.25 1.625 435186609.3299999
0.75 1.625 508653027.0099998
1.25 1.625 443739593.8279994
1.75 1.625 410972800.98599964
2.25 1.625 316445664.69000006
2.75 1.625 358001198.18899995
3.25 1.625 359156287.8110006
3.75 1.625 281653870.94999975
4.25 1.625 217800839.8473001
4.75 1.625 134690657.64000002
5.25 1.625 92839872.07032204
5.75 1.625 84899192.17397994
6.25 1.625 45004264.22191298
6.75 1.625 30030217.101042196
7.25 1.625 10420888.630966052
7.75 1.625 2042297.2374672806
8.25 1.625 30430.36169999998
8.75 1.625 0.0
0.25 1.875 341133590.1499998
0.75 1.875 307476161.3700001
1.25 1.875 328910198.2609998
1.75 1.875 296134154.06999993
2.25 1.875 238948324.45000014
2.75 1.875 310462436.24000037
3.25 1.875 214753773.75
3.75 1.875 265764272.01000008
4.25 1.875 153343336.03200004
4.75 1.875 102149061.6044001
5.25 1.875 106823122.59225357
5.75 1.875 59033315.38820093
6.25 1.875 37931509.57312466
6.75 1.875 19006413.058007505
7.25 1.875 6047501.9839630015
7.75 1.875 718071.7113834604
8.25 1.875 5157.638433299478
8.75 1.875 0.0
0.25 2.125 297854645.09999996
0.75 2.125 237828286.9999999
1.25 2.125 259941666.23000017
1.75 2.125 241110230.43899998
2.25 2.125 194352156.20000038
2.75 2.125 193393894.9700002
3.25 2.125 198856885.3629998
3.75 2.125 157256676.85000005
4.25 2.125 140439300.47000015
4.75 2.125 117338936.50682001
5.25 2.125 69908716.16602735
5.75 2.125 49536902.56281
6.25 2.125 24293025.240196183
6.75 2.125 11588640.267879995
7.25 2.125 3708019.901281457
7.75 2.125 325006.10134642455
8.25 2.125 737.763006678845
8.75 2.125 0.0
0.25 2.375 222615660.0199999
0.75 2.375 164139991.09999993
1.25 2.375 182521095.9900002
1.75 2.375 183644208.1209999
2.25 2.375 202410172.2300004
2.75 2.375 146785595.69499987
3.25 2.375 126546634.05000001
3.75 2.375 93066651.0499999
4.25 2.375 101260756.68000016
4.75 2.375 66151850.427600026
5.25 2.375 42894425.30027101
5.75 2.375 30602022.515506
6.25 2.375 19224399.224468026
6.75 2.375 5132182.522919998
7.25 2.375 1996660.3338210173
7.75 2.375 76885.95365985403
8.25 2.375 40.87728977884501
8.75 2.375 0.0
0.25 2.625 132106267.20999992
0.75 2.625 161702471.4799998
1.25 2.625 140016073.433
1.75 2.625 144608797.14500004
2.25 2.625 114557705.20999998
2.75 2.625 137660626.46
3.25 2.625 107827549.52899997
3.75 2.625 103436115.56999987
4.25 2.625 64883456.89660001
4.75 2.625 52099382.394999996
5.25 2.625 37781740.91300001
5.75 2.625 17911280.27437599
6.25 2.625 8497635.629520414
6.75 2.625 5467872.8824543655
7.25 2.625 684798.4470212597
7.75 2.625 36847.268288380285
8.25 2.625 0.1910510989499999
8.75 2.625 0.0
0.25 2.875 152955606.09
0.75 2.875 146092586.15999994
1.25 2.875 109019586.72999999
1.75 2.875 115251788.24400009
2.25 2.875 130644535.95999981
2.75 2.875 120574546.46500011
3.25 2.875 73761031.34300001
3.75 2.875 63985767.74000002
4.25 2.875 68165660.94910008
4.75 2.875 50568989.631700024
5.25 2.875 30863716.44863999
5.75 2.875 13836998.597438017
6.25 2.875 7317283.247212753
6.75 2.875 3067078.0981328003
7.25 2.875 462387.67326767073
7.75 2.875 11999.370302480274
8.25 2.875 1.619055e-06
8.75 2.875 0.0
0.25 3.125 77980994.99799995
0.75 3.125 118441771.22
1.25 3.125 106079740.50000006
1.75 3.125 85740243.07799996
2.25 3.125 70279138.60799997
2.75 3.125 67465790.78999999
3.25 3.125 61415793.635000035
3.75 3.125 56332778.43599996
4.25 3.125 40574407.63979999
4.75 3.125 32034746.320399996
5.25 3.125 19344470.20715001
5.75 3.125 10844278.272230014
6.25 3.125 5924261.599712045
6.75 3.125 1853514.0528114706
7.25 3.125 272216.49688869127
7.75 3.125 3730.918831877371
8.25 3.125 0.0
8.75 3.125 0.0
0.25 3.375 91692098.83
0.75 3.375 58865566.74000004
1.25 3.375 59163985.559999965
1.75 3.375 71607801.16200003
2.25 3.375 76601250.25300004
2.75 3.375 62773467.76199999
3.25 3.375 40053923.10100001
3.75 3.375 37582970.893999964
4.25 3.375 32480563.738000028
4.75 3.375 25922777.632399976
5.25 3.375 14198280.464099985
5.75 3.375 8930462.791766006
6.25 3.375 4003930.9125022246
6.75 3.375 858196.019085999
7.25 3.375 174933.09505453275
7.75 3.375 670.61922593428
8.25 3.375 0.0
8.75 3.375 0.0
0.25 3.625 62986142.581000075
0.75 3.625 67736779.33200005
1.25 3.625 53792066.92999998
1.75 3.625 64939109.421000086
2.25 3.625 44911875.28799997
2.75 3.625 44850916.96500001
3.25 3.625 35790492.97999997
3.75 3.625 32293134.88000001
4.25 3.625 24237706.73999999
4.75 3.625 19769638.862400018
5.25 3.625 10483546.922049988
5.75 3.625 5606268.646016699
6.25 3.625 2698025.958078831
6.75 3.625 844577.9698853182
7.25 3.625 81302.07182299127
7.75 3.625 240.16211042846507
8.25 3.625 0.0
8.75 3.625 0.0
0.25 3.875 59248258.01500009
0.75 3.875 44744824.84000002
1.25 3.875 33813278.14
1.75 3.875 46964972.87199999
2.25 3.875 36338432.416
2.75 3.875 37080803.55700001
3.25 3.875 27921063.76999998
3.75 3.875 25346698.12199998
4.25 3.875 16784747.705999997
4.75 3.875 9051159.7909
5.25 3.875 8965043.062969998
5.75 3.875 4779292.110891104
6.25 3.875 1448146.7042495923
6.75 3.875 443305.93773972994
7.25 3.875 25047.14793263641
7.75 3.875 60.94459205837193
8.25 3.875 0.0
8.75 3.875 0.0
0.25 4.125 46198969.98
0.75 4.125 40549248.18000001
1.25 4.125 44544474.851000026
1.75 4.125 35823453.76900002
2.25 4.125 33250010.14999998
2.75 4.125 30798733.935000014
3.25 4.125 28455049.70499999
3.75 4.125 19358146.47000001
4.25 4.125 11768960.43100001
4.75 4.125 10908507.639400005
5.25 4.125 4577691.370600005
5.75 4.125 3811504.1994529995
6.25 4.125 1514816.249849231
6.75 4.125 383295.21737307
7.25 4.125 15663.957553089274
7.75 4.125 1.2897013474879993
8.25 4.125 0.0
8.75 4.125 0.0
0.25 4.375 33396924.47000001
0.75 4.375 36234168.69799998
1.25 4.375 32526032.375000007
1.75 4.375 26427896.650000013
2.25 4.375 31404315.958000008
2.75 4.375 21923083.311999988
3.25 4.375 18427121.814000014
3.75 4.375 14893941.899000013
4.25 4.375 9616807.121199999
4.75 4.375 8065515.929100002
5.25 4.375 4988262.581330001
5.75 4.375 2299736.469765001
6.25 4.375 917100.5292166204
6.75 4.375 247016.86763787124
7.25 4.375 9631.331487538113
7.75 4.375 0.6346389364649999
8.25 4.375 0.0
8.75 4.375 0.0
0.25 4.625 30659749.05800001
0.75 4.625 30097745.657
1.25 4.625 29664397.684000026
1.75 4.625 21727678.251000013
2.25 4.625 20596081.046000004
2.75 4.625 18680767.25299999
3.25 4.625 18972804.48500001
3.75 4.625 9858719.942000004
4.25 4.625 11960318.746799994
4.75 4.625 6641264.097699996
5.25 4.625 4911427.469240004
5.75 4.625 1931459.972070809
6.25 4.625 553640.208801564
6.75 4.625 93317.65561344009
7.25 4.625 5050.472259376155
7.75 4.625 0.04365855765100004
8.25 4.625 0.0
8.75 4.625 0.0
0.25 4.875 21379535.271999996
0.75 4.875 27884525.816999983
1.25 4.875 22433466.014000006
1.75 4.875 21688912.490000006
2.25 4.875 13839356.589000013
2.75 4.875 18048090.053999998
3.25 4.875 14231821.859999994
3.75 4.875 10199238.32100001
4.25 4.875 7193538.019000008
4.75 4.875 5196965.935699995
5.25 4.875 3414681.2193999975
5.75 4.875 1580616.1714843994
6.25 4.875 502674.50197499996
6.75 4.875 119704.15095191615
7.25 4.875 1981.2074861723893
7.75 4.875 0.0010685985580000004
8.25 4.875 0.0
8.75 4.875 0.0
0.25 5.125 19177779.830999993
0.75 5.125 19385633.249999996
1.25 5.125 18819458.79400001
1.75 5.125 17297774.383000005
2.25 5.125 15108535.269000003
2.75 5.125 12314067.300999997
3.25 5.125 10540529.438999996
3.75 5.125 7814553.959999995
4.25 5.125 6325545.541100004
4.75 5.125 3034099.5485000005
5.25 5.125 2995953.232969999
5.75 5.125 1025231.2547759998
6.25 5.125 453190.6332591422
6.75 5.125 53204.439073338624
7.25 5.125 1198.5508748118039
7.75 5.125 3.7227899999999997e-07
8.25 5.125 0.0
8.75 5.125 0.0
0.25 5.375 18926821.448000006
0.75 5.375 18430769.47999998
1.25 5.375 17138884.22
1.75 5.375 17259258.430000007
2.25 5.375 16055101.21200001
2.75 5.375 11484421.919999998
3.25 5.375 9927961.23799999
3.75 5.375 7786249.314999999
4.25 5.375 5496481.5330000045
4.75 5.375 3814667.003400002
5.25 5.375 1940350.5813000018
5.75 5.375 743218.7961743997
6.25 5.375 255053.95373345996
6.75 5.375 31682.656558668034
7.25 5.375 320.73311755336255
7.75 5.375 0.0
8.25 5.375 0.0
8.75 5.375 0.0
0.25 5.625 13738464.985000018
0.75 5.625 15576954.825999998
1.25 5.625 14859144.369000005
1.75 5.625 9483721.374999996
2.25 5.625 9449494.813000003
2.75 5.625 9072735.701000003
3.25 5.625 7335635.669000002
3.75 5.625 7451820.347999995
4.25 5.625 4360059.076000003
4.75 5.625 3033678.8174000005
5.25 5.625 1468842.9598400001
5.75 5.625 860651.3450609997
6.25 5.625 234872.34804114557
6.75 5.625 28602.230387114276
7.25 5.625 217.954349641455
7.75 5.625 0.0
8.25 5.625 0.0
8.75 5.625 0.0
0.25 5.875 11780231.180000003
0.75 5.875 10565692.296000006
1.25 5.875 11073443.642000012
1.75 5.875 9468785.427999998
2.25 5.875 9316225.695000004
2.75 5.875 7993687.531000001
3.25 5.875 6717285.048000003
3.75 5.875 4468591.893
4.25 5.875 3617420.846999995
4.75 5.875 2422845.299100001
5.25 5.875 1242288.1555499996
5.75 5.875 542660.4671359999
6.25 5.875 123218.5614765215
6.75 5.875 14970.043528650569
7.25 5.875 88.27506082761306
7.75 5.875 0.0
8.25 5.875 0.0
8.75 5.875 0.0
0.25 6.125 11793928.110000018
0.75 6.125 9647748.776000002
1.25 6.125 9421263.924000004
1.75 6.125 9448190.635999985
2.25 6.125 6695787.971999997
2.75 6.125 7038887.656000002
3.25 6.125 7546712.427000003
3.75 6.125 4235413.862
4.25 6.125 3092247.4329999997
4.75 6.125 1819080.7094000007
5.25 6.125 866334.8506000001
5.75 6.125 338979.8179595999
6.25 6.125 123499.48299685994
6.75 6.125 14515.714268040647
7.25 6.125 35.921718646077906
7.75 6.125 0.0
8.25 6.125 0.0
8.75 6.125 0.0
0.25 6.375 7426097.969999997
0.75 6.375 8933130.600000005
1.25 6.375 7535247.449999998
1.75 6.375 6298880.307999996
2.25 6.375 7145774.902999995
2.75 6.375 5731695.271999999
3.25 6.375 4895594.500000002
3.75 6.375 3600423.4730000026
4.25 6.375 2758603.0682999976
4.75 6.375 1576859.2974000012
5.25 6.375 854499.8053700001
5.75 6.375 268088.99747569975
6.25 6.375 69820.63404674246
6.75 6.375 7199.55380598629
7.25 6.375 13.766036369766615
7.75 6.375 0.0
8.25 6.375 0.0
8.75 6.375 0.0
0.25 6.625 7788649.010999997
0.75 6.625 7236067.088999999
1.25 6.625 7408805.487999998
1.75 6.625 6645532.865999999
2.25 6.625 6454037.117999997
2.75 6.625 5877452.829999999
3.25 6.625 4559541.554000001
3.75 6.625 3203255.9110000012
4.25 6.625 2178764.793
4.75 6.625 1540709.6146000007
5.25 6.625 582419.7980300002
5.75 6.625 306123.72128965
6.25 6.625 73420.85108235998
6.75 6.625 5048.923952037496
7.25 6.625 5.495963207821553
7.75 6.625 0.0
8.25 6.625 0.0
8.75 6.625 0.0
0.25 6.875 7414135.588999992
0.75 6.875 7054255.739000001
1.25 6.875 5017025.374000001
1.75 6.875 5896872.411000003
2.25 6.875 5933581.730999998
2.75 6.875 4963488.141999997
3.25 6.875 3306549.611
3.75 6.875 2787558.412000002
4.25 6.875 1622097.7231999992
4.75 6.875 1122294.3488000003
5.25 6.875 460498.82963999984
5.75 6.875 256750.11837619988
6.25 6.875 52236.540656076395
6.75 6.875 2464.4475101711378
7.25 6.875 0.45689094867217694
7.75 6.875 0.0
8.25 6.875 0.0
8.75 6.875 0.0
0.25 7.125 5521946.995
0.75 7.125 5056189.175999997
1.25 7.125 6211992.294000004
1.75 7.125 4856294.533999995
2.25 7.125 3209627.0439999998
2.75 7.125 4381083.204000001
3.25 7.125 2402090.941000001
3.75 7.125 2125366.977999999
4.25 7.125 1707641.2342000008
4.75 7.125 926641.8571000001
5.25 7.125 567265.9156800001
5.75 7.125 172148.97750199988
6.25 7.125 40839.92264138341
6.75 7.125 1548.1713803169996
7.25 7.125 0.7637296640912433
7.75 7.125 0.0
8.25 7.125 0.0
8.75 7.125 0.0
0.25 7.375 5470926.900000004
0.75 7.375 5185636.834000001
1.25 7.375 6498151.943000007
1.75 7.375 3979424.5959999985
2.25 7.375 3957776.849999999
2.75 7.375 3839655.284
3.25 7.375 2654738.0069999984
3.75 7.375 2318895.780000001
4.25 7.375 1554446.6229999994
4.75 7.375 856715.9518000002
5.25 7.375 425357.8086899998
5.75 7.375 159716.21548189985
6.25 7.375 28035.31985483049
6.75 7.375 1031.120480585563
7.25 7.375 0.06789229342586597
7.75 7.375 0.0
8.25 7.375 0.0
8.75 7.375 0.0
0.25 7.625 4987596.136999999
0.75 7.625 4457988.017999999
1.25 7.625 3882426.1819999963
1.75 7.625 3764504.371999999
2.25 7.625 3358752.3900000006
2.75 7.625 3512679.1350000007
3.25 7.625 1973900.2909999993
3.75 7.625 1620919.5570000007
4.25 7.625 954778.7130000002
4.75 7.625 597719.8065999997
5.25 7.625 260912.75489999994
5.75 7.625 106001.82298640008
6.25 7.625 27714.133934240654
6.75 7.625 798.541604297848
7.25 7.625 0.020009272895109998
7.75 7.625 0.0
8.25 7.625 0.0
8.75 7.625 0.0
0.25 7.875 4074495.220000001
0.75 7.875 5330556.636
1.25 7.875 4010807.9669999974
1.75 7.875 4266174.243999996
2.25 7.875 3503962.8400000003
2.75 7.875 2319554.502999999
3.25 7.875 1646249.5639999995
3.75 7.875 1277534.0600000005
4.25 7.875 1041787.1561
4.75 7.875 589988.7026
5.25 7.875 236657.98199000017
5.75 7.875 111158.32342985005
6.25 7.875 18051.166856298096
6.75 7.875 399.5072156572947
7.25 7.875 0.005727768825866005
7.75 7.875 0.0
8.25 7.875 0.0
8.75 7.875 0.0
0.25 8.125 3837121.1900000023
0.75 8.125 3807906.0499999984
1.25 8.125 3466340.140999999
1.75 8.125 2952008.8029999994
2.25 8.125 2923260.097000001
2.75 8.125 2420866.726999997
3.25 8.125 2015547.3089999997
3.75 8.125 1215385.563
4.25 8.125 692085.2357999996
4.75 8.125 474897.1209000004
5.25 8.125 268506.3998299999
5.75 8.125 81467.97191900003
6.25 8.125 15885.129042597406
6.75 8.125 356.72197971733686
7.25 8.125 0.0008596885666219999
7.75 8.125 0.0
8.25 8.125 0.0
8.75 8.125 0.0
0.25 8.375 3782616.808000001
0.75 8.375 3447431.3200000008
1.25 8.375 2855254.1700000004
1.75 8.375 2591216.312
2.25 8.375 2146684.7290000003
2.75 8.375 1897126.8549999997
3.25 8.375 1508819.3599999999
3.75 8.375 1183740.4280000005
4.25 8.375 792317.4797999997
4.75 8.375 416308.6751000002
5.25 8.375 206425.51980000018
5.75 8.375 73228.9889708001
6.25 8.375 10443.28291430087
6.75 8.375 137.69745656985862
7.25 8.375 1.723608622e-06
7.75 8.375 0.0
8.25 8.375 0.0
8.75 8.375 0.0
0.25 8.625 3168739.9530000016
0.75 8.625 4011342.5969999987
1.25 8.625 3188195.8899999983
1.75 8.625 2334891.0100000016
2.25 8.625 2284553.8620000016
2.75 8.625 1532173.3039999998
3.25 8.625 1305980.8839999996
3.75 8.625 990271.6340000003
4.25 8.625 556030.5799999997
4.75 8.625 393264.41680000024
5.25 8.625 160629.82457000008
5.75 8.625 51904.02534122
6.25 8.625 7179.375270892358
6.75 8.625 97.69492750715366
7.25 8.625 8.615579999999999e-07
7.75 8.625 0.0
8.25 8.625 0.0
8.75 8.625 0.0
0.25 8.875 2818541.1740000024
0.75 8.875 2476799.6000000015
1.25 8.875 2418876.277999998
1.75 8.875 2123827.7930000005
2.25 8.875 1733141.2349999994
2.75 8.875 1521192.2269999988
3.25 8.875 1410292.488
3.75 8.875 931580.1390000001
4.25 8.875 597094.9937999999
4.75 8.875 318758.8818000002
5.25 8.875 153131.96599000014
5.75 8.875 46552.3409672
6.25 8.875 4843.866629610213
6.75 8.875 71.15847377549632
7.25 8.875 2.4631099999999996e-10
7.75 8.875 0.0
8.25 8.875 0.0
8.75 8.875 0.0
0.25 9.125 2304580.202999998
0.75 9.125 2004303.0000000012
1.25 9.125 1770614.8700000008
1.75 9.125 1938410.5130000005
2.25 9.125 1626448.9489999993
2.75 9.125 1481613.4970000011
3.25 9.125 1152133.2849999997
3.75 9.125 580626.0580000001
4.25 9.125 590204.2933999995
4.75 9.125 359255.9529000001
5.25 9.125 91383.82118999996
5.75 9.125 39179.59880900002
6.25 9.125 4577.516835284034
6.75 9.125 30.44242848121116
7.25 9.125 0.0
7.75 9.125 0.0
8.25 9.125 0.0
8.75 9.125 0.0
0.25 9.375 2264128.8260000017
0.75 9.375 1723110.1590000005
1.25 9.375 1815835.0699999991
1.75 9.375 1904954.8649999995
2.25 9.375 1758735.535999999
2.75 9.375 1654322.254
3.25 9.375 1078826.9719999996
3.75 9.375 635888.7359999999
4.25 9.375 384026.10429999983
4.75 9.375 245524.8299
5.25 9.375 129106.76956
5.75 9.375 27480.549520350007
6.25 9.375 3576.4775406385265
6.75 9.375 29.72536518706928
7.25 9.375 0.0
7.75 9.375 0.0
8.25 9.375 0.0
8.75 9.375 0.0
0.25 9.625 1915644.2890000003
0.75 9.625 1918954.45
1.25 9.625 1474448.0659999999
1.75 9.625 1182609.773
2.25 9.625 1509608.9259999997
2.75 9.625 1186967.0119999994
3.25 9.625 773406.787
3.75 9.625 632522.0799999996
4.25 9.625 436423.7871999996
4.75 9.625 205979.7211
5.25 9.625 78552.44799
5.75 9.625 28031.94269119998
6.25 9.625 2481.261421605099
6.75 9.625 11.470720177722004
7.25 9.625 0.0
7.75 9.625 0.0
8.25 9.625 0.0
8.75 9.625 0.0
0.25 9.875 1687603.0800000005
0.75 9.875 1522789.6490000007
1.25 9.875 1458810.6859999995
1.75 9.875 1132450.5989999992
2.25 9.875 1241943.696
2.75 9.875 1039489.7879999998
3.25 9.875 565269.604
3.75 9.875 438608.4220000001
4.25 9.875 299692.8916999999
4.75 9.875 207355.53979999988
5.25 9.875 91877.36638999998
5.75 9.875 16213.177432800003
6.25 9.875 1684.7504185433997
6.75 9.875 9.836601117710638
7.25 9.875 0.0
7.75 9.875 0.0
8.25 9.875 0.0
8.75 9.875 0.0
0.25 10.125 1618031.732999999
0.75 10.125 1550447.2399999995
1.25 10.125 995638.8369999998
1.75 10.125 1437834.974
2.25 10.125 1211708.769000001
2.75 10.125 934201.9399999997
3.25 10.125 771136.4670000002
3.75 10.125 466992.13000000024
4.25 10.125 325346.94099999993
4.75 10.125 149781.1103000001
5.25 10.125 59792.30431
5.75 10.125 17295.91141808
6.25 10.125 1930.5831697368299
6.75 10.125 4.372476723375083
7.25 10.125 0.0
7.75 10.125 0.0
8.25 10.125 0.0
8.75 10.125 0.0
0.25 10.375 1419236.1110000005
0.75 10.375 1255553.9899999995
1.25 10.375 1122510.7519999992
1.75 10.375 933660.3239999994
2.25 10.375 939938.4749999996
2.75 10.375 699086.927
3.25 10.375 646118.6920000004
3.75 10.375 377752.95800000004
4.25 10.375 221073.4218000001
4.75 10.375 120070.68110000007
5.25 10.375 63302.323970000005
5.75 10.375 7971.768466520002
6.25 10.375 1075.7539500886705
6.75 10.375 3.0889605317281186
7.25 10.375 0.0
7.75 10.375 0.0
8.25 10.375 0.0
8.75 10.375 0.0
0.25 10.625 1259264.488
0.75 10.625 1470907.917999999
1.25 10.625 1211807.669000001
1.75 10.625 1173217.9069999997
2.25 10.625 891116.6709999997
2.75 10.625 601358.1939999998
3.25 10.625 421702.6290000002
3.75 10.625 353314.86299999995
4.25 10.625 253643.65420000014
4.75 10.625 145302.14339999997
5.25 10.625 67793.12447000004
5.75 10.625 12740.728688499998
6.25 10.625 754.5126394937162
6.75 10.625 2.8825885167069565
7.25 10.625 0.0
7.75 10.625 0.0
8.25 10.625 0.0
8.75 10.625 0.0
0.25 10.875 1019879.6619999999
0.75 10.875 1195659.4049999989
1.25 10.875 1042183.5769999995
1.75 10.875 964454.4629999998
2.25 10.875 872597.7339999994
2.75 10.875 563741.7939999999
3.25 10.875 564211.6649999999
3.75 10.875 314736.8480000001
4.25 10.875 234840.3456
4.75 10.875 75719.13029999998
5.25 10.875 42159.989639999985
5.75 10.875 14885.26908879999
6.25 10.875 766.2022347426703
6.75 10.875 0.7667651766427581
7.25 10.875 0.0
7.75 10.875 0.0
8.25 10.875 0.0
8.75 10.875 0.0
0.25 11.125 827877.4410000007
0.75 11.125 974979.1200000006
1.25 11.125 1236985.8530000001
1.75 11.125 856274.4829999994
2.25 11.125 727718.6369999995
2.75 11.125 561761.9769999998
3.25 11.125 436414.84999999957
3.75 11.125 315330.511
4.25 11.125 226890.64440000014
4.75 11.125 97172.8571
5.25 11.125 39726.829239999955
5.75 11.125 9911.534880900008
6.25 11.125 372.62658810289616
6.75 11.125 0.6628901809175957
7.25 11.125 0.0
7.75 11.125 0.0
8.25 11.125 0.0
8.75 11.125 0.0
0.25 11.375 983295.0050000001
0.75 11.375 684341.7800000001
1.25 11.375 784553.1649999993
1.75 11.375 752755.3079999997
2.25 11.375 440534.0120000001
2.75 11.375 560239.0019999993
3.25 11.375 362932.056
3.75 11.375 358003.7329999999
4.25 11.375 146227.27539999993
4.75 11.375 92526.06799999994
5.25 11.375 17831.23194999999
5.75 11.375 7271.715707019997
6.25 11.375 335.79566633685806
6.75 11.375 0.11366600203779392
7.25 11.375 0.0
7.75 11.375 0.0
8.25 11.375 0.0
8.75 11.375 0.0
0.25 11.625 876591.5850000002
0.75 11.625 1123031.724999999
1.25 11.625 776544.0209999998
1.75 11.625 807278.5279999995
2.25 11.625 727526.2389999998
2.75 11.625 565306.7869999992
3.25 11.625 453461.57999999984
3.75 11.625 258795.8199999999
4.25 11.625 134688.55399999997
4.75 11.625 87392.96859999998
5.25 11.625 25898.346520000003
5.75 11.625 4862.507326999999
6.25 11.625 200.90990727603
6.75 11.625 0.07841025470591637
7.25 11.625 0.0
7.75 11.625 0.0
8.25 11.625 0.0
8.75 11.625 0.0
0.25 11.875 629025.103
0.75 11.875 783895.2300000003
1.25 11.875 732362.5909999997
1.75 11.875 552078.634
2.25 11.875 454323.61600000004
2.75 11.875 288976.21700000024
3.25 11.875 315039.99599999975
3.75 11.875 235811.42799999993
4.25 11.875 124207.021
4.75 11.875 62793.627600000014
5.25 11.875 23446.741349999982
5.75 11.875 6124.05118278
6.25 11.875 259.60195441120464
6.75 11.875 0.010262654811920005
7.25 11.875 0.0
7.75 11.875 0.0
8.25 11.875 0.0
8.75 11.875 0.0
0.25 12.125 909156.3070000005
0.75 12.125 770462.5900000003
1.25 12.125 779000.9679999995
1.75 12.125 838732.0859999995
2.25 12.125 671809.7039999999
2.75 12.125 432206.6190000001
3.25 12.125 298663.91099999985
3.75 12.125 189932.15499999994
4.25 12.125 150542.58829999992
4.75 12.125 84181.4228
5.25 12.125 26510.02365999997
5.75 12.125 4058.287478599999
6.25 12.125 156.60552883340003
6.75 12.125 0.0240212705584364
7.25 12.125 0.0
7.75 12.125 0.0
8.25 12.125 0.0
8.75 12.125 0.0
0.25 12.375 613053.0339999998
0.75 12.375 617072.0810000008
1.25 12.375 555890.3059999995
1.75 12.375 446676.29000000027
2.25 12.375 501587.64499999996
2.75 12.375 379174.6070000002
3.25 12.375 218401.82899999997
3.75 12.375 160048.11200000002
4.25 12.375 112641.18639999998
4.75 12.375 49364.806999999986
5.25 12.375 17432.152579999998
5.75 12.375 3330.3367879200014
6.25 12.375 131.76996139492022
6.75 12.375 0.0082241126324364
7.25 12.375 0.0
7.75 12.375 0.0
8.25 12.375 0.0
8.75 12.375 0.0
0.25 12.625 644970.0089999998
0.75 12.625 621318.297
1.25 12.625 515985.05299999996
1.75 12.625 519830.82100000023
2.25 12.625 419586.914
2.75 12.625 301036.63200000033
3.25 12.625 253483.9539999999
3.75 12.625 178532.167
4.25 12.625 140881.7859999999
4.75 12.625 59924.97350000001
5.25 12.625 16343.779670000013
5.75 12.625 3941.90361876
6.25 12.625 122.91181847668005
6.75 12.625 0.0001644029905552
7.25 12.625 0.0
7.75 12.625 0.0
8.25 12.625 0.0
8.75 12.625 0.0
0.25 12.875 558154.8239999996
0.75 12.875 585260.9060000005
1.25 12.875 456238.609
1.75 12.875 486453.6200000001
2.25 12.875 510460.2359999999
2.75 12.875 330017.04200000037
3.25 12.875 269043.18399999995
3.75 12.875 150574.73099999997
4.25 12.875 90640.48390000008
4.75 12.875 42646.0479
5.25 12.875 19557.096569999994
5.75 12.875 2385.264065
6.25 12.875 86.65088304683995
6.75 12.875 0.0001867481324364
7.25 12.875 0.0
7.75 12.875 0.0
8.25 12.875 0.0
8.75 12.875 0.0
0.25 13.125 484350.13599999994
0.75 13.125 448463.13300000026
1.25 13.125 498443.7400000001
1.75 13.125 316650.3189999999
2.25 13.125 274158.68700000003
2.75 13.125 328542.38300000055
3.25 13.125 202229.06899999993
3.75 13.125 158348.17499999996
4.25 13.125 65430.786999999975
4.75 13.125 41109.83270000001
5.25 13.125 13902.49652000001
5.75 13.125 1817.4799135599999
6.25 13.125 47.905860785866665
6.75 13.125 4.0406273797599995e-05
7.25 13.125 0.0
7.75 13.125 0.0
8.25 13.125 0.0
8.75 13.125 0.0
0.25 13.375 505617.14599999954
0.75 13.375 424694.95300000015
1.25 13.375 439011.67200000014
1.75 13.375 369139.81999999983
2.25 13.375 364107.78199999966
2.75 13.375 288258.7440000004
3.25 13.375 215446.43799999985
3.75 13.375 109561.42499999997
4.25 13.375 71462.65380000001
4.75 13.375 33902.8376
5.25 13.375 11836.409250000002
5.75 13.375 1795.7951268200006
6.25 13.375 53.040155757908295
6.75 13.375 1.5740862376e-06
7.25 13.375 0.0
7.75 13.375 0.0
8.25 13.375 0.0
8.75 13.375 0.0
0.25 13.625 451323.2329999999
0.75 13.625 470667.62200000026
1.25 13.625 440545.87199999986
1.75 13.625 398488.9079999999
2.25 13.625 410576.2469999998
2.75 13.625 236184.60500000013
3.25 13.625 147639.85699999993
3.75 13.625 119053.86599999995
4.25 13.625 63211.0451
4.75 13.625 33596.92380000002
5.25 13.625 10027.85572
5.75 13.625 1481.53501787
6.25 13.625 29.919279523457018
6.75 13.625 1.2631760000000002e-10
7.25 13.625 0.0
7.75 13.625 0.0
8.25 13.625 0.0
8.75 13.625 0.0
0.25 13.875 311810.77900000016
0.75 13.875 430994.01800000004
1.25 13.875 416476.63199999975
1.75 13.875 301181.81900000025
2.25 13.875 241977.10300000018
2.75 13.875 217219.2240000002
3.25 13.875 186901.69899999994
3.75 13.875 126730.68500000001
4.25 13.875 65921.5757
4.75 13.875 32902.24030000002
5.25 13.875 9626.058930000003
5.75 13.875 1215.2507121099995
6.25 13.875 13.258711763842598
6.75 13.875 3.2343211880000005e-07
7.25 13.875 0.0
7.75 13.875 0.0
8.25 13.875 0.0
8.75 13.875 0.0
0.25 14.125 403226.90799999994
0.75 14.125 391335.1649999999
1.25 14.125 319581.945
1.75 14.125 335839.57599999994
2.25 14.125 276990.1840000002
2.75 14.125 230336.23600000012
3.25 14.125 157183.477
3.75 14.125 103461.04299999998
4.25 14.125 52620.602799999986
4.75 14.125 21958.608300000007
5.25 14.125 11261.422030000005
5.75 14.125 900.31188299
6.25 14.125 16.046620740716303
6.75 14.125 0.0
7.25 14.125 0.0
7.75 14.125 0.0
8.25 14.125 0.0
8.75 14.125 0.0
0.25 14.375 381263.7439999999
0.75 14.375 305532.70099999994
1.25 14.375 308655.60300000006
1.75 14.375 275427.7269999999
2.25 14.375 239355.75100000022
2.75 14.375 206270.977
3.25 14.375 169619.071
3.75 14.375 78325.313
4.25 14.375 47456.806999999986
4.75 14.375 20139.436700000006
5.25 14.375 7669.038209999997
5.75 14.375 779.5489095600003
6.25 14.375 15.104911458312888
6.75 14.375 0.0
7.25 14.375 0.0
7.75 14.375 0.0
8.25 14.375 0.0
8.75 14.375 0.0
0.25 14.625 369613.759
0.75 14.625 399078.6999999999
1.25 14.625 246510.86800000002
1.75 14.625 296184.1990000003
2.25 14.625 243906.51400000026
2.75 14.625 181488.00900000008
3.25 14.625 119858.14199999992
3.75 14.625 85500.84199999999
4.25 14.625 39472.684100000006
4.75 14.625 22446.260000000017
5.25 14.625 5196.654009999999
5.75 14.625 826.2266206400005
6.25 14.625 12.5552175867926
6.75 14.625 1.2631760000000002e-10
7.25 14.625 0.0
7.75 14.625 0.0
8.25 14.625 0.0
8.75 14.625 0.0
0.25 14.875 274595.9699999999
0.75 14.875 302146.8370000001
1.25 14.875 340534.1069999998
1.75 14.875 290313.14600000036
2.25 14.875 206009.53400000016
2.75 14.875 176271.8890000001
3.25 14.875 140463.166
3.75 14.875 72850.39199999998
4.25 14.875 36658.73030000001
4.75 14.875 14762.008399999992
5.25 14.875 6597.058689999997
5.75 14.875 627.0967494000001
6.25 14.875 6.571444404577297
6.75 14.875 0.0
7.25 14.875 0.0
7.75 14.875 0.0
8.25 14.875 0.0
8.75 14.875 0.0
0.25 15.125 293461.5680000001
0.75 15.125 294625.7400000002
1.25 15.125 240592.39900000003
1.75 15.125 202401.16099999993
2.25 15.125 214980.0530000001
2.75 15.125 156990.87700000007
3.25 15.125 105518.17
3.75 15.125 85280.67500000002
4.25 15.125 47983.68059999999
4.75 15.125 16930.1559
5.25 15.125 4693.889230000002
5.75 15.125 519.6651739
6.25 15.125 5.958485688655322
6.75 15.125 0.0
7.25 15.125 0.0
7.75 15.125 0.0
8.25 15.125 0.0
8.75 15.125 0.0
0.25 15.375 290088.4919999999
0.75 15.375 214707.908
1.25 15.375 231429.45899999992
1.75 15.375 181575.67099999997
2.25 15.375 175790.79900000006
2.75 15.375 120510.37299999996
3.25 15.375 95699.475
3.75 15.375 89509.13999999997
4.25 15.375 31794.503999999994
4.75 15.375 16132.61209999999
5.25 15.375 3420.0302300000008
5.75 15.375 479.02669972999996
6.25 15.375 4.98936985390891
6.75 15.375 0.0
7.25 15.375 0.0
7.75 15.375 0.0
8.25 15.375 0.0
8.75 15.375 0.0
0.25 15.625 184427.87999999995
0.75 15.625 207641.2180000001
1.25 15.625 240025.64599999983
1.75 15.625 215969.65100000007
2.25 15.625 150380.87100000004
2.75 15.625 125423.14600000001
3.25 15.625 69336.50099999997
3.75 15.625 68789.179
4.25 15.625 39760.4683
4.75 15.625 11649.742599999996
5.25 15.625 4883.2489399999995
5.75 15.625 522.7151968500001
6.25 15.625 2.3654801875952147
6.75 15.625 0.0
7.25 15.625 0.0
7.75 15.625 0.0
8.25 15.625 0.0
8.75 15.625 0.0
0.25 15.875 348052.03200000036
0.75 15.875 280941.9740000002
1.25 15.875 288442.9039999998
1.75 15.875 210878.2559999999
2.25 15.875 184438.25400000016
2.75 15.875 127178.55199999997
3.25 15.875 98115.88600000006
3.75 15.875 57362.61600000004
4.25 15.875 30706.239400000006
4.75 15.875 11876.882599999988
5.25 15.875 2517.8201599999984
5.75 15.875 384.92512218000024
6.25 15.875 2.634336001560938
6.75 15.875 0.0
7.25 15.875 0.0
7.75 15.875 0.0
8.25 15.875 0.0
8.75 15.875 0.0
0.25 16.125 166620.91499999992
0.75 16.125 178737.37099999996
1.25 16.125 182205.008
1.75 16.125 169731.43099999995
2.25 16.125 124248.42599999998
2.75 16.125 116629.061
3.25 16.125 73931.14999999998
3.75 16.125 48518.70200000002
4.25 16.125 22294.46989999999
4.75 16.125 11019.367499999991
5.25 16.125 3168.6199599999995
5.75 16.125 206.57380351999993
6.25 16.125 2.198578032228292
6.75 16.125 0.0
7.25 16.125 0.0
7.75 16.125 0.0
8.25 16.125 0.0
8.75 16.125 0.0
0.25 16.375 165106.52299999987
0.75 16.375 196388.27599999998
1.25 16.375 200775.5829999999
1.75 16.375 142526.81000000003
2.25 16.375 142554.0850000002
2.75 16.375 104761.08299999997
3.25 16.375 82276.52599999994
3.75 16.375 68850.41199999995
4.25 16.375 22350.759500000004
4.75 16.375 8892.861399999998
5.25 16.375 2712.9336300000004
5.75 16.375 219.22074646999988
6.25 16.375 1.164619506676314
6.75 16.375 0.0
7.25 16.375 0.0
7.75 16.375 0.0
8.25 16.375 0.0
8.75 16.375 0.0
0.25 16.625 224290.95999999985
0.75 16.625 142499.33499999996
1.25 16.625 165012.4719999999
1.75 16.625 119183.81300000002
2.25 16.625 114825.35500000003
2.75 16.625 84746.66899999994
3.25 16.625 71892.25000000003
3.75 16.625 40044.96300000001
4.25 16.625 23280.02280000001
4.75 16.625 8312.462899999999
5.25 16.625 2844.8131999999987
5.75 16.625 169.3801001999999
6.25 16.625 0.5659448087612172
6.75 16.625 0.0
7.25 16.625 0.0
7.75 16.625 0.0
8.25 16.625 0.0
8.75 16.625 0.0
0.25 16.875 178498.70499999993
0.75 16.875 195649.704
1.25 16.875 174383.78499999992
1.75 16.875 133436.10800000004
2.25 16.875 125516.62100000006
2.75 16.875 94703.59199999995
3.25 16.875 61082.21300000002
3.75 16.875 43265.88000000001
4.25 16.875 29072.167400000013
4.75 16.875 9022.621099999995
5.25 16.875 2597.8055
5.75 16.875 219.9485261499999
6.25 16.875 0.766269862646589
6.75 16.875 0.0
7.25 16.875 0.0
7.75 16.875 0.0
8.25 16.875 0.0
8.75 16.875 0.0
0.25 17.125 247422.0189999997
0.75 17.125 137327.87000000008
1.25 17.125 151812.01299999995
1.75 17.125 134581.28099999993
2.25 17.125 135484.1960000001
2.75 17.125 94774.43299999992
3.25 17.125 69509.87599999999
3.75 17.125 39827.33
4.25 17.125 22211.688999999995
4.75 17.125 8800.954000000002
5.25 17.125 2581.3460600000003
5.75 17.125 176.37105627999998
6.25 17.125 0.23372592230662803
6.75 17.125 0.0
7.25 17.125 0.0
7.75 17.125 0.0
8.25 17.125 0.0
8.75 17.125 0.0
0.25 17.375 114538.74600000001
0.75 17.375 157588.42500000002
1.25 17.375 144219.84299999994
1.75 17.375 97068.55700000007
2.25 17.375 108695.56100000007
2.75 17.375 70661.44599999998
3.25 17.375 54169.30399999999
3.75 17.375 32328.964000000007
4.25 17.375 20861.269500000002
4.75 17.375 6456.240399999999
5.25 17.375 1776.3429999999985
5.75 17.375 110.42658555000004
6.25 17.375 0.18877709727723663
6.75 17.375 0.0
7.25 17.375 0.0
7.75 17.375 0.0
8.25 17.375 0.0
8.75 17.375 0.0
0.25 17.625 147840.84700000007
0.75 17.625 129544.35200000006
1.25 17.625 123267.82800000005
1.75 17.625 140436.72
2.25 17.625 105174.888
2.75 17.625 64714.03199999998
3.25 17.625 45981.06
3.75 17.625 26765.667999999994
4.25 17.625 14688.82060000001
4.75 17.625 5519.2739
5.25 17.625 1855.3741599999994
5.75 17.625 116.54933536000004
6.25 17.625 0.2635446822306281
6.75 17.625 0.0
7.25 17.625 0.0
7.75 17.625 0.0
8.25 17.625 0.0
8.75 17.625 0.0
0.25 17.875 122446.41900000002
0.75 17.875 139479.55500000002
1.25 17.875 131605.3010000001
1.75 17.875 80605.02500000002
2.25 17.875 103897.38999999997
2.75 17.875 69679.30600000003
3.25 17.875 58468.01499999999
3.75 17.875 30094.634
4.25 17.875 19367.828399999995
4.75 17.875 6422.055
5.25 17.875 1762.144419999999
5.75 17.875 93.5315501600001
6.25 17.875 0.09988017260858918
6.75 17.875 0.0
7.25 17.875 0.0
7.75 17.875 0.0
8.25 17.875 0.0
8.75 17.875 0.0
0.25 18.125 127396.163
0.75 18.125 117854.81400000006
1.25 18.125 120201.84200000002
1.75 18.125 109718.74000000005
2.25 18.125 106241.15899999997
2.75 18.125 73295.69700000003
3.25 18.125 45167.72099999999
3.75 18.125 30747.371999999992
4.25 18.125 11329.697100000005
4.75 18.125 5340.978799999998
5.25 18.125 1453.1404299999983
5.75 18.125 91.22480215000006
6.25 18.125 0.04639604079719778
6.75 18.125 0.0
7.25 18.125 0.0
7.75 18.125 0.0
8.25 18.125 0.0
8.75 18.125 0.0
0.25 18.375 122079.62200000005
0.75 18.375 125600.90600000005
1.25 18.375 122116.52100000005
1.75 18.375 143665.22499999992
2.25 18.375 101837.88499999998
2.75 18.375 62815.672000000006
3.25 18.375 51413.041
3.75 18.375 25043.714999999997
4.25 18.375 15904.652599999996
4.75 18.375 6501.619199999998
5.25 18.375 1718.1440699999994
5.75 18.375 64.0394994
6.25 18.375 0.07171339620792253
6.75 18.375 0.0
7.25 18.375 0.0
7.75 18.375 0.0
8.25 18.375 0.0
8.75 18.375 0.0
0.25 18.625 105459.13100000001
0.75 18.625 91277.371
1.25 18.625 96005.71300000002
1.75 18.625 87610.84500000002
2.25 18.625 87688.82899999994
2.75 18.625 64778.109000000004
3.25 18.625 39830.69600000001
3.75 18.625 21334.005
4.25 18.625 11607.158200000002
4.75 18.625 5222.2625
5.25 18.625 849.2435800000004
5.75 18.625 66.36651494000007
6.25 18.625 0.026034726878589192
6.75 18.625 0.0
7.25 18.625 0.0
7.75 18.625 0.0
8.25 18.625 0.0
8.75 18.625 0.0
0.25 18.875 108433.32900000009
0.75 18.875 112759.03499999999
1.25 18.875 102065.13600000001
1.75 18.875 67955.23199999996
2.25 18.875 59231.93000000004
2.75 18.875 48657.78400000001
3.25 18.875 39964.481999999996
3.75 18.875 21579.90100000001
4.25 18.875 9163.856500000004
4.75 18.875 3578.5920999999994
5.25 18.875 1009.03096
5.75 18.875 33.8185451
6.25 18.875 0.01620983790856999
6.75 18.875 0.0
7.25 18.875 0.0
7.75 18.875 0.0
8.25 18.875 0.0
8.75 18.875 0.0
0.25 19.125 105627.95100000007
0.75 19.125 92125.34900000003
1.25 19.125 80478.90599999996
1.75 19.125 71082.94399999996
2.25 19.125 59793.622
2.75 19.125 47057.166000000005
3.25 19.125 36963.61699999999
3.75 19.125 19322.819000000003
4.25 19.125 11605.951300000012
4.75 19.125 3753.4037000000003
5.25 19.125 863.71781
5.75 19.125 27.227689760000004
6.25 19.125 0.0142257129422946
6.75 19.125 0.0
7.25 19.125 0.0
7.75 19.125 0.0
8.25 19.125 0.0
8.75 19.125 0.0
0.25 19.375 110569.68300000002
0.75 19.375 84576.92300000002
1.25 19.375 73050.21799999998
1.75 19.375 88854.64600000001
2.25 19.375 57825.80200000001
2.75 19.375 37277.205999999984
3.25 19.375 39237.57800000001
3.75 19.375 20034.304999999993
4.25 19.375 12465.020900000007
4.75 19.375 4207.986
5.25 19.375 914.4772300000003
5.75 19.375 51.30905311
6.25 19.375 0.0058797125658646
6.75 19.375 0.0
7.25 19.375 0.0
7.75 19.375 0.0
8.25 19.375 0.0
8.75 19.375 0.0
0.25 19.625 78795.77300000002
0.75 19.625 79646.56999999998
1.25 19.625 77405.38700000002
1.75 19.625 52788.78599999999
2.25 19.625 69268.287
2.75 19.625 43522.47099999999
3.25 19.625 28511.572000000007
3.75 19.625 14634.794000000004
4.25 19.625 8133.614700000003
4.75 19.625 3607.4797
5.25 19.625 671.3007399999998
5.75 19.625 24.728003680000008
6.25 19.625 0.0030528382735892008
6.75 19.625 0.0
7.25 19.625 0.0
7.75 19.625 0.0
8.25 19.625 0.0
8.75 19.625 0.0
0.25 19.875 93075.15300000003
0.75 19.875 83946.85199999997
1.25 19.875 83299.61899999995
1.75 19.875 71422.56799999998
2.25 19.875 52039.52200000003
2.75 19.875 51613.18799999998
3.25 19.875 32258.77200000001
3.75 19.875 22556.46199999999
4.25 19.875 8281.992700000003
4.75 19.875 3955.9431000000004
5.25 19.875 495.96288000000004
5.75 19.875 25.281074589999992
6.25 19.875 0.0043677161555312
6.75 19.875 0.0
7.25 19.875 0.0
7.75 19.875 0.0
8.25 19.875 0.0
8.75 19.875 0.0
0.25 20.125 100919.64800000003
0.75 20.125 76165.01899999999
1.25 20.125 88392.56699999998
1.75 20.125 75206.00999999995
2.25 20.125 60403.97600000005
2.75 20.125 42340.13799999998
3.25 20.125 37277.45499999997
3.75 20.125 17878.499999999993
4.25 20.125 9754.298000000004
4.75 20.125 3438.571600000001
5.25 20.125 496.9626299999999
5.75 20.125 24.050807349999992
6.25 20.125 0.0045673026639031986
6.75 20.125 0.0
7.25 20.125 0.0
7.75 20.125 0.0
8.25 20.125 0.0
8.75 20.125 0.0
0.25 20.375 75921.366
0.75 20.375 67539.61299999998
1.25 20.375 49381.29199999999
1.75 20.375 46713.721
2.25 20.375 41388.41
2.75 20.375 37374.38699999999
3.25 20.375 15975.537999999993
3.75 20.375 12802.604
4.25 20.375 5664.4294
4.75 20.375 2731.5627999999992
5.25 20.375 368.01598000000007
5.75 20.375 13.954909249999995
6.25 20.375 0.0021008780199031998
6.75 20.375 0.0
7.25 20.375 0.0
7.75 20.375 0.0
8.25 20.375 0.0
8.75 20.375 0.0
0.25 20.625 58952.30499999999
0.75 20.625 59214.02600000002
1.25 20.625 53865.313
1.75 20.625 50095.564999999995
2.25 20.625 44346.071
2.75 20.625 30499.582000000002
3.25 20.625 25873.363
3.75 20.625 9728.009999999998
4.25 20.625 5082.672999999999
4.75 20.625 1939.3298000000004
5.25 20.625 293.18302000000006
5.75 20.625 15.802692340000002
6.25 20.625 0.0009905399641784002
6.75 20.625 0.0
7.25 20.625 0.0
7.75 20.625 0.0
8.25 20.625 0.0
8.75 20.625 0.0
0.25 20.875 46503.78100000002
0.75 20.875 70394.38699999997
1.25 20.875 47377.27599999999
1.75 20.875 79889.94999999995
2.25 20.875 39234.39200000001
2.75 20.875 34060.81599999999
3.25 20.875 22885.875000000015
3.75 20.875 9667.748999999996
4.25 20.875 5888.251799999999
4.75 20.875 2520.542999999997
5.25 20.875 336.8043600000002
5.75 20.875 5.94110331
6.25 20.875 0.0004805601138258001
6.75 20.875 0.0
7.25 20.875 0.0
7.75 20.875 0.0
8.25 20.875 0.0
8.75 20.875 0.0
0.25 21.125 60079.937
0.75 21.125 58895.70100000001
1.25 21.125 52265.81800000001
1.75 21.125 38937.918000000005
2.25 21.125 38615.742000000006
2.75 21.125 33015.58800000001
3.25 21.125 21488.792000000016
3.75 21.125 12064.321000000004
4.25 21.125 4520.8421
4.75 21.125 2573.0126999999966
5.25 21.125 362.11373000000026
5.75 21.125 7.769727149999998
6.25 21.125 1.6134715492399996e-05
6.75 21.125 0.0
7.25 21.125 0.0
7.75 21.125 0.0
8.25 21.125 0.0
8.75 21.125 0.0
0.25 21.375 58468.164000000004
0.75 21.375 50382.37599999998
1.25 21.375 46714.889999999985
1.75 21.375 44421.562000000005
2.25 21.375 26874.349000000002
2.75 21.375 26039.271000000008
3.25 21.375 18946.901000000013
3.75 21.375 13163.334999999995
4.25 21.375 3610.987
4.75 21.375 2261.6164999999987
5.25 21.375 315.2094000000001
5.75 21.375 10.084758609999996
6.25 21.375 0.0001017307362172
6.75 21.375 0.0
7.25 21.375 0.0
7.75 21.375 0.0
8.25 21.375 0.0
8.75 21.375 0.0
0.25 21.625 36342.87200000001
0.75 21.625 40678.13000000002
1.25 21.625 54853.53599999998
1.75 21.625 30742.813000000006
2.25 21.625 45463.78499999998
2.75 21.625 27429.117
3.25 21.625 12890.102999999997
3.75 21.625 9959.517999999996
4.25 21.625 2775.4639
4.75 21.625 1457.4868000000006
5.25 21.625 240.40878
5.75 21.625 5.260398499999999
6.25 21.625 9.99141475892e-05
6.75 21.625 0.0
7.25 21.625 0.0
7.75 21.625 0.0
8.25 21.625 0.0
8.75 21.625 0.0
0.25 21.875 50671.102999999996
0.75 21.875 44336.12300000002
1.25 21.875 46253.67299999999
1.75 21.875 38872.155000000006
2.25 21.875 33320.09599999999
2.75 21.875 21292.274000000005
3.25 21.875 16681.661000000004
3.75 21.875 10325.135999999997
4.25 21.875 5184.832999999999
4.75 21.875 1415.0651000000005
5.25 21.875 211.97396000000003
5.75 21.875 7.627388190000001
6.25 21.875 1.7352340608599996e-05
6.75 21.875 0.0
7.25 21.875 0.0
7.75 21.875 0.0
8.25 21.875 0.0
8.75 21.875 0.0
0.25 22.125 44064.70100000001
0.75 22.125 45518.48099999999
1.25 22.125 36390.42000000001
1.75 22.125 35652.04299999998
2.25 22.125 28605.089999999993
2.75 22.125 27630.85199999999
3.25 22.125 11903.885
3.75 22.125 9070.615
4.25 22.125 4290.1666000000005
4.75 22.125 919.9749999999999
5.25 22.125 211.64232999999996
5.75 22.125 3.0859709200000016
6.25 22.125 2.1787341398e-06
6.75 22.125 0.0
7.25 22.125 0.0
7.75 22.125 0.0
8.25 22.125 0.0
8.75 22.125 0.0
0.25 22.375 42484.396000000015
0.75 22.375 45568.56
1.25 22.375 51187.95200000001
1.75 22.375 39566.299999999996
2.25 22.375 24067.534000000003
2.75 22.375 19063.247000000007
3.25 22.375 13900.657
3.75 22.375 6765.467000000002
4.25 22.375 3929.3018999999986
4.75 22.375 1486.1090000000015
5.25 22.375 234.90699999999998
5.75 22.375 3.947339380000003
6.25 22.375 1.9970850816e-06
6.75 22.375 0.0
7.25 22.375 0.0
7.75 22.375 0.0
8.25 22.375 0.0
8.75 22.375 0.0
0.25 22.625 33154.37900000001
0.75 22.625 40843.990000000034
1.25 22.625 27999.718
1.75 22.625 22377.724999999995
2.25 22.625 20268.619999999995
2.75 22.625 19398.237000000012
3.25 22.625 12957.189999999995
3.75 22.625 8162.332999999997
4.25 22.625 3126.41
4.75 22.625 1108.7377000000006
5.25 22.625 165.45521
5.75 22.625 3.103012110000003
6.25 22.625 1.8142792259999998e-07
6.75 22.625 0.0
7.25 22.625 0.0
7.75 22.625 0.0
8.25 22.625 0.0
8.75 22.625 0.0
0.25 22.875 40362.413000000015
0.75 22.875 32675.387000000013
1.25 22.875 29137.148999999998
1.75 22.875 30834.863000000005
2.25 22.875 22195.926999999992
2.75 22.875 20586.117000000006
3.25 22.875 10924.146999999999
3.75 22.875 7200.476000000002
4.25 22.875 3270.8500000000004
4.75 22.875 1335.1495000000007
5.25 22.875 112.65378
5.75 22.875 3.8452082900000013
6.25 22.875 1.2604646279999998e-06
6.75 22.875 0.0
7.25 22.875 0.0
7.75 22.875 0.0
8.25 22.875 0.0
8.75 22.875 0.0
0.25 23.125 35989.012
0.75 23.125 26957.59400000001
1.25 23.125 29969.703000000005
1.75 23.125 17630.146999999997
2.25 23.125 25474.231
2.75 23.125 16452.907
3.25 23.125 13582.75299999999
3.75 23.125 6027.688
4.25 23.125 3367.3043999999995
4.75 23.125 963.0572
5.25 23.125 127.33369999999998
5.75 23.125 2.7117533700000003
6.25 23.125 0.0
6.75 23.125 0.0
7.25 23.125 0.0
7.75 23.125 0.0
8.25 23.125 0.0
8.75 23.125 0.0
0.25 23.375 33552.33200000001
0.75 23.375 28076.626000000015
1.25 23.375 21226.088999999993
1.75 23.375 24573.104000000003
2.25 23.375 18692.095999999994
2.75 23.375 14521.94
3.25 23.375 10582.461999999998
3.75 23.375 6038.027999999996
4.25 23.375 2577.246800000001
4.75 23.375 652.2624999999999
5.25 23.375 157.50327999999996
5.75 23.375 3.559377870000002
6.25 23.375 6.302706085999999e-07
6.75 23.375 0.0
7.25 23.375 0.0
7.75 23.375 0.0
8.25 23.375 0.0
8.75 23.375 0.0
0.25 23.625 22281.294
0.75 23.625 33291.39100000001
1.25 23.625 26566.475999999995
1.75 23.625 21000.340000000004
2.25 23.625 12051.118999999995
2.75 23.625 14276.384000000002
3.25 23.625 6616.879
3.75 23.625 4727.317000000002
4.25 23.625 2353.6663999999996
4.75 23.625 864.1152
5.25 23.625 106.50761999999999
5.75 23.625 1.1350287000000001
6.25 23.625 3.82946e-11
6.75 23.625 0.0
7.25 23.625 0.0
7.75 23.625 0.0
8.25 23.625 0.0
8.75 23.625 0.0
0.25 23.875 14305.371999999998
0.75 23.875 23999.918
1.25 23.875 23589.668000000005
1.75 23.875 11693.162
2.25 23.875 20074.450999999994
2.75 23.875 13328.127999999999
3.25 23.875 8413.514
3.75 23.875 3937.426
4.25 23.875 1692.3713
4.75 23.875 697.1758000000001
5.25 23.875 83.93211000000001
5.75 23.875 1.4867853599999994
6.25 23.875 4.1260859999999995e-10
6.75 23.875 0.0
7.25 23.875 0.0
7.75 23.875 0.0
8.25 23.875 0.0
8.75 23.875 0.0
0.25 24.125 19685.455
0.75 24.125 20584.222999999994
1.25 24.125 26706.07499999999
1.75 24.125 14041.925999999994
2.25 24.125 13649.265
2.75 24.125 12491.346000000001
3.25 24.125 6271.483
3.75 24.125 2180.7819999999997
4.25 24.125 2085.6629000000007
4.75 24.125 637.0798000000001
5.25 24.125 66.9581
5.75 24.125 1.03401844
6.25 24.125 0.0
6.75 24.125 0.0
7.25 24.125 0.0
7.75 24.125 0.0
8.25 24.125 0.0
8.75 24.125 0.0
0.25 24.375 28264.024999999994
0.75 24.375 16310.856999999998
1.25 24.375 13508.362000000001
1.75 24.375 15536.978
2.25 24.375 10267.75
2.75 24.375 12195.832
3.25 24.375 1777.6210000000003
3.75 24.375 3935.583999999999
4.25 24.375 1726.4289
4.75 24.375 380.0812
5.25 24.375 118.19729999999997
5.75 24.375 0.5559205700000001
6.25 24.375 0.0
6.75 24.375 0.0
7.25 24.375 0.0
7.75 24.375 0.0
8.25 24.375 0.0
8.75 24.375 0.0
0.25 24.625 17926.853
0.75 24.625 20328.835
1.25 24.625 14744.326000000005
1.75 24.625 14193.268
2.25 24.625 13176.825999999997
2.75 24.625 6232.0419999999995
3.25 24.625 6327.209
3.75 24.625 3340.971999999999
4.25 24.625 1952.5264000000002
4.75 24.625 437.354
5.25 24.625 57.79403
5.75 24.625 1.00614544
6.25 24.625 0.0
6.75 24.625 0.0
7.25 24.625 0.0
7.75 24.625 0.0
8.25 24.625 0.0
8.75 24.625 0.0
0.25 24.875 19518.64
0.75 24.875 11844.04
1.25 24.875 10235.188
1.75 24.875 14439.591000000002
2.25 24.875 10543.382
2.75 24.875 10149.013999999996
3.25 24.875 3971.5850000000005
3.75 24.875 3060.7290000000007
4.25 24.875 1843.7099999999996
4.75 24.875 407.27200000000005
5.25 24.875 44.27085999999999
5.75 24.875 0.6094577600000002
6.25 24.875 0.0
6.75 24.875 0.0
7.25 24.875 0.0
7.75 24.875 0.0
8.25 24.875 0.0
8.75 24.875 0.0
0.25 25.125 19960.697
0.75 25.125 15102.886
1.25 25.125 13503.082
1.75 25.125 10777.45
2.25 25.125 11255.005000000001
2.75 25.125 4842.848
3.25 25.125 6328.856
3.75 25.125 2421.5069999999996
4.25 25.125 1082.3781000000001
4.75 25.125 312.91729999999995
5.25 25.125 66.42742000000003
5.75 25.125 0.35700059
6.25 25.125 0.0
6.75 25.125 0.0
7.25 25.125 0.0
7.75 25.125 0.0
8.25 25.125 0.0
8.75 25.125 0.0
0.25 25.375 14758.637
0.75 25.375 13564.333000000002
1.25 25.375 10206.485
1.75 25.375 10863.513
2.25 25.375 9219.401
2.75 25.375 4973.97
3.25 25.375 3618.339
3.75 25.375 2332.7019999999993
4.25 25.375 1006.8545999999999
4.75 25.375 283.0664
5.25 25.375 23.134900000000005
5.75 25.375 0.4526476
6.25 25.375 0.0
6.75 25.375 0.0
7.25 25.375 0.0
7.75 25.375 0.0
8.25 25.375 0.0
8.75 25.375 0.0
0.25 25.625 15060.527
0.75 25.625 8496.193000000001
1.25 25.625 8724.868000000002
1.75 25.625 12716.157
2.25 25.625 4472.119
2.75 25.625 6374.079999999999
3.25 25.625 4766.987999999999
3.75 25.625 2295.3019999999997
4.25 25.625 767.9149999999998
4.75 25.625 238.79250000000002
5.25 25.625 34.03315
5.75 25.625 0.16901540999999998
6.25 25.625 0.0
6.75 25.625 0.0
7.25 25.625 0.0
7.75 25.625 0.0
8.25 25.625 0.0
8.75 25.625 0.0
0.25 25.875 10816.231999999998
0.75 25.875 7378.022000000001
1.25 25.875 10979.757000000001
1.75 25.875 9058.184000000001
2.25 25.875 8139.519999999999
2.75 25.875 4023.011
3.25 25.875 4485.111999999999
3.75 25.875 2508.979999999999
4.25 25.875 1372.8691000000003
4.75 25.875 322.1708
5.25 25.875 42.89233
5.75 25.875 0.26312849
6.25 25.875 0.0
6.75 25.875 0.0
7.25 25.875 0.0
7.75 25.875 0.0
8.25 25.875 0.0
8.75 25.875 0.0
0.25 26.125 9471.971
0.75 26.125 4957.618
1.25 26.125 5339.551
1.75 26.125 8167.894
2.25 26.125 5704.268
2.75 26.125 6088.652999999999
3.25 26.125 3511.7510000000007
3.75 26.125 1019.7910000000002
4.25 26.125 1021.5333999999999
4.75 26.125 130.9112
5.25 26.125 49.18106
5.75 26.125 0.25986048
6.25 26.125 0.0
6.75 26.125 0.0
7.25 26.125 0.0
7.75 26.125 0.0
8.25 26.125 0.0
8.75 26.125 0.0
0.25 26.375 2942.567
0.75 26.375 2246.526
1.25 26.375 5266.085
1.75 26.375 2147.4240000000004
2.25 26.375 4122.0199999999995
2.75 26.375 4835.468
3.25 26.375 2702.4500000000003
3.75 26.375 1227.824
4.25 26.375 495.9423
4.75 26.375 193.66230000000002
5.25 26.375 19.730700000000002
5.75 26.375 0.053088989999999996
6.25 26.375 0.0
6.75 26.375 0.0
7.25 26.375 0.0
7.75 26.375 0.0
8.25 26.375 0.0
8.75 26.375 0.0
0.25 26.625 7987.362000000001
0.75 26.625 4901.14
1.25 26.625 5201.374
1.75 26.625 5826.168
2.25 26.625 3004.703
2.75 26.625 1862.6670000000001
3.25 26.625 1974.319
3.75 26.625 864.452
4.25 26.625 472.52989999999994
4.75 26.625 136.1716
5.25 26.625 11.523629999999997
5.75 26.625 0.11323128
6.25 26.625 0.0
6.75 26.625 0.0
7.25 26.625 0.0
7.75 26.625 0.0
8.25 26.625 0.0
8.75 26.625 0.0
0.25 26.875 3132.7460000000005
0.75 26.875 6428.209999999999
1.25 26.875 7281.932000000002
1.75 26.875 3892.800000000001
2.25 26.875 2734.65
2.75 26.875 3657.897000000001
3.25 26.875 1185.874
3.75 26.875 765.5160000000001
4.25 26.875 646.8095999999999
4.75 26.875 168.40019999999998
5.25 26.875 9.8288
5.75 26.875 0.03281176
6.25 26.875 0.0
6.75 26.875 0.0
7.25 26.875 0.0
7.75 26.875 0.0
8.25 26.875 0.0
8.75 26.875 0.0
0.25 27.125 4260.490000000001
0.75 27.125 4122.0419999999995
1.25 27.125 3176.278
1.75 27.125 3971.3860000000004
2.25 27.125 2188.282
2.75 27.125 2942.3540000000003
3.25 27.125 1908.952
3.75 27.125 719.717
4.25 27.125 435.67089999999996
4.75 27.125 0.0
5.25 27.125 6.4541900000000005
5.75 27.125 0.058764050000000005
6.25 27.125 0.0
6.75 27.125 0.0
7.25 27.125 0.0
7.75 27.125 0.0
8.25 27.125 0.0
8.75 27.125 0.0
0.25 27.375 777.029
0.75 27.375 4580.036
1.25 27.375 3584.6559999999995
1.75 27.375 2897.726
2.25 27.375 2089.5389999999998
2.75 27.375 2359.476
3.25 27.375 1424.9669999999999
3.75 27.375 675.025
4.25 27.375 167.42929999999998
4.75 27.375 29.7163
5.25 27.375 15.891769999999998
5.75 27.375 0.03281176
6.25 27.375 0.0
6.75 27.375 0.0
7.25 27.375 0.0
7.75 27.375 0.0
8.25 27.375 0.0
8.75 27.375 0.0
0.25 27.625 2861.602
0.75 27.625 2150.327
1.25 27.625 578.521
1.75 27.625 1664.8680000000004
2.25 27.625 2189.941
2.75 27.625 1901.7029999999997
3.25 27.625 1543.4489999999998
3.75 27.625 367.197
4.25 27.625 0.0
4.75 27.625 91.80630000000001
5.25 27.625 7.729860000000001
5.75 27.625 0.04071101
6.25 27.625 0.0
6.75 27.625 0.0
7.25 27.625 0.0
7.75 27.625 0.0
8.25 27.625 0.0
8.75 27.625 0.0
0.25 27.875 1646.766
0.75 27.875 637.552
1.25 27.875 2381.9949999999994
1.75 27.875 2559.225
2.25 27.875 795.6199999999999
2.75 27.875 0.0
3.25 27.875 800.8439999999999
3.75 27.875 109.9
4.25 27.875 212.0867
4.75 27.875 13.9406
5.25 27.875 7.035770000000001
5.75 27.875 0.00995502
6.25 27.875 0.0
6.75 27.875 0.0
7.25 27.875 0.0
7.75 27.875 0.0
8.25 27.875 0.0
8.75 27.875 0.0
0.25 28.125 668.301
0.75 28.125 0.0
1.25 28.125 2455.312
1.75 28.125 992.238
2.25 28.125 0.0
2.75 28.125 957.1779999999999
3.25 28.125 431.43100000000004
3.75 28.125 0.0
4.25 28.125 0.0
4.75 28.125 31.8091
5.25 28.125 1.43796
5.75 28.125 0.00682725
6.25 28.125 0.0
6.75 28.125 0.0
7.25 28.125 0.0
7.75 28.125 0.0
8.25 28.125 0.0
8.75 28.125 0.0
0.25 28.375 0.0
0.75 28.375 0.0
1.25 28.375 624.14
1.75 28.375 1051.4389999999999
2.25 28.375 0.0
2.75 28.375 0.0
3.25 28.375 413.272
3.75 28.375 246.498
4.25 28.375 0.0
4.75 28.375 0.0
5.25 28.375 3.1417800000000002
5.75 28.375 0.0
6.25 28.375 0.0
6.75 28.375 0.0
7.25 28.375 0.0
7.75 28.375 0.0
8.25 28.375 0.0
8.75 28.375 0.0
0.25 28.625 0.0
0.75 28.625 0.0
1.25 28.625 0.0
1.75 28.625 496.119
2.25 28.625 397.80999999999995
2.75 28.625 611.506
3.25 28.625 0.0
3.75 28.625 0.0
4.25 28.625 0.0
4.75 28.625 31.615800000000004
5.25 28.625 0.0
5.75 28.625 0.0
6.25 28.625 0.0
6.75 28.625 0.0
7.25 28.625 0.0
7.75 28.625 0.0
8.25 28.625 0.0
8.75 28.625 0.0
0.25 28.875 0.0
0.75 28.875 637.552
1.25 28.875 0.0
1.75 28.875 0.0
2.25 28.875 0.0
2.75 28.875 305.454
3.25 28.875 0.0
3.75 28.875 0.0
4.25 28.875 0.0
4.75 28.875 13.9406
5.25 28.875 1.5708900000000001
5.75 28.875 0.00682725
6.25 28.875 0.0
6.75 28.875 0.0
7.25 28.875 0.0
7.75 28.875 0.0
8.25 28.875 0.0
8.75 28.875 0.0
0.25 29.125 0.0
0.75 29.125 0.0
1.25 29.125 0.0
1.75 29.125 0.0
2.25 29.125 0.0
2.75 29.125 0.0
3.25 29.125 193.786
3.75 29.125 0.0
4.25 29.125 0.0
4.75 29.125 0.0
5.25 29.125 0.0
5.75 29.125 0.00682725
6.25 29.125 0.0
6.75 29.125 0.0
7.25 29.125 0.0
7.75 29.125 0.0
8.25 29.125 0.0
8.75 29.125 0.0
0.25 29.375 0.0
0.75 29.375 0.0
1.25 29.375 0.0
1.75 29.375 0.0
2.25 29.375 397.80999999999995
2.75 29.375 0.0
3.25 29.375 0.0
3.75 29.375 0.0
4.25 29.375 0.0
4.75 29.375 0.0
5.25 29.375 0.0
5.75 29.375 0.0
6.25 29.375 0.0
6.75 29.375 0.0
7.25 29.375 0.0
7.75 29.375 0.0
8.25 29.375 0.0
8.75 29.375 0.0
0.25 29.625 0.0
0.75 29.625 0.0
1.25 29.625 0.0
1.75 29.625 0.0
2.25 29.625 0.0
2.75 29.625 0.0
3.25 29.625 0.0
3.75 29.625 0.0
4.25 29.625 0.0
4.75 29.625 0.0
5.25 29.625 0.0
5.75 29.625 0.0
6.25 29.625 0.0
6.75 29.625 0.0
7.25 29.625 0.0
7.75 29.625 0.0
8.25 29.625 0.0
8.75 29.625 0.0
0.25 29.875 0.0
0.75 29.875 0.0
1.25 29.875 0.0
1.75 29.875 0.0
2.25 29.875 0.0
2.75 29.875 0.0
3.25 29.875 0.0
3.75 29.875 0.0
4.25 29.875 0.0
4.75 29.875 0.0
5.25 29.875 0.0
5.75 29.875 0.0
6.25 29.875 0.0
6.75 29.875 0.0
7.25 29.875 0.0
7.75 29.875 0.0
8.25 29.875 0.0
8.75 29.875 0.0
