0.25 0.125 3553074.6
0.75 0.125 8992748.6
1.25 0.125 6680724.000000001
1.75 0.125 9339316.2
2.25 0.125 8696692.0
2.75 0.125 14256984.000000002
3.25 0.125 7944255.0
3.75 0.125 12920869.0
4.25 0.125 11360624.999999998
4.75 0.125 6444126.000000001
5.25 0.125 6293225.000000001
5.75 0.125 6995635.0
6.25 0.125 3895324.2999999993
6.75 0.125 4185556.0
7.25 0.125 1328375.51
7.75 0.125 333935.61
8.25 0.125 8806.88
8.75 0.125 0.0
0.25 0.375 30498827.199999996
0.75 0.375 16645720.0
1.25 0.375 20267384.999999996
1.75 0.375 14947968.600000001
2.25 0.375 23315962.999999996
2.75 0.375 19592498.0
3.25 0.375 17190330.0
3.75 0.375 22017149.999999996
4.25 0.375 44544072.019999996
4.75 0.375 28771330.000000004
5.25 0.375 23129297.0
5.75 0.375 22753675.37224
6.25 0.375 9524230.0
6.75 0.375 7181325.6
7.25 0.375 3024220.9
7.75 0.375 2034679.4629999998
8.25 0.375 29262.600000000002
8.75 0.375 0.0
0.25 0.625 19898998.0
0.75 0.625 36210289.99999999
1.25 0.625 17089800.0
1.75 0.625 22022365.5
2.25 0.625 48142912.00000001
2.75 0.625 23559469.1
3.25 0.625 50148889.999999985
3.75 0.625 46789749.999999985
4.25 0.625 38713399.999999985
4.75 0.625 38245730.0
5.25 0.625 18301177.389
5.75 0.625 17799088.0
6.25 0.625 16302733.040000003
6.75 0.625 12356238.834700003
7.25 0.625 4682464.69
7.75 0.625 504585.6
8.25 0.625 7298.0691369999995
8.75 0.625 0.0
0.25 0.875 70167428.7
0.75 0.875 83226765.0
1.25 0.875 55642644.12199999
1.75 0.875 44157117.0
2.25 0.875 46969550.0
2.75 0.875 34226260.0
3.25 0.875 42613454.0
3.75 0.875 29777369.999999996
4.25 0.875 38724170.00000001
4.75 0.875 24383600.4
5.25 0.875 39084436.00000001
5.75 0.875 19890454.388400003
6.25 0.875 13054186.354165021
6.75 0.875 6004701.999999999
7.25 0.875 2514752.110000181
7.75 0.875 337850.99
8.25 0.875 317.14301100000006
8.75 0.875 0.0
0.25 1.125 68251924.00000001
0.75 1.125 93054888.03
1.25 1.125 68788699.99999999
1.75 1.125 63428529.0
2.25 1.125 42678212.9
2.75 1.125 50909002.0
3.25 1.125 63226919.0
3.75 1.125 44833345.199999996
4.25 1.125 19037848.23
4.75 1.125 35745719.99999999
5.25 1.125 12839255.96
5.75 1.125 22210818.0
6.25 1.125 8655212.999999998
6.75 1.125 6348895.942999998
7.25 1.125 3055575.1000000006
7.75 1.125 63331.97
8.25 1.125 36.00688500000002
8.75 1.125 35.1832
0.25 1.375 102937672.00000001
0.75 1.375 72595291.0
1.25 1.375 59793940.0
1.75 1.375 51905534.599999994
2.25 1.375 36549047.129
2.75 1.375 46917584.0
3.25 1.375 38293841.9
3.75 1.375 27553363.000000004
4.25 1.375 33572752.010000005
4.75 1.375 13528545.999999998
5.25 1.375 21552204.0
5.75 1.375 22124561.524280004
6.25 1.375 5312703.5101
6.75 1.375 3560069.0000000005
7.25 1.375 507882.81000012415
7.75 1.375 1046806.6060001798
8.25 1.375 0.0
8.75 1.375 0.0
0.25 1.625 32007883.7
0.75 1.625 64955131.99999998
1.25 1.625 53396003.00000001
1.75 1.625 55228608.00000001
2.25 1.625 68713196.0
2.75 1.625 68582196.11999999
3.25 1.625 33545669.999999993
3.75 1.625 27836449.799999997
4.25 1.625 17616777.167999998
4.75 1.625 23132252.000000004
5.25 1.625 10141212.082999999
5.75 1.625 8552329.069999998
6.25 1.625 4317371.5101
6.75 1.625 2422137.661
7.25 1.625 1811994.427363
7.75 1.625 298287.08442769997
8.25 1.625 2270.286
8.75 1.625 0.0
0.25 1.875 36681014.00000001
0.75 1.875 22763051.700000003
1.25 1.875 39185078.1
1.75 1.875 45437322.1
2.25 1.875 25358027.5
2.75 1.875 13666507.7
3.25 1.875 20137978.800000004
3.75 1.875 18216292.400000002
4.25 1.875 14769438.200000001
4.75 1.875 12096075.1
5.25 1.875 9087875.999999998
5.75 1.875 5676322.5
6.25 1.875 2619555.0
6.75 1.875 723150.051
7.25 1.875 858870.25588
7.75 1.875 132645.82122805974
8.25 1.875 50.382600000000004
8.75 1.875 0.0
0.25 2.125 27068785.000000004
0.75 2.125 55176661.99999999
1.25 2.125 43209227.84
1.75 2.125 34929250.1
2.25 2.125 19291080.0
2.75 2.125 25863873.773000002
3.25 2.125 16552954.775999997
3.75 2.125 18035406.799999997
4.25 2.125 26396959.000000007
4.75 2.125 6643337.65
5.25 2.125 8412833.36
5.75 2.125 8011105.090826602
6.25 2.125 1482112.515313
6.75 2.125 1278653.0999999999
7.25 2.125 333406.0000000001
7.75 2.125 20072.513199999998
8.25 2.125 76.3067
8.75 2.125 0.0
0.25 2.375 20411131.799999997
0.75 2.375 21322614.64
1.25 2.375 34539314.10000001
1.75 2.375 15149857.099999998
2.25 2.375 24332298.4
2.75 2.375 29909900.999999996
3.25 2.375 22228296.5
3.75 2.375 26828639.000000004
4.25 2.375 14387362.440000001
4.75 2.375 12325773.003000002
5.25 2.375 4755033.875353001
5.75 2.375 6346738.380000001
6.25 2.375 1956037.51
6.75 2.375 1122090.7999999998
7.25 2.375 115722.54109
7.75 2.375 27749.109399999994
8.25 2.375 1.4868278798949999
8.75 2.375 0.0
0.25 2.625 18958689.5
0.75 2.625 28701596.800000004
1.25 2.625 20648840.099999998
1.75 2.625 18478202.000000004
2.25 2.625 24165111.0
2.75 2.625 16688923.139999997
3.25 2.625 20788032.900000002
3.75 2.625 12632395.259999998
4.25 2.625 9411561.630000003
4.75 2.625 7796400.83
5.25 2.625 7567450.627009999
5.75 2.625 1433043.2820000001
6.25 2.625 1254252.6
6.75 2.625 972301.50427271
7.25 2.625 180163.31690000003
7.75 2.625 10752.441146124092
8.25 2.625 0.021227879894999996
8.75 2.625 0.0
0.25 2.875 17894622.55
0.75 2.875 15679387.499999998
1.25 2.875 10196082.899999997
1.75 2.875 22350812.080000002
2.25 2.875 13622617.509
2.75 2.875 8667896.999999998
3.25 2.875 7293762.882999999
3.75 2.875 10170099.220000004
4.25 2.875 6812607.620999998
4.75 2.875 6121068.200000002
5.25 2.875 4522275.578899998
5.75 2.875 1790996.0929999999
6.25 2.875 1057794.6686000002
6.75 2.875 479656.23649
7.25 2.875 89680.9409
7.75 2.875 2733.439493978092
8.25 2.875 1.7989499999999998e-07
8.75 2.875 0.0
0.25 3.125 17322190.349999998
0.75 3.125 13028259.0
1.25 3.125 5920350.1
1.75 3.125 9757113.019999998
2.25 3.125 10594775.810000002
2.75 3.125 10742341.753999999
3.25 3.125 6837085.999999999
3.75 3.125 5179308.346999999
4.25 3.125 2547458.1
4.75 3.125 2962031.7235
5.25 3.125 1042957.0569999999
5.75 3.125 1194028.2471
6.25 3.125 657940.9229
6.75 3.125 308428.8982
7.25 3.125 13921.288969799996
7.75 3.125 712.7011831000002
8.25 3.125 0.0
8.75 3.125 0.0
0.25 3.375 13930577.430000002
0.75 3.375 14819023.5
1.25 3.375 3193749.9999999995
1.75 3.375 11927782.209999999
2.25 3.375 9350149.396000002
2.75 3.375 7565030.789
3.25 3.375 6802953.700000001
3.75 3.375 3139726.2500000005
4.25 3.375 4900431.262999999
4.75 3.375 3560474.3999999994
5.25 3.375 2170642.2999999993
5.75 3.375 719025.7999999998
6.25 3.375 583803.40638
6.75 3.375 62857.37000000001
7.25 3.375 12755.849669800004
7.75 3.375 77.154203
8.25 3.375 0.0
8.75 3.375 0.0
0.25 3.625 11384037.700000001
0.75 3.625 6393324.600000001
1.25 3.625 7006988.460000001
1.75 3.625 5308152.999999999
2.25 3.625 4923571.91
2.75 3.625 10741754.699999996
3.25 3.625 5149761.609999999
3.75 3.625 4248732.169999999
4.25 3.625 4984621.767
4.75 3.625 1197229.3
5.25 3.625 1798429.5999999999
5.75 3.625 997339.4900999997
6.25 3.625 346369.66938000004
6.75 3.625 144172.84000000005
7.25 3.625 5779.91014
7.75 3.625 12.424612348186
8.25 3.625 0.0
8.75 3.625 0.0
0.25 3.875 5142001.099999998
0.75 3.875 7573189.3
1.25 3.875 9165580.299999999
1.75 3.875 5099295.6
2.25 3.875 4016414.3999999994
2.75 3.875 4914444.300000002
3.25 3.875 2877593.610000001
3.75 3.875 2750455.6000000006
4.25 3.875 1395635.5880000005
4.75 3.875 769419.2000000001
5.25 3.875 794010.5199999999
5.75 3.875 432591.0728
6.25 3.875 273337.535
6.75 3.875 78161.73580000002
7.25 3.875 1098.318566
7.75 3.875 9.520052424093
8.25 3.875 0.0
8.75 3.875 0.0
0.25 4.125 7047618.7700000005
0.75 4.125 4642776.152000001
1.25 4.125 5859372.4
1.75 4.125 3367516.499999999
2.25 4.125 4121170.2000000007
2.75 4.125 3572009.0719999997
3.25 4.125 4152926.0500000003
3.75 4.125 3339835.3000000007
4.25 4.125 853950.7999999999
4.75 4.125 2055762.0999999999
5.25 4.125 862741.368
5.75 4.125 266450.369241
6.25 4.125 123442.87102150002
6.75 4.125 38598.19649999999
7.25 4.125 861.8963182649999
7.75 4.125 1.7180971510929999
8.25 4.125 0.0
8.75 4.125 0.0
0.25 4.375 6572663.499999998
0.75 4.375 1507623.2000000004
1.25 4.375 3580583.7799999993
1.75 4.375 6781977.399999999
2.25 4.375 3553192.6999999997
2.75 4.375 1878538.5
3.25 4.375 2912251.33
3.75 4.375 3458165.427
4.25 4.375 2491271.5239999997
4.75 4.375 1026076.51
5.25 4.375 1427084.367
5.75 4.375 174718.48
6.25 4.375 194022.32800000033
6.75 4.375 19280.392699
7.25 4.375 771.5005732999999
7.75 4.375 0.0005341751860000001
8.25 4.375 0.0
8.75 4.375 0.0
0.25 4.625 4161714.01
0.75 4.625 2941147.297
1.25 4.625 2453295.0900000003
1.75 4.625 2583822.4099999997
2.25 4.625 3585924.2389999996
2.75 4.625 1124841.815
3.25 4.625 2629542.85
3.75 4.625 1581731.15
4.25 4.625 1570384.0499999998
4.75 4.625 1277387.2300000002
5.25 4.625 330866.6954
5.75 4.625 150206.752549
6.25 4.625 87328.206501
6.75 4.625 11878.257812999998
7.25 4.625 665.928695461558
7.75 4.625 0.0
8.25 4.625 0.0
8.75 4.625 0.0
0.25 4.875 2743720.5110000004
0.75 4.875 3050696.3899999997
1.25 4.875 6616042.700000001
1.75 4.875 2542303.64
2.25 4.875 1775092.7599999998
2.75 4.875 1691517.7599999998
3.25 4.875 1869278.4700000002
3.75 4.875 1368453.0799999998
4.25 4.875 1556097.6830000002
4.75 4.875 186865.15000000002
5.25 4.875 391519.32000000007
5.75 4.875 28758.884029400004
6.25 4.875 83675.761
6.75 4.875 13703.306363
7.25 4.875 3.5618998000000004
7.75 4.875 0.020494399278999997
8.25 4.875 0.0
8.75 4.875 0.0
0.25 5.125 2841008.6999999997
0.75 5.125 2163428.1599999997
1.25 5.125 1272918.94
1.75 5.125 1704747.83
2.25 5.125 2305434.02
2.75 5.125 2019121.5950000002
3.25 5.125 2460142.440000001
3.75 5.125 884879.16
4.25 5.125 1160354.839
4.75 5.125 593847.938
5.25 5.125 361466.6748
5.75 5.125 45655.522999999994
6.25 5.125 96942.17298
6.75 5.125 8457.70057
7.25 5.125 99.14935501999999
7.75 5.125 1.24093e-07
8.25 5.125 0.0
8.75 5.125 0.0
0.25 5.375 1891425.0999999996
0.75 5.375 1963213.9
1.25 5.375 2126312.3799999994
1.75 5.375 2384368.0799999996
2.25 5.375 1903482.7799999996
2.75 5.375 1420177.0570000003
3.25 5.375 1822463.4170000004
3.75 5.375 1168499.117
4.25 5.375 964890.7999999999
4.75 5.375 827659.6100000001
5.25 5.375 406727.56000000006
5.75 5.375 197245.06070000003
6.25 5.375 106681.13190000002
6.75 5.375 6236.693249999999
7.25 5.375 50.62254614311599
7.75 5.375 0.0
8.25 5.375 0.0
8.75 5.375 0.0
0.25 5.625 1833183.4899999998
0.75 5.625 2202900.738
1.25 5.625 1302521.2400000002
1.75 5.625 2290537.7
2.25 5.625 1600119.1999999997
2.75 5.625 1538476.5299999998
3.25 5.625 1690733.953
3.75 5.625 1212261.1199999999
4.25 5.625 552661.23
4.75 5.625 326730.16
5.25 5.625 217217.45950000003
5.75 5.625 103602.607203
6.25 5.625 20344.207399999996
6.75 5.625 7651.5269
7.25 5.625 36.21755549460001
7.75 5.625 0.0
8.25 5.625 0.0
8.75 5.625 0.0
0.25 5.875 1126146.9
0.75 5.875 1803220.6
1.25 5.875 660273.2
1.75 5.875 1622019.5099999998
2.25 5.875 1207140.3
2.75 5.875 771790.7299999999
3.25 5.875 358349.88
3.75 5.875 597619.6500000001
4.25 5.875 353129.88
4.75 5.875 294927.7755
5.25 5.875 168067.432
5.75 5.875 76159.29994100002
6.25 5.875 21450.896380000002
6.75 5.875 1607.88554
7.25 5.875 8.463743946557999
7.75 5.875 0.0
8.25 5.875 0.0
8.75 5.875 0.0
0.25 6.125 2043435.0999999999
0.75 6.125 1581154.71
1.25 6.125 539267.6000000001
1.75 6.125 1363012.7899999998
2.25 6.125 1743585.5000000002
2.75 6.125 1146992.62
3.25 6.125 792581.57
3.75 6.125 298347.0
4.25 6.125 528241.9650000002
4.75 6.125 178789.76149999996
5.25 6.125 98170.34349999999
5.75 6.125 46837.013
6.25 6.125 32511.88079700001
6.75 6.125 632.8521993091371
7.25 6.125 2.9930418000000003
7.75 6.125 0.0
8.25 6.125 0.0
8.75 6.125 0.0
0.25 6.375 1271736.0
0.75 6.375 549338.49
1.25 6.375 885528.6999999997
1.75 6.375 926172.4299999998
2.25 6.375 423682.599
2.75 6.375 645078.2899999998
3.25 6.375 556513.8689999998
3.75 6.375 395098.3499999999
4.25 6.375 618232.11
4.75 6.375 83837.984
5.25 6.375 176135.99701
5.75 6.375 43299.97544149999
6.25 6.375 26113.802001
6.75 6.375 1254.966380007147
7.25 6.375 0.09085105959999999
7.75 6.375 0.0
8.25 6.375 0.0
8.75 6.375 0.0
0.25 6.625 1018852.9599999998
0.75 6.625 1599547.06
1.25 6.625 904737.27
1.75 6.625 930884.58
2.25 6.625 581848.32
2.75 6.625 603553.583
3.25 6.625 614623.078
3.75 6.625 475393.98999999993
4.25 6.625 176117.59999999998
4.75 6.625 147353.35700000002
5.25 6.625 50601.57579999999
5.75 6.625 61082.1235238
6.25 6.625 11639.478237000001
6.75 6.625 802.6639357999999
7.25 6.625 0.6289825436086219
7.75 6.625 0.0
8.25 6.625 0.0
8.75 6.625 0.0
0.25 6.875 744908.9799999997
0.75 6.875 966489.1000000001
1.25 6.875 681804.2999999999
1.75 6.875 1136136.4199999997
2.25 6.875 1187789.9600000004
2.75 6.875 728464.9199999999
3.25 6.875 471667.72000000003
3.75 6.875 326552.2
4.25 6.875 80366.53020000001
4.75 6.875 109352.76000000001
5.25 6.875 63740.592499999984
5.75 6.875 40715.909999999996
6.25 6.875 5822.009148899999
6.75 6.875 421.78479900714757
7.25 6.875 0.0006491268043109999
7.75 6.875 0.0
8.25 6.875 0.0
8.75 6.875 0.0
0.25 7.125 1035803.8699999999
0.75 7.125 877028.1499999999
1.25 7.125 743990.2590000001
1.75 7.125 513765.44
2.25 7.125 685832.9630000001
2.75 7.125 519080.0
3.25 7.125 446789.4700000001
3.75 7.125 313836.709
4.25 7.125 212556.751
4.75 7.125 158126.08800000002
5.25 7.125 59391.31569
5.75 7.125 8487.974999999999
6.25 7.125 3375.4094544300006
6.75 7.125 117.32148
7.25 7.125 0.018720571404311
7.75 7.125 0.0
8.25 7.125 0.0
8.75 7.125 0.0
0.25 7.375 960493.331
0.75 7.375 427620.80999999994
1.25 7.375 628983.47
1.75 7.375 346708.34
2.25 7.375 363991.0
2.75 7.375 433950.29
3.25 7.375 366455.207
3.75 7.375 157637.37999999995
4.25 7.375 141235.17
4.75 7.375 93441.59099999999
5.25 7.375 24092.649260000006
5.75 7.375 35258.07389999999
6.25 7.375 6751.591024491999
6.75 7.375 151.521177053
7.25 7.375 0.004166743116000001
7.75 7.375 0.0
8.25 7.375 0.0
8.75 7.375 0.0
0.25 7.625 488150.31999999995
0.75 7.625 452351.79999999993
1.25 7.625 764462.0999999999
1.75 7.625 239964.22000000003
2.25 7.625 274903.68000000005
2.75 7.625 338737.282
3.25 7.625 267201.416
3.75 7.625 287374.90499999997
4.25 7.625 193105.173
4.75 7.625 40331.363699999994
5.25 7.625 60831.443799999994
5.75 7.625 18373.740499999996
6.25 7.625 1330.999756
6.75 7.625 35.822580382
7.25 7.625 0.0
7.75 7.625 0.0
8.25 7.625 0.0
8.75 7.625 0.0
0.25 7.875 296211.87
0.75 7.875 752451.5889999999
1.25 7.875 418703.9000000001
1.75 7.875 472989.3220000001
2.25 7.875 514569.87
2.75 7.875 108360.444
3.25 7.875 231321.48
3.75 7.875 214010.326
4.25 7.875 175208.5794
4.75 7.875 74412.79389999998
5.25 7.875 29082.4787
5.75 7.875 9202.18731
6.25 7.875 4722.715935999999
6.75 7.875 85.84166112099999
7.25 7.875 0.0007526842000000001
7.75 7.875 0.0
8.25 7.875 0.0
8.75 7.875 0.0
0.25 8.125 528695.3
0.75 8.125 348557.17000000004
1.25 8.125 164627.30000000002
1.75 8.125 531178.3
2.25 8.125 379525.96900000004
2.75 8.125 261806.80000000002
3.25 8.125 199406.22999999998
3.75 8.125 145002.88999999998
4.25 8.125 82213.92000000001
4.75 8.125 31615.278100000003
5.25 8.125 31672.290399999998
5.75 8.125 9955.257400000002
6.25 8.125 1911.7321170000002
6.75 8.125 19.677451289999997
7.25 8.125 0.0
7.75 8.125 0.0
8.25 8.125 0.0
8.75 8.125 0.0
0.25 8.375 522873.80000000005
0.75 8.375 391940.28
1.25 8.375 154372.05999999997
1.75 8.375 398647.74
2.25 8.375 333369.23000000004
2.75 8.375 330784.15
3.25 8.375 254149.341
3.75 8.375 135560.86000000002
4.25 8.375 42620.4488
4.75 8.375 42922.275000000016
5.25 8.375 30877.65044
5.75 8.375 3314.0726
6.25 8.375 1446.663178420641
6.75 8.375 17.459792758
7.25 8.375 0.0
7.75 8.375 0.0
8.25 8.375 0.0
8.75 8.375 0.0
0.25 8.625 228732.31999999995
0.75 8.625 296147.86000000004
1.25 8.625 224021.27
1.75 8.625 292400.14
2.25 8.625 271500.22000000003
2.75 8.625 152786.34
3.25 8.625 142268.83000000002
3.75 8.625 163871.46300000002
4.25 8.625 34192.454999999994
4.75 8.625 39910.86300000001
5.25 8.625 21046.719799999995
5.75 8.625 7343.8615230000005
6.25 8.625 709.669660599
6.75 8.625 7.945972908147999
7.25 8.625 2.4631099999999996e-10
7.75 8.625 0.0
8.25 8.625 0.0
8.75 8.625 0.0
0.25 8.875 364414.5
0.75 8.875 228508.18
1.25 8.875 523886.77999999997
1.75 8.875 535612.56
2.25 8.875 295319.3499999999
2.75 8.875 184019.61000000002
3.25 8.875 130441.99999999997
3.75 8.875 156880.60400000002
4.25 8.875 84632.92
4.75 8.875 36671.831400000025
5.25 8.875 16254.872300000005
5.75 8.875 4560.389755019999
6.25 8.875 1216.8385645628298
6.75 8.875 5.308789935210639
7.25 8.875 0.0
7.75 8.875 0.0
8.25 8.875 0.0
8.75 8.875 0.0
0.25 9.125 447406.6500000001
0.75 9.125 249559.45599999998
1.25 9.125 242653.6
1.75 9.125 259144.10000000003
2.25 9.125 251970.14999999994
2.75 9.125 107714.63999999998
3.25 9.125 227607.3899999999
3.75 9.125 98160.00000000001
4.25 9.125 100240.49
4.75 9.125 24482.893899999995
5.25 9.125 21879.791999999998
5.75 9.125 4365.00771
6.25 9.125 620.750310622
6.75 9.125 6.4942684999999996
7.25 9.125 0.0
7.75 9.125 0.0
8.25 9.125 0.0
8.75 9.125 0.0
0.25 9.375 234735.12999999998
0.75 9.375 287106.24
1.25 9.375 206256.09999999998
1.75 9.375 161715.292
2.25 9.375 157592.57
2.75 9.375 79199.974
3.25 9.375 169611.53299999997
3.75 9.375 75715.63999999998
4.25 9.375 55491.689
4.75 9.375 28010.02
5.25 9.375 16813.37142
5.75 9.375 2171.0533100000002
6.25 9.375 306.17114000000004
6.75 9.375 4.87907000206316
7.25 9.375 0.0
7.75 9.375 0.0
8.25 9.375 0.0
8.75 9.375 0.0
0.25 9.625 195571.50999999998
0.75 9.625 143536.12000000002
1.25 9.625 408981.3000000001
1.75 9.625 397340.22
2.25 9.625 85352.12000000001
2.75 9.625 180365.68099999998
3.25 9.625 110009.05500000001
3.75 9.625 94025.79999999999
4.25 9.625 30074.038999999997
4.75 9.625 28126.066000000003
5.25 9.625 14659.559200000002
5.75 9.625 2409.9211429999996
6.25 9.625 346.6685749
6.75 9.625 2.1324627850000004
7.25 9.625 0.0
7.75 9.625 0.0
8.25 9.625 0.0
8.75 9.625 0.0
0.25 9.875 187132.87
0.75 9.875 299957.44000000006
1.25 9.875 180873.62099999998
1.75 9.875 54973.93000000001
2.25 9.875 171335.68600000002
2.75 9.875 114213.953
3.25 9.875 107236.536
3.75 9.875 82232.07400000001
4.25 9.875 45668.70999999999
4.75 9.875 31064.805199999995
5.25 9.875 6376.251629999999
5.75 9.875 3299.708649999999
6.25 9.875 89.4013816315
6.75 9.875 0.24501023149999998
7.25 9.875 0.0
7.75 9.875 0.0
8.25 9.875 0.0
8.75 9.875 0.0
0.25 10.125 290256.88
0.75 10.125 114808.83000000002
1.25 10.125 126927.73999999998
1.75 10.125 146270.65
2.25 10.125 146026.85
2.75 10.125 148390.83
3.25 10.125 110703.5
3.75 10.125 26322.206000000002
4.25 10.125 35059.609300000004
4.75 10.125 18346.772000000004
5.25 10.125 12390.016800000001
5.75 10.125 3864.7309099999998
6.25 10.125 164.3590429
6.75 10.125 0.905642631210639
7.25 10.125 0.0
7.75 10.125 0.0
8.25 10.125 0.0
8.75 10.125 0.0
0.25 10.375 167586.66999999998
0.75 10.375 181917.74
1.25 10.375 109484.69900000002
1.75 10.375 151282.14200000002
2.25 10.375 73801.91
2.75 10.375 154977.431
3.25 10.375 83744.51899999999
3.75 10.375 28572.279
4.25 10.375 43787.85499999999
4.75 10.375 7928.6835
5.25 10.375 7056.5635
5.75 10.375 1869.4259999999997
6.25 10.375 129.24038090000002
6.75 10.375 0.377446084
7.25 10.375 0.0
7.75 10.375 0.0
8.25 10.375 0.0
8.75 10.375 0.0
0.25 10.625 311296.73999999993
0.75 10.625 227606.95
1.25 10.625 154190.997
1.75 10.625 113276.478
2.25 10.625 163265.13800000004
2.75 10.625 50677.922000000006
3.25 10.625 49912.31800000001
3.75 10.625 64935.08299999999
4.25 10.625 34407.05399999999
4.75 10.625 19618.7518
5.25 10.625 4237.786670000001
5.75 10.625 1802.6958299999997
6.25 10.625 206.22512444339998
6.75 10.625 0.3772138615000001
7.25 10.625 0.0
7.75 10.625 0.0
8.25 10.625 0.0
8.75 10.625 0.0
0.25 10.875 144215.45999999996
0.75 10.875 115398.01999999999
1.25 10.875 203752.36999999997
1.75 10.875 130978.78999999998
2.25 10.875 70987.41
2.75 10.875 101054.16900000001
3.25 10.875 65113.100000000006
3.75 10.875 23093.226000000002
4.25 10.875 26373.721999999998
4.75 10.875 22234.599499999997
5.25 10.875 11132.2545
5.75 10.875 2140.3942147999996
6.25 10.875 82.6470191736
6.75 10.875 0.08719036299999998
7.25 10.875 0.0
7.75 10.875 0.0
8.25 10.875 0.0
8.75 10.875 0.0
0.25 11.125 139310.45
0.75 11.125 133968.91999999998
1.25 11.125 157992.16
1.75 11.125 93668.13499999998
2.25 11.125 79497.35
2.75 11.125 83188.17
3.25 11.125 66747.95999999999
3.75 11.125 57043.87199999999
4.25 11.125 37617.31900000001
4.75 11.125 14179.720299999999
5.25 11.125 1497.4435
5.75 11.125 2322.3997130000002
6.25 11.125 34.426885407
6.75 11.125 0.01624642214748
7.25 11.125 0.0
7.75 11.125 0.0
8.25 11.125 0.0
8.75 11.125 0.0
0.25 11.375 104526.67
0.75 11.375 93247.69700000001
1.25 11.375 134587.61000000002
1.75 11.375 189329.19999999998
2.25 11.375 61939.19300000001
2.75 11.375 48822.971
3.25 11.375 38850.482
3.75 11.375 39874.19
4.25 11.375 29303.384
4.75 11.375 6317.631000000001
5.25 11.375 5490.064530000001
5.75 11.375 618.5723499999999
6.25 11.375 27.940150896858
6.75 11.375 0.04901005107399999
7.25 11.375 0.0
7.75 11.375 0.0
8.25 11.375 0.0
8.75 11.375 0.0
0.25 11.625 129624.291
0.75 11.625 117036.51700000002
1.25 11.625 98554.781
1.75 11.625 62161.17799999999
2.25 11.625 58017.543999999994
2.75 11.625 85544.27
3.25 11.625 35292.509
3.75 11.625 26355.083000000002
4.25 11.625 11524.298200000001
4.75 11.625 14961.658599999999
5.25 11.625 3318.4230000000002
5.75 11.625 646.3254099999998
6.25 11.625 23.980638658874327
6.75 11.625 0.00854542
7.25 11.625 0.0
7.75 11.625 0.0
8.25 11.625 0.0
8.75 11.625 0.0
0.25 11.875 81386.26999999999
0.75 11.875 78589.99
1.25 11.875 62890.38000000001
1.75 11.875 89515.218
2.25 11.875 27504.869000000002
2.75 11.875 53507.05
3.25 11.875 15683.834
3.75 11.875 12115.760999999997
4.25 11.875 17297.729000000003
4.75 11.875 6871.3123
5.25 11.875 1998.5747000000001
5.75 11.875 517.6925120000001
6.25 11.875 28.053772300000002
6.75 11.875 0.0018033837106388002
7.25 11.875 0.0
7.75 11.875 0.0
8.25 11.875 0.0
8.75 11.875 0.0
0.25 12.125 27256.870000000003
0.75 12.125 128312.38600000003
1.25 12.125 64788.57000000001
1.75 12.125 68328.54
2.25 12.125 42473.836
2.75 12.125 40015.409999999996
3.25 12.125 71801.31200000002
3.75 12.125 30298.424999999992
4.25 12.125 8883.881
4.75 12.125 11507.930999999999
5.25 12.125 3081.5550999999996
5.75 12.125 659.8145820000002
6.25 12.125 18.648354570000006
6.75 12.125 8.2958e-05
7.25 12.125 0.0
7.75 12.125 0.0
8.25 12.125 0.0
8.75 12.125 0.0
0.25 12.375 108372.65
0.75 12.375 99859.31600000002
1.25 12.375 82567.73999999999
1.75 12.375 73094.74
2.25 12.375 42917.049999999996
2.75 12.375 72261.83700000001
3.25 12.375 60534.745
3.75 12.375 42924.99800000001
4.25 12.375 20394.229000000003
4.75 12.375 3236.277
5.25 12.375 2572.1043
5.75 12.375 593.7113744999999
6.25 12.375 11.001417759999999
6.75 12.375 2.052286896e-05
7.25 12.375 0.0
7.75 12.375 0.0
8.25 12.375 0.0
8.75 12.375 0.0
0.25 12.625 87911.79000000001
0.75 12.625 150480.41
1.25 12.625 104228.92
1.75 12.625 51312.92399999999
2.25 12.625 57789.24400000003
2.75 12.625 36709.437
3.25 12.625 26732.503
3.75 12.625 24250.836999999996
4.25 12.625 18642.627
4.75 12.625 5146.560800000001
5.25 12.625 3162.9644999999996
5.75 12.625 553.304505
6.25 12.625 11.835679923999999
6.75 12.625 3.1628463880000003e-07
7.25 12.625 0.0
7.75 12.625 0.0
8.25 12.625 0.0
8.75 12.625 0.0
0.25 12.875 51330.781
0.75 12.875 79712.39000000001
1.25 12.875 50529.30099999999
1.75 12.875 50424.53999999999
2.25 12.875 53871.680000000015
2.75 12.875 76049.28000000001
3.25 12.875 13863.310000000001
3.75 12.875 18915.554999999997
4.25 12.875 20003.077
4.75 12.875 6283.481600000001
5.25 12.875 2626.0914
5.75 12.875 365.8020285
6.25 12.875 3.6284795698962946
6.75 12.875 8.29652106388e-05
7.25 12.875 0.0
7.75 12.875 0.0
8.25 12.875 0.0
8.75 12.875 0.0
0.25 13.125 47108.17799999999
0.75 13.125 53094.53
1.25 13.125 38406.350000000006
1.75 13.125 58003.423
2.25 13.125 12342.06
2.75 13.125 28857.358
3.25 13.125 17595.861
3.75 13.125 10456.13
4.25 13.125 6074.051
4.75 13.125 5650.1091
5.25 13.125 1173.5643899999998
5.75 13.125 305.15373700000004
6.25 13.125 3.1523602600000005
6.75 13.125 0.0
7.25 13.125 0.0
7.75 13.125 0.0
8.25 13.125 0.0
8.75 13.125 0.0
0.25 13.375 61873.649999999994
0.75 13.375 46844.25000000001
1.25 13.375 31612.0
1.75 13.375 40455.549999999996
2.25 13.375 37743.087
2.75 13.375 33204.343
3.25 13.375 32121.126
3.75 13.375 17839.814
4.25 13.375 10010.455
4.75 13.375 6183.515100000001
5.25 13.375 2347.5583000000006
5.75 13.375 390.92664999999994
6.25 13.375 3.3892628899999995
6.75 13.375 0.0
7.25 13.375 0.0
7.75 13.375 0.0
8.25 13.375 0.0
8.75 13.375 0.0
0.25 13.625 77553.38000000002
0.75 13.625 62282.46
1.25 13.625 52126.874
1.75 13.625 49186.40000000001
2.25 13.625 44445.79
2.75 13.625 39489.948
3.25 13.625 22194.780000000002
3.75 13.625 22868.603
4.25 13.625 9675.795999999998
4.75 13.625 4050.181199999999
5.25 13.625 951.2250200000001
5.75 13.625 181.96939249999997
6.25 13.625 8.580891922
6.75 13.625 0.0
7.25 13.625 0.0
7.75 13.625 0.0
8.25 13.625 0.0
8.75 13.625 0.0
0.25 13.875 40062.328
0.75 13.875 70350.62
1.25 13.875 15005.6
1.75 13.875 49091.70800000001
2.25 13.875 64499.41200000002
2.75 13.875 44565.973
3.25 13.875 20972.701000000005
3.75 13.875 15157.371
4.25 13.875 11802.779
4.75 13.875 2907.7395
5.25 13.875 2063.200510000001
5.75 13.875 83.24023356000001
6.25 13.875 7.000405919858
6.75 13.875 0.0
7.25 13.875 0.0
7.75 13.875 0.0
8.25 13.875 0.0
8.75 13.875 0.0
0.25 14.125 41438.61
0.75 14.125 58168.409000000014
1.25 14.125 68093.54299999999
1.75 14.125 25819.648
2.25 14.125 22827.093
2.75 14.125 50523.439000000006
3.25 14.125 33764.275
3.75 14.125 12291.537
4.25 14.125 6456.2942
4.75 14.125 4230.6897
5.25 14.125 1686.6729500000001
5.75 14.125 126.75059499999998
6.25 14.125 3.041815537
6.75 14.125 6.315880000000001e-11
7.25 14.125 0.0
7.75 14.125 0.0
8.25 14.125 0.0
8.75 14.125 0.0
0.25 14.375 27681.88
0.75 14.375 49740.71900000001
1.25 14.375 40171.803
1.75 14.375 50160.740000000005
2.25 14.375 47660.85600000001
2.75 14.375 24995.166999999998
3.25 14.375 24461.584
3.75 14.375 19753.131
4.25 14.375 9266.810599999999
4.75 14.375 1455.0521
5.25 14.375 655.5781900000001
5.75 14.375 260.43753139999995
6.25 14.375 0.4858815715
6.75 14.375 0.0
7.25 14.375 0.0
7.75 14.375 0.0
8.25 14.375 0.0
8.75 14.375 0.0
0.25 14.625 59273.560000000005
0.75 14.625 33599.756
1.25 14.625 45437.528000000006
1.75 14.625 10730.429999999998
2.25 14.625 20348.671
2.75 14.625 10436.255000000001
3.25 14.625 15836.711
3.75 14.625 18710.492
4.25 14.625 7272.2609999999995
4.75 14.625 4811.8467
5.25 14.625 1082.7799
5.75 14.625 110.66563502000002
6.25 14.625 1.7772925396300003
6.75 14.625 0.0
7.25 14.625 0.0
7.75 14.625 0.0
8.25 14.625 0.0
8.75 14.625 0.0
0.25 14.875 78587.62700000001
0.75 14.875 39673.08000000001
1.25 14.875 39040.0
1.75 14.875 28288.461
2.25 14.875 29684.2
2.75 14.875 10883.534
3.25 14.875 18928.835000000006
3.75 14.875 6915.947
4.25 14.875 4097.2119999999995
4.75 14.875 2764.5018000000005
5.25 14.875 1110.29189
5.75 14.875 74.014611
6.25 14.875 1.4733091799999996
6.75 14.875 0.0
7.25 14.875 0.0
7.75 14.875 0.0
8.25 14.875 0.0
8.75 14.875 0.0
0.25 15.125 51413.130000000005
0.75 15.125 48568.786
1.25 15.125 24535.960000000003
1.75 15.125 24417.706000000002
2.25 15.125 28949.497999999996
2.75 15.125 28072.77899999999
3.25 15.125 18149.599000000002
3.75 15.125 8268.138
4.25 15.125 8951.267000000002
4.75 15.125 2523.1768
5.25 15.125 820.4948700000001
5.75 15.125 84.1320045
6.25 15.125 0.29366324560000007
6.75 15.125 0.0
7.25 15.125 0.0
7.75 15.125 0.0
8.25 15.125 0.0
8.75 15.125 0.0
0.25 15.375 43694.628000000004
0.75 15.375 60585.53
1.25 15.375 33484.464
1.75 15.375 32650.283000000003
2.25 15.375 30509.468999999997
2.75 15.375 23513.779999999995
3.25 15.375 5898.031
3.75 15.375 12945.425999999998
4.25 15.375 2710.2281999999996
4.75 15.375 1001.9274
5.25 15.375 474.43428000000006
5.75 15.375 91.6944175
6.25 15.375 0.561142712141
6.75 15.375 0.0
7.25 15.375 0.0
7.75 15.375 0.0
8.25 15.375 0.0
8.75 15.375 0.0
0.25 15.625 28179.112
0.75 15.625 32917.02900000001
1.25 15.625 13975.654
1.75 15.625 24913.992
2.25 15.625 12747.438
2.75 15.625 16504.370000000003
3.25 15.625 7151.343
3.75 15.625 5258.665
4.25 15.625 4037.6557999999995
4.75 15.625 2296.1059
5.25 15.625 464.73025999999993
5.75 15.625 44.883874799999994
6.25 15.625 0.047134805458
6.75 15.625 0.0
7.25 15.625 0.0
7.75 15.625 0.0
8.25 15.625 0.0
8.75 15.625 0.0
0.25 15.875 40730.48000000001
0.75 15.875 40522.89500000001
1.25 15.875 28932.784
1.75 15.875 45971.352000000006
2.25 15.875 13290.521
2.75 15.875 25971.306
3.25 15.875 11690.979000000001
3.75 15.875 6150.765
4.25 15.875 5840.651000000002
4.75 15.875 2244.9579
5.25 15.875 351.80891
5.75 15.875 65.94230900000001
6.25 15.875 0.13980853
6.75 15.875 0.0
7.25 15.875 0.0
7.75 15.875 0.0
8.25 15.875 0.0
8.75 15.875 0.0
0.25 16.125 12761.955000000002
0.75 16.125 18565.576000000005
1.25 16.125 30338.824
1.75 16.125 11985.67
2.25 16.125 10594.837
2.75 16.125 5102.774
3.25 16.125 12352.119999999999
3.75 16.125 5452.652000000001
4.25 16.125 4905.053000000001
4.75 16.125 1167.864
5.25 16.125 206.71282
5.75 16.125 56.69106719999999
6.25 16.125 0.24383591011000003
6.75 16.125 0.0
7.25 16.125 0.0
7.75 16.125 0.0
8.25 16.125 0.0
8.75 16.125 0.0
0.25 16.375 39309.1
0.75 16.375 25080.812
1.25 16.375 23851.58
1.75 16.375 12530.720000000001
2.25 16.375 16752.303000000004
2.75 16.375 12490.273
3.25 16.375 10082.162000000002
3.75 16.375 6526.9130000000005
4.25 16.375 1499.1428
4.75 16.375 237.0091
5.25 16.375 314.37326
5.75 16.375 8.8872114
6.25 16.375 0.0010215
6.75 16.375 0.0
7.25 16.375 0.0
7.75 16.375 0.0
8.25 16.375 0.0
8.75 16.375 0.0
0.25 16.625 29878.688999999995
0.75 16.625 18854.03
1.25 16.625 27218.464
1.75 16.625 8238.315
2.25 16.625 31640.050000000003
2.75 16.625 10541.635
3.25 16.625 6854.963
3.75 16.625 2929.352
4.25 16.625 4320.940300000001
4.75 16.625 1731.0168000000003
5.25 16.625 747.7997499999999
5.75 16.625 30.94468246
6.25 16.625 0.027380874
6.75 16.625 0.0
7.25 16.625 0.0
7.75 16.625 0.0
8.25 16.625 0.0
8.75 16.625 0.0
0.25 16.875 14698.420000000002
0.75 16.875 27542.084
1.25 16.875 15007.202
1.75 16.875 3770.849
2.25 16.875 10138.533
2.75 16.875 18504.270000000004
3.25 16.875 10294.655999999999
3.75 16.875 10139.803
4.25 16.875 2778.405
4.75 16.875 1076.1959
5.25 16.875 298.42060999999995
5.75 16.875 29.709314650000003
6.25 16.875 0.0816833438682946
6.75 16.875 0.0
7.25 16.875 0.0
7.75 16.875 0.0
8.25 16.875 0.0
8.75 16.875 0.0
0.25 17.125 34592.25
0.75 17.125 24114.444
1.25 17.125 22184.342
1.75 17.125 8804.125999999998
2.25 17.125 10523.89
2.75 17.125 16177.173999999999
3.25 17.125 9870.289999999999
3.75 17.125 4805.635
4.25 17.125 3234.0499999999997
4.75 17.125 1682.2699
5.25 17.125 433.39259000000004
5.75 17.125 27.708652599999997
6.25 17.125 0.04290799
6.75 17.125 0.0
7.25 17.125 0.0
7.75 17.125 0.0
8.25 17.125 0.0
8.75 17.125 0.0
0.25 17.375 20806.014000000003
0.75 17.375 25381.346999999998
1.25 17.375 20393.287
1.75 17.375 26492.327000000005
2.25 17.375 9251.011
2.75 17.375 15471.940999999999
3.25 17.375 4104.015
3.75 17.375 4737.361
4.25 17.375 1843.5741999999998
4.75 17.375 871.5204000000001
5.25 17.375 180.237
5.75 17.375 3.052275
6.25 17.375 0.0029373593743139996
6.75 17.375 0.0
7.25 17.375 0.0
7.75 17.375 0.0
8.25 17.375 0.0
8.75 17.375 0.0
0.25 17.625 16477.421000000002
0.75 17.625 23623.905
1.25 17.625 19040.171000000002
1.75 17.625 16412.271000000004
2.25 17.625 17391.351000000002
2.75 17.625 10486.999000000002
3.25 17.625 4242.636
3.75 17.625 3376.112
4.25 17.625 2545.2748999999994
4.75 17.625 468.635
5.25 17.625 234.97911
5.75 17.625 1.1168064999999998
6.25 17.625 0.016186822641
6.75 17.625 0.0
7.25 17.625 0.0
7.75 17.625 0.0
8.25 17.625 0.0
8.75 17.625 0.0
0.25 17.875 20609.936
0.75 17.875 29352.966
1.25 17.875 18041.340000000004
1.75 17.875 12752.77
2.25 17.875 2727.7059999999997
2.75 17.875 10012.717000000002
3.25 17.875 7149.570000000001
3.75 17.875 5794.328999999999
4.25 17.875 3678.494
4.75 17.875 730.8683000000002
5.25 17.875 101.42495
5.75 17.875 9.78725455
6.25 17.875 0.0473800842792946
6.75 17.875 0.0
7.25 17.875 0.0
7.75 17.875 0.0
8.25 17.875 0.0
8.75 17.875 0.0
0.25 18.125 10484.379999999997
0.75 18.125 25976.234
1.25 18.125 6739.854
1.75 18.125 8594.178
2.25 18.125 11621.264
2.75 18.125 7435.301999999999
3.25 18.125 3820.4879999999994
3.75 18.125 5916.211000000001
4.25 18.125 2663.3
4.75 18.125 751.7720000000002
5.25 18.125 163.32
5.75 18.125 15.485938999999997
6.25 18.125 0.004204543301
6.75 18.125 0.0
7.25 18.125 0.0
7.75 18.125 0.0
8.25 18.125 0.0
8.75 18.125 0.0
0.25 18.375 17400.838000000003
0.75 18.375 9332.58
1.25 18.375 17645.398999999998
1.75 18.375 12196.31
2.25 18.375 3343.4600000000005
2.75 18.375 13054.939999999999
3.25 18.375 7424.107999999999
3.75 18.375 5265.1900000000005
4.25 18.375 2130.9764
4.75 18.375 578.0161999999999
5.25 18.375 133.06797
5.75 18.375 11.1872892
6.25 18.375 0.016627141581
6.75 18.375 0.0
7.25 18.375 0.0
7.75 18.375 0.0
8.25 18.375 0.0
8.75 18.375 0.0
0.25 18.625 8343.561
0.75 18.625 9614.292
1.25 18.625 16662.201
1.75 18.625 5309.523
2.25 18.625 12024.407000000001
2.75 18.625 5594.445999999999
3.25 18.625 6228.626
3.75 18.625 3016.7479999999996
4.25 18.625 965.6822000000001
4.75 18.625 518.4357000000001
5.25 18.625 65.28142
5.75 18.625 7.8894542099999985
6.25 18.625 0.004061090480999999
6.75 18.625 0.0
7.25 18.625 0.0
7.75 18.625 0.0
8.25 18.625 0.0
8.75 18.625 0.0
0.25 18.875 15215.788
0.75 18.875 11161.548000000003
1.25 18.875 15654.704000000002
1.75 18.875 20866.759
2.25 18.875 6243.888
2.75 18.875 9383.972
3.25 18.875 2807.943
3.75 18.875 4923.625999999998
4.25 18.875 1881.6840000000002
4.75 18.875 521.8983999999999
5.25 18.875 90.54310000000001
5.75 18.875 0.330322
6.25 18.875 0.000400372641
6.75 18.875 0.0
7.25 18.875 0.0
7.75 18.875 0.0
8.25 18.875 0.0
8.75 18.875 0.0
0.25 19.125 23549.2
0.75 19.125 3398.226
1.25 19.125 13204.682
1.75 19.125 6055.084
2.25 19.125 3757.1789999999996
2.75 19.125 6847.803000000001
3.25 19.125 5799.422999999999
3.75 19.125 1057.529
4.25 19.125 928.8719
4.75 19.125 302.3009
5.25 19.125 101.61893
5.75 19.125 7.288220000000001
6.25 19.125 2.4457362946e-06
6.75 19.125 0.0
7.25 19.125 0.0
7.75 19.125 0.0
8.25 19.125 0.0
8.75 19.125 0.0
0.25 19.375 9514.851
0.75 19.375 11298.612
1.25 19.375 9012.34
1.75 19.375 13966.563000000002
2.25 19.375 10113.976999999997
2.75 19.375 8927.799
3.25 19.375 3226.1299999999997
3.75 19.375 3424.7079999999996
4.25 19.375 716.54
4.75 19.375 128.7883
5.25 19.375 84.32145999999999
5.75 19.375 0.1865631
6.25 19.375 7.950985799999999e-05
6.75 19.375 0.0
7.25 19.375 0.0
7.75 19.375 0.0
8.25 19.375 0.0
8.75 19.375 0.0
0.25 19.625 17355.910999999996
0.75 19.625 12352.360000000002
1.25 19.625 1888.79
1.75 19.625 10544.543000000001
2.25 19.625 9468.796
2.75 19.625 6630.897999999999
3.25 19.625 6966.1539999999995
3.75 19.625 1772.2449999999997
4.25 19.625 2000.4597999999999
4.75 19.625 251.50820000000002
5.25 19.625 47.328759999999996
5.75 19.625 2.0291015
6.25 19.625 0.0020539732580000004
6.75 19.625 0.0
7.25 19.625 0.0
7.75 19.625 0.0
8.25 19.625 0.0
8.75 19.625 0.0
0.25 19.875 13248.243
0.75 19.875 5607.252
1.25 19.875 11827.248000000001
1.75 19.875 8466.702000000001
2.25 19.875 13337.39
2.75 19.875 4997.873
3.25 19.875 1061.8490000000002
3.75 19.875 3371.4809999999998
4.25 19.875 539.2846
4.75 19.875 734.6977
5.25 19.875 36.518240000000006
5.75 19.875 4.75080706
6.25 19.875 0.00030454604431399995
6.75 19.875 0.0
7.25 19.875 0.0
7.75 19.875 0.0
8.25 19.875 0.0
8.75 19.875 0.0
0.25 20.125 11121.151
0.75 20.125 11960.951999999997
1.25 20.125 9053.052000000001
1.75 20.125 11358.509000000002
2.25 20.125 13041.124
2.75 20.125 6667.0250000000015
3.25 20.125 4412.933
3.75 20.125 3209.922
4.25 20.125 852.9593
4.75 20.125 617.9937
5.25 20.125 52.018429999999995
5.75 20.125 6.061463000000001
6.25 20.125 0.0011652437300000002
6.75 20.125 0.0
7.25 20.125 0.0
7.75 20.125 0.0
8.25 20.125 0.0
8.75 20.125 0.0
0.25 20.375 4670.532
0.75 20.375 8956.35
1.25 20.375 9041.940000000002
1.75 20.375 12696.417000000001
2.25 20.375 4358.093000000001
2.75 20.375 4923.930000000001
3.25 20.375 3650.1960000000004
3.75 20.375 2048.651
4.25 20.375 1249.2519
4.75 20.375 216.33279999999996
5.25 20.375 74.94066000000001
5.75 20.375 2.9429141
6.25 20.375 1.8158399999999999e-06
6.75 20.375 0.0
7.25 20.375 0.0
7.75 20.375 0.0
8.25 20.375 0.0
8.75 20.375 0.0
0.25 20.625 8075.910000000001
0.75 20.625 4929.87
1.25 20.625 5532.289999999999
1.75 20.625 1364.0199999999998
2.25 20.625 8676.541
2.75 20.625 4772.219
3.25 20.625 2929.023
3.75 20.625 293.49
4.25 20.625 1392.6729999999998
4.75 20.625 303.45709999999997
5.25 20.625 9.28637
5.75 20.625 0.3237162
6.25 20.625 1.03434e-05
6.75 20.625 0.0
7.25 20.625 0.0
7.75 20.625 0.0
8.25 20.625 0.0
8.75 20.625 0.0
0.25 20.875 8758.714
0.75 20.875 10543.703
1.25 20.875 10805.253
1.75 20.875 8559.880999999998
2.25 20.875 5050.711
2.75 20.875 1816.6800000000003
3.25 20.875 1016.4459999999998
3.75 20.875 1033.952
4.25 20.875 424.69689999999997
4.75 20.875 170.10469999999998
5.25 20.875 33.58191
5.75 20.875 1.86504246
6.25 20.875 7.906109190319998e-05
6.75 20.875 0.0
7.25 20.875 0.0
7.75 20.875 0.0
8.25 20.875 0.0
8.75 20.875 0.0
0.25 21.125 8226.251
0.75 21.125 14312.868999999999
1.25 21.125 9976.806999999999
1.75 21.125 7678.516999999999
2.25 21.125 8609.331
2.75 21.125 5590.507
3.25 21.125 3865.7760000000003
3.75 21.125 1835.1119999999999
4.25 21.125 831.6738999999999
4.75 21.125 160.1218
5.25 21.125 41.9947
5.75 21.125 0.8343750000000001
6.25 21.125 0.0
6.75 21.125 0.0
7.25 21.125 0.0
7.75 21.125 0.0
8.25 21.125 0.0
8.75 21.125 0.0
0.25 21.375 9982.825
0.75 21.375 7997.167999999999
1.25 21.375 5166.372
1.75 21.375 7941.419999999999
2.25 21.375 4251.648
2.75 21.375 2833.719
3.25 21.375 1324.886
3.75 21.375 1756.1809999999998
4.25 21.375 447.5238
4.75 21.375 196.7294
5.25 21.375 56.069179999999996
5.75 21.375 0.33474006
6.25 21.375 1.8158782946e-06
6.75 21.375 0.0
7.25 21.375 0.0
7.75 21.375 0.0
8.25 21.375 0.0
8.75 21.375 0.0
0.25 21.625 6258.022
0.75 21.625 11119.319
1.25 21.625 4257.750999999999
1.75 21.625 10410.526
2.25 21.625 4974.692
2.75 21.625 3131.2419999999997
3.25 21.625 2983.784
3.75 21.625 1028.243
4.25 21.625 1733.0697999999998
4.75 21.625 191.99140000000006
5.25 21.625 9.46876
5.75 21.625 0.44430094
6.25 21.625 3.74314e-10
6.75 21.625 0.0
7.25 21.625 0.0
7.75 21.625 0.0
8.25 21.625 0.0
8.75 21.625 0.0
0.25 21.875 3377.0249999999996
0.75 21.875 4224.43
1.25 21.875 7796.773999999999
1.75 21.875 4413.058
2.25 21.875 3367.567
2.75 21.875 3326.3900000000003
3.25 21.875 940.635
3.75 21.875 167.4
4.25 21.875 907.6563999999998
4.75 21.875 251.86260000000004
5.25 21.875 42.39767
5.75 21.875 0.8114997999999999
6.25 21.875 1.8158399999999999e-06
6.75 21.875 0.0
7.25 21.875 0.0
7.75 21.875 0.0
8.25 21.875 0.0
8.75 21.875 0.0
0.25 22.125 4370.998
0.75 22.125 3494.6600000000003
1.25 22.125 8673.189
1.75 22.125 9714.899999999998
2.25 22.125 5355.298999999999
2.75 22.125 3888.645
3.25 22.125 1248.3970000000002
3.75 22.125 459.036
4.25 22.125 277.20210000000003
4.75 22.125 151.4578
5.25 22.125 14.589200000000002
5.75 22.125 0.8397011000000001
6.25 22.125 0.0
6.75 22.125 0.0
7.25 22.125 0.0
7.75 22.125 0.0
8.25 22.125 0.0
8.75 22.125 0.0
0.25 22.375 8777.65
0.75 22.375 2037.7999999999997
1.25 22.375 6664.665
1.75 22.375 2427.041
2.25 22.375 4658.153000000001
2.75 22.375 1530.201
3.25 22.375 2719.365
3.75 22.375 582.024
4.25 22.375 195.6258
4.75 22.375 241.2062
5.25 22.375 19.490689999999997
5.75 22.375 0.40475315
6.25 22.375 0.0
6.75 22.375 0.0
7.25 22.375 0.0
7.75 22.375 0.0
8.25 22.375 0.0
8.75 22.375 0.0
0.25 22.625 7487.268
0.75 22.625 3115.726
1.25 22.625 4044.9710000000005
1.75 22.625 3857.3269999999998
2.25 22.625 3803.527
2.75 22.625 2534.7200000000003
3.25 22.625 2301.9819999999995
3.75 22.625 810.1020000000001
4.25 22.625 752.4989
4.75 22.625 155.5627
5.25 22.625 23.45988
5.75 22.625 1.0685433999999996
6.25 22.625 0.0
6.75 22.625 0.0
7.25 22.625 0.0
7.75 22.625 0.0
8.25 22.625 0.0
8.75 22.625 0.0
0.25 22.875 5437.838000000001
0.75 22.875 3224.044
1.25 22.875 3291.618
1.75 22.875 3092.862
2.25 22.875 3566.8420000000006
2.75 22.875 2500.9530000000004
3.25 22.875 1990.978
3.75 22.875 538.154
4.25 22.875 359.2518
4.75 22.875 110.0298
5.25 22.875 19.61576
5.75 22.875 0.395786
6.25 22.875 0.0
6.75 22.875 0.0
7.25 22.875 0.0
7.75 22.875 0.0
8.25 22.875 0.0
8.75 22.875 0.0
0.25 23.125 13170.515
0.75 23.125 2322.447
1.25 23.125 5987.704000000001
1.75 23.125 2746.728
2.25 23.125 4114.264999999999
2.75 23.125 1535.36
3.25 23.125 1815.811
3.75 23.125 449.29599999999994
4.25 23.125 413.9071
4.75 23.125 181.95639999999997
5.25 23.125 17.38889
5.75 23.125 0.3599718499999999
6.25 23.125 0.0
6.75 23.125 0.0
7.25 23.125 0.0
7.75 23.125 0.0
8.25 23.125 0.0
8.75 23.125 0.0
0.25 23.375 2107.552
0.75 23.375 5733.906000000001
1.25 23.375 3679.2219999999998
1.75 23.375 4742.851000000001
2.25 23.375 2286.655
2.75 23.375 1383.969
3.25 23.375 0.0
3.75 23.375 1245.003
4.25 23.375 175.5758
4.75 23.375 90.39519999999999
5.25 23.375 27.55058
5.75 23.375 0.0673222
6.25 23.375 0.0
6.75 23.375 0.0
7.25 23.375 0.0
7.75 23.375 0.0
8.25 23.375 0.0
8.75 23.375 0.0
0.25 23.625 1257.9099999999999
0.75 23.625 2680.2839999999997
1.25 23.625 3956.9949999999994
1.75 23.625 1224.1119999999999
2.25 23.625 2405.06
2.75 23.625 960.49
3.25 23.625 379.36699999999996
3.75 23.625 885.917
4.25 23.625 426.15790000000004
4.75 23.625 179.9555
5.25 23.625 9.90536
5.75 23.625 0.07557575999999999
6.25 23.625 0.0
6.75 23.625 0.0
7.25 23.625 0.0
7.75 23.625 0.0
8.25 23.625 0.0
8.75 23.625 0.0
0.25 23.875 1973.365
0.75 23.875 3316.7410000000004
1.25 23.875 3055.07
1.75 23.875 2164.257
2.25 23.875 2218.76
2.75 23.875 1452.104
3.25 23.875 1326.146
3.75 23.875 1599.5059999999996
4.25 23.875 336.4375
4.75 23.875 117.03699999999999
5.25 23.875 13.50679
5.75 23.875 0.341976
6.25 23.875 0.0
6.75 23.875 0.0
7.25 23.875 0.0
7.75 23.875 0.0
8.25 23.875 0.0
8.75 23.875 0.0
0.25 24.125 2441.625
0.75 24.125 741.7959999999999
1.25 24.125 5256.712
1.75 24.125 3147.4390000000008
2.25 24.125 1572.659
2.75 24.125 636.4319999999999
3.25 24.125 1180.101
3.75 24.125 1487.9209999999996
4.25 24.125 588.302
4.75 24.125 135.2668
5.25 24.125 20.88332
5.75 24.125 0.1611436
6.25 24.125 0.0
6.75 24.125 0.0
7.25 24.125 0.0
7.75 24.125 0.0
8.25 24.125 0.0
8.75 24.125 0.0
0.25 24.375 3109.814
0.75 24.375 1719.958
1.25 24.375 674.13
1.75 24.375 557.198
2.25 24.375 903.7099999999999
2.75 24.375 1900.0780000000002
3.25 24.375 1385.9270000000001
3.75 24.375 582.143
4.25 24.375 123.26249999999999
4.75 24.375 127.0869
5.25 24.375 4.96701
5.75 24.375 0.0315971
6.25 24.375 0.0
6.75 24.375 0.0
7.25 24.375 0.0
7.75 24.375 0.0
8.25 24.375 0.0
8.75 24.375 0.0
0.25 24.625 2861.856
0.75 24.625 713.9280000000001
1.25 24.625 1437.8500000000001
1.75 24.625 1163.3530000000003
2.25 24.625 2690.025
2.75 24.625 723.8800000000001
3.25 24.625 535.176
3.75 24.625 397.324
4.25 24.625 274.1883
4.75 24.625 0.0
5.25 24.625 9.16581
5.75 24.625 0.23918165999999993
6.25 24.625 0.0
6.75 24.625 0.0
7.25 24.625 0.0
7.75 24.625 0.0
8.25 24.625 0.0
8.75 24.625 0.0
0.25 24.875 0.0
0.75 24.875 939.367
1.25 24.875 3528.5399999999995
1.75 24.875 2685.6620000000003
2.25 24.875 2763.255
2.75 24.875 375.96
3.25 24.875 728.9620000000001
3.75 24.875 374.39200000000005
4.25 24.875 0.0
4.75 24.875 0.0
5.25 24.875 13.229820000000002
5.75 24.875 0.0660896
6.25 24.875 0.0
6.75 24.875 0.0
7.25 24.875 0.0
7.75 24.875 0.0
8.25 24.875 0.0
8.75 24.875 0.0
0.25 25.125 1691.571
0.75 25.125 0.0
1.25 25.125 3140.612
1.75 25.125 738.3380000000001
2.25 25.125 1932.473
2.75 25.125 1077.9360000000001
3.25 25.125 675.9720000000001
3.75 25.125 304.224
4.25 25.125 229.5684
4.75 25.125 67.6497
5.25 25.125 1.8744500000000002
5.75 25.125 0.10013712000000001
6.25 25.125 0.0
6.75 25.125 0.0
7.25 25.125 0.0
7.75 25.125 0.0
8.25 25.125 0.0
8.75 25.125 0.0
0.25 25.375 0.0
0.75 25.375 661.869
1.25 25.375 1459.3419999999999
1.75 25.375 2545.368
2.25 25.375 1328.165
2.75 25.375 1201.705
3.25 25.375 0.0
3.75 25.375 0.0
4.25 25.375 227.6593
4.75 25.375 29.706699999999998
5.25 25.375 4.54452
5.75 25.375 0.0765408
6.25 25.375 0.0
6.75 25.375 0.0
7.25 25.375 0.0
7.75 25.375 0.0
8.25 25.375 0.0
8.75 25.375 0.0
0.25 25.625 1651.179
0.75 25.625 3061.3870000000006
1.25 25.625 1556.5810000000001
1.75 25.625 2846.1690000000003
2.25 25.625 827.53
2.75 25.625 409.42100000000005
3.25 25.625 395.99600000000004
3.75 25.625 737.258
4.25 25.625 0.0
4.75 25.625 35.519
5.25 25.625 0.0
5.75 25.625 0.07509825
6.25 25.625 0.0
6.75 25.625 0.0
7.25 25.625 0.0
7.75 25.625 0.0
8.25 25.625 0.0
8.75 25.625 0.0
0.25 25.875 2910.144
0.75 25.875 2125.2880000000005
1.25 25.875 1201.626
1.75 25.875 1680.7790000000002
2.25 25.875 953.911
2.75 25.875 0.0
3.25 25.875 0.0
3.75 25.875 0.0
4.25 25.875 112.4355
4.75 25.875 28.768800000000002
5.25 25.875 4.48778
5.75 25.875 0.0640059
6.25 25.875 0.0
6.75 25.875 0.0
7.25 25.875 0.0
7.75 25.875 0.0
8.25 25.875 0.0
8.75 25.875 0.0
0.25 26.125 747.971
0.75 26.125 661.869
1.25 26.125 1375.0479999999998
1.75 26.125 1306.402
2.25 26.125 0.0
2.75 26.125 769.8629999999999
3.25 26.125 414.15500000000003
3.75 26.125 270.484
4.25 26.125 49.03829999999999
4.75 26.125 13.9406
5.25 26.125 1.43796
5.75 26.125 0.0412514
6.25 26.125 0.0
6.75 26.125 0.0
7.25 26.125 0.0
7.75 26.125 0.0
8.25 26.125 0.0
8.75 26.125 0.0
0.25 26.375 1388.509
0.75 26.375 2856.9600000000005
1.25 26.375 578.521
1.75 26.375 1053.317
2.25 26.375 572.879
2.75 26.375 331.60900000000004
3.25 26.375 0.0
3.75 26.375 175.698
4.25 26.375 108.5936
4.75 26.375 17.8685
5.25 26.375 4.35485
5.75 26.375 0.0344422
6.25 26.375 0.0
6.75 26.375 0.0
7.25 26.375 0.0
7.75 26.375 0.0
8.25 26.375 0.0
8.75 26.375 0.0
0.25 26.625 0.0
0.75 26.625 2013.3490000000002
1.25 26.625 1825.7659999999998
1.75 26.625 0.0
2.25 26.625 527.139
2.75 26.625 0.0
3.25 26.625 464.91
3.75 26.625 0.0
4.25 26.625 0.0
4.75 26.625 13.9406
5.25 26.625 0.0
5.75 26.625 0.008253560000000002
6.25 26.625 0.0
6.75 26.625 0.0
7.25 26.625 0.0
7.75 26.625 0.0
8.25 26.625 0.0
8.75 26.625 0.0
0.25 26.875 0.0
0.75 26.875 0.0
1.25 26.875 0.0
1.75 26.875 0.0
2.25 26.875 413.765
2.75 26.875 0.0
3.25 26.875 923.1739999999999
3.75 26.875 0.0
4.25 26.875 123.58520000000001
4.75 26.875 19.0235
5.25 26.875 2.04761
5.75 26.875 0.01820858
6.25 26.875 0.0
6.75 26.875 0.0
7.25 26.875 0.0
7.75 26.875 0.0
8.25 26.875 0.0
8.75 26.875 0.0
0.25 27.125 1336.602
0.75 27.125 1554.4859999999999
1.25 27.125 600.813
1.75 27.125 653.201
2.25 27.125 0.0
2.75 27.125 293.29
3.25 27.125 202.21
3.75 27.125 0.0
4.25 27.125 49.03829999999999
4.75 27.125 0.0
5.25 27.125 0.0
5.75 27.125 0.00682725
6.25 27.125 0.0
6.75 27.125 0.0
7.25 27.125 0.0
7.75 27.125 0.0
8.25 27.125 0.0
8.75 27.125 0.0
0.25 27.375 0.0
0.75 27.375 0.0
1.25 27.375 1274.943
1.75 27.375 579.523
2.25 27.375 505.9
2.75 27.375 0.0
3.25 27.375 470.61
3.75 27.375 109.9
4.25 27.375 0.0
4.75 27.375 17.8685
5.25 27.375 1.43796
5.75 27.375 0.0
6.25 27.375 0.0
6.75 27.375 0.0
7.25 27.375 0.0
7.75 27.375 0.0
8.25 27.375 0.0
8.75 27.375 0.0
0.25 27.625 0.0
0.75 27.625 0.0
1.25 27.625 0.0
1.75 27.625 602.924
2.25 27.625 527.139
2.75 27.625 638.9620000000001
3.25 27.625 0.0
3.75 27.625 0.0
4.25 27.625 0.0
4.75 27.625 0.0
5.25 27.625 2.23691
5.75 27.625 0.0
6.25 27.625 0.0
6.75 27.625 0.0
7.25 27.625 0.0
7.75 27.625 0.0
8.25 27.625 0.0
8.75 27.625 0.0
0.25 27.875 0.0
0.75 27.875 741.7959999999999
1.25 27.875 0.0
1.75 27.875 557.198
2.25 27.875 0.0
2.75 27.875 0.0
3.25 27.875 0.0
3.75 27.875 0.0
4.25 27.875 0.0
4.75 27.875 0.0
5.25 27.875 3.15394
5.75 27.875 0.0
6.25 27.875 0.0
6.75 27.875 0.0
7.25 27.875 0.0
7.75 27.875 0.0
8.25 27.875 0.0
8.75 27.875 0.0
0.25 28.125 747.971
0.75 28.125 0.0
1.25 28.125 0.0
1.75 28.125 0.0
2.25 28.125 397.80999999999995
2.75 28.125 360.442
3.25 28.125 0.0
3.75 28.125 0.0
4.25 28.125 0.0
4.75 28.125 0.0
5.25 28.125 0.0
5.75 28.125 0.0
6.25 28.125 0.0
6.75 28.125 0.0
7.25 28.125 0.0
7.75 28.125 0.0
8.25 28.125 0.0
8.75 28.125 0.0
0.25 28.375 0.0
0.75 28.375 0.0
1.25 28.375 0.0
1.75 28.375 0.0
2.25 28.375 0.0
2.75 28.375 0.0
3.25 28.375 0.0
3.75 28.375 0.0
4.25 28.375 0.0
4.75 28.375 0.0
5.25 28.375 0.0
5.75 28.375 0.0
6.25 28.375 0.0
6.75 28.375 0.0
7.25 28.375 0.0
7.75 28.375 0.0
8.25 28.375 0.0
8.75 28.375 0.0
0.25 28.625 0.0
0.75 28.625 0.0
1.25 28.625 0.0
1.75 28.625 0.0
2.25 28.625 430.48400000000004
2.75 28.625 0.0
3.25 28.625 0.0
3.75 28.625 0.0
4.25 28.625 0.0
4.75 28.625 0.0
5.25 28.625 0.0
5.75 28.625 0.0
6.25 28.625 0.0
6.75 28.625 0.0
7.25 28.625 0.0
7.75 28.625 0.0
8.25 28.625 0.0
8.75 28.625 0.0
0.25 28.875 0.0
0.75 28.875 0.0
1.25 28.875 0.0
1.75 28.875 0.0
2.25 28.875 0.0
2.75 28.875 0.0
3.25 28.875 0.0
3.75 28.875 0.0
4.25 28.875 0.0
4.75 28.875 0.0
5.25 28.875 0.0
5.75 28.875 0.0
6.25 28.875 0.0
6.75 28.875 0.0
7.25 28.875 0.0
7.75 28.875 0.0
8.25 28.875 0.0
8.75 28.875 0.0
0.25 29.125 0.0
0.75 29.125 0.0
1.25 29.125 0.0
1.75 29.125 0.0
2.25 29.125 0.0
2.75 29.125 0.0
3.25 29.125 0.0
3.75 29.125 0.0
4.25 29.125 49.03829999999999
4.75 29.125 0.0
5.25 29.125 0.0
5.75 29.125 0.0
6.25 29.125 0.0
6.75 29.125 0.0
7.25 29.125 0.0
7.75 29.125 0.0
8.25 29.125 0.0
8.75 29.125 0.0
0.25 29.375 0.0
0.75 29.375 0.0
1.25 29.375 0.0
1.75 29.375 0.0
2.25 29.375 0.0
2.75 29.375 0.0
3.25 29.375 0.0
3.75 29.375 0.0
4.25 29.375 0.0
4.75 29.375 0.0
5.25 29.375 0.0
5.75 29.375 0.0
6.25 29.375 0.0
6.75 29.375 0.0
7.25 29.375 0.0
7.75 29.375 0.0
8.25 29.375 0.0
8.75 29.375 0.0
0.25 29.625 0.0
0.75 29.625 0.0
1.25 29.625 0.0
1.75 29.625 0.0
2.25 29.625 0.0
2.75 29.625 0.0
3.25 29.625 0.0
3.75 29.625 0.0
4.25 29.625 0.0
4.75 29.625 0.0
5.25 29.625 0.0
5.75 29.625 0.0
6.25 29.625 0.0
6.75 29.625 0.0
7.25 29.625 0.0
7.75 29.625 0.0
8.25 29.625 0.0
8.75 29.625 0.0
0.25 29.875 0.0
0.75 29.875 0.0
1.25 29.875 0.0
1.75 29.875 0.0
2.25 29.875 0.0
2.75 29.875 0.0
3.25 29.875 0.0
3.75 29.875 0.0
4.25 29.875 0.0
4.75 29.875 0.0
5.25 29.875 0.0
5.75 29.875 0.0
6.25 29.875 0.0
6.75 29.875 0.0
7.25 29.875 0.0
7.75 29.875 0.0
8.25 29.875 0.0
8.75 29.875 0.0
