11.294627058970837 3274.7556966243033
14.219093021276404 1728.4591786298947
17.900777537149963 690.5907970499948
22.535743732392298 1626.3086853809336
28.370820458389794 1924.8636435332737
35.71674682851676 7539.505145796442
44.96472020903849 18120.809570313853
56.60722890537329 26029.761497039988
71.26427896022373 45076.38712433905
89.71641173621407 83584.2385303981
112.94627058970838 91608.27566318688
142.1909302127641 156890.27530838834
179.00777537149963 211361.00954157306
225.35743732392305 258859.63165019976
283.7082045838981 360196.36162872834
357.1674682851676 437418.5409879389
449.6472020903849 497873.53742168495
566.0722890537327 519845.55503956927
712.6427896022376 478536.0745476689
897.164117362141 433764.6717054779
1129.4627058970837 294777.4952094224
1421.9093021276408 176943.0788433943
1790.0777537149975 73771.61474067904
2253.5743732392316 18877.622226358857
2837.082045838981 3616.3428043713793
3571.674682851676 257.936740051955
4496.47202090385 1.7150219846516848
5660.72289053733 0.0022297166287899017
7126.427896022379 0.0
8971.64117362141 0.0
