11.294627058970837 432.1499487899969
14.219093021276404 488.41146406679724
17.900777537149963 1129.7915292379403
22.535743732392298 757.5609506118553
28.370820458389794 7391.910135864263
35.71674682851676 13839.113977704426
44.96472020903849 14352.232344469852
56.60722890537329 33052.09624768226
71.26427896022373 49153.2560426815
89.71641173621407 73749.37648425621
112.94627058970838 128161.55928819298
142.1909302127641 151115.56241578783
179.00777537149963 201692.2161767761
225.35743732392305 255581.0443590351
283.7082045838981 356639.05561601487
357.1674682851676 408883.24561898364
449.6472020903849 447397.511938391
566.0722890537327 517099.46003842447
712.6427896022376 503015.9933157447
897.164117362141 410691.13785650115
1129.4627058970837 277243.559684698
1421.9093021276408 147062.10603855504
1790.0777537149975 55873.48202258721
2253.5743732392316 21309.959713330492
2837.082045838981 3973.3947606878355
3571.674682851676 311.2554078185931
4496.47202090385 10.61392037710175
5660.72289053733 0.23361103842034936
7126.427896022379 0.0
8971.64117362141 0.0
