11.294627058970837 91.04737271234926
14.219093021276404 370.70476977449727
17.900777537149963 1445.932704001642
22.535743732392298 1502.7757827952696
28.370820458389794 6499.3676890952065
35.71674682851676 9066.994636456766
44.96472020903849 23397.55261646021
56.60722890537329 27408.236843494873
71.26427896022373 52869.55124904553
89.71641173621407 104582.65975522812
112.94627058970838 154406.8970971594
142.1909302127641 196209.20405123028
179.00777537149963 269690.0183504408
225.35743732392305 414549.1364544743
283.7082045838981 628672.438708056
357.1674682851676 747284.6302037563
449.6472020903849 857396.3353964607
566.0722890537327 850341.8085383922
712.6427896022376 879424.0830091536
897.164117362141 724415.785095755
1129.4627058970837 504059.7508539837
1421.9093021276408 322423.6843196582
1790.0777537149975 147319.24325755332
2253.5743732392316 31657.03138239868
2837.082045838981 6899.221975279972
3571.674682851676 324.1383455777541
4496.47202090385 17.362365850247443
5660.72289053733 0.0022269757464528084
7126.427896022379 0.0
8971.64117362141 0.0
