11.294627058970837 8.61983274110036
14.219093021276404 65.75239990845688
17.900777537149963 250.78670483600365
22.535743732392298 315.9468889525287
28.370820458389794 286.79214098394255
35.71674682851676 315.3168288470396
44.96472020903849 1575.1939372914624
56.60722890537329 1685.2927964543792
71.26427896022373 2118.995832857113
89.71641173621407 2866.75727297523
112.94627058970838 4014.077555493668
142.1909302127641 4124.171794301688
179.00777537149963 4209.274566371008
225.35743732392305 4657.292521608957
283.7082045838981 3829.3414431916026
357.1674682851676 4465.664070259627
449.6472020903849 3805.2444000580363
566.0722890537327 3297.9800783950996
712.6427896022376 3202.862412054834
897.164117362141 2534.561227558326
1129.4627058970837 2286.568376609168
1421.9093021276408 1340.3040582094545
1790.0777537149975 854.6313902014808
2253.5743732392316 509.00364620558685
2837.082045838981 175.9617824098823
3571.674682851676 58.01632737428736
4496.47202090385 7.383293878228869
5660.72289053733 1.7428376107491204
7126.427896022379 0.0
8971.64117362141 0.0
