11.294627058970837 21.75732912343108
14.219093021276404 8.02065680519636
17.900777537149963 705.5519154232319
22.535743732392298 664.012692474051
28.370820458389794 1404.8112457234904
35.71674682851676 2198.002929843
44.96472020903849 4346.998057156017
56.60722890537329 4870.516797629605
71.26427896022373 11086.041575002237
89.71641173621407 13571.87552661515
112.94627058970838 20971.84826963347
142.1909302127641 24531.79329052667
179.00777537149963 29043.184524617347
225.35743732392305 37148.006690440496
283.7082045838981 36752.21255442288
357.1674682851676 45266.687884467596
449.6472020903849 47798.61005952317
566.0722890537327 44343.18124747835
712.6427896022376 38619.693098122836
897.164117362141 34227.25733565941
1129.4627058970837 25235.693920956226
1421.9093021276408 15508.956129942555
1790.0777537149975 9741.274130470003
2253.5743732392316 4887.686462052807
2837.082045838981 2282.0327168923104
3571.674682851676 798.660462426662
4496.47202090385 237.08736593433423
5660.72289053733 38.82973353052512
7126.427896022379 2.6278584856772795
8971.64117362141 0.0
