11.294627058970837 39.58988023151131
14.219093021276404 41.571319577139825
17.900777537149963 88.936918302581
22.535743732392298 292.3115718293318
28.370820458389794 365.6090586608174
35.71674682851676 777.6423934235
44.96472020903849 1161.9623940518863
56.60722890537329 1745.0655308901678
71.26427896022373 2249.593581885547
89.71641173621407 2712.6886871617135
112.94627058970838 3812.0515080363584
142.1909302127641 4242.765404931006
179.00777537149963 4895.34332808989
225.35743732392305 4506.040946198253
283.7082045838981 5385.942196444761
357.1674682851676 4774.837647309865
449.6472020903849 4018.8328960211365
566.0722890537327 3854.800564373807
712.6427896022376 2946.4385488469925
897.164117362141 2699.3112125940097
1129.4627058970837 1914.5157575637786
1421.9093021276408 1465.9122372832499
1790.0777537149975 967.7242667969185
2253.5743732392316 498.17068614650634
2837.082045838981 209.15059582000686
3571.674682851676 61.11886639374279
4496.47202090385 11.751910798331664
5660.72289053733 0.7201808308745967
7126.427896022379 0.0
8971.64117362141 0.0
