11.294627058970837 319.4058709310298
14.219093021276404 709.7619370518253
17.900777537149963 625.2721051951889
22.535743732392298 598.1682176331676
28.370820458389794 1782.943684463774
35.71674682851676 2965.2454351176784
44.96472020903849 5516.698975791635
56.60722890537329 6723.165072008982
71.26427896022373 8468.93219243699
89.71641173621407 15168.482238865508
112.94627058970838 18024.059211627995
142.1909302127641 22059.37025281803
179.00777537149963 27449.456594514137
225.35743732392305 36547.65903904392
283.7082045838981 43563.096943173296
357.1674682851676 43243.185303017875
449.6472020903849 55115.52445052794
566.0722890537327 49545.391008395876
712.6427896022376 47338.69119193836
897.164117362141 37945.956077429466
1129.4627058970837 30159.12707875663
1421.9093021276408 20847.26955577254
1790.0777537149975 13252.633556911314
2253.5743732392316 6403.781013035274
2837.082045838981 2928.9991489045206
3571.674682851676 934.28762116289
4496.47202090385 183.64926663093502
5660.72289053733 21.81005430140067
7126.427896022379 0.12710275599965826
8971.64117362141 0.0
