11.294627058970837 402.4631371517504
14.219093021276404 93.69945439861692
17.900777537149963 227.80101569255373
22.535743732392298 1622.1490969936335
28.370820458389794 1098.0075243969932
35.71674682851676 1622.3095789912372
44.96472020903849 3519.9801371725734
56.60722890537329 4944.367207234667
71.26427896022373 9796.763941992862
89.71641173621407 12269.510506180548
112.94627058970838 19225.832851586158
142.1909302127641 26570.986281026002
179.00777537149963 28477.71453514877
225.35743732392305 38861.39793423617
283.7082045838981 37861.67219252724
357.1674682851676 49049.59605343509
449.6472020903849 54807.3271619759
566.0722890537327 53654.24148887623
712.6427896022376 48346.48903095251
897.164117362141 42686.87281712826
1129.4627058970837 33645.402772241505
1421.9093021276408 21271.731186323916
1790.0777537149975 12597.75519481214
2253.5743732392316 7054.909847709758
2837.082045838981 2588.1372907641344
3571.674682851676 890.3948786642286
4496.47202090385 222.61424091039225
5660.72289053733 17.692481576581486
7126.427896022379 0.01861171011114493
8971.64117362141 0.0
