0.25 0.125 2263030.33621
0.75 0.125 1800137.76744
1.25 0.125 1954435.29036
1.75 0.125 1954435.29036
2.25 0.125 1491542.72159
2.75 0.125 2468760.36678
3.25 0.125 2468760.36678
3.75 0.125 2160165.32093
4.25 0.125 2108732.81329
4.75 0.125 1491542.72159
5.25 0.125 2108732.81329
5.75 0.125 1697272.75216
6.25 0.125 1388677.70631
6.75 0.125 565757.584053
7.25 0.125 411460.061129
7.75 0.125 205730.030565
8.25 0.125 0.0
8.75 0.125 0.0
0.25 0.375 4937520.73355
0.75 0.375 6531928.47043
1.25 0.375 6274765.93222
1.75 0.375 6429063.45514
2.25 0.375 5348980.79468
2.75 0.375 5657575.84053
3.25 0.375 6429063.45514
3.75 0.375 6326198.43986
4.25 0.375 6686225.99335
4.75 0.375 6531928.47043
5.25 0.375 5657575.84053
5.75 0.375 4217465.62657
6.25 0.375 3137382.96611
6.75 0.375 2314462.84385
7.25 0.375 874352.629899
7.75 0.375 514325.076411
8.25 0.375 0.0
8.75 0.375 0.0
0.25 0.625 7612011.13089
0.75 0.625 7714876.14617
1.25 0.625 8949256.32956
1.75 0.625 8177768.71494
2.25 0.625 7869173.6691
2.75 0.625 8846391.31428
3.25 0.625 9617878.92889
3.75 0.625 7457713.60797
4.25 0.625 9206418.86777
4.75 0.625 8177768.71494
5.25 0.625 8229201.22258
5.75 0.625 6429063.45514
6.25 0.625 3291680.48903
6.75 0.625 3857438.07309
7.25 0.625 1440110.21395
7.75 0.625 462892.56877
8.25 0.625 154297.522923
8.75 0.625 0.0
0.25 0.875 11366584.1887
0.75 0.875 10800826.6046
1.25 0.875 10337934.0359
1.75 0.875 11006556.6352
2.25 0.875 10132204.0053
2.75 0.875 9772176.45182
3.25 0.875 9720743.94418
3.75 0.875 9926473.97474
4.25 0.875 11726611.7422
4.75 0.875 9515013.91361
5.25 0.875 8229201.22258
5.75 0.875 7457713.60797
6.25 0.875 5400413.30232
6.75 0.875 2983085.44319
7.25 0.875 1131515.16811
7.75 0.875 257162.538206
8.25 0.875 154297.522923
8.75 0.875 0.0
0.25 1.125 12703829.3874
0.75 1.125 11006556.6352
1.25 1.125 12395234.3415
1.75 1.125 10903691.6199
2.25 1.125 11418016.6963
2.75 1.125 11880909.2651
3.25 1.125 10543664.0664
3.75 1.125 10646529.0817
4.25 1.125 10440799.0512
4.75 1.125 8692093.79135
5.25 1.125 8589228.77607
5.75 1.125 7920606.17674
6.25 1.125 5606143.33288
6.75 1.125 2931652.93555
7.25 1.125 1491542.72159
7.75 1.125 51432.5076411
8.25 1.125 51432.5076411
8.75 1.125 0.0
0.25 1.375 12086639.2957
0.75 1.375 9926473.97474
1.25 1.375 11366584.1887
1.75 1.375 11006556.6352
2.25 1.375 10440799.0512
2.75 1.375 11212286.6658
3.25 1.375 9926473.97474
3.75 1.375 10697961.5894
4.25 1.375 9977906.48238
4.75 1.375 9052121.34484
5.25 1.375 9000688.8372
5.75 1.375 7869173.6691
6.25 1.375 5194683.27176
6.75 1.375 3548843.02724
7.25 1.375 977217.645182
7.75 1.375 308595.045847
8.25 1.375 51432.5076411
8.75 1.375 0.0
0.25 1.625 13475317.002
0.75 1.625 11520881.7116
1.25 1.625 11418016.6963
1.75 1.625 11520881.7116
2.25 1.625 11315151.6811
2.75 1.625 10389366.5435
3.25 1.625 9617878.92889
3.75 1.625 9463581.40597
4.25 1.625 9926473.97474
4.75 1.625 8692093.79135
5.25 1.625 8074903.69966
5.75 1.625 6789091.00863
6.25 1.625 4680358.19534
6.75 1.625 2674490.39734
7.25 1.625 1234380.18339
7.75 1.625 257162.538206
8.25 1.625 0.0
8.75 1.625 0.0
0.25 1.875 10852259.1123
0.75 1.875 10852259.1123
1.25 1.875 9669311.43654
1.75 1.875 11572314.2193
2.25 1.875 10132204.0053
2.75 1.875 10903691.6199
3.25 1.875 10286501.5282
3.75 1.875 9463581.40597
4.25 1.875 8794958.80664
4.75 1.875 7972038.68438
5.25 1.875 8332066.23787
5.75 1.875 5246115.7794
6.25 1.875 4063168.10365
6.75 1.875 2777355.41262
7.25 1.875 874352.629899
7.75 1.875 205730.030565
8.25 1.875 0.0
8.75 1.875 0.0
0.25 2.125 10080771.4977
0.75 2.125 11366584.1887
1.25 2.125 10749394.097
1.75 2.125 9875041.4671
2.25 2.125 8229201.22258
2.75 2.125 8537796.26843
3.25 2.125 9412148.89833
3.75 2.125 8229201.22258
4.25 2.125 7972038.68438
4.75 2.125 8229201.22258
5.25 2.125 5966170.88637
5.75 2.125 5606143.33288
6.25 2.125 4320330.64186
6.75 2.125 2211597.82857
7.25 2.125 411460.061129
7.75 2.125 205730.030565
8.25 2.125 0.0
8.75 2.125 0.0
0.25 2.375 9926473.97474
0.75 2.375 9566446.42125
1.25 2.375 8589228.77607
1.75 2.375 8846391.31428
2.25 2.375 8383498.74551
2.75 2.375 7817741.16145
3.25 2.375 8846391.31428
3.75 2.375 8949256.32956
4.25 2.375 6531928.47043
4.75 2.375 7663443.63853
5.25 2.375 4886088.22591
5.75 2.375 4886088.22591
6.25 2.375 3291680.48903
6.75 2.375 2365895.35149
7.25 2.375 462892.56877
7.75 2.375 0.0
8.25 2.375 0.0
8.75 2.375 0.0
0.25 2.625 8897823.82192
0.75 2.625 8280633.73022
1.25 2.625 7714876.14617
1.75 2.625 9257851.37541
2.25 2.625 8794958.80664
2.75 2.625 7354848.59268
3.25 2.625 6326198.43986
3.75 2.625 6274765.93222
4.25 2.625 5966170.88637
4.75 2.625 6789091.00863
5.25 2.625 5194683.27176
5.75 2.625 3445978.01196
6.25 2.625 2468760.36678
6.75 2.625 1697272.75216
7.25 2.625 205730.030565
7.75 2.625 51432.5076411
8.25 2.625 0.0
8.75 2.625 0.0
0.25 2.875 8332066.23787
0.75 2.875 7920606.17674
1.25 2.875 8332066.23787
1.75 2.875 7920606.17674
2.25 2.875 6583360.97807
2.75 2.875 5863305.87109
3.25 2.875 6377630.9475
3.75 2.875 5811873.36345
4.25 2.875 6377630.9475
4.75 2.875 4268898.13422
5.25 2.875 4371763.1495
5.75 2.875 3291680.48903
6.25 2.875 2263030.33621
6.75 2.875 771487.614617
7.25 2.875 205730.030565
7.75 2.875 0.0
8.25 2.875 0.0
8.75 2.875 0.0
0.25 3.125 6994821.0392
0.75 3.125 7200551.06976
1.25 3.125 7509146.11561
1.75 3.125 6943388.53155
2.25 3.125 6326198.43986
2.75 3.125 6634793.48571
3.25 3.125 5606143.33288
3.75 3.125 4526060.67242
4.25 3.125 5040385.74883
4.75 3.125 4063168.10365
5.25 3.125 3188815.47375
5.75 3.125 2828787.92026
6.25 3.125 1697272.75216
6.75 3.125 874352.629899
7.25 3.125 154297.522923
7.75 3.125 0.0
8.25 3.125 0.0
8.75 3.125 0.0
0.25 3.375 7406281.10033
0.75 3.375 6840523.51627
1.25 3.375 6171900.91694
1.75 3.375 6583360.97807
2.25 3.375 6017603.39401
2.75 3.375 4731790.70299
3.25 3.375 5040385.74883
3.75 3.375 5194683.27176
4.25 3.375 4166033.11893
4.75 3.375 3600275.53488
5.25 3.375 3240247.98139
5.75 3.375 2777355.41262
6.25 3.375 1285812.69103
6.75 3.375 617190.091694
7.25 3.375 205730.030565
7.75 3.375 51432.5076411
8.25 3.375 0.0
8.75 3.375 0.0
0.25 3.625 5966170.88637
0.75 3.625 6429063.45514
1.25 3.625 5246115.7794
1.75 3.625 5040385.74883
2.25 3.625 4937520.73355
2.75 3.625 4680358.19534
3.25 3.625 4371763.1495
3.75 3.625 3548843.02724
4.25 3.625 3394545.50432
4.75 3.625 3445978.01196
5.25 3.625 2005867.798
5.75 3.625 2314462.84385
6.25 3.625 977217.645182
6.75 3.625 565757.584053
7.25 3.625 102865.015282
7.75 3.625 102865.015282
8.25 3.625 0.0
8.75 3.625 0.0
0.25 3.875 5348980.79468
0.75 3.875 4834655.71827
1.25 3.875 4886088.22591
1.75 3.875 5297548.28704
2.25 3.875 3754573.0578
2.75 3.875 3497410.5196
3.25 3.875 3651708.04252
3.75 3.875 3394545.50432
4.25 3.875 3085950.45847
4.75 3.875 2057300.30565
5.25 3.875 1645840.24452
5.75 3.875 1748705.2598
6.25 3.875 874352.629899
6.75 3.875 514325.076411
7.25 3.875 102865.015282
7.75 3.875 0.0
8.25 3.875 0.0
8.75 3.875 0.0
0.25 4.125 4783223.21063
0.75 4.125 4628925.6877
1.25 4.125 4937520.73355
1.75 4.125 4474628.16478
2.25 4.125 4680358.19534
2.75 4.125 3137382.96611
3.25 4.125 2725922.90498
3.75 4.125 2468760.36678
4.25 4.125 2571625.38206
4.75 4.125 1851570.27508
5.25 4.125 1440110.21395
5.75 4.125 977217.645182
6.25 4.125 617190.091694
6.75 4.125 411460.061129
7.25 4.125 154297.522923
7.75 4.125 51432.5076411
8.25 4.125 0.0
8.75 4.125 0.0
0.25 4.375 3600275.53488
0.75 4.375 3188815.47375
1.25 4.375 3188815.47375
1.75 4.375 3291680.48903
2.25 4.375 3497410.5196
2.75 4.375 2520192.87442
3.25 4.375 2777355.41262
3.75 4.375 2880220.4279
4.25 4.375 2520192.87442
4.75 4.375 1388677.70631
5.25 4.375 822920.122258
5.75 4.375 617190.091694
6.25 4.375 411460.061129
6.75 4.375 51432.5076411
7.25 4.375 0.0
7.75 4.375 0.0
8.25 4.375 0.0
8.75 4.375 0.0
0.25 4.625 4166033.11893
0.75 4.625 3394545.50432
1.25 4.625 2983085.44319
1.75 4.625 3085950.45847
2.25 4.625 2983085.44319
2.75 4.625 2263030.33621
3.25 4.625 2571625.38206
3.75 4.625 2057300.30565
4.25 4.625 1851570.27508
4.75 4.625 1440110.21395
5.25 4.625 977217.645182
5.75 4.625 565757.584053
6.25 4.625 360027.553488
6.75 4.625 257162.538206
7.25 4.625 0.0
7.75 4.625 0.0
8.25 4.625 0.0
8.75 4.625 0.0
0.25 4.875 2725922.90498
0.75 4.875 3188815.47375
1.25 4.875 2777355.41262
1.75 4.875 2725922.90498
2.25 4.875 2623057.8897
2.75 4.875 2263030.33621
3.25 4.875 1285812.69103
3.75 4.875 1337245.19867
4.25 4.875 1440110.21395
4.75 4.875 1285812.69103
5.25 4.875 977217.645182
5.75 4.875 668622.599335
6.25 4.875 257162.538206
6.75 4.875 0.0
7.25 4.875 51432.5076411
7.75 4.875 0.0
8.25 4.875 0.0
8.75 4.875 0.0
0.25 5.125 2674490.39734
0.75 5.125 2211597.82857
1.25 5.125 2880220.4279
1.75 5.125 2263030.33621
2.25 5.125 2211597.82857
2.75 5.125 2263030.33621
3.25 5.125 1182947.67575
3.75 5.125 1542975.22923
4.25 5.125 1285812.69103
4.75 5.125 720055.106976
5.25 5.125 411460.061129
5.75 5.125 0.0
6.25 5.125 154297.522923
6.75 5.125 0.0
7.25 5.125 154297.522923
7.75 5.125 0.0
8.25 5.125 0.0
8.75 5.125 0.0
0.25 5.375 2725922.90498
0.75 5.375 1594407.73688
1.25 5.375 2520192.87442
1.75 5.375 1903002.78272
2.25 5.375 1748705.2598
2.75 5.375 1851570.27508
3.25 5.375 1337245.19867
3.75 5.375 874352.629899
4.25 5.375 771487.614617
4.75 5.375 617190.091694
5.25 5.375 617190.091694
5.75 5.375 205730.030565
6.25 5.375 102865.015282
6.75 5.375 0.0
7.25 5.375 0.0
7.75 5.375 0.0
8.25 5.375 0.0
8.75 5.375 0.0
0.25 5.625 2417327.85913
0.75 5.625 2211597.82857
1.25 5.625 1748705.2598
1.75 5.625 1954435.29036
2.25 5.625 1440110.21395
2.75 5.625 1337245.19867
3.25 5.625 977217.645182
3.75 5.625 977217.645182
4.25 5.625 822920.122258
4.75 5.625 462892.56877
5.25 5.625 514325.076411
5.75 5.625 257162.538206
6.25 5.625 51432.5076411
6.75 5.625 0.0
7.25 5.625 0.0
7.75 5.625 0.0
8.25 5.625 0.0
8.75 5.625 0.0
0.25 5.875 2160165.32093
0.75 5.875 1491542.72159
1.25 5.875 1028650.15282
1.75 5.875 2057300.30565
2.25 5.875 1182947.67575
2.75 5.875 1080082.66046
3.25 5.875 1080082.66046
3.75 5.875 668622.599335
4.25 5.875 668622.599335
4.75 5.875 514325.076411
5.25 5.875 360027.553488
5.75 5.875 257162.538206
6.25 5.875 154297.522923
6.75 5.875 0.0
7.25 5.875 0.0
7.75 5.875 0.0
8.25 5.875 0.0
8.75 5.875 0.0
0.25 6.125 2057300.30565
0.75 6.125 1337245.19867
1.25 6.125 1697272.75216
1.75 6.125 1234380.18339
2.25 6.125 1285812.69103
2.75 6.125 925785.137541
3.25 6.125 977217.645182
3.75 6.125 720055.106976
4.25 6.125 617190.091694
4.75 6.125 360027.553488
5.25 6.125 257162.538206
5.75 6.125 154297.522923
6.25 6.125 0.0
6.75 6.125 0.0
7.25 6.125 0.0
7.75 6.125 0.0
8.25 6.125 0.0
8.75 6.125 0.0
0.25 6.375 1748705.2598
0.75 6.375 1491542.72159
1.25 6.375 1388677.70631
1.75 6.375 1080082.66046
2.25 6.375 617190.091694
2.75 6.375 720055.106976
3.25 6.375 565757.584053
3.75 6.375 1028650.15282
4.25 6.375 411460.061129
4.75 6.375 411460.061129
5.25 6.375 308595.045847
5.75 6.375 154297.522923
6.25 6.375 154297.522923
6.75 6.375 0.0
7.25 6.375 0.0
7.75 6.375 0.0
8.25 6.375 0.0
8.75 6.375 0.0
0.25 6.625 771487.614617
0.75 6.625 1028650.15282
1.25 6.625 1080082.66046
1.75 6.625 977217.645182
2.25 6.625 1131515.16811
2.75 6.625 1131515.16811
3.25 6.625 462892.56877
3.75 6.625 462892.56877
4.25 6.625 462892.56877
4.75 6.625 360027.553488
5.25 6.625 257162.538206
5.75 6.625 0.0
6.25 6.625 0.0
6.75 6.625 0.0
7.25 6.625 0.0
7.75 6.625 0.0
8.25 6.625 0.0
8.75 6.625 0.0
0.25 6.875 1131515.16811
0.75 6.875 822920.122258
1.25 6.875 720055.106976
1.75 6.875 1131515.16811
2.25 6.875 771487.614617
2.75 6.875 1028650.15282
3.25 6.875 411460.061129
3.75 6.875 617190.091694
4.25 6.875 411460.061129
4.75 6.875 205730.030565
5.25 6.875 308595.045847
5.75 6.875 0.0
6.25 6.875 0.0
6.75 6.875 0.0
7.25 6.875 0.0
7.75 6.875 0.0
8.25 6.875 0.0
8.75 6.875 0.0
0.25 7.125 668622.599335
0.75 7.125 925785.137541
1.25 7.125 822920.122258
1.75 7.125 720055.106976
2.25 7.125 720055.106976
2.75 7.125 462892.56877
3.25 7.125 617190.091694
3.75 7.125 514325.076411
4.25 7.125 411460.061129
4.75 7.125 154297.522923
5.25 7.125 51432.5076411
5.75 7.125 51432.5076411
6.25 7.125 0.0
6.75 7.125 0.0
7.25 7.125 0.0
7.75 7.125 0.0
8.25 7.125 0.0
8.75 7.125 0.0
0.25 7.375 925785.137541
0.75 7.375 1028650.15282
1.25 7.375 822920.122258
1.75 7.375 720055.106976
2.25 7.375 822920.122258
2.75 7.375 514325.076411
3.25 7.375 617190.091694
3.75 7.375 257162.538206
4.25 7.375 154297.522923
4.75 7.375 411460.061129
5.25 7.375 205730.030565
5.75 7.375 0.0
6.25 7.375 0.0
6.75 7.375 0.0
7.25 7.375 0.0
7.75 7.375 0.0
8.25 7.375 0.0
8.75 7.375 0.0
0.25 7.625 977217.645182
0.75 7.625 925785.137541
1.25 7.625 1131515.16811
1.75 7.625 514325.076411
2.25 7.625 205730.030565
2.75 7.625 617190.091694
3.25 7.625 411460.061129
3.75 7.625 257162.538206
4.25 7.625 102865.015282
4.75 7.625 51432.5076411
5.25 7.625 51432.5076411
5.75 7.625 51432.5076411
6.25 7.625 0.0
6.75 7.625 0.0
7.25 7.625 0.0
7.75 7.625 0.0
8.25 7.625 0.0
8.75 7.625 0.0
0.25 7.875 771487.614617
0.75 7.875 925785.137541
1.25 7.875 771487.614617
1.75 7.875 925785.137541
2.25 7.875 411460.061129
2.75 7.875 360027.553488
3.25 7.875 257162.538206
3.75 7.875 514325.076411
4.25 7.875 154297.522923
4.75 7.875 0.0
5.25 7.875 51432.5076411
5.75 7.875 0.0
6.25 7.875 0.0
6.75 7.875 0.0
7.25 7.875 0.0
7.75 7.875 0.0
8.25 7.875 0.0
8.75 7.875 0.0
0.25 8.125 771487.614617
0.75 8.125 771487.614617
1.25 8.125 308595.045847
1.75 8.125 822920.122258
2.25 8.125 462892.56877
2.75 8.125 360027.553488
3.25 8.125 257162.538206
3.75 8.125 154297.522923
4.25 8.125 51432.5076411
4.75 8.125 51432.5076411
5.25 8.125 205730.030565
5.75 8.125 0.0
6.25 8.125 0.0
6.75 8.125 0.0
7.25 8.125 0.0
7.75 8.125 0.0
8.25 8.125 0.0
8.75 8.125 0.0
0.25 8.375 771487.614617
0.75 8.375 411460.061129
1.25 8.375 822920.122258
1.75 8.375 411460.061129
2.25 8.375 257162.538206
2.75 8.375 668622.599335
3.25 8.375 360027.553488
3.75 8.375 205730.030565
4.25 8.375 154297.522923
4.75 8.375 102865.015282
5.25 8.375 0.0
5.75 8.375 0.0
6.25 8.375 0.0
6.75 8.375 0.0
7.25 8.375 0.0
7.75 8.375 0.0
8.25 8.375 0.0
8.75 8.375 0.0
0.25 8.625 308595.045847
0.75 8.625 720055.106976
1.25 8.625 720055.106976
1.75 8.625 154297.522923
2.25 8.625 360027.553488
2.75 8.625 462892.56877
3.25 8.625 154297.522923
3.75 8.625 154297.522923
4.25 8.625 154297.522923
4.75 8.625 154297.522923
5.25 8.625 0.0
5.75 8.625 0.0
6.25 8.625 0.0
6.75 8.625 0.0
7.25 8.625 0.0
7.75 8.625 0.0
8.25 8.625 0.0
8.75 8.625 0.0
0.25 8.875 462892.56877
0.75 8.875 565757.584053
1.25 8.875 462892.56877
1.75 8.875 822920.122258
2.25 8.875 257162.538206
2.75 8.875 411460.061129
3.25 8.875 360027.553488
3.75 8.875 154297.522923
4.25 8.875 102865.015282
4.75 8.875 154297.522923
5.25 8.875 51432.5076411
5.75 8.875 0.0
6.25 8.875 0.0
6.75 8.875 0.0
7.25 8.875 0.0
7.75 8.875 0.0
8.25 8.875 0.0
8.75 8.875 0.0
0.25 9.125 257162.538206
0.75 9.125 257162.538206
1.25 9.125 565757.584053
1.75 9.125 617190.091694
2.25 9.125 411460.061129
2.75 9.125 102865.015282
3.25 9.125 360027.553488
3.75 9.125 154297.522923
4.25 9.125 154297.522923
4.75 9.125 102865.015282
5.25 9.125 0.0
5.75 9.125 0.0
6.25 9.125 0.0
6.75 9.125 0.0
7.25 9.125 0.0
7.75 9.125 0.0
8.25 9.125 0.0
8.75 9.125 0.0
0.25 9.375 102865.015282
0.75 9.375 51432.5076411
1.25 9.375 308595.045847
1.75 9.375 154297.522923
2.25 9.375 360027.553488
2.75 9.375 102865.015282
3.25 9.375 51432.5076411
3.75 9.375 360027.553488
4.25 9.375 51432.5076411
4.75 9.375 0.0
5.25 9.375 51432.5076411
5.75 9.375 0.0
6.25 9.375 0.0
6.75 9.375 0.0
7.25 9.375 0.0
7.75 9.375 0.0
8.25 9.375 0.0
8.75 9.375 0.0
0.25 9.625 102865.015282
0.75 9.625 514325.076411
1.25 9.625 360027.553488
1.75 9.625 308595.045847
2.25 9.625 205730.030565
2.75 9.625 308595.045847
3.25 9.625 0.0
3.75 9.625 154297.522923
4.25 9.625 102865.015282
4.75 9.625 0.0
5.25 9.625 0.0
5.75 9.625 51432.5076411
6.25 9.625 0.0
6.75 9.625 0.0
7.25 9.625 0.0
7.75 9.625 0.0
8.25 9.625 0.0
8.75 9.625 0.0
0.25 9.875 308595.045847
0.75 9.875 462892.56877
1.25 9.875 102865.015282
1.75 9.875 205730.030565
2.25 9.875 102865.015282
2.75 9.875 51432.5076411
3.25 9.875 102865.015282
3.75 9.875 51432.5076411
4.25 9.875 102865.015282
4.75 9.875 154297.522923
5.25 9.875 51432.5076411
5.75 9.875 0.0
6.25 9.875 0.0
6.75 9.875 0.0
7.25 9.875 0.0
7.75 9.875 0.0
8.25 9.875 0.0
8.75 9.875 0.0
0.25 10.125 360027.553488
0.75 10.125 257162.538206
1.25 10.125 308595.045847
1.75 10.125 154297.522923
2.25 10.125 51432.5076411
2.75 10.125 154297.522923
3.25 10.125 154297.522923
3.75 10.125 154297.522923
4.25 10.125 51432.5076411
4.75 10.125 0.0
5.25 10.125 51432.5076411
5.75 10.125 0.0
6.25 10.125 0.0
6.75 10.125 0.0
7.25 10.125 0.0
7.75 10.125 0.0
8.25 10.125 0.0
8.75 10.125 0.0
0.25 10.375 102865.015282
0.75 10.375 308595.045847
1.25 10.375 154297.522923
1.75 10.375 257162.538206
2.25 10.375 257162.538206
2.75 10.375 154297.522923
3.25 10.375 102865.015282
3.75 10.375 102865.015282
4.25 10.375 102865.015282
4.75 10.375 0.0
5.25 10.375 0.0
5.75 10.375 51432.5076411
6.25 10.375 0.0
6.75 10.375 0.0
7.25 10.375 0.0
7.75 10.375 0.0
8.25 10.375 0.0
8.75 10.375 0.0
0.25 10.625 205730.030565
0.75 10.625 308595.045847
1.25 10.625 102865.015282
1.75 10.625 308595.045847
2.25 10.625 154297.522923
2.75 10.625 51432.5076411
3.25 10.625 205730.030565
3.75 10.625 51432.5076411
4.25 10.625 102865.015282
4.75 10.625 51432.5076411
5.25 10.625 0.0
5.75 10.625 0.0
6.25 10.625 0.0
6.75 10.625 0.0
7.25 10.625 0.0
7.75 10.625 0.0
8.25 10.625 0.0
8.75 10.625 0.0
0.25 10.875 102865.015282
0.75 10.875 154297.522923
1.25 10.875 205730.030565
1.75 10.875 205730.030565
2.25 10.875 205730.030565
2.75 10.875 205730.030565
3.25 10.875 154297.522923
3.75 10.875 0.0
4.25 10.875 51432.5076411
4.75 10.875 0.0
5.25 10.875 51432.5076411
5.75 10.875 0.0
6.25 10.875 0.0
6.75 10.875 0.0
7.25 10.875 0.0
7.75 10.875 0.0
8.25 10.875 0.0
8.75 10.875 0.0
0.25 11.125 308595.045847
0.75 11.125 257162.538206
1.25 11.125 154297.522923
1.75 11.125 257162.538206
2.25 11.125 308595.045847
2.75 11.125 0.0
3.25 11.125 154297.522923
3.75 11.125 102865.015282
4.25 11.125 0.0
4.75 11.125 0.0
5.25 11.125 0.0
5.75 11.125 0.0
6.25 11.125 0.0
6.75 11.125 0.0
7.25 11.125 0.0
7.75 11.125 0.0
8.25 11.125 0.0
8.75 11.125 0.0
0.25 11.375 205730.030565
0.75 11.375 308595.045847
1.25 11.375 102865.015282
1.75 11.375 0.0
2.25 11.375 102865.015282
2.75 11.375 51432.5076411
3.25 11.375 102865.015282
3.75 11.375 102865.015282
4.25 11.375 154297.522923
4.75 11.375 0.0
5.25 11.375 0.0
5.75 11.375 0.0
6.25 11.375 0.0
6.75 11.375 0.0
7.25 11.375 0.0
7.75 11.375 0.0
8.25 11.375 0.0
8.75 11.375 0.0
0.25 11.625 102865.015282
0.75 11.625 257162.538206
1.25 11.625 102865.015282
1.75 11.625 154297.522923
2.25 11.625 51432.5076411
2.75 11.625 51432.5076411
3.25 11.625 102865.015282
3.75 11.625 51432.5076411
4.25 11.625 51432.5076411
4.75 11.625 0.0
5.25 11.625 0.0
5.75 11.625 0.0
6.25 11.625 0.0
6.75 11.625 0.0
7.25 11.625 0.0
7.75 11.625 0.0
8.25 11.625 0.0
8.75 11.625 0.0
0.25 11.875 51432.5076411
0.75 11.875 154297.522923
1.25 11.875 154297.522923
1.75 11.875 205730.030565
2.25 11.875 51432.5076411
2.75 11.875 154297.522923
3.25 11.875 0.0
3.75 11.875 102865.015282
4.25 11.875 0.0
4.75 11.875 0.0
5.25 11.875 0.0
5.75 11.875 0.0
6.25 11.875 0.0
6.75 11.875 0.0
7.25 11.875 0.0
7.75 11.875 0.0
8.25 11.875 0.0
8.75 11.875 0.0
0.25 12.125 154297.522923
0.75 12.125 205730.030565
1.25 12.125 205730.030565
1.75 12.125 154297.522923
2.25 12.125 102865.015282
2.75 12.125 102865.015282
3.25 12.125 102865.015282
3.75 12.125 51432.5076411
4.25 12.125 0.0
4.75 12.125 0.0
5.25 12.125 0.0
5.75 12.125 0.0
6.25 12.125 0.0
6.75 12.125 0.0
7.25 12.125 0.0
7.75 12.125 0.0
8.25 12.125 0.0
8.75 12.125 0.0
0.25 12.375 102865.015282
0.75 12.375 0.0
1.25 12.375 102865.015282
1.75 12.375 0.0
2.25 12.375 154297.522923
2.75 12.375 102865.015282
3.25 12.375 51432.5076411
3.75 12.375 51432.5076411
4.25 12.375 0.0
4.75 12.375 0.0
5.25 12.375 0.0
5.75 12.375 0.0
6.25 12.375 0.0
6.75 12.375 0.0
7.25 12.375 0.0
7.75 12.375 0.0
8.25 12.375 0.0
8.75 12.375 0.0
0.25 12.625 0.0
0.75 12.625 102865.015282
1.25 12.625 51432.5076411
1.75 12.625 102865.015282
2.25 12.625 51432.5076411
2.75 12.625 51432.5076411
3.25 12.625 0.0
3.75 12.625 0.0
4.25 12.625 51432.5076411
4.75 12.625 0.0
5.25 12.625 0.0
5.75 12.625 0.0
6.25 12.625 0.0
6.75 12.625 0.0
7.25 12.625 0.0
7.75 12.625 0.0
8.25 12.625 0.0
8.75 12.625 0.0
0.25 12.875 205730.030565
0.75 12.875 205730.030565
1.25 12.875 0.0
1.75 12.875 205730.030565
2.25 12.875 154297.522923
2.75 12.875 51432.5076411
3.25 12.875 51432.5076411
3.75 12.875 51432.5076411
4.25 12.875 51432.5076411
4.75 12.875 0.0
5.25 12.875 51432.5076411
5.75 12.875 0.0
6.25 12.875 0.0
6.75 12.875 0.0
7.25 12.875 0.0
7.75 12.875 0.0
8.25 12.875 0.0
8.75 12.875 0.0
0.25 13.125 0.0
0.75 13.125 308595.045847
1.25 13.125 102865.015282
1.75 13.125 257162.538206
2.25 13.125 0.0
2.75 13.125 0.0
3.25 13.125 102865.015282
3.75 13.125 51432.5076411
4.25 13.125 0.0
4.75 13.125 0.0
5.25 13.125 0.0
5.75 13.125 0.0
6.25 13.125 0.0
6.75 13.125 0.0
7.25 13.125 0.0
7.75 13.125 0.0
8.25 13.125 0.0
8.75 13.125 0.0
0.25 13.375 102865.015282
0.75 13.375 154297.522923
1.25 13.375 0.0
1.75 13.375 51432.5076411
2.25 13.375 51432.5076411
2.75 13.375 0.0
3.25 13.375 51432.5076411
3.75 13.375 51432.5076411
4.25 13.375 0.0
4.75 13.375 0.0
5.25 13.375 0.0
5.75 13.375 0.0
6.25 13.375 0.0
6.75 13.375 0.0
7.25 13.375 0.0
7.75 13.375 0.0
8.25 13.375 0.0
8.75 13.375 0.0
0.25 13.625 51432.5076411
0.75 13.625 51432.5076411
1.25 13.625 51432.5076411
1.75 13.625 102865.015282
2.25 13.625 51432.5076411
2.75 13.625 0.0
3.25 13.625 0.0
3.75 13.625 0.0
4.25 13.625 0.0
4.75 13.625 0.0
5.25 13.625 0.0
5.75 13.625 0.0
6.25 13.625 0.0
6.75 13.625 0.0
7.25 13.625 0.0
7.75 13.625 0.0
8.25 13.625 0.0
8.75 13.625 0.0
0.25 13.875 102865.015282
0.75 13.875 154297.522923
1.25 13.875 51432.5076411
1.75 13.875 154297.522923
2.25 13.875 51432.5076411
2.75 13.875 102865.015282
3.25 13.875 102865.015282
3.75 13.875 0.0
4.25 13.875 0.0
4.75 13.875 0.0
5.25 13.875 0.0
5.75 13.875 0.0
6.25 13.875 0.0
6.75 13.875 0.0
7.25 13.875 0.0
7.75 13.875 0.0
8.25 13.875 0.0
8.75 13.875 0.0
0.25 14.125 102865.015282
0.75 14.125 0.0
1.25 14.125 102865.015282
1.75 14.125 102865.015282
2.25 14.125 102865.015282
2.75 14.125 51432.5076411
3.25 14.125 0.0
3.75 14.125 0.0
4.25 14.125 0.0
4.75 14.125 0.0
5.25 14.125 0.0
5.75 14.125 0.0
6.25 14.125 0.0
6.75 14.125 0.0
7.25 14.125 0.0
7.75 14.125 0.0
8.25 14.125 0.0
8.75 14.125 0.0
0.25 14.375 154297.522923
0.75 14.375 51432.5076411
1.25 14.375 0.0
1.75 14.375 51432.5076411
2.25 14.375 0.0
2.75 14.375 0.0
3.25 14.375 0.0
3.75 14.375 51432.5076411
4.25 14.375 0.0
4.75 14.375 0.0
5.25 14.375 0.0
5.75 14.375 0.0
6.25 14.375 0.0
6.75 14.375 0.0
7.25 14.375 0.0
7.75 14.375 0.0
8.25 14.375 0.0
8.75 14.375 0.0
0.25 14.625 0.0
0.75 14.625 102865.015282
1.25 14.625 102865.015282
1.75 14.625 51432.5076411
2.25 14.625 51432.5076411
2.75 14.625 51432.5076411
3.25 14.625 0.0
3.75 14.625 0.0
4.25 14.625 0.0
4.75 14.625 0.0
5.25 14.625 0.0
5.75 14.625 0.0
6.25 14.625 0.0
6.75 14.625 0.0
7.25 14.625 0.0
7.75 14.625 0.0
8.25 14.625 0.0
8.75 14.625 0.0
0.25 14.875 51432.5076411
0.75 14.875 0.0
1.25 14.875 102865.015282
1.75 14.875 0.0
2.25 14.875 0.0
2.75 14.875 51432.5076411
3.25 14.875 51432.5076411
3.75 14.875 0.0
4.25 14.875 51432.5076411
4.75 14.875 0.0
5.25 14.875 0.0
5.75 14.875 0.0
6.25 14.875 0.0
6.75 14.875 0.0
7.25 14.875 0.0
7.75 14.875 0.0
8.25 14.875 0.0
8.75 14.875 0.0
0.25 15.125 51432.5076411
0.75 15.125 0.0
1.25 15.125 51432.5076411
1.75 15.125 51432.5076411
2.25 15.125 51432.5076411
2.75 15.125 0.0
3.25 15.125 51432.5076411
3.75 15.125 51432.5076411
4.25 15.125 0.0
4.75 15.125 0.0
5.25 15.125 0.0
5.75 15.125 0.0
6.25 15.125 0.0
6.75 15.125 0.0
7.25 15.125 0.0
7.75 15.125 0.0
8.25 15.125 0.0
8.75 15.125 0.0
0.25 15.375 154297.522923
0.75 15.375 51432.5076411
1.25 15.375 0.0
1.75 15.375 0.0
2.25 15.375 0.0
2.75 15.375 0.0
3.25 15.375 0.0
3.75 15.375 0.0
4.25 15.375 0.0
4.75 15.375 0.0
5.25 15.375 0.0
5.75 15.375 0.0
6.25 15.375 0.0
6.75 15.375 0.0
7.25 15.375 0.0
7.75 15.375 0.0
8.25 15.375 0.0
8.75 15.375 0.0
0.25 15.625 0.0
0.75 15.625 51432.5076411
1.25 15.625 51432.5076411
1.75 15.625 0.0
2.25 15.625 0.0
2.75 15.625 0.0
3.25 15.625 0.0
3.75 15.625 51432.5076411
4.25 15.625 0.0
4.75 15.625 0.0
5.25 15.625 0.0
5.75 15.625 0.0
6.25 15.625 0.0
6.75 15.625 0.0
7.25 15.625 0.0
7.75 15.625 0.0
8.25 15.625 0.0
8.75 15.625 0.0
0.25 15.875 51432.5076411
0.75 15.875 51432.5076411
1.25 15.875 0.0
1.75 15.875 51432.5076411
2.25 15.875 0.0
2.75 15.875 51432.5076411
3.25 15.875 0.0
3.75 15.875 0.0
4.25 15.875 0.0
4.75 15.875 0.0
5.25 15.875 0.0
5.75 15.875 0.0
6.25 15.875 0.0
6.75 15.875 0.0
7.25 15.875 0.0
7.75 15.875 0.0
8.25 15.875 0.0
8.75 15.875 0.0
0.25 16.125 51432.5076411
0.75 16.125 0.0
1.25 16.125 51432.5076411
1.75 16.125 154297.522923
2.25 16.125 51432.5076411
2.75 16.125 51432.5076411
3.25 16.125 0.0
3.75 16.125 51432.5076411
4.25 16.125 0.0
4.75 16.125 0.0
5.25 16.125 0.0
5.75 16.125 0.0
6.25 16.125 0.0
6.75 16.125 0.0
7.25 16.125 0.0
7.75 16.125 0.0
8.25 16.125 0.0
8.75 16.125 0.0
0.25 16.375 51432.5076411
0.75 16.375 205730.030565
1.25 16.375 51432.5076411
1.75 16.375 102865.015282
2.25 16.375 102865.015282
2.75 16.375 0.0
3.25 16.375 0.0
3.75 16.375 0.0
4.25 16.375 0.0
4.75 16.375 0.0
5.25 16.375 51432.5076411
5.75 16.375 0.0
6.25 16.375 0.0
6.75 16.375 0.0
7.25 16.375 0.0
7.75 16.375 0.0
8.25 16.375 0.0
8.75 16.375 0.0
0.25 16.625 51432.5076411
0.75 16.625 51432.5076411
1.25 16.625 0.0
1.75 16.625 51432.5076411
2.25 16.625 0.0
2.75 16.625 51432.5076411
3.25 16.625 0.0
3.75 16.625 51432.5076411
4.25 16.625 0.0
4.75 16.625 0.0
5.25 16.625 0.0
5.75 16.625 0.0
6.25 16.625 0.0
6.75 16.625 0.0
7.25 16.625 0.0
7.75 16.625 0.0
8.25 16.625 0.0
8.75 16.625 0.0
0.25 16.875 154297.522923
0.75 16.875 0.0
1.25 16.875 102865.015282
1.75 16.875 102865.015282
2.25 16.875 51432.5076411
2.75 16.875 0.0
3.25 16.875 0.0
3.75 16.875 51432.5076411
4.25 16.875 0.0
4.75 16.875 0.0
5.25 16.875 0.0
5.75 16.875 0.0
6.25 16.875 0.0
6.75 16.875 0.0
7.25 16.875 0.0
7.75 16.875 0.0
8.25 16.875 0.0
8.75 16.875 0.0
0.25 17.125 51432.5076411
0.75 17.125 154297.522923
1.25 17.125 102865.015282
1.75 17.125 0.0
2.25 17.125 102865.015282
2.75 17.125 0.0
3.25 17.125 0.0
3.75 17.125 0.0
4.25 17.125 0.0
4.75 17.125 0.0
5.25 17.125 0.0
5.75 17.125 0.0
6.25 17.125 0.0
6.75 17.125 0.0
7.25 17.125 0.0
7.75 17.125 0.0
8.25 17.125 0.0
8.75 17.125 0.0
0.25 17.375 154297.522923
0.75 17.375 51432.5076411
1.25 17.375 0.0
1.75 17.375 205730.030565
2.25 17.375 51432.5076411
2.75 17.375 0.0
3.25 17.375 0.0
3.75 17.375 0.0
4.25 17.375 0.0
4.75 17.375 0.0
5.25 17.375 0.0
5.75 17.375 0.0
6.25 17.375 0.0
6.75 17.375 0.0
7.25 17.375 0.0
7.75 17.375 0.0
8.25 17.375 0.0
8.75 17.375 0.0
0.25 17.625 51432.5076411
0.75 17.625 51432.5076411
1.25 17.625 0.0
1.75 17.625 51432.5076411
2.25 17.625 0.0
2.75 17.625 51432.5076411
3.25 17.625 0.0
3.75 17.625 0.0
4.25 17.625 0.0
4.75 17.625 0.0
5.25 17.625 0.0
5.75 17.625 0.0
6.25 17.625 0.0
6.75 17.625 0.0
7.25 17.625 0.0
7.75 17.625 0.0
8.25 17.625 0.0
8.75 17.625 0.0
0.25 17.875 0.0
0.75 17.875 0.0
1.25 17.875 0.0
1.75 17.875 0.0
2.25 17.875 0.0
2.75 17.875 0.0
3.25 17.875 51432.5076411
3.75 17.875 0.0
4.25 17.875 0.0
4.75 17.875 0.0
5.25 17.875 0.0
5.75 17.875 0.0
6.25 17.875 0.0
6.75 17.875 0.0
7.25 17.875 0.0
7.75 17.875 0.0
8.25 17.875 0.0
8.75 17.875 0.0
0.25 18.125 51432.5076411
0.75 18.125 51432.5076411
1.25 18.125 0.0
1.75 18.125 0.0
2.25 18.125 0.0
2.75 18.125 0.0
3.25 18.125 0.0
3.75 18.125 0.0
4.25 18.125 0.0
4.75 18.125 0.0
5.25 18.125 0.0
5.75 18.125 0.0
6.25 18.125 0.0
6.75 18.125 0.0
7.25 18.125 0.0
7.75 18.125 0.0
8.25 18.125 0.0
8.75 18.125 0.0
0.25 18.375 0.0
0.75 18.375 0.0
1.25 18.375 51432.5076411
1.75 18.375 0.0
2.25 18.375 0.0
2.75 18.375 0.0
3.25 18.375 0.0
3.75 18.375 0.0
4.25 18.375 0.0
4.75 18.375 0.0
5.25 18.375 0.0
5.75 18.375 0.0
6.25 18.375 0.0
6.75 18.375 0.0
7.25 18.375 0.0
7.75 18.375 0.0
8.25 18.375 0.0
8.75 18.375 0.0
0.25 18.625 51432.5076411
0.75 18.625 0.0
1.25 18.625 102865.015282
1.75 18.625 0.0
2.25 18.625 0.0
2.75 18.625 0.0
3.25 18.625 0.0
3.75 18.625 0.0
4.25 18.625 51432.5076411
4.75 18.625 0.0
5.25 18.625 0.0
5.75 18.625 0.0
6.25 18.625 0.0
6.75 18.625 0.0
7.25 18.625 0.0
7.75 18.625 0.0
8.25 18.625 0.0
8.75 18.625 0.0
0.25 18.875 0.0
0.75 18.875 51432.5076411
1.25 18.875 0.0
1.75 18.875 51432.5076411
2.25 18.875 0.0
2.75 18.875 51432.5076411
3.25 18.875 0.0
3.75 18.875 51432.5076411
4.25 18.875 0.0
4.75 18.875 0.0
5.25 18.875 0.0
5.75 18.875 0.0
6.25 18.875 0.0
6.75 18.875 0.0
7.25 18.875 0.0
7.75 18.875 0.0
8.25 18.875 0.0
8.75 18.875 0.0
0.25 19.125 0.0
0.75 19.125 0.0
1.25 19.125 0.0
1.75 19.125 51432.5076411
2.25 19.125 0.0
2.75 19.125 0.0
3.25 19.125 0.0
3.75 19.125 0.0
4.25 19.125 0.0
4.75 19.125 0.0
5.25 19.125 0.0
5.75 19.125 0.0
6.25 19.125 0.0
6.75 19.125 0.0
7.25 19.125 0.0
7.75 19.125 0.0
8.25 19.125 0.0
8.75 19.125 0.0
0.25 19.375 51432.5076411
0.75 19.375 51432.5076411
1.25 19.375 0.0
1.75 19.375 0.0
2.25 19.375 0.0
2.75 19.375 0.0
3.25 19.375 51432.5076411
3.75 19.375 0.0
4.25 19.375 0.0
4.75 19.375 0.0
5.25 19.375 0.0
5.75 19.375 0.0
6.25 19.375 0.0
6.75 19.375 0.0
7.25 19.375 0.0
7.75 19.375 0.0
8.25 19.375 0.0
8.75 19.375 0.0
0.25 19.625 0.0
0.75 19.625 51432.5076411
1.25 19.625 154297.522923
1.75 19.625 0.0
2.25 19.625 0.0
2.75 19.625 51432.5076411
3.25 19.625 0.0
3.75 19.625 0.0
4.25 19.625 0.0
4.75 19.625 0.0
5.25 19.625 0.0
5.75 19.625 0.0
6.25 19.625 0.0
6.75 19.625 0.0
7.25 19.625 0.0
7.75 19.625 0.0
8.25 19.625 0.0
8.75 19.625 0.0
0.25 19.875 0.0
0.75 19.875 0.0
1.25 19.875 0.0
1.75 19.875 102865.015282
2.25 19.875 0.0
2.75 19.875 0.0
3.25 19.875 0.0
3.75 19.875 0.0
4.25 19.875 0.0
4.75 19.875 0.0
5.25 19.875 0.0
5.75 19.875 0.0
6.25 19.875 0.0
6.75 19.875 0.0
7.25 19.875 0.0
7.75 19.875 0.0
8.25 19.875 0.0
8.75 19.875 0.0
0.25 20.125 0.0
0.75 20.125 0.0
1.25 20.125 0.0
1.75 20.125 0.0
2.25 20.125 0.0
2.75 20.125 0.0
3.25 20.125 0.0
3.75 20.125 0.0
4.25 20.125 0.0
4.75 20.125 0.0
5.25 20.125 0.0
5.75 20.125 0.0
6.25 20.125 0.0
6.75 20.125 0.0
7.25 20.125 0.0
7.75 20.125 0.0
8.25 20.125 0.0
8.75 20.125 0.0
0.25 20.375 0.0
0.75 20.375 0.0
1.25 20.375 0.0
1.75 20.375 51432.5076411
2.25 20.375 0.0
2.75 20.375 0.0
3.25 20.375 0.0
3.75 20.375 0.0
4.25 20.375 0.0
4.75 20.375 0.0
5.25 20.375 0.0
5.75 20.375 0.0
6.25 20.375 0.0
6.75 20.375 0.0
7.25 20.375 0.0
7.75 20.375 0.0
8.25 20.375 0.0
8.75 20.375 0.0
0.25 20.625 102865.015282
0.75 20.625 0.0
1.25 20.625 51432.5076411
1.75 20.625 0.0
2.25 20.625 0.0
2.75 20.625 0.0
3.25 20.625 0.0
3.75 20.625 0.0
4.25 20.625 0.0
4.75 20.625 0.0
5.25 20.625 0.0
5.75 20.625 0.0
6.25 20.625 0.0
6.75 20.625 0.0
7.25 20.625 0.0
7.75 20.625 0.0
8.25 20.625 0.0
8.75 20.625 0.0
0.25 20.875 51432.5076411
0.75 20.875 51432.5076411
1.25 20.875 0.0
1.75 20.875 51432.5076411
2.25 20.875 51432.5076411
2.75 20.875 0.0
3.25 20.875 0.0
3.75 20.875 0.0
4.25 20.875 0.0
4.75 20.875 0.0
5.25 20.875 0.0
5.75 20.875 0.0
6.25 20.875 0.0
6.75 20.875 0.0
7.25 20.875 0.0
7.75 20.875 0.0
8.25 20.875 0.0
8.75 20.875 0.0
0.25 21.125 51432.5076411
0.75 21.125 0.0
1.25 21.125 0.0
1.75 21.125 102865.015282
2.25 21.125 0.0
2.75 21.125 51432.5076411
3.25 21.125 0.0
3.75 21.125 0.0
4.25 21.125 51432.5076411
4.75 21.125 0.0
5.25 21.125 0.0
5.75 21.125 0.0
6.25 21.125 0.0
6.75 21.125 0.0
7.25 21.125 0.0
7.75 21.125 0.0
8.25 21.125 0.0
8.75 21.125 0.0
0.25 21.375 0.0
0.75 21.375 0.0
1.25 21.375 0.0
1.75 21.375 0.0
2.25 21.375 51432.5076411
2.75 21.375 0.0
3.25 21.375 102865.015282
3.75 21.375 0.0
4.25 21.375 0.0
4.75 21.375 0.0
5.25 21.375 0.0
5.75 21.375 0.0
6.25 21.375 0.0
6.75 21.375 0.0
7.25 21.375 0.0
7.75 21.375 0.0
8.25 21.375 0.0
8.75 21.375 0.0
0.25 21.625 51432.5076411
0.75 21.625 0.0
1.25 21.625 0.0
1.75 21.625 51432.5076411
2.25 21.625 51432.5076411
2.75 21.625 0.0
3.25 21.625 0.0
3.75 21.625 0.0
4.25 21.625 0.0
4.75 21.625 0.0
5.25 21.625 0.0
5.75 21.625 0.0
6.25 21.625 0.0
6.75 21.625 0.0
7.25 21.625 0.0
7.75 21.625 0.0
8.25 21.625 0.0
8.75 21.625 0.0
0.25 21.875 0.0
0.75 21.875 0.0
1.25 21.875 0.0
1.75 21.875 51432.5076411
2.25 21.875 0.0
2.75 21.875 51432.5076411
3.25 21.875 0.0
3.75 21.875 0.0
4.25 21.875 0.0
4.75 21.875 0.0
5.25 21.875 0.0
5.75 21.875 0.0
6.25 21.875 0.0
6.75 21.875 0.0
7.25 21.875 0.0
7.75 21.875 0.0
8.25 21.875 0.0
8.75 21.875 0.0
0.25 22.125 51432.5076411
0.75 22.125 0.0
1.25 22.125 0.0
1.75 22.125 0.0
2.25 22.125 51432.5076411
2.75 22.125 0.0
3.25 22.125 0.0
3.75 22.125 51432.5076411
4.25 22.125 0.0
4.75 22.125 0.0
5.25 22.125 0.0
5.75 22.125 0.0
6.25 22.125 0.0
6.75 22.125 0.0
7.25 22.125 0.0
7.75 22.125 0.0
8.25 22.125 0.0
8.75 22.125 0.0
0.25 22.375 0.0
0.75 22.375 0.0
1.25 22.375 51432.5076411
1.75 22.375 0.0
2.25 22.375 0.0
2.75 22.375 0.0
3.25 22.375 0.0
3.75 22.375 0.0
4.25 22.375 0.0
4.75 22.375 0.0
5.25 22.375 0.0
5.75 22.375 0.0
6.25 22.375 0.0
6.75 22.375 0.0
7.25 22.375 0.0
7.75 22.375 0.0
8.25 22.375 0.0
8.75 22.375 0.0
0.25 22.625 0.0
0.75 22.625 0.0
1.25 22.625 0.0
1.75 22.625 0.0
2.25 22.625 51432.5076411
2.75 22.625 0.0
3.25 22.625 0.0
3.75 22.625 0.0
4.25 22.625 0.0
4.75 22.625 0.0
5.25 22.625 0.0
5.75 22.625 0.0
6.25 22.625 0.0
6.75 22.625 0.0
7.25 22.625 0.0
7.75 22.625 0.0
8.25 22.625 0.0
8.75 22.625 0.0
0.25 22.875 0.0
0.75 22.875 0.0
1.25 22.875 0.0
1.75 22.875 0.0
2.25 22.875 0.0
2.75 22.875 0.0
3.25 22.875 0.0
3.75 22.875 0.0
4.25 22.875 0.0
4.75 22.875 0.0
5.25 22.875 0.0
5.75 22.875 0.0
6.25 22.875 0.0
6.75 22.875 0.0
7.25 22.875 0.0
7.75 22.875 0.0
8.25 22.875 0.0
8.75 22.875 0.0
0.25 23.125 0.0
0.75 23.125 0.0
1.25 23.125 0.0
1.75 23.125 0.0
2.25 23.125 0.0
2.75 23.125 0.0
3.25 23.125 0.0
3.75 23.125 0.0
4.25 23.125 0.0
4.75 23.125 0.0
5.25 23.125 0.0
5.75 23.125 0.0
6.25 23.125 0.0
6.75 23.125 0.0
7.25 23.125 0.0
7.75 23.125 0.0
8.25 23.125 0.0
8.75 23.125 0.0
0.25 23.375 154297.522923
0.75 23.375 51432.5076411
1.25 23.375 0.0
1.75 23.375 0.0
2.25 23.375 0.0
2.75 23.375 0.0
3.25 23.375 0.0
3.75 23.375 51432.5076411
4.25 23.375 0.0
4.75 23.375 0.0
5.25 23.375 0.0
5.75 23.375 0.0
6.25 23.375 0.0
6.75 23.375 0.0
7.25 23.375 0.0
7.75 23.375 0.0
8.25 23.375 0.0
8.75 23.375 0.0
0.25 23.625 51432.5076411
0.75 23.625 0.0
1.25 23.625 0.0
1.75 23.625 0.0
2.25 23.625 0.0
2.75 23.625 0.0
3.25 23.625 0.0
3.75 23.625 0.0
4.25 23.625 0.0
4.75 23.625 0.0
5.25 23.625 0.0
5.75 23.625 0.0
6.25 23.625 0.0
6.75 23.625 0.0
7.25 23.625 0.0
7.75 23.625 0.0
8.25 23.625 0.0
8.75 23.625 0.0
0.25 23.875 0.0
0.75 23.875 0.0
1.25 23.875 0.0
1.75 23.875 0.0
2.25 23.875 0.0
2.75 23.875 0.0
3.25 23.875 0.0
3.75 23.875 0.0
4.25 23.875 51432.5076411
4.75 23.875 0.0
5.25 23.875 0.0
5.75 23.875 0.0
6.25 23.875 0.0
6.75 23.875 0.0
7.25 23.875 0.0
7.75 23.875 0.0
8.25 23.875 0.0
8.75 23.875 0.0
0.25 24.125 0.0
0.75 24.125 0.0
1.25 24.125 0.0
1.75 24.125 0.0
2.25 24.125 0.0
2.75 24.125 0.0
3.25 24.125 0.0
3.75 24.125 0.0
4.25 24.125 0.0
4.75 24.125 0.0
5.25 24.125 0.0
5.75 24.125 0.0
6.25 24.125 0.0
6.75 24.125 0.0
7.25 24.125 0.0
7.75 24.125 0.0
8.25 24.125 0.0
8.75 24.125 0.0
0.25 24.375 0.0
0.75 24.375 0.0
1.25 24.375 0.0
1.75 24.375 0.0
2.25 24.375 0.0
2.75 24.375 0.0
3.25 24.375 0.0
3.75 24.375 0.0
4.25 24.375 0.0
4.75 24.375 0.0
5.25 24.375 0.0
5.75 24.375 0.0
6.25 24.375 0.0
6.75 24.375 0.0
7.25 24.375 0.0
7.75 24.375 0.0
8.25 24.375 0.0
8.75 24.375 0.0
0.25 24.625 0.0
0.75 24.625 0.0
1.25 24.625 0.0
1.75 24.625 0.0
2.25 24.625 0.0
2.75 24.625 0.0
3.25 24.625 0.0
3.75 24.625 0.0
4.25 24.625 0.0
4.75 24.625 0.0
5.25 24.625 0.0
5.75 24.625 0.0
6.25 24.625 0.0
6.75 24.625 0.0
7.25 24.625 0.0
7.75 24.625 0.0
8.25 24.625 0.0
8.75 24.625 0.0
0.25 24.875 0.0
0.75 24.875 0.0
1.25 24.875 0.0
1.75 24.875 0.0
2.25 24.875 0.0
2.75 24.875 0.0
3.25 24.875 0.0
3.75 24.875 0.0
4.25 24.875 0.0
4.75 24.875 0.0
5.25 24.875 0.0
5.75 24.875 0.0
6.25 24.875 0.0
6.75 24.875 0.0
7.25 24.875 0.0
7.75 24.875 0.0
8.25 24.875 0.0
8.75 24.875 0.0
0.25 25.125 0.0
0.75 25.125 0.0
1.25 25.125 51432.5076411
1.75 25.125 0.0
2.25 25.125 0.0
2.75 25.125 0.0
3.25 25.125 0.0
3.75 25.125 0.0
4.25 25.125 0.0
4.75 25.125 0.0
5.25 25.125 0.0
5.75 25.125 0.0
6.25 25.125 0.0
6.75 25.125 0.0
7.25 25.125 0.0
7.75 25.125 0.0
8.25 25.125 0.0
8.75 25.125 0.0
0.25 25.375 0.0
0.75 25.375 0.0
1.25 25.375 0.0
1.75 25.375 0.0
2.25 25.375 51432.5076411
2.75 25.375 0.0
3.25 25.375 0.0
3.75 25.375 0.0
4.25 25.375 0.0
4.75 25.375 0.0
5.25 25.375 0.0
5.75 25.375 0.0
6.25 25.375 0.0
6.75 25.375 0.0
7.25 25.375 0.0
7.75 25.375 0.0
8.25 25.375 0.0
8.75 25.375 0.0
0.25 25.625 0.0
0.75 25.625 0.0
1.25 25.625 0.0
1.75 25.625 0.0
2.25 25.625 0.0
2.75 25.625 0.0
3.25 25.625 0.0
3.75 25.625 0.0
4.25 25.625 0.0
4.75 25.625 0.0
5.25 25.625 0.0
5.75 25.625 0.0
6.25 25.625 0.0
6.75 25.625 0.0
7.25 25.625 0.0
7.75 25.625 0.0
8.25 25.625 0.0
8.75 25.625 0.0
0.25 25.875 0.0
0.75 25.875 0.0
1.25 25.875 0.0
1.75 25.875 102865.015282
2.25 25.875 0.0
2.75 25.875 0.0
3.25 25.875 0.0
3.75 25.875 0.0
4.25 25.875 0.0
4.75 25.875 0.0
5.25 25.875 0.0
5.75 25.875 0.0
6.25 25.875 0.0
6.75 25.875 0.0
7.25 25.875 0.0
7.75 25.875 0.0
8.25 25.875 0.0
8.75 25.875 0.0
0.25 26.125 0.0
0.75 26.125 0.0
1.25 26.125 0.0
1.75 26.125 0.0
2.25 26.125 0.0
2.75 26.125 51432.5076411
3.25 26.125 0.0
3.75 26.125 0.0
4.25 26.125 0.0
4.75 26.125 0.0
5.25 26.125 0.0
5.75 26.125 0.0
6.25 26.125 0.0
6.75 26.125 0.0
7.25 26.125 0.0
7.75 26.125 0.0
8.25 26.125 0.0
8.75 26.125 0.0
0.25 26.375 102865.015282
0.75 26.375 0.0
1.25 26.375 0.0
1.75 26.375 0.0
2.25 26.375 0.0
2.75 26.375 0.0
3.25 26.375 0.0
3.75 26.375 0.0
4.25 26.375 0.0
4.75 26.375 0.0
5.25 26.375 0.0
5.75 26.375 0.0
6.25 26.375 0.0
6.75 26.375 0.0
7.25 26.375 0.0
7.75 26.375 0.0
8.25 26.375 0.0
8.75 26.375 0.0
0.25 26.625 0.0
0.75 26.625 51432.5076411
1.25 26.625 0.0
1.75 26.625 0.0
2.25 26.625 0.0
2.75 26.625 51432.5076411
3.25 26.625 0.0
3.75 26.625 51432.5076411
4.25 26.625 0.0
4.75 26.625 0.0
5.25 26.625 0.0
5.75 26.625 0.0
6.25 26.625 0.0
6.75 26.625 0.0
7.25 26.625 0.0
7.75 26.625 0.0
8.25 26.625 0.0
8.75 26.625 0.0
0.25 26.875 0.0
0.75 26.875 0.0
1.25 26.875 51432.5076411
1.75 26.875 0.0
2.25 26.875 0.0
2.75 26.875 0.0
3.25 26.875 0.0
3.75 26.875 0.0
4.25 26.875 0.0
4.75 26.875 0.0
5.25 26.875 0.0
5.75 26.875 0.0
6.25 26.875 0.0
6.75 26.875 0.0
7.25 26.875 0.0
7.75 26.875 0.0
8.25 26.875 0.0
8.75 26.875 0.0
0.25 27.125 0.0
0.75 27.125 0.0
1.25 27.125 0.0
1.75 27.125 51432.5076411
2.25 27.125 0.0
2.75 27.125 0.0
3.25 27.125 51432.5076411
3.75 27.125 0.0
4.25 27.125 0.0
4.75 27.125 0.0
5.25 27.125 0.0
5.75 27.125 0.0
6.25 27.125 0.0
6.75 27.125 0.0
7.25 27.125 0.0
7.75 27.125 0.0
8.25 27.125 0.0
8.75 27.125 0.0
0.25 27.375 0.0
0.75 27.375 0.0
1.25 27.375 0.0
1.75 27.375 0.0
2.25 27.375 0.0
2.75 27.375 0.0
3.25 27.375 0.0
3.75 27.375 0.0
4.25 27.375 0.0
4.75 27.375 0.0
5.25 27.375 0.0
5.75 27.375 0.0
6.25 27.375 0.0
6.75 27.375 0.0
7.25 27.375 0.0
7.75 27.375 0.0
8.25 27.375 0.0
8.75 27.375 0.0
0.25 27.625 0.0
0.75 27.625 0.0
1.25 27.625 0.0
1.75 27.625 0.0
2.25 27.625 0.0
2.75 27.625 0.0
3.25 27.625 0.0
3.75 27.625 0.0
4.25 27.625 0.0
4.75 27.625 0.0
5.25 27.625 0.0
5.75 27.625 0.0
6.25 27.625 0.0
6.75 27.625 0.0
7.25 27.625 0.0
7.75 27.625 0.0
8.25 27.625 0.0
8.75 27.625 0.0
0.25 27.875 0.0
0.75 27.875 0.0
1.25 27.875 0.0
1.75 27.875 0.0
2.25 27.875 0.0
2.75 27.875 0.0
3.25 27.875 0.0
3.75 27.875 0.0
4.25 27.875 0.0
4.75 27.875 0.0
5.25 27.875 0.0
5.75 27.875 0.0
6.25 27.875 0.0
6.75 27.875 0.0
7.25 27.875 0.0
7.75 27.875 0.0
8.25 27.875 0.0
8.75 27.875 0.0
0.25 28.125 0.0
0.75 28.125 0.0
1.25 28.125 0.0
1.75 28.125 0.0
2.25 28.125 0.0
2.75 28.125 0.0
3.25 28.125 0.0
3.75 28.125 0.0
4.25 28.125 0.0
4.75 28.125 0.0
5.25 28.125 0.0
5.75 28.125 0.0
6.25 28.125 0.0
6.75 28.125 0.0
7.25 28.125 0.0
7.75 28.125 0.0
8.25 28.125 0.0
8.75 28.125 0.0
0.25 28.375 0.0
0.75 28.375 51432.5076411
1.25 28.375 0.0
1.75 28.375 0.0
2.25 28.375 0.0
2.75 28.375 0.0
3.25 28.375 0.0
3.75 28.375 0.0
4.25 28.375 0.0
4.75 28.375 0.0
5.25 28.375 0.0
5.75 28.375 0.0
6.25 28.375 0.0
6.75 28.375 0.0
7.25 28.375 0.0
7.75 28.375 0.0
8.25 28.375 0.0
8.75 28.375 0.0
0.25 28.625 0.0
0.75 28.625 0.0
1.25 28.625 0.0
1.75 28.625 0.0
2.25 28.625 0.0
2.75 28.625 0.0
3.25 28.625 0.0
3.75 28.625 0.0
4.25 28.625 0.0
4.75 28.625 0.0
5.25 28.625 0.0
5.75 28.625 0.0
6.25 28.625 0.0
6.75 28.625 0.0
7.25 28.625 0.0
7.75 28.625 0.0
8.25 28.625 0.0
8.75 28.625 0.0
0.25 28.875 0.0
0.75 28.875 0.0
1.25 28.875 0.0
1.75 28.875 0.0
2.25 28.875 0.0
2.75 28.875 0.0
3.25 28.875 0.0
3.75 28.875 0.0
4.25 28.875 0.0
4.75 28.875 0.0
5.25 28.875 0.0
5.75 28.875 0.0
6.25 28.875 0.0
6.75 28.875 0.0
7.25 28.875 0.0
7.75 28.875 0.0
8.25 28.875 0.0
8.75 28.875 0.0
0.25 29.125 0.0
0.75 29.125 0.0
1.25 29.125 0.0
1.75 29.125 0.0
2.25 29.125 0.0
2.75 29.125 0.0
3.25 29.125 0.0
3.75 29.125 0.0
4.25 29.125 0.0
4.75 29.125 0.0
5.25 29.125 0.0
5.75 29.125 0.0
6.25 29.125 0.0
6.75 29.125 0.0
7.25 29.125 0.0
7.75 29.125 0.0
8.25 29.125 0.0
8.75 29.125 0.0
0.25 29.375 0.0
0.75 29.375 0.0
1.25 29.375 0.0
1.75 29.375 0.0
2.25 29.375 0.0
2.75 29.375 0.0
3.25 29.375 0.0
3.75 29.375 0.0
4.25 29.375 0.0
4.75 29.375 0.0
5.25 29.375 0.0
5.75 29.375 0.0
6.25 29.375 0.0
6.75 29.375 0.0
7.25 29.375 0.0
7.75 29.375 0.0
8.25 29.375 0.0
8.75 29.375 0.0
0.25 29.625 0.0
0.75 29.625 0.0
1.25 29.625 0.0
1.75 29.625 0.0
2.25 29.625 0.0
2.75 29.625 0.0
3.25 29.625 0.0
3.75 29.625 0.0
4.25 29.625 0.0
4.75 29.625 0.0
5.25 29.625 0.0
5.75 29.625 0.0
6.25 29.625 0.0
6.75 29.625 0.0
7.25 29.625 0.0
7.75 29.625 0.0
8.25 29.625 0.0
8.75 29.625 0.0
0.25 29.875 51432.5076411
0.75 29.875 0.0
1.25 29.875 0.0
1.75 29.875 0.0
2.25 29.875 0.0
2.75 29.875 0.0
3.25 29.875 0.0
3.75 29.875 0.0
4.25 29.875 0.0
4.75 29.875 0.0
5.25 29.875 0.0
5.75 29.875 0.0
6.25 29.875 0.0
6.75 29.875 0.0
7.25 29.875 0.0
7.75 29.875 0.0
8.25 29.875 0.0
8.75 29.875 0.0
