0.25 0.125 24605962.6465
0.75 0.125 22082274.1699
1.25 0.125 23659579.4678
1.75 0.125 22713196.289
2.25 0.125 23344118.4082
2.75 0.125 21766813.1103
3.25 0.125 27445112.1826
3.75 0.125 25867806.8847
4.25 0.125 25867806.8847
4.75 0.125 25236884.7656
5.25 0.125 24921423.706
5.75 0.125 26498729.0039
6.25 0.125 23659579.4678
6.75 0.125 20504968.872
7.25 0.125 18927663.5742
7.75 0.125 8517448.60839
8.25 0.125 4100993.77441
8.75 0.125 630922.11914
0.25 0.375 46372775.7568
0.75 0.375 46372775.7568
1.25 0.375 38801710.3271
1.75 0.375 49211925.2929
2.25 0.375 49842847.4121
2.75 0.375 49211925.2929
3.25 0.375 48896464.2334
3.75 0.375 46688236.8164
4.25 0.375 52051074.829
4.75 0.375 43533626.2207
5.25 0.375 49527386.3525
5.75 0.375 50789230.5908
6.25 0.375 46057314.6972
6.75 0.375 39748093.5058
7.25 0.375 27760573.2422
7.75 0.375 17981280.3955
8.25 0.375 8201987.54882
8.75 0.375 630922.11914
0.25 0.625 39432632.4462
0.75 0.625 31546105.957
1.25 0.625 37539866.0888
1.75 0.625 35647099.7314
2.25 0.625 34069794.4336
2.75 0.625 36593482.9101
3.25 0.625 31230644.8974
3.75 0.625 38801710.3271
4.25 0.625 40379015.625
4.75 0.625 38170788.208
5.25 0.625 40379015.625
5.75 0.625 34069794.4336
6.25 0.625 29337878.54
6.75 0.625 28706956.4209
7.25 0.625 21135890.9912
7.75 0.625 12933903.4424
8.25 0.625 3785532.71484
8.75 0.625 315461.05957
0.25 0.875 26814190.0635
0.75 0.875 29653339.5996
1.25 0.875 29337878.54
1.75 0.875 23659579.4678
2.25 0.875 33123411.2549
2.75 0.875 29022417.4804
3.25 0.875 20504968.872
3.75 0.875 22397735.2295
4.25 0.875 18927663.5742
4.75 0.875 20189507.8125
5.25 0.875 16719436.1572
5.75 0.875 18296741.4551
6.25 0.875 11672059.2041
6.75 0.875 12618442.3828
7.25 0.875 9463831.7871
7.75 0.875 5993760.13183
8.25 0.875 1892766.35742
8.75 0.875 0.0
0.25 1.125 15773052.9785
0.75 1.125 21766813.1103
1.25 1.125 17665819.3359
1.75 1.125 18927663.5742
2.25 1.125 19558585.6933
2.75 1.125 19243124.6338
3.25 1.125 18927663.5742
3.75 1.125 17034897.2168
4.25 1.125 14195747.6806
4.75 1.125 12933903.4424
5.25 1.125 11041137.085
5.75 1.125 7886526.48925
6.25 1.125 6940143.31054
6.75 1.125 3785532.71484
7.25 1.125 3470071.65527
7.75 1.125 1577305.29785
8.25 1.125 630922.11914
8.75 1.125 0.0
0.25 1.375 14511208.7402
0.75 1.375 18612202.5146
1.25 1.375 19243124.6338
1.75 1.375 17665819.3359
2.25 1.375 16088514.0381
2.75 1.375 16719436.1572
3.25 1.375 13564825.5615
3.75 1.375 14511208.7402
4.25 1.375 11041137.085
4.75 1.375 8201987.54882
5.25 1.375 5678299.07226
5.75 1.375 3154610.5957
6.25 1.375 2523688.47656
6.75 1.375 1577305.29785
7.25 1.375 1577305.29785
7.75 1.375 630922.11914
8.25 1.375 315461.05957
8.75 1.375 0.0
0.25 1.625 16719436.1572
0.75 1.625 19874046.7529
1.25 1.625 21766813.1103
1.75 1.625 19243124.6338
2.25 1.625 19874046.7529
2.75 1.625 15773052.9785
3.25 1.625 14195747.6806
3.75 1.625 10094753.9062
4.25 1.625 10725676.0254
4.75 1.625 5678299.07226
5.25 1.625 6624682.25097
5.75 1.625 2839149.53613
6.25 1.625 1892766.35742
6.75 1.625 946383.17871
7.25 1.625 315461.05957
7.75 1.625 0.0
8.25 1.625 0.0
8.75 1.625 0.0
0.25 1.875 15457591.9189
0.75 1.875 15457591.9189
1.25 1.875 14511208.7402
1.75 1.875 17034897.2168
2.25 1.875 22713196.289
2.75 1.875 16403975.0976
3.25 1.875 13880286.6211
3.75 1.875 10410214.9658
4.25 1.875 7571065.42968
4.75 1.875 7255604.37011
5.25 1.875 7571065.42968
5.75 1.875 3785532.71484
6.25 1.875 946383.17871
6.75 1.875 1261844.23828
7.25 1.875 315461.05957
7.75 1.875 0.0
8.25 1.875 0.0
8.75 1.875 0.0
0.25 2.125 23659579.4678
0.75 2.125 16719436.1572
1.25 2.125 21135890.9912
1.75 2.125 21451352.0508
2.25 2.125 23659579.4678
2.75 2.125 16719436.1572
3.25 2.125 13249364.5019
3.75 2.125 13564825.5615
4.25 2.125 13249364.5019
4.75 2.125 7886526.48925
5.25 2.125 4731915.89355
5.75 2.125 3785532.71484
6.25 2.125 1261844.23828
6.75 2.125 1577305.29785
7.25 2.125 315461.05957
7.75 2.125 0.0
8.25 2.125 0.0
8.75 2.125 0.0
0.25 2.375 21451352.0508
0.75 2.375 26814190.0635
1.25 2.375 23028657.3486
1.75 2.375 19558585.6933
2.25 2.375 23659579.4678
2.75 2.375 19874046.7529
3.25 2.375 19243124.6338
3.75 2.375 16088514.0381
4.25 2.375 9463831.7871
4.75 2.375 6309221.1914
5.25 2.375 6624682.25097
5.75 2.375 2523688.47656
6.25 2.375 1261844.23828
6.75 2.375 630922.11914
7.25 2.375 0.0
7.75 2.375 0.0
8.25 2.375 0.0
8.75 2.375 0.0
0.25 2.625 24921423.706
0.75 2.625 28391495.3613
1.25 2.625 25867806.8847
1.75 2.625 29968800.6592
2.25 2.625 26814190.0635
2.75 2.625 21451352.0508
3.25 2.625 19874046.7529
3.75 2.625 14826669.7998
4.25 2.625 11672059.2041
4.75 2.625 8201987.54882
5.25 2.625 7255604.37011
5.75 2.625 3470071.65527
6.25 2.625 2208227.41699
6.75 2.625 946383.17871
7.25 2.625 0.0
7.75 2.625 0.0
8.25 2.625 0.0
8.75 2.625 0.0
0.25 2.875 25236884.7656
0.75 2.875 31230644.8974
1.25 2.875 24921423.706
1.75 2.875 27760573.2422
2.25 2.875 24605962.6465
2.75 2.875 23975040.5273
3.25 2.875 19243124.6338
3.75 2.875 17665819.3359
4.25 2.875 16403975.0976
4.75 2.875 12302981.3232
5.25 2.875 8832909.66796
5.75 2.875 4416454.83398
6.25 2.875 1577305.29785
6.75 2.875 0.0
7.25 2.875 0.0
7.75 2.875 315461.05957
8.25 2.875 0.0
8.75 2.875 0.0
0.25 3.125 31230644.8974
0.75 3.125 29653339.5996
1.25 3.125 28706956.4209
1.75 3.125 28706956.4209
2.25 3.125 29968800.6592
2.75 3.125 25867806.8847
3.25 3.125 19243124.6338
3.75 3.125 17034897.2168
4.25 3.125 17350358.2763
4.75 3.125 14195747.6806
5.25 3.125 8832909.66796
5.75 3.125 4416454.83398
6.25 3.125 2839149.53613
6.75 3.125 630922.11914
7.25 3.125 0.0
7.75 3.125 0.0
8.25 3.125 0.0
8.75 3.125 0.0
0.25 3.375 29968800.6592
0.75 3.375 32177028.0761
1.25 3.375 31546105.957
1.75 3.375 33438872.3144
2.25 3.375 29022417.4804
2.75 3.375 34069794.4336
3.25 3.375 20189507.8125
3.75 3.375 18296741.4551
4.25 3.375 13249364.5019
4.75 3.375 9779292.84667
5.25 3.375 5047376.95312
5.75 3.375 2839149.53613
6.25 3.375 1261844.23828
6.75 3.375 315461.05957
7.25 3.375 0.0
7.75 3.375 0.0
8.25 3.375 0.0
8.75 3.375 0.0
0.25 3.625 37224405.0293
0.75 3.625 31230644.8974
1.25 3.625 28076034.3017
1.75 3.625 28076034.3017
2.25 3.625 26814190.0635
2.75 3.625 24605962.6465
3.25 3.625 25552345.8252
3.75 3.625 15142130.8594
4.25 3.625 16719436.1572
4.75 3.625 11356598.1445
5.25 3.625 6309221.1914
5.75 3.625 4100993.77441
6.25 3.625 1577305.29785
6.75 3.625 946383.17871
7.25 3.625 0.0
7.75 3.625 0.0
8.25 3.625 0.0
8.75 3.625 0.0
0.25 3.875 36593482.9101
0.75 3.875 29653339.5996
1.25 3.875 31861567.0166
1.75 3.875 27445112.1826
2.25 3.875 29653339.5996
2.75 3.875 23975040.5273
3.25 3.875 20504968.872
3.75 3.875 17350358.2763
4.25 3.875 17350358.2763
4.75 3.875 11041137.085
5.25 3.875 5047376.95312
5.75 3.875 4731915.89355
6.25 3.875 2208227.41699
6.75 3.875 630922.11914
7.25 3.875 0.0
7.75 3.875 0.0
8.25 3.875 0.0
8.75 3.875 0.0
0.25 4.125 30284261.7187
0.75 4.125 34700716.5527
1.25 4.125 27129651.123
1.75 4.125 27760573.2422
2.25 4.125 25552345.8252
2.75 4.125 20820429.9316
3.25 4.125 21135890.9912
3.75 4.125 12933903.4424
4.25 4.125 15142130.8594
4.75 4.125 9779292.84667
5.25 4.125 5047376.95312
5.75 4.125 4731915.89355
6.25 4.125 2839149.53613
6.75 4.125 0.0
7.25 4.125 0.0
7.75 4.125 0.0
8.25 4.125 0.0
8.75 4.125 0.0
0.25 4.375 23975040.5273
0.75 4.375 29968800.6592
1.25 4.375 34700716.5527
1.75 4.375 24290501.5869
2.25 4.375 21766813.1103
2.75 4.375 22082274.1699
3.25 4.375 17034897.2168
3.75 4.375 13880286.6211
4.25 4.375 6309221.1914
4.75 4.375 9779292.84667
5.25 4.375 5362838.01269
5.75 4.375 2208227.41699
6.25 4.375 2208227.41699
6.75 4.375 630922.11914
7.25 4.375 0.0
7.75 4.375 0.0
8.25 4.375 0.0
8.75 4.375 0.0
0.25 4.625 23975040.5273
0.75 4.625 20189507.8125
1.25 4.625 21135890.9912
1.75 4.625 19874046.7529
2.25 4.625 16403975.0976
2.75 4.625 20820429.9316
3.25 4.625 14511208.7402
3.75 4.625 13564825.5615
4.25 4.625 11356598.1445
4.75 4.625 5993760.13183
5.25 4.625 1577305.29785
5.75 4.625 3785532.71484
6.25 4.625 1261844.23828
6.75 4.625 315461.05957
7.25 4.625 0.0
7.75 4.625 0.0
8.25 4.625 0.0
8.75 4.625 0.0
0.25 4.875 23028657.3486
0.75 4.875 21766813.1103
1.25 4.875 20189507.8125
1.75 4.875 17665819.3359
2.25 4.875 17034897.2168
2.75 4.875 16403975.0976
3.25 4.875 12302981.3232
3.75 4.875 10094753.9062
4.25 4.875 7571065.42968
4.75 4.875 5678299.07226
5.25 4.875 4416454.83398
5.75 4.875 2208227.41699
6.25 4.875 1892766.35742
6.75 4.875 0.0
7.25 4.875 0.0
7.75 4.875 0.0
8.25 4.875 0.0
8.75 4.875 0.0
0.25 5.125 19243124.6338
0.75 5.125 14826669.7998
1.25 5.125 20820429.9316
1.75 5.125 13880286.6211
2.25 5.125 15773052.9785
2.75 5.125 13564825.5615
3.25 5.125 9779292.84667
3.75 5.125 10094753.9062
4.25 5.125 9779292.84667
4.75 5.125 4731915.89355
5.25 5.125 4100993.77441
5.75 5.125 1577305.29785
6.25 5.125 0.0
6.75 5.125 315461.05957
7.25 5.125 0.0
7.75 5.125 0.0
8.25 5.125 0.0
8.75 5.125 0.0
0.25 5.375 17034897.2168
0.75 5.375 13880286.6211
1.25 5.375 18612202.5146
1.75 5.375 14511208.7402
2.25 5.375 14826669.7998
2.75 5.375 10410214.9658
3.25 5.375 10410214.9658
3.75 5.375 9148370.72753
4.25 5.375 8201987.54882
4.75 5.375 4100993.77441
5.25 5.375 4100993.77441
5.75 5.375 946383.17871
6.25 5.375 0.0
6.75 5.375 315461.05957
7.25 5.375 0.0
7.75 5.375 0.0
8.25 5.375 0.0
8.75 5.375 0.0
0.25 5.625 12618442.3828
0.75 5.625 14826669.7998
1.25 5.625 12933903.4424
1.75 5.625 11041137.085
2.25 5.625 11356598.1445
2.75 5.625 10094753.9062
3.25 5.625 9463831.7871
3.75 5.625 6624682.25097
4.25 5.625 6309221.1914
4.75 5.625 1261844.23828
5.25 5.625 1261844.23828
5.75 5.625 3154610.5957
6.25 5.625 315461.05957
6.75 5.625 0.0
7.25 5.625 315461.05957
7.75 5.625 0.0
8.25 5.625 0.0
8.75 5.625 0.0
0.25 5.875 8201987.54882
0.75 5.875 11041137.085
1.25 5.875 12302981.3232
1.75 5.875 14511208.7402
2.25 5.875 11041137.085
2.75 5.875 7886526.48925
3.25 5.875 6309221.1914
3.75 5.875 6624682.25097
4.25 5.875 5047376.95312
4.75 5.875 3154610.5957
5.25 5.875 1261844.23828
5.75 5.875 1577305.29785
6.25 5.875 0.0
6.75 5.875 0.0
7.25 5.875 0.0
7.75 5.875 0.0
8.25 5.875 0.0
8.75 5.875 0.0
0.25 6.125 8517448.60839
0.75 6.125 8517448.60839
1.25 6.125 7571065.42968
1.75 6.125 10410214.9658
2.25 6.125 7886526.48925
2.75 6.125 8517448.60839
3.25 6.125 6940143.31054
3.75 6.125 5362838.01269
4.25 6.125 5678299.07226
4.75 6.125 2523688.47656
5.25 6.125 315461.05957
5.75 6.125 0.0
6.25 6.125 630922.11914
6.75 6.125 0.0
7.25 6.125 0.0
7.75 6.125 0.0
8.25 6.125 0.0
8.75 6.125 0.0
0.25 6.375 9148370.72753
0.75 6.375 10094753.9062
1.25 6.375 12302981.3232
1.75 6.375 8517448.60839
2.25 6.375 3470071.65527
2.75 6.375 5678299.07226
3.25 6.375 6309221.1914
3.75 6.375 3785532.71484
4.25 6.375 2208227.41699
4.75 6.375 1577305.29785
5.25 6.375 2839149.53613
5.75 6.375 946383.17871
6.25 6.375 0.0
6.75 6.375 315461.05957
7.25 6.375 0.0
7.75 6.375 0.0
8.25 6.375 0.0
8.75 6.375 0.0
0.25 6.625 11356598.1445
0.75 6.625 7571065.42968
1.25 6.625 7886526.48925
1.75 6.625 7571065.42968
2.25 6.625 6624682.25097
2.75 6.625 6309221.1914
3.25 6.625 2839149.53613
3.75 6.625 2208227.41699
4.25 6.625 2839149.53613
4.75 6.625 2208227.41699
5.25 6.625 630922.11914
5.75 6.625 1261844.23828
6.25 6.625 0.0
6.75 6.625 0.0
7.25 6.625 0.0
7.75 6.625 0.0
8.25 6.625 0.0
8.75 6.625 0.0
0.25 6.875 8517448.60839
0.75 6.875 8517448.60839
1.25 6.875 4100993.77441
1.75 6.875 6309221.1914
2.25 6.875 5362838.01269
2.75 6.875 5047376.95312
3.25 6.875 5047376.95312
3.75 6.875 2839149.53613
4.25 6.875 3785532.71484
4.75 6.875 1577305.29785
5.25 6.875 315461.05957
5.75 6.875 0.0
6.25 6.875 0.0
6.75 6.875 0.0
7.25 6.875 0.0
7.75 6.875 0.0
8.25 6.875 0.0
8.75 6.875 0.0
0.25 7.125 7886526.48925
0.75 7.125 6309221.1914
1.25 7.125 5047376.95312
1.75 7.125 5993760.13183
2.25 7.125 4731915.89355
2.75 7.125 3154610.5957
3.25 7.125 3154610.5957
3.75 7.125 2839149.53613
4.25 7.125 2208227.41699
4.75 7.125 1577305.29785
5.25 7.125 315461.05957
5.75 7.125 315461.05957
6.25 7.125 630922.11914
6.75 7.125 0.0
7.25 7.125 0.0
7.75 7.125 0.0
8.25 7.125 0.0
8.75 7.125 0.0
0.25 7.375 7571065.42968
0.75 7.375 5993760.13183
1.25 7.375 7255604.37011
1.75 7.375 4416454.83398
2.25 7.375 3154610.5957
2.75 7.375 3154610.5957
3.25 7.375 3470071.65527
3.75 7.375 2839149.53613
4.25 7.375 1577305.29785
4.75 7.375 630922.11914
5.25 7.375 946383.17871
5.75 7.375 630922.11914
6.25 7.375 0.0
6.75 7.375 0.0
7.25 7.375 0.0
7.75 7.375 0.0
8.25 7.375 0.0
8.75 7.375 0.0
0.25 7.625 4416454.83398
0.75 7.625 4100993.77441
1.25 7.625 3470071.65527
1.75 7.625 3785532.71484
2.25 7.625 3470071.65527
2.75 7.625 4416454.83398
3.25 7.625 2208227.41699
3.75 7.625 946383.17871
4.25 7.625 1577305.29785
4.75 7.625 946383.17871
5.25 7.625 0.0
5.75 7.625 0.0
6.25 7.625 0.0
6.75 7.625 0.0
7.25 7.625 0.0
7.75 7.625 0.0
8.25 7.625 0.0
8.75 7.625 0.0
0.25 7.875 3470071.65527
0.75 7.875 4731915.89355
1.25 7.875 2839149.53613
1.75 7.875 3470071.65527
2.25 7.875 4100993.77441
2.75 7.875 2839149.53613
3.25 7.875 1892766.35742
3.75 7.875 2839149.53613
4.25 7.875 1261844.23828
4.75 7.875 1892766.35742
5.25 7.875 315461.05957
5.75 7.875 0.0
6.25 7.875 0.0
6.75 7.875 0.0
7.25 7.875 0.0
7.75 7.875 0.0
8.25 7.875 0.0
8.75 7.875 0.0
0.25 8.125 3470071.65527
0.75 8.125 4731915.89355
1.25 8.125 2839149.53613
1.75 8.125 2839149.53613
2.25 8.125 1577305.29785
2.75 8.125 2839149.53613
3.25 8.125 2208227.41699
3.75 8.125 2208227.41699
4.25 8.125 1261844.23828
4.75 8.125 946383.17871
5.25 8.125 315461.05957
5.75 8.125 0.0
6.25 8.125 0.0
6.75 8.125 0.0
7.25 8.125 0.0
7.75 8.125 0.0
8.25 8.125 0.0
8.75 8.125 0.0
0.25 8.375 1892766.35742
0.75 8.375 2523688.47656
1.25 8.375 2839149.53613
1.75 8.375 1892766.35742
2.25 8.375 2839149.53613
2.75 8.375 315461.05957
3.25 8.375 946383.17871
3.75 8.375 1261844.23828
4.25 8.375 946383.17871
4.75 8.375 630922.11914
5.25 8.375 315461.05957
5.75 8.375 0.0
6.25 8.375 0.0
6.75 8.375 0.0
7.25 8.375 0.0
7.75 8.375 0.0
8.25 8.375 0.0
8.75 8.375 0.0
0.25 8.625 2839149.53613
0.75 8.625 3154610.5957
1.25 8.625 2523688.47656
1.75 8.625 2208227.41699
2.25 8.625 1261844.23828
2.75 8.625 2208227.41699
3.25 8.625 1261844.23828
3.75 8.625 1261844.23828
4.25 8.625 630922.11914
4.75 8.625 315461.05957
5.25 8.625 315461.05957
5.75 8.625 630922.11914
6.25 8.625 0.0
6.75 8.625 0.0
7.25 8.625 0.0
7.75 8.625 0.0
8.25 8.625 0.0
8.75 8.625 0.0
0.25 8.875 3154610.5957
0.75 8.875 4100993.77441
1.25 8.875 2839149.53613
1.75 8.875 2208227.41699
2.25 8.875 1892766.35742
2.75 8.875 1261844.23828
3.25 8.875 0.0
3.75 8.875 946383.17871
4.25 8.875 630922.11914
4.75 8.875 946383.17871
5.25 8.875 0.0
5.75 8.875 315461.05957
6.25 8.875 0.0
6.75 8.875 0.0
7.25 8.875 0.0
7.75 8.875 0.0
8.25 8.875 0.0
8.75 8.875 0.0
0.25 9.125 2523688.47656
0.75 9.125 1261844.23828
1.25 9.125 1577305.29785
1.75 9.125 1892766.35742
2.25 9.125 1577305.29785
2.75 9.125 946383.17871
3.25 9.125 630922.11914
3.75 9.125 1577305.29785
4.25 9.125 1261844.23828
4.75 9.125 630922.11914
5.25 9.125 0.0
5.75 9.125 315461.05957
6.25 9.125 0.0
6.75 9.125 0.0
7.25 9.125 0.0
7.75 9.125 0.0
8.25 9.125 0.0
8.75 9.125 0.0
0.25 9.375 2523688.47656
0.75 9.375 1577305.29785
1.25 9.375 2208227.41699
1.75 9.375 2208227.41699
2.25 9.375 1261844.23828
2.75 9.375 946383.17871
3.25 9.375 1261844.23828
3.75 9.375 315461.05957
4.25 9.375 315461.05957
4.75 9.375 946383.17871
5.25 9.375 315461.05957
5.75 9.375 315461.05957
6.25 9.375 0.0
6.75 9.375 0.0
7.25 9.375 0.0
7.75 9.375 0.0
8.25 9.375 0.0
8.75 9.375 0.0
0.25 9.625 3154610.5957
0.75 9.625 2208227.41699
1.25 9.625 2208227.41699
1.75 9.625 0.0
2.25 9.625 2208227.41699
2.75 9.625 1261844.23828
3.25 9.625 2208227.41699
3.75 9.625 1261844.23828
4.25 9.625 946383.17871
4.75 9.625 630922.11914
5.25 9.625 0.0
5.75 9.625 0.0
6.25 9.625 0.0
6.75 9.625 0.0
7.25 9.625 0.0
7.75 9.625 0.0
8.25 9.625 0.0
8.75 9.625 0.0
0.25 9.875 3154610.5957
0.75 9.875 1261844.23828
1.25 9.875 2208227.41699
1.75 9.875 1577305.29785
2.25 9.875 1261844.23828
2.75 9.875 1261844.23828
3.25 9.875 0.0
3.75 9.875 946383.17871
4.25 9.875 0.0
4.75 9.875 0.0
5.25 9.875 315461.05957
5.75 9.875 0.0
6.25 9.875 0.0
6.75 9.875 0.0
7.25 9.875 0.0
7.75 9.875 0.0
8.25 9.875 0.0
8.75 9.875 0.0
0.25 10.125 2208227.41699
0.75 10.125 1577305.29785
1.25 10.125 630922.11914
1.75 10.125 1577305.29785
2.25 10.125 2208227.41699
2.75 10.125 946383.17871
3.25 10.125 630922.11914
3.75 10.125 315461.05957
4.25 10.125 0.0
4.75 10.125 0.0
5.25 10.125 630922.11914
5.75 10.125 0.0
6.25 10.125 0.0
6.75 10.125 0.0
7.25 10.125 0.0
7.75 10.125 0.0
8.25 10.125 0.0
8.75 10.125 0.0
0.25 10.375 946383.17871
0.75 10.375 0.0
1.25 10.375 946383.17871
1.75 10.375 2523688.47656
2.25 10.375 0.0
2.75 10.375 1577305.29785
3.25 10.375 630922.11914
3.75 10.375 1261844.23828
4.25 10.375 315461.05957
4.75 10.375 0.0
5.25 10.375 315461.05957
5.75 10.375 0.0
6.25 10.375 0.0
6.75 10.375 0.0
7.25 10.375 0.0
7.75 10.375 0.0
8.25 10.375 0.0
8.75 10.375 0.0
0.25 10.625 1261844.23828
0.75 10.625 2523688.47656
1.25 10.625 2839149.53613
1.75 10.625 946383.17871
2.25 10.625 946383.17871
2.75 10.625 630922.11914
3.25 10.625 1892766.35742
3.75 10.625 946383.17871
4.25 10.625 315461.05957
4.75 10.625 0.0
5.25 10.625 0.0
5.75 10.625 0.0
6.25 10.625 0.0
6.75 10.625 0.0
7.25 10.625 0.0
7.75 10.625 0.0
8.25 10.625 0.0
8.75 10.625 0.0
0.25 10.875 2523688.47656
0.75 10.875 630922.11914
1.25 10.875 2523688.47656
1.75 10.875 1261844.23828
2.25 10.875 315461.05957
2.75 10.875 315461.05957
3.25 10.875 315461.05957
3.75 10.875 315461.05957
4.25 10.875 630922.11914
4.75 10.875 315461.05957
5.25 10.875 0.0
5.75 10.875 0.0
6.25 10.875 0.0
6.75 10.875 0.0
7.25 10.875 0.0
7.75 10.875 0.0
8.25 10.875 0.0
8.75 10.875 0.0
0.25 11.125 1577305.29785
0.75 11.125 1261844.23828
1.25 11.125 630922.11914
1.75 11.125 946383.17871
2.25 11.125 946383.17871
2.75 11.125 1261844.23828
3.25 11.125 315461.05957
3.75 11.125 315461.05957
4.25 11.125 0.0
4.75 11.125 0.0
5.25 11.125 630922.11914
5.75 11.125 0.0
6.25 11.125 0.0
6.75 11.125 0.0
7.25 11.125 0.0
7.75 11.125 0.0
8.25 11.125 0.0
8.75 11.125 0.0
0.25 11.375 946383.17871
0.75 11.375 1261844.23828
1.25 11.375 630922.11914
1.75 11.375 315461.05957
2.25 11.375 630922.11914
2.75 11.375 315461.05957
3.25 11.375 0.0
3.75 11.375 946383.17871
4.25 11.375 0.0
4.75 11.375 315461.05957
5.25 11.375 0.0
5.75 11.375 0.0
6.25 11.375 0.0
6.75 11.375 0.0
7.25 11.375 0.0
7.75 11.375 0.0
8.25 11.375 0.0
8.75 11.375 0.0
0.25 11.625 315461.05957
0.75 11.625 946383.17871
1.25 11.625 1577305.29785
1.75 11.625 0.0
2.25 11.625 315461.05957
2.75 11.625 630922.11914
3.25 11.625 0.0
3.75 11.625 315461.05957
4.25 11.625 630922.11914
4.75 11.625 0.0
5.25 11.625 0.0
5.75 11.625 0.0
6.25 11.625 0.0
6.75 11.625 0.0
7.25 11.625 0.0
7.75 11.625 0.0
8.25 11.625 0.0
8.75 11.625 0.0
0.25 11.875 630922.11914
0.75 11.875 1261844.23828
1.25 11.875 630922.11914
1.75 11.875 1261844.23828
2.25 11.875 0.0
2.75 11.875 946383.17871
3.25 11.875 0.0
3.75 11.875 630922.11914
4.25 11.875 946383.17871
4.75 11.875 0.0
5.25 11.875 0.0
5.75 11.875 0.0
6.25 11.875 0.0
6.75 11.875 0.0
7.25 11.875 0.0
7.75 11.875 0.0
8.25 11.875 0.0
8.75 11.875 0.0
0.25 12.125 1261844.23828
0.75 12.125 315461.05957
1.25 12.125 1261844.23828
1.75 12.125 630922.11914
2.25 12.125 630922.11914
2.75 12.125 0.0
3.25 12.125 315461.05957
3.75 12.125 0.0
4.25 12.125 0.0
4.75 12.125 0.0
5.25 12.125 0.0
5.75 12.125 0.0
6.25 12.125 0.0
6.75 12.125 0.0
7.25 12.125 0.0
7.75 12.125 0.0
8.25 12.125 0.0
8.75 12.125 0.0
0.25 12.375 315461.05957
0.75 12.375 630922.11914
1.25 12.375 1261844.23828
1.75 12.375 1261844.23828
2.25 12.375 0.0
2.75 12.375 315461.05957
3.25 12.375 0.0
3.75 12.375 315461.05957
4.25 12.375 0.0
4.75 12.375 0.0
5.25 12.375 0.0
5.75 12.375 0.0
6.25 12.375 0.0
6.75 12.375 0.0
7.25 12.375 0.0
7.75 12.375 0.0
8.25 12.375 0.0
8.75 12.375 0.0
0.25 12.625 315461.05957
0.75 12.625 1261844.23828
1.25 12.625 1261844.23828
1.75 12.625 630922.11914
2.25 12.625 946383.17871
2.75 12.625 630922.11914
3.25 12.625 0.0
3.75 12.625 315461.05957
4.25 12.625 0.0
4.75 12.625 0.0
5.25 12.625 0.0
5.75 12.625 0.0
6.25 12.625 0.0
6.75 12.625 0.0
7.25 12.625 0.0
7.75 12.625 0.0
8.25 12.625 0.0
8.75 12.625 0.0
0.25 12.875 946383.17871
0.75 12.875 315461.05957
1.25 12.875 315461.05957
1.75 12.875 315461.05957
2.25 12.875 315461.05957
2.75 12.875 0.0
3.25 12.875 630922.11914
3.75 12.875 946383.17871
4.25 12.875 315461.05957
4.75 12.875 315461.05957
5.25 12.875 0.0
5.75 12.875 0.0
6.25 12.875 0.0
6.75 12.875 0.0
7.25 12.875 0.0
7.75 12.875 0.0
8.25 12.875 0.0
8.75 12.875 0.0
0.25 13.125 630922.11914
0.75 13.125 946383.17871
1.25 13.125 0.0
1.75 13.125 0.0
2.25 13.125 315461.05957
2.75 13.125 0.0
3.25 13.125 0.0
3.75 13.125 0.0
4.25 13.125 0.0
4.75 13.125 0.0
5.25 13.125 0.0
5.75 13.125 0.0
6.25 13.125 0.0
6.75 13.125 0.0
7.25 13.125 0.0
7.75 13.125 0.0
8.25 13.125 0.0
8.75 13.125 0.0
0.25 13.375 0.0
0.75 13.375 0.0
1.25 13.375 630922.11914
1.75 13.375 0.0
2.25 13.375 946383.17871
2.75 13.375 315461.05957
3.25 13.375 315461.05957
3.75 13.375 0.0
4.25 13.375 630922.11914
4.75 13.375 0.0
5.25 13.375 0.0
5.75 13.375 0.0
6.25 13.375 0.0
6.75 13.375 0.0
7.25 13.375 0.0
7.75 13.375 0.0
8.25 13.375 0.0
8.75 13.375 0.0
0.25 13.625 630922.11914
0.75 13.625 630922.11914
1.25 13.625 315461.05957
1.75 13.625 0.0
2.25 13.625 315461.05957
2.75 13.625 0.0
3.25 13.625 0.0
3.75 13.625 0.0
4.25 13.625 0.0
4.75 13.625 0.0
5.25 13.625 0.0
5.75 13.625 0.0
6.25 13.625 0.0
6.75 13.625 0.0
7.25 13.625 0.0
7.75 13.625 0.0
8.25 13.625 0.0
8.75 13.625 0.0
0.25 13.875 630922.11914
0.75 13.875 0.0
1.25 13.875 315461.05957
1.75 13.875 315461.05957
2.25 13.875 0.0
2.75 13.875 0.0
3.25 13.875 315461.05957
3.75 13.875 0.0
4.25 13.875 0.0
4.75 13.875 315461.05957
5.25 13.875 0.0
5.75 13.875 0.0
6.25 13.875 0.0
6.75 13.875 0.0
7.25 13.875 0.0
7.75 13.875 0.0
8.25 13.875 0.0
8.75 13.875 0.0
0.25 14.125 0.0
0.75 14.125 946383.17871
1.25 14.125 315461.05957
1.75 14.125 315461.05957
2.25 14.125 0.0
2.75 14.125 0.0
3.25 14.125 315461.05957
3.75 14.125 0.0
4.25 14.125 0.0
4.75 14.125 0.0
5.25 14.125 0.0
5.75 14.125 0.0
6.25 14.125 0.0
6.75 14.125 0.0
7.25 14.125 0.0
7.75 14.125 0.0
8.25 14.125 0.0
8.75 14.125 0.0
0.25 14.375 315461.05957
0.75 14.375 315461.05957
1.25 14.375 0.0
1.75 14.375 0.0
2.25 14.375 315461.05957
2.75 14.375 315461.05957
3.25 14.375 0.0
3.75 14.375 0.0
4.25 14.375 0.0
4.75 14.375 0.0
5.25 14.375 0.0
5.75 14.375 0.0
6.25 14.375 0.0
6.75 14.375 0.0
7.25 14.375 0.0
7.75 14.375 0.0
8.25 14.375 0.0
8.75 14.375 0.0
0.25 14.625 0.0
0.75 14.625 315461.05957
1.25 14.625 630922.11914
1.75 14.625 0.0
2.25 14.625 0.0
2.75 14.625 315461.05957
3.25 14.625 315461.05957
3.75 14.625 0.0
4.25 14.625 0.0
4.75 14.625 0.0
5.25 14.625 0.0
5.75 14.625 0.0
6.25 14.625 0.0
6.75 14.625 0.0
7.25 14.625 0.0
7.75 14.625 0.0
8.25 14.625 0.0
8.75 14.625 0.0
0.25 14.875 315461.05957
0.75 14.875 0.0
1.25 14.875 315461.05957
1.75 14.875 0.0
2.25 14.875 946383.17871
2.75 14.875 0.0
3.25 14.875 0.0
3.75 14.875 315461.05957
4.25 14.875 0.0
4.75 14.875 0.0
5.25 14.875 0.0
5.75 14.875 0.0
6.25 14.875 0.0
6.75 14.875 0.0
7.25 14.875 0.0
7.75 14.875 0.0
8.25 14.875 0.0
8.75 14.875 0.0
0.25 15.125 0.0
0.75 15.125 0.0
1.25 15.125 0.0
1.75 15.125 630922.11914
2.25 15.125 0.0
2.75 15.125 315461.05957
3.25 15.125 0.0
3.75 15.125 0.0
4.25 15.125 0.0
4.75 15.125 0.0
5.25 15.125 0.0
5.75 15.125 0.0
6.25 15.125 0.0
6.75 15.125 0.0
7.25 15.125 0.0
7.75 15.125 0.0
8.25 15.125 0.0
8.75 15.125 0.0
0.25 15.375 0.0
0.75 15.375 0.0
1.25 15.375 0.0
1.75 15.375 0.0
2.25 15.375 0.0
2.75 15.375 0.0
3.25 15.375 0.0
3.75 15.375 0.0
4.25 15.375 0.0
4.75 15.375 0.0
5.25 15.375 0.0
5.75 15.375 0.0
6.25 15.375 0.0
6.75 15.375 0.0
7.25 15.375 0.0
7.75 15.375 0.0
8.25 15.375 0.0
8.75 15.375 0.0
0.25 15.625 315461.05957
0.75 15.625 315461.05957
1.25 15.625 0.0
1.75 15.625 0.0
2.25 15.625 0.0
2.75 15.625 630922.11914
3.25 15.625 0.0
3.75 15.625 0.0
4.25 15.625 0.0
4.75 15.625 0.0
5.25 15.625 0.0
5.75 15.625 0.0
6.25 15.625 0.0
6.75 15.625 0.0
7.25 15.625 0.0
7.75 15.625 0.0
8.25 15.625 0.0
8.75 15.625 0.0
0.25 15.875 0.0
0.75 15.875 315461.05957
1.25 15.875 630922.11914
1.75 15.875 630922.11914
2.25 15.875 315461.05957
2.75 15.875 315461.05957
3.25 15.875 0.0
3.75 15.875 0.0
4.25 15.875 0.0
4.75 15.875 0.0
5.25 15.875 0.0
5.75 15.875 0.0
6.25 15.875 0.0
6.75 15.875 0.0
7.25 15.875 0.0
7.75 15.875 0.0
8.25 15.875 0.0
8.75 15.875 0.0
0.25 16.125 630922.11914
0.75 16.125 0.0
1.25 16.125 315461.05957
1.75 16.125 0.0
2.25 16.125 315461.05957
2.75 16.125 315461.05957
3.25 16.125 315461.05957
3.75 16.125 0.0
4.25 16.125 0.0
4.75 16.125 315461.05957
5.25 16.125 0.0
5.75 16.125 0.0
6.25 16.125 0.0
6.75 16.125 0.0
7.25 16.125 0.0
7.75 16.125 0.0
8.25 16.125 0.0
8.75 16.125 0.0
0.25 16.375 315461.05957
0.75 16.375 0.0
1.25 16.375 315461.05957
1.75 16.375 315461.05957
2.25 16.375 0.0
2.75 16.375 0.0
3.25 16.375 0.0
3.75 16.375 0.0
4.25 16.375 0.0
4.75 16.375 0.0
5.25 16.375 0.0
5.75 16.375 0.0
6.25 16.375 0.0
6.75 16.375 0.0
7.25 16.375 0.0
7.75 16.375 0.0
8.25 16.375 0.0
8.75 16.375 0.0
0.25 16.625 0.0
0.75 16.625 0.0
1.25 16.625 0.0
1.75 16.625 0.0
2.25 16.625 315461.05957
2.75 16.625 315461.05957
3.25 16.625 0.0
3.75 16.625 0.0
4.25 16.625 0.0
4.75 16.625 0.0
5.25 16.625 0.0
5.75 16.625 0.0
6.25 16.625 0.0
6.75 16.625 0.0
7.25 16.625 0.0
7.75 16.625 0.0
8.25 16.625 0.0
8.75 16.625 0.0
0.25 16.875 0.0
0.75 16.875 0.0
1.25 16.875 0.0
1.75 16.875 0.0
2.25 16.875 0.0
2.75 16.875 0.0
3.25 16.875 0.0
3.75 16.875 0.0
4.25 16.875 0.0
4.75 16.875 0.0
5.25 16.875 0.0
5.75 16.875 315461.05957
6.25 16.875 0.0
6.75 16.875 0.0
7.25 16.875 0.0
7.75 16.875 0.0
8.25 16.875 0.0
8.75 16.875 0.0
0.25 17.125 0.0
0.75 17.125 630922.11914
1.25 17.125 0.0
1.75 17.125 0.0
2.25 17.125 0.0
2.75 17.125 0.0
3.25 17.125 0.0
3.75 17.125 0.0
4.25 17.125 0.0
4.75 17.125 0.0
5.25 17.125 0.0
5.75 17.125 0.0
6.25 17.125 0.0
6.75 17.125 0.0
7.25 17.125 0.0
7.75 17.125 0.0
8.25 17.125 0.0
8.75 17.125 0.0
0.25 17.375 0.0
0.75 17.375 0.0
1.25 17.375 315461.05957
1.75 17.375 315461.05957
2.25 17.375 315461.05957
2.75 17.375 0.0
3.25 17.375 315461.05957
3.75 17.375 0.0
4.25 17.375 0.0
4.75 17.375 0.0
5.25 17.375 0.0
5.75 17.375 0.0
6.25 17.375 0.0
6.75 17.375 0.0
7.25 17.375 0.0
7.75 17.375 0.0
8.25 17.375 0.0
8.75 17.375 0.0
0.25 17.625 0.0
0.75 17.625 315461.05957
1.25 17.625 0.0
1.75 17.625 315461.05957
2.25 17.625 0.0
2.75 17.625 0.0
3.25 17.625 0.0
3.75 17.625 315461.05957
4.25 17.625 0.0
4.75 17.625 0.0
5.25 17.625 0.0
5.75 17.625 0.0
6.25 17.625 0.0
6.75 17.625 0.0
7.25 17.625 0.0
7.75 17.625 0.0
8.25 17.625 0.0
8.75 17.625 0.0
0.25 17.875 0.0
0.75 17.875 315461.05957
1.25 17.875 0.0
1.75 17.875 630922.11914
2.25 17.875 0.0
2.75 17.875 0.0
3.25 17.875 0.0
3.75 17.875 0.0
4.25 17.875 0.0
4.75 17.875 0.0
5.25 17.875 0.0
5.75 17.875 0.0
6.25 17.875 0.0
6.75 17.875 0.0
7.25 17.875 0.0
7.75 17.875 0.0
8.25 17.875 0.0
8.75 17.875 0.0
0.25 18.125 0.0
0.75 18.125 315461.05957
1.25 18.125 0.0
1.75 18.125 0.0
2.25 18.125 315461.05957
2.75 18.125 0.0
3.25 18.125 0.0
3.75 18.125 0.0
4.25 18.125 0.0
4.75 18.125 0.0
5.25 18.125 0.0
5.75 18.125 0.0
6.25 18.125 0.0
6.75 18.125 0.0
7.25 18.125 0.0
7.75 18.125 0.0
8.25 18.125 0.0
8.75 18.125 0.0
0.25 18.375 0.0
0.75 18.375 0.0
1.25 18.375 0.0
1.75 18.375 315461.05957
2.25 18.375 0.0
2.75 18.375 315461.05957
3.25 18.375 0.0
3.75 18.375 0.0
4.25 18.375 0.0
4.75 18.375 0.0
5.25 18.375 0.0
5.75 18.375 0.0
6.25 18.375 0.0
6.75 18.375 0.0
7.25 18.375 0.0
7.75 18.375 0.0
8.25 18.375 0.0
8.75 18.375 0.0
0.25 18.625 315461.05957
0.75 18.625 0.0
1.25 18.625 0.0
1.75 18.625 315461.05957
2.25 18.625 0.0
2.75 18.625 0.0
3.25 18.625 0.0
3.75 18.625 0.0
4.25 18.625 0.0
4.75 18.625 0.0
5.25 18.625 0.0
5.75 18.625 0.0
6.25 18.625 0.0
6.75 18.625 0.0
7.25 18.625 0.0
7.75 18.625 0.0
8.25 18.625 0.0
8.75 18.625 0.0
0.25 18.875 0.0
0.75 18.875 0.0
1.25 18.875 0.0
1.75 18.875 0.0
2.25 18.875 315461.05957
2.75 18.875 0.0
3.25 18.875 0.0
3.75 18.875 0.0
4.25 18.875 0.0
4.75 18.875 0.0
5.25 18.875 0.0
5.75 18.875 0.0
6.25 18.875 0.0
6.75 18.875 0.0
7.25 18.875 0.0
7.75 18.875 0.0
8.25 18.875 0.0
8.75 18.875 0.0
0.25 19.125 0.0
0.75 19.125 0.0
1.25 19.125 0.0
1.75 19.125 315461.05957
2.25 19.125 0.0
2.75 19.125 315461.05957
3.25 19.125 0.0
3.75 19.125 0.0
4.25 19.125 0.0
4.75 19.125 0.0
5.25 19.125 0.0
5.75 19.125 0.0
6.25 19.125 0.0
6.75 19.125 0.0
7.25 19.125 0.0
7.75 19.125 0.0
8.25 19.125 0.0
8.75 19.125 0.0
0.25 19.375 0.0
0.75 19.375 0.0
1.25 19.375 0.0
1.75 19.375 0.0
2.25 19.375 0.0
2.75 19.375 0.0
3.25 19.375 0.0
3.75 19.375 0.0
4.25 19.375 0.0
4.75 19.375 0.0
5.25 19.375 0.0
5.75 19.375 0.0
6.25 19.375 0.0
6.75 19.375 0.0
7.25 19.375 0.0
7.75 19.375 0.0
8.25 19.375 0.0
8.75 19.375 0.0
0.25 19.625 0.0
0.75 19.625 315461.05957
1.25 19.625 315461.05957
1.75 19.625 0.0
2.25 19.625 315461.05957
2.75 19.625 0.0
3.25 19.625 0.0
3.75 19.625 0.0
4.25 19.625 0.0
4.75 19.625 0.0
5.25 19.625 0.0
5.75 19.625 0.0
6.25 19.625 0.0
6.75 19.625 0.0
7.25 19.625 0.0
7.75 19.625 0.0
8.25 19.625 0.0
8.75 19.625 0.0
0.25 19.875 0.0
0.75 19.875 315461.05957
1.25 19.875 0.0
1.75 19.875 0.0
2.25 19.875 0.0
2.75 19.875 0.0
3.25 19.875 0.0
3.75 19.875 0.0
4.25 19.875 0.0
4.75 19.875 0.0
5.25 19.875 0.0
5.75 19.875 0.0
6.25 19.875 0.0
6.75 19.875 0.0
7.25 19.875 0.0
7.75 19.875 0.0
8.25 19.875 0.0
8.75 19.875 0.0
0.25 20.125 0.0
0.75 20.125 0.0
1.25 20.125 0.0
1.75 20.125 0.0
2.25 20.125 315461.05957
2.75 20.125 0.0
3.25 20.125 0.0
3.75 20.125 0.0
4.25 20.125 0.0
4.75 20.125 0.0
5.25 20.125 0.0
5.75 20.125 0.0
6.25 20.125 0.0
6.75 20.125 0.0
7.25 20.125 0.0
7.75 20.125 0.0
8.25 20.125 0.0
8.75 20.125 0.0
0.25 20.375 0.0
0.75 20.375 0.0
1.25 20.375 0.0
1.75 20.375 0.0
2.25 20.375 0.0
2.75 20.375 0.0
3.25 20.375 0.0
3.75 20.375 0.0
4.25 20.375 0.0
4.75 20.375 0.0
5.25 20.375 0.0
5.75 20.375 0.0
6.25 20.375 0.0
6.75 20.375 0.0
7.25 20.375 0.0
7.75 20.375 0.0
8.25 20.375 0.0
8.75 20.375 0.0
0.25 20.625 0.0
0.75 20.625 0.0
1.25 20.625 315461.05957
1.75 20.625 0.0
2.25 20.625 0.0
2.75 20.625 0.0
3.25 20.625 0.0
3.75 20.625 0.0
4.25 20.625 0.0
4.75 20.625 0.0
5.25 20.625 0.0
5.75 20.625 0.0
6.25 20.625 0.0
6.75 20.625 0.0
7.25 20.625 0.0
7.75 20.625 0.0
8.25 20.625 0.0
8.75 20.625 0.0
0.25 20.875 0.0
0.75 20.875 0.0
1.25 20.875 0.0
1.75 20.875 0.0
2.25 20.875 0.0
2.75 20.875 0.0
3.25 20.875 0.0
3.75 20.875 0.0
4.25 20.875 0.0
4.75 20.875 0.0
5.25 20.875 0.0
5.75 20.875 0.0
6.25 20.875 0.0
6.75 20.875 0.0
7.25 20.875 0.0
7.75 20.875 0.0
8.25 20.875 0.0
8.75 20.875 0.0
0.25 21.125 0.0
0.75 21.125 0.0
1.25 21.125 0.0
1.75 21.125 0.0
2.25 21.125 0.0
2.75 21.125 0.0
3.25 21.125 0.0
3.75 21.125 0.0
4.25 21.125 0.0
4.75 21.125 0.0
5.25 21.125 0.0
5.75 21.125 0.0
6.25 21.125 0.0
6.75 21.125 0.0
7.25 21.125 0.0
7.75 21.125 0.0
8.25 21.125 0.0
8.75 21.125 0.0
0.25 21.375 0.0
0.75 21.375 0.0
1.25 21.375 315461.05957
1.75 21.375 0.0
2.25 21.375 0.0
2.75 21.375 630922.11914
3.25 21.375 0.0
3.75 21.375 0.0
4.25 21.375 0.0
4.75 21.375 0.0
5.25 21.375 0.0
5.75 21.375 0.0
6.25 21.375 0.0
6.75 21.375 0.0
7.25 21.375 0.0
7.75 21.375 0.0
8.25 21.375 0.0
8.75 21.375 0.0
0.25 21.625 0.0
0.75 21.625 0.0
1.25 21.625 0.0
1.75 21.625 0.0
2.25 21.625 0.0
2.75 21.625 0.0
3.25 21.625 0.0
3.75 21.625 0.0
4.25 21.625 0.0
4.75 21.625 0.0
5.25 21.625 0.0
5.75 21.625 0.0
6.25 21.625 0.0
6.75 21.625 0.0
7.25 21.625 0.0
7.75 21.625 0.0
8.25 21.625 0.0
8.75 21.625 0.0
0.25 21.875 315461.05957
0.75 21.875 0.0
1.25 21.875 0.0
1.75 21.875 0.0
2.25 21.875 0.0
2.75 21.875 0.0
3.25 21.875 0.0
3.75 21.875 0.0
4.25 21.875 0.0
4.75 21.875 0.0
5.25 21.875 0.0
5.75 21.875 0.0
6.25 21.875 0.0
6.75 21.875 0.0
7.25 21.875 0.0
7.75 21.875 0.0
8.25 21.875 0.0
8.75 21.875 0.0
0.25 22.125 0.0
0.75 22.125 0.0
1.25 22.125 0.0
1.75 22.125 0.0
2.25 22.125 0.0
2.75 22.125 0.0
3.25 22.125 0.0
3.75 22.125 0.0
4.25 22.125 0.0
4.75 22.125 0.0
5.25 22.125 0.0
5.75 22.125 0.0
6.25 22.125 0.0
6.75 22.125 0.0
7.25 22.125 0.0
7.75 22.125 0.0
8.25 22.125 0.0
8.75 22.125 0.0
0.25 22.375 0.0
0.75 22.375 315461.05957
1.25 22.375 315461.05957
1.75 22.375 0.0
2.25 22.375 0.0
2.75 22.375 0.0
3.25 22.375 0.0
3.75 22.375 0.0
4.25 22.375 0.0
4.75 22.375 0.0
5.25 22.375 0.0
5.75 22.375 0.0
6.25 22.375 0.0
6.75 22.375 0.0
7.25 22.375 0.0
7.75 22.375 0.0
8.25 22.375 0.0
8.75 22.375 0.0
0.25 22.625 0.0
0.75 22.625 315461.05957
1.25 22.625 0.0
1.75 22.625 0.0
2.25 22.625 0.0
2.75 22.625 0.0
3.25 22.625 0.0
3.75 22.625 0.0
4.25 22.625 0.0
4.75 22.625 0.0
5.25 22.625 0.0
5.75 22.625 0.0
6.25 22.625 0.0
6.75 22.625 0.0
7.25 22.625 0.0
7.75 22.625 0.0
8.25 22.625 0.0
8.75 22.625 0.0
0.25 22.875 315461.05957
0.75 22.875 0.0
1.25 22.875 0.0
1.75 22.875 0.0
2.25 22.875 0.0
2.75 22.875 0.0
3.25 22.875 0.0
3.75 22.875 0.0
4.25 22.875 0.0
4.75 22.875 0.0
5.25 22.875 0.0
5.75 22.875 0.0
6.25 22.875 0.0
6.75 22.875 0.0
7.25 22.875 0.0
7.75 22.875 0.0
8.25 22.875 0.0
8.75 22.875 0.0
0.25 23.125 0.0
0.75 23.125 0.0
1.25 23.125 0.0
1.75 23.125 0.0
2.25 23.125 0.0
2.75 23.125 0.0
3.25 23.125 0.0
3.75 23.125 0.0
4.25 23.125 0.0
4.75 23.125 0.0
5.25 23.125 0.0
5.75 23.125 0.0
6.25 23.125 0.0
6.75 23.125 0.0
7.25 23.125 0.0
7.75 23.125 0.0
8.25 23.125 0.0
8.75 23.125 0.0
0.25 23.375 0.0
0.75 23.375 0.0
1.25 23.375 0.0
1.75 23.375 0.0
2.25 23.375 0.0
2.75 23.375 0.0
3.25 23.375 0.0
3.75 23.375 0.0
4.25 23.375 0.0
4.75 23.375 0.0
5.25 23.375 0.0
5.75 23.375 0.0
6.25 23.375 0.0
6.75 23.375 0.0
7.25 23.375 0.0
7.75 23.375 0.0
8.25 23.375 0.0
8.75 23.375 0.0
0.25 23.625 0.0
0.75 23.625 315461.05957
1.25 23.625 0.0
1.75 23.625 0.0
2.25 23.625 0.0
2.75 23.625 0.0
3.25 23.625 0.0
3.75 23.625 0.0
4.25 23.625 0.0
4.75 23.625 0.0
5.25 23.625 0.0
5.75 23.625 0.0
6.25 23.625 0.0
6.75 23.625 0.0
7.25 23.625 0.0
7.75 23.625 0.0
8.25 23.625 0.0
8.75 23.625 0.0
0.25 23.875 0.0
0.75 23.875 0.0
1.25 23.875 0.0
1.75 23.875 0.0
2.25 23.875 0.0
2.75 23.875 0.0
3.25 23.875 0.0
3.75 23.875 0.0
4.25 23.875 0.0
4.75 23.875 0.0
5.25 23.875 0.0
5.75 23.875 0.0
6.25 23.875 0.0
6.75 23.875 0.0
7.25 23.875 0.0
7.75 23.875 0.0
8.25 23.875 0.0
8.75 23.875 0.0
0.25 24.125 315461.05957
0.75 24.125 0.0
1.25 24.125 0.0
1.75 24.125 0.0
2.25 24.125 0.0
2.75 24.125 0.0
3.25 24.125 0.0
3.75 24.125 0.0
4.25 24.125 0.0
4.75 24.125 0.0
5.25 24.125 0.0
5.75 24.125 0.0
6.25 24.125 0.0
6.75 24.125 0.0
7.25 24.125 0.0
7.75 24.125 0.0
8.25 24.125 0.0
8.75 24.125 0.0
0.25 24.375 0.0
0.75 24.375 0.0
1.25 24.375 0.0
1.75 24.375 0.0
2.25 24.375 0.0
2.75 24.375 0.0
3.25 24.375 0.0
3.75 24.375 0.0
4.25 24.375 0.0
4.75 24.375 0.0
5.25 24.375 0.0
5.75 24.375 0.0
6.25 24.375 0.0
6.75 24.375 0.0
7.25 24.375 0.0
7.75 24.375 0.0
8.25 24.375 0.0
8.75 24.375 0.0
0.25 24.625 0.0
0.75 24.625 0.0
1.25 24.625 0.0
1.75 24.625 0.0
2.25 24.625 0.0
2.75 24.625 0.0
3.25 24.625 0.0
3.75 24.625 0.0
4.25 24.625 0.0
4.75 24.625 0.0
5.25 24.625 0.0
5.75 24.625 0.0
6.25 24.625 0.0
6.75 24.625 0.0
7.25 24.625 0.0
7.75 24.625 0.0
8.25 24.625 0.0
8.75 24.625 0.0
0.25 24.875 0.0
0.75 24.875 0.0
1.25 24.875 0.0
1.75 24.875 0.0
2.25 24.875 0.0
2.75 24.875 0.0
3.25 24.875 315461.05957
3.75 24.875 0.0
4.25 24.875 0.0
4.75 24.875 0.0
5.25 24.875 0.0
5.75 24.875 0.0
6.25 24.875 0.0
6.75 24.875 0.0
7.25 24.875 0.0
7.75 24.875 0.0
8.25 24.875 0.0
8.75 24.875 0.0
0.25 25.125 0.0
0.75 25.125 0.0
1.25 25.125 315461.05957
1.75 25.125 0.0
2.25 25.125 0.0
2.75 25.125 0.0
3.25 25.125 315461.05957
3.75 25.125 0.0
4.25 25.125 0.0
4.75 25.125 0.0
5.25 25.125 0.0
5.75 25.125 0.0
6.25 25.125 0.0
6.75 25.125 0.0
7.25 25.125 0.0
7.75 25.125 0.0
8.25 25.125 0.0
8.75 25.125 0.0
0.25 25.375 0.0
0.75 25.375 0.0
1.25 25.375 0.0
1.75 25.375 0.0
2.25 25.375 0.0
2.75 25.375 315461.05957
3.25 25.375 0.0
3.75 25.375 0.0
4.25 25.375 0.0
4.75 25.375 0.0
5.25 25.375 0.0
5.75 25.375 0.0
6.25 25.375 0.0
6.75 25.375 0.0
7.25 25.375 0.0
7.75 25.375 0.0
8.25 25.375 0.0
8.75 25.375 0.0
0.25 25.625 0.0
0.75 25.625 0.0
1.25 25.625 0.0
1.75 25.625 0.0
2.25 25.625 0.0
2.75 25.625 0.0
3.25 25.625 0.0
3.75 25.625 0.0
4.25 25.625 0.0
4.75 25.625 0.0
5.25 25.625 0.0
5.75 25.625 0.0
6.25 25.625 0.0
6.75 25.625 0.0
7.25 25.625 0.0
7.75 25.625 0.0
8.25 25.625 0.0
8.75 25.625 0.0
0.25 25.875 0.0
0.75 25.875 0.0
1.25 25.875 0.0
1.75 25.875 0.0
2.25 25.875 0.0
2.75 25.875 0.0
3.25 25.875 0.0
3.75 25.875 0.0
4.25 25.875 0.0
4.75 25.875 0.0
5.25 25.875 0.0
5.75 25.875 0.0
6.25 25.875 0.0
6.75 25.875 0.0
7.25 25.875 0.0
7.75 25.875 0.0
8.25 25.875 0.0
8.75 25.875 0.0
0.25 26.125 0.0
0.75 26.125 0.0
1.25 26.125 0.0
1.75 26.125 0.0
2.25 26.125 0.0
2.75 26.125 0.0
3.25 26.125 0.0
3.75 26.125 0.0
4.25 26.125 0.0
4.75 26.125 0.0
5.25 26.125 0.0
5.75 26.125 0.0
6.25 26.125 0.0
6.75 26.125 0.0
7.25 26.125 0.0
7.75 26.125 0.0
8.25 26.125 0.0
8.75 26.125 0.0
0.25 26.375 0.0
0.75 26.375 0.0
1.25 26.375 0.0
1.75 26.375 0.0
2.25 26.375 0.0
2.75 26.375 0.0
3.25 26.375 0.0
3.75 26.375 0.0
4.25 26.375 0.0
4.75 26.375 0.0
5.25 26.375 0.0
5.75 26.375 0.0
6.25 26.375 0.0
6.75 26.375 0.0
7.25 26.375 0.0
7.75 26.375 0.0
8.25 26.375 0.0
8.75 26.375 0.0
0.25 26.625 0.0
0.75 26.625 0.0
1.25 26.625 0.0
1.75 26.625 0.0
2.25 26.625 0.0
2.75 26.625 0.0
3.25 26.625 0.0
3.75 26.625 0.0
4.25 26.625 0.0
4.75 26.625 0.0
5.25 26.625 0.0
5.75 26.625 0.0
6.25 26.625 0.0
6.75 26.625 0.0
7.25 26.625 0.0
7.75 26.625 0.0
8.25 26.625 0.0
8.75 26.625 0.0
0.25 26.875 315461.05957
0.75 26.875 0.0
1.25 26.875 0.0
1.75 26.875 0.0
2.25 26.875 0.0
2.75 26.875 0.0
3.25 26.875 0.0
3.75 26.875 0.0
4.25 26.875 0.0
4.75 26.875 0.0
5.25 26.875 0.0
5.75 26.875 0.0
6.25 26.875 0.0
6.75 26.875 0.0
7.25 26.875 0.0
7.75 26.875 0.0
8.25 26.875 0.0
8.75 26.875 0.0
0.25 27.125 0.0
0.75 27.125 0.0
1.25 27.125 0.0
1.75 27.125 0.0
2.25 27.125 0.0
2.75 27.125 0.0
3.25 27.125 0.0
3.75 27.125 0.0
4.25 27.125 0.0
4.75 27.125 0.0
5.25 27.125 0.0
5.75 27.125 0.0
6.25 27.125 0.0
6.75 27.125 0.0
7.25 27.125 0.0
7.75 27.125 0.0
8.25 27.125 0.0
8.75 27.125 0.0
0.25 27.375 0.0
0.75 27.375 0.0
1.25 27.375 0.0
1.75 27.375 0.0
2.25 27.375 0.0
2.75 27.375 0.0
3.25 27.375 0.0
3.75 27.375 0.0
4.25 27.375 0.0
4.75 27.375 0.0
5.25 27.375 0.0
5.75 27.375 0.0
6.25 27.375 0.0
6.75 27.375 0.0
7.25 27.375 0.0
7.75 27.375 0.0
8.25 27.375 0.0
8.75 27.375 0.0
0.25 27.625 0.0
0.75 27.625 0.0
1.25 27.625 0.0
1.75 27.625 0.0
2.25 27.625 0.0
2.75 27.625 0.0
3.25 27.625 0.0
3.75 27.625 0.0
4.25 27.625 0.0
4.75 27.625 0.0
5.25 27.625 0.0
5.75 27.625 0.0
6.25 27.625 0.0
6.75 27.625 0.0
7.25 27.625 0.0
7.75 27.625 0.0
8.25 27.625 0.0
8.75 27.625 0.0
0.25 27.875 315461.05957
0.75 27.875 0.0
1.25 27.875 0.0
1.75 27.875 0.0
2.25 27.875 0.0
2.75 27.875 0.0
3.25 27.875 0.0
3.75 27.875 0.0
4.25 27.875 0.0
4.75 27.875 0.0
5.25 27.875 0.0
5.75 27.875 0.0
6.25 27.875 0.0
6.75 27.875 0.0
7.25 27.875 0.0
7.75 27.875 0.0
8.25 27.875 0.0
8.75 27.875 0.0
0.25 28.125 0.0
0.75 28.125 0.0
1.25 28.125 0.0
1.75 28.125 0.0
2.25 28.125 0.0
2.75 28.125 0.0
3.25 28.125 0.0
3.75 28.125 0.0
4.25 28.125 0.0
4.75 28.125 0.0
5.25 28.125 0.0
5.75 28.125 0.0
6.25 28.125 0.0
6.75 28.125 0.0
7.25 28.125 0.0
7.75 28.125 0.0
8.25 28.125 0.0
8.75 28.125 0.0
0.25 28.375 0.0
0.75 28.375 0.0
1.25 28.375 0.0
1.75 28.375 0.0
2.25 28.375 0.0
2.75 28.375 0.0
3.25 28.375 0.0
3.75 28.375 0.0
4.25 28.375 0.0
4.75 28.375 0.0
5.25 28.375 0.0
5.75 28.375 0.0
6.25 28.375 0.0
6.75 28.375 0.0
7.25 28.375 0.0
7.75 28.375 0.0
8.25 28.375 0.0
8.75 28.375 0.0
0.25 28.625 0.0
0.75 28.625 0.0
1.25 28.625 0.0
1.75 28.625 315461.05957
2.25 28.625 0.0
2.75 28.625 0.0
3.25 28.625 0.0
3.75 28.625 0.0
4.25 28.625 0.0
4.75 28.625 0.0
5.25 28.625 0.0
5.75 28.625 0.0
6.25 28.625 0.0
6.75 28.625 0.0
7.25 28.625 0.0
7.75 28.625 0.0
8.25 28.625 0.0
8.75 28.625 0.0
0.25 28.875 0.0
0.75 28.875 315461.05957
1.25 28.875 0.0
1.75 28.875 0.0
2.25 28.875 0.0
2.75 28.875 0.0
3.25 28.875 0.0
3.75 28.875 0.0
4.25 28.875 0.0
4.75 28.875 0.0
5.25 28.875 0.0
5.75 28.875 0.0
6.25 28.875 0.0
6.75 28.875 0.0
7.25 28.875 0.0
7.75 28.875 0.0
8.25 28.875 0.0
8.75 28.875 0.0
0.25 29.125 0.0
0.75 29.125 0.0
1.25 29.125 0.0
1.75 29.125 0.0
2.25 29.125 0.0
2.75 29.125 0.0
3.25 29.125 0.0
3.75 29.125 0.0
4.25 29.125 0.0
4.75 29.125 0.0
5.25 29.125 0.0
5.75 29.125 0.0
6.25 29.125 0.0
6.75 29.125 0.0
7.25 29.125 0.0
7.75 29.125 0.0
8.25 29.125 0.0
8.75 29.125 0.0
0.25 29.375 0.0
0.75 29.375 0.0
1.25 29.375 0.0
1.75 29.375 0.0
2.25 29.375 0.0
2.75 29.375 0.0
3.25 29.375 0.0
3.75 29.375 0.0
4.25 29.375 0.0
4.75 29.375 0.0
5.25 29.375 0.0
5.75 29.375 0.0
6.25 29.375 0.0
6.75 29.375 0.0
7.25 29.375 0.0
7.75 29.375 0.0
8.25 29.375 0.0
8.75 29.375 0.0
0.25 29.625 0.0
0.75 29.625 0.0
1.25 29.625 0.0
1.75 29.625 0.0
2.25 29.625 0.0
2.75 29.625 0.0
3.25 29.625 0.0
3.75 29.625 0.0
4.25 29.625 0.0
4.75 29.625 0.0
5.25 29.625 0.0
5.75 29.625 0.0
6.25 29.625 0.0
6.75 29.625 0.0
7.25 29.625 0.0
7.75 29.625 0.0
8.25 29.625 0.0
8.75 29.625 0.0
0.25 29.875 0.0
0.75 29.875 0.0
1.25 29.875 0.0
1.75 29.875 0.0
2.25 29.875 0.0
2.75 29.875 0.0
3.25 29.875 0.0
3.75 29.875 0.0
4.25 29.875 0.0
4.75 29.875 0.0
5.25 29.875 0.0
5.75 29.875 0.0
6.25 29.875 0.0
6.75 29.875 0.0
7.25 29.875 0.0
7.75 29.875 0.0
8.25 29.875 0.0
8.75 29.875 0.0
