11.294627058970837 0.0
14.219093021276404 3479.1077989759824
17.900777537149963 1310.0821460066254
22.535743732392298 4604.0061739326275
28.370820458389794 9285.596448285432
35.71674682851676 4640.115631618715
44.96472020903849 20252.891480982023
56.60722890537329 24873.402734566218
71.26427896022373 31107.659411380242
89.71641173621407 59604.15111704978
112.94627058970838 98844.85040754822
142.1909302127641 131355.7170848074
179.00777537149963 209732.39676033583
225.35743732392305 232638.08346639213
283.7082045838981 344543.8844868259
357.1674682851676 510418.8765542398
449.6472020903849 568001.8339927443
566.0722890537327 700972.3853040566
712.6427896022376 787352.4706409136
897.164117362141 754310.15188317
1129.4627058970837 627473.7595856143
1421.9093021276408 475897.81608156674
1790.0777537149975 302849.1136253793
2253.5743732392316 203887.79716362525
2837.082045838981 101028.42434780952
3571.674682851676 46306.36140480917
4496.47202090385 14135.46101115644
5660.72289053733 3480.7088549835607
7126.427896022379 429.32788291107863
8971.64117362141 1.6414588605985045
