11.294627058970837 54.31472020170574
14.219093021276404 155.9128348876607
17.900777537149963 272.30730903355794
22.535743732392298 555.0033546214058
28.370820458389794 818.4313427951392
35.71674682851676 3327.6684720827825
44.96472020903849 3408.953362001819
56.60722890537329 4325.520772176211
71.26427896022373 5634.960602170155
89.71641173621407 8992.049351220616
112.94627058970838 13319.468921084954
142.1909302127641 29448.681669454207
179.00777537149963 38126.197501445946
225.35743732392305 46957.104679249605
283.7082045838981 49997.56442940794
357.1674682851676 43248.37428264992
449.6472020903849 36987.03127621306
566.0722890537327 35398.38357793348
712.6427896022376 33306.861497003934
897.164117362141 31783.808310287015
1129.4627058970837 26217.305047307047
1421.9093021276408 20616.368542162178
1790.0777537149975 13959.538343298133
2253.5743732392316 7178.866797390103
2837.082045838981 3621.250677292468
3571.674682851676 1797.104209979705
4496.47202090385 299.57626467588125
5660.72289053733 10.177288614155259
7126.427896022379 0.0
8971.64117362141 0.0
