11.294627058970837 473.7530217119346
14.219093021276404 2846.3974180142613
17.900777537149963 2768.6332790641954
22.535743732392298 823.5607061146575
28.370820458389794 1319.327712388188
35.71674682851676 4990.9514078200755
44.96472020903849 13485.003525660572
56.60722890537329 18242.72169431428
71.26427896022373 44040.39534078302
89.71641173621407 56687.30789773725
112.94627058970838 82522.48736574873
142.1909302127641 86954.29640594759
179.00777537149963 197861.02677437058
225.35743732392305 293245.6909209261
283.7082045838981 356640.5581804273
357.1674682851676 450158.57170361886
449.6472020903849 630666.7053570112
566.0722890537327 719240.3657690943
712.6427896022376 797406.4727112208
897.164117362141 782809.4207958919
1129.4627058970837 663334.3476086678
1421.9093021276408 512523.04764752276
1790.0777537149975 334206.57584846206
2253.5743732392316 198026.8340255553
2837.082045838981 115120.0665531354
3571.674682851676 51210.52974293195
4496.47202090385 16534.288417424075
5660.72289053733 4223.506567990407
7126.427896022379 323.1704357462004
8971.64117362141 0.23916154447942972
