0.25 0.125 3785532.71484
0.75 0.125 4731915.89355
1.25 0.125 4416454.83398
1.75 0.125 4416454.83398
2.25 0.125 5047376.95312
2.75 0.125 2523688.47656
3.25 0.125 3470071.65527
3.75 0.125 4731915.89355
4.25 0.125 4416454.83398
4.75 0.125 3785532.71484
5.25 0.125 5362838.01269
5.75 0.125 6624682.25097
6.25 0.125 2523688.47656
6.75 0.125 2839149.53613
7.25 0.125 3154610.5957
7.75 0.125 3470071.65527
8.25 0.125 0.0
8.75 0.125 0.0
0.25 0.375 11041137.085
0.75 0.375 9779292.84667
1.25 0.375 9148370.72753
1.75 0.375 5678299.07226
2.25 0.375 7886526.48925
2.75 0.375 10410214.9658
3.25 0.375 10725676.0254
3.75 0.375 10094753.9062
4.25 0.375 8832909.66796
4.75 0.375 6624682.25097
5.25 0.375 8201987.54882
5.75 0.375 10725676.0254
6.25 0.375 7571065.42968
6.75 0.375 4416454.83398
7.25 0.375 6309221.1914
7.75 0.375 1892766.35742
8.25 0.375 1892766.35742
8.75 0.375 0.0
0.25 0.625 5993760.13183
0.75 0.625 5678299.07226
1.25 0.625 8517448.60839
1.75 0.625 5362838.01269
2.25 0.625 9463831.7871
2.75 0.625 7255604.37011
3.25 0.625 6624682.25097
3.75 0.625 9148370.72753
4.25 0.625 5678299.07226
4.75 0.625 8517448.60839
5.25 0.625 7255604.37011
5.75 0.625 8201987.54882
6.25 0.625 5993760.13183
6.75 0.625 6309221.1914
7.25 0.625 4416454.83398
7.75 0.625 1577305.29785
8.25 0.625 630922.11914
8.75 0.625 0.0
0.25 0.875 5362838.01269
0.75 0.875 2839149.53613
1.25 0.875 5678299.07226
1.75 0.875 5993760.13183
2.25 0.875 7255604.37011
2.75 0.875 5362838.01269
3.25 0.875 5993760.13183
3.75 0.875 3470071.65527
4.25 0.875 3470071.65527
4.75 0.875 4100993.77441
5.25 0.875 4100993.77441
5.75 0.875 2839149.53613
6.25 0.875 5047376.95312
6.75 0.875 1892766.35742
7.25 0.875 1577305.29785
7.75 0.875 630922.11914
8.25 0.875 946383.17871
8.75 0.875 0.0
0.25 1.125 3470071.65527
0.75 1.125 3470071.65527
1.25 1.125 5362838.01269
1.75 1.125 2839149.53613
2.25 1.125 2208227.41699
2.75 1.125 5047376.95312
3.25 1.125 3470071.65527
3.75 1.125 1892766.35742
4.25 1.125 1892766.35742
4.75 1.125 630922.11914
5.25 1.125 630922.11914
5.75 1.125 946383.17871
6.25 1.125 1577305.29785
6.75 1.125 315461.05957
7.25 1.125 630922.11914
7.75 1.125 630922.11914
8.25 1.125 0.0
8.75 1.125 0.0
0.25 1.375 2208227.41699
0.75 1.375 5362838.01269
1.25 1.375 2839149.53613
1.75 1.375 2523688.47656
2.25 1.375 4100993.77441
2.75 1.375 2523688.47656
3.25 1.375 1892766.35742
3.75 1.375 4100993.77441
4.25 1.375 946383.17871
4.75 1.375 946383.17871
5.25 1.375 1892766.35742
5.75 1.375 315461.05957
6.25 1.375 315461.05957
6.75 1.375 0.0
7.25 1.375 315461.05957
7.75 1.375 0.0
8.25 1.375 0.0
8.75 1.375 0.0
0.25 1.625 2523688.47656
0.75 1.625 2523688.47656
1.25 1.625 2839149.53613
1.75 1.625 4416454.83398
2.25 1.625 4731915.89355
2.75 1.625 4416454.83398
3.25 1.625 1577305.29785
3.75 1.625 2523688.47656
4.25 1.625 946383.17871
4.75 1.625 946383.17871
5.25 1.625 946383.17871
5.75 1.625 630922.11914
6.25 1.625 0.0
6.75 1.625 315461.05957
7.25 1.625 0.0
7.75 1.625 0.0
8.25 1.625 0.0
8.75 1.625 0.0
0.25 1.875 2839149.53613
0.75 1.875 2839149.53613
1.25 1.875 2839149.53613
1.75 1.875 3154610.5957
2.25 1.875 3785532.71484
2.75 1.875 5993760.13183
3.25 1.875 2839149.53613
3.75 1.875 1892766.35742
4.25 1.875 3470071.65527
4.75 1.875 2839149.53613
5.25 1.875 1577305.29785
5.75 1.875 315461.05957
6.25 1.875 0.0
6.75 1.875 0.0
7.25 1.875 0.0
7.75 1.875 0.0
8.25 1.875 0.0
8.75 1.875 0.0
0.25 2.125 3785532.71484
0.75 2.125 3785532.71484
1.25 2.125 4416454.83398
1.75 2.125 4731915.89355
2.25 2.125 4416454.83398
2.75 2.125 5678299.07226
3.25 2.125 2839149.53613
3.75 2.125 3154610.5957
4.25 2.125 1577305.29785
4.75 2.125 1892766.35742
5.25 2.125 315461.05957
5.75 2.125 315461.05957
6.25 2.125 315461.05957
6.75 2.125 0.0
7.25 2.125 0.0
7.75 2.125 0.0
8.25 2.125 0.0
8.75 2.125 0.0
0.25 2.375 5047376.95312
0.75 2.375 4731915.89355
1.25 2.375 5678299.07226
1.75 2.375 3785532.71484
2.25 2.375 2208227.41699
2.75 2.375 5993760.13183
3.25 2.375 2208227.41699
3.75 2.375 4100993.77441
4.25 2.375 2208227.41699
4.75 2.375 1892766.35742
5.25 2.375 1261844.23828
5.75 2.375 630922.11914
6.25 2.375 315461.05957
6.75 2.375 0.0
7.25 2.375 0.0
7.75 2.375 0.0
8.25 2.375 0.0
8.75 2.375 0.0
0.25 2.625 4100993.77441
0.75 2.625 4100993.77441
1.25 2.625 5362838.01269
1.75 2.625 6624682.25097
2.25 2.625 4100993.77441
2.75 2.625 5047376.95312
3.25 2.625 2523688.47656
3.75 2.625 2839149.53613
4.25 2.625 3470071.65527
4.75 2.625 1892766.35742
5.25 2.625 1261844.23828
5.75 2.625 630922.11914
6.25 2.625 0.0
6.75 2.625 0.0
7.25 2.625 0.0
7.75 2.625 0.0
8.25 2.625 0.0
8.75 2.625 0.0
0.25 2.875 5362838.01269
0.75 2.875 5362838.01269
1.25 2.875 3154610.5957
1.75 2.875 5993760.13183
2.25 2.875 4731915.89355
2.75 2.875 4416454.83398
3.25 2.875 3470071.65527
3.75 2.875 1892766.35742
4.25 2.875 3785532.71484
4.75 2.875 2839149.53613
5.25 2.875 1892766.35742
5.75 2.875 946383.17871
6.25 2.875 0.0
6.75 2.875 0.0
7.25 2.875 0.0
7.75 2.875 0.0
8.25 2.875 0.0
8.75 2.875 0.0
0.25 3.125 8517448.60839
0.75 3.125 6624682.25097
1.25 3.125 8201987.54882
1.75 3.125 4100993.77441
2.25 3.125 5993760.13183
2.75 3.125 3154610.5957
3.25 3.125 5678299.07226
3.75 3.125 2523688.47656
4.25 3.125 3154610.5957
4.75 3.125 3470071.65527
5.25 3.125 630922.11914
5.75 3.125 946383.17871
6.25 3.125 0.0
6.75 3.125 0.0
7.25 3.125 0.0
7.75 3.125 0.0
8.25 3.125 0.0
8.75 3.125 0.0
0.25 3.375 7571065.42968
0.75 3.375 5993760.13183
1.25 3.375 8832909.66796
1.75 3.375 4416454.83398
2.25 3.375 3470071.65527
2.75 3.375 4731915.89355
3.25 3.375 4731915.89355
3.75 3.375 2523688.47656
4.25 3.375 2208227.41699
4.75 3.375 2523688.47656
5.25 3.375 946383.17871
5.75 3.375 1892766.35742
6.25 3.375 630922.11914
6.75 3.375 0.0
7.25 3.375 0.0
7.75 3.375 0.0
8.25 3.375 0.0
8.75 3.375 0.0
0.25 3.625 4416454.83398
0.75 3.625 6940143.31054
1.25 3.625 10410214.9658
1.75 3.625 6624682.25097
2.25 3.625 6309221.1914
2.75 3.625 7886526.48925
3.25 3.625 4416454.83398
3.75 3.625 1892766.35742
4.25 3.625 2523688.47656
4.75 3.625 1892766.35742
5.25 3.625 2839149.53613
5.75 3.625 0.0
6.25 3.625 0.0
6.75 3.625 0.0
7.25 3.625 315461.05957
7.75 3.625 0.0
8.25 3.625 0.0
8.75 3.625 0.0
0.25 3.875 5678299.07226
0.75 3.875 7571065.42968
1.25 3.875 6940143.31054
1.75 3.875 3785532.71484
2.25 3.875 6309221.1914
2.75 3.875 5678299.07226
3.25 3.875 5678299.07226
3.75 3.875 5047376.95312
4.25 3.875 2839149.53613
4.75 3.875 2208227.41699
5.25 3.875 2839149.53613
5.75 3.875 946383.17871
6.25 3.875 630922.11914
6.75 3.875 0.0
7.25 3.875 0.0
7.75 3.875 0.0
8.25 3.875 0.0
8.75 3.875 0.0
0.25 4.125 9148370.72753
0.75 4.125 6309221.1914
1.25 4.125 6309221.1914
1.75 4.125 4100993.77441
2.25 4.125 3154610.5957
2.75 4.125 6309221.1914
3.25 4.125 3470071.65527
3.75 4.125 3470071.65527
4.25 4.125 2523688.47656
4.75 4.125 1577305.29785
5.25 4.125 946383.17871
5.75 4.125 630922.11914
6.25 4.125 315461.05957
6.75 4.125 315461.05957
7.25 4.125 0.0
7.75 4.125 0.0
8.25 4.125 0.0
8.75 4.125 0.0
0.25 4.375 7255604.37011
0.75 4.375 4731915.89355
1.25 4.375 5993760.13183
1.75 4.375 4416454.83398
2.25 4.375 3154610.5957
2.75 4.375 4416454.83398
3.25 4.375 4731915.89355
3.75 4.375 2523688.47656
4.25 4.375 1892766.35742
4.75 4.375 1261844.23828
5.25 4.375 2208227.41699
5.75 4.375 630922.11914
6.25 4.375 315461.05957
6.75 4.375 0.0
7.25 4.375 0.0
7.75 4.375 0.0
8.25 4.375 0.0
8.75 4.375 0.0
0.25 4.625 4100993.77441
0.75 4.625 4100993.77441
1.25 4.625 3470071.65527
1.75 4.625 4731915.89355
2.25 4.625 6309221.1914
2.75 4.625 4731915.89355
3.25 4.625 4731915.89355
3.75 4.625 3154610.5957
4.25 4.625 1892766.35742
4.75 4.625 1577305.29785
5.25 4.625 1577305.29785
5.75 4.625 1261844.23828
6.25 4.625 315461.05957
6.75 4.625 0.0
7.25 4.625 315461.05957
7.75 4.625 0.0
8.25 4.625 0.0
8.75 4.625 0.0
0.25 4.875 4100993.77441
0.75 4.875 4100993.77441
1.25 4.875 3470071.65527
1.75 4.875 2839149.53613
2.25 4.875 3785532.71484
2.75 4.875 2523688.47656
3.25 4.875 2523688.47656
3.75 4.875 3154610.5957
4.25 4.875 946383.17871
4.75 4.875 1892766.35742
5.25 4.875 1577305.29785
5.75 4.875 946383.17871
6.25 4.875 0.0
6.75 4.875 0.0
7.25 4.875 0.0
7.75 4.875 0.0
8.25 4.875 0.0
8.75 4.875 0.0
0.25 5.125 3154610.5957
0.75 5.125 4416454.83398
1.25 5.125 4100993.77441
1.75 5.125 2208227.41699
2.25 5.125 3470071.65527
2.75 5.125 2523688.47656
3.25 5.125 3154610.5957
3.75 5.125 3785532.71484
4.25 5.125 2208227.41699
4.75 5.125 2208227.41699
5.25 5.125 630922.11914
5.75 5.125 946383.17871
6.25 5.125 0.0
6.75 5.125 0.0
7.25 5.125 0.0
7.75 5.125 0.0
8.25 5.125 0.0
8.75 5.125 0.0
0.25 5.375 5047376.95312
0.75 5.375 3154610.5957
1.25 5.375 2839149.53613
1.75 5.375 4416454.83398
2.25 5.375 3154610.5957
2.75 5.375 1577305.29785
3.25 5.375 1261844.23828
3.75 5.375 1261844.23828
4.25 5.375 0.0
4.75 5.375 630922.11914
5.25 5.375 0.0
5.75 5.375 315461.05957
6.25 5.375 0.0
6.75 5.375 0.0
7.25 5.375 0.0
7.75 5.375 0.0
8.25 5.375 0.0
8.75 5.375 0.0
0.25 5.625 2839149.53613
0.75 5.625 4100993.77441
1.25 5.625 2208227.41699
1.75 5.625 1892766.35742
2.25 5.625 3154610.5957
2.75 5.625 630922.11914
3.25 5.625 946383.17871
3.75 5.625 2839149.53613
4.25 5.625 946383.17871
4.75 5.625 1261844.23828
5.25 5.625 630922.11914
5.75 5.625 0.0
6.25 5.625 0.0
6.75 5.625 0.0
7.25 5.625 0.0
7.75 5.625 0.0
8.25 5.625 0.0
8.75 5.625 0.0
0.25 5.875 1892766.35742
0.75 5.875 1577305.29785
1.25 5.875 3154610.5957
1.75 5.875 3154610.5957
2.25 5.875 630922.11914
2.75 5.875 1892766.35742
3.25 5.875 1892766.35742
3.75 5.875 630922.11914
4.25 5.875 1261844.23828
4.75 5.875 630922.11914
5.25 5.875 315461.05957
5.75 5.875 0.0
6.25 5.875 0.0
6.75 5.875 0.0
7.25 5.875 0.0
7.75 5.875 0.0
8.25 5.875 0.0
8.75 5.875 0.0
0.25 6.125 4416454.83398
0.75 6.125 2839149.53613
1.25 6.125 1892766.35742
1.75 6.125 1892766.35742
2.25 6.125 1577305.29785
2.75 6.125 1261844.23828
3.25 6.125 1892766.35742
3.75 6.125 1892766.35742
4.25 6.125 1892766.35742
4.75 6.125 0.0
5.25 6.125 630922.11914
5.75 6.125 0.0
6.25 6.125 630922.11914
6.75 6.125 0.0
7.25 6.125 0.0
7.75 6.125 0.0
8.25 6.125 0.0
8.75 6.125 0.0
0.25 6.375 1577305.29785
0.75 6.375 1261844.23828
1.25 6.375 1577305.29785
1.75 6.375 946383.17871
2.25 6.375 2208227.41699
2.75 6.375 2839149.53613
3.25 6.375 630922.11914
3.75 6.375 630922.11914
4.25 6.375 946383.17871
4.75 6.375 946383.17871
5.25 6.375 0.0
5.75 6.375 315461.05957
6.25 6.375 0.0
6.75 6.375 0.0
7.25 6.375 0.0
7.75 6.375 0.0
8.25 6.375 0.0
8.75 6.375 0.0
0.25 6.625 1892766.35742
0.75 6.625 946383.17871
1.25 6.625 1261844.23828
1.75 6.625 1261844.23828
2.25 6.625 1261844.23828
2.75 6.625 315461.05957
3.25 6.625 630922.11914
3.75 6.625 630922.11914
4.25 6.625 315461.05957
4.75 6.625 315461.05957
5.25 6.625 0.0
5.75 6.625 315461.05957
6.25 6.625 0.0
6.75 6.625 0.0
7.25 6.625 0.0
7.75 6.625 0.0
8.25 6.625 0.0
8.75 6.625 0.0
0.25 6.875 1892766.35742
0.75 6.875 1892766.35742
1.25 6.875 0.0
1.75 6.875 946383.17871
2.25 6.875 946383.17871
2.75 6.875 630922.11914
3.25 6.875 0.0
3.75 6.875 0.0
4.25 6.875 315461.05957
4.75 6.875 315461.05957
5.25 6.875 315461.05957
5.75 6.875 0.0
6.25 6.875 0.0
6.75 6.875 0.0
7.25 6.875 0.0
7.75 6.875 0.0
8.25 6.875 0.0
8.75 6.875 0.0
0.25 7.125 2208227.41699
0.75 7.125 946383.17871
1.25 7.125 1261844.23828
1.75 7.125 946383.17871
2.25 7.125 946383.17871
2.75 7.125 630922.11914
3.25 7.125 630922.11914
3.75 7.125 630922.11914
4.25 7.125 946383.17871
4.75 7.125 315461.05957
5.25 7.125 0.0
5.75 7.125 0.0
6.25 7.125 0.0
6.75 7.125 0.0
7.25 7.125 0.0
7.75 7.125 0.0
8.25 7.125 0.0
8.75 7.125 0.0
0.25 7.375 1261844.23828
0.75 7.375 315461.05957
1.25 7.375 315461.05957
1.75 7.375 315461.05957
2.25 7.375 946383.17871
2.75 7.375 946383.17871
3.25 7.375 630922.11914
3.75 7.375 0.0
4.25 7.375 630922.11914
4.75 7.375 0.0
5.25 7.375 0.0
5.75 7.375 0.0
6.25 7.375 0.0
6.75 7.375 0.0
7.25 7.375 0.0
7.75 7.375 0.0
8.25 7.375 0.0
8.75 7.375 0.0
0.25 7.625 315461.05957
0.75 7.625 1261844.23828
1.25 7.625 946383.17871
1.75 7.625 630922.11914
2.25 7.625 630922.11914
2.75 7.625 315461.05957
3.25 7.625 630922.11914
3.75 7.625 630922.11914
4.25 7.625 0.0
4.75 7.625 0.0
5.25 7.625 0.0
5.75 7.625 0.0
6.25 7.625 0.0
6.75 7.625 0.0
7.25 7.625 0.0
7.75 7.625 0.0
8.25 7.625 0.0
8.75 7.625 0.0
0.25 7.875 630922.11914
0.75 7.875 946383.17871
1.25 7.875 1261844.23828
1.75 7.875 315461.05957
2.25 7.875 946383.17871
2.75 7.875 315461.05957
3.25 7.875 0.0
3.75 7.875 315461.05957
4.25 7.875 0.0
4.75 7.875 315461.05957
5.25 7.875 0.0
5.75 7.875 0.0
6.25 7.875 0.0
6.75 7.875 0.0
7.25 7.875 0.0
7.75 7.875 0.0
8.25 7.875 0.0
8.75 7.875 0.0
0.25 8.125 946383.17871
0.75 8.125 1577305.29785
1.25 8.125 315461.05957
1.75 8.125 630922.11914
2.25 8.125 630922.11914
2.75 8.125 315461.05957
3.25 8.125 630922.11914
3.75 8.125 0.0
4.25 8.125 0.0
4.75 8.125 315461.05957
5.25 8.125 0.0
5.75 8.125 0.0
6.25 8.125 0.0
6.75 8.125 0.0
7.25 8.125 0.0
7.75 8.125 0.0
8.25 8.125 0.0
8.75 8.125 0.0
0.25 8.375 315461.05957
0.75 8.375 1892766.35742
1.25 8.375 630922.11914
1.75 8.375 315461.05957
2.25 8.375 630922.11914
2.75 8.375 0.0
3.25 8.375 315461.05957
3.75 8.375 0.0
4.25 8.375 0.0
4.75 8.375 0.0
5.25 8.375 0.0
5.75 8.375 0.0
6.25 8.375 0.0
6.75 8.375 0.0
7.25 8.375 0.0
7.75 8.375 0.0
8.25 8.375 0.0
8.75 8.375 0.0
0.25 8.625 946383.17871
0.75 8.625 630922.11914
1.25 8.625 630922.11914
1.75 8.625 0.0
2.25 8.625 946383.17871
2.75 8.625 0.0
3.25 8.625 315461.05957
3.75 8.625 0.0
4.25 8.625 315461.05957
4.75 8.625 0.0
5.25 8.625 0.0
5.75 8.625 0.0
6.25 8.625 0.0
6.75 8.625 0.0
7.25 8.625 0.0
7.75 8.625 0.0
8.25 8.625 0.0
8.75 8.625 0.0
0.25 8.875 0.0
0.75 8.875 630922.11914
1.25 8.875 0.0
1.75 8.875 630922.11914
2.25 8.875 630922.11914
2.75 8.875 630922.11914
3.25 8.875 0.0
3.75 8.875 0.0
4.25 8.875 0.0
4.75 8.875 315461.05957
5.25 8.875 0.0
5.75 8.875 0.0
6.25 8.875 0.0
6.75 8.875 0.0
7.25 8.875 0.0
7.75 8.875 0.0
8.25 8.875 0.0
8.75 8.875 0.0
0.25 9.125 0.0
0.75 9.125 315461.05957
1.25 9.125 946383.17871
1.75 9.125 315461.05957
2.25 9.125 315461.05957
2.75 9.125 0.0
3.25 9.125 0.0
3.75 9.125 315461.05957
4.25 9.125 315461.05957
4.75 9.125 0.0
5.25 9.125 0.0
5.75 9.125 0.0
6.25 9.125 0.0
6.75 9.125 0.0
7.25 9.125 0.0
7.75 9.125 0.0
8.25 9.125 0.0
8.75 9.125 0.0
0.25 9.375 630922.11914
0.75 9.375 630922.11914
1.25 9.375 0.0
1.75 9.375 0.0
2.25 9.375 0.0
2.75 9.375 946383.17871
3.25 9.375 315461.05957
3.75 9.375 0.0
4.25 9.375 0.0
4.75 9.375 0.0
5.25 9.375 0.0
5.75 9.375 315461.05957
6.25 9.375 0.0
6.75 9.375 0.0
7.25 9.375 0.0
7.75 9.375 0.0
8.25 9.375 0.0
8.75 9.375 0.0
0.25 9.625 315461.05957
0.75 9.625 0.0
1.25 9.625 315461.05957
1.75 9.625 0.0
2.25 9.625 630922.11914
2.75 9.625 0.0
3.25 9.625 315461.05957
3.75 9.625 0.0
4.25 9.625 0.0
4.75 9.625 315461.05957
5.25 9.625 0.0
5.75 9.625 0.0
6.25 9.625 0.0
6.75 9.625 0.0
7.25 9.625 0.0
7.75 9.625 0.0
8.25 9.625 0.0
8.75 9.625 0.0
0.25 9.875 315461.05957
0.75 9.875 315461.05957
1.25 9.875 0.0
1.75 9.875 0.0
2.25 9.875 0.0
2.75 9.875 0.0
3.25 9.875 0.0
3.75 9.875 0.0
4.25 9.875 0.0
4.75 9.875 0.0
5.25 9.875 0.0
5.75 9.875 315461.05957
6.25 9.875 0.0
6.75 9.875 0.0
7.25 9.875 0.0
7.75 9.875 0.0
8.25 9.875 0.0
8.75 9.875 0.0
0.25 10.125 315461.05957
0.75 10.125 315461.05957
1.25 10.125 0.0
1.75 10.125 0.0
2.25 10.125 0.0
2.75 10.125 630922.11914
3.25 10.125 0.0
3.75 10.125 630922.11914
4.25 10.125 0.0
4.75 10.125 0.0
5.25 10.125 0.0
5.75 10.125 0.0
6.25 10.125 0.0
6.75 10.125 0.0
7.25 10.125 0.0
7.75 10.125 0.0
8.25 10.125 0.0
8.75 10.125 0.0
0.25 10.375 315461.05957
0.75 10.375 315461.05957
1.25 10.375 630922.11914
1.75 10.375 946383.17871
2.25 10.375 0.0
2.75 10.375 0.0
3.25 10.375 315461.05957
3.75 10.375 0.0
4.25 10.375 315461.05957
4.75 10.375 0.0
5.25 10.375 0.0
5.75 10.375 0.0
6.25 10.375 0.0
6.75 10.375 0.0
7.25 10.375 0.0
7.75 10.375 0.0
8.25 10.375 0.0
8.75 10.375 0.0
0.25 10.625 630922.11914
0.75 10.625 630922.11914
1.25 10.625 0.0
1.75 10.625 0.0
2.25 10.625 315461.05957
2.75 10.625 0.0
3.25 10.625 0.0
3.75 10.625 0.0
4.25 10.625 0.0
4.75 10.625 0.0
5.25 10.625 0.0
5.75 10.625 0.0
6.25 10.625 0.0
6.75 10.625 0.0
7.25 10.625 0.0
7.75 10.625 0.0
8.25 10.625 0.0
8.75 10.625 0.0
0.25 10.875 315461.05957
0.75 10.875 315461.05957
1.25 10.875 0.0
1.75 10.875 0.0
2.25 10.875 315461.05957
2.75 10.875 0.0
3.25 10.875 0.0
3.75 10.875 0.0
4.25 10.875 0.0
4.75 10.875 0.0
5.25 10.875 0.0
5.75 10.875 0.0
6.25 10.875 0.0
6.75 10.875 0.0
7.25 10.875 0.0
7.75 10.875 0.0
8.25 10.875 0.0
8.75 10.875 0.0
0.25 11.125 315461.05957
0.75 11.125 315461.05957
1.25 11.125 0.0
1.75 11.125 630922.11914
2.25 11.125 630922.11914
2.75 11.125 315461.05957
3.25 11.125 0.0
3.75 11.125 0.0
4.25 11.125 0.0
4.75 11.125 0.0
5.25 11.125 0.0
5.75 11.125 0.0
6.25 11.125 0.0
6.75 11.125 0.0
7.25 11.125 0.0
7.75 11.125 0.0
8.25 11.125 0.0
8.75 11.125 0.0
0.25 11.375 0.0
0.75 11.375 0.0
1.25 11.375 0.0
1.75 11.375 0.0
2.25 11.375 0.0
2.75 11.375 315461.05957
3.25 11.375 630922.11914
3.75 11.375 315461.05957
4.25 11.375 0.0
4.75 11.375 0.0
5.25 11.375 0.0
5.75 11.375 0.0
6.25 11.375 0.0
6.75 11.375 0.0
7.25 11.375 0.0
7.75 11.375 0.0
8.25 11.375 0.0
8.75 11.375 0.0
0.25 11.625 0.0
0.75 11.625 315461.05957
1.25 11.625 0.0
1.75 11.625 630922.11914
2.25 11.625 0.0
2.75 11.625 0.0
3.25 11.625 0.0
3.75 11.625 0.0
4.25 11.625 315461.05957
4.75 11.625 0.0
5.25 11.625 0.0
5.75 11.625 0.0
6.25 11.625 0.0
6.75 11.625 0.0
7.25 11.625 0.0
7.75 11.625 0.0
8.25 11.625 0.0
8.75 11.625 0.0
0.25 11.875 0.0
0.75 11.875 0.0
1.25 11.875 0.0
1.75 11.875 0.0
2.25 11.875 0.0
2.75 11.875 0.0
3.25 11.875 0.0
3.75 11.875 0.0
4.25 11.875 0.0
4.75 11.875 315461.05957
5.25 11.875 0.0
5.75 11.875 0.0
6.25 11.875 0.0
6.75 11.875 0.0
7.25 11.875 0.0
7.75 11.875 0.0
8.25 11.875 0.0
8.75 11.875 0.0
0.25 12.125 315461.05957
0.75 12.125 0.0
1.25 12.125 315461.05957
1.75 12.125 0.0
2.25 12.125 0.0
2.75 12.125 0.0
3.25 12.125 0.0
3.75 12.125 315461.05957
4.25 12.125 0.0
4.75 12.125 0.0
5.25 12.125 0.0
5.75 12.125 0.0
6.25 12.125 0.0
6.75 12.125 0.0
7.25 12.125 0.0
7.75 12.125 0.0
8.25 12.125 0.0
8.75 12.125 0.0
0.25 12.375 0.0
0.75 12.375 0.0
1.25 12.375 315461.05957
1.75 12.375 0.0
2.25 12.375 315461.05957
2.75 12.375 315461.05957
3.25 12.375 0.0
3.75 12.375 0.0
4.25 12.375 0.0
4.75 12.375 0.0
5.25 12.375 0.0
5.75 12.375 0.0
6.25 12.375 0.0
6.75 12.375 0.0
7.25 12.375 0.0
7.75 12.375 0.0
8.25 12.375 0.0
8.75 12.375 0.0
0.25 12.625 0.0
0.75 12.625 0.0
1.25 12.625 630922.11914
1.75 12.625 0.0
2.25 12.625 0.0
2.75 12.625 0.0
3.25 12.625 315461.05957
3.75 12.625 315461.05957
4.25 12.625 0.0
4.75 12.625 0.0
5.25 12.625 0.0
5.75 12.625 0.0
6.25 12.625 0.0
6.75 12.625 0.0
7.25 12.625 0.0
7.75 12.625 0.0
8.25 12.625 0.0
8.75 12.625 0.0
0.25 12.875 0.0
0.75 12.875 0.0
1.25 12.875 0.0
1.75 12.875 315461.05957
2.25 12.875 0.0
2.75 12.875 630922.11914
3.25 12.875 0.0
3.75 12.875 0.0
4.25 12.875 0.0
4.75 12.875 0.0
5.25 12.875 0.0
5.75 12.875 0.0
6.25 12.875 0.0
6.75 12.875 0.0
7.25 12.875 0.0
7.75 12.875 0.0
8.25 12.875 0.0
8.75 12.875 0.0
0.25 13.125 315461.05957
0.75 13.125 0.0
1.25 13.125 0.0
1.75 13.125 0.0
2.25 13.125 0.0
2.75 13.125 0.0
3.25 13.125 0.0
3.75 13.125 0.0
4.25 13.125 0.0
4.75 13.125 0.0
5.25 13.125 0.0
5.75 13.125 0.0
6.25 13.125 0.0
6.75 13.125 0.0
7.25 13.125 0.0
7.75 13.125 0.0
8.25 13.125 0.0
8.75 13.125 0.0
0.25 13.375 0.0
0.75 13.375 0.0
1.25 13.375 0.0
1.75 13.375 0.0
2.25 13.375 0.0
2.75 13.375 0.0
3.25 13.375 0.0
3.75 13.375 0.0
4.25 13.375 0.0
4.75 13.375 0.0
5.25 13.375 0.0
5.75 13.375 0.0
6.25 13.375 0.0
6.75 13.375 0.0
7.25 13.375 0.0
7.75 13.375 0.0
8.25 13.375 0.0
8.75 13.375 0.0
0.25 13.625 0.0
0.75 13.625 0.0
1.25 13.625 0.0
1.75 13.625 0.0
2.25 13.625 0.0
2.75 13.625 0.0
3.25 13.625 0.0
3.75 13.625 0.0
4.25 13.625 315461.05957
4.75 13.625 0.0
5.25 13.625 0.0
5.75 13.625 0.0
6.25 13.625 0.0
6.75 13.625 0.0
7.25 13.625 0.0
7.75 13.625 0.0
8.25 13.625 0.0
8.75 13.625 0.0
0.25 13.875 315461.05957
0.75 13.875 0.0
1.25 13.875 0.0
1.75 13.875 0.0
2.25 13.875 0.0
2.75 13.875 0.0
3.25 13.875 0.0
3.75 13.875 315461.05957
4.25 13.875 0.0
4.75 13.875 0.0
5.25 13.875 0.0
5.75 13.875 0.0
6.25 13.875 0.0
6.75 13.875 0.0
7.25 13.875 0.0
7.75 13.875 0.0
8.25 13.875 0.0
8.75 13.875 0.0
0.25 14.125 0.0
0.75 14.125 0.0
1.25 14.125 315461.05957
1.75 14.125 0.0
2.25 14.125 0.0
2.75 14.125 315461.05957
3.25 14.125 315461.05957
3.75 14.125 0.0
4.25 14.125 0.0
4.75 14.125 0.0
5.25 14.125 0.0
5.75 14.125 0.0
6.25 14.125 0.0
6.75 14.125 0.0
7.25 14.125 0.0
7.75 14.125 0.0
8.25 14.125 0.0
8.75 14.125 0.0
0.25 14.375 0.0
0.75 14.375 0.0
1.25 14.375 315461.05957
1.75 14.375 630922.11914
2.25 14.375 0.0
2.75 14.375 0.0
3.25 14.375 0.0
3.75 14.375 0.0
4.25 14.375 0.0
4.75 14.375 0.0
5.25 14.375 0.0
5.75 14.375 0.0
6.25 14.375 0.0
6.75 14.375 0.0
7.25 14.375 0.0
7.75 14.375 0.0
8.25 14.375 0.0
8.75 14.375 0.0
0.25 14.625 0.0
0.75 14.625 0.0
1.25 14.625 0.0
1.75 14.625 0.0
2.25 14.625 0.0
2.75 14.625 0.0
3.25 14.625 0.0
3.75 14.625 0.0
4.25 14.625 0.0
4.75 14.625 0.0
5.25 14.625 0.0
5.75 14.625 0.0
6.25 14.625 0.0
6.75 14.625 0.0
7.25 14.625 0.0
7.75 14.625 0.0
8.25 14.625 0.0
8.75 14.625 0.0
0.25 14.875 0.0
0.75 14.875 0.0
1.25 14.875 0.0
1.75 14.875 0.0
2.25 14.875 0.0
2.75 14.875 0.0
3.25 14.875 0.0
3.75 14.875 0.0
4.25 14.875 0.0
4.75 14.875 0.0
5.25 14.875 0.0
5.75 14.875 0.0
6.25 14.875 0.0
6.75 14.875 0.0
7.25 14.875 0.0
7.75 14.875 0.0
8.25 14.875 0.0
8.75 14.875 0.0
0.25 15.125 0.0
0.75 15.125 0.0
1.25 15.125 0.0
1.75 15.125 0.0
2.25 15.125 0.0
2.75 15.125 315461.05957
3.25 15.125 0.0
3.75 15.125 0.0
4.25 15.125 0.0
4.75 15.125 0.0
5.25 15.125 0.0
5.75 15.125 0.0
6.25 15.125 0.0
6.75 15.125 0.0
7.25 15.125 0.0
7.75 15.125 0.0
8.25 15.125 0.0
8.75 15.125 0.0
0.25 15.375 0.0
0.75 15.375 315461.05957
1.25 15.375 315461.05957
1.75 15.375 0.0
2.25 15.375 0.0
2.75 15.375 0.0
3.25 15.375 0.0
3.75 15.375 0.0
4.25 15.375 0.0
4.75 15.375 0.0
5.25 15.375 0.0
5.75 15.375 0.0
6.25 15.375 0.0
6.75 15.375 0.0
7.25 15.375 0.0
7.75 15.375 0.0
8.25 15.375 0.0
8.75 15.375 0.0
0.25 15.625 315461.05957
0.75 15.625 0.0
1.25 15.625 0.0
1.75 15.625 0.0
2.25 15.625 0.0
2.75 15.625 315461.05957
3.25 15.625 0.0
3.75 15.625 315461.05957
4.25 15.625 0.0
4.75 15.625 0.0
5.25 15.625 0.0
5.75 15.625 0.0
6.25 15.625 0.0
6.75 15.625 0.0
7.25 15.625 0.0
7.75 15.625 0.0
8.25 15.625 0.0
8.75 15.625 0.0
0.25 15.875 0.0
0.75 15.875 315461.05957
1.25 15.875 0.0
1.75 15.875 0.0
2.25 15.875 0.0
2.75 15.875 0.0
3.25 15.875 0.0
3.75 15.875 0.0
4.25 15.875 0.0
4.75 15.875 0.0
5.25 15.875 0.0
5.75 15.875 0.0
6.25 15.875 0.0
6.75 15.875 0.0
7.25 15.875 0.0
7.75 15.875 0.0
8.25 15.875 0.0
8.75 15.875 0.0
0.25 16.125 0.0
0.75 16.125 0.0
1.25 16.125 0.0
1.75 16.125 315461.05957
2.25 16.125 0.0
2.75 16.125 0.0
3.25 16.125 0.0
3.75 16.125 0.0
4.25 16.125 315461.05957
4.75 16.125 0.0
5.25 16.125 0.0
5.75 16.125 0.0
6.25 16.125 0.0
6.75 16.125 0.0
7.25 16.125 0.0
7.75 16.125 0.0
8.25 16.125 0.0
8.75 16.125 0.0
0.25 16.375 0.0
0.75 16.375 0.0
1.25 16.375 315461.05957
1.75 16.375 0.0
2.25 16.375 0.0
2.75 16.375 0.0
3.25 16.375 0.0
3.75 16.375 0.0
4.25 16.375 0.0
4.75 16.375 0.0
5.25 16.375 0.0
5.75 16.375 0.0
6.25 16.375 0.0
6.75 16.375 0.0
7.25 16.375 0.0
7.75 16.375 0.0
8.25 16.375 0.0
8.75 16.375 0.0
0.25 16.625 0.0
0.75 16.625 0.0
1.25 16.625 0.0
1.75 16.625 0.0
2.25 16.625 0.0
2.75 16.625 0.0
3.25 16.625 0.0
3.75 16.625 0.0
4.25 16.625 0.0
4.75 16.625 0.0
5.25 16.625 0.0
5.75 16.625 0.0
6.25 16.625 0.0
6.75 16.625 0.0
7.25 16.625 0.0
7.75 16.625 0.0
8.25 16.625 0.0
8.75 16.625 0.0
0.25 16.875 0.0
0.75 16.875 315461.05957
1.25 16.875 315461.05957
1.75 16.875 0.0
2.25 16.875 0.0
2.75 16.875 0.0
3.25 16.875 0.0
3.75 16.875 0.0
4.25 16.875 0.0
4.75 16.875 0.0
5.25 16.875 0.0
5.75 16.875 0.0
6.25 16.875 0.0
6.75 16.875 0.0
7.25 16.875 0.0
7.75 16.875 0.0
8.25 16.875 0.0
8.75 16.875 0.0
0.25 17.125 0.0
0.75 17.125 0.0
1.25 17.125 0.0
1.75 17.125 0.0
2.25 17.125 0.0
2.75 17.125 0.0
3.25 17.125 0.0
3.75 17.125 0.0
4.25 17.125 0.0
4.75 17.125 0.0
5.25 17.125 0.0
5.75 17.125 0.0
6.25 17.125 0.0
6.75 17.125 0.0
7.25 17.125 0.0
7.75 17.125 0.0
8.25 17.125 0.0
8.75 17.125 0.0
0.25 17.375 0.0
0.75 17.375 0.0
1.25 17.375 0.0
1.75 17.375 0.0
2.25 17.375 0.0
2.75 17.375 0.0
3.25 17.375 0.0
3.75 17.375 0.0
4.25 17.375 0.0
4.75 17.375 0.0
5.25 17.375 0.0
5.75 17.375 0.0
6.25 17.375 0.0
6.75 17.375 0.0
7.25 17.375 0.0
7.75 17.375 0.0
8.25 17.375 0.0
8.75 17.375 0.0
0.25 17.625 0.0
0.75 17.625 315461.05957
1.25 17.625 0.0
1.75 17.625 0.0
2.25 17.625 0.0
2.75 17.625 0.0
3.25 17.625 0.0
3.75 17.625 0.0
4.25 17.625 0.0
4.75 17.625 0.0
5.25 17.625 0.0
5.75 17.625 0.0
6.25 17.625 0.0
6.75 17.625 0.0
7.25 17.625 0.0
7.75 17.625 0.0
8.25 17.625 0.0
8.75 17.625 0.0
0.25 17.875 0.0
0.75 17.875 0.0
1.25 17.875 0.0
1.75 17.875 0.0
2.25 17.875 0.0
2.75 17.875 0.0
3.25 17.875 0.0
3.75 17.875 0.0
4.25 17.875 0.0
4.75 17.875 0.0
5.25 17.875 0.0
5.75 17.875 0.0
6.25 17.875 0.0
6.75 17.875 0.0
7.25 17.875 0.0
7.75 17.875 0.0
8.25 17.875 0.0
8.75 17.875 0.0
0.25 18.125 0.0
0.75 18.125 0.0
1.25 18.125 0.0
1.75 18.125 0.0
2.25 18.125 0.0
2.75 18.125 0.0
3.25 18.125 0.0
3.75 18.125 0.0
4.25 18.125 0.0
4.75 18.125 0.0
5.25 18.125 0.0
5.75 18.125 0.0
6.25 18.125 0.0
6.75 18.125 0.0
7.25 18.125 0.0
7.75 18.125 0.0
8.25 18.125 0.0
8.75 18.125 0.0
0.25 18.375 0.0
0.75 18.375 0.0
1.25 18.375 0.0
1.75 18.375 0.0
2.25 18.375 0.0
2.75 18.375 0.0
3.25 18.375 0.0
3.75 18.375 0.0
4.25 18.375 0.0
4.75 18.375 0.0
5.25 18.375 0.0
5.75 18.375 0.0
6.25 18.375 0.0
6.75 18.375 0.0
7.25 18.375 0.0
7.75 18.375 0.0
8.25 18.375 0.0
8.75 18.375 0.0
0.25 18.625 0.0
0.75 18.625 315461.05957
1.25 18.625 0.0
1.75 18.625 0.0
2.25 18.625 0.0
2.75 18.625 0.0
3.25 18.625 0.0
3.75 18.625 0.0
4.25 18.625 0.0
4.75 18.625 0.0
5.25 18.625 0.0
5.75 18.625 0.0
6.25 18.625 0.0
6.75 18.625 0.0
7.25 18.625 0.0
7.75 18.625 0.0
8.25 18.625 0.0
8.75 18.625 0.0
0.25 18.875 0.0
0.75 18.875 0.0
1.25 18.875 0.0
1.75 18.875 0.0
2.25 18.875 0.0
2.75 18.875 315461.05957
3.25 18.875 0.0
3.75 18.875 0.0
4.25 18.875 0.0
4.75 18.875 0.0
5.25 18.875 0.0
5.75 18.875 0.0
6.25 18.875 0.0
6.75 18.875 0.0
7.25 18.875 0.0
7.75 18.875 0.0
8.25 18.875 0.0
8.75 18.875 0.0
0.25 19.125 0.0
0.75 19.125 0.0
1.25 19.125 0.0
1.75 19.125 0.0
2.25 19.125 0.0
2.75 19.125 0.0
3.25 19.125 0.0
3.75 19.125 0.0
4.25 19.125 0.0
4.75 19.125 0.0
5.25 19.125 0.0
5.75 19.125 0.0
6.25 19.125 0.0
6.75 19.125 0.0
7.25 19.125 0.0
7.75 19.125 0.0
8.25 19.125 0.0
8.75 19.125 0.0
0.25 19.375 315461.05957
0.75 19.375 0.0
1.25 19.375 0.0
1.75 19.375 0.0
2.25 19.375 0.0
2.75 19.375 0.0
3.25 19.375 315461.05957
3.75 19.375 0.0
4.25 19.375 0.0
4.75 19.375 0.0
5.25 19.375 0.0
5.75 19.375 0.0
6.25 19.375 0.0
6.75 19.375 0.0
7.25 19.375 0.0
7.75 19.375 0.0
8.25 19.375 0.0
8.75 19.375 0.0
0.25 19.625 0.0
0.75 19.625 0.0
1.25 19.625 0.0
1.75 19.625 0.0
2.25 19.625 0.0
2.75 19.625 0.0
3.25 19.625 0.0
3.75 19.625 0.0
4.25 19.625 0.0
4.75 19.625 0.0
5.25 19.625 0.0
5.75 19.625 0.0
6.25 19.625 0.0
6.75 19.625 0.0
7.25 19.625 0.0
7.75 19.625 0.0
8.25 19.625 0.0
8.75 19.625 0.0
0.25 19.875 0.0
0.75 19.875 0.0
1.25 19.875 0.0
1.75 19.875 0.0
2.25 19.875 0.0
2.75 19.875 0.0
3.25 19.875 0.0
3.75 19.875 0.0
4.25 19.875 0.0
4.75 19.875 0.0
5.25 19.875 0.0
5.75 19.875 0.0
6.25 19.875 0.0
6.75 19.875 0.0
7.25 19.875 0.0
7.75 19.875 0.0
8.25 19.875 0.0
8.75 19.875 0.0
0.25 20.125 0.0
0.75 20.125 0.0
1.25 20.125 0.0
1.75 20.125 0.0
2.25 20.125 0.0
2.75 20.125 0.0
3.25 20.125 0.0
3.75 20.125 0.0
4.25 20.125 0.0
4.75 20.125 0.0
5.25 20.125 0.0
5.75 20.125 0.0
6.25 20.125 0.0
6.75 20.125 0.0
7.25 20.125 0.0
7.75 20.125 0.0
8.25 20.125 0.0
8.75 20.125 0.0
0.25 20.375 0.0
0.75 20.375 0.0
1.25 20.375 0.0
1.75 20.375 0.0
2.25 20.375 0.0
2.75 20.375 0.0
3.25 20.375 315461.05957
3.75 20.375 0.0
4.25 20.375 0.0
4.75 20.375 0.0
5.25 20.375 0.0
5.75 20.375 0.0
6.25 20.375 0.0
6.75 20.375 0.0
7.25 20.375 0.0
7.75 20.375 0.0
8.25 20.375 0.0
8.75 20.375 0.0
0.25 20.625 0.0
0.75 20.625 0.0
1.25 20.625 0.0
1.75 20.625 315461.05957
2.25 20.625 0.0
2.75 20.625 0.0
3.25 20.625 0.0
3.75 20.625 0.0
4.25 20.625 0.0
4.75 20.625 0.0
5.25 20.625 0.0
5.75 20.625 0.0
6.25 20.625 0.0
6.75 20.625 0.0
7.25 20.625 0.0
7.75 20.625 0.0
8.25 20.625 0.0
8.75 20.625 0.0
0.25 20.875 0.0
0.75 20.875 0.0
1.25 20.875 0.0
1.75 20.875 0.0
2.25 20.875 0.0
2.75 20.875 0.0
3.25 20.875 0.0
3.75 20.875 0.0
4.25 20.875 0.0
4.75 20.875 0.0
5.25 20.875 0.0
5.75 20.875 0.0
6.25 20.875 0.0
6.75 20.875 0.0
7.25 20.875 0.0
7.75 20.875 0.0
8.25 20.875 0.0
8.75 20.875 0.0
0.25 21.125 0.0
0.75 21.125 0.0
1.25 21.125 0.0
1.75 21.125 0.0
2.25 21.125 0.0
2.75 21.125 0.0
3.25 21.125 0.0
3.75 21.125 0.0
4.25 21.125 0.0
4.75 21.125 0.0
5.25 21.125 0.0
5.75 21.125 0.0
6.25 21.125 0.0
6.75 21.125 0.0
7.25 21.125 0.0
7.75 21.125 0.0
8.25 21.125 0.0
8.75 21.125 0.0
0.25 21.375 0.0
0.75 21.375 0.0
1.25 21.375 0.0
1.75 21.375 0.0
2.25 21.375 0.0
2.75 21.375 0.0
3.25 21.375 0.0
3.75 21.375 0.0
4.25 21.375 0.0
4.75 21.375 0.0
5.25 21.375 0.0
5.75 21.375 0.0
6.25 21.375 0.0
6.75 21.375 0.0
7.25 21.375 0.0
7.75 21.375 0.0
8.25 21.375 0.0
8.75 21.375 0.0
0.25 21.625 0.0
0.75 21.625 0.0
1.25 21.625 0.0
1.75 21.625 0.0
2.25 21.625 0.0
2.75 21.625 0.0
3.25 21.625 0.0
3.75 21.625 0.0
4.25 21.625 0.0
4.75 21.625 0.0
5.25 21.625 0.0
5.75 21.625 0.0
6.25 21.625 0.0
6.75 21.625 0.0
7.25 21.625 0.0
7.75 21.625 0.0
8.25 21.625 0.0
8.75 21.625 0.0
0.25 21.875 0.0
0.75 21.875 0.0
1.25 21.875 0.0
1.75 21.875 0.0
2.25 21.875 0.0
2.75 21.875 0.0
3.25 21.875 0.0
3.75 21.875 0.0
4.25 21.875 0.0
4.75 21.875 0.0
5.25 21.875 0.0
5.75 21.875 0.0
6.25 21.875 0.0
6.75 21.875 0.0
7.25 21.875 0.0
7.75 21.875 0.0
8.25 21.875 0.0
8.75 21.875 0.0
0.25 22.125 0.0
0.75 22.125 0.0
1.25 22.125 0.0
1.75 22.125 0.0
2.25 22.125 0.0
2.75 22.125 0.0
3.25 22.125 0.0
3.75 22.125 0.0
4.25 22.125 0.0
4.75 22.125 0.0
5.25 22.125 0.0
5.75 22.125 0.0
6.25 22.125 0.0
6.75 22.125 0.0
7.25 22.125 0.0
7.75 22.125 0.0
8.25 22.125 0.0
8.75 22.125 0.0
0.25 22.375 0.0
0.75 22.375 0.0
1.25 22.375 0.0
1.75 22.375 0.0
2.25 22.375 0.0
2.75 22.375 0.0
3.25 22.375 0.0
3.75 22.375 0.0
4.25 22.375 0.0
4.75 22.375 0.0
5.25 22.375 0.0
5.75 22.375 0.0
6.25 22.375 0.0
6.75 22.375 0.0
7.25 22.375 0.0
7.75 22.375 0.0
8.25 22.375 0.0
8.75 22.375 0.0
0.25 22.625 0.0
0.75 22.625 315461.05957
1.25 22.625 0.0
1.75 22.625 0.0
2.25 22.625 0.0
2.75 22.625 0.0
3.25 22.625 0.0
3.75 22.625 0.0
4.25 22.625 0.0
4.75 22.625 0.0
5.25 22.625 0.0
5.75 22.625 0.0
6.25 22.625 0.0
6.75 22.625 0.0
7.25 22.625 0.0
7.75 22.625 0.0
8.25 22.625 0.0
8.75 22.625 0.0
0.25 22.875 0.0
0.75 22.875 0.0
1.25 22.875 0.0
1.75 22.875 0.0
2.25 22.875 0.0
2.75 22.875 0.0
3.25 22.875 0.0
3.75 22.875 0.0
4.25 22.875 0.0
4.75 22.875 0.0
5.25 22.875 0.0
5.75 22.875 0.0
6.25 22.875 0.0
6.75 22.875 0.0
7.25 22.875 0.0
7.75 22.875 0.0
8.25 22.875 0.0
8.75 22.875 0.0
0.25 23.125 0.0
0.75 23.125 0.0
1.25 23.125 0.0
1.75 23.125 0.0
2.25 23.125 0.0
2.75 23.125 0.0
3.25 23.125 0.0
3.75 23.125 0.0
4.25 23.125 0.0
4.75 23.125 0.0
5.25 23.125 0.0
5.75 23.125 0.0
6.25 23.125 0.0
6.75 23.125 0.0
7.25 23.125 0.0
7.75 23.125 0.0
8.25 23.125 0.0
8.75 23.125 0.0
0.25 23.375 0.0
0.75 23.375 0.0
1.25 23.375 0.0
1.75 23.375 0.0
2.25 23.375 0.0
2.75 23.375 0.0
3.25 23.375 0.0
3.75 23.375 0.0
4.25 23.375 0.0
4.75 23.375 0.0
5.25 23.375 0.0
5.75 23.375 0.0
6.25 23.375 0.0
6.75 23.375 0.0
7.25 23.375 0.0
7.75 23.375 0.0
8.25 23.375 0.0
8.75 23.375 0.0
0.25 23.625 0.0
0.75 23.625 0.0
1.25 23.625 0.0
1.75 23.625 0.0
2.25 23.625 0.0
2.75 23.625 0.0
3.25 23.625 0.0
3.75 23.625 0.0
4.25 23.625 0.0
4.75 23.625 0.0
5.25 23.625 0.0
5.75 23.625 0.0
6.25 23.625 0.0
6.75 23.625 0.0
7.25 23.625 0.0
7.75 23.625 0.0
8.25 23.625 0.0
8.75 23.625 0.0
0.25 23.875 0.0
0.75 23.875 0.0
1.25 23.875 0.0
1.75 23.875 0.0
2.25 23.875 0.0
2.75 23.875 0.0
3.25 23.875 0.0
3.75 23.875 0.0
4.25 23.875 0.0
4.75 23.875 0.0
5.25 23.875 0.0
5.75 23.875 0.0
6.25 23.875 0.0
6.75 23.875 0.0
7.25 23.875 0.0
7.75 23.875 0.0
8.25 23.875 0.0
8.75 23.875 0.0
0.25 24.125 0.0
0.75 24.125 0.0
1.25 24.125 0.0
1.75 24.125 0.0
2.25 24.125 0.0
2.75 24.125 0.0
3.25 24.125 0.0
3.75 24.125 0.0
4.25 24.125 0.0
4.75 24.125 0.0
5.25 24.125 0.0
5.75 24.125 0.0
6.25 24.125 0.0
6.75 24.125 0.0
7.25 24.125 0.0
7.75 24.125 0.0
8.25 24.125 0.0
8.75 24.125 0.0
0.25 24.375 0.0
0.75 24.375 0.0
1.25 24.375 0.0
1.75 24.375 0.0
2.25 24.375 0.0
2.75 24.375 0.0
3.25 24.375 0.0
3.75 24.375 0.0
4.25 24.375 0.0
4.75 24.375 0.0
5.25 24.375 0.0
5.75 24.375 0.0
6.25 24.375 0.0
6.75 24.375 0.0
7.25 24.375 0.0
7.75 24.375 0.0
8.25 24.375 0.0
8.75 24.375 0.0
0.25 24.625 0.0
0.75 24.625 0.0
1.25 24.625 0.0
1.75 24.625 0.0
2.25 24.625 0.0
2.75 24.625 0.0
3.25 24.625 0.0
3.75 24.625 0.0
4.25 24.625 0.0
4.75 24.625 0.0
5.25 24.625 0.0
5.75 24.625 0.0
6.25 24.625 0.0
6.75 24.625 0.0
7.25 24.625 0.0
7.75 24.625 0.0
8.25 24.625 0.0
8.75 24.625 0.0
0.25 24.875 0.0
0.75 24.875 0.0
1.25 24.875 0.0
1.75 24.875 0.0
2.25 24.875 0.0
2.75 24.875 0.0
3.25 24.875 0.0
3.75 24.875 0.0
4.25 24.875 0.0
4.75 24.875 0.0
5.25 24.875 0.0
5.75 24.875 0.0
6.25 24.875 0.0
6.75 24.875 0.0
7.25 24.875 0.0
7.75 24.875 0.0
8.25 24.875 0.0
8.75 24.875 0.0
0.25 25.125 0.0
0.75 25.125 0.0
1.25 25.125 0.0
1.75 25.125 0.0
2.25 25.125 0.0
2.75 25.125 0.0
3.25 25.125 0.0
3.75 25.125 0.0
4.25 25.125 0.0
4.75 25.125 0.0
5.25 25.125 0.0
5.75 25.125 0.0
6.25 25.125 0.0
6.75 25.125 0.0
7.25 25.125 0.0
7.75 25.125 0.0
8.25 25.125 0.0
8.75 25.125 0.0
0.25 25.375 0.0
0.75 25.375 0.0
1.25 25.375 0.0
1.75 25.375 0.0
2.25 25.375 0.0
2.75 25.375 0.0
3.25 25.375 0.0
3.75 25.375 0.0
4.25 25.375 0.0
4.75 25.375 0.0
5.25 25.375 0.0
5.75 25.375 0.0
6.25 25.375 0.0
6.75 25.375 0.0
7.25 25.375 0.0
7.75 25.375 0.0
8.25 25.375 0.0
8.75 25.375 0.0
0.25 25.625 0.0
0.75 25.625 0.0
1.25 25.625 0.0
1.75 25.625 0.0
2.25 25.625 0.0
2.75 25.625 0.0
3.25 25.625 0.0
3.75 25.625 0.0
4.25 25.625 0.0
4.75 25.625 0.0
5.25 25.625 0.0
5.75 25.625 0.0
6.25 25.625 0.0
6.75 25.625 0.0
7.25 25.625 0.0
7.75 25.625 0.0
8.25 25.625 0.0
8.75 25.625 0.0
0.25 25.875 0.0
0.75 25.875 0.0
1.25 25.875 0.0
1.75 25.875 0.0
2.25 25.875 0.0
2.75 25.875 0.0
3.25 25.875 0.0
3.75 25.875 0.0
4.25 25.875 0.0
4.75 25.875 0.0
5.25 25.875 0.0
5.75 25.875 0.0
6.25 25.875 0.0
6.75 25.875 0.0
7.25 25.875 0.0
7.75 25.875 0.0
8.25 25.875 0.0
8.75 25.875 0.0
0.25 26.125 0.0
0.75 26.125 0.0
1.25 26.125 0.0
1.75 26.125 0.0
2.25 26.125 0.0
2.75 26.125 0.0
3.25 26.125 0.0
3.75 26.125 0.0
4.25 26.125 0.0
4.75 26.125 0.0
5.25 26.125 0.0
5.75 26.125 0.0
6.25 26.125 0.0
6.75 26.125 0.0
7.25 26.125 0.0
7.75 26.125 0.0
8.25 26.125 0.0
8.75 26.125 0.0
0.25 26.375 0.0
0.75 26.375 0.0
1.25 26.375 0.0
1.75 26.375 0.0
2.25 26.375 0.0
2.75 26.375 0.0
3.25 26.375 0.0
3.75 26.375 0.0
4.25 26.375 0.0
4.75 26.375 0.0
5.25 26.375 0.0
5.75 26.375 0.0
6.25 26.375 0.0
6.75 26.375 0.0
7.25 26.375 0.0
7.75 26.375 0.0
8.25 26.375 0.0
8.75 26.375 0.0
0.25 26.625 0.0
0.75 26.625 0.0
1.25 26.625 0.0
1.75 26.625 0.0
2.25 26.625 0.0
2.75 26.625 0.0
3.25 26.625 0.0
3.75 26.625 0.0
4.25 26.625 0.0
4.75 26.625 0.0
5.25 26.625 0.0
5.75 26.625 0.0
6.25 26.625 0.0
6.75 26.625 0.0
7.25 26.625 0.0
7.75 26.625 0.0
8.25 26.625 0.0
8.75 26.625 0.0
0.25 26.875 0.0
0.75 26.875 0.0
1.25 26.875 0.0
1.75 26.875 0.0
2.25 26.875 0.0
2.75 26.875 0.0
3.25 26.875 0.0
3.75 26.875 0.0
4.25 26.875 0.0
4.75 26.875 0.0
5.25 26.875 0.0
5.75 26.875 0.0
6.25 26.875 0.0
6.75 26.875 0.0
7.25 26.875 0.0
7.75 26.875 0.0
8.25 26.875 0.0
8.75 26.875 0.0
0.25 27.125 0.0
0.75 27.125 0.0
1.25 27.125 0.0
1.75 27.125 0.0
2.25 27.125 0.0
2.75 27.125 0.0
3.25 27.125 0.0
3.75 27.125 0.0
4.25 27.125 0.0
4.75 27.125 0.0
5.25 27.125 0.0
5.75 27.125 0.0
6.25 27.125 0.0
6.75 27.125 0.0
7.25 27.125 0.0
7.75 27.125 0.0
8.25 27.125 0.0
8.75 27.125 0.0
0.25 27.375 0.0
0.75 27.375 0.0
1.25 27.375 0.0
1.75 27.375 0.0
2.25 27.375 0.0
2.75 27.375 0.0
3.25 27.375 0.0
3.75 27.375 0.0
4.25 27.375 0.0
4.75 27.375 0.0
5.25 27.375 0.0
5.75 27.375 0.0
6.25 27.375 0.0
6.75 27.375 0.0
7.25 27.375 0.0
7.75 27.375 0.0
8.25 27.375 0.0
8.75 27.375 0.0
0.25 27.625 0.0
0.75 27.625 0.0
1.25 27.625 0.0
1.75 27.625 0.0
2.25 27.625 0.0
2.75 27.625 0.0
3.25 27.625 0.0
3.75 27.625 0.0
4.25 27.625 0.0
4.75 27.625 0.0
5.25 27.625 0.0
5.75 27.625 0.0
6.25 27.625 0.0
6.75 27.625 0.0
7.25 27.625 0.0
7.75 27.625 0.0
8.25 27.625 0.0
8.75 27.625 0.0
0.25 27.875 0.0
0.75 27.875 0.0
1.25 27.875 0.0
1.75 27.875 0.0
2.25 27.875 0.0
2.75 27.875 0.0
3.25 27.875 0.0
3.75 27.875 0.0
4.25 27.875 0.0
4.75 27.875 0.0
5.25 27.875 0.0
5.75 27.875 0.0
6.25 27.875 0.0
6.75 27.875 0.0
7.25 27.875 0.0
7.75 27.875 0.0
8.25 27.875 0.0
8.75 27.875 0.0
0.25 28.125 0.0
0.75 28.125 0.0
1.25 28.125 0.0
1.75 28.125 0.0
2.25 28.125 0.0
2.75 28.125 0.0
3.25 28.125 0.0
3.75 28.125 0.0
4.25 28.125 0.0
4.75 28.125 0.0
5.25 28.125 0.0
5.75 28.125 0.0
6.25 28.125 0.0
6.75 28.125 0.0
7.25 28.125 0.0
7.75 28.125 0.0
8.25 28.125 0.0
8.75 28.125 0.0
0.25 28.375 0.0
0.75 28.375 0.0
1.25 28.375 0.0
1.75 28.375 0.0
2.25 28.375 0.0
2.75 28.375 0.0
3.25 28.375 0.0
3.75 28.375 0.0
4.25 28.375 0.0
4.75 28.375 0.0
5.25 28.375 0.0
5.75 28.375 0.0
6.25 28.375 0.0
6.75 28.375 0.0
7.25 28.375 0.0
7.75 28.375 0.0
8.25 28.375 0.0
8.75 28.375 0.0
0.25 28.625 0.0
0.75 28.625 0.0
1.25 28.625 0.0
1.75 28.625 0.0
2.25 28.625 0.0
2.75 28.625 0.0
3.25 28.625 0.0
3.75 28.625 0.0
4.25 28.625 0.0
4.75 28.625 0.0
5.25 28.625 0.0
5.75 28.625 0.0
6.25 28.625 0.0
6.75 28.625 0.0
7.25 28.625 0.0
7.75 28.625 0.0
8.25 28.625 0.0
8.75 28.625 0.0
0.25 28.875 0.0
0.75 28.875 0.0
1.25 28.875 0.0
1.75 28.875 0.0
2.25 28.875 0.0
2.75 28.875 0.0
3.25 28.875 0.0
3.75 28.875 0.0
4.25 28.875 0.0
4.75 28.875 0.0
5.25 28.875 0.0
5.75 28.875 0.0
6.25 28.875 0.0
6.75 28.875 0.0
7.25 28.875 0.0
7.75 28.875 0.0
8.25 28.875 0.0
8.75 28.875 0.0
0.25 29.125 0.0
0.75 29.125 0.0
1.25 29.125 0.0
1.75 29.125 0.0
2.25 29.125 315461.05957
2.75 29.125 0.0
3.25 29.125 0.0
3.75 29.125 0.0
4.25 29.125 0.0
4.75 29.125 0.0
5.25 29.125 0.0
5.75 29.125 0.0
6.25 29.125 0.0
6.75 29.125 0.0
7.25 29.125 0.0
7.75 29.125 0.0
8.25 29.125 0.0
8.75 29.125 0.0
0.25 29.375 0.0
0.75 29.375 0.0
1.25 29.375 0.0
1.75 29.375 0.0
2.25 29.375 0.0
2.75 29.375 0.0
3.25 29.375 0.0
3.75 29.375 0.0
4.25 29.375 0.0
4.75 29.375 0.0
5.25 29.375 0.0
5.75 29.375 0.0
6.25 29.375 0.0
6.75 29.375 0.0
7.25 29.375 0.0
7.75 29.375 0.0
8.25 29.375 0.0
8.75 29.375 0.0
0.25 29.625 0.0
0.75 29.625 0.0
1.25 29.625 0.0
1.75 29.625 0.0
2.25 29.625 0.0
2.75 29.625 0.0
3.25 29.625 0.0
3.75 29.625 0.0
4.25 29.625 0.0
4.75 29.625 0.0
5.25 29.625 0.0
5.75 29.625 0.0
6.25 29.625 0.0
6.75 29.625 0.0
7.25 29.625 0.0
7.75 29.625 0.0
8.25 29.625 0.0
8.75 29.625 0.0
0.25 29.875 0.0
0.75 29.875 0.0
1.25 29.875 315461.05957
1.75 29.875 0.0
2.25 29.875 0.0
2.75 29.875 0.0
3.25 29.875 0.0
3.75 29.875 0.0
4.25 29.875 0.0
4.75 29.875 0.0
5.25 29.875 0.0
5.75 29.875 0.0
6.25 29.875 0.0
6.75 29.875 0.0
7.25 29.875 0.0
7.75 29.875 0.0
8.25 29.875 0.0
8.75 29.875 0.0
