11.294627058970837 4.527497126948612
14.219093021276404 2982.940232866247
17.900777537149963 4724.611252511
22.535743732392298 3199.0314246035414
28.370820458389794 1035.4879394547097
35.71674682851676 5643.406619875079
44.96472020903849 11348.786952938368
56.60722890537329 19931.92592176379
71.26427896022373 25347.17400115048
89.71641173621407 54166.43611833338
112.94627058970838 84397.21930375541
142.1909302127641 121628.06553611075
179.00777537149963 175038.4528916414
225.35743732392305 255099.41582644946
283.7082045838981 381473.89235810307
357.1674682851676 468726.6756084461
449.6472020903849 604286.2005211446
566.0722890537327 797942.8804750573
712.6427896022376 816948.1228624345
897.164117362141 876199.3498454154
1129.4627058970837 724807.1070459047
1421.9093021276408 599722.5662654964
1790.0777537149975 457916.7380144624
2253.5743732392316 298910.5608439017
2837.082045838981 173049.41695308033
3571.674682851676 84495.24768386222
4496.47202090385 31168.849283754826
5660.72289053733 6325.833480156027
7126.427896022379 62.28880409896374
8971.64117362141 0.0
