11.294627058970837 86.56979881197573
14.219093021276404 151.0905014050138
17.900777537149963 524.6166419463225
22.535743732392298 341.4232008084
28.370820458389794 3172.6839789468295
35.71674682851676 2669.004576554582
44.96472020903849 3407.8210316320838
56.60722890537329 4442.935522678919
71.26427896022373 7386.743311492648
89.71641173621407 10459.910774996835
112.94627058970838 17265.95778435364
142.1909302127641 28043.987840623013
179.00777537149963 34198.83311598141
225.35743732392305 42236.05692059154
283.7082045838981 42975.87371978606
357.1674682851676 39401.85959493209
449.6472020903849 41458.519649756956
566.0722890537327 33539.25291723118
712.6427896022376 36932.79570138175
897.164117362141 36374.141905269935
1129.4627058970837 27107.729456521047
1421.9093021276408 20575.341347432928
1790.0777537149975 13328.811482775433
2253.5743732392316 9336.372473527328
2837.082045838981 3755.4725053434377
3571.674682851676 2048.135161343962
4496.47202090385 386.3482514543575
5660.72289053733 24.49793517991202
7126.427896022379 0.0
8971.64117362141 0.0
