11.294627058970837 2164.086000921357
14.219093021276404 473.0330231188427
17.900777537149963 2846.4410737381672
22.535743732392298 6083.688816782251
28.370820458389794 5289.423501849587
35.71674682851676 7223.399301180685
44.96472020903849 13952.686745053488
56.60722890537329 25145.71073530813
71.26427896022373 42740.71272134702
89.71641173621407 68893.33909004822
112.94627058970838 92490.30281337892
142.1909302127641 83217.18189600948
179.00777537149963 100258.49625869456
225.35743732392305 122953.46276975173
283.7082045838981 131696.32601237972
357.1674682851676 128635.02187391964
449.6472020903849 119646.95733754383
566.0722890537327 115048.19009922561
712.6427896022376 89502.52815930871
897.164117362141 73521.07688783784
1129.4627058970837 47868.827893361915
1421.9093021276408 28829.11486433423
1790.0777537149975 13781.339706842089
2253.5743732392316 5661.088674925035
2837.082045838981 1746.5263900866266
3571.674682851676 323.21751844440587
4496.47202090385 44.16848736233078
5660.72289053733 4.299990726867691
7126.427896022379 0.11029206844978034
8971.64117362141 1.2177973985671997e-05
