0.25 0.125 20274.582
0.75 0.125 7360661.505600002
1.25 0.125 4134185.2415
1.75 0.125 5523417.149699999
2.25 0.125 4412495.7763
2.75 0.125 1060161.3299999998
3.25 0.125 378183.12659999996
3.75 0.125 889543.1997999998
4.25 0.125 633111.2488000001
4.75 0.125 928905.4465000001
5.25 0.125 496911.8856
5.75 0.125 822467.5799000001
6.25 0.125 361475.75070000003
6.75 0.125 91043.33510000001
7.25 0.125 102481.79149999999
7.75 0.125 14939.241
8.25 0.125 702.9386999999999
8.75 0.125 0.0
0.25 0.375 0.0
0.75 0.375 165352.5339
1.25 0.375 16574534.892700002
1.75 0.375 9250845.1578
2.25 0.375 20662735.768800005
2.75 0.375 10935640.152499998
3.25 0.375 8060139.870899999
3.75 0.375 11657685.2812
4.25 0.375 7691591.8058
4.75 0.375 4584590.2689
5.25 0.375 3888167.1026
5.75 0.375 1931309.8120999997
6.25 0.375 1333061.8647
6.75 0.375 1829087.3411000003
7.25 0.375 798561.7133999997
7.75 0.375 158766.30649999998
8.25 0.375 9202.184400000002
8.75 0.375 0.0
0.25 0.625 0.0
0.75 0.625 0.0
1.25 0.625 12477361.5979
1.75 0.625 37143160.135
2.25 0.625 19347422.6047
2.75 0.625 36144143.417100005
3.25 0.625 21385822.072300002
3.75 0.625 25077722.3316
4.25 0.625 22869409.6911
4.75 0.625 11764859.554000001
5.25 0.625 10215721.1586
5.75 0.625 7825988.1691000005
6.25 0.625 3439214.1867
6.75 0.625 3383237.3334
7.25 0.625 504494.0008
7.75 0.625 247717.37439999997
8.25 0.625 4143.1379000000015
8.75 0.625 0.0
0.25 0.875 0.0
0.75 0.875 0.0
1.25 0.875 5323028.8435
1.75 0.875 38669358.7539
2.25 0.875 24744893.892100003
2.75 0.875 41877843.758600004
3.25 0.875 34179230.8507
3.75 0.875 38781043.036299996
4.25 0.875 26832632.693200003
4.75 0.875 25364000.724900007
5.25 0.875 13868674.141000003
5.75 0.875 15588829.062200006
6.25 0.875 4829387.2088
6.75 0.875 4087862.6884999988
7.25 0.875 809890.2375
7.75 0.875 130810.66960000007
8.25 0.875 345.9734000000001
8.75 0.875 0.0
0.25 1.125 0.0
0.75 1.125 0.0
1.25 1.125 0.0
1.75 1.125 46500628.1809
2.25 1.125 65538221.6842
2.75 1.125 44076655.0224
3.25 1.125 52231486.13899999
3.75 1.125 40867791.55190001
4.25 1.125 25396824.7267
4.75 1.125 17726529.6214
5.25 1.125 11959205.3169
5.75 1.125 7115311.822
6.25 1.125 4515589.9531
6.75 1.125 3187512.5405000006
7.25 1.125 1082617.0971999997
7.75 1.125 32874.20640000001
8.25 1.125 8.2838
8.75 1.125 0.0018
0.25 1.375 0.0
0.75 1.375 0.0
1.25 1.375 0.0
1.75 1.375 20155515.9251
2.25 1.375 15895008.6754
2.75 1.375 31301401.3107
3.25 1.375 38347744.07699999
3.75 1.375 22916716.558799997
4.25 1.375 35147986.8697
4.75 1.375 13025980.834699998
5.25 1.375 22977240.3252
5.75 1.375 11640067.512700003
6.25 1.375 2408972.1377000003
6.75 1.375 2583262.8963000006
7.25 1.375 720619.6427000001
7.75 1.375 69565.08449999997
8.25 1.375 14965.8131
8.75 1.375 0.0018
0.25 1.625 0.0
0.75 1.625 0.0
1.25 1.625 0.0
1.75 1.625 14073053.107500002
2.25 1.625 47525405.3795
2.75 1.625 45222761.38450001
3.25 1.625 23469107.5068
3.75 1.625 38096274.0965
4.25 1.625 32658864.539400008
4.75 1.625 8567062.9405
5.25 1.625 16050586.9459
5.75 1.625 10407863.949499998
6.25 1.625 7845191.762899999
6.75 1.625 4567179.605099999
7.25 1.625 547591.3504000002
7.75 1.625 207262.6375999999
8.25 1.625 3841.7606000000005
8.75 1.625 0.0
0.25 1.875 0.0
0.75 1.875 0.0
1.25 1.875 0.0
1.75 1.875 3705002.9788999995
2.25 1.875 53169520.92529999
2.75 1.875 49026475.63190002
3.25 1.875 36869443.01030001
3.75 1.875 21279951.667699996
4.25 1.875 13076416.741999999
4.75 1.875 27984605.853299998
5.25 1.875 15995307.931799997
5.75 1.875 10839906.896200003
6.25 1.875 2125620.9055000003
6.75 1.875 2607034.6635999996
7.25 1.875 373919.2998
7.75 1.875 225809.75569999992
8.25 1.875 175.2853
8.75 1.875 0.0
0.25 2.125 0.0
0.75 2.125 0.0
1.25 2.125 0.0
1.75 2.125 1232704.3471000001
2.25 2.125 15382767.7547
2.75 2.125 18016396.121600002
3.25 2.125 20520202.549599994
3.75 2.125 19648811.428500004
4.25 2.125 11514898.4894
4.75 2.125 22359500.8676
5.25 2.125 16644695.4206
5.75 2.125 6627390.574700001
6.25 2.125 4613515.475299999
6.75 2.125 1964716.7092000002
7.25 2.125 325011.78939999995
7.75 2.125 31412.481299999996
8.25 2.125 0.7161
8.75 2.125 0.0
0.25 2.375 0.0
0.75 2.375 0.0
1.25 2.375 0.0
1.75 2.375 0.0
2.25 2.375 24812272.51509999
2.75 2.375 12719728.213700002
3.25 2.375 30376673.658599995
3.75 2.375 18449945.0104
4.25 2.375 11837753.956500001
4.75 2.375 4440642.0025
5.25 2.375 8400219.8199
5.75 2.375 6175420.8542
6.25 2.375 2545733.2744999994
6.75 2.375 895319.3230999999
7.25 2.375 274090.53740000003
7.75 2.375 17265.8899
8.25 2.375 1.0749
8.75 2.375 0.0
0.25 2.625 0.0
0.75 2.625 0.0
1.25 2.625 0.0
1.75 2.625 0.0
2.25 2.625 27901799.0029
2.75 2.625 23589625.1652
3.25 2.625 23105056.6986
3.75 2.625 21435424.7347
4.25 2.625 17934222.682099998
4.75 2.625 11227378.473500002
5.25 2.625 4874533.5043
5.75 2.625 4589485.7436999995
6.25 2.625 2310661.2654
6.75 2.625 704314.3164
7.25 2.625 175514.6743
7.75 2.625 7393.194800000002
8.25 2.625 0.0004999999999999999
8.75 2.625 0.0
0.25 2.875 0.0
0.75 2.875 0.0
1.25 2.875 0.0
1.75 2.875 0.0
2.25 2.875 11391099.58
2.75 2.875 19961748.934999995
3.25 2.875 8859553.659
3.75 2.875 13368219.8424
4.25 2.875 8944787.5999
4.75 2.875 5421879.298399999
5.25 2.875 4073673.2429
5.75 2.875 3438002.984400001
6.25 2.875 1824934.2643999998
6.75 2.875 527881.1659
7.25 2.875 133364.914
7.75 2.875 1650.5957
8.25 2.875 0.0
8.75 2.875 0.0
0.25 3.125 0.0
0.75 3.125 0.0
1.25 3.125 0.0
1.75 3.125 0.0
2.25 3.125 15720754.759100001
2.75 3.125 5003877.5676
3.25 3.125 10731727.7095
3.75 3.125 13924306.852700002
4.25 3.125 6569820.606500001
4.75 3.125 3969315.9413999994
5.25 3.125 2817635.1193
5.75 3.125 2669288.635900001
6.25 3.125 1461741.8573000003
6.75 3.125 420618.6552000001
7.25 3.125 56801.0461
7.75 3.125 199.65410000000003
8.25 3.125 0.0
8.75 3.125 0.0
0.25 3.375 0.0
0.75 3.375 0.0
1.25 3.375 0.0
1.75 3.375 0.0
2.25 3.375 6916462.7259
2.75 3.375 8658765.2634
3.25 3.375 7700652.540600001
3.75 3.375 9294534.1224
4.25 3.375 8901798.404700004
4.75 3.375 2197365.0976000004
5.25 3.375 3759829.2909
5.75 3.375 2331441.588600001
6.25 3.375 1316160.9942999997
6.75 3.375 210372.1762
7.25 3.375 41181.433000000005
7.75 3.375 0.1697
8.25 3.375 0.0
8.75 3.375 0.0
0.25 3.625 0.0
0.75 3.625 0.0
1.25 3.625 0.0
1.75 3.625 0.0
2.25 3.625 5957790.523500001
2.75 3.625 7896342.122500001
3.25 3.625 10508960.6079
3.75 3.625 7478873.300800001
4.25 3.625 7866560.399100003
4.75 3.625 5752638.312599999
5.25 3.625 1641176.4319000002
5.75 3.625 1583999.0717000002
6.25 3.625 1365264.6972
6.75 3.625 151437.30079999997
7.25 3.625 18636.0783
7.75 3.625 55.20520000000001
8.25 3.625 0.0
8.75 3.625 0.0
0.25 3.875 0.0
0.75 3.875 0.0
1.25 3.875 0.0
1.75 3.875 0.0
2.25 3.875 10299655.6632
2.75 3.875 5456006.4506
3.25 3.875 7057196.4463
3.75 3.875 5190945.1193
4.25 3.875 3993873.6931999996
4.75 3.875 2698533.8229
5.25 3.875 982159.8273999998
5.75 3.875 660049.9584
6.25 3.875 1008382.5005
6.75 3.875 69791.68849999999
7.25 3.875 7930.728700000002
7.75 3.875 31.123800000000003
8.25 3.875 0.0
8.75 3.875 0.0
0.25 4.125 0.0
0.75 4.125 0.0
1.25 4.125 0.0
1.75 4.125 0.0
2.25 4.125 4878920.8725
2.75 4.125 6342365.634200001
3.25 4.125 5031093.6317
3.75 4.125 3738925.2688000007
4.25 4.125 4434469.7366
4.75 4.125 4292071.596499999
5.25 4.125 1263642.6830000002
5.75 4.125 597700.4874999999
6.25 4.125 259399.17539999995
6.75 4.125 61086.039099999995
7.25 4.125 3126.5031999999997
7.75 4.125 0.9936000000000001
8.25 4.125 0.0
8.75 4.125 0.0
0.25 4.375 0.0
0.75 4.375 0.0
1.25 4.375 0.0
1.75 4.375 0.0
2.25 4.375 5792844.129900002
2.75 4.375 5556390.004300002
3.25 4.375 4874859.9564000005
3.75 4.375 7290144.5218
4.25 4.375 2428495.5152
4.75 4.375 1222613.2287
5.25 4.375 1044450.7915
5.75 4.375 981641.7329999999
6.25 4.375 238303.8949
6.75 4.375 80676.7409
7.25 4.375 1639.9263999999998
7.75 4.375 0.3398
8.25 4.375 0.0
8.75 4.375 0.0
0.25 4.625 0.0
0.75 4.625 0.0
1.25 4.625 0.0
1.75 4.625 0.0
2.25 4.625 7065157.514000001
2.75 4.625 3931846.3002
3.25 4.625 4561259.666900001
3.75 4.625 3457872.1243
4.25 4.625 2660226.9632
4.75 4.625 1344042.3292999999
5.25 4.625 1173284.3330999997
5.75 4.625 617790.831
6.25 4.625 128228.5919
6.75 4.625 79638.34249999998
7.25 4.625 534.1728
7.75 4.625 0.006000000000000001
8.25 4.625 0.0
8.75 4.625 0.0
0.25 4.875 0.0
0.75 4.875 0.0
1.25 4.875 0.0
1.75 4.875 0.0
2.25 4.875 4471660.628900001
2.75 4.875 4082289.5190999997
3.25 4.875 4247551.658000001
3.75 4.875 5001024.449199999
4.25 4.875 2125584.8189
4.75 4.875 1478119.3258
5.25 4.875 525564.5608999999
5.75 4.875 403053.2412
6.25 4.875 107137.938
6.75 4.875 33114.92149999999
7.25 4.875 804.1908000000003
7.75 4.875 0.0
8.25 4.875 0.0
8.75 4.875 0.0
0.25 5.125 0.0
0.75 5.125 0.0
1.25 5.125 0.0
1.75 5.125 0.0
2.25 5.125 2114668.4013000005
2.75 5.125 1650111.8986
3.25 5.125 1180794.6641999998
3.75 5.125 2277363.9558
4.25 5.125 1613225.0699999998
4.75 5.125 1497896.0049000003
5.25 5.125 621239.6033999999
5.75 5.125 455569.3273
6.25 5.125 73533.825
6.75 5.125 20357.204699999995
7.25 5.125 93.1254
7.75 5.125 0.0
8.25 5.125 0.0
8.75 5.125 0.0
0.25 5.375 0.0
0.75 5.375 0.0
1.25 5.375 0.0
1.75 5.375 0.0
2.25 5.375 2673780.6446
2.75 5.375 1931624.4665
3.25 5.375 3337743.0861
3.75 5.375 2595517.0396999996
4.25 5.375 1606467.9910000002
4.75 5.375 1036292.0025000002
5.25 5.375 761151.3446999999
5.75 5.375 207283.28220000002
6.25 5.375 124441.62939999999
6.75 5.375 15462.655500000003
7.25 5.375 134.22109999999995
7.75 5.375 0.0
8.25 5.375 0.0
8.75 5.375 0.0
0.25 5.625 0.0
0.75 5.625 0.0
1.25 5.625 0.0
1.75 5.625 0.0
2.25 5.625 2971552.9513000003
2.75 5.625 1839398.9748999998
3.25 5.625 1472652.7924
3.75 5.625 1029368.9708
4.25 5.625 1205760.3745999997
4.75 5.625 787433.7133000001
5.25 5.625 357305.3131999999
5.75 5.625 363824.2379
6.25 5.625 50598.8394
6.75 5.625 7211.763899999999
7.25 5.625 46.6851
7.75 5.625 0.0
8.25 5.625 0.0
8.75 5.625 0.0
0.25 5.875 0.0
0.75 5.875 0.0
1.25 5.875 0.0
1.75 5.875 0.0
2.25 5.875 1105554.6994
2.75 5.875 1469257.8426
3.25 5.875 2313224.0649
3.75 5.875 815969.0133
4.25 5.875 695055.3205
4.75 5.875 811826.1486999999
5.25 5.875 526084.7228999998
5.75 5.875 177121.15690000003
6.25 5.875 34292.7164
6.75 5.875 5754.651199999998
7.25 5.875 59.76840000000001
7.75 5.875 0.0
8.25 5.875 0.0
8.75 5.875 0.0
0.25 6.125 0.0
0.75 6.125 0.0
1.25 6.125 0.0
1.75 6.125 0.0
2.25 6.125 1476121.2589999998
2.75 6.125 1337827.9128999999
3.25 6.125 1325352.2667999999
3.75 6.125 723674.5883000001
4.25 6.125 1256346.0787999998
4.75 6.125 322023.4377
5.25 6.125 447129.8292
5.75 6.125 269678.92169999995
6.25 6.125 64205.4328
6.75 6.125 3200.9821000000006
7.25 6.125 3.5715000000000003
7.75 6.125 0.0
8.25 6.125 0.0
8.75 6.125 0.0
0.25 6.375 0.0
0.75 6.375 0.0
1.25 6.375 0.0
1.75 6.375 0.0
2.25 6.375 907955.2736000002
2.75 6.375 1485130.6125
3.25 6.375 396073.90940000006
3.75 6.375 302477.22640000004
4.25 6.375 1138146.8625
4.75 6.375 427513.2281
5.25 6.375 129085.7437
5.75 6.375 130972.35189999998
6.25 6.375 51493.0069
6.75 6.375 3747.3807000000006
7.25 6.375 7.1433
7.75 6.375 0.0
8.25 6.375 0.0
8.75 6.375 0.0
0.25 6.625 0.0
0.75 6.625 0.0
1.25 6.625 0.0
1.75 6.625 0.0
2.25 6.625 2227707.7808000003
2.75 6.625 1050571.9269
3.25 6.625 877759.6662999999
3.75 6.625 562853.4935999999
4.25 6.625 428326.04079999996
4.75 6.625 472916.8301
5.25 6.625 327457.65659999993
5.75 6.625 82021.275
6.25 6.625 64644.34870000001
6.75 6.625 2931.499400000001
7.25 6.625 0.0
7.75 6.625 0.0
8.25 6.625 0.0
8.75 6.625 0.0
0.25 6.875 0.0
0.75 6.875 0.0
1.25 6.875 0.0
1.75 6.875 0.0
2.25 6.875 541579.1099
2.75 6.875 1337444.1587999999
3.25 6.875 1397941.4705999997
3.75 6.875 1431365.9294
4.25 6.875 307116.7084
4.75 6.875 553708.4745
5.25 6.875 171096.67969999998
5.75 6.875 59964.976599999995
6.25 6.875 14045.210899999996
6.75 6.875 411.46150000000006
7.25 6.875 0.30629999999999996
7.75 6.875 0.0
8.25 6.875 0.0
8.75 6.875 0.0
0.25 7.125 0.0
0.75 7.125 0.0
1.25 7.125 0.0
1.75 7.125 0.0
2.25 7.125 1464978.6901
2.75 7.125 1287312.2087999997
3.25 7.125 895497.8496
3.75 7.125 629354.1319999999
4.25 7.125 392305.8788
4.75 7.125 115923.53980000001
5.25 7.125 66572.00790000001
5.75 7.125 85115.80269999999
6.25 7.125 13134.198200000003
6.75 7.125 650.0361
7.25 7.125 0.031200000000000002
7.75 7.125 0.0
8.25 7.125 0.0
8.75 7.125 0.0
0.25 7.375 0.0
0.75 7.375 0.0
1.25 7.375 0.0
1.75 7.375 0.0
2.25 7.375 853153.5170999998
2.75 7.375 1146511.2894
3.25 7.375 933462.7795999998
3.75 7.375 692090.8163000001
4.25 7.375 316483.10740000004
4.75 7.375 225058.5814
5.25 7.375 165070.0215
5.75 7.375 49167.86290000001
6.25 7.375 14030.9385
6.75 7.375 210.37640000000002
7.25 7.375 0.0031
7.75 7.375 0.0
8.25 7.375 0.0
8.75 7.375 0.0
0.25 7.625 0.0
0.75 7.625 0.0
1.25 7.625 0.0
1.75 7.625 0.0
2.25 7.625 1089434.2419000003
2.75 7.625 699990.9596000001
3.25 7.625 796576.4737999999
3.75 7.625 745118.4293999999
4.25 7.625 445271.3075999999
4.75 7.625 108629.2559
5.25 7.625 106221.8412
5.75 7.625 49574.1738
6.25 7.625 2786.7898000000005
6.75 7.625 190.42390000000006
7.25 7.625 0.0
7.75 7.625 0.0
8.25 7.625 0.0
8.75 7.625 0.0
0.25 7.875 0.0
0.75 7.875 0.0
1.25 7.875 0.0
1.75 7.875 0.0
2.25 7.875 1019261.8244
2.75 7.875 836737.6339000001
3.25 7.875 507237.312
3.75 7.875 331410.9800000001
4.25 7.875 215405.78679999994
4.75 7.875 92020.9237
5.25 7.875 12605.559
5.75 7.875 24510.0293
6.25 7.875 5387.3186
6.75 7.875 84.8488
7.25 7.875 0.0031
7.75 7.875 0.0
8.25 7.875 0.0
8.75 7.875 0.0
0.25 8.125 0.0
0.75 8.125 0.0
1.25 8.125 0.0
1.75 8.125 0.0
2.25 8.125 555126.8550999999
2.75 8.125 799873.1266000002
3.25 8.125 670186.2887000002
3.75 8.125 700002.3436000001
4.25 8.125 389932.2463999999
4.75 8.125 310507.92279999994
5.25 8.125 72743.0938
5.75 8.125 51459.488000000005
6.25 8.125 4479.902400000001
6.75 8.125 133.9767
7.25 8.125 0.0
7.75 8.125 0.0
8.25 8.125 0.0
8.75 8.125 0.0
0.25 8.375 0.0
0.75 8.375 0.0
1.25 8.375 0.0
1.75 8.375 0.0
2.25 8.375 347965.9750999999
2.75 8.375 469492.9428999999
3.25 8.375 311079.08450000006
3.75 8.375 351747.70570000005
4.25 8.375 227090.0197
4.75 8.375 227156.10809999998
5.25 8.375 30702.064500000004
5.75 8.375 44801.6497
6.25 8.375 4381.015699999999
6.75 8.375 37.56230000000001
7.25 8.375 0.0
7.75 8.375 0.0
8.25 8.375 0.0
8.75 8.375 0.0
0.25 8.625 0.0
0.75 8.625 0.0
1.25 8.625 0.0
1.75 8.625 0.0
2.25 8.625 549176.2304
2.75 8.625 359329.3940999999
3.25 8.625 680512.4746
3.75 8.625 357669.85960000014
4.25 8.625 276700.80199999997
4.75 8.625 52570.90139999999
5.25 8.625 49560.9696
5.75 8.625 29961.5931
6.25 8.625 4196.832600000001
6.75 8.625 64.36359999999999
7.25 8.625 0.0
7.75 8.625 0.0
8.25 8.625 0.0
8.75 8.625 0.0
0.25 8.875 0.0
0.75 8.875 0.0
1.25 8.875 0.0
1.75 8.875 0.0
2.25 8.875 618799.8962000001
2.75 8.875 497026.6562000001
3.25 8.875 672571.4802
3.75 8.875 337491.7167000001
4.25 8.875 198139.83120000002
4.75 8.875 143095.0295
5.25 8.875 44874.64990000001
5.75 8.875 22238.757599999997
6.25 8.875 3988.790000000001
6.75 8.875 20.292699999999996
7.25 8.875 0.0
7.75 8.875 0.0
8.25 8.875 0.0
8.75 8.875 0.0
0.25 9.125 0.0
0.75 9.125 0.0
1.25 9.125 0.0
1.75 9.125 0.0
2.25 9.125 356585.53530000005
2.75 9.125 370239.9417
3.25 9.125 235716.1358
3.75 9.125 276671.14310000004
4.25 9.125 193799.9933
4.75 9.125 90213.8626
5.25 9.125 47649.70509999999
5.75 9.125 12394.314699999997
6.25 9.125 2109.9456000000005
6.75 9.125 16.760400000000004
7.25 9.125 0.0
7.75 9.125 0.0
8.25 9.125 0.0
8.75 9.125 0.0
0.25 9.375 0.0
0.75 9.375 0.0
1.25 9.375 0.0
1.75 9.375 0.0
2.25 9.375 500411.6895999999
2.75 9.375 331760.7633
3.25 9.375 306839.3145
3.75 9.375 178236.37149999998
4.25 9.375 159913.9358
4.75 9.375 130862.55089999996
5.25 9.375 30483.376100000005
5.75 9.375 14833.876099999996
6.25 9.375 663.9647
6.75 9.375 13.655199999999999
7.25 9.375 0.0
7.75 9.375 0.0
8.25 9.375 0.0
8.75 9.375 0.0
0.25 9.625 0.0
0.75 9.625 0.0
1.25 9.625 0.0
1.75 9.625 0.0
2.25 9.625 373388.32060000004
2.75 9.625 540729.9084
3.25 9.625 221015.83080000003
3.75 9.625 201061.24629999994
4.25 9.625 172828.5949
4.75 9.625 28201.4251
5.25 9.625 26087.664399999998
5.75 9.625 18495.328
6.25 9.625 1707.3485000000003
6.75 9.625 4.1988
7.25 9.625 0.0
7.75 9.625 0.0
8.25 9.625 0.0
8.75 9.625 0.0
0.25 9.875 0.0
0.75 9.875 0.0
1.25 9.875 0.0
1.75 9.875 0.0
2.25 9.875 124764.11199999998
2.75 9.875 237812.3627
3.25 9.875 192447.4164
3.75 9.875 67020.54190000001
4.25 9.875 124625.52570000001
4.75 9.875 67179.97929999999
5.25 9.875 24863.478
5.75 9.875 6937.598100000001
6.25 9.875 813.6589
6.75 9.875 6.100699999999999
7.25 9.875 0.0
7.75 9.875 0.0
8.25 9.875 0.0
8.75 9.875 0.0
0.25 10.125 0.0
0.75 10.125 0.0
1.25 10.125 0.0
1.75 10.125 0.0
2.25 10.125 107611.33360000001
2.75 10.125 294675.8533999999
3.25 10.125 399276.132
3.75 10.125 114196.27990000001
4.25 10.125 102968.33420000001
4.75 10.125 60418.92970000001
5.25 10.125 37442.447199999995
5.75 10.125 10676.4574
6.25 10.125 578.8113999999999
6.75 10.125 0.20670000000000002
7.25 10.125 0.0
7.75 10.125 0.0
8.25 10.125 0.0
8.75 10.125 0.0
0.25 10.375 0.0
0.75 10.375 0.0
1.25 10.375 0.0
1.75 10.375 0.0
2.25 10.375 303261.80160000006
2.75 10.375 275329.3546
3.25 10.375 123884.94290000002
3.75 10.375 142967.57969999997
4.25 10.375 73887.09000000001
4.75 10.375 51539.120500000005
5.25 10.375 20971.5171
5.75 10.375 4705.288799999999
6.25 10.375 278.98209999999995
6.75 10.375 0.0013000000000000002
7.25 10.375 0.0
7.75 10.375 0.0
8.25 10.375 0.0
8.75 10.375 0.0
0.25 10.625 0.0
0.75 10.625 0.0
1.25 10.625 0.0
1.75 10.625 0.0
2.25 10.625 291297.49900000007
2.75 10.625 272531.91370000003
3.25 10.625 185847.9956
3.75 10.625 87662.79290000001
4.25 10.625 76412.06100000002
4.75 10.625 31444.085199999998
5.25 10.625 20217.2361
5.75 10.625 6208.9167
6.25 10.625 453.6628999999999
6.75 10.625 0.6838000000000001
7.25 10.625 0.0
7.75 10.625 0.0
8.25 10.625 0.0
8.75 10.625 0.0
0.25 10.875 0.0
0.75 10.875 0.0
1.25 10.875 0.0
1.75 10.875 0.0
2.25 10.875 190702.8204
2.75 10.875 124668.1987
3.25 10.875 46356.4442
3.75 10.875 157992.86479999995
4.25 10.875 53656.6173
4.75 10.875 41017.0886
5.25 10.875 15712.559699999996
5.75 10.875 3125.4122
6.25 10.875 83.07820000000001
6.75 10.875 0.0772
7.25 10.875 0.0
7.75 10.875 0.0
8.25 10.875 0.0
8.75 10.875 0.0
0.25 11.125 0.0
0.75 11.125 0.0
1.25 11.125 0.0
1.75 11.125 0.0
2.25 11.125 119592.97270000001
2.75 11.125 246303.79790000006
3.25 11.125 115701.54860000001
3.75 11.125 154498.2126
4.25 11.125 35468.68580000001
4.75 11.125 23283.5079
5.25 11.125 9330.201499999997
5.75 11.125 643.1387
6.25 11.125 202.6999
6.75 11.125 0.04510000000000001
7.25 11.125 0.0
7.75 11.125 0.0
8.25 11.125 0.0
8.75 11.125 0.0
0.25 11.375 0.0
0.75 11.375 0.0
1.25 11.375 0.0
1.75 11.375 0.0
2.25 11.375 55288.123100000004
2.75 11.375 195043.6551
3.25 11.375 132228.6569
3.75 11.375 66389.97610000001
4.25 11.375 53370.408299999996
4.75 11.375 3520.1601
5.25 11.375 16671.2323
5.75 11.375 3750.1739
6.25 11.375 269.696
6.75 11.375 0.04
7.25 11.375 0.0
7.75 11.375 0.0
8.25 11.375 0.0
8.75 11.375 0.0
0.25 11.625 0.0
0.75 11.625 0.0
1.25 11.625 0.0
1.75 11.625 0.0
2.25 11.625 229988.0517
2.75 11.625 164298.1203
3.25 11.625 69543.06429999998
3.75 11.625 114389.35050000002
4.25 11.625 28769.6806
4.75 11.625 31370.326699999998
5.25 11.625 5412.826099999999
5.75 11.625 3403.5247
6.25 11.625 79.93939999999999
6.75 11.625 0.0037
7.25 11.625 0.0
7.75 11.625 0.0
8.25 11.625 0.0
8.75 11.625 0.0
0.25 11.875 0.0
0.75 11.875 0.0
1.25 11.875 0.0
1.75 11.875 0.0
2.25 11.875 211638.65820000003
2.75 11.875 108597.31259999998
3.25 11.875 38458.1269
3.75 11.875 45851.765100000004
4.25 11.875 42129.574400000005
4.75 11.875 15738.766000000001
5.25 11.875 9557.9692
5.75 11.875 1811.2618
6.25 11.875 20.768599999999996
6.75 11.875 0.04
7.25 11.875 0.0
7.75 11.875 0.0
8.25 11.875 0.0
8.75 11.875 0.0
0.25 12.125 0.0
0.75 12.125 0.0
1.25 12.125 0.0
1.75 12.125 0.0
2.25 12.125 112747.99269999999
2.75 12.125 117307.2111
3.25 12.125 98099.54940000002
3.75 12.125 65856.1445
4.25 12.125 73730.7757
4.75 12.125 46830.35100000001
5.25 12.125 8447.909099999999
5.75 12.125 470.7594
6.25 12.125 120.09099999999998
6.75 12.125 0.0033
7.25 12.125 0.0
7.75 12.125 0.0
8.25 12.125 0.0
8.75 12.125 0.0
0.25 12.375 0.0
0.75 12.375 0.0
1.25 12.375 0.0
1.75 12.375 0.0
2.25 12.375 137666.40159999998
2.75 12.375 75011.79920000001
3.25 12.375 83865.4259
3.75 12.375 60140.21919999999
4.25 12.375 42169.09840000001
4.75 12.375 27671.76229999999
5.25 12.375 7295.213599999998
5.75 12.375 2405.6405999999993
6.25 12.375 69.6579
6.75 12.375 0.0034000000000000002
7.25 12.375 0.0
7.75 12.375 0.0
8.25 12.375 0.0
8.75 12.375 0.0
0.25 12.625 0.0
0.75 12.625 0.0
1.25 12.625 0.0
1.75 12.625 0.0
2.25 12.625 134231.3573
2.75 12.625 99496.29479999999
3.25 12.625 157346.58849999998
3.75 12.625 52726.34789999999
4.25 12.625 34661.1287
4.75 12.625 27060.948499999995
5.25 12.625 4849.389300000001
5.75 12.625 1074.4202999999998
6.25 12.625 44.676100000000005
6.75 12.625 0.0
7.25 12.625 0.0
7.75 12.625 0.0
8.25 12.625 0.0
8.75 12.625 0.0
0.25 12.875 0.0
0.75 12.875 0.0
1.25 12.875 0.0
1.75 12.875 0.0
2.25 12.875 134092.49779999995
2.75 12.875 29261.4212
3.25 12.875 101128.52249999999
3.75 12.875 71894.42350000002
4.25 12.875 31448.234899999996
4.75 12.875 22795.112200000003
5.25 12.875 6992.331100000001
5.75 12.875 381.3604
6.25 12.875 35.7068
6.75 12.875 0.0
7.25 12.875 0.0
7.75 12.875 0.0
8.25 12.875 0.0
8.75 12.875 0.0
0.25 13.125 0.0
0.75 13.125 0.0
1.25 13.125 0.0
1.75 13.125 0.0
2.25 13.125 26029.2236
2.75 13.125 54508.6351
3.25 13.125 60777.1463
3.75 13.125 35109.7288
4.25 13.125 34660.34750000001
4.75 13.125 9697.763200000003
5.25 13.125 5164.3414999999995
5.75 13.125 1473.6776000000002
6.25 13.125 0.915
6.75 13.125 0.0
7.25 13.125 0.0
7.75 13.125 0.0
8.25 13.125 0.0
8.75 13.125 0.0
0.25 13.375 0.0
0.75 13.375 0.0
1.25 13.375 0.0
1.75 13.375 0.0
2.25 13.375 58077.0538
2.75 13.375 77166.7422
3.25 13.375 52566.51250000001
3.75 13.375 55896.8072
4.25 13.375 25466.361199999996
4.75 13.375 15819.769399999996
5.25 13.375 6096.4675
5.75 13.375 1292.4457
6.25 13.375 19.5443
6.75 13.375 0.0
7.25 13.375 0.0
7.75 13.375 0.0
8.25 13.375 0.0
8.75 13.375 0.0
0.25 13.625 0.0
0.75 13.625 0.0
1.25 13.625 0.0
1.75 13.625 0.0
2.25 13.625 139828.11160000003
2.75 13.625 117503.8693
3.25 13.625 50096.17579999999
3.75 13.625 25469.9061
4.25 13.625 28514.6112
4.75 13.625 7363.1549
5.25 13.625 2264.2174999999997
5.75 13.625 1082.8319000000001
6.25 13.625 9.970600000000001
6.75 13.625 0.0
7.25 13.625 0.0
7.75 13.625 0.0
8.25 13.625 0.0
8.75 13.625 0.0
0.25 13.875 0.0
0.75 13.875 0.0
1.25 13.875 0.0
1.75 13.875 0.0
2.25 13.875 50827.8723
2.75 13.875 78039.0243
3.25 13.875 31886.283200000005
3.75 13.875 51130.006
4.25 13.875 21155.23
4.75 13.875 14756.279
5.25 13.875 6306.8016
5.75 13.875 590.5560999999999
6.25 13.875 2.595999999999999
6.75 13.875 0.0
7.25 13.875 0.0
7.75 13.875 0.0
8.25 13.875 0.0
8.75 13.875 0.0
0.25 14.125 0.0
0.75 14.125 0.0
1.25 14.125 0.0
1.75 14.125 0.0
2.25 14.125 82001.4326
2.75 14.125 53894.97260000001
3.25 14.125 36024.05969999999
3.75 14.125 36441.5009
4.25 14.125 25633.136300000002
4.75 14.125 9810.8201
5.25 14.125 4307.2847
5.75 14.125 261.79329999999993
6.25 14.125 3.8396000000000003
6.75 14.125 0.0
7.25 14.125 0.0
7.75 14.125 0.0
8.25 14.125 0.0
8.75 14.125 0.0
0.25 14.375 0.0
0.75 14.375 0.0
1.25 14.375 0.0
1.75 14.375 0.0
2.25 14.375 72608.316
2.75 14.375 77242.83059999999
3.25 14.375 39369.430100000005
3.75 14.375 13315.106699999998
4.25 14.375 24849.7297
4.75 14.375 2945.3167
5.25 14.375 3267.2723
5.75 14.375 444.3394
6.25 14.375 6.915400000000001
6.75 14.375 0.0
7.25 14.375 0.0
7.75 14.375 0.0
8.25 14.375 0.0
8.75 14.375 0.0
0.25 14.625 0.0
0.75 14.625 0.0
1.25 14.625 0.0
1.75 14.625 0.0
2.25 14.625 44988.1259
2.75 14.625 59563.76960000001
3.25 14.625 44808.5473
3.75 14.625 19591.218800000002
4.25 14.625 17942.923600000006
4.75 14.625 10181.3682
5.25 14.625 1918.8455999999996
5.75 14.625 489.4094
6.25 14.625 1.2494
6.75 14.625 0.0
7.25 14.625 0.0
7.75 14.625 0.0
8.25 14.625 0.0
8.75 14.625 0.0
0.25 14.875 0.0
0.75 14.875 0.0
1.25 14.875 0.0
1.75 14.875 0.0
2.25 14.875 87238.6602
2.75 14.875 18149.1628
3.25 14.875 29524.5358
3.75 14.875 28537.544700000002
4.25 14.875 19667.3167
4.75 14.875 6803.2213
5.25 14.875 3940.0389999999993
5.75 14.875 344.7587999999999
6.25 14.875 1.3090000000000002
6.75 14.875 0.0
7.25 14.875 0.0
7.75 14.875 0.0
8.25 14.875 0.0
8.75 14.875 0.0
0.25 15.125 0.0
0.75 15.125 0.0
1.25 15.125 0.0
1.75 15.125 0.0
2.25 15.125 36380.0576
2.75 15.125 36670.51640000001
3.25 15.125 43189.1791
3.75 15.125 35732.2019
4.25 15.125 12366.056600000002
4.75 15.125 4940.550900000001
5.25 15.125 3134.072599999999
5.75 15.125 306.01509999999996
6.25 15.125 1.1420000000000001
6.75 15.125 0.0
7.25 15.125 0.0
7.75 15.125 0.0
8.25 15.125 0.0
8.75 15.125 0.0
0.25 15.375 0.0
0.75 15.375 0.0
1.25 15.375 0.0
1.75 15.375 0.0
2.25 15.375 39693.68269999999
2.75 15.375 39781.033200000005
3.25 15.375 46781.7534
3.75 15.375 16292.516300000001
4.25 15.375 15978.564699999999
4.75 15.375 2641.2578
5.25 15.375 2877.9172999999996
5.75 15.375 251.28950000000003
6.25 15.375 0.7792
6.75 15.375 0.0
7.25 15.375 0.0
7.75 15.375 0.0
8.25 15.375 0.0
8.75 15.375 0.0
0.25 15.625 0.0
0.75 15.625 0.0
1.25 15.625 0.0
1.75 15.625 0.0
2.25 15.625 36682.813200000004
2.75 15.625 29627.8689
3.25 15.625 13194.002700000001
3.75 15.625 19219.1857
4.25 15.625 10230.2424
4.75 15.625 5288.393500000001
5.25 15.625 1207.8754999999999
5.75 15.625 173.61780000000002
6.25 15.625 1.8936
6.75 15.625 0.0
7.25 15.625 0.0
7.75 15.625 0.0
8.25 15.625 0.0
8.75 15.625 0.0
0.25 15.875 0.0
0.75 15.875 0.0
1.25 15.875 0.0
1.75 15.875 0.0
2.25 15.875 59356.9787
2.75 15.875 78245.18200000002
3.25 15.875 50961.5759
3.75 15.875 36292.64940000002
4.25 15.875 20019.5583
4.75 15.875 8110.225999999998
5.25 15.875 1633.4048
5.75 15.875 251.1598
6.25 15.875 0.5297999999999999
6.75 15.875 0.0
7.25 15.875 0.0
7.75 15.875 0.0
8.25 15.875 0.0
8.75 15.875 0.0
0.25 16.125 0.0
0.75 16.125 0.0
1.25 16.125 0.0
1.75 16.125 0.0
2.25 16.125 47427.21769999999
2.75 16.125 55455.52449999999
3.25 16.125 11612.5495
3.75 16.125 18448.3526
4.25 16.125 12035.3882
4.75 16.125 3608.2443
5.25 16.125 1995.7248000000006
5.75 16.125 219.63830000000002
6.25 16.125 0.31170000000000003
6.75 16.125 0.0
7.25 16.125 0.0
7.75 16.125 0.0
8.25 16.125 0.0
8.75 16.125 0.0
0.25 16.375 0.0
0.75 16.375 0.0
1.25 16.375 0.0
1.75 16.375 0.0
2.25 16.375 26185.611800000002
2.75 16.375 21477.773400000002
3.25 16.375 18012.027899999997
3.75 16.375 19210.321500000002
4.25 16.375 12745.0398
4.75 16.375 4214.0038
5.25 16.375 1170.5449999999998
5.75 16.375 289.4498000000001
6.25 16.375 0.4673
6.75 16.375 0.0
7.25 16.375 0.0
7.75 16.375 0.0
8.25 16.375 0.0
8.75 16.375 0.0
0.25 16.625 0.0
0.75 16.625 0.0
1.25 16.625 0.0
1.75 16.625 0.0
2.25 16.625 41400.05789999999
2.75 16.625 17178.5399
3.25 16.625 17688.2847
3.75 16.625 10533.7404
4.25 16.625 4109.9368
4.75 16.625 1693.8558
5.25 16.625 1459.5465999999997
5.75 16.625 52.19069999999999
6.25 16.625 0.1025
6.75 16.625 0.0
7.25 16.625 0.0
7.75 16.625 0.0
8.25 16.625 0.0
8.75 16.625 0.0
0.25 16.875 0.0
0.75 16.875 0.0
1.25 16.875 0.0
1.75 16.875 0.0
2.25 16.875 20475.187400000003
2.75 16.875 40895.6496
3.25 16.875 14643.0643
3.75 16.875 21631.234300000004
4.25 16.875 7708.693
4.75 16.875 2343.2858
5.25 16.875 1214.1965
5.75 16.875 213.01369999999997
6.25 16.875 0.23529999999999998
6.75 16.875 0.0
7.25 16.875 0.0
7.75 16.875 0.0
8.25 16.875 0.0
8.75 16.875 0.0
0.25 17.125 0.0
0.75 17.125 0.0
1.25 17.125 0.0
1.75 17.125 0.0
2.25 17.125 19617.9688
2.75 17.125 19375.703599999997
3.25 17.125 18296.4376
3.75 17.125 16549.9514
4.25 17.125 11359.188599999998
4.75 17.125 2703.1086000000005
5.25 17.125 449.1207
5.75 17.125 11.0027
6.25 17.125 0.029300000000000003
6.75 17.125 0.0
7.25 17.125 0.0
7.75 17.125 0.0
8.25 17.125 0.0
8.75 17.125 0.0
0.25 17.375 0.0
0.75 17.375 0.0
1.25 17.375 0.0
1.75 17.375 0.0
2.25 17.375 29623.281700000007
2.75 17.375 26496.652299999994
3.25 17.375 10052.8728
3.75 17.375 22225.188
4.25 17.375 7866.3132000000005
4.75 17.375 5116.522500000001
5.25 17.375 707.7855000000001
5.75 17.375 66.0335
6.25 17.375 0.09079999999999999
6.75 17.375 0.0
7.25 17.375 0.0
7.75 17.375 0.0
8.25 17.375 0.0
8.75 17.375 0.0
0.25 17.625 0.0
0.75 17.625 0.0
1.25 17.625 0.0
1.75 17.625 0.0
2.25 17.625 26870.731100000005
2.75 17.625 15948.3591
3.25 17.625 26152.2609
3.75 17.625 18082.834100000004
4.25 17.625 4828.2183
4.75 17.625 1478.489
5.25 17.625 1237.7664
5.75 17.625 48.3803
6.25 17.625 0.1364
6.75 17.625 0.0
7.25 17.625 0.0
7.75 17.625 0.0
8.25 17.625 0.0
8.75 17.625 0.0
0.25 17.875 0.0
0.75 17.875 0.0
1.25 17.875 0.0
1.75 17.875 0.0
2.25 17.875 16579.781399999996
2.75 17.875 16105.0633
3.25 17.875 26429.88360000001
3.75 17.875 14789.652000000002
4.25 17.875 4559.3671
4.75 17.875 1543.0416
5.25 17.875 811.5911
5.75 17.875 19.3675
6.25 17.875 0.047099999999999996
6.75 17.875 0.0
7.25 17.875 0.0
7.75 17.875 0.0
8.25 17.875 0.0
8.75 17.875 0.0
0.25 18.125 0.0
0.75 18.125 0.0
1.25 18.125 0.0
1.75 18.125 0.0
2.25 18.125 19907.208899999998
2.75 18.125 20635.5872
3.25 18.125 11571.246299999999
3.75 18.125 14828.2503
4.25 18.125 5642.867200000001
4.75 18.125 1573.6466999999998
5.25 18.125 623.9074999999999
5.75 18.125 41.394
6.25 18.125 0.010199999999999999
6.75 18.125 0.0
7.25 18.125 0.0
7.75 18.125 0.0
8.25 18.125 0.0
8.75 18.125 0.0
0.25 18.375 0.0
0.75 18.375 0.0
1.25 18.375 0.0
1.75 18.375 0.0
2.25 18.375 18397.9088
2.75 18.375 17481.711600000002
3.25 18.375 2966.0068
3.75 18.375 9650.5591
4.25 18.375 6420.411600000001
4.75 18.375 3438.6308999999997
5.25 18.375 1023.3397999999999
5.75 18.375 21.433699999999998
6.25 18.375 0.024000000000000004
6.75 18.375 0.0
7.25 18.375 0.0
7.75 18.375 0.0
8.25 18.375 0.0
8.75 18.375 0.0
0.25 18.625 0.0
0.75 18.625 0.0
1.25 18.625 0.0
1.75 18.625 0.0
2.25 18.625 20423.0102
2.75 18.625 16548.4317
3.25 18.625 11930.174399999998
3.75 18.625 8617.476099999998
4.25 18.625 4091.0172
4.75 18.625 798.0248000000001
5.25 18.625 587.1701
5.75 18.625 19.1451
6.25 18.625 0.0015
6.75 18.625 0.0
7.25 18.625 0.0
7.75 18.625 0.0
8.25 18.625 0.0
8.75 18.625 0.0
0.25 18.875 0.0
0.75 18.875 0.0
1.25 18.875 0.0
1.75 18.875 0.0
2.25 18.875 8659.4571
2.75 18.875 15504.215
3.25 18.875 8068.4889
3.75 18.875 7871.745299999999
4.25 18.875 2817.9763000000003
4.75 18.875 1277.3588999999997
5.25 18.875 261.5041
5.75 18.875 11.979999999999999
6.25 18.875 0.0026000000000000003
6.75 18.875 0.0
7.25 18.875 0.0
7.75 18.875 0.0
8.25 18.875 0.0
8.75 18.875 0.0
0.25 19.125 0.0
0.75 19.125 0.0
1.25 19.125 0.0
1.75 19.125 0.0
2.25 19.125 15070.247699999998
2.75 19.125 14127.4396
3.25 19.125 22776.107100000005
3.75 19.125 10267.813
4.25 19.125 461.0535
4.75 19.125 1946.0079
5.25 19.125 294.38259999999997
5.75 19.125 27.9634
6.25 19.125 0.0016
6.75 19.125 0.0
7.25 19.125 0.0
7.75 19.125 0.0
8.25 19.125 0.0
8.75 19.125 0.0
0.25 19.375 0.0
0.75 19.375 0.0
1.25 19.375 0.0
1.75 19.375 0.0
2.25 19.375 22829.012299999995
2.75 19.375 11476.459
3.25 19.375 15116.632099999997
3.75 19.375 3517.3050000000003
4.25 19.375 3890.3958
4.75 19.375 955.0641
5.25 19.375 537.5526999999998
5.75 19.375 20.8285
6.25 19.375 0.005
6.75 19.375 0.0
7.25 19.375 0.0
7.75 19.375 0.0
8.25 19.375 0.0
8.75 19.375 0.0
0.25 19.625 0.0
0.75 19.625 0.0
1.25 19.625 0.0
1.75 19.625 0.0
2.25 19.625 21469.1928
2.75 19.625 6025.5866000000005
3.25 19.625 2869.5568
3.75 19.625 2369.6400999999996
4.25 19.625 960.5514000000001
4.75 19.625 1079.1942000000001
5.25 19.625 308.95200000000006
5.75 19.625 8.794799999999999
6.25 19.625 0.0014999999999999998
6.75 19.625 0.0
7.25 19.625 0.0
7.75 19.625 0.0
8.25 19.625 0.0
8.75 19.625 0.0
0.25 19.875 0.0
0.75 19.875 0.0
1.25 19.875 0.0
1.75 19.875 0.0
2.25 19.875 24861.0406
2.75 19.875 21150.567900000002
3.25 19.875 6988.674400000001
3.75 19.875 5380.9695
4.25 19.875 3621.0861
4.75 19.875 1286.6956999999998
5.25 19.875 67.9439
5.75 19.875 8.221100000000002
6.25 19.875 0.005200000000000001
6.75 19.875 0.0
7.25 19.875 0.0
7.75 19.875 0.0
8.25 19.875 0.0
8.75 19.875 0.0
0.25 20.125 0.0
0.75 20.125 0.0
1.25 20.125 0.0
1.75 20.125 0.0
2.25 20.125 20144.582599999998
2.75 20.125 12178.1756
3.25 20.125 14152.811599999999
3.75 20.125 5949.1185
4.25 20.125 2788.6215
4.75 20.125 697.2740000000001
5.25 20.125 190.31259999999997
5.75 20.125 13.5224
6.25 20.125 0.0009
6.75 20.125 0.0
7.25 20.125 0.0
7.75 20.125 0.0
8.25 20.125 0.0
8.75 20.125 0.0
0.25 20.375 0.0
0.75 20.375 0.0
1.25 20.375 0.0
1.75 20.375 0.0
2.25 20.375 10906.9911
2.75 20.375 7754.5652
3.25 20.375 8921.5573
3.75 20.375 3436.7311999999997
4.25 20.375 1668.4154999999998
4.75 20.375 1414.5619
5.25 20.375 80.59649999999999
5.75 20.375 5.011400000000001
6.25 20.375 0.0009
6.75 20.375 0.0
7.25 20.375 0.0
7.75 20.375 0.0
8.25 20.375 0.0
8.75 20.375 0.0
0.25 20.625 0.0
0.75 20.625 0.0
1.25 20.625 0.0
1.75 20.625 0.0
2.25 20.625 20912.579699999995
2.75 20.625 4210.92
3.25 20.625 9321.142899999999
3.75 20.625 2529.2862
4.25 20.625 1391.3654
4.75 20.625 594.4164
5.25 20.625 179.3493
5.75 20.625 10.871000000000002
6.25 20.625 0.0
6.75 20.625 0.0
7.25 20.625 0.0
7.75 20.625 0.0
8.25 20.625 0.0
8.75 20.625 0.0
0.25 20.875 0.0
0.75 20.875 0.0
1.25 20.875 0.0
1.75 20.875 0.0
2.25 20.875 10853.8392
2.75 20.875 4299.7618999999995
3.25 20.875 4642.8374
3.75 20.875 5146.849200000001
4.25 20.875 2721.6281000000004
4.75 20.875 673.7475
5.25 20.875 219.3543
5.75 20.875 1.5323999999999995
6.25 20.875 0.0
6.75 20.875 0.0
7.25 20.875 0.0
7.75 20.875 0.0
8.25 20.875 0.0
8.75 20.875 0.0
0.25 21.125 0.0
0.75 21.125 0.0
1.25 21.125 0.0
1.75 21.125 0.0
2.25 21.125 13438.1786
2.75 21.125 13177.748099999999
3.25 21.125 2636.3704
3.75 21.125 3267.0164
4.25 21.125 1367.1910000000003
4.75 21.125 1395.5613
5.25 21.125 230.4033
5.75 21.125 1.626
6.25 21.125 0.0
6.75 21.125 0.0
7.25 21.125 0.0
7.75 21.125 0.0
8.25 21.125 0.0
8.75 21.125 0.0
0.25 21.375 0.0
0.75 21.375 0.0
1.25 21.375 0.0
1.75 21.375 0.0
2.25 21.375 8724.655
2.75 21.375 5253.2619
3.25 21.375 6064.1114
3.75 21.375 5267.4446
4.25 21.375 3220.7062
4.75 21.375 1117.4502000000002
5.25 21.375 174.4867
5.75 21.375 0.9863
6.25 21.375 0.0
6.75 21.375 0.0
7.25 21.375 0.0
7.75 21.375 0.0
8.25 21.375 0.0
8.75 21.375 0.0
0.25 21.625 0.0
0.75 21.625 0.0
1.25 21.625 0.0
1.75 21.625 0.0
2.25 21.625 13459.7693
2.75 21.625 10181.8298
3.25 21.625 5158.698899999999
3.75 21.625 3948.9882000000007
4.25 21.625 415.0673
4.75 21.625 181.8166
5.25 21.625 180.7893
5.75 21.625 3.8637
6.25 21.625 0.0
6.75 21.625 0.0
7.25 21.625 0.0
7.75 21.625 0.0
8.25 21.625 0.0
8.75 21.625 0.0
0.25 21.875 0.0
0.75 21.875 0.0
1.25 21.875 0.0
1.75 21.875 0.0
2.25 21.875 3583.4902
2.75 21.875 6729.967
3.25 21.875 6643.996999999999
3.75 21.875 2469.089
4.25 21.875 2181.7279999999996
4.75 21.875 851.8732
5.25 21.875 82.8391
5.75 21.875 0.3913000000000001
6.25 21.875 0.0
6.75 21.875 0.0
7.25 21.875 0.0
7.75 21.875 0.0
8.25 21.875 0.0
8.75 21.875 0.0
0.25 22.125 0.0
0.75 22.125 0.0
1.25 22.125 0.0
1.75 22.125 0.0
2.25 22.125 13928.374200000002
2.75 22.125 10836.322400000001
3.25 22.125 5691.601099999999
3.75 22.125 2590.5203
4.25 22.125 1852.4459
4.75 22.125 497.0273
5.25 22.125 100.78250000000001
5.75 22.125 2.5629999999999997
6.25 22.125 0.0
6.75 22.125 0.0
7.25 22.125 0.0
7.75 22.125 0.0
8.25 22.125 0.0
8.75 22.125 0.0
0.25 22.375 0.0
0.75 22.375 0.0
1.25 22.375 0.0
1.75 22.375 0.0
2.25 22.375 5489.9042
2.75 22.375 1014.0074999999999
3.25 22.375 7328.679799999999
3.75 22.375 3044.971
4.25 22.375 1067.063
4.75 22.375 236.03330000000003
5.25 22.375 91.23390000000002
5.75 22.375 3.2149
6.25 22.375 0.0
6.75 22.375 0.0
7.25 22.375 0.0
7.75 22.375 0.0
8.25 22.375 0.0
8.75 22.375 0.0
0.25 22.625 0.0
0.75 22.625 0.0
1.25 22.625 0.0
1.75 22.625 0.0
2.25 22.625 2777.6203
2.75 22.625 8853.161800000002
3.25 22.625 6069.254099999999
3.75 22.625 2246.6187000000004
4.25 22.625 1367.3229999999999
4.75 22.625 663.8371999999999
5.25 22.625 33.3485
5.75 22.625 4.0040000000000004
6.25 22.625 0.0
6.75 22.625 0.0
7.25 22.625 0.0
7.75 22.625 0.0
8.25 22.625 0.0
8.75 22.625 0.0
0.25 22.875 0.0
0.75 22.875 0.0
1.25 22.875 0.0
1.75 22.875 0.0
2.25 22.875 5800.663499999999
2.75 22.875 5128.3817
3.25 22.875 3151.0313
3.75 22.875 2824.824
4.25 22.875 880.6724
4.75 22.875 290.7955
5.25 22.875 61.0885
5.75 22.875 0.7306999999999999
6.25 22.875 0.0
6.75 22.875 0.0
7.25 22.875 0.0
7.75 22.875 0.0
8.25 22.875 0.0
8.75 22.875 0.0
0.25 23.125 0.0
0.75 23.125 0.0
1.25 23.125 0.0
1.75 23.125 0.0
2.25 23.125 5029.886799999999
2.75 23.125 4473.7881
3.25 23.125 4012.1391000000003
3.75 23.125 1624.7572
4.25 23.125 1947.7209
4.75 23.125 424.62690000000003
5.25 23.125 107.5057
5.75 23.125 1.7762
6.25 23.125 0.0
6.75 23.125 0.0
7.25 23.125 0.0
7.75 23.125 0.0
8.25 23.125 0.0
8.75 23.125 0.0
0.25 23.375 0.0
0.75 23.375 0.0
1.25 23.375 0.0
1.75 23.375 0.0
2.25 23.375 3390.4811000000004
2.75 23.375 2320.4606
3.25 23.375 1183.1882
3.75 23.375 3659.6063999999997
4.25 23.375 528.2620000000001
4.75 23.375 299.51289999999995
5.25 23.375 27.348100000000002
5.75 23.375 0.7676000000000001
6.25 23.375 0.0
6.75 23.375 0.0
7.25 23.375 0.0
7.75 23.375 0.0
8.25 23.375 0.0
8.75 23.375 0.0
0.25 23.625 0.0
0.75 23.625 0.0
1.25 23.625 0.0
1.75 23.625 0.0
2.25 23.625 3705.4915
2.75 23.625 4149.9776
3.25 23.625 7476.8015
3.75 23.625 2106.6092999999996
4.25 23.625 1673.3641000000002
4.75 23.625 332.5854
5.25 23.625 57.56500000000001
5.75 23.625 1.2427
6.25 23.625 0.0
6.75 23.625 0.0
7.25 23.625 0.0
7.75 23.625 0.0
8.25 23.625 0.0
8.75 23.625 0.0
0.25 23.875 0.0
0.75 23.875 0.0
1.25 23.875 0.0
1.75 23.875 0.0
2.25 23.875 5075.5945
2.75 23.875 2852.2400000000002
3.25 23.875 5049.732
3.75 23.875 2434.3278000000005
4.25 23.875 915.4988999999999
4.75 23.875 583.8617
5.25 23.875 16.998900000000003
5.75 23.875 0.6648
6.25 23.875 0.0
6.75 23.875 0.0
7.25 23.875 0.0
7.75 23.875 0.0
8.25 23.875 0.0
8.75 23.875 0.0
0.25 24.125 0.0
0.75 24.125 0.0
1.25 24.125 0.0
1.75 24.125 0.0
2.25 24.125 5319.94
2.75 24.125 5224.454
3.25 24.125 2406.1250999999997
3.75 24.125 1607.4968
4.25 24.125 502.02040000000005
4.75 24.125 75.1145
5.25 24.125 33.736399999999996
5.75 24.125 0.22020000000000003
6.25 24.125 0.0
6.75 24.125 0.0
7.25 24.125 0.0
7.75 24.125 0.0
8.25 24.125 0.0
8.75 24.125 0.0
0.25 24.375 0.0
0.75 24.375 0.0
1.25 24.375 0.0
1.75 24.375 0.0
2.25 24.375 4587.2645999999995
2.75 24.375 1722.8662000000002
3.25 24.375 532.3828
3.75 24.375 1368.2812999999999
4.25 24.375 389.2897
4.75 24.375 82.6688
5.25 24.375 43.5405
5.75 24.375 0.27599999999999997
6.25 24.375 0.0
6.75 24.375 0.0
7.25 24.375 0.0
7.75 24.375 0.0
8.25 24.375 0.0
8.75 24.375 0.0
0.25 24.625 0.0
0.75 24.625 0.0
1.25 24.625 0.0
1.75 24.625 0.0
2.25 24.625 2186.4401000000003
2.75 24.625 1700.9740000000002
3.25 24.625 1765.2622999999999
3.75 24.625 2122.7885
4.25 24.625 1359.4910000000002
4.75 24.625 207.7545
5.25 24.625 11.750599999999999
5.75 24.625 0.33180000000000004
6.25 24.625 0.0
6.75 24.625 0.0
7.25 24.625 0.0
7.75 24.625 0.0
8.25 24.625 0.0
8.75 24.625 0.0
0.25 24.875 0.0
0.75 24.875 0.0
1.25 24.875 0.0
1.75 24.875 0.0
2.25 24.875 0.0
2.75 24.875 2252.0960999999998
3.25 24.875 1183.1882
3.75 24.875 990.5529999999999
4.25 24.875 629.6033
4.75 24.875 69.6738
5.25 24.875 7.5524
5.75 24.875 0.0976
6.25 24.875 0.0
6.75 24.875 0.0
7.25 24.875 0.0
7.75 24.875 0.0
8.25 24.875 0.0
8.75 24.875 0.0
0.25 25.125 0.0
0.75 25.125 0.0
1.25 25.125 0.0
1.75 25.125 0.0
2.25 25.125 6809.050299999999
2.75 25.125 2206.6728000000003
3.25 25.125 2695.0041
3.75 25.125 1298.4239
4.25 25.125 146.06920000000002
4.75 25.125 183.5641
5.25 25.125 0.0
5.75 25.125 0.33080000000000004
6.25 25.125 0.0
6.75 25.125 0.0
7.25 25.125 0.0
7.75 25.125 0.0
8.25 25.125 0.0
8.75 25.125 0.0
0.25 25.375 0.0
0.75 25.375 0.0
1.25 25.375 0.0
1.75 25.375 0.0
2.25 25.375 3208.5951000000005
2.75 25.375 1580.0358999999999
3.25 25.375 0.0
3.75 25.375 981.8532
4.25 25.375 387.6338
4.75 25.375 88.0334
5.25 25.375 20.209000000000003
5.75 25.375 0.10029999999999999
6.25 25.375 0.0
6.75 25.375 0.0
7.25 25.375 0.0
7.75 25.375 0.0
8.25 25.375 0.0
8.75 25.375 0.0
0.25 25.625 0.0
0.75 25.625 0.0
1.25 25.625 0.0
1.75 25.625 0.0
2.25 25.625 2223.7969
2.75 25.625 1687.5369
3.25 25.625 0.0
3.75 25.625 1321.4562
4.25 25.625 233.939
4.75 25.625 60.984
5.25 25.625 0.0
5.75 25.625 0.16929999999999998
6.25 25.625 0.0
6.75 25.625 0.0
7.25 25.625 0.0
7.75 25.625 0.0
8.25 25.625 0.0
8.75 25.625 0.0
0.25 25.875 0.0
0.75 25.875 0.0
1.25 25.875 0.0
1.75 25.875 0.0
2.25 25.875 4803.442900000001
2.75 25.875 0.0
3.25 25.875 1287.8281
3.75 25.875 317.8391
4.25 25.875 367.61629999999997
4.75 25.875 391.956
5.25 25.875 11.5788
5.75 25.875 0.041699999999999994
6.25 25.875 0.0
6.75 25.875 0.0
7.25 25.875 0.0
7.75 25.875 0.0
8.25 25.875 0.0
8.75 25.875 0.0
0.25 26.125 0.0
0.75 26.125 0.0
1.25 26.125 0.0
1.75 26.125 0.0
2.25 26.125 0.0
2.75 26.125 3988.7410000000004
3.25 26.125 0.0
3.75 26.125 307.1252
4.25 26.125 580.8835
4.75 26.125 118.15010000000001
5.25 26.125 0.0
5.75 26.125 0.24780000000000005
6.25 26.125 0.0
6.75 26.125 0.0
7.25 26.125 0.0
7.75 26.125 0.0
8.25 26.125 0.0
8.75 26.125 0.0
0.25 26.375 0.0
0.75 26.375 0.0
1.25 26.375 0.0
1.75 26.375 0.0
2.25 26.375 1117.177
2.75 26.375 748.5131
3.25 26.375 755.4453
3.75 26.375 289.9119
4.25 26.375 153.1028
4.75 26.375 107.7363
5.25 26.375 11.750599999999999
5.75 26.375 0.0
6.25 26.375 0.0
6.75 26.375 0.0
7.25 26.375 0.0
7.75 26.375 0.0
8.25 26.375 0.0
8.75 26.375 0.0
0.25 26.625 0.0
0.75 26.625 0.0
1.25 26.625 0.0
1.75 26.625 0.0
2.25 26.625 898.3131
2.75 26.625 0.0
3.25 26.625 1500.0424
3.75 26.625 0.0
4.25 26.625 0.0
4.75 26.625 108.30080000000001
5.25 26.625 7.5524
5.75 26.625 0.0
6.25 26.625 0.0
6.75 26.625 0.0
7.25 26.625 0.0
7.75 26.625 0.0
8.25 26.625 0.0
8.75 26.625 0.0
0.25 26.875 0.0
0.75 26.875 0.0
1.25 26.875 0.0
1.75 26.875 0.0
2.25 26.875 1117.177
2.75 26.875 0.0
3.25 26.875 0.0
3.75 26.875 0.0
4.25 26.875 0.0
4.75 26.875 43.9619
5.25 26.875 0.0
5.75 26.875 0.0
6.25 26.875 0.0
6.75 26.875 0.0
7.25 26.875 0.0
7.75 26.875 0.0
8.25 26.875 0.0
8.75 26.875 0.0
0.25 27.125 0.0
0.75 27.125 0.0
1.25 27.125 0.0
1.75 27.125 0.0
2.25 27.125 0.0
2.75 27.125 1671.1968000000002
3.25 27.125 1614.1136999999999
3.75 27.125 433.00569999999993
4.25 27.125 154.48999999999998
4.75 27.125 118.15010000000001
5.25 27.125 0.0
5.75 27.125 0.0
6.25 27.125 0.0
6.75 27.125 0.0
7.25 27.125 0.0
7.75 27.125 0.0
8.25 27.125 0.0
8.75 27.125 0.0
0.25 27.375 0.0
0.75 27.375 0.0
1.25 27.375 0.0
1.75 27.375 0.0
2.25 27.375 0.0
2.75 27.375 0.0
3.25 27.375 0.0
3.75 27.375 0.0
4.25 27.375 154.48999999999998
4.75 27.375 0.0
5.25 27.375 11.3078
5.75 27.375 0.07289999999999999
6.25 27.375 0.0
6.75 27.375 0.0
7.25 27.375 0.0
7.75 27.375 0.0
8.25 27.375 0.0
8.75 27.375 0.0
0.25 27.625 0.0
0.75 27.625 0.0
1.25 27.625 0.0
1.75 27.625 0.0
2.25 27.625 0.0
2.75 27.625 0.0
3.25 27.625 0.0
3.75 27.625 0.0
4.25 27.625 0.0
4.75 27.625 0.0
5.25 27.625 0.0
5.75 27.625 0.0
6.25 27.625 0.0
6.75 27.625 0.0
7.25 27.625 0.0
7.75 27.625 0.0
8.25 27.625 0.0
8.75 27.625 0.0
0.25 27.875 0.0
0.75 27.875 0.0
1.25 27.875 0.0
1.75 27.875 0.0
2.25 27.875 0.0
2.75 27.875 0.0
3.25 27.875 0.0
3.75 27.875 360.9013
4.25 27.875 157.6609
4.75 27.875 0.0
5.25 27.875 0.0
5.75 27.875 0.0
6.25 27.875 0.0
6.75 27.875 0.0
7.25 27.875 0.0
7.75 27.875 0.0
8.25 27.875 0.0
8.75 27.875 0.0
0.25 28.125 0.0
0.75 28.125 0.0
1.25 28.125 0.0
1.75 28.125 0.0
2.25 28.125 0.0
2.75 28.125 0.0
3.25 28.125 0.0
3.75 28.125 0.0
4.25 28.125 0.0
4.75 28.125 0.0
5.25 28.125 0.0
5.75 28.125 0.0
6.25 28.125 0.0
6.75 28.125 0.0
7.25 28.125 0.0
7.75 28.125 0.0
8.25 28.125 0.0
8.75 28.125 0.0
0.25 28.375 0.0
0.75 28.375 0.0
1.25 28.375 0.0
1.75 28.375 0.0
2.25 28.375 0.0
2.75 28.375 0.0
3.25 28.375 0.0
3.75 28.375 0.0
4.25 28.375 0.0
4.75 28.375 0.0
5.25 28.375 0.0
5.75 28.375 0.0
6.25 28.375 0.0
6.75 28.375 0.0
7.25 28.375 0.0
7.75 28.375 0.0
8.25 28.375 0.0
8.75 28.375 0.0
0.25 28.625 0.0
0.75 28.625 0.0
1.25 28.625 0.0
1.75 28.625 0.0
2.25 28.625 0.0
2.75 28.625 0.0
3.25 28.625 0.0
3.75 28.625 289.9119
4.25 28.625 0.0
4.75 28.625 53.92509999999999
5.25 28.625 0.0
5.75 28.625 0.0
6.25 28.625 0.0
6.75 28.625 0.0
7.25 28.625 0.0
7.75 28.625 0.0
8.25 28.625 0.0
8.75 28.625 0.0
0.25 28.875 0.0
0.75 28.875 0.0
1.25 28.875 0.0
1.75 28.875 0.0
2.25 28.875 0.0
2.75 28.875 0.0
3.25 28.875 0.0
3.75 28.875 0.0
4.25 28.875 0.0
4.75 28.875 0.0
5.25 28.875 0.0
5.75 28.875 0.0
6.25 28.875 0.0
6.75 28.875 0.0
7.25 28.875 0.0
7.75 28.875 0.0
8.25 28.875 0.0
8.75 28.875 0.0
0.25 29.125 0.0
0.75 29.125 0.0
1.25 29.125 0.0
1.75 29.125 0.0
2.25 29.125 0.0
2.75 29.125 0.0
3.25 29.125 0.0
3.75 29.125 0.0
4.25 29.125 0.0
4.75 29.125 0.0
5.25 29.125 0.0
5.75 29.125 0.0
6.25 29.125 0.0
6.75 29.125 0.0
7.25 29.125 0.0
7.75 29.125 0.0
8.25 29.125 0.0
8.75 29.125 0.0
0.25 29.375 0.0
0.75 29.375 0.0
1.25 29.375 0.0
1.75 29.375 0.0
2.25 29.375 0.0
2.75 29.375 0.0
3.25 29.375 0.0
3.75 29.375 0.0
4.25 29.375 0.0
4.75 29.375 0.0
5.25 29.375 0.0
5.75 29.375 0.0
6.25 29.375 0.0
6.75 29.375 0.0
7.25 29.375 0.0
7.75 29.375 0.0
8.25 29.375 0.0
8.75 29.375 0.0
0.25 29.625 0.0
0.75 29.625 0.0
1.25 29.625 0.0
1.75 29.625 0.0
2.25 29.625 0.0
2.75 29.625 0.0
3.25 29.625 0.0
3.75 29.625 0.0
4.25 29.625 0.0
4.75 29.625 0.0
5.25 29.625 0.0
5.75 29.625 0.0
6.25 29.625 0.0
6.75 29.625 0.0
7.25 29.625 0.0
7.75 29.625 0.0
8.25 29.625 0.0
8.75 29.625 0.0
0.25 29.875 0.0
0.75 29.875 0.0
1.25 29.875 0.0
1.75 29.875 0.0
2.25 29.875 0.0
2.75 29.875 0.0
3.25 29.875 0.0
3.75 29.875 0.0
4.25 29.875 0.0
4.75 29.875 0.0
5.25 29.875 0.0
5.75 29.875 0.0
6.25 29.875 0.0
6.75 29.875 0.0
7.25 29.875 0.0
7.75 29.875 0.0
8.25 29.875 0.0
8.75 29.875 0.0
