0.25 0.125 12301869.434999999
0.75 0.125 30675647.358
1.25 0.125 23345593.3559
1.75 0.125 14339910.4455
2.25 0.125 13222223.1348
2.75 0.125 14238725.984100001
3.25 0.125 10364863.107499998
3.75 0.125 18048903.2208
4.25 0.125 7460706.248999998
4.75 0.125 10952966.485399999
5.25 0.125 5302634.689900001
5.75 0.125 3338146.477100002
6.25 0.125 2873452.7792999987
6.75 0.125 1897012.5906999996
7.25 0.125 417463.81839999993
7.75 0.125 253163.17240000007
8.25 0.125 7024.594899999998
8.75 0.125 78.10430000000001
0.25 0.375 0.0
0.75 0.375 16969386.5464
1.25 0.375 63838789.1456
1.75 0.375 85740940.50579998
2.25 0.375 93021893.49030001
2.75 0.375 81870171.45020004
3.25 0.375 82251944.44469999
3.75 0.375 82223942.8361
4.25 0.375 62055960.7389
4.75 0.375 52643923.806100026
5.25 0.375 37567333.789499976
5.75 0.375 28468856.93570004
6.25 0.375 19386290.30800001
6.75 0.375 9544514.852699991
7.25 0.375 4137326.007
7.75 0.375 1284672.4582999984
8.25 0.375 74310.7078000001
8.75 0.375 1923.3780000000002
0.25 0.625 0.0
0.75 0.625 0.0
1.25 0.625 50901162.86529999
1.75 0.625 185156311.60609987
2.25 0.625 220012037.11840022
2.75 0.625 189808379.25649998
3.25 0.625 221671031.22560012
3.75 0.625 158391239.21649995
4.25 0.625 136862016.46300003
4.75 0.625 139499801.63359985
5.25 0.625 88133942.11099993
5.75 0.625 60093445.20839997
6.25 0.625 35235347.57850004
6.75 0.625 17027230.133300006
7.25 0.625 7460602.100799999
7.75 0.625 1700074.2326000025
8.25 0.625 46752.884299999976
8.75 0.625 1464.5798
0.25 0.875 0.0
0.75 0.875 0.0
1.25 0.875 6386626.3792
1.75 0.875 237635253.7628
2.25 0.875 288131701.35820013
2.75 0.875 322777511.8749
3.25 0.875 262202089.29799998
3.75 0.875 271194453.01759994
4.25 0.875 216082943.34609994
4.75 0.875 179347095.38249984
5.25 0.875 110939080.94289985
5.75 0.875 79989802.70179991
6.25 0.875 50482648.441400014
6.75 0.875 21528130.850500025
7.25 0.875 9787062.603499986
7.75 0.875 1320352.4965000004
8.25 0.875 218714.4107999998
8.75 0.875 312.8454
0.25 1.125 0.0
0.75 1.125 0.0
1.25 1.125 0.0
1.75 1.125 259830887.61259973
2.25 1.125 375513348.69040024
2.75 1.125 329129808.61889994
3.25 1.125 243499821.12820005
3.75 1.125 257004921.31369993
4.25 1.125 256641886.24400014
4.75 1.125 186978347.58739984
5.25 1.125 145421850.38179976
5.75 1.125 93627638.57169987
6.25 1.125 55476536.89569999
6.75 1.125 21908703.412800033
7.25 1.125 6886572.305999996
7.75 1.125 2424002.1506999964
8.25 1.125 144521.30990000028
8.75 1.125 66.25780000000002
0.25 1.375 0.0
0.75 1.375 0.0
1.25 1.375 0.0
1.75 1.375 194861097.80379984
2.25 1.375 365055400.8191999
2.75 1.375 308399314.3183002
3.25 1.375 274392471.1321001
3.75 1.375 202392574.15880004
4.25 1.375 203441994.3789002
4.75 1.375 148903946.33969986
5.25 1.375 126532383.32519984
5.75 1.375 74770012.27969995
6.25 1.375 49683101.72319997
6.75 1.375 22540919.99690001
7.25 1.375 7594582.358699999
7.75 1.375 2131127.9105999973
8.25 1.375 69272.58439999999
8.75 1.375 0.0054
0.25 1.625 0.0
0.75 1.625 0.0
1.25 1.625 0.0
1.75 1.625 82071309.79569997
2.25 1.625 267267676.48809993
2.75 1.625 278975419.0169999
3.25 1.625 242102814.2642001
3.75 1.625 251369566.6920001
4.25 1.625 194846756.73340014
4.75 1.625 148899315.81489986
5.25 1.625 97109912.5736
5.75 1.625 92268238.92829983
6.25 1.625 46153418.02569993
6.75 1.625 21930474.708099995
7.25 1.625 9830484.317599991
7.75 1.625 1196008.820200001
8.25 1.625 10365.80009999999
8.75 1.625 0.0
0.25 1.875 0.0
0.75 1.875 0.0
1.25 1.875 0.0
1.75 1.875 28829965.38589999
2.25 1.875 240977646.96969995
2.75 1.875 253431494.97019982
3.25 1.875 226704583.3442
3.75 1.875 215318551.58619994
4.25 1.875 180537210.56339997
4.75 1.875 137717327.30050004
5.25 1.875 90876747.9563
5.75 1.875 53370800.34110005
6.25 1.875 44990369.59379999
6.75 1.875 13762311.503600018
7.25 1.875 4788308.820099999
7.75 1.875 550233.7401999998
8.25 1.875 4249.80239999999
8.75 1.875 0.0
0.25 2.125 0.0
0.75 2.125 0.0
1.25 2.125 0.0
1.75 2.125 3093869.2729999996
2.25 2.125 226969614.38089988
2.75 2.125 232780041.50719988
3.25 2.125 176741417.88720006
3.75 2.125 180984355.50160035
4.25 2.125 148769083.70399988
4.75 2.125 110769989.75030005
5.25 2.125 102259925.32919985
5.75 2.125 56995411.1277
6.25 2.125 28172469.608599998
6.75 2.125 15649679.17410002
7.25 2.125 4078208.086899998
7.75 2.125 234809.41179999997
8.25 2.125 210.90360000000027
8.75 2.125 0.0
0.25 2.375 0.0
0.75 2.375 0.0
1.25 2.375 0.0
1.75 2.375 0.0
2.25 2.375 190933501.90819982
2.75 2.375 157939928.29560015
3.25 2.375 163274936.83480012
3.75 2.375 165548356.74599993
4.25 2.375 120197152.7708
4.75 2.375 98908856.43950012
5.25 2.375 65232841.62790007
5.75 2.375 35215753.33769995
6.25 2.375 26836459.764900018
6.75 2.375 6534219.4681999935
7.25 2.375 2174546.747300002
7.75 2.375 124619.59439999997
8.25 2.375 4.300600000000004
8.75 2.375 0.0
0.25 2.625 0.0
0.75 2.625 0.0
1.25 2.625 0.0
1.75 2.625 0.0
2.25 2.625 158677917.6304001
2.75 2.625 111215602.56080003
3.25 2.625 122289912.07320002
3.75 2.625 101041965.6937001
4.25 2.625 114757394.07689996
4.75 2.625 79433366.89410001
5.25 2.625 54045039.38309999
5.75 2.625 29064442.029599987
6.25 2.625 19281338.3633
6.75 2.625 6420850.90349999
7.25 2.625 1156395.697300001
7.75 2.625 52645.04739999998
8.25 2.625 0.0059999999999999975
8.75 2.625 0.0
0.25 2.875 0.0
0.75 2.875 0.0
1.25 2.875 0.0
1.75 2.875 0.0
2.25 2.875 123154168.39919986
2.75 2.875 147206898.4600001
3.25 2.875 85507622.21230018
3.75 2.875 109172737.2893
4.25 2.875 82934519.2762
4.75 2.875 73080879.58739997
5.25 2.875 45218750.856399916
5.75 2.875 27113402.02390001
6.25 2.875 10609847.163399993
6.75 2.875 4753045.320100003
7.25 2.875 805777.7164000007
7.75 2.875 12247.823300000015
8.25 2.875 0.0009999999999999998
8.75 2.875 0.0
0.25 3.125 0.0
0.75 3.125 0.0
1.25 3.125 0.0
1.75 3.125 0.0
2.25 3.125 102153891.72779998
2.75 3.125 99827902.28699996
3.25 3.125 86017352.93520015
3.75 3.125 69311860.23009998
4.25 3.125 59164016.10340004
4.75 3.125 43525997.89580004
5.25 3.125 28046567.252700023
5.75 3.125 16622528.005799996
6.25 3.125 7446616.823000002
6.75 3.125 2747574.4529000046
7.25 3.125 282836.77879999974
7.75 3.125 4124.403300000001
8.25 3.125 0.0
8.75 3.125 0.0
0.25 3.375 0.0
0.75 3.375 0.0
1.25 3.375 0.0
1.75 3.375 0.0
2.25 3.375 84256610.9368
2.75 3.375 79666798.68529992
3.25 3.375 71828307.77380012
3.75 3.375 52261796.473800026
4.25 3.375 56355340.75910001
4.75 3.375 35596484.25559999
5.25 3.375 22653308.978300042
5.75 3.375 11811458.198899997
6.25 3.375 5944874.161000004
6.75 3.375 2123016.0192000014
7.25 3.375 254734.12960000001
7.75 3.375 1754.3348999999994
8.25 3.375 0.0
8.75 3.375 0.0
0.25 3.625 0.0
0.75 3.625 0.0
1.25 3.625 0.0
1.75 3.625 0.0
2.25 3.625 62180994.172800004
2.75 3.625 68449975.949
3.25 3.625 48827324.411299996
3.75 3.625 58337141.7084
4.25 3.625 42420381.15560003
4.75 3.625 25899491.81770002
5.25 3.625 19770764.624100007
5.75 3.625 12279422.484199995
6.25 3.625 4236480.606499998
6.75 3.625 1062715.3721000007
7.25 3.625 125424.15580000005
7.75 3.625 289.9909999999999
8.25 3.625 0.0
8.75 3.625 0.0
0.25 3.875 0.0
0.75 3.875 0.0
1.25 3.875 0.0
1.75 3.875 0.0
2.25 3.875 44374711.288899995
2.75 3.875 66296113.77469995
3.25 3.875 47526514.06929999
3.75 3.875 41781472.322600015
4.25 3.875 30751933.35209999
4.75 3.875 21671784.0388
5.25 3.875 11163000.302299988
5.75 3.875 7732636.858200002
6.25 3.875 2669996.467099997
6.75 3.875 610837.8098000003
7.25 3.875 66110.47570000005
7.75 3.875 35.9169
8.25 3.875 0.0
8.75 3.875 0.0
0.25 4.125 0.0
0.75 4.125 0.0
1.25 4.125 0.0
1.75 4.125 0.0
2.25 4.125 46266754.3258
2.75 4.125 49041256.65620003
3.25 4.125 46382227.3911
3.75 4.125 34229243.73669997
4.25 4.125 27225128.478599984
4.75 4.125 25393845.82840001
5.25 4.125 12564475.209799992
5.75 4.125 8151431.8299999945
6.25 4.125 2951601.9616999985
6.75 4.125 877131.4592000005
7.25 4.125 27867.029199999994
7.75 4.125 6.140200000000003
8.25 4.125 0.0
8.75 4.125 0.0
0.25 4.375 0.0
0.75 4.375 0.0
1.25 4.375 0.0
1.75 4.375 0.0
2.25 4.375 42424494.737099975
2.75 4.375 37983839.99139997
3.25 4.375 29423769.0219
3.75 4.375 29506880.30989998
4.25 4.375 23125937.330799975
4.75 4.375 15021552.742400004
5.25 4.375 12907792.58789998
5.75 4.375 5816574.3819
6.25 4.375 1837878.9577000006
6.75 4.375 364380.7760999998
7.25 4.375 16823.56630000001
7.75 4.375 0.8893000000000001
8.25 4.375 0.0
8.75 4.375 0.0
0.25 4.625 0.0
0.75 4.625 0.0
1.25 4.625 0.0
1.75 4.625 0.0
2.25 4.625 36331444.38799998
2.75 4.625 32441981.70939999
3.25 4.625 27502087.1626
3.75 4.625 29783483.273199994
4.25 4.625 16333902.709700005
4.75 4.625 13517668.462999992
5.25 4.625 6286990.853000007
5.75 4.625 4450550.4754
6.25 4.625 1449287.6302000005
6.75 4.625 216954.93049999978
7.25 4.625 7431.122999999992
7.75 4.625 0.023400000000000008
8.25 4.625 0.0
8.75 4.625 0.0
0.25 4.875 0.0
0.75 4.875 0.0
1.25 4.875 0.0
1.75 4.875 0.0
2.25 4.875 30301916.636799987
2.75 4.875 32672412.758800022
3.25 4.875 20708637.2135
3.75 4.875 16354789.711599989
4.25 4.875 16157721.092500018
4.75 4.875 11169589.381999994
5.25 4.875 5676927.7215
5.75 4.875 3148106.385600001
6.25 4.875 1092741.597
6.75 4.875 221088.01199999984
7.25 4.875 4114.473499999994
7.75 4.875 0.0001
8.25 4.875 0.0
8.75 4.875 0.0
0.25 5.125 0.0
0.75 5.125 0.0
1.25 5.125 0.0
1.75 5.125 0.0
2.25 5.125 21973804.93200001
2.75 5.125 17582728.249399994
3.25 5.125 18609034.89759999
3.75 5.125 17679243.92689999
4.25 5.125 12734217.49100001
4.75 5.125 7572589.494500002
5.25 5.125 4941834.268799997
5.75 5.125 2192160.4291000003
6.25 5.125 1007438.1758000002
6.75 5.125 129327.03130000006
7.25 5.125 2452.7992000000036
7.75 5.125 0.0
8.25 5.125 0.0
8.75 5.125 0.0
0.25 5.375 0.0
0.75 5.375 0.0
1.25 5.375 0.0
1.75 5.375 0.0
2.25 5.375 18479035.766000006
2.75 5.375 14746542.403600004
3.25 5.375 18902522.584899988
3.75 5.375 14273109.766899986
4.25 5.375 10552698.824000014
4.75 5.375 7436618.291599994
5.25 5.375 5593664.762700002
5.75 5.375 2603942.8838000027
6.25 5.375 722601.2455999998
6.75 5.375 81798.45920000008
7.25 5.375 711.2695000000006
7.75 5.375 0.0
8.25 5.375 0.0
8.75 5.375 0.0
0.25 5.625 0.0
0.75 5.625 0.0
1.25 5.625 0.0
1.75 5.625 0.0
2.25 5.625 16799940.618700024
2.75 5.625 20099985.959999986
3.25 5.625 15374880.34389999
3.75 5.625 7597864.563899996
4.25 5.625 7632921.7702
4.75 5.625 4981933.288099998
5.25 5.625 3000147.789799998
5.75 5.625 1727786.810200002
6.25 5.625 448119.9686000004
6.75 5.625 45107.27229999993
7.25 5.625 187.95979999999986
7.75 5.625 0.0
8.25 5.625 0.0
8.75 5.625 0.0
0.25 5.875 0.0
0.75 5.875 0.0
1.25 5.875 0.0
1.75 5.875 0.0
2.25 5.875 17040356.67940002
2.75 5.875 14539495.760700002
3.25 5.875 13464303.389199993
3.75 5.875 11702906.740699993
4.25 5.875 6876063.893500001
4.75 5.875 4323068.601900004
5.25 5.875 3038656.8165000016
5.75 5.875 1233943.4249999998
6.25 5.875 468656.8367000007
6.75 5.875 38033.17389999996
7.25 5.875 189.92789999999994
7.75 5.875 0.0
8.25 5.875 0.0
8.75 5.875 0.0
0.25 6.125 0.0
0.75 6.125 0.0
1.25 6.125 0.0
1.75 6.125 0.0
2.25 6.125 14383394.677600008
2.75 6.125 14058136.4092
3.25 6.125 9986184.2527
3.75 6.125 8708459.062599992
4.25 6.125 7155202.430499993
4.75 6.125 4452707.1913
5.25 6.125 2520255.553100002
5.75 6.125 1035759.542099999
6.25 6.125 255670.8299
6.75 6.125 32437.72620000001
7.25 6.125 84.8539
7.75 6.125 0.0
8.25 6.125 0.0
8.75 6.125 0.0
0.25 6.375 0.0
0.75 6.375 0.0
1.25 6.375 0.0
1.75 6.375 0.0
2.25 6.375 9769371.81019999
2.75 6.375 11063218.518000001
3.25 6.375 9949302.356100004
3.75 6.375 5696092.0512000015
4.25 6.375 5244991.055499998
4.75 6.375 4016409.4801000017
5.25 6.375 2021597.465500001
5.75 6.375 628737.1680999998
6.25 6.375 284640.64240000024
6.75 6.375 13392.344399999996
7.25 6.375 29.761200000000002
7.75 6.375 0.0
8.25 6.375 0.0
8.75 6.375 0.0
0.25 6.625 0.0
0.75 6.625 0.0
1.25 6.625 0.0
1.75 6.625 0.0
2.25 6.625 9489912.961100006
2.75 6.625 8945352.303000003
3.25 6.625 9329869.847500002
3.75 6.625 6647992.722399999
4.25 6.625 4402111.1406000005
4.75 6.625 2736133.6647999994
5.25 6.625 1864719.2193000002
5.75 6.625 835537.6919999996
6.25 6.625 162407.36019999997
6.75 6.625 10796.269800000013
7.25 6.625 4.864799999999998
7.75 6.625 0.0
8.25 6.625 0.0
8.75 6.625 0.0
0.25 6.875 0.0
0.75 6.875 0.0
1.25 6.875 0.0
1.75 6.875 0.0
2.25 6.875 9001800.415400006
2.75 6.875 8383983.436700001
3.25 6.875 6273912.297900001
3.75 6.875 5533351.3365000095
4.25 6.875 2832760.9105000026
4.75 6.875 2935605.0837999983
5.25 6.875 1332312.1265000019
5.75 6.875 623775.7460999998
6.25 6.875 115759.79489999992
6.75 6.875 6284.236799999995
7.25 6.875 5.8641
7.75 6.875 0.0
8.25 6.875 0.0
8.75 6.875 0.0
0.25 7.125 0.0
0.75 7.125 0.0
1.25 7.125 0.0
1.75 7.125 0.0
2.25 7.125 9207249.961700013
2.75 7.125 7045977.813200001
3.25 7.125 4418809.7847000025
3.75 7.125 5205118.098500007
4.25 7.125 3207917.0863000015
4.75 7.125 1891194.9190999996
5.25 7.125 1169410.8845
5.75 7.125 497076.9297
6.25 7.125 96475.04799999997
6.75 7.125 5219.558799999996
7.25 7.125 0.5883000000000004
7.75 7.125 0.0
8.25 7.125 0.0
8.75 7.125 0.0
0.25 7.375 0.0
0.75 7.375 0.0
1.25 7.375 0.0
1.75 7.375 0.0
2.25 7.375 6729939.4686
2.75 7.375 5743244.949599996
3.25 7.375 4057524.3391000004
3.75 7.375 3212221.2325999974
4.25 7.375 3391058.1274
4.75 7.375 1809415.0073999998
5.25 7.375 975184.3289999998
5.75 7.375 231692.7168
6.25 7.375 91198.59740000006
6.75 7.375 2426.1071000000024
7.25 7.375 0.07650000000000003
7.75 7.375 0.0
8.25 7.375 0.0
8.75 7.375 0.0
0.25 7.625 0.0
0.75 7.625 0.0
1.25 7.625 0.0
1.75 7.625 0.0
2.25 7.625 5442878.339099996
2.75 7.625 5212083.385999998
3.25 7.625 4482800.886800002
3.75 7.625 3484863.3629
4.25 7.625 3232292.5424000053
4.75 7.625 1656491.3047
5.25 7.625 864956.3735999997
5.75 7.625 218643.77649999998
6.25 7.625 49852.29669999996
6.75 7.625 1986.5822000000012
7.25 7.625 0.0404
7.75 7.625 0.0
8.25 7.625 0.0
8.75 7.625 0.0
0.25 7.875 0.0
0.75 7.875 0.0
1.25 7.875 0.0
1.75 7.875 0.0
2.25 7.875 3968488.667400004
2.75 7.875 4793847.6508
3.25 7.875 3862624.1359000006
3.75 7.875 4002108.4552999977
4.25 7.875 2209329.2711999994
4.75 7.875 1645956.5719999997
5.25 7.875 832431.1195999993
5.75 7.875 208562.14639999994
6.25 7.875 42437.40290000001
6.75 7.875 1281.5438000000006
7.25 7.875 0.0018
7.75 7.875 0.0
8.25 7.875 0.0
8.75 7.875 0.0
0.25 8.125 0.0
0.75 8.125 0.0
1.25 8.125 0.0
1.75 8.125 0.0
2.25 8.125 5294607.187
2.75 8.125 4869434.145
3.25 8.125 4377910.251599998
3.75 8.125 3295410.001100001
4.25 8.125 2212921.255399999
4.75 8.125 1175377.3098999993
5.25 8.125 688040.5720999998
5.75 8.125 245692.07429999995
6.25 8.125 40486.097100000035
6.75 8.125 835.9520999999997
7.25 8.125 0.0006
7.75 8.125 0.0
8.25 8.125 0.0
8.75 8.125 0.0
0.25 8.375 0.0
0.75 8.375 0.0
1.25 8.375 0.0
1.75 8.375 0.0
2.25 8.375 3397299.336100001
2.75 8.375 2768006.464400001
3.25 8.375 3564116.9337
3.75 8.375 2069458.1988999993
4.25 8.375 1956618.0008999996
4.75 8.375 1038974.3304000001
5.25 8.375 448090.45420000015
5.75 8.375 192584.30600000004
6.25 8.375 18177.647800000017
6.75 8.375 264.24669999999986
7.25 8.375 0.0
7.75 8.375 0.0
8.25 8.375 0.0
8.75 8.375 0.0
0.25 8.625 0.0
0.75 8.625 0.0
1.25 8.625 0.0
1.75 8.625 0.0
2.25 8.625 3716463.809200001
2.75 8.625 3121034.287100002
3.25 8.625 3185432.4788999967
3.75 8.625 2684221.7452999987
4.25 8.625 1183440.3659
4.75 8.625 1035914.8672999993
5.25 8.625 333648.97789999977
5.75 8.625 172658.84690000012
6.25 8.625 19267.23079999999
6.75 8.625 340.99889999999965
7.25 8.625 0.0
7.75 8.625 0.0
8.25 8.625 0.0
8.75 8.625 0.0
0.25 8.875 0.0
0.75 8.875 0.0
1.25 8.875 0.0
1.75 8.875 0.0
2.25 8.875 4262986.6507
2.75 8.875 3271689.726000003
3.25 8.875 2923655.1274999976
3.75 8.875 2310522.3182
4.25 8.875 1233707.1967000007
4.75 8.875 707560.3800000001
5.25 8.875 520296.80150000047
5.75 8.875 148884.08970000022
6.25 8.875 25884.73249999999
6.75 8.875 183.86590000000004
7.25 8.875 0.0
7.75 8.875 0.0
8.25 8.875 0.0
8.75 8.875 0.0
0.25 9.125 0.0
0.75 9.125 0.0
1.25 9.125 0.0
1.75 9.125 0.0
2.25 9.125 2927631.5782000017
2.75 9.125 2823709.992200001
3.25 9.125 2061629.2868000001
3.75 9.125 1973430.8487999984
4.25 9.125 1185415.7756999999
4.75 9.125 540532.0572000002
5.25 9.125 303195.64270000014
5.75 9.125 110181.75490000006
6.25 9.125 8967.472999999993
6.75 9.125 71.98739999999995
7.25 9.125 0.0
7.75 9.125 0.0
8.25 9.125 0.0
8.75 9.125 0.0
0.25 9.375 0.0
0.75 9.375 0.0
1.25 9.375 0.0
1.75 9.375 0.0
2.25 9.375 3445774.390700001
2.75 9.375 2422735.6921000015
3.25 9.375 1964572.0423
3.75 9.375 1467821.4466000006
4.25 9.375 1147000.5284999998
4.75 9.375 675118.0917000001
5.25 9.375 279774.6596999999
5.75 9.375 83279.68009999997
6.25 9.375 7435.319999999999
6.75 9.375 88.55849999999991
7.25 9.375 0.0
7.75 9.375 0.0
8.25 9.375 0.0
8.75 9.375 0.0
0.25 9.625 0.0
0.75 9.625 0.0
1.25 9.625 0.0
1.75 9.625 0.0
2.25 9.625 3071830.5947000002
2.75 9.625 2363175.0662
3.25 9.625 1725467.7536000006
3.75 9.625 1394976.1735000007
4.25 9.625 812957.8739999994
4.75 9.625 727485.9700000002
5.25 9.625 228421.4858000001
5.75 9.625 69960.65979999995
6.25 9.625 8901.238599999988
6.75 9.625 36.95969999999996
7.25 9.625 0.0
7.75 9.625 0.0
8.25 9.625 0.0
8.75 9.625 0.0
0.25 9.875 0.0
0.75 9.875 0.0
1.25 9.875 0.0
1.75 9.875 0.0
2.25 9.875 2166500.4203999992
2.75 9.875 1890197.7028999983
3.25 9.875 1428048.1381999997
3.75 9.875 1262022.0526000003
4.25 9.875 852070.0612000002
4.75 9.875 492239.1551000002
5.25 9.875 200264.94659999997
5.75 9.875 45827.40479999995
6.25 9.875 5635.691900000001
6.75 9.875 18.719099999999997
7.25 9.875 0.0
7.75 9.875 0.0
8.25 9.875 0.0
8.75 9.875 0.0
0.25 10.125 0.0
0.75 10.125 0.0
1.25 10.125 0.0
1.75 10.125 0.0
2.25 10.125 2513451.197399999
2.75 10.125 2126136.5888999985
3.25 10.125 1488973.267399999
3.75 10.125 888387.6569000001
4.25 10.125 857376.6493
4.75 10.125 389212.45350000035
5.25 10.125 184930.6398
5.75 10.125 44547.11820000002
6.25 10.125 4157.598
6.75 10.125 6.3702000000000005
7.25 10.125 0.0
7.75 10.125 0.0
8.25 10.125 0.0
8.75 10.125 0.0
0.25 10.375 0.0
0.75 10.375 0.0
1.25 10.375 0.0
1.75 10.375 0.0
2.25 10.375 1605170.6835000005
2.75 10.375 1598118.2010999983
3.25 10.375 1400020.4227000002
3.75 10.375 884111.9953000003
4.25 10.375 644334.7519000005
4.75 10.375 388916.0239000004
5.25 10.375 143406.72030000013
5.75 10.375 33449.40030000001
6.25 10.375 4423.479399999998
6.75 10.375 5.4400999999999975
7.25 10.375 0.0
7.75 10.375 0.0
8.25 10.375 0.0
8.75 10.375 0.0
0.25 10.625 0.0
0.75 10.625 0.0
1.25 10.625 0.0
1.75 10.625 0.0
2.25 10.625 1502962.6175
2.75 10.625 1368206.2572999988
3.25 10.625 1191972.3658000007
3.75 10.625 988935.9571999992
4.25 10.625 368806.7128000002
4.75 10.625 399825.0105000002
5.25 10.625 90190.21500000001
5.75 10.625 47362.09099999998
6.25 10.625 2205.9891
6.75 10.625 2.7804
7.25 10.625 0.0
7.75 10.625 0.0
8.25 10.625 0.0
8.75 10.625 0.0
0.25 10.875 0.0
0.75 10.875 0.0
1.25 10.875 0.0
1.75 10.875 0.0
2.25 10.875 1277776.4324000003
2.75 10.875 1430209.2822999987
3.25 10.875 1439022.6467000006
3.75 10.875 732154.5318000002
4.25 10.875 557264.8382000001
4.75 10.875 252792.85009999987
5.25 10.875 109706.90619999998
5.75 10.875 30251.981100000034
6.25 10.875 2640.0962000000013
6.75 10.875 1.7106000000000006
7.25 10.875 0.0
7.75 10.875 0.0
8.25 10.875 0.0
8.75 10.875 0.0
0.25 11.125 0.0
0.75 11.125 0.0
1.25 11.125 0.0
1.75 11.125 0.0
2.25 11.125 1330439.7781000007
2.75 11.125 1246556.3418999994
3.25 11.125 1029631.2808999997
3.75 11.125 833833.1076000002
4.25 11.125 451974.7478000001
4.75 11.125 345653.2842
5.25 11.125 117691.11550000006
5.75 11.125 32073.3727
6.25 11.125 1278.1986000000002
6.75 11.125 0.5443000000000001
7.25 11.125 0.0
7.75 11.125 0.0
8.25 11.125 0.0
8.75 11.125 0.0
0.25 11.375 0.0
0.75 11.375 0.0
1.25 11.375 0.0
1.75 11.375 0.0
2.25 11.375 1556334.6793000011
2.75 11.375 1042080.2060000005
3.25 11.375 641715.3871000002
3.75 11.375 572574.7608000002
4.25 11.375 361128.5181000003
4.75 11.375 184473.25929999992
5.25 11.375 75152.70200000006
5.75 11.375 17250.357500000016
6.25 11.375 1348.2317
6.75 11.375 0.24160000000000004
7.25 11.375 0.0
7.75 11.375 0.0
8.25 11.375 0.0
8.75 11.375 0.0
0.25 11.625 0.0
0.75 11.625 0.0
1.25 11.625 0.0
1.75 11.625 0.0
2.25 11.625 1698691.2328000006
2.75 11.625 1018946.2533
3.25 11.625 720450.8899
3.75 11.625 774173.0397000002
4.25 11.625 400138.3230000003
4.75 11.625 230634.23559999999
5.25 11.625 86173.82110000002
5.75 11.625 26047.162500000017
6.25 11.625 789.0979999999996
6.75 11.625 0.14660000000000004
7.25 11.625 0.0
7.75 11.625 0.0
8.25 11.625 0.0
8.75 11.625 0.0
0.25 11.875 0.0
0.75 11.875 0.0
1.25 11.875 0.0
1.75 11.875 0.0
2.25 11.875 739041.6440999997
2.75 11.875 1047105.0893999984
3.25 11.875 759843.7720999998
3.75 11.875 680140.0386999998
4.25 11.875 286235.34150000004
4.75 11.875 205529.5489
5.25 11.875 78709.90379999999
5.75 11.875 14353.57169999999
6.25 11.875 473.31150000000014
6.75 11.875 0.11780000000000002
7.25 11.875 0.0
7.75 11.875 0.0
8.25 11.875 0.0
8.75 11.875 0.0
0.25 12.125 0.0
0.75 12.125 0.0
1.25 12.125 0.0
1.75 12.125 0.0
2.25 12.125 1281024.1257000004
2.75 12.125 968077.4183
3.25 12.125 764129.4511000004
3.75 12.125 601311.8547
4.25 12.125 367020.1615000001
4.75 12.125 175022.10760000002
5.25 12.125 71779.05210000003
5.75 12.125 12758.241599999992
6.25 12.125 528.8264999999992
6.75 12.125 0.040999999999999995
7.25 12.125 0.0
7.75 12.125 0.0
8.25 12.125 0.0
8.75 12.125 0.0
0.25 12.375 0.0
0.75 12.375 0.0
1.25 12.375 0.0
1.75 12.375 0.0
2.25 12.375 1052382.0308999997
2.75 12.375 704540.6346999997
3.25 12.375 677939.1580000004
3.75 12.375 435472.1812999999
4.25 12.375 291617.268
4.75 12.375 136260.75050000005
5.25 12.375 61229.291600000026
5.75 12.375 10938.1974
6.25 12.375 304.5738000000001
6.75 12.375 0.017700000000000004
7.25 12.375 0.0
7.75 12.375 0.0
8.25 12.375 0.0
8.75 12.375 0.0
0.25 12.625 0.0
0.75 12.625 0.0
1.25 12.625 0.0
1.75 12.625 0.0
2.25 12.625 931208.6713999999
2.75 12.625 717769.8699000002
3.25 12.625 624379.6574000001
3.75 12.625 419450.057
4.25 12.625 283902.26110000006
4.75 12.625 101889.6904
5.25 12.625 52124.363100000046
5.75 12.625 8447.1931
6.25 12.625 246.34330000000008
6.75 12.625 0.0066
7.25 12.625 0.0
7.75 12.625 0.0
8.25 12.625 0.0
8.75 12.625 0.0
0.25 12.875 0.0
0.75 12.875 0.0
1.25 12.875 0.0
1.75 12.875 0.0
2.25 12.875 767471.6760000001
2.75 12.875 783198.7959
3.25 12.875 561201.7076000001
3.75 12.875 341922.6043
4.25 12.875 207914.86329999988
4.75 12.875 86882.82939999996
5.25 12.875 39170.6914
5.75 12.875 7573.527999999997
6.25 12.875 178.80740000000006
6.75 12.875 0.0005
7.25 12.875 0.0
7.75 12.875 0.0
8.25 12.875 0.0
8.75 12.875 0.0
0.25 13.125 0.0
0.75 13.125 0.0
1.25 13.125 0.0
1.75 13.125 0.0
2.25 13.125 699130.0892
2.75 13.125 641962.2022999999
3.25 13.125 516856.7473
3.75 13.125 326862.741
4.25 13.125 164506.3412999999
4.75 13.125 99883.21710000002
5.25 13.125 52929.34180000007
5.75 13.125 7723.129899999999
6.25 13.125 190.51569999999995
6.75 13.125 0.0002
7.25 13.125 0.0
7.75 13.125 0.0
8.25 13.125 0.0
8.75 13.125 0.0
0.25 13.375 0.0
0.75 13.375 0.0
1.25 13.375 0.0
1.75 13.375 0.0
2.25 13.375 513768.9082000001
2.75 13.375 449825.0862000001
3.25 13.375 413160.3546999998
3.75 13.375 275517.9378
4.25 13.375 178978.96609999987
4.75 13.375 89615.02779999991
5.25 13.375 36065.18530000002
5.75 13.375 7498.818099999999
6.25 13.375 132.47849999999988
6.75 13.375 0.0006
7.25 13.375 0.0
7.75 13.375 0.0
8.25 13.375 0.0
8.75 13.375 0.0
0.25 13.625 0.0
0.75 13.625 0.0
1.25 13.625 0.0
1.75 13.625 0.0
2.25 13.625 552010.0054999999
2.75 13.625 494128.24450000003
3.25 13.625 335480.3314999999
3.75 13.625 249951.92179999987
4.25 13.625 167405.58390000003
4.75 13.625 96007.23210000001
5.25 13.625 25514.871099999986
5.75 13.625 5112.732399999998
6.25 13.625 139.30039999999994
6.75 13.625 0.0
7.25 13.625 0.0
7.75 13.625 0.0
8.25 13.625 0.0
8.75 13.625 0.0
0.25 13.875 0.0
0.75 13.875 0.0
1.25 13.875 0.0
1.75 13.875 0.0
2.25 13.875 652160.2933000007
2.75 13.875 433285.5267999999
3.25 13.875 392749.0331
3.75 13.875 247458.5000999999
4.25 13.875 191600.99149999997
4.75 13.875 75096.25599999996
5.25 13.875 25920.587299999974
5.75 13.875 4259.683199999996
6.25 13.875 56.93980000000001
6.75 13.875 0.0
7.25 13.875 0.0
7.75 13.875 0.0
8.25 13.875 0.0
8.75 13.875 0.0
0.25 14.125 0.0
0.75 14.125 0.0
1.25 14.125 0.0
1.75 14.125 0.0
2.25 14.125 598495.199
2.75 14.125 435021.47310000006
3.25 14.125 378476.6045000001
3.75 14.125 298908.6772999999
4.25 14.125 162001.21460000012
4.75 14.125 85715.28089999993
5.25 14.125 26635.320099999983
5.75 14.125 3200.629900000003
6.25 14.125 61.23919999999996
6.75 14.125 0.0
7.25 14.125 0.0
7.75 14.125 0.0
8.25 14.125 0.0
8.75 14.125 0.0
0.25 14.375 0.0
0.75 14.375 0.0
1.25 14.375 0.0
1.75 14.375 0.0
2.25 14.375 489478.6853999999
2.75 14.375 423312.76050000003
3.25 14.375 278290.38229999976
3.75 14.375 147137.60660000003
4.25 14.375 124764.42199999999
4.75 14.375 72290.91220000002
5.25 14.375 20260.86779999998
5.75 14.375 2641.536600000002
6.25 14.375 27.51370000000001
6.75 14.375 0.0
7.25 14.375 0.0
7.75 14.375 0.0
8.25 14.375 0.0
8.75 14.375 0.0
0.25 14.625 0.0
0.75 14.625 0.0
1.25 14.625 0.0
1.75 14.625 0.0
2.25 14.625 488416.04030000017
2.75 14.625 330335.2878999999
3.25 14.625 276630.3101000001
3.75 14.625 241645.47419999997
4.25 14.625 107936.30600000004
4.75 14.625 52368.260100000036
5.25 14.625 21633.705699999984
5.75 14.625 2391.0141000000012
6.25 14.625 40.535700000000006
6.75 14.625 0.0
7.25 14.625 0.0
7.75 14.625 0.0
8.25 14.625 0.0
8.75 14.625 0.0
0.25 14.875 0.0
0.75 14.875 0.0
1.25 14.875 0.0
1.75 14.875 0.0
2.25 14.875 388434.0352999998
2.75 14.875 306959.8164
3.25 14.875 279225.84059999994
3.75 14.875 235473.5638
4.25 14.875 121668.6536
4.75 14.875 59403.61050000006
5.25 14.875 16178.369299999998
5.75 14.875 1708.0613000000003
6.25 14.875 21.60850000000001
6.75 14.875 0.0
7.25 14.875 0.0
7.75 14.875 0.0
8.25 14.875 0.0
8.75 14.875 0.0
0.25 15.125 0.0
0.75 15.125 0.0
1.25 15.125 0.0
1.75 15.125 0.0
2.25 15.125 487063.33100000024
2.75 15.125 390894.1631999999
3.25 15.125 356303.7637
3.75 15.125 159635.58910000007
4.25 15.125 118938.77569999998
4.75 15.125 47267.346900000026
5.25 15.125 12897.748400000008
5.75 15.125 1559.0579000000002
6.25 15.125 13.047000000000006
6.75 15.125 0.0
7.25 15.125 0.0
7.75 15.125 0.0
8.25 15.125 0.0
8.75 15.125 0.0
0.25 15.375 0.0
0.75 15.375 0.0
1.25 15.375 0.0
1.75 15.375 0.0
2.25 15.375 286979.1806
2.75 15.375 300742.75459999987
3.25 15.375 237702.59449999992
3.75 15.375 181231.2940999999
4.25 15.375 84745.17239999995
4.75 15.375 42993.91230000005
5.25 15.375 14988.062099999994
5.75 15.375 2117.530800000001
6.25 15.375 9.837300000000004
6.75 15.375 0.0
7.25 15.375 0.0
7.75 15.375 0.0
8.25 15.375 0.0
8.75 15.375 0.0
0.25 15.625 0.0
0.75 15.625 0.0
1.25 15.625 0.0
1.75 15.625 0.0
2.25 15.625 330534.2683000001
2.75 15.625 264788.2175000001
3.25 15.625 215315.64979999993
3.75 15.625 147479.64640000006
4.25 15.625 100796.44009999992
4.75 15.625 44686.24130000003
5.25 15.625 12933.553100000003
5.75 15.625 1193.1954
6.25 15.625 9.196700000000005
6.75 15.625 0.0
7.25 15.625 0.0
7.75 15.625 0.0
8.25 15.625 0.0
8.75 15.625 0.0
0.25 15.875 0.0
0.75 15.875 0.0
1.25 15.875 0.0
1.75 15.875 0.0
2.25 15.875 341800.56889999984
2.75 15.875 292733.2993999999
3.25 15.875 243912.95969999992
3.75 15.875 167121.20190000013
4.25 15.875 89101.65519999998
4.75 15.875 43231.41940000002
5.25 15.875 10086.026500000004
5.75 15.875 1227.7645000000002
6.25 15.875 4.318600000000001
6.75 15.875 0.0
7.25 15.875 0.0
7.75 15.875 0.0
8.25 15.875 0.0
8.75 15.875 0.0
0.25 16.125 0.0
0.75 16.125 0.0
1.25 16.125 0.0
1.75 16.125 0.0
2.25 16.125 231976.18980000002
2.75 16.125 277737.00669999997
3.25 16.125 155477.99429999996
3.75 16.125 107261.42869999997
4.25 16.125 54410.03290000001
4.75 16.125 31929.462100000015
5.25 16.125 10612.5758
5.75 16.125 892.7207000000006
6.25 16.125 1.8791
6.75 16.125 0.0
7.25 16.125 0.0
7.75 16.125 0.0
8.25 16.125 0.0
8.75 16.125 0.0
0.25 16.375 0.0
0.75 16.375 0.0
1.25 16.375 0.0
1.75 16.375 0.0
2.25 16.375 177695.0478
2.75 16.375 231318.23299999995
3.25 16.375 141296.88940000001
3.75 16.375 122624.13229999995
4.25 16.375 62250.736600000004
4.75 16.375 21203.4096
5.25 16.375 9039.074400000001
5.75 16.375 640.5911
6.25 16.375 1.1738
6.75 16.375 0.0
7.25 16.375 0.0
7.75 16.375 0.0
8.25 16.375 0.0
8.75 16.375 0.0
0.25 16.625 0.0
0.75 16.625 0.0
1.25 16.625 0.0
1.75 16.625 0.0
2.25 16.625 238604.77630000006
2.75 16.625 187636.58749999997
3.25 16.625 194207.95979999998
3.75 16.625 123698.977
4.25 16.625 53615.63220000003
4.75 16.625 25274.0122
5.25 16.625 5495.805699999999
5.75 16.625 947.2245
6.25 16.625 2.3846999999999996
6.75 16.625 0.0
7.25 16.625 0.0
7.75 16.625 0.0
8.25 16.625 0.0
8.75 16.625 0.0
0.25 16.875 0.0
0.75 16.875 0.0
1.25 16.875 0.0
1.75 16.875 0.0
2.25 16.875 288055.3983000001
2.75 16.875 299402.54179999995
3.25 16.875 142956.83649999998
3.75 16.875 115582.95959999996
4.25 16.875 59239.53140000001
4.75 16.875 21944.667800000003
5.25 16.875 8323.327200000007
5.75 16.875 551.2107000000002
6.25 16.875 1.8544999999999998
6.75 16.875 0.0
7.25 16.875 0.0
7.75 16.875 0.0
8.25 16.875 0.0
8.75 16.875 0.0
0.25 17.125 0.0
0.75 17.125 0.0
1.25 17.125 0.0
1.75 17.125 0.0
2.25 17.125 290154.8989999999
2.75 17.125 234701.2300000002
3.25 17.125 138831.94070000012
3.75 17.125 134899.17639999997
4.25 17.125 61945.46460000002
4.75 17.125 31651.696
5.25 17.125 7215.012100000001
5.75 17.125 517.4891
6.25 17.125 0.4266000000000002
6.75 17.125 0.0
7.25 17.125 0.0
7.75 17.125 0.0
8.25 17.125 0.0
8.75 17.125 0.0
0.25 17.375 0.0
0.75 17.375 0.0
1.25 17.375 0.0
1.75 17.375 0.0
2.25 17.375 222635.9113
2.75 17.375 146658.92050000012
3.25 17.375 129963.70160000006
3.75 17.375 84726.55050000001
4.25 17.375 62284.61970000004
4.75 17.375 18727.380899999996
5.25 17.375 5292.284900000003
5.75 17.375 308.74789999999996
6.25 17.375 0.4266000000000001
6.75 17.375 0.0
7.25 17.375 0.0
7.75 17.375 0.0
8.25 17.375 0.0
8.75 17.375 0.0
0.25 17.625 0.0
0.75 17.625 0.0
1.25 17.625 0.0
1.75 17.625 0.0
2.25 17.625 178973.89990000002
2.75 17.625 163421.55950000003
3.25 17.625 102336.58980000002
3.75 17.625 63553.152499999975
4.25 17.625 37309.74069999999
4.75 17.625 12926.983600000009
5.25 17.625 4128.709500000003
5.75 17.625 334.5492999999998
6.25 17.625 0.7799999999999997
6.75 17.625 0.0
7.25 17.625 0.0
7.75 17.625 0.0
8.25 17.625 0.0
8.75 17.625 0.0
0.25 17.875 0.0
0.75 17.875 0.0
1.25 17.875 0.0
1.75 17.875 0.0
2.25 17.875 205794.9184000001
2.75 17.875 186466.35300000015
3.25 17.875 113080.77880000007
3.75 17.875 87355.46329999999
4.25 17.875 50611.979100000026
4.75 17.875 17396.00569999999
5.25 17.875 5467.268900000004
5.75 17.875 352.4774999999999
6.25 17.875 0.12589999999999993
6.75 17.875 0.0
7.25 17.875 0.0
7.75 17.875 0.0
8.25 17.875 0.0
8.75 17.875 0.0
0.25 18.125 0.0
0.75 18.125 0.0
1.25 18.125 0.0
1.75 18.125 0.0
2.25 18.125 137402.64039999997
2.75 18.125 144154.6134000001
3.25 18.125 114018.88960000004
3.75 18.125 84647.91109999997
4.25 18.125 45539.63360000001
4.75 18.125 17034.366700000006
5.25 18.125 4346.909500000001
5.75 18.125 281.9745999999997
6.25 18.125 0.12949999999999998
6.75 18.125 0.0
7.25 18.125 0.0
7.75 18.125 0.0
8.25 18.125 0.0
8.75 18.125 0.0
0.25 18.375 0.0
0.75 18.375 0.0
1.25 18.375 0.0
1.75 18.375 0.0
2.25 18.375 186306.52780000013
2.75 18.375 143845.81420000002
3.25 18.375 116535.11110000007
3.75 18.375 69818.66630000003
4.25 18.375 46658.072199999995
4.75 18.375 17636.3265
5.25 18.375 4680.034000000005
5.75 18.375 301.69319999999965
6.25 18.375 0.17339999999999978
6.75 18.375 0.0
7.25 18.375 0.0
7.75 18.375 0.0
8.25 18.375 0.0
8.75 18.375 0.0
0.25 18.625 0.0
0.75 18.625 0.0
1.25 18.625 0.0
1.75 18.625 0.0
2.25 18.625 148445.28439999997
2.75 18.625 126397.32320000007
3.25 18.625 87616.04889999997
3.75 18.625 63842.90339999997
4.25 18.625 45553.01769999998
4.75 18.625 12041.328800000001
5.25 18.625 3261.7420000000016
5.75 18.625 201.63900000000007
6.25 18.625 0.0807
6.75 18.625 0.0
7.25 18.625 0.0
7.75 18.625 0.0
8.25 18.625 0.0
8.75 18.625 0.0
0.25 18.875 0.0
0.75 18.875 0.0
1.25 18.875 0.0
1.75 18.875 0.0
2.25 18.875 103312.24949999999
2.75 18.875 97618.32090000002
3.25 18.875 84867.13440000002
3.75 18.875 52663.20439999999
4.25 18.875 33990.79709999999
4.75 18.875 16109.5991
5.25 18.875 2672.5752000000025
5.75 18.875 118.39059999999999
6.25 18.875 0.015300000000000001
6.75 18.875 0.0
7.25 18.875 0.0
7.75 18.875 0.0
8.25 18.875 0.0
8.75 18.875 0.0
0.25 19.125 0.0
0.75 19.125 0.0
1.25 19.125 0.0
1.75 19.125 0.0
2.25 19.125 129850.28600000004
2.75 19.125 97360.29930000006
3.25 19.125 98962.60239999999
3.75 19.125 54035.907499999994
4.25 19.125 22818.679399999997
4.75 19.125 8783.040299999997
5.25 19.125 1821.3026000000007
5.75 19.125 158.50950000000003
6.25 19.125 0.04090000000000001
6.75 19.125 0.0
7.25 19.125 0.0
7.75 19.125 0.0
8.25 19.125 0.0
8.75 19.125 0.0
0.25 19.375 0.0
0.75 19.375 0.0
1.25 19.375 0.0
1.75 19.375 0.0
2.25 19.375 143513.66919999997
2.75 19.375 130550.08190000014
3.25 19.375 84468.24239999994
3.75 19.375 53784.70310000002
4.25 19.375 24252.410500000005
4.75 19.375 9387.690499999999
5.25 19.375 2196.0988000000016
5.75 19.375 155.4743
6.25 19.375 0.019199999999999995
6.75 19.375 0.0
7.25 19.375 0.0
7.75 19.375 0.0
8.25 19.375 0.0
8.75 19.375 0.0
0.25 19.625 0.0
0.75 19.625 0.0
1.25 19.625 0.0
1.75 19.625 0.0
2.25 19.625 132163.77260000005
2.75 19.625 74911.18770000001
3.25 19.625 86719.70329999994
3.75 19.625 34750.37320000001
4.25 19.625 28222.963700000015
4.75 19.625 10123.319200000005
5.25 19.625 2197.105800000002
5.75 19.625 90.9291
6.25 19.625 0.0035000000000000005
6.75 19.625 0.0
7.25 19.625 0.0
7.75 19.625 0.0
8.25 19.625 0.0
8.75 19.625 0.0
0.25 19.875 0.0
0.75 19.875 0.0
1.25 19.875 0.0
1.75 19.875 0.0
2.25 19.875 93903.42590000003
2.75 19.875 82026.30130000004
3.25 19.875 75852.41129999998
3.75 19.875 55956.92210000002
4.25 19.875 21881.914699999998
4.75 19.875 8700.8536
5.25 19.875 2308.6397000000006
5.75 19.875 65.81559999999999
6.25 19.875 0.003500000000000001
6.75 19.875 0.0
7.25 19.875 0.0
7.75 19.875 0.0
8.25 19.875 0.0
8.75 19.875 0.0
0.25 20.125 0.0
0.75 20.125 0.0
1.25 20.125 0.0
1.75 20.125 0.0
2.25 20.125 165767.69990000007
2.75 20.125 114374.47840000012
3.25 20.125 75761.31789999998
3.75 20.125 49223.436100000006
4.25 20.125 26731.93250000001
4.75 20.125 8212.207599999998
5.25 20.125 2150.7087000000015
5.75 20.125 94.11260000000007
6.25 20.125 0.0059
6.75 20.125 0.0
7.25 20.125 0.0
7.75 20.125 0.0
8.25 20.125 0.0
8.75 20.125 0.0
0.25 20.375 0.0
0.75 20.375 0.0
1.25 20.375 0.0
1.75 20.375 0.0
2.25 20.375 83948.97050000004
2.75 20.375 86311.58169999998
3.25 20.375 65341.991599999994
3.75 20.375 26589.158599999995
4.25 20.375 16924.835499999994
4.75 20.375 6977.126900000001
5.25 20.375 1143.379899999999
5.75 20.375 55.26809999999998
6.25 20.375 0.0003
6.75 20.375 0.0
7.25 20.375 0.0
7.75 20.375 0.0
8.25 20.375 0.0
8.75 20.375 0.0
0.25 20.625 0.0
0.75 20.625 0.0
1.25 20.625 0.0
1.75 20.625 0.0
2.25 20.625 79620.23350000002
2.75 20.625 66014.28779999999
3.25 20.625 54154.94540000002
3.75 20.625 33865.70960000002
4.25 20.625 21337.563099999996
4.75 20.625 5881.7568
5.25 20.625 1216.5202
5.75 20.625 53.11339999999999
6.25 20.625 0.0001
6.75 20.625 0.0
7.25 20.625 0.0
7.75 20.625 0.0
8.25 20.625 0.0
8.75 20.625 0.0
0.25 20.875 0.0
0.75 20.875 0.0
1.25 20.875 0.0
1.75 20.875 0.0
2.25 20.875 99625.79839999997
2.75 20.875 71870.36639999998
3.25 20.875 51497.993
3.75 20.875 27292.83189999999
4.25 20.875 17372.89599999999
4.75 20.875 6349.185100000002
5.25 20.875 1267.0323999999994
5.75 20.875 23.172399999999985
6.25 20.875 0.0001
6.75 20.875 0.0
7.25 20.875 0.0
7.75 20.875 0.0
8.25 20.875 0.0
8.75 20.875 0.0
0.25 21.125 0.0
0.75 21.125 0.0
1.25 21.125 0.0
1.75 21.125 0.0
2.25 21.125 79908.9907
2.75 21.125 72063.093
3.25 21.125 41684.05590000003
3.75 21.125 30870.935599999993
4.25 21.125 14425.611100000007
4.75 21.125 6481.282300000002
5.25 21.125 1125.5844
5.75 21.125 38.69200000000002
6.25 21.125 0.0002
6.75 21.125 0.0
7.25 21.125 0.0
7.75 21.125 0.0
8.25 21.125 0.0
8.75 21.125 0.0
0.25 21.375 0.0
0.75 21.375 0.0
1.25 21.375 0.0
1.75 21.375 0.0
2.25 21.375 64365.3416
2.75 21.375 57593.355199999976
3.25 21.375 35019.73610000002
3.75 21.375 28493.458999999995
4.25 21.375 8048.4201
4.75 21.375 5702.3687
5.25 21.375 850.9426
5.75 21.375 43.114799999999974
6.25 21.375 0.0002
6.75 21.375 0.0
7.25 21.375 0.0
7.75 21.375 0.0
8.25 21.375 0.0
8.75 21.375 0.0
0.25 21.625 0.0
0.75 21.625 0.0
1.25 21.625 0.0
1.75 21.625 0.0
2.25 21.625 72478.04379999998
2.75 21.625 79021.84399999997
3.25 21.625 48345.94360000001
3.75 21.625 23385.726999999988
4.25 21.625 10178.569799999994
4.75 21.625 4514.7528
5.25 21.625 1023.1735
5.75 21.625 19.02069999999999
6.25 21.625 0.0001
6.75 21.625 0.0
7.25 21.625 0.0
7.75 21.625 0.0
8.25 21.625 0.0
8.75 21.625 0.0
0.25 21.875 0.0
0.75 21.875 0.0
1.25 21.875 0.0
1.75 21.875 0.0
2.25 21.875 70877.575
2.75 21.875 55647.31879999997
3.25 21.875 44434.046200000026
3.75 21.875 24488.267600000003
4.25 21.875 13103.233099999998
4.75 21.875 5430.7533
5.25 21.875 720.6049000000004
5.75 21.875 20.52439999999999
6.25 21.875 0.0
6.75 21.875 0.0
7.25 21.875 0.0
7.75 21.875 0.0
8.25 21.875 0.0
8.75 21.875 0.0
0.25 22.125 0.0
0.75 22.125 0.0
1.25 22.125 0.0
1.75 22.125 0.0
2.25 22.125 56974.64049999999
2.75 22.125 41101.95689999998
3.25 22.125 33698.105700000015
3.75 22.125 18344.460500000005
4.25 22.125 9137.483100000001
4.75 22.125 5668.244300000005
5.25 22.125 495.36010000000005
5.75 22.125 12.626000000000001
6.25 22.125 0.0
6.75 22.125 0.0
7.25 22.125 0.0
7.75 22.125 0.0
8.25 22.125 0.0
8.75 22.125 0.0
0.25 22.375 0.0
0.75 22.375 0.0
1.25 22.375 0.0
1.75 22.375 0.0
2.25 22.375 49950.45569999998
2.75 22.375 48099.253599999975
3.25 22.375 42153.158300000025
3.75 22.375 25154.2925
4.25 22.375 9204.467599999996
4.75 22.375 3155.3784000000014
5.25 22.375 895.0157
5.75 22.375 13.734600000000004
6.25 22.375 0.0
6.75 22.375 0.0
7.25 22.375 0.0
7.75 22.375 0.0
8.25 22.375 0.0
8.75 22.375 0.0
0.25 22.625 0.0
0.75 22.625 0.0
1.25 22.625 0.0
1.75 22.625 0.0
2.25 22.625 40197.46159999999
2.75 22.625 33073.313500000004
3.25 22.625 38548.810600000026
3.75 22.625 16430.7301
4.25 22.625 11157.815800000002
4.75 22.625 3920.911499999999
5.25 22.625 687.3104000000004
5.75 22.625 13.6282
6.25 22.625 0.0
6.75 22.625 0.0
7.25 22.625 0.0
7.75 22.625 0.0
8.25 22.625 0.0
8.75 22.625 0.0
0.25 22.875 0.0
0.75 22.875 0.0
1.25 22.875 0.0
1.75 22.875 0.0
2.25 22.875 58791.80809999998
2.75 22.875 40872.70559999998
3.25 22.875 25530.1683
3.75 22.875 17056.512500000004
4.25 22.875 9665.497000000001
4.75 22.875 3670.3391999999994
5.25 22.875 475.6834999999999
5.75 22.875 12.552100000000001
6.25 22.875 0.0
6.75 22.875 0.0
7.25 22.875 0.0
7.75 22.875 0.0
8.25 22.875 0.0
8.75 22.875 0.0
0.25 23.125 0.0
0.75 23.125 0.0
1.25 23.125 0.0
1.75 23.125 0.0
2.25 23.125 45257.46119999999
2.75 23.125 29779.340799999998
3.25 23.125 23228.52830000001
3.75 23.125 20906.043000000005
4.25 23.125 7679.921299999997
4.75 23.125 3655.6991999999996
5.25 23.125 630.8371000000002
5.75 23.125 9.583100000000005
6.25 23.125 0.0
6.75 23.125 0.0
7.25 23.125 0.0
7.75 23.125 0.0
8.25 23.125 0.0
8.75 23.125 0.0
0.25 23.375 0.0
0.75 23.375 0.0
1.25 23.375 0.0
1.75 23.375 0.0
2.25 23.375 46259.5148
2.75 23.375 30310.282100000008
3.25 23.375 25946.25450000001
3.75 23.375 8972.810199999998
4.25 23.375 7816.8053
4.75 23.375 3017.9348999999997
5.25 23.375 486.6614999999999
5.75 23.375 3.4598
6.25 23.375 0.0
6.75 23.375 0.0
7.25 23.375 0.0
7.75 23.375 0.0
8.25 23.375 0.0
8.75 23.375 0.0
0.25 23.625 0.0
0.75 23.625 0.0
1.25 23.625 0.0
1.75 23.625 0.0
2.25 23.625 38295.71370000001
2.75 23.625 24128.646900000007
3.25 23.625 17527.14959999999
3.75 23.625 15850.293700000004
4.25 23.625 6528.943899999998
4.75 23.625 1165.3475999999998
5.25 23.625 433.9847999999998
5.75 23.625 6.355900000000002
6.25 23.625 0.0
6.75 23.625 0.0
7.25 23.625 0.0
7.75 23.625 0.0
8.25 23.625 0.0
8.75 23.625 0.0
0.25 23.875 0.0
0.75 23.875 0.0
1.25 23.875 0.0
1.75 23.875 0.0
2.25 23.875 29569.52230000001
2.75 23.875 19081.439700000006
3.25 23.875 16526.1638
3.75 23.875 11437.672400000003
4.25 23.875 6621.537499999999
4.75 23.875 1086.5833
5.25 23.875 357.0627999999998
5.75 23.875 6.457
6.25 23.875 0.0
6.75 23.875 0.0
7.25 23.875 0.0
7.75 23.875 0.0
8.25 23.875 0.0
8.75 23.875 0.0
0.25 24.125 0.0
0.75 24.125 0.0
1.25 24.125 0.0
1.75 24.125 0.0
2.25 24.125 30902.26880000001
2.75 24.125 30453.83880000001
3.25 24.125 16961.416799999995
3.75 24.125 10813.163999999999
4.25 24.125 6058.631099999999
4.75 24.125 2266.1724999999997
5.25 24.125 228.46999999999994
5.75 24.125 4.549899999999999
6.25 24.125 0.0
6.75 24.125 0.0
7.25 24.125 0.0
7.75 24.125 0.0
8.25 24.125 0.0
8.75 24.125 0.0
0.25 24.375 0.0
0.75 24.375 0.0
1.25 24.375 0.0
1.75 24.375 0.0
2.25 24.375 24121.603300000002
2.75 24.375 24563.975100000007
3.25 24.375 17668.203299999997
3.75 24.375 4684.213600000001
4.25 24.375 3983.0512
4.75 24.375 2104.8239999999996
5.25 24.375 201.0311
5.75 24.375 2.5521000000000007
6.25 24.375 0.0
6.75 24.375 0.0
7.25 24.375 0.0
7.75 24.375 0.0
8.25 24.375 0.0
8.75 24.375 0.0
0.25 24.625 0.0
0.75 24.625 0.0
1.25 24.625 0.0
1.75 24.625 0.0
2.25 24.625 29031.746300000006
2.75 24.625 15558.8664
3.25 24.625 12465.186199999998
3.75 24.625 10265.785199999998
4.25 24.625 3457.551
4.75 24.625 1463.8197999999998
5.25 24.625 216.4999
5.75 24.625 2.993
6.25 24.625 0.0
6.75 24.625 0.0
7.25 24.625 0.0
7.75 24.625 0.0
8.25 24.625 0.0
8.75 24.625 0.0
0.25 24.875 0.0
0.75 24.875 0.0
1.25 24.875 0.0
1.75 24.875 0.0
2.25 24.875 18262.391100000004
2.75 24.875 17745.631400000002
3.25 24.875 17307.2591
3.75 24.875 4203.7317
4.25 24.875 3589.843299999999
4.75 24.875 1309.6839000000004
5.25 24.875 121.97070000000002
5.75 24.875 3.1794
6.25 24.875 0.0
6.75 24.875 0.0
7.25 24.875 0.0
7.75 24.875 0.0
8.25 24.875 0.0
8.75 24.875 0.0
0.25 25.125 0.0
0.75 25.125 0.0
1.25 25.125 0.0
1.75 25.125 0.0
2.25 25.125 26152.365599999994
2.75 25.125 19932.611700000005
3.25 25.125 9747.6815
3.75 25.125 9946.640000000003
4.25 25.125 2250.1076000000007
4.75 25.125 1191.0204
5.25 25.125 112.23390000000002
5.75 25.125 1.5563
6.25 25.125 0.0
6.75 25.125 0.0
7.25 25.125 0.0
7.75 25.125 0.0
8.25 25.125 0.0
8.75 25.125 0.0
0.25 25.375 0.0
0.75 25.375 0.0
1.25 25.375 0.0
1.75 25.375 0.0
2.25 25.375 12497.4827
2.75 25.375 9302.805199999999
3.25 25.375 8617.070899999999
3.75 25.375 6003.469999999998
4.25 25.375 3783.021399999999
4.75 25.375 1381.6465000000003
5.25 25.375 180.73930000000007
5.75 25.375 0.7296999999999999
6.25 25.375 0.0
6.75 25.375 0.0
7.25 25.375 0.0
7.75 25.375 0.0
8.25 25.375 0.0
8.75 25.375 0.0
0.25 25.625 0.0
0.75 25.625 0.0
1.25 25.625 0.0
1.75 25.625 0.0
2.25 25.625 11932.004400000002
2.75 25.625 15154.982499999998
3.25 25.625 9023.9383
3.75 25.625 7478.9261
4.25 25.625 4075.755799999999
4.75 25.625 886.1042000000001
5.25 25.625 73.4231
5.75 25.625 0.7968
6.25 25.625 0.0
6.75 25.625 0.0
7.25 25.625 0.0
7.75 25.625 0.0
8.25 25.625 0.0
8.75 25.625 0.0
0.25 25.875 0.0
0.75 25.875 0.0
1.25 25.875 0.0
1.75 25.875 0.0
2.25 25.875 9683.571600000001
2.75 25.875 15070.464999999998
3.25 25.875 6482.188
3.75 25.875 2106.0825999999997
4.25 25.875 2612.4761000000003
4.75 25.875 785.9460000000001
5.25 25.875 76.69330000000001
5.75 25.875 0.5910000000000002
6.25 25.875 0.0
6.75 25.875 0.0
7.25 25.875 0.0
7.75 25.875 0.0
8.25 25.875 0.0
8.75 25.875 0.0
0.25 26.125 0.0
0.75 26.125 0.0
1.25 26.125 0.0
1.75 26.125 0.0
2.25 26.125 10767.543000000001
2.75 26.125 10819.2102
3.25 26.125 4502.720499999999
3.75 26.125 3356.2625000000003
4.25 26.125 1801.4418
4.75 26.125 662.6545
5.25 26.125 81.98890000000003
5.75 26.125 1.0431
6.25 26.125 0.0
6.75 26.125 0.0
7.25 26.125 0.0
7.75 26.125 0.0
8.25 26.125 0.0
8.75 26.125 0.0
0.25 26.375 0.0
0.75 26.375 0.0
1.25 26.375 0.0
1.75 26.375 0.0
2.25 26.375 7070.312099999999
2.75 26.375 4924.0616
3.25 26.375 5836.730799999999
3.75 26.375 2093.0633
4.25 26.375 1050.8826000000001
4.75 26.375 638.9748
5.25 26.375 85.73850000000002
5.75 26.375 0.5546
6.25 26.375 0.0
6.75 26.375 0.0
7.25 26.375 0.0
7.75 26.375 0.0
8.25 26.375 0.0
8.75 26.375 0.0
0.25 26.625 0.0
0.75 26.625 0.0
1.25 26.625 0.0
1.75 26.625 0.0
2.25 26.625 10052.7742
2.75 26.625 4911.548599999999
3.25 26.625 2874.1536000000006
3.75 26.625 6840.791900000001
4.25 26.625 758.7793
4.75 26.625 475.8023
5.25 26.625 40.6969
5.75 26.625 0.36049999999999993
6.25 26.625 0.0
6.75 26.625 0.0
7.25 26.625 0.0
7.75 26.625 0.0
8.25 26.625 0.0
8.75 26.625 0.0
0.25 26.875 0.0
0.75 26.875 0.0
1.25 26.875 0.0
1.75 26.875 0.0
2.25 26.875 9369.153999999997
2.75 26.875 9110.1193
3.25 26.875 2943.3582
3.75 26.875 2390.6459
4.25 26.875 642.9321
4.75 26.875 425.10439999999994
5.25 26.875 46.3789
5.75 26.875 0.15849999999999997
6.25 26.875 0.0
6.75 26.875 0.0
7.25 26.875 0.0
7.75 26.875 0.0
8.25 26.875 0.0
8.75 26.875 0.0
0.25 27.125 0.0
0.75 27.125 0.0
1.25 27.125 0.0
1.75 27.125 0.0
2.25 27.125 8641.8515
2.75 27.125 2482.3067
3.25 27.125 2365.609
3.75 27.125 3375.0323000000008
4.25 27.125 618.3565
4.75 27.125 249.07739999999998
5.25 27.125 42.9952
5.75 27.125 0.32720000000000005
6.25 27.125 0.0
6.75 27.125 0.0
7.25 27.125 0.0
7.75 27.125 0.0
8.25 27.125 0.0
8.75 27.125 0.0
0.25 27.375 0.0
0.75 27.375 0.0
1.25 27.375 0.0
1.75 27.375 0.0
2.25 27.375 3599.1565
2.75 27.375 3660.7196
3.25 27.375 2341.2883
3.75 27.375 741.6324
4.25 27.375 332.1684
4.75 27.375 168.0035
5.25 27.375 32.7795
5.75 27.375 0.1517
6.25 27.375 0.0
6.75 27.375 0.0
7.25 27.375 0.0
7.75 27.375 0.0
8.25 27.375 0.0
8.75 27.375 0.0
0.25 27.625 0.0
0.75 27.625 0.0
1.25 27.625 0.0
1.75 27.625 0.0
2.25 27.625 3711.7865999999995
2.75 27.625 1503.5829999999999
3.25 27.625 0.0
3.75 27.625 1518.4127
4.25 27.625 850.6807
4.75 27.625 155.0662
5.25 27.625 33.4084
5.75 27.625 0.09889999999999999
6.25 27.625 0.0
6.75 27.625 0.0
7.25 27.625 0.0
7.75 27.625 0.0
8.25 27.625 0.0
8.75 27.625 0.0
0.25 27.875 0.0
0.75 27.875 0.0
1.25 27.875 0.0
1.75 27.875 0.0
2.25 27.875 4502.5459
2.75 27.875 3522.0234
3.25 27.875 1578.2909
3.75 27.875 935.9206
4.25 27.875 153.1028
4.75 27.875 160.75969999999998
5.25 27.875 18.7397
5.75 27.875 0.09949999999999999
6.25 27.875 0.0
6.75 27.875 0.0
7.25 27.875 0.0
7.75 27.875 0.0
8.25 27.875 0.0
8.75 27.875 0.0
0.25 28.125 0.0
0.75 28.125 0.0
1.25 28.125 0.0
1.75 28.125 0.0
2.25 28.125 918.0618000000001
2.75 28.125 0.0
3.25 28.125 516.0198
3.75 28.125 579.8238
4.25 28.125 153.1028
4.75 28.125 0.0
5.25 28.125 6.3305
5.75 28.125 0.0
6.25 28.125 0.0
6.75 28.125 0.0
7.25 28.125 0.0
7.75 28.125 0.0
8.25 28.125 0.0
8.75 28.125 0.0
0.25 28.375 0.0
0.75 28.375 0.0
1.25 28.375 0.0
1.75 28.375 0.0
2.25 28.375 1811.2986
2.75 28.375 2204.9933
3.25 28.375 0.0
3.75 28.375 307.1252
4.25 28.375 153.1028
4.75 28.375 0.0
5.25 28.375 7.1504
5.75 28.375 0.0
6.25 28.375 0.0
6.75 28.375 0.0
7.25 28.375 0.0
7.75 28.375 0.0
8.25 28.375 0.0
8.75 28.375 0.0
0.25 28.625 0.0
0.75 28.625 0.0
1.25 28.625 0.0
1.75 28.625 0.0
2.25 28.625 905.6493
2.75 28.625 636.9798000000001
3.25 28.625 967.6596
3.75 28.625 0.0
4.25 28.625 0.0
4.75 28.625 214.68479999999997
5.25 28.625 0.0
5.75 28.625 0.0
6.25 28.625 0.0
6.75 28.625 0.0
7.25 28.625 0.0
7.75 28.625 0.0
8.25 28.625 0.0
8.75 28.625 0.0
0.25 28.875 0.0
0.75 28.875 0.0
1.25 28.875 0.0
1.75 28.875 0.0
2.25 28.875 0.0
2.75 28.875 0.0
3.25 28.875 516.0198
3.75 28.875 0.0
4.25 28.875 0.0
4.75 28.875 0.0
5.25 28.875 5.4201
5.75 28.875 0.0
6.25 28.875 0.0
6.75 28.875 0.0
7.25 28.875 0.0
7.75 28.875 0.0
8.25 28.875 0.0
8.75 28.875 0.0
0.25 29.125 0.0
0.75 29.125 0.0
1.25 29.125 0.0
1.75 29.125 0.0
2.25 29.125 869.7961
2.75 29.125 0.0
3.25 29.125 0.0
3.75 29.125 0.0
4.25 29.125 0.0
4.75 29.125 0.0
5.25 29.125 5.8877
5.75 29.125 0.0
6.25 29.125 0.0
6.75 29.125 0.0
7.25 29.125 0.0
7.75 29.125 0.0
8.25 29.125 0.0
8.75 29.125 0.0
0.25 29.375 0.0
0.75 29.375 0.0
1.25 29.375 0.0
1.75 29.375 0.0
2.25 29.375 0.0
2.75 29.375 0.0
3.25 29.375 0.0
3.75 29.375 0.0
4.25 29.375 0.0
4.75 29.375 0.0
5.25 29.375 0.0
5.75 29.375 0.0
6.25 29.375 0.0
6.75 29.375 0.0
7.25 29.375 0.0
7.75 29.375 0.0
8.25 29.375 0.0
8.75 29.375 0.0
0.25 29.625 0.0
0.75 29.625 0.0
1.25 29.625 0.0
1.75 29.625 0.0
2.25 29.625 0.0
2.75 29.625 0.0
3.25 29.625 0.0
3.75 29.625 0.0
4.25 29.625 0.0
4.75 29.625 0.0
5.25 29.625 0.0
5.75 29.625 0.0
6.25 29.625 0.0
6.75 29.625 0.0
7.25 29.625 0.0
7.75 29.625 0.0
8.25 29.625 0.0
8.75 29.625 0.0
0.25 29.875 0.0
0.75 29.875 0.0
1.25 29.875 0.0
1.75 29.875 0.0
2.25 29.875 0.0
2.75 29.875 0.0
3.25 29.875 0.0
3.75 29.875 0.0
4.25 29.875 0.0
4.75 29.875 0.0
5.25 29.875 0.0
5.75 29.875 0.0
6.25 29.875 0.0
6.75 29.875 0.0
7.25 29.875 0.0
7.75 29.875 0.0
8.25 29.875 0.0
8.75 29.875 0.0
