11.294627058970837 20.786944186668652
14.219093021276404 173.21930368118836
17.900777537149963 296.44031970614185
22.535743732392298 656.7164251294805
28.370820458389794 2282.0018580491533
35.71674682851676 5522.949940055328
44.96472020903849 5341.350297341285
56.60722890537329 4693.251243461185
71.26427896022373 6707.882958165363
89.71641173621407 7930.456462930761
112.94627058970838 10479.090047855294
142.1909302127641 10311.59831402357
179.00777537149963 14412.57008723815
225.35743732392305 13053.270295055408
283.7082045838981 9767.575807801579
357.1674682851676 8847.405174070984
449.6472020903849 7519.058440357228
566.0722890537327 6710.455329033226
712.6427896022376 5199.290384914377
897.164117362141 3966.3941260526626
1129.4627058970837 3126.923635709638
1421.9093021276408 1992.3790270604077
1790.0777537149975 1220.795248826078
2253.5743732392316 431.7673474793992
2837.082045838981 155.88088870125648
3571.674682851676 31.542280743306037
4496.47202090385 7.561660506748012
5660.72289053733 1.0832269530219492
7126.427896022379 0.08889864834782202
8971.64117362141 0.0006303331174422055
