11.294627058970837 0.0
14.219093021276404 18.694605546643842
17.900777537149963 372.5070918313627
22.535743732392298 3274.79756638755
28.370820458389794 9482.530514117034
35.71674682851676 7866.0423160178925
44.96472020903849 9383.572355448487
56.60722890537329 38991.38846162641
71.26427896022373 35489.21622601051
89.71641173621407 59926.86518649728
112.94627058970838 59429.23551644539
142.1909302127641 77276.15407345677
179.00777537149963 108823.08072388032
225.35743732392305 112556.39872425882
283.7082045838981 128930.44004508347
357.1674682851676 119451.83071301866
449.6472020903849 129842.66806819849
566.0722890537327 120356.11958009982
712.6427896022376 99648.86384989053
897.164117362141 75829.38674756791
1129.4627058970837 54693.23143135803
1421.9093021276408 31573.5088624754
1790.0777537149975 15729.6555089748
2253.5743732392316 6670.9206265348475
2837.082045838981 1688.763162542833
3571.674682851676 401.3773361071944
4496.47202090385 47.51348774204962
5660.72289053733 3.754146106308326
7126.427896022379 0.12330107158049941
8971.64117362141 0.0024928334169089794
