11.294627058970837 0.0
14.219093021276404 37.62447407725729
17.900777537149963 1086.082494138873
22.535743732392298 5291.160312204894
28.370820458389794 6226.177069021203
35.71674682851676 9850.652255408428
44.96472020903849 19964.608432687975
56.60722890537329 17030.64460416112
71.26427896022373 27876.093428565066
89.71641173621407 48298.8751924057
112.94627058970838 72148.24304481747
142.1909302127641 76368.06777758925
179.00777537149963 103437.09374623623
225.35743732392305 112813.60670847172
283.7082045838981 137523.55267561966
357.1674682851676 118616.15541584254
449.6472020903849 128965.50517250621
566.0722890537327 121767.99670775002
712.6427896022376 91242.38390170538
897.164117362141 75849.10894868476
1129.4627058970837 46118.48035683576
1421.9093021276408 31450.22640612675
1790.0777537149975 14774.705539749935
2253.5743732392316 5631.208445003722
2837.082045838981 1656.6313030240126
3571.674682851676 274.54243690054864
4496.47202090385 49.70028152898885
5660.72289053733 4.355351550504565
7126.427896022379 0.21165621443651617
8971.64117362141 2.0155683159828186e-05
