11.294627058970837 1152.476095775528
14.219093021276404 12.996081014596939
17.900777537149963 19.679813089748905
22.535743732392298 8115.132702584282
28.370820458389794 5710.063974963839
35.71674682851676 6350.081266385914
44.96472020903849 30003.47016566097
56.60722890537329 22951.79730999614
71.26427896022373 35214.43827551699
89.71641173621407 45240.06320395494
112.94627058970838 64544.28458892999
142.1909302127641 92873.4033779667
179.00777537149963 100915.4979321303
225.35743732392305 111966.1851270991
283.7082045838981 122722.79572449299
357.1674682851676 117356.02101404569
449.6472020903849 120588.98982895643
566.0722890537327 118332.04702190845
712.6427896022376 96308.3959898568
897.164117362141 73548.93538074568
1129.4627058970837 50169.11564737791
1421.9093021276408 31830.365553460084
1790.0777537149975 13526.936035677325
2253.5743732392316 5603.213110105367
2837.082045838981 1791.938614599174
3571.674682851676 395.49947437737137
4496.47202090385 52.86818467406556
5660.72289053733 4.577636188827455
7126.427896022379 0.2793373274616897
8971.64117362141 0.009396906243637204
