0.25 0.125 35277922.3593
0.75 0.125 34965728.3561
1.25 0.125 38712056.3943
1.75 0.125 29970624.3052
2.25 0.125 34653534.3529
2.75 0.125 24975520.2544
3.25 0.125 34653534.3529
3.75 0.125 30595012.3116
4.25 0.125 24663326.2512
4.75 0.125 20292610.2067
5.25 0.125 19668222.2003
5.75 0.125 18731640.1908
6.25 0.125 7180462.07313
6.75 0.125 9053626.09221
7.25 0.125 4370716.04451
7.75 0.125 1873164.01908
8.25 0.125 0.0
8.75 0.125 0.0
0.25 0.375 95219170.9698
0.75 0.375 95843558.9761
1.25 0.375 82419216.8394
1.75 0.375 93970394.9571
2.25 0.375 92721618.9443
2.75 0.375 94906976.9666
3.25 0.375 85853350.8744
3.75 0.375 81482634.8299
4.25 0.375 66185128.6741
4.75 0.375 58380278.5946
5.25 0.375 49951040.5087
5.75 0.375 42458384.4324
6.25 0.375 33716952.3434
6.75 0.375 17170670.1749
7.25 0.375 11551178.1176
7.75 0.375 3121940.0318
8.25 0.375 1873164.01908
8.75 0.375 0.0
0.25 0.625 123628825.259
0.75 0.625 120194691.224
1.25 0.625 138614137.412
1.75 0.625 126126377.285
2.25 0.625 120194691.224
2.75 0.625 116448363.186
3.25 0.625 106770349.087
3.75 0.625 102087439.04
4.25 0.625 87726514.8935
4.75 0.625 85853350.8744
5.25 0.625 71492426.7281
5.75 0.625 55882726.5691
6.25 0.625 42458384.4324
6.75 0.625 26224296.2671
7.25 0.625 11551178.1176
7.75 0.625 2809746.02862
8.25 0.625 0.0
8.75 0.625 0.0
0.25 0.875 135804391.383
0.75 0.875 148916539.517
1.25 0.875 148604345.513
1.75 0.875 137677555.402
2.25 0.875 140175107.428
2.75 0.875 130809287.332
3.25 0.875 116136169.183
3.75 0.875 119882497.221
4.25 0.875 98028916.9984
4.75 0.875 91160648.9284
5.25 0.875 77736306.7917
5.75 0.875 62750994.6391
6.25 0.875 37151086.3784
6.75 0.875 19356028.1971
7.25 0.875 8741432.08903
7.75 0.875 3746328.03816
8.25 0.875 936582.009539
8.75 0.875 0.0
0.25 1.125 160779911.637
0.75 1.125 154536031.574
1.25 1.125 144858017.475
1.75 1.125 138301943.409
2.25 1.125 141423883.44
2.75 1.125 127375153.297
3.25 1.125 129248317.316
3.75 1.125 110204483.122
4.25 1.125 100838663.027
4.75 1.125 83667992.8521
5.25 1.125 63063188.6423
5.75 1.125 56819308.5787
6.25 1.125 33716952.3434
6.75 1.125 21853580.2226
7.25 1.125 6868268.06995
7.75 1.125 2497552.02544
8.25 1.125 624388.006359
8.75 1.125 0.0
0.25 1.375 153287255.561
0.75 1.375 142360465.45
1.25 1.375 142984853.456
1.75 1.375 133306839.358
2.25 1.375 137365361.399
2.75 1.375 131433675.339
3.25 1.375 119882497.221
3.75 1.375 111765453.138
4.25 1.375 91160648.9284
4.75 1.375 80546052.8203
5.25 1.375 53697368.5469
5.75 1.375 47765682.4865
6.25 1.375 28409654.2893
6.75 1.375 18731640.1908
7.25 1.375 6868268.06995
7.75 1.375 1560970.0159
8.25 1.375 0.0
8.75 1.375 0.0
0.25 1.625 141736077.444
0.75 1.625 150165315.529
1.25 1.625 139238525.418
1.75 1.625 137989749.405
2.25 1.625 127687347.3
2.75 1.625 111141065.132
3.25 1.625 103336215.052
3.75 1.625 105209379.072
4.25 1.625 77111918.7854
4.75 1.625 67433904.6868
5.25 1.625 57755890.5882
5.75 1.625 37775474.3847
6.25 1.625 27473072.2798
6.75 1.625 15297506.1558
7.25 1.625 5931686.06041
7.75 1.625 312194.00318
8.25 1.625 0.0
8.75 1.625 0.0
0.25 1.875 133619033.361
0.75 1.875 138926331.415
1.25 1.875 127375153.297
1.75 1.875 123941019.262
2.25 1.875 115823975.18
2.75 1.875 117384945.196
3.25 1.875 95843558.9761
3.75 1.875 84292380.8585
4.25 1.875 73053396.744
4.75 1.875 60877830.62
5.25 1.875 49014458.4992
5.75 1.875 38399862.3911
6.25 1.875 21229192.2162
6.75 1.875 10302402.1049
7.25 1.875 3434134.03498
7.75 1.875 624388.006359
8.25 1.875 0.0
8.75 1.875 0.0
0.25 2.125 120506885.227
0.75 2.125 127687347.3
1.25 2.125 114575199.167
1.75 2.125 121131273.234
2.25 2.125 96780140.9857
2.75 2.125 95531364.973
3.25 2.125 86165544.8776
3.75 2.125 75238754.7663
4.25 2.125 68058292.6932
4.75 2.125 52448592.5342
5.25 2.125 42146190.4292
5.75 2.125 27160878.2766
6.25 2.125 14673118.1494
6.75 2.125 8429238.08585
7.25 2.125 2185358.02226
7.75 2.125 0.0
8.25 2.125 0.0
8.75 2.125 0.0
0.25 2.375 102711827.046
0.75 2.375 102711827.046
1.25 2.375 107706931.097
1.75 2.375 95531364.973
2.25 2.375 98028916.9984
2.75 2.375 82107022.8362
3.25 2.375 78048500.7949
3.75 2.375 65872934.6709
4.25 2.375 53072980.5405
4.75 2.375 42770578.4356
5.25 2.375 34653534.3529
5.75 2.375 15297506.1558
6.25 2.375 15921894.1622
6.75 2.375 6868268.06995
7.25 2.375 1873164.01908
7.75 2.375 312194.00318
8.25 2.375 0.0
8.75 2.375 0.0
0.25 2.625 98341111.0016
0.75 2.625 85541156.8712
1.25 2.625 84292380.8585
1.75 2.625 83667992.8521
2.25 2.625 83980186.8553
2.75 2.625 74614366.7599
3.25 2.625 75238754.7663
3.75 2.625 70868038.7218
4.25 2.625 58380278.5946
4.75 2.625 39960832.407
5.25 2.625 36838892.3752
5.75 2.625 19043834.194
6.25 2.625 11238984.1145
6.75 2.625 5931686.06041
7.25 2.625 624388.006359
7.75 2.625 0.0
8.25 2.625 0.0
8.75 2.625 0.0
0.25 2.875 88038708.8966
0.75 2.875 73989978.7536
1.25 2.875 87726514.8935
1.75 2.875 78985082.8044
2.25 2.875 68058292.6932
2.75 2.875 57443696.585
3.25 2.875 64624158.6582
3.75 2.875 50575428.5151
4.25 2.875 48702264.496
4.75 2.875 33716952.3434
5.25 2.875 26536490.2703
5.75 2.875 13112148.1335
6.25 2.875 8741432.08903
6.75 2.875 1873164.01908
7.25 2.875 0.0
7.75 2.875 0.0
8.25 2.875 0.0
8.75 2.875 0.0
0.25 3.125 67746098.69
0.75 3.125 67433904.6868
1.25 3.125 77111918.7854
1.75 3.125 67121710.6836
2.25 3.125 61814412.6296
2.75 3.125 57131502.5819
3.25 3.125 56194920.5723
3.75 3.125 42146190.4292
4.25 3.125 34341340.3498
4.75 3.125 29034042.2957
5.25 3.125 21229192.2162
5.75 3.125 13424342.1367
6.25 3.125 5931686.06041
6.75 3.125 2185358.02226
7.25 3.125 0.0
7.75 3.125 0.0
8.25 3.125 0.0
8.75 3.125 0.0
0.25 3.375 47141294.4801
0.75 3.375 57755890.5882
1.25 3.375 67121710.6836
1.75 3.375 57443696.585
2.25 3.375 49638846.5056
2.75 3.375 46829100.4769
3.25 3.375 49638846.5056
3.75 3.375 30907206.3148
4.25 3.375 29658430.3021
4.75 3.375 25287714.2575
5.25 3.375 17795058.1812
5.75 3.375 14360924.1463
6.25 3.375 8741432.08903
6.75 3.375 2185358.02226
7.25 3.375 312194.00318
7.75 3.375 0.0
8.25 3.375 0.0
8.75 3.375 0.0
0.25 3.625 55570532.566
0.75 3.625 56819308.5787
1.25 3.625 54946144.5596
1.75 3.625 49014458.4992
2.25 3.625 43707160.4451
2.75 3.625 43707160.4451
3.25 3.625 38087668.3879
3.75 3.625 30907206.3148
4.25 3.625 25287714.2575
4.75 3.625 18107252.1844
5.25 3.625 13112148.1335
5.75 3.625 8117044.08267
6.25 3.625 2809746.02862
6.75 3.625 2497552.02544
7.25 3.625 0.0
7.75 3.625 0.0
8.25 3.625 0.0
8.75 3.625 0.0
0.25 3.875 54321756.5533
0.75 3.875 45580324.4642
1.25 3.875 45580324.4642
1.75 3.875 46516906.4738
2.25 3.875 40585220.4133
2.75 3.875 40585220.4133
3.25 3.875 32155982.3275
3.75 3.875 27785266.283
4.25 3.875 25599908.2607
4.75 3.875 17795058.1812
5.25 3.875 12487760.1272
5.75 3.875 5619492.05723
6.25 3.875 2185358.02226
6.75 3.875 936582.009539
7.25 3.875 0.0
7.75 3.875 0.0
8.25 3.875 0.0
8.75 3.875 0.0
0.25 4.125 46829100.4769
0.75 4.125 46204712.4706
1.25 4.125 30595012.3116
1.75 4.125 39648638.4038
2.25 4.125 29346236.2989
2.75 4.125 29034042.2957
3.25 4.125 29346236.2989
3.75 4.125 23102356.2353
4.25 4.125 16858476.1717
4.75 4.125 13112148.1335
5.25 4.125 10302402.1049
5.75 4.125 4682910.04769
6.25 4.125 1873164.01908
6.75 4.125 1248776.01272
7.25 4.125 0.0
7.75 4.125 0.0
8.25 4.125 0.0
8.75 4.125 0.0
0.25 4.375 35277922.3593
0.75 4.375 39024250.3975
1.25 4.375 36838892.3752
1.75 4.375 30595012.3116
2.25 4.375 32155982.3275
2.75 4.375 26848684.2734
3.25 4.375 22790162.2321
3.75 4.375 18731640.1908
4.25 4.375 13112148.1335
4.75 4.375 11863372.1208
5.25 4.375 6868268.06995
5.75 4.375 4682910.04769
6.25 4.375 1873164.01908
6.75 4.375 624388.006359
7.25 4.375 312194.00318
7.75 4.375 0.0
8.25 4.375 0.0
8.75 4.375 0.0
0.25 4.625 26224296.2671
0.75 4.625 28409654.2893
1.25 4.625 27160878.2766
1.75 4.625 24351132.248
2.25 4.625 28097460.2862
2.75 4.625 22790162.2321
3.25 4.625 19356028.1971
3.75 4.625 16234088.1653
4.25 4.625 9678014.09857
4.75 4.625 8117044.08267
5.25 4.625 8741432.08903
5.75 4.625 4370716.04451
6.25 4.625 2185358.02226
6.75 4.625 1248776.01272
7.25 4.625 0.0
7.75 4.625 0.0
8.25 4.625 0.0
8.75 4.625 0.0
0.25 4.875 23102356.2353
0.75 4.875 31843788.3243
1.25 4.875 22790162.2321
1.75 4.875 28097460.2862
2.25 4.875 24038938.2448
2.75 4.875 19043834.194
3.25 4.875 21541386.2194
3.75 4.875 16858476.1717
4.25 4.875 11551178.1176
4.75 4.875 9678014.09857
5.25 4.875 7180462.07313
5.75 4.875 2185358.02226
6.25 4.875 1873164.01908
6.75 4.875 0.0
7.25 4.875 0.0
7.75 4.875 0.0
8.25 4.875 0.0
8.75 4.875 0.0
0.25 5.125 26224296.2671
0.75 5.125 25912102.2639
1.25 5.125 20604804.2099
1.75 5.125 19980416.2035
2.25 5.125 27785266.283
2.75 5.125 15297506.1558
3.25 5.125 14673118.1494
3.75 5.125 10926790.1113
4.25 5.125 8741432.08903
4.75 5.125 5931686.06041
5.25 5.125 4682910.04769
5.75 5.125 2497552.02544
6.25 5.125 936582.009539
6.75 5.125 312194.00318
7.25 5.125 0.0
7.75 5.125 0.0
8.25 5.125 0.0
8.75 5.125 0.0
0.25 5.375 17482864.1781
0.75 5.375 19668222.2003
1.25 5.375 18731640.1908
1.75 5.375 20916998.213
2.25 5.375 15921894.1622
2.75 5.375 17170670.1749
3.25 5.375 12487760.1272
3.75 5.375 10302402.1049
4.25 5.375 10614596.1081
4.75 5.375 7492656.07631
5.25 5.375 4682910.04769
5.75 5.375 1248776.01272
6.25 5.375 624388.006359
6.75 5.375 0.0
7.25 5.375 0.0
7.75 5.375 0.0
8.25 5.375 0.0
8.75 5.375 0.0
0.25 5.625 19668222.2003
0.75 5.625 16858476.1717
1.25 5.625 16546282.1685
1.75 5.625 15921894.1622
2.25 5.625 11863372.1208
2.75 5.625 16234088.1653
3.25 5.625 14048730.1431
3.75 5.625 9678014.09857
4.25 5.625 5619492.05723
4.75 5.625 2185358.02226
5.25 5.625 3746328.03816
5.75 5.625 2185358.02226
6.25 5.625 312194.00318
6.75 5.625 0.0
7.25 5.625 0.0
7.75 5.625 0.0
8.25 5.625 0.0
8.75 5.625 0.0
0.25 5.875 16234088.1653
0.75 5.875 14360924.1463
1.25 5.875 17482864.1781
1.75 5.875 10926790.1113
2.25 5.875 8429238.08585
2.75 5.875 9990208.10175
3.25 5.875 8117044.08267
3.75 5.875 7492656.07631
4.25 5.875 7492656.07631
4.75 5.875 4058522.04133
5.25 5.875 1873164.01908
5.75 5.875 936582.009539
6.25 5.875 0.0
6.75 5.875 0.0
7.25 5.875 0.0
7.75 5.875 0.0
8.25 5.875 0.0
8.75 5.875 0.0
0.25 6.125 13112148.1335
0.75 6.125 10926790.1113
1.25 6.125 12175566.124
1.75 6.125 15609700.159
2.25 6.125 7492656.07631
2.75 6.125 9365820.09539
3.25 6.125 6868268.06995
3.75 6.125 5931686.06041
4.25 6.125 5307298.05405
4.75 6.125 3121940.0318
5.25 6.125 2497552.02544
5.75 6.125 936582.009539
6.25 6.125 312194.00318
6.75 6.125 0.0
7.25 6.125 0.0
7.75 6.125 0.0
8.25 6.125 0.0
8.75 6.125 0.0
0.25 6.375 11238984.1145
0.75 6.375 13112148.1335
1.25 6.375 10614596.1081
1.75 6.375 9053626.09221
2.25 6.375 12487760.1272
2.75 6.375 8741432.08903
3.25 6.375 7492656.07631
3.75 6.375 5931686.06041
4.25 6.375 1873164.01908
4.75 6.375 4058522.04133
5.25 6.375 1248776.01272
5.75 6.375 312194.00318
6.25 6.375 312194.00318
6.75 6.375 0.0
7.25 6.375 0.0
7.75 6.375 0.0
8.25 6.375 0.0
8.75 6.375 0.0
0.25 6.625 14673118.1494
0.75 6.625 8117044.08267
1.25 6.625 9053626.09221
1.75 6.625 9053626.09221
2.25 6.625 10614596.1081
2.75 6.625 7180462.07313
3.25 6.625 6868268.06995
3.75 6.625 5307298.05405
4.25 6.625 6243880.06359
4.75 6.625 1873164.01908
5.25 6.625 312194.00318
5.75 6.625 624388.006359
6.25 6.625 0.0
6.75 6.625 0.0
7.25 6.625 0.0
7.75 6.625 0.0
8.25 6.625 0.0
8.75 6.625 0.0
0.25 6.875 7180462.07313
0.75 6.875 10614596.1081
1.25 6.875 11238984.1145
1.75 6.875 10614596.1081
2.25 6.875 8117044.08267
2.75 6.875 6556074.06677
3.25 6.875 5931686.06041
3.75 6.875 5619492.05723
4.25 6.875 3434134.03498
4.75 6.875 2497552.02544
5.25 6.875 936582.009539
5.75 6.875 936582.009539
6.25 6.875 0.0
6.75 6.875 0.0
7.25 6.875 0.0
7.75 6.875 0.0
8.25 6.875 0.0
8.75 6.875 0.0
0.25 7.125 7180462.07313
0.75 7.125 5931686.06041
1.25 7.125 6868268.06995
1.75 7.125 4995104.05087
2.25 7.125 8117044.08267
2.75 7.125 4058522.04133
3.25 7.125 3121940.0318
3.75 7.125 2809746.02862
4.25 7.125 3121940.0318
4.75 7.125 1248776.01272
5.25 7.125 1248776.01272
5.75 7.125 624388.006359
6.25 7.125 0.0
6.75 7.125 0.0
7.25 7.125 0.0
7.75 7.125 0.0
8.25 7.125 0.0
8.75 7.125 0.0
0.25 7.375 6556074.06677
0.75 7.375 5619492.05723
1.25 7.375 8741432.08903
1.75 7.375 7804850.07949
2.25 7.375 4995104.05087
2.75 7.375 4995104.05087
3.25 7.375 3746328.03816
3.75 7.375 2497552.02544
4.25 7.375 2185358.02226
4.75 7.375 0.0
5.25 7.375 1248776.01272
5.75 7.375 312194.00318
6.25 7.375 0.0
6.75 7.375 0.0
7.25 7.375 0.0
7.75 7.375 0.0
8.25 7.375 0.0
8.75 7.375 0.0
0.25 7.625 7180462.07313
0.75 7.625 3121940.0318
1.25 7.625 4370716.04451
1.75 7.625 4682910.04769
2.25 7.625 4058522.04133
2.75 7.625 3434134.03498
3.25 7.625 2497552.02544
3.75 7.625 2185358.02226
4.25 7.625 1873164.01908
4.75 7.625 624388.006359
5.25 7.625 624388.006359
5.75 7.625 312194.00318
6.25 7.625 0.0
6.75 7.625 0.0
7.25 7.625 0.0
7.75 7.625 0.0
8.25 7.625 0.0
8.75 7.625 0.0
0.25 7.875 3434134.03498
0.75 7.875 3121940.0318
1.25 7.875 6868268.06995
1.75 7.875 4682910.04769
2.25 7.875 7180462.07313
2.75 7.875 4058522.04133
3.25 7.875 2497552.02544
3.75 7.875 2809746.02862
4.25 7.875 1873164.01908
4.75 7.875 1248776.01272
5.25 7.875 624388.006359
5.75 7.875 0.0
6.25 7.875 0.0
6.75 7.875 0.0
7.25 7.875 0.0
7.75 7.875 0.0
8.25 7.875 0.0
8.75 7.875 0.0
0.25 8.125 4995104.05087
0.75 8.125 3121940.0318
1.25 8.125 4058522.04133
1.75 8.125 3434134.03498
2.25 8.125 3434134.03498
2.75 8.125 2809746.02862
3.25 8.125 1560970.0159
3.75 8.125 1248776.01272
4.25 8.125 1560970.0159
4.75 8.125 936582.009539
5.25 8.125 0.0
5.75 8.125 0.0
6.25 8.125 0.0
6.75 8.125 0.0
7.25 8.125 0.0
7.75 8.125 0.0
8.25 8.125 0.0
8.75 8.125 0.0
0.25 8.375 3434134.03498
0.75 8.375 2809746.02862
1.25 8.375 5619492.05723
1.75 8.375 4058522.04133
2.25 8.375 4995104.05087
2.75 8.375 2809746.02862
3.25 8.375 1560970.0159
3.75 8.375 2497552.02544
4.25 8.375 624388.006359
4.75 8.375 936582.009539
5.25 8.375 1248776.01272
5.75 8.375 0.0
6.25 8.375 0.0
6.75 8.375 0.0
7.25 8.375 0.0
7.75 8.375 0.0
8.25 8.375 0.0
8.75 8.375 0.0
0.25 8.625 3121940.0318
0.75 8.625 4995104.05087
1.25 8.625 3746328.03816
1.75 8.625 3746328.03816
2.25 8.625 3434134.03498
2.75 8.625 2185358.02226
3.25 8.625 2185358.02226
3.75 8.625 2497552.02544
4.25 8.625 2497552.02544
4.75 8.625 1248776.01272
5.25 8.625 312194.00318
5.75 8.625 312194.00318
6.25 8.625 0.0
6.75 8.625 0.0
7.25 8.625 0.0
7.75 8.625 0.0
8.25 8.625 0.0
8.75 8.625 0.0
0.25 8.875 2497552.02544
0.75 8.875 3121940.0318
1.25 8.875 4370716.04451
1.75 8.875 3121940.0318
2.25 8.875 1873164.01908
2.75 8.875 2185358.02226
3.25 8.875 2809746.02862
3.75 8.875 1873164.01908
4.25 8.875 312194.00318
4.75 8.875 624388.006359
5.25 8.875 624388.006359
5.75 8.875 0.0
6.25 8.875 312194.00318
6.75 8.875 0.0
7.25 8.875 0.0
7.75 8.875 0.0
8.25 8.875 0.0
8.75 8.875 0.0
0.25 9.125 3121940.0318
0.75 9.125 2497552.02544
1.25 9.125 3121940.0318
1.75 9.125 3121940.0318
2.25 9.125 1248776.01272
2.75 9.125 2497552.02544
3.25 9.125 2497552.02544
3.75 9.125 936582.009539
4.25 9.125 1248776.01272
4.75 9.125 0.0
5.25 9.125 312194.00318
5.75 9.125 0.0
6.25 9.125 0.0
6.75 9.125 0.0
7.25 9.125 0.0
7.75 9.125 0.0
8.25 9.125 0.0
8.75 9.125 0.0
0.25 9.375 3434134.03498
0.75 9.375 2497552.02544
1.25 9.375 2185358.02226
1.75 9.375 3121940.0318
2.25 9.375 2809746.02862
2.75 9.375 624388.006359
3.25 9.375 1560970.0159
3.75 9.375 1248776.01272
4.25 9.375 312194.00318
4.75 9.375 312194.00318
5.25 9.375 312194.00318
5.75 9.375 0.0
6.25 9.375 0.0
6.75 9.375 0.0
7.25 9.375 0.0
7.75 9.375 0.0
8.25 9.375 0.0
8.75 9.375 0.0
0.25 9.625 2497552.02544
0.75 9.625 2497552.02544
1.25 9.625 4370716.04451
1.75 9.625 3434134.03498
2.25 9.625 1560970.0159
2.75 9.625 1873164.01908
3.25 9.625 624388.006359
3.75 9.625 624388.006359
4.25 9.625 0.0
4.75 9.625 0.0
5.25 9.625 0.0
5.75 9.625 0.0
6.25 9.625 0.0
6.75 9.625 0.0
7.25 9.625 0.0
7.75 9.625 0.0
8.25 9.625 0.0
8.75 9.625 0.0
0.25 9.875 2185358.02226
0.75 9.875 1873164.01908
1.25 9.875 2497552.02544
1.75 9.875 2497552.02544
2.25 9.875 936582.009539
2.75 9.875 936582.009539
3.25 9.875 1873164.01908
3.75 9.875 624388.006359
4.25 9.875 0.0
4.75 9.875 312194.00318
5.25 9.875 312194.00318
5.75 9.875 0.0
6.25 9.875 0.0
6.75 9.875 0.0
7.25 9.875 0.0
7.75 9.875 0.0
8.25 9.875 0.0
8.75 9.875 0.0
0.25 10.125 1560970.0159
0.75 10.125 2809746.02862
1.25 10.125 1873164.01908
1.75 10.125 936582.009539
2.25 10.125 2185358.02226
2.75 10.125 624388.006359
3.25 10.125 2185358.02226
3.75 10.125 936582.009539
4.25 10.125 0.0
4.75 10.125 0.0
5.25 10.125 312194.00318
5.75 10.125 0.0
6.25 10.125 0.0
6.75 10.125 0.0
7.25 10.125 0.0
7.75 10.125 0.0
8.25 10.125 0.0
8.75 10.125 0.0
0.25 10.375 1560970.0159
0.75 10.375 936582.009539
1.25 10.375 2809746.02862
1.75 10.375 1873164.01908
2.25 10.375 1560970.0159
2.75 10.375 1560970.0159
3.25 10.375 624388.006359
3.75 10.375 624388.006359
4.25 10.375 624388.006359
4.75 10.375 936582.009539
5.25 10.375 0.0
5.75 10.375 312194.00318
6.25 10.375 0.0
6.75 10.375 0.0
7.25 10.375 0.0
7.75 10.375 0.0
8.25 10.375 0.0
8.75 10.375 0.0
0.25 10.625 936582.009539
0.75 10.625 1873164.01908
1.25 10.625 936582.009539
1.75 10.625 1248776.01272
2.25 10.625 1873164.01908
2.75 10.625 1248776.01272
3.25 10.625 1248776.01272
3.75 10.625 312194.00318
4.25 10.625 936582.009539
4.75 10.625 0.0
5.25 10.625 0.0
5.75 10.625 0.0
6.25 10.625 0.0
6.75 10.625 0.0
7.25 10.625 0.0
7.75 10.625 0.0
8.25 10.625 0.0
8.75 10.625 0.0
0.25 10.875 936582.009539
0.75 10.875 624388.006359
1.25 10.875 1560970.0159
1.75 10.875 624388.006359
2.25 10.875 0.0
2.75 10.875 1248776.01272
3.25 10.875 1248776.01272
3.75 10.875 936582.009539
4.25 10.875 0.0
4.75 10.875 624388.006359
5.25 10.875 0.0
5.75 10.875 0.0
6.25 10.875 0.0
6.75 10.875 0.0
7.25 10.875 0.0
7.75 10.875 0.0
8.25 10.875 0.0
8.75 10.875 0.0
0.25 11.125 1560970.0159
0.75 11.125 312194.00318
1.25 11.125 936582.009539
1.75 11.125 624388.006359
2.25 11.125 936582.009539
2.75 11.125 936582.009539
3.25 11.125 0.0
3.75 11.125 0.0
4.25 11.125 624388.006359
4.75 11.125 312194.00318
5.25 11.125 0.0
5.75 11.125 0.0
6.25 11.125 0.0
6.75 11.125 0.0
7.25 11.125 0.0
7.75 11.125 0.0
8.25 11.125 0.0
8.75 11.125 0.0
0.25 11.375 1248776.01272
0.75 11.375 936582.009539
1.25 11.375 1248776.01272
1.75 11.375 624388.006359
2.25 11.375 312194.00318
2.75 11.375 1248776.01272
3.25 11.375 624388.006359
3.75 11.375 312194.00318
4.25 11.375 624388.006359
4.75 11.375 0.0
5.25 11.375 0.0
5.75 11.375 0.0
6.25 11.375 0.0
6.75 11.375 0.0
7.25 11.375 0.0
7.75 11.375 0.0
8.25 11.375 0.0
8.75 11.375 0.0
0.25 11.625 936582.009539
0.75 11.625 312194.00318
1.25 11.625 936582.009539
1.75 11.625 1560970.0159
2.25 11.625 1248776.01272
2.75 11.625 624388.006359
3.25 11.625 0.0
3.75 11.625 0.0
4.25 11.625 1248776.01272
4.75 11.625 624388.006359
5.25 11.625 0.0
5.75 11.625 0.0
6.25 11.625 0.0
6.75 11.625 0.0
7.25 11.625 0.0
7.75 11.625 0.0
8.25 11.625 0.0
8.75 11.625 0.0
0.25 11.875 624388.006359
0.75 11.875 936582.009539
1.25 11.875 624388.006359
1.75 11.875 936582.009539
2.25 11.875 624388.006359
2.75 11.875 624388.006359
3.25 11.875 0.0
3.75 11.875 624388.006359
4.25 11.875 0.0
4.75 11.875 312194.00318
5.25 11.875 624388.006359
5.75 11.875 0.0
6.25 11.875 0.0
6.75 11.875 0.0
7.25 11.875 0.0
7.75 11.875 0.0
8.25 11.875 0.0
8.75 11.875 0.0
0.25 12.125 312194.00318
0.75 12.125 1873164.01908
1.25 12.125 2497552.02544
1.75 12.125 1248776.01272
2.25 12.125 1248776.01272
2.75 12.125 312194.00318
3.25 12.125 312194.00318
3.75 12.125 312194.00318
4.25 12.125 312194.00318
4.75 12.125 312194.00318
5.25 12.125 0.0
5.75 12.125 312194.00318
6.25 12.125 0.0
6.75 12.125 0.0
7.25 12.125 0.0
7.75 12.125 0.0
8.25 12.125 0.0
8.75 12.125 0.0
0.25 12.375 624388.006359
0.75 12.375 936582.009539
1.25 12.375 936582.009539
1.75 12.375 312194.00318
2.25 12.375 624388.006359
2.75 12.375 624388.006359
3.25 12.375 312194.00318
3.75 12.375 936582.009539
4.25 12.375 0.0
4.75 12.375 0.0
5.25 12.375 0.0
5.75 12.375 0.0
6.25 12.375 0.0
6.75 12.375 0.0
7.25 12.375 0.0
7.75 12.375 0.0
8.25 12.375 0.0
8.75 12.375 0.0
0.25 12.625 1248776.01272
0.75 12.625 2185358.02226
1.25 12.625 1248776.01272
1.75 12.625 312194.00318
2.25 12.625 312194.00318
2.75 12.625 0.0
3.25 12.625 624388.006359
3.75 12.625 312194.00318
4.25 12.625 0.0
4.75 12.625 0.0
5.25 12.625 312194.00318
5.75 12.625 0.0
6.25 12.625 0.0
6.75 12.625 0.0
7.25 12.625 0.0
7.75 12.625 0.0
8.25 12.625 0.0
8.75 12.625 0.0
0.25 12.875 312194.00318
0.75 12.875 936582.009539
1.25 12.875 312194.00318
1.75 12.875 624388.006359
2.25 12.875 312194.00318
2.75 12.875 312194.00318
3.25 12.875 0.0
3.75 12.875 0.0
4.25 12.875 0.0
4.75 12.875 0.0
5.25 12.875 0.0
5.75 12.875 0.0
6.25 12.875 0.0
6.75 12.875 0.0
7.25 12.875 0.0
7.75 12.875 0.0
8.25 12.875 0.0
8.75 12.875 0.0
0.25 13.125 1248776.01272
0.75 13.125 312194.00318
1.25 13.125 624388.006359
1.75 13.125 936582.009539
2.25 13.125 312194.00318
2.75 13.125 624388.006359
3.25 13.125 0.0
3.75 13.125 0.0
4.25 13.125 0.0
4.75 13.125 0.0
5.25 13.125 624388.006359
5.75 13.125 0.0
6.25 13.125 0.0
6.75 13.125 0.0
7.25 13.125 0.0
7.75 13.125 0.0
8.25 13.125 0.0
8.75 13.125 0.0
0.25 13.375 0.0
0.75 13.375 312194.00318
1.25 13.375 1248776.01272
1.75 13.375 936582.009539
2.25 13.375 624388.006359
2.75 13.375 312194.00318
3.25 13.375 624388.006359
3.75 13.375 312194.00318
4.25 13.375 0.0
4.75 13.375 0.0
5.25 13.375 0.0
5.75 13.375 0.0
6.25 13.375 0.0
6.75 13.375 0.0
7.25 13.375 0.0
7.75 13.375 0.0
8.25 13.375 0.0
8.75 13.375 0.0
0.25 13.625 0.0
0.75 13.625 624388.006359
1.25 13.625 312194.00318
1.75 13.625 312194.00318
2.25 13.625 312194.00318
2.75 13.625 312194.00318
3.25 13.625 0.0
3.75 13.625 624388.006359
4.25 13.625 0.0
4.75 13.625 936582.009539
5.25 13.625 0.0
5.75 13.625 0.0
6.25 13.625 0.0
6.75 13.625 0.0
7.25 13.625 0.0
7.75 13.625 0.0
8.25 13.625 0.0
8.75 13.625 0.0
0.25 13.875 312194.00318
0.75 13.875 312194.00318
1.25 13.875 312194.00318
1.75 13.875 0.0
2.25 13.875 1248776.01272
2.75 13.875 0.0
3.25 13.875 312194.00318
3.75 13.875 312194.00318
4.25 13.875 312194.00318
4.75 13.875 0.0
5.25 13.875 0.0
5.75 13.875 0.0
6.25 13.875 0.0
6.75 13.875 0.0
7.25 13.875 0.0
7.75 13.875 0.0
8.25 13.875 0.0
8.75 13.875 0.0
0.25 14.125 624388.006359
0.75 14.125 624388.006359
1.25 14.125 0.0
1.75 14.125 0.0
2.25 14.125 624388.006359
2.75 14.125 0.0
3.25 14.125 312194.00318
3.75 14.125 0.0
4.25 14.125 0.0
4.75 14.125 0.0
5.25 14.125 0.0
5.75 14.125 0.0
6.25 14.125 0.0
6.75 14.125 0.0
7.25 14.125 0.0
7.75 14.125 0.0
8.25 14.125 0.0
8.75 14.125 0.0
0.25 14.375 312194.00318
0.75 14.375 936582.009539
1.25 14.375 0.0
1.75 14.375 624388.006359
2.25 14.375 312194.00318
2.75 14.375 0.0
3.25 14.375 0.0
3.75 14.375 0.0
4.25 14.375 0.0
4.75 14.375 0.0
5.25 14.375 0.0
5.75 14.375 0.0
6.25 14.375 0.0
6.75 14.375 0.0
7.25 14.375 0.0
7.75 14.375 0.0
8.25 14.375 0.0
8.75 14.375 0.0
0.25 14.625 936582.009539
0.75 14.625 624388.006359
1.25 14.625 624388.006359
1.75 14.625 312194.00318
2.25 14.625 0.0
2.75 14.625 312194.00318
3.25 14.625 0.0
3.75 14.625 312194.00318
4.25 14.625 0.0
4.75 14.625 312194.00318
5.25 14.625 0.0
5.75 14.625 0.0
6.25 14.625 0.0
6.75 14.625 0.0
7.25 14.625 0.0
7.75 14.625 0.0
8.25 14.625 0.0
8.75 14.625 0.0
0.25 14.875 312194.00318
0.75 14.875 312194.00318
1.25 14.875 312194.00318
1.75 14.875 312194.00318
2.25 14.875 312194.00318
2.75 14.875 0.0
3.25 14.875 312194.00318
3.75 14.875 0.0
4.25 14.875 0.0
4.75 14.875 312194.00318
5.25 14.875 0.0
5.75 14.875 0.0
6.25 14.875 0.0
6.75 14.875 0.0
7.25 14.875 0.0
7.75 14.875 0.0
8.25 14.875 0.0
8.75 14.875 0.0
0.25 15.125 0.0
0.75 15.125 312194.00318
1.25 15.125 312194.00318
1.75 15.125 624388.006359
2.25 15.125 312194.00318
2.75 15.125 0.0
3.25 15.125 312194.00318
3.75 15.125 0.0
4.25 15.125 0.0
4.75 15.125 0.0
5.25 15.125 0.0
5.75 15.125 0.0
6.25 15.125 0.0
6.75 15.125 0.0
7.25 15.125 0.0
7.75 15.125 0.0
8.25 15.125 0.0
8.75 15.125 0.0
0.25 15.375 0.0
0.75 15.375 1248776.01272
1.25 15.375 0.0
1.75 15.375 1248776.01272
2.25 15.375 312194.00318
2.75 15.375 0.0
3.25 15.375 0.0
3.75 15.375 312194.00318
4.25 15.375 0.0
4.75 15.375 0.0
5.25 15.375 0.0
5.75 15.375 0.0
6.25 15.375 0.0
6.75 15.375 0.0
7.25 15.375 0.0
7.75 15.375 0.0
8.25 15.375 0.0
8.75 15.375 0.0
0.25 15.625 312194.00318
0.75 15.625 936582.009539
1.25 15.625 0.0
1.75 15.625 312194.00318
2.25 15.625 624388.006359
2.75 15.625 0.0
3.25 15.625 0.0
3.75 15.625 0.0
4.25 15.625 0.0
4.75 15.625 0.0
5.25 15.625 0.0
5.75 15.625 0.0
6.25 15.625 0.0
6.75 15.625 0.0
7.25 15.625 0.0
7.75 15.625 0.0
8.25 15.625 0.0
8.75 15.625 0.0
0.25 15.875 312194.00318
0.75 15.875 936582.009539
1.25 15.875 312194.00318
1.75 15.875 312194.00318
2.25 15.875 312194.00318
2.75 15.875 0.0
3.25 15.875 0.0
3.75 15.875 312194.00318
4.25 15.875 0.0
4.75 15.875 0.0
5.25 15.875 0.0
5.75 15.875 0.0
6.25 15.875 0.0
6.75 15.875 0.0
7.25 15.875 0.0
7.75 15.875 0.0
8.25 15.875 0.0
8.75 15.875 0.0
0.25 16.125 0.0
0.75 16.125 0.0
1.25 16.125 624388.006359
1.75 16.125 0.0
2.25 16.125 0.0
2.75 16.125 312194.00318
3.25 16.125 312194.00318
3.75 16.125 0.0
4.25 16.125 0.0
4.75 16.125 0.0
5.25 16.125 0.0
5.75 16.125 0.0
6.25 16.125 0.0
6.75 16.125 0.0
7.25 16.125 0.0
7.75 16.125 0.0
8.25 16.125 0.0
8.75 16.125 0.0
0.25 16.375 0.0
0.75 16.375 624388.006359
1.25 16.375 312194.00318
1.75 16.375 0.0
2.25 16.375 0.0
2.75 16.375 0.0
3.25 16.375 312194.00318
3.75 16.375 312194.00318
4.25 16.375 0.0
4.75 16.375 0.0
5.25 16.375 0.0
5.75 16.375 0.0
6.25 16.375 0.0
6.75 16.375 0.0
7.25 16.375 0.0
7.75 16.375 0.0
8.25 16.375 0.0
8.75 16.375 0.0
0.25 16.625 936582.009539
0.75 16.625 312194.00318
1.25 16.625 0.0
1.75 16.625 0.0
2.25 16.625 312194.00318
2.75 16.625 0.0
3.25 16.625 0.0
3.75 16.625 624388.006359
4.25 16.625 0.0
4.75 16.625 0.0
5.25 16.625 0.0
5.75 16.625 0.0
6.25 16.625 0.0
6.75 16.625 0.0
7.25 16.625 0.0
7.75 16.625 0.0
8.25 16.625 0.0
8.75 16.625 0.0
0.25 16.875 624388.006359
0.75 16.875 312194.00318
1.25 16.875 0.0
1.75 16.875 0.0
2.25 16.875 0.0
2.75 16.875 0.0
3.25 16.875 312194.00318
3.75 16.875 0.0
4.25 16.875 0.0
4.75 16.875 0.0
5.25 16.875 0.0
5.75 16.875 0.0
6.25 16.875 0.0
6.75 16.875 0.0
7.25 16.875 0.0
7.75 16.875 0.0
8.25 16.875 0.0
8.75 16.875 0.0
0.25 17.125 312194.00318
0.75 17.125 0.0
1.25 17.125 0.0
1.75 17.125 312194.00318
2.25 17.125 312194.00318
2.75 17.125 624388.006359
3.25 17.125 0.0
3.75 17.125 0.0
4.25 17.125 0.0
4.75 17.125 0.0
5.25 17.125 0.0
5.75 17.125 0.0
6.25 17.125 0.0
6.75 17.125 0.0
7.25 17.125 0.0
7.75 17.125 0.0
8.25 17.125 0.0
8.75 17.125 0.0
0.25 17.375 624388.006359
0.75 17.375 312194.00318
1.25 17.375 0.0
1.75 17.375 312194.00318
2.25 17.375 0.0
2.75 17.375 0.0
3.25 17.375 0.0
3.75 17.375 0.0
4.25 17.375 312194.00318
4.75 17.375 0.0
5.25 17.375 0.0
5.75 17.375 0.0
6.25 17.375 0.0
6.75 17.375 0.0
7.25 17.375 0.0
7.75 17.375 0.0
8.25 17.375 0.0
8.75 17.375 0.0
0.25 17.625 0.0
0.75 17.625 0.0
1.25 17.625 0.0
1.75 17.625 0.0
2.25 17.625 312194.00318
2.75 17.625 312194.00318
3.25 17.625 312194.00318
3.75 17.625 312194.00318
4.25 17.625 0.0
4.75 17.625 0.0
5.25 17.625 0.0
5.75 17.625 0.0
6.25 17.625 0.0
6.75 17.625 0.0
7.25 17.625 0.0
7.75 17.625 0.0
8.25 17.625 0.0
8.75 17.625 0.0
0.25 17.875 624388.006359
0.75 17.875 312194.00318
1.25 17.875 0.0
1.75 17.875 0.0
2.25 17.875 0.0
2.75 17.875 0.0
3.25 17.875 0.0
3.75 17.875 0.0
4.25 17.875 0.0
4.75 17.875 0.0
5.25 17.875 0.0
5.75 17.875 312194.00318
6.25 17.875 0.0
6.75 17.875 0.0
7.25 17.875 0.0
7.75 17.875 0.0
8.25 17.875 0.0
8.75 17.875 0.0
0.25 18.125 312194.00318
0.75 18.125 0.0
1.25 18.125 0.0
1.75 18.125 0.0
2.25 18.125 0.0
2.75 18.125 312194.00318
3.25 18.125 0.0
3.75 18.125 0.0
4.25 18.125 0.0
4.75 18.125 0.0
5.25 18.125 0.0
5.75 18.125 0.0
6.25 18.125 0.0
6.75 18.125 0.0
7.25 18.125 0.0
7.75 18.125 0.0
8.25 18.125 0.0
8.75 18.125 0.0
0.25 18.375 312194.00318
0.75 18.375 0.0
1.25 18.375 312194.00318
1.75 18.375 312194.00318
2.25 18.375 0.0
2.75 18.375 0.0
3.25 18.375 936582.009539
3.75 18.375 312194.00318
4.25 18.375 0.0
4.75 18.375 0.0
5.25 18.375 0.0
5.75 18.375 0.0
6.25 18.375 0.0
6.75 18.375 0.0
7.25 18.375 0.0
7.75 18.375 0.0
8.25 18.375 0.0
8.75 18.375 0.0
0.25 18.625 0.0
0.75 18.625 0.0
1.25 18.625 0.0
1.75 18.625 0.0
2.25 18.625 0.0
2.75 18.625 312194.00318
3.25 18.625 0.0
3.75 18.625 0.0
4.25 18.625 0.0
4.75 18.625 0.0
5.25 18.625 0.0
5.75 18.625 0.0
6.25 18.625 0.0
6.75 18.625 0.0
7.25 18.625 0.0
7.75 18.625 0.0
8.25 18.625 0.0
8.75 18.625 0.0
0.25 18.875 0.0
0.75 18.875 0.0
1.25 18.875 0.0
1.75 18.875 312194.00318
2.25 18.875 312194.00318
2.75 18.875 0.0
3.25 18.875 0.0
3.75 18.875 0.0
4.25 18.875 0.0
4.75 18.875 0.0
5.25 18.875 0.0
5.75 18.875 0.0
6.25 18.875 0.0
6.75 18.875 0.0
7.25 18.875 0.0
7.75 18.875 0.0
8.25 18.875 0.0
8.75 18.875 0.0
0.25 19.125 0.0
0.75 19.125 312194.00318
1.25 19.125 0.0
1.75 19.125 0.0
2.25 19.125 0.0
2.75 19.125 0.0
3.25 19.125 0.0
3.75 19.125 0.0
4.25 19.125 0.0
4.75 19.125 0.0
5.25 19.125 0.0
5.75 19.125 0.0
6.25 19.125 0.0
6.75 19.125 0.0
7.25 19.125 0.0
7.75 19.125 0.0
8.25 19.125 0.0
8.75 19.125 0.0
0.25 19.375 0.0
0.75 19.375 0.0
1.25 19.375 0.0
1.75 19.375 0.0
2.25 19.375 0.0
2.75 19.375 0.0
3.25 19.375 0.0
3.75 19.375 0.0
4.25 19.375 0.0
4.75 19.375 0.0
5.25 19.375 0.0
5.75 19.375 0.0
6.25 19.375 0.0
6.75 19.375 0.0
7.25 19.375 0.0
7.75 19.375 0.0
8.25 19.375 0.0
8.75 19.375 0.0
0.25 19.625 0.0
0.75 19.625 312194.00318
1.25 19.625 0.0
1.75 19.625 0.0
2.25 19.625 0.0
2.75 19.625 0.0
3.25 19.625 0.0
3.75 19.625 0.0
4.25 19.625 0.0
4.75 19.625 0.0
5.25 19.625 0.0
5.75 19.625 0.0
6.25 19.625 0.0
6.75 19.625 0.0
7.25 19.625 0.0
7.75 19.625 0.0
8.25 19.625 0.0
8.75 19.625 0.0
0.25 19.875 0.0
0.75 19.875 0.0
1.25 19.875 0.0
1.75 19.875 312194.00318
2.25 19.875 0.0
2.75 19.875 0.0
3.25 19.875 0.0
3.75 19.875 0.0
4.25 19.875 0.0
4.75 19.875 0.0
5.25 19.875 0.0
5.75 19.875 0.0
6.25 19.875 0.0
6.75 19.875 0.0
7.25 19.875 0.0
7.75 19.875 0.0
8.25 19.875 0.0
8.75 19.875 0.0
0.25 20.125 0.0
0.75 20.125 0.0
1.25 20.125 0.0
1.75 20.125 0.0
2.25 20.125 0.0
2.75 20.125 312194.00318
3.25 20.125 0.0
3.75 20.125 312194.00318
4.25 20.125 0.0
4.75 20.125 0.0
5.25 20.125 0.0
5.75 20.125 0.0
6.25 20.125 0.0
6.75 20.125 0.0
7.25 20.125 0.0
7.75 20.125 0.0
8.25 20.125 0.0
8.75 20.125 0.0
0.25 20.375 0.0
0.75 20.375 0.0
1.25 20.375 0.0
1.75 20.375 0.0
2.25 20.375 312194.00318
2.75 20.375 0.0
3.25 20.375 0.0
3.75 20.375 0.0
4.25 20.375 0.0
4.75 20.375 0.0
5.25 20.375 0.0
5.75 20.375 0.0
6.25 20.375 0.0
6.75 20.375 0.0
7.25 20.375 0.0
7.75 20.375 0.0
8.25 20.375 0.0
8.75 20.375 0.0
0.25 20.625 0.0
0.75 20.625 0.0
1.25 20.625 312194.00318
1.75 20.625 0.0
2.25 20.625 312194.00318
2.75 20.625 0.0
3.25 20.625 312194.00318
3.75 20.625 0.0
4.25 20.625 312194.00318
4.75 20.625 0.0
5.25 20.625 0.0
5.75 20.625 0.0
6.25 20.625 0.0
6.75 20.625 0.0
7.25 20.625 0.0
7.75 20.625 0.0
8.25 20.625 0.0
8.75 20.625 0.0
0.25 20.875 0.0
0.75 20.875 312194.00318
1.25 20.875 0.0
1.75 20.875 0.0
2.25 20.875 0.0
2.75 20.875 0.0
3.25 20.875 0.0
3.75 20.875 0.0
4.25 20.875 0.0
4.75 20.875 0.0
5.25 20.875 0.0
5.75 20.875 0.0
6.25 20.875 0.0
6.75 20.875 0.0
7.25 20.875 0.0
7.75 20.875 0.0
8.25 20.875 0.0
8.75 20.875 0.0
0.25 21.125 0.0
0.75 21.125 0.0
1.25 21.125 0.0
1.75 21.125 0.0
2.25 21.125 0.0
2.75 21.125 0.0
3.25 21.125 0.0
3.75 21.125 0.0
4.25 21.125 0.0
4.75 21.125 0.0
5.25 21.125 0.0
5.75 21.125 0.0
6.25 21.125 0.0
6.75 21.125 0.0
7.25 21.125 0.0
7.75 21.125 0.0
8.25 21.125 0.0
8.75 21.125 0.0
0.25 21.375 312194.00318
0.75 21.375 0.0
1.25 21.375 312194.00318
1.75 21.375 0.0
2.25 21.375 312194.00318
2.75 21.375 0.0
3.25 21.375 0.0
3.75 21.375 0.0
4.25 21.375 0.0
4.75 21.375 0.0
5.25 21.375 0.0
5.75 21.375 0.0
6.25 21.375 0.0
6.75 21.375 0.0
7.25 21.375 0.0
7.75 21.375 0.0
8.25 21.375 0.0
8.75 21.375 0.0
0.25 21.625 0.0
0.75 21.625 0.0
1.25 21.625 0.0
1.75 21.625 0.0
2.25 21.625 0.0
2.75 21.625 0.0
3.25 21.625 0.0
3.75 21.625 0.0
4.25 21.625 0.0
4.75 21.625 0.0
5.25 21.625 0.0
5.75 21.625 0.0
6.25 21.625 0.0
6.75 21.625 0.0
7.25 21.625 0.0
7.75 21.625 0.0
8.25 21.625 0.0
8.75 21.625 0.0
0.25 21.875 0.0
0.75 21.875 0.0
1.25 21.875 0.0
1.75 21.875 0.0
2.25 21.875 0.0
2.75 21.875 312194.00318
3.25 21.875 0.0
3.75 21.875 0.0
4.25 21.875 0.0
4.75 21.875 0.0
5.25 21.875 0.0
5.75 21.875 0.0
6.25 21.875 0.0
6.75 21.875 0.0
7.25 21.875 0.0
7.75 21.875 0.0
8.25 21.875 0.0
8.75 21.875 0.0
0.25 22.125 0.0
0.75 22.125 312194.00318
1.25 22.125 0.0
1.75 22.125 0.0
2.25 22.125 312194.00318
2.75 22.125 312194.00318
3.25 22.125 0.0
3.75 22.125 0.0
4.25 22.125 0.0
4.75 22.125 0.0
5.25 22.125 0.0
5.75 22.125 0.0
6.25 22.125 0.0
6.75 22.125 0.0
7.25 22.125 0.0
7.75 22.125 0.0
8.25 22.125 0.0
8.75 22.125 0.0
0.25 22.375 312194.00318
0.75 22.375 0.0
1.25 22.375 0.0
1.75 22.375 0.0
2.25 22.375 0.0
2.75 22.375 0.0
3.25 22.375 0.0
3.75 22.375 0.0
4.25 22.375 0.0
4.75 22.375 0.0
5.25 22.375 0.0
5.75 22.375 0.0
6.25 22.375 0.0
6.75 22.375 0.0
7.25 22.375 0.0
7.75 22.375 0.0
8.25 22.375 0.0
8.75 22.375 0.0
0.25 22.625 0.0
0.75 22.625 0.0
1.25 22.625 0.0
1.75 22.625 312194.00318
2.25 22.625 0.0
2.75 22.625 0.0
3.25 22.625 312194.00318
3.75 22.625 0.0
4.25 22.625 0.0
4.75 22.625 0.0
5.25 22.625 0.0
5.75 22.625 0.0
6.25 22.625 0.0
6.75 22.625 0.0
7.25 22.625 0.0
7.75 22.625 0.0
8.25 22.625 0.0
8.75 22.625 0.0
0.25 22.875 0.0
0.75 22.875 0.0
1.25 22.875 0.0
1.75 22.875 0.0
2.25 22.875 0.0
2.75 22.875 0.0
3.25 22.875 0.0
3.75 22.875 0.0
4.25 22.875 0.0
4.75 22.875 0.0
5.25 22.875 0.0
5.75 22.875 0.0
6.25 22.875 0.0
6.75 22.875 0.0
7.25 22.875 0.0
7.75 22.875 0.0
8.25 22.875 0.0
8.75 22.875 0.0
0.25 23.125 312194.00318
0.75 23.125 0.0
1.25 23.125 0.0
1.75 23.125 0.0
2.25 23.125 0.0
2.75 23.125 0.0
3.25 23.125 0.0
3.75 23.125 0.0
4.25 23.125 0.0
4.75 23.125 0.0
5.25 23.125 0.0
5.75 23.125 0.0
6.25 23.125 0.0
6.75 23.125 0.0
7.25 23.125 0.0
7.75 23.125 0.0
8.25 23.125 0.0
8.75 23.125 0.0
0.25 23.375 0.0
0.75 23.375 0.0
1.25 23.375 0.0
1.75 23.375 0.0
2.25 23.375 0.0
2.75 23.375 0.0
3.25 23.375 312194.00318
3.75 23.375 0.0
4.25 23.375 0.0
4.75 23.375 0.0
5.25 23.375 0.0
5.75 23.375 0.0
6.25 23.375 0.0
6.75 23.375 0.0
7.25 23.375 0.0
7.75 23.375 0.0
8.25 23.375 0.0
8.75 23.375 0.0
0.25 23.625 0.0
0.75 23.625 0.0
1.25 23.625 0.0
1.75 23.625 0.0
2.25 23.625 312194.00318
2.75 23.625 0.0
3.25 23.625 0.0
3.75 23.625 0.0
4.25 23.625 0.0
4.75 23.625 0.0
5.25 23.625 0.0
5.75 23.625 0.0
6.25 23.625 0.0
6.75 23.625 0.0
7.25 23.625 0.0
7.75 23.625 0.0
8.25 23.625 0.0
8.75 23.625 0.0
0.25 23.875 0.0
0.75 23.875 0.0
1.25 23.875 0.0
1.75 23.875 312194.00318
2.25 23.875 0.0
2.75 23.875 0.0
3.25 23.875 0.0
3.75 23.875 0.0
4.25 23.875 0.0
4.75 23.875 0.0
5.25 23.875 0.0
5.75 23.875 0.0
6.25 23.875 0.0
6.75 23.875 0.0
7.25 23.875 0.0
7.75 23.875 0.0
8.25 23.875 0.0
8.75 23.875 0.0
0.25 24.125 0.0
0.75 24.125 0.0
1.25 24.125 0.0
1.75 24.125 0.0
2.25 24.125 0.0
2.75 24.125 0.0
3.25 24.125 0.0
3.75 24.125 0.0
4.25 24.125 0.0
4.75 24.125 0.0
5.25 24.125 0.0
5.75 24.125 0.0
6.25 24.125 0.0
6.75 24.125 0.0
7.25 24.125 0.0
7.75 24.125 0.0
8.25 24.125 0.0
8.75 24.125 0.0
0.25 24.375 0.0
0.75 24.375 0.0
1.25 24.375 0.0
1.75 24.375 0.0
2.25 24.375 0.0
2.75 24.375 0.0
3.25 24.375 0.0
3.75 24.375 0.0
4.25 24.375 0.0
4.75 24.375 0.0
5.25 24.375 0.0
5.75 24.375 0.0
6.25 24.375 0.0
6.75 24.375 0.0
7.25 24.375 0.0
7.75 24.375 0.0
8.25 24.375 0.0
8.75 24.375 0.0
0.25 24.625 0.0
0.75 24.625 0.0
1.25 24.625 0.0
1.75 24.625 0.0
2.25 24.625 0.0
2.75 24.625 0.0
3.25 24.625 0.0
3.75 24.625 0.0
4.25 24.625 0.0
4.75 24.625 0.0
5.25 24.625 0.0
5.75 24.625 0.0
6.25 24.625 0.0
6.75 24.625 0.0
7.25 24.625 0.0
7.75 24.625 0.0
8.25 24.625 0.0
8.75 24.625 0.0
0.25 24.875 0.0
0.75 24.875 0.0
1.25 24.875 0.0
1.75 24.875 0.0
2.25 24.875 0.0
2.75 24.875 0.0
3.25 24.875 0.0
3.75 24.875 0.0
4.25 24.875 0.0
4.75 24.875 0.0
5.25 24.875 0.0
5.75 24.875 0.0
6.25 24.875 0.0
6.75 24.875 0.0
7.25 24.875 0.0
7.75 24.875 0.0
8.25 24.875 0.0
8.75 24.875 0.0
0.25 25.125 0.0
0.75 25.125 0.0
1.25 25.125 0.0
1.75 25.125 0.0
2.25 25.125 0.0
2.75 25.125 0.0
3.25 25.125 0.0
3.75 25.125 0.0
4.25 25.125 0.0
4.75 25.125 0.0
5.25 25.125 0.0
5.75 25.125 0.0
6.25 25.125 0.0
6.75 25.125 0.0
7.25 25.125 0.0
7.75 25.125 0.0
8.25 25.125 0.0
8.75 25.125 0.0
0.25 25.375 0.0
0.75 25.375 0.0
1.25 25.375 0.0
1.75 25.375 0.0
2.25 25.375 0.0
2.75 25.375 0.0
3.25 25.375 0.0
3.75 25.375 0.0
4.25 25.375 0.0
4.75 25.375 0.0
5.25 25.375 0.0
5.75 25.375 0.0
6.25 25.375 0.0
6.75 25.375 0.0
7.25 25.375 0.0
7.75 25.375 0.0
8.25 25.375 0.0
8.75 25.375 0.0
0.25 25.625 0.0
0.75 25.625 0.0
1.25 25.625 0.0
1.75 25.625 0.0
2.25 25.625 0.0
2.75 25.625 0.0
3.25 25.625 0.0
3.75 25.625 0.0
4.25 25.625 0.0
4.75 25.625 0.0
5.25 25.625 0.0
5.75 25.625 0.0
6.25 25.625 0.0
6.75 25.625 0.0
7.25 25.625 0.0
7.75 25.625 0.0
8.25 25.625 0.0
8.75 25.625 0.0
0.25 25.875 312194.00318
0.75 25.875 0.0
1.25 25.875 0.0
1.75 25.875 0.0
2.25 25.875 0.0
2.75 25.875 0.0
3.25 25.875 0.0
3.75 25.875 0.0
4.25 25.875 0.0
4.75 25.875 0.0
5.25 25.875 0.0
5.75 25.875 0.0
6.25 25.875 0.0
6.75 25.875 0.0
7.25 25.875 0.0
7.75 25.875 0.0
8.25 25.875 0.0
8.75 25.875 0.0
0.25 26.125 0.0
0.75 26.125 0.0
1.25 26.125 0.0
1.75 26.125 0.0
2.25 26.125 0.0
2.75 26.125 0.0
3.25 26.125 0.0
3.75 26.125 0.0
4.25 26.125 0.0
4.75 26.125 0.0
5.25 26.125 0.0
5.75 26.125 0.0
6.25 26.125 0.0
6.75 26.125 0.0
7.25 26.125 0.0
7.75 26.125 0.0
8.25 26.125 0.0
8.75 26.125 0.0
0.25 26.375 0.0
0.75 26.375 0.0
1.25 26.375 312194.00318
1.75 26.375 0.0
2.25 26.375 0.0
2.75 26.375 0.0
3.25 26.375 0.0
3.75 26.375 0.0
4.25 26.375 0.0
4.75 26.375 0.0
5.25 26.375 0.0
5.75 26.375 0.0
6.25 26.375 0.0
6.75 26.375 0.0
7.25 26.375 0.0
7.75 26.375 0.0
8.25 26.375 0.0
8.75 26.375 0.0
0.25 26.625 0.0
0.75 26.625 0.0
1.25 26.625 0.0
1.75 26.625 0.0
2.25 26.625 0.0
2.75 26.625 0.0
3.25 26.625 0.0
3.75 26.625 0.0
4.25 26.625 0.0
4.75 26.625 0.0
5.25 26.625 0.0
5.75 26.625 0.0
6.25 26.625 0.0
6.75 26.625 0.0
7.25 26.625 0.0
7.75 26.625 0.0
8.25 26.625 0.0
8.75 26.625 0.0
0.25 26.875 0.0
0.75 26.875 0.0
1.25 26.875 0.0
1.75 26.875 0.0
2.25 26.875 0.0
2.75 26.875 312194.00318
3.25 26.875 0.0
3.75 26.875 0.0
4.25 26.875 0.0
4.75 26.875 0.0
5.25 26.875 0.0
5.75 26.875 0.0
6.25 26.875 0.0
6.75 26.875 0.0
7.25 26.875 0.0
7.75 26.875 0.0
8.25 26.875 0.0
8.75 26.875 0.0
0.25 27.125 0.0
0.75 27.125 0.0
1.25 27.125 0.0
1.75 27.125 0.0
2.25 27.125 0.0
2.75 27.125 0.0
3.25 27.125 0.0
3.75 27.125 0.0
4.25 27.125 0.0
4.75 27.125 0.0
5.25 27.125 0.0
5.75 27.125 0.0
6.25 27.125 0.0
6.75 27.125 0.0
7.25 27.125 0.0
7.75 27.125 0.0
8.25 27.125 0.0
8.75 27.125 0.0
0.25 27.375 0.0
0.75 27.375 312194.00318
1.25 27.375 0.0
1.75 27.375 0.0
2.25 27.375 0.0
2.75 27.375 0.0
3.25 27.375 0.0
3.75 27.375 0.0
4.25 27.375 0.0
4.75 27.375 0.0
5.25 27.375 0.0
5.75 27.375 0.0
6.25 27.375 0.0
6.75 27.375 0.0
7.25 27.375 0.0
7.75 27.375 0.0
8.25 27.375 0.0
8.75 27.375 0.0
0.25 27.625 0.0
0.75 27.625 0.0
1.25 27.625 312194.00318
1.75 27.625 0.0
2.25 27.625 0.0
2.75 27.625 0.0
3.25 27.625 0.0
3.75 27.625 0.0
4.25 27.625 0.0
4.75 27.625 0.0
5.25 27.625 0.0
5.75 27.625 0.0
6.25 27.625 0.0
6.75 27.625 0.0
7.25 27.625 0.0
7.75 27.625 0.0
8.25 27.625 0.0
8.75 27.625 0.0
0.25 27.875 0.0
0.75 27.875 0.0
1.25 27.875 0.0
1.75 27.875 0.0
2.25 27.875 0.0
2.75 27.875 0.0
3.25 27.875 0.0
3.75 27.875 0.0
4.25 27.875 0.0
4.75 27.875 0.0
5.25 27.875 0.0
5.75 27.875 0.0
6.25 27.875 0.0
6.75 27.875 0.0
7.25 27.875 0.0
7.75 27.875 0.0
8.25 27.875 0.0
8.75 27.875 0.0
0.25 28.125 0.0
0.75 28.125 0.0
1.25 28.125 312194.00318
1.75 28.125 0.0
2.25 28.125 0.0
2.75 28.125 312194.00318
3.25 28.125 312194.00318
3.75 28.125 0.0
4.25 28.125 0.0
4.75 28.125 0.0
5.25 28.125 0.0
5.75 28.125 0.0
6.25 28.125 0.0
6.75 28.125 0.0
7.25 28.125 0.0
7.75 28.125 0.0
8.25 28.125 0.0
8.75 28.125 0.0
0.25 28.375 0.0
0.75 28.375 0.0
1.25 28.375 0.0
1.75 28.375 0.0
2.25 28.375 0.0
2.75 28.375 0.0
3.25 28.375 0.0
3.75 28.375 0.0
4.25 28.375 0.0
4.75 28.375 0.0
5.25 28.375 0.0
5.75 28.375 0.0
6.25 28.375 0.0
6.75 28.375 0.0
7.25 28.375 0.0
7.75 28.375 0.0
8.25 28.375 0.0
8.75 28.375 0.0
0.25 28.625 0.0
0.75 28.625 312194.00318
1.25 28.625 0.0
1.75 28.625 0.0
2.25 28.625 0.0
2.75 28.625 0.0
3.25 28.625 0.0
3.75 28.625 0.0
4.25 28.625 0.0
4.75 28.625 0.0
5.25 28.625 0.0
5.75 28.625 0.0
6.25 28.625 0.0
6.75 28.625 0.0
7.25 28.625 0.0
7.75 28.625 0.0
8.25 28.625 0.0
8.75 28.625 0.0
0.25 28.875 0.0
0.75 28.875 0.0
1.25 28.875 0.0
1.75 28.875 0.0
2.25 28.875 0.0
2.75 28.875 0.0
3.25 28.875 0.0
3.75 28.875 0.0
4.25 28.875 0.0
4.75 28.875 0.0
5.25 28.875 0.0
5.75 28.875 0.0
6.25 28.875 0.0
6.75 28.875 0.0
7.25 28.875 0.0
7.75 28.875 0.0
8.25 28.875 0.0
8.75 28.875 0.0
0.25 29.125 0.0
0.75 29.125 0.0
1.25 29.125 0.0
1.75 29.125 0.0
2.25 29.125 0.0
2.75 29.125 0.0
3.25 29.125 0.0
3.75 29.125 0.0
4.25 29.125 0.0
4.75 29.125 0.0
5.25 29.125 0.0
5.75 29.125 0.0
6.25 29.125 0.0
6.75 29.125 0.0
7.25 29.125 0.0
7.75 29.125 0.0
8.25 29.125 0.0
8.75 29.125 0.0
0.25 29.375 0.0
0.75 29.375 0.0
1.25 29.375 0.0
1.75 29.375 0.0
2.25 29.375 0.0
2.75 29.375 0.0
3.25 29.375 0.0
3.75 29.375 0.0
4.25 29.375 0.0
4.75 29.375 0.0
5.25 29.375 0.0
5.75 29.375 0.0
6.25 29.375 0.0
6.75 29.375 0.0
7.25 29.375 0.0
7.75 29.375 0.0
8.25 29.375 0.0
8.75 29.375 0.0
0.25 29.625 0.0
0.75 29.625 0.0
1.25 29.625 0.0
1.75 29.625 0.0
2.25 29.625 0.0
2.75 29.625 0.0
3.25 29.625 0.0
3.75 29.625 0.0
4.25 29.625 0.0
4.75 29.625 0.0
5.25 29.625 0.0
5.75 29.625 0.0
6.25 29.625 0.0
6.75 29.625 0.0
7.25 29.625 0.0
7.75 29.625 0.0
8.25 29.625 0.0
8.75 29.625 0.0
0.25 29.875 0.0
0.75 29.875 0.0
1.25 29.875 0.0
1.75 29.875 0.0
2.25 29.875 0.0
2.75 29.875 0.0
3.25 29.875 0.0
3.75 29.875 0.0
4.25 29.875 0.0
4.75 29.875 0.0
5.25 29.875 0.0
5.75 29.875 0.0
6.25 29.875 0.0
6.75 29.875 0.0
7.25 29.875 0.0
7.75 29.875 0.0
8.25 29.875 0.0
8.75 29.875 0.0
