0.25 0.125 25599908.2607
0.75 0.125 24975520.2544
1.25 0.125 21853580.2226
1.75 0.125 22477968.2289
2.25 0.125 17482864.1781
2.75 0.125 23102356.2353
3.25 0.125 22790162.2321
3.75 0.125 17170670.1749
4.25 0.125 13736536.1399
4.75 0.125 10926790.1113
5.25 0.125 9678014.09857
5.75 0.125 9990208.10175
6.25 0.125 6243880.06359
6.75 0.125 2809746.02862
7.25 0.125 1873164.01908
7.75 0.125 312194.00318
8.25 0.125 0.0
8.75 0.125 0.0
0.25 0.375 60253442.6137
0.75 0.375 58692472.5978
1.25 0.375 57131502.5819
1.75 0.375 56819308.5787
2.25 0.375 63999770.6518
2.75 0.375 42458384.4324
3.25 0.375 47765682.4865
3.75 0.375 44019354.4483
4.25 0.375 40273026.4102
4.75 0.375 32780370.3339
5.25 0.375 27785266.283
5.75 0.375 26848684.2734
6.25 0.375 11863372.1208
6.75 0.375 13736536.1399
7.25 0.375 2185358.02226
7.75 0.375 1248776.01272
8.25 0.375 0.0
8.75 0.375 0.0
0.25 0.625 86165544.8776
0.75 0.625 89287484.9094
1.25 0.625 78360694.7981
1.75 0.625 82731410.8426
2.25 0.625 83355798.849
2.75 0.625 72429008.7377
3.25 0.625 69619262.7091
3.75 0.625 54633950.5564
4.25 0.625 51512010.5246
4.75 0.625 41833996.4261
5.25 0.625 38399862.3911
5.75 0.625 26536490.2703
6.25 0.625 19043834.194
6.75 0.625 12799954.1304
7.25 0.625 5307298.05405
7.75 0.625 936582.009539
8.25 0.625 312194.00318
8.75 0.625 0.0
0.25 0.875 103024021.049
0.75 0.875 98028916.9984
1.25 0.875 102399633.043
1.75 0.875 102399633.043
2.25 0.875 80233858.8172
2.75 0.875 84292380.8585
3.25 0.875 74614366.7599
3.75 0.875 63063188.6423
4.25 0.875 57755890.5882
4.75 0.875 44955936.4579
5.25 0.875 43707160.4451
5.75 0.875 30595012.3116
6.25 0.875 16858476.1717
6.75 0.875 11238984.1145
7.25 0.875 4995104.05087
7.75 0.875 936582.009539
8.25 0.875 0.0
8.75 0.875 0.0
0.25 1.125 97716722.9952
0.75 1.125 111453259.135
1.25 1.125 94906976.9666
1.75 1.125 93346006.9507
2.25 1.125 81794828.8331
2.75 1.125 75238754.7663
3.25 1.125 81482634.8299
3.75 1.125 63999770.6518
4.25 1.125 57755890.5882
4.75 1.125 49326652.5024
5.25 1.125 40897414.4165
5.75 1.125 23102356.2353
6.25 1.125 17170670.1749
6.75 1.125 10614596.1081
7.25 1.125 2185358.02226
7.75 1.125 624388.006359
8.25 1.125 0.0
8.75 1.125 0.0
0.25 1.375 96155752.9793
0.75 1.375 92721618.9443
1.25 1.375 89599678.9125
1.75 1.375 84604574.8617
2.25 1.375 80546052.8203
2.75 1.375 77736306.7917
3.25 1.375 77424112.7885
3.75 1.375 65248546.6645
4.25 1.375 52136398.531
4.75 1.375 48390070.4928
5.25 1.375 38399862.3911
5.75 1.375 23726744.2416
6.25 1.375 20292610.2067
6.75 1.375 6868268.06995
7.25 1.375 2185358.02226
7.75 1.375 0.0
8.25 1.375 0.0
8.75 1.375 0.0
0.25 1.625 85541156.8712
0.75 1.625 78672888.8013
1.25 1.625 83043604.8458
1.75 1.625 80546052.8203
2.25 1.625 68682680.6995
2.75 1.625 67121710.6836
3.25 1.625 69307068.7059
3.75 1.625 54321756.5533
4.25 1.625 47453488.4833
4.75 1.625 38087668.3879
5.25 1.625 32468176.3307
5.75 1.625 20604804.2099
6.25 1.625 11551178.1176
6.75 1.625 6868268.06995
7.25 1.625 936582.009539
7.75 1.625 312194.00318
8.25 1.625 0.0
8.75 1.625 0.0
0.25 1.875 74614366.7599
0.75 1.875 84916768.8649
1.25 1.875 78048500.7949
1.75 1.875 75550948.7695
2.25 1.875 66809516.6804
2.75 1.875 66185128.6741
3.25 1.875 56507114.5755
3.75 1.875 53072980.5405
4.25 1.875 41833996.4261
4.75 1.875 28721848.2925
5.25 1.875 27473072.2798
5.75 1.875 20916998.213
6.25 1.875 8741432.08903
6.75 1.875 4995104.05087
7.25 1.875 624388.006359
7.75 1.875 0.0
8.25 1.875 0.0
8.75 1.875 0.0
0.25 2.125 64311964.655
0.75 2.125 69307068.7059
1.25 2.125 64311964.655
1.75 2.125 63375382.6455
2.25 2.125 62438800.6359
2.75 2.125 51199816.5215
3.25 2.125 39960832.407
3.75 2.125 38399862.3911
4.25 2.125 44643742.4547
4.75 2.125 30907206.3148
5.25 2.125 19043834.194
5.75 2.125 13112148.1335
6.25 2.125 10926790.1113
6.75 2.125 1873164.01908
7.25 2.125 312194.00318
7.75 2.125 0.0
8.25 2.125 0.0
8.75 2.125 0.0
0.25 2.375 61814412.6296
0.75 2.375 56194920.5723
1.25 2.375 54321756.5533
1.75 2.375 51512010.5246
2.25 2.375 43707160.4451
2.75 2.375 44955936.4579
3.25 2.375 42458384.4324
3.75 2.375 34341340.3498
4.25 2.375 25912102.2639
4.75 2.375 25912102.2639
5.25 2.375 15609700.159
5.75 2.375 9053626.09221
6.25 2.375 6243880.06359
6.75 2.375 2185358.02226
7.25 2.375 0.0
7.75 2.375 0.0
8.25 2.375 0.0
8.75 2.375 0.0
0.25 2.625 51199816.5215
0.75 2.625 45268130.461
1.25 2.625 51824204.5278
1.75 2.625 45580324.4642
2.25 2.625 42770578.4356
2.75 2.625 37463280.3816
3.25 2.625 34653534.3529
3.75 2.625 27785266.283
4.25 2.625 24351132.248
4.75 2.625 17482864.1781
5.25 2.625 14673118.1494
5.75 2.625 9053626.09221
6.25 2.625 4058522.04133
6.75 2.625 1873164.01908
7.25 2.625 624388.006359
7.75 2.625 0.0
8.25 2.625 0.0
8.75 2.625 0.0
0.25 2.875 39024250.3975
0.75 2.875 46516906.4738
1.25 2.875 49638846.5056
1.75 2.875 38399862.3911
2.25 2.875 32780370.3339
2.75 2.875 32780370.3339
3.25 2.875 28097460.2862
3.75 2.875 25287714.2575
4.25 2.875 22790162.2321
4.75 2.875 13424342.1367
5.25 2.875 10614596.1081
5.75 2.875 7180462.07313
6.25 2.875 2185358.02226
6.75 2.875 1873164.01908
7.25 2.875 0.0
7.75 2.875 0.0
8.25 2.875 0.0
8.75 2.875 0.0
0.25 3.125 36214504.3688
0.75 3.125 40897414.4165
1.25 3.125 28409654.2893
1.75 3.125 33404758.3402
2.25 3.125 25287714.2575
2.75 3.125 27473072.2798
3.25 3.125 25287714.2575
3.75 3.125 18107252.1844
4.25 3.125 15297506.1558
4.75 3.125 13736536.1399
5.25 3.125 8741432.08903
5.75 3.125 3746328.03816
6.25 3.125 4058522.04133
6.75 3.125 312194.00318
7.25 3.125 0.0
7.75 3.125 0.0
8.25 3.125 0.0
8.75 3.125 0.0
0.25 3.375 36838892.3752
0.75 3.375 29970624.3052
1.25 3.375 34965728.3561
1.75 3.375 32155982.3275
2.25 3.375 21229192.2162
2.75 3.375 24038938.2448
3.25 3.375 17795058.1812
3.75 3.375 17482864.1781
4.25 3.375 13112148.1335
4.75 3.375 9990208.10175
5.25 3.375 6243880.06359
5.75 3.375 4058522.04133
6.25 3.375 936582.009539
6.75 3.375 624388.006359
7.25 3.375 0.0
7.75 3.375 0.0
8.25 3.375 0.0
8.75 3.375 0.0
0.25 3.625 21541386.2194
0.75 3.625 29034042.2957
1.25 3.625 24663326.2512
1.75 3.625 19668222.2003
2.25 3.625 19668222.2003
2.75 3.625 17482864.1781
3.25 3.625 21541386.2194
3.75 3.625 11863372.1208
4.25 3.625 10302402.1049
4.75 3.625 6868268.06995
5.25 3.625 6243880.06359
5.75 3.625 4682910.04769
6.25 3.625 2497552.02544
6.75 3.625 624388.006359
7.25 3.625 0.0
7.75 3.625 0.0
8.25 3.625 0.0
8.75 3.625 0.0
0.25 3.875 27785266.283
0.75 3.875 21541386.2194
1.25 3.875 17482864.1781
1.75 3.875 23102356.2353
2.25 3.875 15609700.159
2.75 3.875 16234088.1653
3.25 3.875 11238984.1145
3.75 3.875 10614596.1081
4.25 3.875 8429238.08585
4.75 3.875 6868268.06995
5.25 3.875 4682910.04769
5.75 3.875 2185358.02226
6.25 3.875 624388.006359
6.75 3.875 312194.00318
7.25 3.875 0.0
7.75 3.875 0.0
8.25 3.875 0.0
8.75 3.875 0.0
0.25 4.125 21229192.2162
0.75 4.125 16546282.1685
1.25 4.125 17482864.1781
1.75 4.125 17482864.1781
2.25 4.125 16546282.1685
2.75 4.125 13424342.1367
3.25 4.125 12487760.1272
3.75 4.125 10302402.1049
4.25 4.125 9053626.09221
4.75 4.125 4995104.05087
5.25 4.125 5619492.05723
5.75 4.125 624388.006359
6.25 4.125 624388.006359
6.75 4.125 312194.00318
7.25 4.125 0.0
7.75 4.125 0.0
8.25 4.125 0.0
8.75 4.125 0.0
0.25 4.375 11238984.1145
0.75 4.375 12487760.1272
1.25 4.375 14048730.1431
1.75 4.375 10302402.1049
2.25 4.375 12175566.124
2.75 4.375 11238984.1145
3.25 4.375 7492656.07631
3.75 4.375 7804850.07949
4.25 4.375 9053626.09221
4.75 4.375 4370716.04451
5.25 4.375 2185358.02226
5.75 4.375 936582.009539
6.25 4.375 624388.006359
6.75 4.375 0.0
7.25 4.375 0.0
7.75 4.375 0.0
8.25 4.375 0.0
8.75 4.375 0.0
0.25 4.625 9365820.09539
0.75 4.625 14360924.1463
1.25 4.625 10926790.1113
1.75 4.625 12175566.124
2.25 4.625 8117044.08267
2.75 4.625 8117044.08267
3.25 4.625 7492656.07631
3.75 4.625 6556074.06677
4.25 4.625 3434134.03498
4.75 4.625 2809746.02862
5.25 4.625 2185358.02226
5.75 4.625 1873164.01908
6.25 4.625 0.0
6.75 4.625 312194.00318
7.25 4.625 0.0
7.75 4.625 0.0
8.25 4.625 0.0
8.75 4.625 0.0
0.25 4.875 14048730.1431
0.75 4.875 13112148.1335
1.25 4.875 9990208.10175
1.75 4.875 12487760.1272
2.25 4.875 11238984.1145
2.75 4.875 8429238.08585
3.25 4.875 7180462.07313
3.75 4.875 4058522.04133
4.25 4.875 2809746.02862
4.75 4.875 2497552.02544
5.25 4.875 936582.009539
5.75 4.875 624388.006359
6.25 4.875 936582.009539
6.75 4.875 0.0
7.25 4.875 0.0
7.75 4.875 0.0
8.25 4.875 0.0
8.75 4.875 0.0
0.25 5.125 7180462.07313
0.75 5.125 9365820.09539
1.25 5.125 8741432.08903
1.75 5.125 8429238.08585
2.25 5.125 8741432.08903
2.75 5.125 3121940.0318
3.25 5.125 6243880.06359
3.75 5.125 5931686.06041
4.25 5.125 3121940.0318
4.75 5.125 1873164.01908
5.25 5.125 2809746.02862
5.75 5.125 1248776.01272
6.25 5.125 0.0
6.75 5.125 0.0
7.25 5.125 0.0
7.75 5.125 0.0
8.25 5.125 0.0
8.75 5.125 0.0
0.25 5.375 11238984.1145
0.75 5.375 6868268.06995
1.25 5.375 4682910.04769
1.75 5.375 5931686.06041
2.25 5.375 5931686.06041
2.75 5.375 4682910.04769
3.25 5.375 2497552.02544
3.75 5.375 3434134.03498
4.25 5.375 1873164.01908
4.75 5.375 312194.00318
5.25 5.375 1248776.01272
5.75 5.375 624388.006359
6.25 5.375 624388.006359
6.75 5.375 0.0
7.25 5.375 0.0
7.75 5.375 0.0
8.25 5.375 0.0
8.75 5.375 0.0
0.25 5.625 4370716.04451
0.75 5.625 6556074.06677
1.25 5.625 7804850.07949
1.75 5.625 4682910.04769
2.25 5.625 6243880.06359
2.75 5.625 4370716.04451
3.25 5.625 3746328.03816
3.75 5.625 2497552.02544
4.25 5.625 2809746.02862
4.75 5.625 1560970.0159
5.25 5.625 624388.006359
5.75 5.625 0.0
6.25 5.625 0.0
6.75 5.625 0.0
7.25 5.625 0.0
7.75 5.625 0.0
8.25 5.625 0.0
8.75 5.625 0.0
0.25 5.875 4995104.05087
0.75 5.875 7804850.07949
1.25 5.875 4058522.04133
1.75 5.875 3746328.03816
2.25 5.875 3121940.0318
2.75 5.875 4995104.05087
3.25 5.875 2185358.02226
3.75 5.875 2185358.02226
4.25 5.875 624388.006359
4.75 5.875 936582.009539
5.25 5.875 624388.006359
5.75 5.875 624388.006359
6.25 5.875 0.0
6.75 5.875 0.0
7.25 5.875 0.0
7.75 5.875 0.0
8.25 5.875 0.0
8.75 5.875 0.0
0.25 6.125 4995104.05087
0.75 6.125 4682910.04769
1.25 6.125 4370716.04451
1.75 6.125 5619492.05723
2.25 6.125 3121940.0318
2.75 6.125 2809746.02862
3.25 6.125 4058522.04133
3.75 6.125 3434134.03498
4.25 6.125 936582.009539
4.75 6.125 624388.006359
5.25 6.125 936582.009539
5.75 6.125 312194.00318
6.25 6.125 0.0
6.75 6.125 0.0
7.25 6.125 0.0
7.75 6.125 0.0
8.25 6.125 0.0
8.75 6.125 0.0
0.25 6.375 2497552.02544
0.75 6.375 3434134.03498
1.25 6.375 3746328.03816
1.75 6.375 4058522.04133
2.25 6.375 2185358.02226
2.75 6.375 3746328.03816
3.25 6.375 2185358.02226
3.75 6.375 1560970.0159
4.25 6.375 1248776.01272
4.75 6.375 936582.009539
5.25 6.375 312194.00318
5.75 6.375 624388.006359
6.25 6.375 0.0
6.75 6.375 0.0
7.25 6.375 0.0
7.75 6.375 0.0
8.25 6.375 0.0
8.75 6.375 0.0
0.25 6.625 1248776.01272
0.75 6.625 4682910.04769
1.25 6.625 4058522.04133
1.75 6.625 2185358.02226
2.25 6.625 2809746.02862
2.75 6.625 2185358.02226
3.25 6.625 2185358.02226
3.75 6.625 1560970.0159
4.25 6.625 936582.009539
4.75 6.625 312194.00318
5.25 6.625 0.0
5.75 6.625 312194.00318
6.25 6.625 0.0
6.75 6.625 0.0
7.25 6.625 0.0
7.75 6.625 0.0
8.25 6.625 0.0
8.75 6.625 0.0
0.25 6.875 1873164.01908
0.75 6.875 2809746.02862
1.25 6.875 2497552.02544
1.75 6.875 2185358.02226
2.25 6.875 1560970.0159
2.75 6.875 1248776.01272
3.25 6.875 312194.00318
3.75 6.875 936582.009539
4.25 6.875 1873164.01908
4.75 6.875 312194.00318
5.25 6.875 312194.00318
5.75 6.875 0.0
6.25 6.875 0.0
6.75 6.875 0.0
7.25 6.875 0.0
7.75 6.875 0.0
8.25 6.875 0.0
8.75 6.875 0.0
0.25 7.125 1560970.0159
0.75 7.125 1873164.01908
1.25 7.125 2497552.02544
1.75 7.125 624388.006359
2.25 7.125 1873164.01908
2.75 7.125 1873164.01908
3.25 7.125 1248776.01272
3.75 7.125 1560970.0159
4.25 7.125 936582.009539
4.75 7.125 936582.009539
5.25 7.125 312194.00318
5.75 7.125 312194.00318
6.25 7.125 0.0
6.75 7.125 0.0
7.25 7.125 0.0
7.75 7.125 0.0
8.25 7.125 0.0
8.75 7.125 0.0
0.25 7.375 3746328.03816
0.75 7.375 1248776.01272
1.25 7.375 2185358.02226
1.75 7.375 2185358.02226
2.25 7.375 624388.006359
2.75 7.375 1248776.01272
3.25 7.375 936582.009539
3.75 7.375 936582.009539
4.25 7.375 624388.006359
4.75 7.375 624388.006359
5.25 7.375 312194.00318
5.75 7.375 0.0
6.25 7.375 0.0
6.75 7.375 0.0
7.25 7.375 0.0
7.75 7.375 0.0
8.25 7.375 0.0
8.75 7.375 0.0
0.25 7.625 2185358.02226
0.75 7.625 2185358.02226
1.25 7.625 1248776.01272
1.75 7.625 2185358.02226
2.25 7.625 1873164.01908
2.75 7.625 312194.00318
3.25 7.625 936582.009539
3.75 7.625 624388.006359
4.25 7.625 624388.006359
4.75 7.625 624388.006359
5.25 7.625 0.0
5.75 7.625 0.0
6.25 7.625 0.0
6.75 7.625 0.0
7.25 7.625 0.0
7.75 7.625 0.0
8.25 7.625 0.0
8.75 7.625 0.0
0.25 7.875 936582.009539
0.75 7.875 2497552.02544
1.25 7.875 936582.009539
1.75 7.875 936582.009539
2.25 7.875 2185358.02226
2.75 7.875 1873164.01908
3.25 7.875 936582.009539
3.75 7.875 0.0
4.25 7.875 936582.009539
4.75 7.875 312194.00318
5.25 7.875 936582.009539
5.75 7.875 0.0
6.25 7.875 0.0
6.75 7.875 0.0
7.25 7.875 0.0
7.75 7.875 0.0
8.25 7.875 0.0
8.75 7.875 0.0
0.25 8.125 1248776.01272
0.75 8.125 2185358.02226
1.25 8.125 312194.00318
1.75 8.125 936582.009539
2.25 8.125 936582.009539
2.75 8.125 1248776.01272
3.25 8.125 936582.009539
3.75 8.125 1560970.0159
4.25 8.125 624388.006359
4.75 8.125 624388.006359
5.25 8.125 312194.00318
5.75 8.125 0.0
6.25 8.125 0.0
6.75 8.125 0.0
7.25 8.125 0.0
7.75 8.125 0.0
8.25 8.125 0.0
8.75 8.125 0.0
0.25 8.375 936582.009539
0.75 8.375 312194.00318
1.25 8.375 1248776.01272
1.75 8.375 936582.009539
2.25 8.375 624388.006359
2.75 8.375 1248776.01272
3.25 8.375 312194.00318
3.75 8.375 624388.006359
4.25 8.375 0.0
4.75 8.375 312194.00318
5.25 8.375 312194.00318
5.75 8.375 312194.00318
6.25 8.375 312194.00318
6.75 8.375 0.0
7.25 8.375 0.0
7.75 8.375 0.0
8.25 8.375 0.0
8.75 8.375 0.0
0.25 8.625 1560970.0159
0.75 8.625 624388.006359
1.25 8.625 1873164.01908
1.75 8.625 624388.006359
2.25 8.625 312194.00318
2.75 8.625 936582.009539
3.25 8.625 624388.006359
3.75 8.625 312194.00318
4.25 8.625 0.0
4.75 8.625 624388.006359
5.25 8.625 0.0
5.75 8.625 0.0
6.25 8.625 0.0
6.75 8.625 0.0
7.25 8.625 0.0
7.75 8.625 0.0
8.25 8.625 0.0
8.75 8.625 0.0
0.25 8.875 624388.006359
0.75 8.875 312194.00318
1.25 8.875 936582.009539
1.75 8.875 312194.00318
2.25 8.875 936582.009539
2.75 8.875 312194.00318
3.25 8.875 312194.00318
3.75 8.875 0.0
4.25 8.875 0.0
4.75 8.875 0.0
5.25 8.875 0.0
5.75 8.875 0.0
6.25 8.875 0.0
6.75 8.875 0.0
7.25 8.875 0.0
7.75 8.875 0.0
8.25 8.875 0.0
8.75 8.875 0.0
0.25 9.125 624388.006359
0.75 9.125 312194.00318
1.25 9.125 936582.009539
1.75 9.125 936582.009539
2.25 9.125 936582.009539
2.75 9.125 312194.00318
3.25 9.125 312194.00318
3.75 9.125 0.0
4.25 9.125 0.0
4.75 9.125 0.0
5.25 9.125 0.0
5.75 9.125 0.0
6.25 9.125 0.0
6.75 9.125 0.0
7.25 9.125 0.0
7.75 9.125 0.0
8.25 9.125 0.0
8.75 9.125 0.0
0.25 9.375 624388.006359
0.75 9.375 624388.006359
1.25 9.375 1248776.01272
1.75 9.375 312194.00318
2.25 9.375 1248776.01272
2.75 9.375 0.0
3.25 9.375 0.0
3.75 9.375 0.0
4.25 9.375 0.0
4.75 9.375 312194.00318
5.25 9.375 0.0
5.75 9.375 0.0
6.25 9.375 0.0
6.75 9.375 0.0
7.25 9.375 0.0
7.75 9.375 0.0
8.25 9.375 0.0
8.75 9.375 0.0
0.25 9.625 936582.009539
0.75 9.625 0.0
1.25 9.625 624388.006359
1.75 9.625 0.0
2.25 9.625 624388.006359
2.75 9.625 312194.00318
3.25 9.625 312194.00318
3.75 9.625 0.0
4.25 9.625 0.0
4.75 9.625 312194.00318
5.25 9.625 0.0
5.75 9.625 0.0
6.25 9.625 0.0
6.75 9.625 0.0
7.25 9.625 0.0
7.75 9.625 0.0
8.25 9.625 0.0
8.75 9.625 0.0
0.25 9.875 0.0
0.75 9.875 624388.006359
1.25 9.875 0.0
1.75 9.875 936582.009539
2.25 9.875 312194.00318
2.75 9.875 312194.00318
3.25 9.875 936582.009539
3.75 9.875 0.0
4.25 9.875 0.0
4.75 9.875 0.0
5.25 9.875 0.0
5.75 9.875 0.0
6.25 9.875 0.0
6.75 9.875 0.0
7.25 9.875 0.0
7.75 9.875 0.0
8.25 9.875 0.0
8.75 9.875 0.0
0.25 10.125 312194.00318
0.75 10.125 624388.006359
1.25 10.125 312194.00318
1.75 10.125 312194.00318
2.25 10.125 624388.006359
2.75 10.125 624388.006359
3.25 10.125 0.0
3.75 10.125 0.0
4.25 10.125 0.0
4.75 10.125 312194.00318
5.25 10.125 0.0
5.75 10.125 0.0
6.25 10.125 0.0
6.75 10.125 0.0
7.25 10.125 0.0
7.75 10.125 0.0
8.25 10.125 0.0
8.75 10.125 0.0
0.25 10.375 0.0
0.75 10.375 0.0
1.25 10.375 936582.009539
1.75 10.375 0.0
2.25 10.375 1248776.01272
2.75 10.375 0.0
3.25 10.375 312194.00318
3.75 10.375 0.0
4.25 10.375 0.0
4.75 10.375 0.0
5.25 10.375 0.0
5.75 10.375 0.0
6.25 10.375 0.0
6.75 10.375 0.0
7.25 10.375 0.0
7.75 10.375 0.0
8.25 10.375 0.0
8.75 10.375 0.0
0.25 10.625 0.0
0.75 10.625 624388.006359
1.25 10.625 624388.006359
1.75 10.625 0.0
2.25 10.625 624388.006359
2.75 10.625 624388.006359
3.25 10.625 0.0
3.75 10.625 312194.00318
4.25 10.625 0.0
4.75 10.625 0.0
5.25 10.625 0.0
5.75 10.625 0.0
6.25 10.625 0.0
6.75 10.625 0.0
7.25 10.625 0.0
7.75 10.625 0.0
8.25 10.625 0.0
8.75 10.625 0.0
0.25 10.875 0.0
0.75 10.875 312194.00318
1.25 10.875 312194.00318
1.75 10.875 0.0
2.25 10.875 0.0
2.75 10.875 0.0
3.25 10.875 0.0
3.75 10.875 0.0
4.25 10.875 0.0
4.75 10.875 0.0
5.25 10.875 0.0
5.75 10.875 0.0
6.25 10.875 0.0
6.75 10.875 0.0
7.25 10.875 0.0
7.75 10.875 0.0
8.25 10.875 0.0
8.75 10.875 0.0
0.25 11.125 312194.00318
0.75 11.125 624388.006359
1.25 11.125 312194.00318
1.75 11.125 312194.00318
2.25 11.125 0.0
2.75 11.125 0.0
3.25 11.125 312194.00318
3.75 11.125 0.0
4.25 11.125 312194.00318
4.75 11.125 0.0
5.25 11.125 0.0
5.75 11.125 0.0
6.25 11.125 0.0
6.75 11.125 0.0
7.25 11.125 0.0
7.75 11.125 0.0
8.25 11.125 0.0
8.75 11.125 0.0
0.25 11.375 0.0
0.75 11.375 312194.00318
1.25 11.375 312194.00318
1.75 11.375 0.0
2.25 11.375 624388.006359
2.75 11.375 0.0
3.25 11.375 0.0
3.75 11.375 312194.00318
4.25 11.375 0.0
4.75 11.375 0.0
5.25 11.375 0.0
5.75 11.375 0.0
6.25 11.375 0.0
6.75 11.375 0.0
7.25 11.375 0.0
7.75 11.375 0.0
8.25 11.375 0.0
8.75 11.375 0.0
0.25 11.625 624388.006359
0.75 11.625 312194.00318
1.25 11.625 0.0
1.75 11.625 624388.006359
2.25 11.625 0.0
2.75 11.625 312194.00318
3.25 11.625 312194.00318
3.75 11.625 312194.00318
4.25 11.625 312194.00318
4.75 11.625 0.0
5.25 11.625 0.0
5.75 11.625 0.0
6.25 11.625 0.0
6.75 11.625 0.0
7.25 11.625 0.0
7.75 11.625 0.0
8.25 11.625 0.0
8.75 11.625 0.0
0.25 11.875 312194.00318
0.75 11.875 0.0
1.25 11.875 0.0
1.75 11.875 0.0
2.25 11.875 0.0
2.75 11.875 0.0
3.25 11.875 0.0
3.75 11.875 0.0
4.25 11.875 312194.00318
4.75 11.875 0.0
5.25 11.875 0.0
5.75 11.875 0.0
6.25 11.875 0.0
6.75 11.875 0.0
7.25 11.875 0.0
7.75 11.875 0.0
8.25 11.875 0.0
8.75 11.875 0.0
0.25 12.125 312194.00318
0.75 12.125 624388.006359
1.25 12.125 0.0
1.75 12.125 0.0
2.25 12.125 0.0
2.75 12.125 0.0
3.25 12.125 0.0
3.75 12.125 0.0
4.25 12.125 0.0
4.75 12.125 0.0
5.25 12.125 0.0
5.75 12.125 0.0
6.25 12.125 0.0
6.75 12.125 0.0
7.25 12.125 0.0
7.75 12.125 0.0
8.25 12.125 0.0
8.75 12.125 0.0
0.25 12.375 0.0
0.75 12.375 312194.00318
1.25 12.375 0.0
1.75 12.375 312194.00318
2.25 12.375 312194.00318
2.75 12.375 0.0
3.25 12.375 312194.00318
3.75 12.375 0.0
4.25 12.375 0.0
4.75 12.375 0.0
5.25 12.375 0.0
5.75 12.375 0.0
6.25 12.375 312194.00318
6.75 12.375 0.0
7.25 12.375 0.0
7.75 12.375 0.0
8.25 12.375 0.0
8.75 12.375 0.0
0.25 12.625 0.0
0.75 12.625 0.0
1.25 12.625 312194.00318
1.75 12.625 0.0
2.25 12.625 0.0
2.75 12.625 0.0
3.25 12.625 0.0
3.75 12.625 0.0
4.25 12.625 0.0
4.75 12.625 0.0
5.25 12.625 0.0
5.75 12.625 0.0
6.25 12.625 0.0
6.75 12.625 0.0
7.25 12.625 0.0
7.75 12.625 0.0
8.25 12.625 0.0
8.75 12.625 0.0
0.25 12.875 0.0
0.75 12.875 312194.00318
1.25 12.875 0.0
1.75 12.875 0.0
2.25 12.875 0.0
2.75 12.875 0.0
3.25 12.875 0.0
3.75 12.875 0.0
4.25 12.875 0.0
4.75 12.875 0.0
5.25 12.875 0.0
5.75 12.875 0.0
6.25 12.875 0.0
6.75 12.875 0.0
7.25 12.875 0.0
7.75 12.875 0.0
8.25 12.875 0.0
8.75 12.875 0.0
0.25 13.125 0.0
0.75 13.125 0.0
1.25 13.125 0.0
1.75 13.125 0.0
2.25 13.125 0.0
2.75 13.125 0.0
3.25 13.125 0.0
3.75 13.125 0.0
4.25 13.125 0.0
4.75 13.125 0.0
5.25 13.125 0.0
5.75 13.125 0.0
6.25 13.125 0.0
6.75 13.125 0.0
7.25 13.125 0.0
7.75 13.125 0.0
8.25 13.125 0.0
8.75 13.125 0.0
0.25 13.375 0.0
0.75 13.375 624388.006359
1.25 13.375 0.0
1.75 13.375 0.0
2.25 13.375 0.0
2.75 13.375 312194.00318
3.25 13.375 0.0
3.75 13.375 0.0
4.25 13.375 0.0
4.75 13.375 0.0
5.25 13.375 0.0
5.75 13.375 0.0
6.25 13.375 0.0
6.75 13.375 0.0
7.25 13.375 0.0
7.75 13.375 0.0
8.25 13.375 0.0
8.75 13.375 0.0
0.25 13.625 0.0
0.75 13.625 0.0
1.25 13.625 0.0
1.75 13.625 0.0
2.25 13.625 0.0
2.75 13.625 0.0
3.25 13.625 0.0
3.75 13.625 0.0
4.25 13.625 0.0
4.75 13.625 0.0
5.25 13.625 0.0
5.75 13.625 0.0
6.25 13.625 0.0
6.75 13.625 0.0
7.25 13.625 0.0
7.75 13.625 0.0
8.25 13.625 0.0
8.75 13.625 0.0
0.25 13.875 0.0
0.75 13.875 0.0
1.25 13.875 0.0
1.75 13.875 0.0
2.25 13.875 0.0
2.75 13.875 0.0
3.25 13.875 0.0
3.75 13.875 312194.00318
4.25 13.875 0.0
4.75 13.875 0.0
5.25 13.875 0.0
5.75 13.875 0.0
6.25 13.875 0.0
6.75 13.875 0.0
7.25 13.875 0.0
7.75 13.875 0.0
8.25 13.875 0.0
8.75 13.875 0.0
0.25 14.125 0.0
0.75 14.125 0.0
1.25 14.125 0.0
1.75 14.125 0.0
2.25 14.125 0.0
2.75 14.125 0.0
3.25 14.125 0.0
3.75 14.125 0.0
4.25 14.125 0.0
4.75 14.125 0.0
5.25 14.125 0.0
5.75 14.125 0.0
6.25 14.125 0.0
6.75 14.125 0.0
7.25 14.125 0.0
7.75 14.125 0.0
8.25 14.125 0.0
8.75 14.125 0.0
0.25 14.375 312194.00318
0.75 14.375 0.0
1.25 14.375 0.0
1.75 14.375 0.0
2.25 14.375 0.0
2.75 14.375 0.0
3.25 14.375 0.0
3.75 14.375 0.0
4.25 14.375 0.0
4.75 14.375 0.0
5.25 14.375 0.0
5.75 14.375 0.0
6.25 14.375 0.0
6.75 14.375 0.0
7.25 14.375 0.0
7.75 14.375 0.0
8.25 14.375 0.0
8.75 14.375 0.0
0.25 14.625 0.0
0.75 14.625 0.0
1.25 14.625 0.0
1.75 14.625 0.0
2.25 14.625 0.0
2.75 14.625 0.0
3.25 14.625 0.0
3.75 14.625 0.0
4.25 14.625 0.0
4.75 14.625 0.0
5.25 14.625 0.0
5.75 14.625 0.0
6.25 14.625 0.0
6.75 14.625 0.0
7.25 14.625 0.0
7.75 14.625 0.0
8.25 14.625 0.0
8.75 14.625 0.0
0.25 14.875 0.0
0.75 14.875 0.0
1.25 14.875 0.0
1.75 14.875 0.0
2.25 14.875 0.0
2.75 14.875 312194.00318
3.25 14.875 0.0
3.75 14.875 0.0
4.25 14.875 0.0
4.75 14.875 0.0
5.25 14.875 0.0
5.75 14.875 0.0
6.25 14.875 0.0
6.75 14.875 0.0
7.25 14.875 0.0
7.75 14.875 0.0
8.25 14.875 0.0
8.75 14.875 0.0
0.25 15.125 312194.00318
0.75 15.125 0.0
1.25 15.125 0.0
1.75 15.125 0.0
2.25 15.125 0.0
2.75 15.125 0.0
3.25 15.125 312194.00318
3.75 15.125 0.0
4.25 15.125 0.0
4.75 15.125 0.0
5.25 15.125 0.0
5.75 15.125 0.0
6.25 15.125 0.0
6.75 15.125 0.0
7.25 15.125 0.0
7.75 15.125 0.0
8.25 15.125 0.0
8.75 15.125 0.0
0.25 15.375 0.0
0.75 15.375 0.0
1.25 15.375 312194.00318
1.75 15.375 0.0
2.25 15.375 0.0
2.75 15.375 0.0
3.25 15.375 0.0
3.75 15.375 0.0
4.25 15.375 0.0
4.75 15.375 0.0
5.25 15.375 0.0
5.75 15.375 0.0
6.25 15.375 0.0
6.75 15.375 0.0
7.25 15.375 0.0
7.75 15.375 0.0
8.25 15.375 0.0
8.75 15.375 0.0
0.25 15.625 312194.00318
0.75 15.625 0.0
1.25 15.625 0.0
1.75 15.625 0.0
2.25 15.625 0.0
2.75 15.625 0.0
3.25 15.625 0.0
3.75 15.625 0.0
4.25 15.625 0.0
4.75 15.625 0.0
5.25 15.625 0.0
5.75 15.625 0.0
6.25 15.625 0.0
6.75 15.625 0.0
7.25 15.625 0.0
7.75 15.625 0.0
8.25 15.625 0.0
8.75 15.625 0.0
0.25 15.875 0.0
0.75 15.875 0.0
1.25 15.875 0.0
1.75 15.875 0.0
2.25 15.875 0.0
2.75 15.875 0.0
3.25 15.875 0.0
3.75 15.875 0.0
4.25 15.875 0.0
4.75 15.875 0.0
5.25 15.875 0.0
5.75 15.875 0.0
6.25 15.875 0.0
6.75 15.875 0.0
7.25 15.875 0.0
7.75 15.875 0.0
8.25 15.875 0.0
8.75 15.875 0.0
0.25 16.125 0.0
0.75 16.125 0.0
1.25 16.125 0.0
1.75 16.125 0.0
2.25 16.125 0.0
2.75 16.125 0.0
3.25 16.125 0.0
3.75 16.125 0.0
4.25 16.125 0.0
4.75 16.125 0.0
5.25 16.125 0.0
5.75 16.125 0.0
6.25 16.125 0.0
6.75 16.125 0.0
7.25 16.125 0.0
7.75 16.125 0.0
8.25 16.125 0.0
8.75 16.125 0.0
0.25 16.375 0.0
0.75 16.375 624388.006359
1.25 16.375 0.0
1.75 16.375 0.0
2.25 16.375 0.0
2.75 16.375 0.0
3.25 16.375 0.0
3.75 16.375 0.0
4.25 16.375 0.0
4.75 16.375 0.0
5.25 16.375 0.0
5.75 16.375 0.0
6.25 16.375 0.0
6.75 16.375 0.0
7.25 16.375 0.0
7.75 16.375 0.0
8.25 16.375 0.0
8.75 16.375 0.0
0.25 16.625 0.0
0.75 16.625 0.0
1.25 16.625 0.0
1.75 16.625 0.0
2.25 16.625 0.0
2.75 16.625 0.0
3.25 16.625 0.0
3.75 16.625 0.0
4.25 16.625 0.0
4.75 16.625 0.0
5.25 16.625 0.0
5.75 16.625 0.0
6.25 16.625 0.0
6.75 16.625 0.0
7.25 16.625 0.0
7.75 16.625 0.0
8.25 16.625 0.0
8.75 16.625 0.0
0.25 16.875 0.0
0.75 16.875 0.0
1.25 16.875 0.0
1.75 16.875 0.0
2.25 16.875 0.0
2.75 16.875 312194.00318
3.25 16.875 0.0
3.75 16.875 0.0
4.25 16.875 0.0
4.75 16.875 0.0
5.25 16.875 0.0
5.75 16.875 0.0
6.25 16.875 0.0
6.75 16.875 0.0
7.25 16.875 0.0
7.75 16.875 0.0
8.25 16.875 0.0
8.75 16.875 0.0
0.25 17.125 0.0
0.75 17.125 0.0
1.25 17.125 0.0
1.75 17.125 0.0
2.25 17.125 0.0
2.75 17.125 312194.00318
3.25 17.125 0.0
3.75 17.125 0.0
4.25 17.125 0.0
4.75 17.125 0.0
5.25 17.125 0.0
5.75 17.125 0.0
6.25 17.125 0.0
6.75 17.125 0.0
7.25 17.125 0.0
7.75 17.125 0.0
8.25 17.125 0.0
8.75 17.125 0.0
0.25 17.375 0.0
0.75 17.375 0.0
1.25 17.375 0.0
1.75 17.375 0.0
2.25 17.375 0.0
2.75 17.375 0.0
3.25 17.375 0.0
3.75 17.375 0.0
4.25 17.375 0.0
4.75 17.375 0.0
5.25 17.375 0.0
5.75 17.375 0.0
6.25 17.375 0.0
6.75 17.375 0.0
7.25 17.375 0.0
7.75 17.375 0.0
8.25 17.375 0.0
8.75 17.375 0.0
0.25 17.625 0.0
0.75 17.625 0.0
1.25 17.625 0.0
1.75 17.625 0.0
2.25 17.625 0.0
2.75 17.625 0.0
3.25 17.625 0.0
3.75 17.625 0.0
4.25 17.625 0.0
4.75 17.625 0.0
5.25 17.625 0.0
5.75 17.625 0.0
6.25 17.625 0.0
6.75 17.625 0.0
7.25 17.625 0.0
7.75 17.625 0.0
8.25 17.625 0.0
8.75 17.625 0.0
0.25 17.875 0.0
0.75 17.875 0.0
1.25 17.875 0.0
1.75 17.875 0.0
2.25 17.875 312194.00318
2.75 17.875 0.0
3.25 17.875 0.0
3.75 17.875 0.0
4.25 17.875 0.0
4.75 17.875 0.0
5.25 17.875 0.0
5.75 17.875 0.0
6.25 17.875 0.0
6.75 17.875 0.0
7.25 17.875 0.0
7.75 17.875 0.0
8.25 17.875 0.0
8.75 17.875 0.0
0.25 18.125 0.0
0.75 18.125 0.0
1.25 18.125 0.0
1.75 18.125 0.0
2.25 18.125 0.0
2.75 18.125 0.0
3.25 18.125 0.0
3.75 18.125 0.0
4.25 18.125 0.0
4.75 18.125 0.0
5.25 18.125 0.0
5.75 18.125 0.0
6.25 18.125 0.0
6.75 18.125 0.0
7.25 18.125 0.0
7.75 18.125 0.0
8.25 18.125 0.0
8.75 18.125 0.0
0.25 18.375 0.0
0.75 18.375 0.0
1.25 18.375 0.0
1.75 18.375 0.0
2.25 18.375 0.0
2.75 18.375 0.0
3.25 18.375 0.0
3.75 18.375 0.0
4.25 18.375 0.0
4.75 18.375 0.0
5.25 18.375 0.0
5.75 18.375 0.0
6.25 18.375 0.0
6.75 18.375 0.0
7.25 18.375 0.0
7.75 18.375 0.0
8.25 18.375 0.0
8.75 18.375 0.0
0.25 18.625 0.0
0.75 18.625 0.0
1.25 18.625 0.0
1.75 18.625 0.0
2.25 18.625 0.0
2.75 18.625 312194.00318
3.25 18.625 0.0
3.75 18.625 0.0
4.25 18.625 0.0
4.75 18.625 0.0
5.25 18.625 0.0
5.75 18.625 0.0
6.25 18.625 0.0
6.75 18.625 0.0
7.25 18.625 0.0
7.75 18.625 0.0
8.25 18.625 0.0
8.75 18.625 0.0
0.25 18.875 0.0
0.75 18.875 0.0
1.25 18.875 0.0
1.75 18.875 0.0
2.25 18.875 0.0
2.75 18.875 0.0
3.25 18.875 0.0
3.75 18.875 0.0
4.25 18.875 0.0
4.75 18.875 0.0
5.25 18.875 0.0
5.75 18.875 0.0
6.25 18.875 0.0
6.75 18.875 0.0
7.25 18.875 0.0
7.75 18.875 0.0
8.25 18.875 0.0
8.75 18.875 0.0
0.25 19.125 0.0
0.75 19.125 0.0
1.25 19.125 0.0
1.75 19.125 0.0
2.25 19.125 0.0
2.75 19.125 0.0
3.25 19.125 0.0
3.75 19.125 0.0
4.25 19.125 0.0
4.75 19.125 0.0
5.25 19.125 0.0
5.75 19.125 0.0
6.25 19.125 0.0
6.75 19.125 0.0
7.25 19.125 0.0
7.75 19.125 0.0
8.25 19.125 0.0
8.75 19.125 0.0
0.25 19.375 0.0
0.75 19.375 0.0
1.25 19.375 0.0
1.75 19.375 0.0
2.25 19.375 0.0
2.75 19.375 0.0
3.25 19.375 0.0
3.75 19.375 0.0
4.25 19.375 0.0
4.75 19.375 0.0
5.25 19.375 0.0
5.75 19.375 0.0
6.25 19.375 0.0
6.75 19.375 0.0
7.25 19.375 0.0
7.75 19.375 0.0
8.25 19.375 0.0
8.75 19.375 0.0
0.25 19.625 0.0
0.75 19.625 0.0
1.25 19.625 0.0
1.75 19.625 0.0
2.25 19.625 0.0
2.75 19.625 0.0
3.25 19.625 0.0
3.75 19.625 0.0
4.25 19.625 0.0
4.75 19.625 0.0
5.25 19.625 0.0
5.75 19.625 0.0
6.25 19.625 0.0
6.75 19.625 0.0
7.25 19.625 0.0
7.75 19.625 0.0
8.25 19.625 0.0
8.75 19.625 0.0
0.25 19.875 0.0
0.75 19.875 0.0
1.25 19.875 0.0
1.75 19.875 0.0
2.25 19.875 0.0
2.75 19.875 0.0
3.25 19.875 0.0
3.75 19.875 0.0
4.25 19.875 0.0
4.75 19.875 0.0
5.25 19.875 0.0
5.75 19.875 0.0
6.25 19.875 0.0
6.75 19.875 0.0
7.25 19.875 0.0
7.75 19.875 0.0
8.25 19.875 0.0
8.75 19.875 0.0
0.25 20.125 0.0
0.75 20.125 0.0
1.25 20.125 0.0
1.75 20.125 0.0
2.25 20.125 0.0
2.75 20.125 0.0
3.25 20.125 0.0
3.75 20.125 0.0
4.25 20.125 0.0
4.75 20.125 0.0
5.25 20.125 0.0
5.75 20.125 0.0
6.25 20.125 0.0
6.75 20.125 0.0
7.25 20.125 0.0
7.75 20.125 0.0
8.25 20.125 0.0
8.75 20.125 0.0
0.25 20.375 0.0
0.75 20.375 0.0
1.25 20.375 0.0
1.75 20.375 0.0
2.25 20.375 0.0
2.75 20.375 0.0
3.25 20.375 0.0
3.75 20.375 0.0
4.25 20.375 0.0
4.75 20.375 0.0
5.25 20.375 0.0
5.75 20.375 0.0
6.25 20.375 0.0
6.75 20.375 0.0
7.25 20.375 0.0
7.75 20.375 0.0
8.25 20.375 0.0
8.75 20.375 0.0
0.25 20.625 0.0
0.75 20.625 0.0
1.25 20.625 0.0
1.75 20.625 0.0
2.25 20.625 0.0
2.75 20.625 0.0
3.25 20.625 0.0
3.75 20.625 0.0
4.25 20.625 0.0
4.75 20.625 0.0
5.25 20.625 0.0
5.75 20.625 0.0
6.25 20.625 0.0
6.75 20.625 0.0
7.25 20.625 0.0
7.75 20.625 0.0
8.25 20.625 0.0
8.75 20.625 0.0
0.25 20.875 0.0
0.75 20.875 0.0
1.25 20.875 0.0
1.75 20.875 0.0
2.25 20.875 0.0
2.75 20.875 0.0
3.25 20.875 0.0
3.75 20.875 0.0
4.25 20.875 0.0
4.75 20.875 0.0
5.25 20.875 0.0
5.75 20.875 0.0
6.25 20.875 0.0
6.75 20.875 0.0
7.25 20.875 0.0
7.75 20.875 0.0
8.25 20.875 0.0
8.75 20.875 0.0
0.25 21.125 0.0
0.75 21.125 0.0
1.25 21.125 0.0
1.75 21.125 0.0
2.25 21.125 0.0
2.75 21.125 0.0
3.25 21.125 0.0
3.75 21.125 0.0
4.25 21.125 0.0
4.75 21.125 0.0
5.25 21.125 0.0
5.75 21.125 0.0
6.25 21.125 0.0
6.75 21.125 0.0
7.25 21.125 0.0
7.75 21.125 0.0
8.25 21.125 0.0
8.75 21.125 0.0
0.25 21.375 0.0
0.75 21.375 0.0
1.25 21.375 0.0
1.75 21.375 0.0
2.25 21.375 0.0
2.75 21.375 0.0
3.25 21.375 0.0
3.75 21.375 0.0
4.25 21.375 312194.00318
4.75 21.375 0.0
5.25 21.375 0.0
5.75 21.375 0.0
6.25 21.375 0.0
6.75 21.375 0.0
7.25 21.375 0.0
7.75 21.375 0.0
8.25 21.375 0.0
8.75 21.375 0.0
0.25 21.625 0.0
0.75 21.625 0.0
1.25 21.625 0.0
1.75 21.625 0.0
2.25 21.625 0.0
2.75 21.625 0.0
3.25 21.625 0.0
3.75 21.625 0.0
4.25 21.625 0.0
4.75 21.625 0.0
5.25 21.625 0.0
5.75 21.625 0.0
6.25 21.625 0.0
6.75 21.625 0.0
7.25 21.625 0.0
7.75 21.625 0.0
8.25 21.625 0.0
8.75 21.625 0.0
0.25 21.875 0.0
0.75 21.875 0.0
1.25 21.875 0.0
1.75 21.875 0.0
2.25 21.875 0.0
2.75 21.875 0.0
3.25 21.875 0.0
3.75 21.875 0.0
4.25 21.875 0.0
4.75 21.875 0.0
5.25 21.875 0.0
5.75 21.875 0.0
6.25 21.875 0.0
6.75 21.875 0.0
7.25 21.875 0.0
7.75 21.875 0.0
8.25 21.875 0.0
8.75 21.875 0.0
0.25 22.125 0.0
0.75 22.125 0.0
1.25 22.125 0.0
1.75 22.125 0.0
2.25 22.125 0.0
2.75 22.125 0.0
3.25 22.125 0.0
3.75 22.125 0.0
4.25 22.125 0.0
4.75 22.125 0.0
5.25 22.125 0.0
5.75 22.125 0.0
6.25 22.125 0.0
6.75 22.125 0.0
7.25 22.125 0.0
7.75 22.125 0.0
8.25 22.125 0.0
8.75 22.125 0.0
0.25 22.375 0.0
0.75 22.375 0.0
1.25 22.375 0.0
1.75 22.375 0.0
2.25 22.375 0.0
2.75 22.375 0.0
3.25 22.375 0.0
3.75 22.375 0.0
4.25 22.375 0.0
4.75 22.375 0.0
5.25 22.375 0.0
5.75 22.375 0.0
6.25 22.375 0.0
6.75 22.375 0.0
7.25 22.375 0.0
7.75 22.375 0.0
8.25 22.375 0.0
8.75 22.375 0.0
0.25 22.625 0.0
0.75 22.625 0.0
1.25 22.625 0.0
1.75 22.625 0.0
2.25 22.625 0.0
2.75 22.625 0.0
3.25 22.625 0.0
3.75 22.625 0.0
4.25 22.625 0.0
4.75 22.625 0.0
5.25 22.625 0.0
5.75 22.625 0.0
6.25 22.625 0.0
6.75 22.625 0.0
7.25 22.625 0.0
7.75 22.625 0.0
8.25 22.625 0.0
8.75 22.625 0.0
0.25 22.875 0.0
0.75 22.875 0.0
1.25 22.875 0.0
1.75 22.875 0.0
2.25 22.875 0.0
2.75 22.875 0.0
3.25 22.875 0.0
3.75 22.875 0.0
4.25 22.875 0.0
4.75 22.875 0.0
5.25 22.875 0.0
5.75 22.875 0.0
6.25 22.875 0.0
6.75 22.875 0.0
7.25 22.875 0.0
7.75 22.875 0.0
8.25 22.875 0.0
8.75 22.875 0.0
0.25 23.125 0.0
0.75 23.125 0.0
1.25 23.125 0.0
1.75 23.125 0.0
2.25 23.125 0.0
2.75 23.125 0.0
3.25 23.125 0.0
3.75 23.125 0.0
4.25 23.125 0.0
4.75 23.125 0.0
5.25 23.125 0.0
5.75 23.125 0.0
6.25 23.125 0.0
6.75 23.125 0.0
7.25 23.125 0.0
7.75 23.125 0.0
8.25 23.125 0.0
8.75 23.125 0.0
0.25 23.375 0.0
0.75 23.375 0.0
1.25 23.375 0.0
1.75 23.375 0.0
2.25 23.375 0.0
2.75 23.375 0.0
3.25 23.375 0.0
3.75 23.375 0.0
4.25 23.375 0.0
4.75 23.375 0.0
5.25 23.375 0.0
5.75 23.375 0.0
6.25 23.375 0.0
6.75 23.375 0.0
7.25 23.375 0.0
7.75 23.375 0.0
8.25 23.375 0.0
8.75 23.375 0.0
0.25 23.625 0.0
0.75 23.625 0.0
1.25 23.625 0.0
1.75 23.625 0.0
2.25 23.625 0.0
2.75 23.625 0.0
3.25 23.625 0.0
3.75 23.625 0.0
4.25 23.625 0.0
4.75 23.625 0.0
5.25 23.625 0.0
5.75 23.625 0.0
6.25 23.625 0.0
6.75 23.625 0.0
7.25 23.625 0.0
7.75 23.625 0.0
8.25 23.625 0.0
8.75 23.625 0.0
0.25 23.875 0.0
0.75 23.875 0.0
1.25 23.875 0.0
1.75 23.875 0.0
2.25 23.875 0.0
2.75 23.875 0.0
3.25 23.875 0.0
3.75 23.875 0.0
4.25 23.875 0.0
4.75 23.875 0.0
5.25 23.875 0.0
5.75 23.875 0.0
6.25 23.875 0.0
6.75 23.875 0.0
7.25 23.875 0.0
7.75 23.875 0.0
8.25 23.875 0.0
8.75 23.875 0.0
0.25 24.125 0.0
0.75 24.125 0.0
1.25 24.125 0.0
1.75 24.125 0.0
2.25 24.125 0.0
2.75 24.125 0.0
3.25 24.125 0.0
3.75 24.125 0.0
4.25 24.125 0.0
4.75 24.125 0.0
5.25 24.125 0.0
5.75 24.125 0.0
6.25 24.125 0.0
6.75 24.125 0.0
7.25 24.125 0.0
7.75 24.125 0.0
8.25 24.125 0.0
8.75 24.125 0.0
0.25 24.375 0.0
0.75 24.375 0.0
1.25 24.375 0.0
1.75 24.375 0.0
2.25 24.375 0.0
2.75 24.375 0.0
3.25 24.375 0.0
3.75 24.375 0.0
4.25 24.375 0.0
4.75 24.375 0.0
5.25 24.375 0.0
5.75 24.375 0.0
6.25 24.375 0.0
6.75 24.375 0.0
7.25 24.375 0.0
7.75 24.375 0.0
8.25 24.375 0.0
8.75 24.375 0.0
0.25 24.625 0.0
0.75 24.625 0.0
1.25 24.625 0.0
1.75 24.625 0.0
2.25 24.625 0.0
2.75 24.625 0.0
3.25 24.625 0.0
3.75 24.625 0.0
4.25 24.625 0.0
4.75 24.625 0.0
5.25 24.625 0.0
5.75 24.625 0.0
6.25 24.625 0.0
6.75 24.625 0.0
7.25 24.625 0.0
7.75 24.625 0.0
8.25 24.625 0.0
8.75 24.625 0.0
0.25 24.875 0.0
0.75 24.875 0.0
1.25 24.875 0.0
1.75 24.875 0.0
2.25 24.875 0.0
2.75 24.875 0.0
3.25 24.875 0.0
3.75 24.875 0.0
4.25 24.875 0.0
4.75 24.875 0.0
5.25 24.875 0.0
5.75 24.875 0.0
6.25 24.875 0.0
6.75 24.875 0.0
7.25 24.875 0.0
7.75 24.875 0.0
8.25 24.875 0.0
8.75 24.875 0.0
0.25 25.125 0.0
0.75 25.125 0.0
1.25 25.125 0.0
1.75 25.125 0.0
2.25 25.125 0.0
2.75 25.125 0.0
3.25 25.125 0.0
3.75 25.125 0.0
4.25 25.125 0.0
4.75 25.125 0.0
5.25 25.125 0.0
5.75 25.125 0.0
6.25 25.125 0.0
6.75 25.125 0.0
7.25 25.125 0.0
7.75 25.125 0.0
8.25 25.125 0.0
8.75 25.125 0.0
0.25 25.375 0.0
0.75 25.375 0.0
1.25 25.375 0.0
1.75 25.375 0.0
2.25 25.375 0.0
2.75 25.375 0.0
3.25 25.375 0.0
3.75 25.375 0.0
4.25 25.375 0.0
4.75 25.375 0.0
5.25 25.375 0.0
5.75 25.375 0.0
6.25 25.375 0.0
6.75 25.375 0.0
7.25 25.375 0.0
7.75 25.375 0.0
8.25 25.375 0.0
8.75 25.375 0.0
0.25 25.625 0.0
0.75 25.625 0.0
1.25 25.625 0.0
1.75 25.625 0.0
2.25 25.625 0.0
2.75 25.625 0.0
3.25 25.625 0.0
3.75 25.625 0.0
4.25 25.625 0.0
4.75 25.625 0.0
5.25 25.625 0.0
5.75 25.625 0.0
6.25 25.625 0.0
6.75 25.625 0.0
7.25 25.625 0.0
7.75 25.625 0.0
8.25 25.625 0.0
8.75 25.625 0.0
0.25 25.875 0.0
0.75 25.875 0.0
1.25 25.875 0.0
1.75 25.875 0.0
2.25 25.875 0.0
2.75 25.875 0.0
3.25 25.875 0.0
3.75 25.875 0.0
4.25 25.875 0.0
4.75 25.875 0.0
5.25 25.875 0.0
5.75 25.875 0.0
6.25 25.875 0.0
6.75 25.875 0.0
7.25 25.875 0.0
7.75 25.875 0.0
8.25 25.875 0.0
8.75 25.875 0.0
0.25 26.125 0.0
0.75 26.125 0.0
1.25 26.125 0.0
1.75 26.125 0.0
2.25 26.125 0.0
2.75 26.125 0.0
3.25 26.125 0.0
3.75 26.125 0.0
4.25 26.125 0.0
4.75 26.125 0.0
5.25 26.125 0.0
5.75 26.125 0.0
6.25 26.125 0.0
6.75 26.125 0.0
7.25 26.125 0.0
7.75 26.125 0.0
8.25 26.125 0.0
8.75 26.125 0.0
0.25 26.375 0.0
0.75 26.375 0.0
1.25 26.375 0.0
1.75 26.375 0.0
2.25 26.375 0.0
2.75 26.375 0.0
3.25 26.375 0.0
3.75 26.375 0.0
4.25 26.375 0.0
4.75 26.375 0.0
5.25 26.375 0.0
5.75 26.375 0.0
6.25 26.375 0.0
6.75 26.375 0.0
7.25 26.375 0.0
7.75 26.375 0.0
8.25 26.375 0.0
8.75 26.375 0.0
0.25 26.625 0.0
0.75 26.625 0.0
1.25 26.625 0.0
1.75 26.625 0.0
2.25 26.625 0.0
2.75 26.625 0.0
3.25 26.625 0.0
3.75 26.625 0.0
4.25 26.625 0.0
4.75 26.625 0.0
5.25 26.625 0.0
5.75 26.625 0.0
6.25 26.625 0.0
6.75 26.625 0.0
7.25 26.625 0.0
7.75 26.625 0.0
8.25 26.625 0.0
8.75 26.625 0.0
0.25 26.875 0.0
0.75 26.875 0.0
1.25 26.875 0.0
1.75 26.875 0.0
2.25 26.875 0.0
2.75 26.875 0.0
3.25 26.875 0.0
3.75 26.875 0.0
4.25 26.875 0.0
4.75 26.875 0.0
5.25 26.875 0.0
5.75 26.875 0.0
6.25 26.875 0.0
6.75 26.875 0.0
7.25 26.875 0.0
7.75 26.875 0.0
8.25 26.875 0.0
8.75 26.875 0.0
0.25 27.125 0.0
0.75 27.125 0.0
1.25 27.125 0.0
1.75 27.125 0.0
2.25 27.125 0.0
2.75 27.125 0.0
3.25 27.125 0.0
3.75 27.125 0.0
4.25 27.125 0.0
4.75 27.125 0.0
5.25 27.125 0.0
5.75 27.125 0.0
6.25 27.125 0.0
6.75 27.125 0.0
7.25 27.125 0.0
7.75 27.125 0.0
8.25 27.125 0.0
8.75 27.125 0.0
0.25 27.375 0.0
0.75 27.375 0.0
1.25 27.375 0.0
1.75 27.375 0.0
2.25 27.375 0.0
2.75 27.375 0.0
3.25 27.375 0.0
3.75 27.375 0.0
4.25 27.375 0.0
4.75 27.375 0.0
5.25 27.375 0.0
5.75 27.375 0.0
6.25 27.375 0.0
6.75 27.375 0.0
7.25 27.375 0.0
7.75 27.375 0.0
8.25 27.375 0.0
8.75 27.375 0.0
0.25 27.625 0.0
0.75 27.625 0.0
1.25 27.625 0.0
1.75 27.625 0.0
2.25 27.625 0.0
2.75 27.625 0.0
3.25 27.625 0.0
3.75 27.625 0.0
4.25 27.625 0.0
4.75 27.625 0.0
5.25 27.625 0.0
5.75 27.625 0.0
6.25 27.625 0.0
6.75 27.625 0.0
7.25 27.625 0.0
7.75 27.625 0.0
8.25 27.625 0.0
8.75 27.625 0.0
0.25 27.875 0.0
0.75 27.875 0.0
1.25 27.875 0.0
1.75 27.875 0.0
2.25 27.875 0.0
2.75 27.875 0.0
3.25 27.875 0.0
3.75 27.875 0.0
4.25 27.875 0.0
4.75 27.875 0.0
5.25 27.875 0.0
5.75 27.875 0.0
6.25 27.875 0.0
6.75 27.875 0.0
7.25 27.875 0.0
7.75 27.875 0.0
8.25 27.875 0.0
8.75 27.875 0.0
0.25 28.125 0.0
0.75 28.125 0.0
1.25 28.125 0.0
1.75 28.125 0.0
2.25 28.125 0.0
2.75 28.125 0.0
3.25 28.125 0.0
3.75 28.125 0.0
4.25 28.125 0.0
4.75 28.125 0.0
5.25 28.125 0.0
5.75 28.125 0.0
6.25 28.125 0.0
6.75 28.125 0.0
7.25 28.125 0.0
7.75 28.125 0.0
8.25 28.125 0.0
8.75 28.125 0.0
0.25 28.375 0.0
0.75 28.375 0.0
1.25 28.375 0.0
1.75 28.375 0.0
2.25 28.375 0.0
2.75 28.375 0.0
3.25 28.375 0.0
3.75 28.375 0.0
4.25 28.375 0.0
4.75 28.375 0.0
5.25 28.375 0.0
5.75 28.375 0.0
6.25 28.375 0.0
6.75 28.375 0.0
7.25 28.375 0.0
7.75 28.375 0.0
8.25 28.375 0.0
8.75 28.375 0.0
0.25 28.625 312194.00318
0.75 28.625 0.0
1.25 28.625 0.0
1.75 28.625 0.0
2.25 28.625 0.0
2.75 28.625 0.0
3.25 28.625 0.0
3.75 28.625 0.0
4.25 28.625 0.0
4.75 28.625 0.0
5.25 28.625 0.0
5.75 28.625 0.0
6.25 28.625 0.0
6.75 28.625 0.0
7.25 28.625 0.0
7.75 28.625 0.0
8.25 28.625 0.0
8.75 28.625 0.0
0.25 28.875 0.0
0.75 28.875 0.0
1.25 28.875 0.0
1.75 28.875 0.0
2.25 28.875 0.0
2.75 28.875 0.0
3.25 28.875 0.0
3.75 28.875 0.0
4.25 28.875 0.0
4.75 28.875 0.0
5.25 28.875 0.0
5.75 28.875 0.0
6.25 28.875 0.0
6.75 28.875 0.0
7.25 28.875 0.0
7.75 28.875 0.0
8.25 28.875 0.0
8.75 28.875 0.0
0.25 29.125 0.0
0.75 29.125 0.0
1.25 29.125 0.0
1.75 29.125 0.0
2.25 29.125 0.0
2.75 29.125 0.0
3.25 29.125 0.0
3.75 29.125 0.0
4.25 29.125 0.0
4.75 29.125 0.0
5.25 29.125 0.0
5.75 29.125 0.0
6.25 29.125 0.0
6.75 29.125 0.0
7.25 29.125 0.0
7.75 29.125 0.0
8.25 29.125 0.0
8.75 29.125 0.0
0.25 29.375 0.0
0.75 29.375 0.0
1.25 29.375 0.0
1.75 29.375 0.0
2.25 29.375 0.0
2.75 29.375 0.0
3.25 29.375 0.0
3.75 29.375 0.0
4.25 29.375 0.0
4.75 29.375 0.0
5.25 29.375 0.0
5.75 29.375 0.0
6.25 29.375 0.0
6.75 29.375 0.0
7.25 29.375 0.0
7.75 29.375 0.0
8.25 29.375 0.0
8.75 29.375 0.0
0.25 29.625 0.0
0.75 29.625 0.0
1.25 29.625 0.0
1.75 29.625 0.0
2.25 29.625 0.0
2.75 29.625 0.0
3.25 29.625 0.0
3.75 29.625 0.0
4.25 29.625 0.0
4.75 29.625 0.0
5.25 29.625 0.0
5.75 29.625 0.0
6.25 29.625 0.0
6.75 29.625 0.0
7.25 29.625 0.0
7.75 29.625 0.0
8.25 29.625 0.0
8.75 29.625 0.0
0.25 29.875 0.0
0.75 29.875 0.0
1.25 29.875 0.0
1.75 29.875 0.0
2.25 29.875 0.0
2.75 29.875 0.0
3.25 29.875 0.0
3.75 29.875 0.0
4.25 29.875 0.0
4.75 29.875 0.0
5.25 29.875 0.0
5.75 29.875 0.0
6.25 29.875 0.0
6.75 29.875 0.0
7.25 29.875 0.0
7.75 29.875 0.0
8.25 29.875 0.0
8.75 29.875 0.0
