11.294627058970837 501.20670986703124
14.219093021276404 452.1720178857579
17.900777537149963 993.3816249312671
22.535743732392298 3879.150034417093
28.370820458389794 8276.166475055856
35.71674682851676 12391.989461656707
44.96472020903849 17548.05409525679
56.60722890537329 20769.081428094003
71.26427896022373 30582.10355828226
89.71641173621407 46943.97485696137
112.94627058970838 57234.18689835569
142.1909302127641 74170.47999070885
179.00777537149963 84326.23272235255
225.35743732392305 91526.67676352942
283.7082045838981 101430.22820769489
357.1674682851676 98238.17278737377
449.6472020903849 81119.62645090267
566.0722890537327 78413.52873812849
712.6427896022376 85670.39018568781
897.164117362141 65753.28222218377
1129.4627058970837 61053.52763371181
1421.9093021276408 44797.27213025151
1790.0777537149975 26715.545813909266
2253.5743732392316 11930.229332910618
2837.082045838981 5105.170507272007
3571.674682851676 1419.7311541542877
4496.47202090385 411.8194663415197
5660.72289053733 38.259653500979766
7126.427896022379 3.351698740851134
8971.64117362141 0.14940777281299233
