11.294627058970837 119.82918647038879
14.219093021276404 5527.661486343574
17.900777537149963 11323.426245082197
22.535743732392298 5555.40658664416
28.370820458389794 17497.721419203313
35.71674682851676 52668.146316750695
44.96472020903849 57615.103822092744
56.60722890537329 70460.29331163183
71.26427896022373 180883.63528214814
89.71641173621407 235933.22072439
112.94627058970838 326630.08704654744
142.1909302127641 375770.70770534663
179.00777537149963 509592.7239931831
225.35743732392305 765455.70523158
283.7082045838981 846285.4260260663
357.1674682851676 1105950.236580975
449.6472020903849 1239926.5007608775
566.0722890537327 1421642.542891074
712.6427896022376 1472790.0144860186
897.164117362141 1420434.8843299598
1129.4627058970837 1168801.3738541417
1421.9093021276408 818465.0832285155
1790.0777537149975 525791.537702484
2253.5743732392316 300209.54970146157
2837.082045838981 131118.52716131322
3571.674682851676 44720.104823730886
4496.47202090385 15703.139787288383
5660.72289053733 3446.885625462979
7126.427896022379 268.71459697932005
8971.64117362141 1.3824528958648443
