11.294627058970837 852.8274804098471
14.219093021276404 3093.6776303122642
17.900777537149963 2515.288773501883
22.535743732392298 3364.570687991296
28.370820458389794 8906.708650089262
35.71674682851676 30278.965879201514
44.96472020903849 63184.727089084095
56.60722890537329 84499.4471488008
71.26427896022373 130857.88749481607
89.71641173621407 144696.71105789358
112.94627058970838 335204.200864407
142.1909302127641 439760.46027864655
179.00777537149963 489514.84967698297
225.35743732392305 702439.1517946834
283.7082045838981 835701.6152993753
357.1674682851676 1144161.0866979915
449.6472020903849 1273715.7763783531
566.0722890537327 1399403.8701790394
712.6427896022376 1430546.083072314
897.164117362141 1361195.2417339142
1129.4627058970837 1140961.0927765723
1421.9093021276408 753259.9362206887
1790.0777537149975 549740.8316551056
2253.5743732392316 302217.2030467689
2837.082045838981 124231.55440381542
3571.674682851676 47375.500396510586
4496.47202090385 14925.902765266597
5660.72289053733 3182.6675999723375
7126.427896022379 198.76412358693779
8971.64117362141 72.16541510075331
