0.25 0.125 10301765.8325
0.75 0.125 6209942.95512
1.25 0.125 5292893.23965
1.75 0.125 5706889.43666
2.25 0.125 6075153.49563
2.75 0.125 6672078.2448
3.25 0.125 7172724.80863
3.75 0.125 6989796.25646
4.25 0.125 6886297.20721
4.75 0.125 5704482.48203
5.25 0.125 4828350.99534
5.75 0.125 3494898.12823
6.25 0.125 2108492.25918
6.75 0.125 1066280.90276
7.25 0.125 334566.694094
7.75 0.125 69801.6843792
8.25 0.125 0.0
8.75 0.125 0.0
0.25 0.375 17900521.6113
0.75 0.375 12111795.7171
1.25 0.375 11156234.7275
1.75 0.375 11389709.327
2.25 0.375 12169562.6283
2.75 0.375 12684650.92
3.25 0.375 13965150.7851
3.75 0.375 14196218.43
4.25 0.375 14162521.0651
4.75 0.375 12506536.2771
5.25 0.375 10631518.6173
5.75 0.375 7731138.28366
6.25 0.375 4895745.72508
6.75 0.375 2476756.31815
7.25 0.375 710051.616961
7.75 0.375 127568.59559
8.25 0.375 2406.95463377
8.75 0.375 0.0
0.25 0.625 18398761.2205
0.75 0.625 13729269.231
1.25 0.625 12419885.9102
1.75 0.625 12619663.1448
2.25 0.625 13202146.1662
2.75 0.625 14232322.7495
3.25 0.625 15358777.5181
3.75 0.625 15613914.7092
4.25 0.625 15161407.2381
4.75 0.625 13782222.233
5.25 0.625 11854251.5713
5.75 0.625 8985161.64785
6.25 0.625 5463787.01865
6.75 0.625 2873903.83272
7.25 0.625 933898.397902
7.75 0.625 120347.731688
8.25 0.625 2406.95463377
8.75 0.625 0.0
0.25 0.875 17149551.7656
0.75 0.875 13678723.1837
1.25 0.875 12210480.8571
1.75 0.875 12097353.9893
2.25 0.875 12812219.5155
2.75 0.875 13288796.533
3.25 0.875 13700385.7754
3.75 0.875 13770187.4598
4.25 0.875 13878500.4183
4.75 0.875 12804998.6516
5.25 0.875 10354718.8345
5.75 0.875 7723917.41976
6.25 0.875 4958326.54556
6.75 0.875 2606731.86837
7.25 0.875 755783.755003
7.75 0.875 79429.5029143
8.25 0.875 2406.95463377
8.75 0.875 0.0
0.25 1.125 15106047.2815
0.75 1.125 12504129.3224
1.25 1.125 11055142.6329
1.75 1.125 10783156.7593
2.25 1.125 10568937.7969
2.75 1.125 11380081.5085
3.25 1.125 11459511.0114
3.75 1.125 11818147.2518
4.25 1.125 11721869.0664
4.75 1.125 9914246.13649
5.25 1.125 8361760.39771
5.75 1.125 5969247.49174
6.25 1.125 3932963.87158
6.75 1.125 1901494.16068
7.25 1.125 570448.248203
7.75 1.125 89057.3214494
8.25 1.125 0.0
8.75 1.125 0.0
0.25 1.375 12208073.9025
0.75 1.375 10812040.2149
1.25 1.375 9425634.34583
1.75 1.375 9697620.21945
2.25 1.375 9384716.11706
2.75 1.375 9654295.03604
3.25 1.375 9707248.03798
3.75 1.375 9432855.20973
4.25 1.375 9045335.5137
4.75 1.375 7721510.46513
5.25 1.375 6212349.90975
5.75 1.375 4611725.0783
6.25 1.375 2881124.69662
6.75 1.375 1352708.50418
7.25 1.375 392333.605304
7.75 1.375 43325.1834078
8.25 1.375 2406.95463377
8.75 1.375 0.0
0.25 1.625 10720575.9388
0.75 1.625 8920173.87274
1.25 1.625 8222157.02895
1.75 1.625 7962205.9285
2.25 1.625 8152355.34457
2.75 1.625 8106623.20653
3.25 1.625 7788905.19487
3.75 1.625 7447117.63688
4.25 1.625 6951284.98232
4.75 1.625 6010165.72052
5.25 1.625 4650236.35244
5.75 1.625 3230133.11852
6.25 1.625 1940005.43482
6.75 1.625 929084.488634
7.25 1.625 211812.007772
7.75 1.625 33697.3648727
8.25 1.625 0.0
8.75 1.625 0.0
0.25 1.875 8335283.89674
0.75 1.875 7545802.77686
1.25 1.875 6948878.02769
1.75 1.875 6809274.65893
2.25 1.875 6715403.42821
2.75 1.875 6542102.69458
3.25 1.875 6221977.72829
3.75 1.875 5824830.21372
4.25 1.875 5280858.46649
4.75 1.875 4510632.98368
5.25 1.875 3526188.53847
5.75 1.875 2505639.77375
6.25 1.875 1364743.27735
6.75 1.875 606552.567709
7.25 1.875 139603.368758
7.75 1.875 9627.81853507
8.25 1.875 0.0
8.75 1.875 0.0
0.25 2.125 7194387.40033
0.75 2.125 6258082.04779
1.25 2.125 5858527.57859
1.75 2.125 5755028.52934
2.25 2.125 5533588.70303
2.75 2.125 5326590.60453
3.25 2.125 5117185.55139
3.75 2.125 4659864.17097
4.25 2.125 4125520.24228
4.75 2.125 3321597.3946
5.25 2.125 2505639.77375
5.75 2.125 1728193.42704
6.25 2.125 984444.445211
6.75 2.125 435658.788712
7.25 2.125 84243.4121819
7.75 2.125 2406.95463377
8.25 2.125 0.0
8.75 2.125 0.0
0.25 2.375 5820016.30445
0.75 2.375 5283265.42112
1.25 2.375 4888524.86118
1.75 2.375 4871676.17874
2.25 2.375 4582841.62269
2.75 2.375 4368622.66029
3.25 2.375 4267530.56567
3.75 2.375 3750035.31941
4.25 2.375 3133854.93316
4.75 2.375 2638022.27861
5.25 2.375 1834099.43093
5.75 2.375 1314197.23004
6.25 2.375 654691.660385
6.75 2.375 332159.73946
7.25 2.375 52953.0019429
7.75 2.375 7220.8639013
8.25 2.375 0.0
8.75 2.375 0.0
0.25 2.625 4741700.62852
0.75 2.625 4491377.34661
1.25 2.625 3983509.91888
1.75 2.625 3906487.3706
2.25 2.625 3985916.87352
2.75 2.625 3622466.72382
3.25 2.625 3352887.80484
3.75 2.625 3071274.11269
4.25 2.625 2520081.50155
4.75 2.625 2021841.89236
5.25 2.625 1489904.9183
5.75 2.625 914642.760832
6.25 2.625 486204.836021
6.75 2.625 156452.051195
7.25 2.625 31290.410239
7.75 2.625 4813.90926753
8.25 2.625 0.0
8.75 2.625 0.0
0.25 2.875 3884824.7789
0.75 2.875 3711524.04527
1.25 2.875 3345666.94094
1.75 2.875 3169959.25267
2.25 2.875 3090529.74976
2.75 2.875 2965368.1088
3.25 2.875 2565813.6396
3.75 2.875 2411768.54303
4.25 2.875 1949633.25335
4.75 2.875 1538044.01098
5.25 2.875 1083129.5852
5.75 2.875 673947.297455
6.25 2.875 334566.694094
6.75 2.875 86650.3668156
7.25 2.875 19255.6370701
7.75 2.875 0.0
8.25 2.875 0.0
8.75 2.875 0.0
0.25 3.125 3124227.11463
0.75 3.125 3001472.42831
1.25 3.125 2857055.15028
1.75 3.125 2625987.50544
2.25 3.125 2563406.68496
2.75 3.125 2469535.45425
3.25 3.125 2219212.17233
3.75 3.125 1817250.74849
4.25 3.125 1643950.01486
4.75 3.125 1241988.59102
5.25 3.125 866503.668156
5.75 3.125 495832.654556
6.25 3.125 228660.690208
6.75 3.125 57766.9112104
7.25 3.125 7220.8639013
7.75 3.125 0.0
8.25 3.125 0.0
8.75 3.125 0.0
0.25 3.375 2609138.823
0.75 3.375 2580255.3674
1.25 3.375 2358815.54109
1.75 3.375 2231246.9455
2.25 3.375 2296234.72061
2.75 3.375 2017027.9831
3.25 3.375 1879831.56897
3.75 3.375 1595810.92219
4.25 3.375 1311790.2754
4.75 3.375 924270.579367
5.25 3.375 620994.295512
5.75 3.375 421217.060909
6.25 3.375 156452.051195
6.75 3.375 43325.1834078
7.25 3.375 7220.8639013
7.75 3.375 0.0
8.25 3.375 0.0
8.75 3.375 0.0
0.25 3.625 2190328.71673
0.75 3.625 2069980.98504
1.25 3.625 2134968.76015
1.75 3.625 1911121.97921
2.25 3.625 1711344.74461
2.75 3.625 1701716.92607
3.25 3.625 1547671.82951
3.75 3.625 1297348.5476
4.25 3.625 1047025.26569
4.75 3.625 777446.346707
5.25 3.625 522309.155527
5.75 3.625 288834.556052
6.25 3.625 108312.95852
6.75 3.625 38511.2741403
7.25 3.625 2406.95463377
7.75 3.625 0.0
8.25 3.625 0.0
8.75 3.625 0.0
0.25 3.875 1896680.25141
0.75 3.875 1810029.88459
1.25 3.875 1797995.11142
1.75 3.875 1562113.55731
2.25 3.875 1509160.55537
2.75 3.875 1304569.4115
3.25 3.875 1246802.50029
3.75 3.875 936305.352535
4.25 3.875 933898.397902
4.75 3.875 570448.248203
5.25 3.875 409182.28774
5.75 3.875 228660.690208
6.25 3.875 91464.2760832
6.75 3.875 12034.7731688
7.25 3.875 0.0
7.75 3.875 0.0
8.25 3.875 0.0
8.75 3.875 0.0
0.25 4.125 1576555.28512
0.75 4.125 1480277.09977
1.25 4.125 1461021.4627
1.75 4.125 1376778.05051
2.25 4.125 1309383.32077
2.75 4.125 1217919.04469
3.25 4.125 1068687.85739
3.75 4.125 895387.123761
4.25 4.125 765411.573538
4.75 4.125 493425.699922
5.25 4.125 322531.920925
5.75 4.125 163672.915096
6.25 4.125 77022.5482805
6.75 4.125 21662.5917039
7.25 4.125 2406.95463377
7.75 4.125 0.0
8.25 4.125 0.0
8.75 4.125 0.0
0.25 4.375 1355115.45881
0.75 4.375 1278092.91053
1.25 4.375 1143303.45104
1.75 4.375 1220325.99932
2.25 4.375 1126454.7686
2.75 4.375 979630.535943
3.25 4.375 842434.121819
3.75 4.375 794295.029143
4.25 4.375 546378.701865
4.75 4.375 373077.968234
5.25 4.375 238288.508743
5.75 4.375 144417.278026
6.25 4.375 52953.0019429
6.75 4.375 7220.8639013
7.25 4.375 2406.95463377
7.75 4.375 0.0
8.25 4.375 0.0
8.75 4.375 0.0
0.25 4.625 1201070.36225
0.75 4.625 1140896.49641
1.25 4.625 1087943.49446
1.75 4.625 974816.626676
2.25 4.625 890573.214494
2.75 4.625 803922.847678
3.25 4.625 736528.117933
3.75 4.625 592110.839907
4.25 4.625 483797.881387
4.75 4.625 329752.784826
5.25 4.625 245509.372644
5.75 4.625 115533.822421
6.25 4.625 38511.2741403
6.75 4.625 14441.7278026
7.25 4.625 2406.95463377
7.75 4.625 0.0
8.25 4.625 0.0
8.75 4.625 0.0
0.25 4.875 1073501.76666
0.75 4.875 827992.394016
1.25 4.875 1018141.81008
1.75 4.875 852061.940354
2.25 4.875 815957.620847
2.75 4.875 702830.75306
3.25 4.875 587296.930639
3.75 4.875 416403.151642
4.25 4.875 358636.240431
4.75 4.875 322531.920925
5.25 4.875 154045.096561
5.75 4.875 77022.5482805
6.25 4.875 26476.5009714
6.75 4.875 7220.8639013
7.25 4.875 0.0
7.75 4.875 0.0
8.25 4.875 0.0
8.75 4.875 0.0
0.25 5.125 883352.350593
0.75 5.125 864096.713522
1.25 5.125 837620.212551
1.75 5.125 738935.072567
2.25 5.125 722086.39013
2.75 5.125 608959.522343
3.25 5.125 481390.926753
3.75 5.125 430844.879444
4.25 5.125 377891.877501
4.75 5.125 235881.554109
5.25 5.125 154045.096561
5.75 5.125 72208.639013
6.25 5.125 33697.3648727
6.75 5.125 2406.95463377
7.25 5.125 0.0
7.75 5.125 0.0
8.25 5.125 0.0
8.75 5.125 0.0
0.25 5.375 695609.889159
0.75 5.375 695609.889159
1.25 5.375 688389.025257
1.75 5.375 683575.11599
2.25 5.375 558413.475034
2.75 5.375 536750.88333
3.25 5.375 447693.561881
3.75 5.375 423624.015543
4.25 5.375 279206.737517
4.75 5.375 190149.416068
5.25 5.375 105906.003886
5.75 5.375 64987.7751117
6.25 5.375 9627.81853507
6.75 5.375 7220.8639013
7.25 5.375 0.0
7.75 5.375 0.0
8.25 5.375 0.0
8.75 5.375 0.0
0.25 5.625 616180.386244
0.75 5.625 700423.798426
1.25 5.625 604145.613076
1.75 5.625 491018.745288
2.25 5.625 519902.200894
2.75 5.625 471763.108218
3.25 5.625 365857.104333
3.75 5.625 336973.648727
4.25 5.625 199777.234603
4.75 5.625 163672.915096
5.25 5.625 91464.2760832
5.75 5.625 45732.1380416
6.25 5.625 12034.7731688
6.75 5.625 0.0
7.25 5.625 0.0
7.75 5.625 0.0
8.25 5.625 0.0
8.75 5.625 0.0
0.25 5.875 654691.660385
0.75 5.875 459728.33505
1.25 5.875 478983.97212
1.75 5.875 488611.790655
2.25 5.875 423624.015543
2.75 5.875 375484.922868
3.25 5.875 373077.968234
3.75 5.875 288834.556052
4.25 5.875 228660.690208
4.75 5.875 113126.867787
5.25 5.875 84243.4121819
5.75 5.875 28883.4556052
6.25 5.875 12034.7731688
6.75 5.875 0.0
7.25 5.875 0.0
7.75 5.875 0.0
8.25 5.875 0.0
8.75 5.875 0.0
0.25 6.125 491018.745288
0.75 6.125 428437.924811
1.25 6.125 416403.151642
1.75 6.125 430844.879444
2.25 6.125 377891.877501
2.75 6.125 370671.0136
3.25 6.125 284020.646785
3.75 6.125 221439.826307
4.25 6.125 173300.733631
4.75 6.125 120347.731688
5.25 6.125 52953.0019429
5.75 6.125 33697.3648727
6.25 6.125 14441.7278026
6.75 6.125 2406.95463377
7.25 6.125 0.0
7.75 6.125 0.0
8.25 6.125 0.0
8.75 6.125 0.0
0.25 6.375 462135.289683
0.75 6.375 466949.198951
1.25 6.375 406775.333107
1.75 6.375 447693.561881
2.25 6.375 288834.556052
2.75 6.375 271985.873616
3.25 6.375 243102.41801
3.75 6.375 182928.552166
4.25 6.375 154045.096561
4.75 6.375 142010.323392
5.25 6.375 57766.9112104
5.75 6.375 16848.6824364
6.25 6.375 7220.8639013
6.75 6.375 0.0
7.25 6.375 0.0
7.75 6.375 0.0
8.25 6.375 0.0
8.75 6.375 0.0
0.25 6.625 423624.015543
0.75 6.625 320124.966291
1.25 6.625 341787.557995
1.75 6.625 269578.918982
2.25 6.625 288834.556052
2.75 6.625 240695.463377
3.25 6.625 185335.5068
3.75 6.625 170893.778997
4.25 6.625 125161.640956
4.75 6.625 96278.1853507
5.25 6.625 28883.4556052
5.75 6.625 12034.7731688
6.25 6.625 2406.95463377
6.75 6.625 0.0
7.25 6.625 0.0
7.75 6.625 0.0
8.25 6.625 0.0
8.75 6.625 0.0
0.25 6.875 339380.603361
0.75 6.875 308090.193122
1.25 6.875 327345.830192
1.75 6.875 296055.419953
2.25 6.875 293648.46532
2.75 6.875 204591.14387
3.25 6.875 202184.189236
3.75 6.875 178114.642899
4.25 6.875 93871.2307169
4.75 6.875 72208.639013
5.25 6.875 40918.228774
5.75 6.875 16848.6824364
6.25 6.875 7220.8639013
6.75 6.875 0.0
7.25 6.875 0.0
7.75 6.875 0.0
8.25 6.875 0.0
8.75 6.875 0.0
0.25 7.125 288834.556052
0.75 7.125 291241.510686
1.25 7.125 271985.873616
1.75 7.125 262358.055081
2.25 7.125 250323.281912
2.75 7.125 194963.325335
3.25 7.125 182928.552166
3.75 7.125 122754.686322
4.25 7.125 93871.2307169
4.75 7.125 45732.1380416
5.25 7.125 31290.410239
5.75 7.125 9627.81853507
6.25 7.125 0.0
6.75 7.125 0.0
7.25 7.125 0.0
7.75 7.125 0.0
8.25 7.125 0.0
8.75 7.125 0.0
0.25 7.375 271985.873616
0.75 7.375 238288.508743
1.25 7.375 269578.918982
1.75 7.375 209405.053138
2.25 7.375 192556.370701
2.75 7.375 182928.552166
3.25 7.375 168486.824364
3.75 7.375 105906.003886
4.25 7.375 93871.2307169
4.75 7.375 62580.8204779
5.25 7.375 31290.410239
5.75 7.375 2406.95463377
6.25 7.375 4813.90926753
6.75 7.375 2406.95463377
7.25 7.375 0.0
7.75 7.375 0.0
8.25 7.375 0.0
8.75 7.375 0.0
0.25 7.625 262358.055081
0.75 7.625 233474.599475
1.25 7.625 216625.917039
1.75 7.625 202184.189236
2.25 7.625 180521.597533
2.75 7.625 209405.053138
3.25 7.625 139603.368758
3.75 7.625 115533.822421
4.25 7.625 55359.9565766
4.75 7.625 64987.7751117
5.25 7.625 24069.5463377
5.75 7.625 9627.81853507
6.25 7.625 0.0
6.75 7.625 0.0
7.25 7.625 0.0
7.75 7.625 0.0
8.25 7.625 0.0
8.75 7.625 0.0
0.25 7.875 199777.234603
0.75 7.875 192556.370701
1.25 7.875 175707.688265
1.75 7.875 170893.778997
2.25 7.875 185335.5068
2.75 7.875 139603.368758
3.25 7.875 115533.822421
3.75 7.875 108312.95852
4.25 7.875 81836.4575481
4.75 7.875 38511.2741403
5.25 7.875 14441.7278026
5.75 7.875 9627.81853507
6.25 7.875 0.0
6.75 7.875 0.0
7.25 7.875 0.0
7.75 7.875 0.0
8.25 7.875 0.0
8.75 7.875 0.0
0.25 8.125 190149.416068
0.75 8.125 221439.826307
1.25 8.125 156452.051195
1.75 8.125 156452.051195
2.25 8.125 127568.59559
2.75 8.125 120347.731688
3.25 8.125 79429.5029143
3.75 8.125 101092.094618
4.25 8.125 57766.9112104
4.75 8.125 19255.6370701
5.25 8.125 19255.6370701
5.75 8.125 7220.8639013
6.25 8.125 0.0
6.75 8.125 0.0
7.25 8.125 0.0
7.75 8.125 0.0
8.25 8.125 0.0
8.75 8.125 0.0
0.25 8.375 173300.733631
0.75 8.375 166079.86973
1.25 8.375 175707.688265
1.75 8.375 161265.960462
2.25 8.375 137196.414125
2.75 8.375 101092.094618
3.25 8.375 96278.1853507
3.75 8.375 57766.9112104
4.25 8.375 62580.8204779
4.75 8.375 38511.2741403
5.25 8.375 14441.7278026
5.75 8.375 2406.95463377
6.25 8.375 0.0
6.75 8.375 0.0
7.25 8.375 0.0
7.75 8.375 0.0
8.25 8.375 0.0
8.75 8.375 0.0
0.25 8.625 161265.960462
0.75 8.625 175707.688265
1.25 8.625 137196.414125
1.75 8.625 129975.550223
2.25 8.625 129975.550223
2.75 8.625 108312.95852
3.25 8.625 74615.5936468
3.75 8.625 55359.9565766
4.25 8.625 45732.1380416
4.75 8.625 45732.1380416
5.25 8.625 16848.6824364
5.75 8.625 0.0
6.25 8.625 0.0
6.75 8.625 0.0
7.25 8.625 0.0
7.75 8.625 0.0
8.25 8.625 0.0
8.75 8.625 0.0
0.25 8.875 151638.141927
0.75 8.875 146824.23266
1.25 8.875 120347.731688
1.75 8.875 125161.640956
2.25 8.875 103499.049252
2.75 8.875 103499.049252
3.25 8.875 67394.7297455
3.75 8.875 74615.5936468
4.25 8.875 40918.228774
4.75 8.875 21662.5917039
5.25 8.875 7220.8639013
5.75 8.875 4813.90926753
6.25 8.875 0.0
6.75 8.875 0.0
7.25 8.875 0.0
7.75 8.875 0.0
8.25 8.875 0.0
8.75 8.875 0.0
0.25 9.125 117940.777055
0.75 9.125 125161.640956
1.25 9.125 142010.323392
1.75 9.125 113126.867787
2.25 9.125 81836.4575481
2.75 9.125 77022.5482805
3.25 9.125 72208.639013
3.75 9.125 60173.8658442
4.25 9.125 31290.410239
4.75 9.125 33697.3648727
5.25 9.125 14441.7278026
5.75 9.125 2406.95463377
6.25 9.125 0.0
6.75 9.125 0.0
7.25 9.125 0.0
7.75 9.125 0.0
8.25 9.125 0.0
8.75 9.125 0.0
0.25 9.375 108312.95852
0.75 9.375 127568.59559
1.25 9.375 67394.7297455
1.75 9.375 86650.3668156
2.25 9.375 79429.5029143
2.75 9.375 74615.5936468
3.25 9.375 60173.8658442
3.75 9.375 45732.1380416
4.25 9.375 33697.3648727
4.75 9.375 19255.6370701
5.25 9.375 12034.7731688
5.75 9.375 2406.95463377
6.25 9.375 0.0
6.75 9.375 0.0
7.25 9.375 0.0
7.75 9.375 0.0
8.25 9.375 0.0
8.75 9.375 0.0
0.25 9.625 113126.867787
0.75 9.625 129975.550223
1.25 9.625 91464.2760832
1.75 9.625 96278.1853507
2.25 9.625 86650.3668156
2.75 9.625 43325.1834078
3.25 9.625 45732.1380416
3.75 9.625 33697.3648727
4.25 9.625 12034.7731688
4.75 9.625 26476.5009714
5.25 9.625 4813.90926753
5.75 9.625 2406.95463377
6.25 9.625 2406.95463377
6.75 9.625 0.0
7.25 9.625 0.0
7.75 9.625 0.0
8.25 9.625 0.0
8.75 9.625 0.0
0.25 9.875 96278.1853507
0.75 9.875 101092.094618
1.25 9.875 98685.1399845
1.75 9.875 103499.049252
2.25 9.875 74615.5936468
2.75 9.875 57766.9112104
3.25 9.875 36104.3195065
3.75 9.875 36104.3195065
4.25 9.875 28883.4556052
4.75 9.875 7220.8639013
5.25 9.875 7220.8639013
5.75 9.875 0.0
6.25 9.875 0.0
6.75 9.875 0.0
7.25 9.875 0.0
7.75 9.875 0.0
8.25 9.875 0.0
8.75 9.875 0.0
0.25 10.125 79429.5029143
0.75 10.125 108312.95852
1.25 10.125 86650.3668156
1.75 10.125 79429.5029143
2.25 10.125 43325.1834078
2.75 10.125 72208.639013
3.25 10.125 52953.0019429
3.75 10.125 31290.410239
4.25 10.125 14441.7278026
4.75 10.125 12034.7731688
5.25 10.125 0.0
5.75 10.125 0.0
6.25 10.125 0.0
6.75 10.125 0.0
7.25 10.125 0.0
7.75 10.125 0.0
8.25 10.125 0.0
8.75 10.125 0.0
0.25 10.375 93871.2307169
0.75 10.375 77022.5482805
1.25 10.375 62580.8204779
1.75 10.375 60173.8658442
2.25 10.375 60173.8658442
2.75 10.375 57766.9112104
3.25 10.375 31290.410239
3.75 10.375 19255.6370701
4.25 10.375 26476.5009714
4.75 10.375 14441.7278026
5.25 10.375 0.0
5.75 10.375 2406.95463377
6.25 10.375 0.0
6.75 10.375 0.0
7.25 10.375 0.0
7.75 10.375 0.0
8.25 10.375 0.0
8.75 10.375 0.0
0.25 10.625 67394.7297455
0.75 10.625 84243.4121819
1.25 10.625 77022.5482805
1.75 10.625 72208.639013
2.25 10.625 52953.0019429
2.75 10.625 33697.3648727
3.25 10.625 28883.4556052
3.75 10.625 24069.5463377
4.25 10.625 28883.4556052
4.75 10.625 19255.6370701
5.25 10.625 2406.95463377
5.75 10.625 2406.95463377
6.25 10.625 0.0
6.75 10.625 0.0
7.25 10.625 0.0
7.75 10.625 0.0
8.25 10.625 0.0
8.75 10.625 0.0
0.25 10.875 43325.1834078
0.75 10.875 64987.7751117
1.25 10.875 62580.8204779
1.75 10.875 62580.8204779
2.25 10.875 60173.8658442
2.75 10.875 48139.0926753
3.25 10.875 43325.1834078
3.75 10.875 21662.5917039
4.25 10.875 24069.5463377
4.75 10.875 9627.81853507
5.25 10.875 0.0
5.75 10.875 2406.95463377
6.25 10.875 0.0
6.75 10.875 0.0
7.25 10.875 0.0
7.75 10.875 0.0
8.25 10.875 0.0
8.75 10.875 0.0
0.25 11.125 79429.5029143
0.75 11.125 64987.7751117
1.25 11.125 43325.1834078
1.75 11.125 60173.8658442
2.25 11.125 55359.9565766
2.75 11.125 21662.5917039
3.25 11.125 19255.6370701
3.75 11.125 31290.410239
4.25 11.125 19255.6370701
4.75 11.125 7220.8639013
5.25 11.125 2406.95463377
5.75 11.125 0.0
6.25 11.125 0.0
6.75 11.125 0.0
7.25 11.125 0.0
7.75 11.125 0.0
8.25 11.125 0.0
8.75 11.125 0.0
0.25 11.375 55359.9565766
0.75 11.375 55359.9565766
1.25 11.375 50546.0473091
1.75 11.375 60173.8658442
2.25 11.375 38511.2741403
2.75 11.375 55359.9565766
3.25 11.375 45732.1380416
3.75 11.375 16848.6824364
4.25 11.375 16848.6824364
4.75 11.375 2406.95463377
5.25 11.375 4813.90926753
5.75 11.375 0.0
6.25 11.375 0.0
6.75 11.375 0.0
7.25 11.375 0.0
7.75 11.375 0.0
8.25 11.375 0.0
8.75 11.375 0.0
0.25 11.625 52953.0019429
0.75 11.625 45732.1380416
1.25 11.625 45732.1380416
1.75 11.625 48139.0926753
2.25 11.625 33697.3648727
2.75 11.625 43325.1834078
3.25 11.625 21662.5917039
3.75 11.625 7220.8639013
4.25 11.625 16848.6824364
4.75 11.625 2406.95463377
5.25 11.625 4813.90926753
5.75 11.625 0.0
6.25 11.625 0.0
6.75 11.625 0.0
7.25 11.625 0.0
7.75 11.625 0.0
8.25 11.625 0.0
8.75 11.625 0.0
0.25 11.875 45732.1380416
0.75 11.875 52953.0019429
1.25 11.875 43325.1834078
1.75 11.875 28883.4556052
2.25 11.875 38511.2741403
2.75 11.875 14441.7278026
3.25 11.875 21662.5917039
3.75 11.875 14441.7278026
4.25 11.875 9627.81853507
4.75 11.875 7220.8639013
5.25 11.875 4813.90926753
5.75 11.875 0.0
6.25 11.875 0.0
6.75 11.875 0.0
7.25 11.875 0.0
7.75 11.875 0.0
8.25 11.875 0.0
8.75 11.875 0.0
0.25 12.125 40918.228774
0.75 12.125 45732.1380416
1.25 12.125 38511.2741403
1.75 12.125 33697.3648727
2.25 12.125 24069.5463377
2.75 12.125 52953.0019429
3.25 12.125 24069.5463377
3.75 12.125 12034.7731688
4.25 12.125 16848.6824364
4.75 12.125 9627.81853507
5.25 12.125 4813.90926753
5.75 12.125 0.0
6.25 12.125 0.0
6.75 12.125 0.0
7.25 12.125 0.0
7.75 12.125 0.0
8.25 12.125 0.0
8.75 12.125 0.0
0.25 12.375 31290.410239
0.75 12.375 28883.4556052
1.25 12.375 36104.3195065
1.75 12.375 36104.3195065
2.25 12.375 33697.3648727
2.75 12.375 12034.7731688
3.25 12.375 24069.5463377
3.75 12.375 7220.8639013
4.25 12.375 4813.90926753
4.75 12.375 4813.90926753
5.25 12.375 4813.90926753
5.75 12.375 0.0
6.25 12.375 0.0
6.75 12.375 0.0
7.25 12.375 0.0
7.75 12.375 0.0
8.25 12.375 0.0
8.75 12.375 0.0
0.25 12.625 14441.7278026
0.75 12.625 43325.1834078
1.25 12.625 24069.5463377
1.75 12.625 40918.228774
2.25 12.625 9627.81853507
2.75 12.625 33697.3648727
3.25 12.625 24069.5463377
3.75 12.625 14441.7278026
4.25 12.625 4813.90926753
4.75 12.625 2406.95463377
5.25 12.625 4813.90926753
5.75 12.625 0.0
6.25 12.625 0.0
6.75 12.625 0.0
7.25 12.625 0.0
7.75 12.625 0.0
8.25 12.625 0.0
8.75 12.625 0.0
0.25 12.875 43325.1834078
0.75 12.875 40918.228774
1.25 12.875 26476.5009714
1.75 12.875 28883.4556052
2.25 12.875 16848.6824364
2.75 12.875 24069.5463377
3.25 12.875 14441.7278026
3.75 12.875 12034.7731688
4.25 12.875 14441.7278026
4.75 12.875 2406.95463377
5.25 12.875 0.0
5.75 12.875 0.0
6.25 12.875 0.0
6.75 12.875 0.0
7.25 12.875 0.0
7.75 12.875 0.0
8.25 12.875 0.0
8.75 12.875 0.0
0.25 13.125 40918.228774
0.75 13.125 26476.5009714
1.25 13.125 14441.7278026
1.75 13.125 24069.5463377
2.25 13.125 31290.410239
2.75 13.125 14441.7278026
3.25 13.125 9627.81853507
3.75 13.125 9627.81853507
4.25 13.125 7220.8639013
4.75 13.125 2406.95463377
5.25 13.125 0.0
5.75 13.125 0.0
6.25 13.125 0.0
6.75 13.125 0.0
7.25 13.125 0.0
7.75 13.125 0.0
8.25 13.125 0.0
8.75 13.125 0.0
0.25 13.375 12034.7731688
0.75 13.375 31290.410239
1.25 13.375 21662.5917039
1.75 13.375 28883.4556052
2.25 13.375 19255.6370701
2.75 13.375 12034.7731688
3.25 13.375 14441.7278026
3.75 13.375 14441.7278026
4.25 13.375 4813.90926753
4.75 13.375 2406.95463377
5.25 13.375 0.0
5.75 13.375 2406.95463377
6.25 13.375 0.0
6.75 13.375 0.0
7.25 13.375 0.0
7.75 13.375 0.0
8.25 13.375 0.0
8.75 13.375 0.0
0.25 13.625 24069.5463377
0.75 13.625 21662.5917039
1.25 13.625 12034.7731688
1.75 13.625 24069.5463377
2.25 13.625 21662.5917039
2.75 13.625 14441.7278026
3.25 13.625 12034.7731688
3.75 13.625 4813.90926753
4.25 13.625 2406.95463377
4.75 13.625 2406.95463377
5.25 13.625 0.0
5.75 13.625 2406.95463377
6.25 13.625 0.0
6.75 13.625 0.0
7.25 13.625 0.0
7.75 13.625 0.0
8.25 13.625 0.0
8.75 13.625 0.0
0.25 13.875 28883.4556052
0.75 13.875 31290.410239
1.25 13.875 31290.410239
1.75 13.875 14441.7278026
2.25 13.875 26476.5009714
2.75 13.875 4813.90926753
3.25 13.875 12034.7731688
3.75 13.875 9627.81853507
4.25 13.875 4813.90926753
4.75 13.875 2406.95463377
5.25 13.875 0.0
5.75 13.875 0.0
6.25 13.875 2406.95463377
6.75 13.875 0.0
7.25 13.875 0.0
7.75 13.875 0.0
8.25 13.875 0.0
8.75 13.875 0.0
0.25 14.125 24069.5463377
0.75 14.125 31290.410239
1.25 14.125 28883.4556052
1.75 14.125 24069.5463377
2.25 14.125 19255.6370701
2.75 14.125 12034.7731688
3.25 14.125 16848.6824364
3.75 14.125 12034.7731688
4.25 14.125 4813.90926753
4.75 14.125 0.0
5.25 14.125 0.0
5.75 14.125 0.0
6.25 14.125 0.0
6.75 14.125 0.0
7.25 14.125 0.0
7.75 14.125 0.0
8.25 14.125 0.0
8.75 14.125 0.0
0.25 14.375 31290.410239
0.75 14.375 16848.6824364
1.25 14.375 14441.7278026
1.75 14.375 26476.5009714
2.25 14.375 16848.6824364
2.75 14.375 9627.81853507
3.25 14.375 14441.7278026
3.75 14.375 12034.7731688
4.25 14.375 9627.81853507
4.75 14.375 0.0
5.25 14.375 2406.95463377
5.75 14.375 2406.95463377
6.25 14.375 0.0
6.75 14.375 0.0
7.25 14.375 0.0
7.75 14.375 0.0
8.25 14.375 0.0
8.75 14.375 0.0
0.25 14.625 26476.5009714
0.75 14.625 19255.6370701
1.25 14.625 14441.7278026
1.75 14.625 9627.81853507
2.25 14.625 12034.7731688
2.75 14.625 12034.7731688
3.25 14.625 16848.6824364
3.75 14.625 7220.8639013
4.25 14.625 4813.90926753
4.75 14.625 0.0
5.25 14.625 0.0
5.75 14.625 0.0
6.25 14.625 0.0
6.75 14.625 0.0
7.25 14.625 0.0
7.75 14.625 0.0
8.25 14.625 0.0
8.75 14.625 0.0
0.25 14.875 12034.7731688
0.75 14.875 7220.8639013
1.25 14.875 19255.6370701
1.75 14.875 24069.5463377
2.25 14.875 2406.95463377
2.75 14.875 9627.81853507
3.25 14.875 4813.90926753
3.75 14.875 4813.90926753
4.25 14.875 2406.95463377
4.75 14.875 0.0
5.25 14.875 0.0
5.75 14.875 0.0
6.25 14.875 0.0
6.75 14.875 0.0
7.25 14.875 0.0
7.75 14.875 0.0
8.25 14.875 0.0
8.75 14.875 0.0
0.25 15.125 9627.81853507
0.75 15.125 26476.5009714
1.25 15.125 21662.5917039
1.75 15.125 2406.95463377
2.25 15.125 12034.7731688
2.75 15.125 4813.90926753
3.25 15.125 4813.90926753
3.75 15.125 7220.8639013
4.25 15.125 4813.90926753
4.75 15.125 4813.90926753
5.25 15.125 0.0
5.75 15.125 0.0
6.25 15.125 0.0
6.75 15.125 0.0
7.25 15.125 0.0
7.75 15.125 0.0
8.25 15.125 0.0
8.75 15.125 0.0
0.25 15.375 19255.6370701
0.75 15.375 7220.8639013
1.25 15.375 16848.6824364
1.75 15.375 12034.7731688
2.25 15.375 19255.6370701
2.75 15.375 12034.7731688
3.25 15.375 7220.8639013
3.75 15.375 4813.90926753
4.25 15.375 2406.95463377
4.75 15.375 4813.90926753
5.25 15.375 0.0
5.75 15.375 0.0
6.25 15.375 0.0
6.75 15.375 0.0
7.25 15.375 0.0
7.75 15.375 0.0
8.25 15.375 0.0
8.75 15.375 0.0
0.25 15.625 21662.5917039
0.75 15.625 9627.81853507
1.25 15.625 19255.6370701
1.75 15.625 9627.81853507
2.25 15.625 12034.7731688
2.75 15.625 9627.81853507
3.25 15.625 4813.90926753
3.75 15.625 0.0
4.25 15.625 0.0
4.75 15.625 2406.95463377
5.25 15.625 0.0
5.75 15.625 0.0
6.25 15.625 0.0
6.75 15.625 0.0
7.25 15.625 0.0
7.75 15.625 0.0
8.25 15.625 0.0
8.75 15.625 0.0
0.25 15.875 12034.7731688
0.75 15.875 14441.7278026
1.25 15.875 7220.8639013
1.75 15.875 21662.5917039
2.25 15.875 14441.7278026
2.75 15.875 9627.81853507
3.25 15.875 7220.8639013
3.75 15.875 4813.90926753
4.25 15.875 0.0
4.75 15.875 2406.95463377
5.25 15.875 0.0
5.75 15.875 0.0
6.25 15.875 0.0
6.75 15.875 0.0
7.25 15.875 0.0
7.75 15.875 0.0
8.25 15.875 0.0
8.75 15.875 0.0
0.25 16.125 7220.8639013
0.75 16.125 12034.7731688
1.25 16.125 12034.7731688
1.75 16.125 16848.6824364
2.25 16.125 9627.81853507
2.75 16.125 7220.8639013
3.25 16.125 0.0
3.75 16.125 4813.90926753
4.25 16.125 0.0
4.75 16.125 0.0
5.25 16.125 0.0
5.75 16.125 0.0
6.25 16.125 0.0
6.75 16.125 0.0
7.25 16.125 0.0
7.75 16.125 0.0
8.25 16.125 0.0
8.75 16.125 0.0
0.25 16.375 7220.8639013
0.75 16.375 7220.8639013
1.25 16.375 12034.7731688
1.75 16.375 4813.90926753
2.25 16.375 9627.81853507
2.75 16.375 12034.7731688
3.25 16.375 4813.90926753
3.75 16.375 4813.90926753
4.25 16.375 0.0
4.75 16.375 0.0
5.25 16.375 0.0
5.75 16.375 0.0
6.25 16.375 0.0
6.75 16.375 0.0
7.25 16.375 0.0
7.75 16.375 0.0
8.25 16.375 0.0
8.75 16.375 0.0
0.25 16.625 2406.95463377
0.75 16.625 21662.5917039
1.25 16.625 4813.90926753
1.75 16.625 19255.6370701
2.25 16.625 7220.8639013
2.75 16.625 7220.8639013
3.25 16.625 2406.95463377
3.75 16.625 0.0
4.25 16.625 0.0
4.75 16.625 0.0
5.25 16.625 0.0
5.75 16.625 0.0
6.25 16.625 0.0
6.75 16.625 0.0
7.25 16.625 0.0
7.75 16.625 0.0
8.25 16.625 0.0
8.75 16.625 0.0
0.25 16.875 16848.6824364
0.75 16.875 12034.7731688
1.25 16.875 9627.81853507
1.75 16.875 14441.7278026
2.25 16.875 12034.7731688
2.75 16.875 4813.90926753
3.25 16.875 0.0
3.75 16.875 2406.95463377
4.25 16.875 7220.8639013
4.75 16.875 2406.95463377
5.25 16.875 0.0
5.75 16.875 0.0
6.25 16.875 0.0
6.75 16.875 0.0
7.25 16.875 0.0
7.75 16.875 0.0
8.25 16.875 0.0
8.75 16.875 0.0
0.25 17.125 4813.90926753
0.75 17.125 7220.8639013
1.25 17.125 12034.7731688
1.75 17.125 4813.90926753
2.25 17.125 12034.7731688
2.75 17.125 7220.8639013
3.25 17.125 4813.90926753
3.75 17.125 0.0
4.25 17.125 0.0
4.75 17.125 0.0
5.25 17.125 0.0
5.75 17.125 0.0
6.25 17.125 0.0
6.75 17.125 0.0
7.25 17.125 0.0
7.75 17.125 0.0
8.25 17.125 0.0
8.75 17.125 0.0
0.25 17.375 4813.90926753
0.75 17.375 4813.90926753
1.25 17.375 7220.8639013
1.75 17.375 7220.8639013
2.25 17.375 14441.7278026
2.75 17.375 9627.81853507
3.25 17.375 4813.90926753
3.75 17.375 2406.95463377
4.25 17.375 4813.90926753
4.75 17.375 0.0
5.25 17.375 0.0
5.75 17.375 0.0
6.25 17.375 0.0
6.75 17.375 0.0
7.25 17.375 0.0
7.75 17.375 0.0
8.25 17.375 0.0
8.75 17.375 0.0
0.25 17.625 14441.7278026
0.75 17.625 7220.8639013
1.25 17.625 9627.81853507
1.75 17.625 4813.90926753
2.25 17.625 4813.90926753
2.75 17.625 14441.7278026
3.25 17.625 2406.95463377
3.75 17.625 2406.95463377
4.25 17.625 4813.90926753
4.75 17.625 4813.90926753
5.25 17.625 0.0
5.75 17.625 0.0
6.25 17.625 0.0
6.75 17.625 0.0
7.25 17.625 0.0
7.75 17.625 0.0
8.25 17.625 0.0
8.75 17.625 0.0
0.25 17.875 4813.90926753
0.75 17.875 4813.90926753
1.25 17.875 7220.8639013
1.75 17.875 7220.8639013
2.25 17.875 7220.8639013
2.75 17.875 2406.95463377
3.25 17.875 2406.95463377
3.75 17.875 7220.8639013
4.25 17.875 2406.95463377
4.75 17.875 0.0
5.25 17.875 0.0
5.75 17.875 0.0
6.25 17.875 0.0
6.75 17.875 0.0
7.25 17.875 0.0
7.75 17.875 0.0
8.25 17.875 0.0
8.75 17.875 0.0
0.25 18.125 4813.90926753
0.75 18.125 9627.81853507
1.25 18.125 9627.81853507
1.75 18.125 2406.95463377
2.25 18.125 9627.81853507
2.75 18.125 4813.90926753
3.25 18.125 12034.7731688
3.75 18.125 0.0
4.25 18.125 4813.90926753
4.75 18.125 0.0
5.25 18.125 0.0
5.75 18.125 0.0
6.25 18.125 0.0
6.75 18.125 0.0
7.25 18.125 0.0
7.75 18.125 0.0
8.25 18.125 0.0
8.75 18.125 0.0
0.25 18.375 16848.6824364
0.75 18.375 7220.8639013
1.25 18.375 4813.90926753
1.75 18.375 9627.81853507
2.25 18.375 2406.95463377
2.75 18.375 4813.90926753
3.25 18.375 0.0
3.75 18.375 4813.90926753
4.25 18.375 2406.95463377
4.75 18.375 2406.95463377
5.25 18.375 0.0
5.75 18.375 0.0
6.25 18.375 0.0
6.75 18.375 0.0
7.25 18.375 0.0
7.75 18.375 0.0
8.25 18.375 0.0
8.75 18.375 0.0
0.25 18.625 2406.95463377
0.75 18.625 9627.81853507
1.25 18.625 7220.8639013
1.75 18.625 2406.95463377
2.25 18.625 14441.7278026
2.75 18.625 2406.95463377
3.25 18.625 0.0
3.75 18.625 0.0
4.25 18.625 0.0
4.75 18.625 0.0
5.25 18.625 0.0
5.75 18.625 0.0
6.25 18.625 0.0
6.75 18.625 0.0
7.25 18.625 0.0
7.75 18.625 0.0
8.25 18.625 0.0
8.75 18.625 0.0
0.25 18.875 2406.95463377
0.75 18.875 2406.95463377
1.25 18.875 9627.81853507
1.75 18.875 4813.90926753
2.25 18.875 7220.8639013
2.75 18.875 4813.90926753
3.25 18.875 0.0
3.75 18.875 0.0
4.25 18.875 0.0
4.75 18.875 0.0
5.25 18.875 0.0
5.75 18.875 0.0
6.25 18.875 0.0
6.75 18.875 0.0
7.25 18.875 0.0
7.75 18.875 0.0
8.25 18.875 0.0
8.75 18.875 0.0
0.25 19.125 2406.95463377
0.75 19.125 2406.95463377
1.25 19.125 7220.8639013
1.75 19.125 2406.95463377
2.25 19.125 2406.95463377
2.75 19.125 7220.8639013
3.25 19.125 2406.95463377
3.75 19.125 0.0
4.25 19.125 0.0
4.75 19.125 0.0
5.25 19.125 0.0
5.75 19.125 0.0
6.25 19.125 0.0
6.75 19.125 0.0
7.25 19.125 0.0
7.75 19.125 0.0
8.25 19.125 0.0
8.75 19.125 0.0
0.25 19.375 2406.95463377
0.75 19.375 14441.7278026
1.25 19.375 0.0
1.75 19.375 9627.81853507
2.25 19.375 2406.95463377
2.75 19.375 2406.95463377
3.25 19.375 2406.95463377
3.75 19.375 4813.90926753
4.25 19.375 0.0
4.75 19.375 0.0
5.25 19.375 0.0
5.75 19.375 0.0
6.25 19.375 0.0
6.75 19.375 0.0
7.25 19.375 0.0
7.75 19.375 0.0
8.25 19.375 0.0
8.75 19.375 0.0
0.25 19.625 7220.8639013
0.75 19.625 4813.90926753
1.25 19.625 4813.90926753
1.75 19.625 4813.90926753
2.25 19.625 4813.90926753
2.75 19.625 0.0
3.25 19.625 4813.90926753
3.75 19.625 0.0
4.25 19.625 0.0
4.75 19.625 0.0
5.25 19.625 2406.95463377
5.75 19.625 0.0
6.25 19.625 0.0
6.75 19.625 0.0
7.25 19.625 0.0
7.75 19.625 0.0
8.25 19.625 0.0
8.75 19.625 0.0
0.25 19.875 4813.90926753
0.75 19.875 12034.7731688
1.25 19.875 12034.7731688
1.75 19.875 0.0
2.25 19.875 4813.90926753
2.75 19.875 0.0
3.25 19.875 7220.8639013
3.75 19.875 7220.8639013
4.25 19.875 0.0
4.75 19.875 0.0
5.25 19.875 0.0
5.75 19.875 0.0
6.25 19.875 0.0
6.75 19.875 0.0
7.25 19.875 0.0
7.75 19.875 0.0
8.25 19.875 0.0
8.75 19.875 0.0
0.25 20.125 7220.8639013
0.75 20.125 4813.90926753
1.25 20.125 7220.8639013
1.75 20.125 2406.95463377
2.25 20.125 0.0
2.75 20.125 4813.90926753
3.25 20.125 2406.95463377
3.75 20.125 4813.90926753
4.25 20.125 2406.95463377
4.75 20.125 0.0
5.25 20.125 0.0
5.75 20.125 0.0
6.25 20.125 0.0
6.75 20.125 0.0
7.25 20.125 0.0
7.75 20.125 0.0
8.25 20.125 0.0
8.75 20.125 0.0
0.25 20.375 2406.95463377
0.75 20.375 4813.90926753
1.25 20.375 4813.90926753
1.75 20.375 4813.90926753
2.25 20.375 7220.8639013
2.75 20.375 12034.7731688
3.25 20.375 0.0
3.75 20.375 2406.95463377
4.25 20.375 2406.95463377
4.75 20.375 2406.95463377
5.25 20.375 0.0
5.75 20.375 0.0
6.25 20.375 0.0
6.75 20.375 0.0
7.25 20.375 0.0
7.75 20.375 0.0
8.25 20.375 0.0
8.75 20.375 0.0
0.25 20.625 4813.90926753
0.75 20.625 4813.90926753
1.25 20.625 2406.95463377
1.75 20.625 7220.8639013
2.25 20.625 2406.95463377
2.75 20.625 4813.90926753
3.25 20.625 4813.90926753
3.75 20.625 0.0
4.25 20.625 2406.95463377
4.75 20.625 0.0
5.25 20.625 0.0
5.75 20.625 0.0
6.25 20.625 0.0
6.75 20.625 0.0
7.25 20.625 0.0
7.75 20.625 0.0
8.25 20.625 0.0
8.75 20.625 0.0
0.25 20.875 2406.95463377
0.75 20.875 12034.7731688
1.25 20.875 7220.8639013
1.75 20.875 4813.90926753
2.25 20.875 9627.81853507
2.75 20.875 2406.95463377
3.25 20.875 2406.95463377
3.75 20.875 0.0
4.25 20.875 0.0
4.75 20.875 2406.95463377
5.25 20.875 0.0
5.75 20.875 0.0
6.25 20.875 0.0
6.75 20.875 0.0
7.25 20.875 0.0
7.75 20.875 0.0
8.25 20.875 0.0
8.75 20.875 0.0
0.25 21.125 0.0
0.75 21.125 4813.90926753
1.25 21.125 0.0
1.75 21.125 9627.81853507
2.25 21.125 4813.90926753
2.75 21.125 2406.95463377
3.25 21.125 2406.95463377
3.75 21.125 0.0
4.25 21.125 2406.95463377
4.75 21.125 0.0
5.25 21.125 0.0
5.75 21.125 0.0
6.25 21.125 0.0
6.75 21.125 0.0
7.25 21.125 0.0
7.75 21.125 0.0
8.25 21.125 0.0
8.75 21.125 0.0
0.25 21.375 4813.90926753
0.75 21.375 2406.95463377
1.25 21.375 0.0
1.75 21.375 4813.90926753
2.25 21.375 2406.95463377
2.75 21.375 0.0
3.25 21.375 0.0
3.75 21.375 2406.95463377
4.25 21.375 0.0
4.75 21.375 0.0
5.25 21.375 0.0
5.75 21.375 0.0
6.25 21.375 0.0
6.75 21.375 0.0
7.25 21.375 0.0
7.75 21.375 0.0
8.25 21.375 0.0
8.75 21.375 0.0
0.25 21.625 0.0
0.75 21.625 7220.8639013
1.25 21.625 2406.95463377
1.75 21.625 4813.90926753
2.25 21.625 7220.8639013
2.75 21.625 0.0
3.25 21.625 0.0
3.75 21.625 0.0
4.25 21.625 0.0
4.75 21.625 0.0
5.25 21.625 0.0
5.75 21.625 0.0
6.25 21.625 0.0
6.75 21.625 0.0
7.25 21.625 0.0
7.75 21.625 0.0
8.25 21.625 0.0
8.75 21.625 0.0
0.25 21.875 4813.90926753
0.75 21.875 2406.95463377
1.25 21.875 12034.7731688
1.75 21.875 4813.90926753
2.25 21.875 2406.95463377
2.75 21.875 7220.8639013
3.25 21.875 2406.95463377
3.75 21.875 2406.95463377
4.25 21.875 0.0
4.75 21.875 0.0
5.25 21.875 0.0
5.75 21.875 0.0
6.25 21.875 0.0
6.75 21.875 0.0
7.25 21.875 0.0
7.75 21.875 0.0
8.25 21.875 0.0
8.75 21.875 0.0
0.25 22.125 0.0
0.75 22.125 9627.81853507
1.25 22.125 0.0
1.75 22.125 0.0
2.25 22.125 0.0
2.75 22.125 0.0
3.25 22.125 0.0
3.75 22.125 0.0
4.25 22.125 0.0
4.75 22.125 0.0
5.25 22.125 0.0
5.75 22.125 0.0
6.25 22.125 0.0
6.75 22.125 0.0
7.25 22.125 0.0
7.75 22.125 0.0
8.25 22.125 0.0
8.75 22.125 0.0
0.25 22.375 4813.90926753
0.75 22.375 0.0
1.25 22.375 7220.8639013
1.75 22.375 2406.95463377
2.25 22.375 2406.95463377
2.75 22.375 2406.95463377
3.25 22.375 0.0
3.75 22.375 2406.95463377
4.25 22.375 0.0
4.75 22.375 0.0
5.25 22.375 0.0
5.75 22.375 0.0
6.25 22.375 0.0
6.75 22.375 0.0
7.25 22.375 0.0
7.75 22.375 0.0
8.25 22.375 0.0
8.75 22.375 0.0
0.25 22.625 0.0
0.75 22.625 4813.90926753
1.25 22.625 2406.95463377
1.75 22.625 4813.90926753
2.25 22.625 0.0
2.75 22.625 2406.95463377
3.25 22.625 2406.95463377
3.75 22.625 0.0
4.25 22.625 0.0
4.75 22.625 0.0
5.25 22.625 0.0
5.75 22.625 0.0
6.25 22.625 0.0
6.75 22.625 0.0
7.25 22.625 0.0
7.75 22.625 0.0
8.25 22.625 0.0
8.75 22.625 0.0
0.25 22.875 2406.95463377
0.75 22.875 2406.95463377
1.25 22.875 9627.81853507
1.75 22.875 2406.95463377
2.25 22.875 2406.95463377
2.75 22.875 0.0
3.25 22.875 7220.8639013
3.75 22.875 0.0
4.25 22.875 2406.95463377
4.75 22.875 0.0
5.25 22.875 0.0
5.75 22.875 0.0
6.25 22.875 0.0
6.75 22.875 0.0
7.25 22.875 0.0
7.75 22.875 0.0
8.25 22.875 0.0
8.75 22.875 0.0
0.25 23.125 9627.81853507
0.75 23.125 2406.95463377
1.25 23.125 2406.95463377
1.75 23.125 0.0
2.25 23.125 0.0
2.75 23.125 2406.95463377
3.25 23.125 2406.95463377
3.75 23.125 2406.95463377
4.25 23.125 0.0
4.75 23.125 2406.95463377
5.25 23.125 0.0
5.75 23.125 0.0
6.25 23.125 0.0
6.75 23.125 0.0
7.25 23.125 0.0
7.75 23.125 0.0
8.25 23.125 0.0
8.75 23.125 0.0
0.25 23.375 0.0
0.75 23.375 2406.95463377
1.25 23.375 2406.95463377
1.75 23.375 4813.90926753
2.25 23.375 0.0
2.75 23.375 2406.95463377
3.25 23.375 0.0
3.75 23.375 0.0
4.25 23.375 0.0
4.75 23.375 0.0
5.25 23.375 0.0
5.75 23.375 0.0
6.25 23.375 0.0
6.75 23.375 0.0
7.25 23.375 0.0
7.75 23.375 0.0
8.25 23.375 0.0
8.75 23.375 0.0
0.25 23.625 4813.90926753
0.75 23.625 2406.95463377
1.25 23.625 0.0
1.75 23.625 2406.95463377
2.25 23.625 2406.95463377
2.75 23.625 0.0
3.25 23.625 0.0
3.75 23.625 2406.95463377
4.25 23.625 0.0
4.75 23.625 0.0
5.25 23.625 0.0
5.75 23.625 0.0
6.25 23.625 0.0
6.75 23.625 0.0
7.25 23.625 0.0
7.75 23.625 0.0
8.25 23.625 0.0
8.75 23.625 0.0
0.25 23.875 0.0
0.75 23.875 7220.8639013
1.25 23.875 0.0
1.75 23.875 2406.95463377
2.25 23.875 0.0
2.75 23.875 2406.95463377
3.25 23.875 2406.95463377
3.75 23.875 2406.95463377
4.25 23.875 0.0
4.75 23.875 0.0
5.25 23.875 0.0
5.75 23.875 0.0
6.25 23.875 0.0
6.75 23.875 0.0
7.25 23.875 0.0
7.75 23.875 0.0
8.25 23.875 0.0
8.75 23.875 0.0
0.25 24.125 2406.95463377
0.75 24.125 0.0
1.25 24.125 0.0
1.75 24.125 0.0
2.25 24.125 4813.90926753
2.75 24.125 2406.95463377
3.25 24.125 2406.95463377
3.75 24.125 0.0
4.25 24.125 0.0
4.75 24.125 0.0
5.25 24.125 0.0
5.75 24.125 0.0
6.25 24.125 0.0
6.75 24.125 0.0
7.25 24.125 0.0
7.75 24.125 0.0
8.25 24.125 0.0
8.75 24.125 0.0
0.25 24.375 2406.95463377
0.75 24.375 2406.95463377
1.25 24.375 2406.95463377
1.75 24.375 2406.95463377
2.25 24.375 0.0
2.75 24.375 2406.95463377
3.25 24.375 0.0
3.75 24.375 0.0
4.25 24.375 0.0
4.75 24.375 0.0
5.25 24.375 0.0
5.75 24.375 0.0
6.25 24.375 0.0
6.75 24.375 0.0
7.25 24.375 0.0
7.75 24.375 0.0
8.25 24.375 0.0
8.75 24.375 0.0
0.25 24.625 2406.95463377
0.75 24.625 0.0
1.25 24.625 0.0
1.75 24.625 2406.95463377
2.25 24.625 2406.95463377
2.75 24.625 0.0
3.25 24.625 2406.95463377
3.75 24.625 0.0
4.25 24.625 0.0
4.75 24.625 2406.95463377
5.25 24.625 0.0
5.75 24.625 0.0
6.25 24.625 0.0
6.75 24.625 0.0
7.25 24.625 0.0
7.75 24.625 0.0
8.25 24.625 0.0
8.75 24.625 0.0
0.25 24.875 2406.95463377
0.75 24.875 0.0
1.25 24.875 4813.90926753
1.75 24.875 0.0
2.25 24.875 2406.95463377
2.75 24.875 0.0
3.25 24.875 2406.95463377
3.75 24.875 0.0
4.25 24.875 0.0
4.75 24.875 0.0
5.25 24.875 0.0
5.75 24.875 0.0
6.25 24.875 0.0
6.75 24.875 0.0
7.25 24.875 0.0
7.75 24.875 0.0
8.25 24.875 0.0
8.75 24.875 0.0
0.25 25.125 2406.95463377
0.75 25.125 2406.95463377
1.25 25.125 0.0
1.75 25.125 4813.90926753
2.25 25.125 2406.95463377
2.75 25.125 0.0
3.25 25.125 2406.95463377
3.75 25.125 2406.95463377
4.25 25.125 0.0
4.75 25.125 0.0
5.25 25.125 0.0
5.75 25.125 0.0
6.25 25.125 0.0
6.75 25.125 0.0
7.25 25.125 0.0
7.75 25.125 0.0
8.25 25.125 0.0
8.75 25.125 0.0
0.25 25.375 2406.95463377
0.75 25.375 0.0
1.25 25.375 2406.95463377
1.75 25.375 0.0
2.25 25.375 0.0
2.75 25.375 2406.95463377
3.25 25.375 0.0
3.75 25.375 2406.95463377
4.25 25.375 0.0
4.75 25.375 0.0
5.25 25.375 0.0
5.75 25.375 0.0
6.25 25.375 0.0
6.75 25.375 0.0
7.25 25.375 0.0
7.75 25.375 0.0
8.25 25.375 0.0
8.75 25.375 0.0
0.25 25.625 2406.95463377
0.75 25.625 0.0
1.25 25.625 0.0
1.75 25.625 2406.95463377
2.25 25.625 4813.90926753
2.75 25.625 0.0
3.25 25.625 2406.95463377
3.75 25.625 0.0
4.25 25.625 0.0
4.75 25.625 0.0
5.25 25.625 0.0
5.75 25.625 0.0
6.25 25.625 0.0
6.75 25.625 0.0
7.25 25.625 0.0
7.75 25.625 0.0
8.25 25.625 0.0
8.75 25.625 0.0
0.25 25.875 0.0
0.75 25.875 2406.95463377
1.25 25.875 2406.95463377
1.75 25.875 2406.95463377
2.25 25.875 0.0
2.75 25.875 2406.95463377
3.25 25.875 0.0
3.75 25.875 4813.90926753
4.25 25.875 0.0
4.75 25.875 0.0
5.25 25.875 0.0
5.75 25.875 0.0
6.25 25.875 0.0
6.75 25.875 0.0
7.25 25.875 0.0
7.75 25.875 0.0
8.25 25.875 0.0
8.75 25.875 0.0
0.25 26.125 0.0
0.75 26.125 2406.95463377
1.25 26.125 0.0
1.75 26.125 0.0
2.25 26.125 0.0
2.75 26.125 2406.95463377
3.25 26.125 0.0
3.75 26.125 0.0
4.25 26.125 0.0
4.75 26.125 2406.95463377
5.25 26.125 0.0
5.75 26.125 0.0
6.25 26.125 0.0
6.75 26.125 0.0
7.25 26.125 0.0
7.75 26.125 0.0
8.25 26.125 0.0
8.75 26.125 0.0
0.25 26.375 0.0
0.75 26.375 2406.95463377
1.25 26.375 2406.95463377
1.75 26.375 0.0
2.25 26.375 2406.95463377
2.75 26.375 2406.95463377
3.25 26.375 0.0
3.75 26.375 0.0
4.25 26.375 0.0
4.75 26.375 0.0
5.25 26.375 0.0
5.75 26.375 0.0
6.25 26.375 0.0
6.75 26.375 0.0
7.25 26.375 0.0
7.75 26.375 0.0
8.25 26.375 0.0
8.75 26.375 0.0
0.25 26.625 0.0
0.75 26.625 2406.95463377
1.25 26.625 0.0
1.75 26.625 0.0
2.25 26.625 0.0
2.75 26.625 2406.95463377
3.25 26.625 0.0
3.75 26.625 0.0
4.25 26.625 0.0
4.75 26.625 0.0
5.25 26.625 0.0
5.75 26.625 0.0
6.25 26.625 0.0
6.75 26.625 0.0
7.25 26.625 0.0
7.75 26.625 0.0
8.25 26.625 0.0
8.75 26.625 0.0
0.25 26.875 2406.95463377
0.75 26.875 2406.95463377
1.25 26.875 2406.95463377
1.75 26.875 4813.90926753
2.25 26.875 0.0
2.75 26.875 0.0
3.25 26.875 0.0
3.75 26.875 0.0
4.25 26.875 0.0
4.75 26.875 0.0
5.25 26.875 0.0
5.75 26.875 0.0
6.25 26.875 0.0
6.75 26.875 0.0
7.25 26.875 0.0
7.75 26.875 0.0
8.25 26.875 0.0
8.75 26.875 0.0
0.25 27.125 0.0
0.75 27.125 2406.95463377
1.25 27.125 0.0
1.75 27.125 0.0
2.25 27.125 0.0
2.75 27.125 0.0
3.25 27.125 0.0
3.75 27.125 0.0
4.25 27.125 0.0
4.75 27.125 0.0
5.25 27.125 0.0
5.75 27.125 0.0
6.25 27.125 0.0
6.75 27.125 0.0
7.25 27.125 0.0
7.75 27.125 0.0
8.25 27.125 0.0
8.75 27.125 0.0
0.25 27.375 2406.95463377
0.75 27.375 0.0
1.25 27.375 2406.95463377
1.75 27.375 9627.81853507
2.25 27.375 0.0
2.75 27.375 0.0
3.25 27.375 0.0
3.75 27.375 0.0
4.25 27.375 0.0
4.75 27.375 0.0
5.25 27.375 0.0
5.75 27.375 0.0
6.25 27.375 0.0
6.75 27.375 0.0
7.25 27.375 0.0
7.75 27.375 0.0
8.25 27.375 0.0
8.75 27.375 0.0
0.25 27.625 0.0
0.75 27.625 4813.90926753
1.25 27.625 0.0
1.75 27.625 4813.90926753
2.25 27.625 0.0
2.75 27.625 0.0
3.25 27.625 0.0
3.75 27.625 0.0
4.25 27.625 0.0
4.75 27.625 0.0
5.25 27.625 0.0
5.75 27.625 0.0
6.25 27.625 0.0
6.75 27.625 0.0
7.25 27.625 0.0
7.75 27.625 0.0
8.25 27.625 0.0
8.75 27.625 0.0
0.25 27.875 0.0
0.75 27.875 2406.95463377
1.25 27.875 0.0
1.75 27.875 2406.95463377
2.25 27.875 0.0
2.75 27.875 0.0
3.25 27.875 0.0
3.75 27.875 2406.95463377
4.25 27.875 0.0
4.75 27.875 0.0
5.25 27.875 0.0
5.75 27.875 0.0
6.25 27.875 0.0
6.75 27.875 0.0
7.25 27.875 0.0
7.75 27.875 0.0
8.25 27.875 0.0
8.75 27.875 0.0
0.25 28.125 0.0
0.75 28.125 2406.95463377
1.25 28.125 0.0
1.75 28.125 0.0
2.25 28.125 0.0
2.75 28.125 2406.95463377
3.25 28.125 0.0
3.75 28.125 0.0
4.25 28.125 0.0
4.75 28.125 0.0
5.25 28.125 0.0
5.75 28.125 0.0
6.25 28.125 0.0
6.75 28.125 0.0
7.25 28.125 0.0
7.75 28.125 0.0
8.25 28.125 0.0
8.75 28.125 0.0
0.25 28.375 0.0
0.75 28.375 2406.95463377
1.25 28.375 4813.90926753
1.75 28.375 2406.95463377
2.25 28.375 2406.95463377
2.75 28.375 0.0
3.25 28.375 0.0
3.75 28.375 0.0
4.25 28.375 0.0
4.75 28.375 0.0
5.25 28.375 0.0
5.75 28.375 0.0
6.25 28.375 0.0
6.75 28.375 0.0
7.25 28.375 0.0
7.75 28.375 0.0
8.25 28.375 0.0
8.75 28.375 0.0
0.25 28.625 0.0
0.75 28.625 2406.95463377
1.25 28.625 2406.95463377
1.75 28.625 0.0
2.25 28.625 0.0
2.75 28.625 0.0
3.25 28.625 0.0
3.75 28.625 0.0
4.25 28.625 0.0
4.75 28.625 0.0
5.25 28.625 0.0
5.75 28.625 0.0
6.25 28.625 0.0
6.75 28.625 0.0
7.25 28.625 0.0
7.75 28.625 0.0
8.25 28.625 0.0
8.75 28.625 0.0
0.25 28.875 4813.90926753
0.75 28.875 4813.90926753
1.25 28.875 2406.95463377
1.75 28.875 0.0
2.25 28.875 0.0
2.75 28.875 4813.90926753
3.25 28.875 0.0
3.75 28.875 0.0
4.25 28.875 0.0
4.75 28.875 0.0
5.25 28.875 0.0
5.75 28.875 0.0
6.25 28.875 0.0
6.75 28.875 0.0
7.25 28.875 0.0
7.75 28.875 0.0
8.25 28.875 0.0
8.75 28.875 0.0
0.25 29.125 0.0
0.75 29.125 2406.95463377
1.25 29.125 0.0
1.75 29.125 4813.90926753
2.25 29.125 4813.90926753
2.75 29.125 0.0
3.25 29.125 0.0
3.75 29.125 0.0
4.25 29.125 0.0
4.75 29.125 0.0
5.25 29.125 0.0
5.75 29.125 0.0
6.25 29.125 0.0
6.75 29.125 0.0
7.25 29.125 0.0
7.75 29.125 0.0
8.25 29.125 0.0
8.75 29.125 0.0
0.25 29.375 4813.90926753
0.75 29.375 2406.95463377
1.25 29.375 0.0
1.75 29.375 0.0
2.25 29.375 2406.95463377
2.75 29.375 2406.95463377
3.25 29.375 0.0
3.75 29.375 0.0
4.25 29.375 0.0
4.75 29.375 0.0
5.25 29.375 0.0
5.75 29.375 0.0
6.25 29.375 0.0
6.75 29.375 0.0
7.25 29.375 0.0
7.75 29.375 0.0
8.25 29.375 0.0
8.75 29.375 0.0
0.25 29.625 0.0
0.75 29.625 0.0
1.25 29.625 2406.95463377
1.75 29.625 2406.95463377
2.25 29.625 0.0
2.75 29.625 0.0
3.25 29.625 2406.95463377
3.75 29.625 0.0
4.25 29.625 0.0
4.75 29.625 0.0
5.25 29.625 0.0
5.75 29.625 0.0
6.25 29.625 0.0
6.75 29.625 0.0
7.25 29.625 0.0
7.75 29.625 0.0
8.25 29.625 0.0
8.75 29.625 0.0
0.25 29.875 2406.95463377
0.75 29.875 0.0
1.25 29.875 0.0
1.75 29.875 0.0
2.25 29.875 0.0
2.75 29.875 0.0
3.25 29.875 2406.95463377
3.75 29.875 0.0
4.25 29.875 0.0
4.75 29.875 0.0
5.25 29.875 0.0
5.75 29.875 0.0
6.25 29.875 0.0
6.75 29.875 0.0
7.25 29.875 0.0
7.75 29.875 0.0
8.25 29.875 0.0
8.75 29.875 0.0
