0.25 0.125 12386188.5454
0.75 0.125 8005531.11191
1.25 0.125 7035528.3945
1.75 0.125 7175131.76326
2.25 0.125 7954985.0646
2.75 0.125 8462852.49233
3.25 0.125 8961092.10152
3.75 0.125 9144020.65368
4.25 0.125 9420820.43656
4.75 0.125 8419527.30892
5.25 0.125 6992203.21109
5.75 0.125 5307334.96746
6.25 0.125 3321597.3946
6.75 0.125 1631915.24169
7.25 0.125 676354.252089
7.75 0.125 154045.096561
8.25 0.125 12034.7731688
8.75 0.125 0.0
0.25 0.375 20791274.1265
0.75 0.375 15599472.9814
1.25 0.375 14006069.0139
1.75 0.375 14179369.7475
2.25 0.375 15678902.4844
2.75 0.375 16701858.2037
3.25 0.375 18011241.5245
3.75 0.375 18776653.098
4.25 0.375 18829606.1
4.75 0.375 17691116.5582
5.25 0.375 14853317.045
5.75 0.375 11459511.0114
6.25 0.375 7829823.42364
6.75 0.375 4123113.28764
7.25 0.375 1631915.24169
7.75 0.375 303276.283855
8.25 0.375 12034.7731688
8.75 0.375 0.0
0.25 0.625 22172866.0863
0.75 0.625 17604466.1914
1.25 0.625 16323966.3262
1.75 0.625 16350442.8272
2.25 0.625 17320445.5446
2.75 0.625 18064194.5264
3.25 0.625 19744248.8608
3.75 0.625 20134175.5115
4.25 0.625 20155838.1032
4.75 0.625 19000499.879
5.25 0.625 16338408.054
5.75 0.625 12675023.1014
6.25 0.625 8749280.09374
6.75 0.625 4657457.21634
7.25 0.625 1675240.4251
7.75 0.625 394740.559938
8.25 0.625 19255.6370701
8.75 0.625 0.0
0.25 0.875 19917549.5944
0.75 0.875 16882379.8012
1.25 0.875 15902749.2653
1.75 0.875 15423765.2932
2.25 0.875 16090491.7267
2.75 0.875 17322852.4992
3.25 0.875 17686302.6489
3.75 0.875 18555213.2717
4.25 0.875 18247123.0786
4.75 0.875 16771659.8881
5.25 0.875 14663167.6289
5.75 0.875 11266954.6407
6.25 0.875 7391757.6803
6.75 0.875 4089415.92277
7.25 0.875 1511567.51001
7.75 0.875 269578.918982
8.25 0.875 21662.5917039
8.75 0.875 0.0
0.25 1.125 17720000.0138
0.75 1.125 15558554.7527
1.25 1.125 14400809.5738
1.75 1.125 14275647.9329
2.25 1.125 14294903.5699
2.75 1.125 14925525.684
3.25 1.125 15652425.9834
3.75 1.125 15633170.3463
4.25 1.125 15204732.4215
4.75 1.125 14063835.9251
5.25 1.125 11459511.0114
5.75 1.125 8975533.82932
6.25 1.125 5786318.93958
6.75 1.125 3020728.06538
7.25 1.125 1150524.31494
7.75 1.125 113126.867787
8.25 1.125 7220.8639013
8.75 1.125 0.0
0.25 1.375 15041059.5064
0.75 1.375 13433213.8111
1.25 1.375 12662988.3282
1.75 1.375 12677430.0561
2.25 1.375 12268247.7683
2.75 1.375 12747231.7404
3.25 1.375 12747231.7404
3.75 1.375 12699092.6478
4.25 1.375 11849437.662
4.75 1.375 11026259.1773
5.25 1.375 8997196.42102
5.75 1.375 6698554.74577
6.25 1.375 4106264.60521
6.75 1.375 2272165.17428
7.25 1.375 717272.480863
7.75 1.375 105906.003886
8.25 1.375 0.0
8.75 1.375 0.0
0.25 1.625 12720755.2395
0.75 1.625 11473952.7392
1.25 1.625 10826481.9427
1.75 1.625 10547275.2052
2.25 1.625 10443776.1559
2.75 1.625 10472659.6115
3.25 1.625 10313800.6057
3.75 1.625 9846851.40674
4.25 1.625 9353425.70682
4.75 1.625 8243819.62065
5.25 1.625 6450638.4185
5.75 1.625 4712817.17292
6.25 1.625 3052018.47562
6.75 1.625 1412882.37002
7.25 1.625 442879.652613
7.75 1.625 52953.0019429
8.25 1.625 0.0
8.75 1.625 0.0
0.25 1.875 10698913.3471
0.75 1.875 9519505.57655
1.25 1.875 9240298.83903
1.75 1.875 8653001.90839
2.25 1.875 8835930.46056
2.75 1.875 8708361.86497
3.25 1.875 8349725.62454
3.75 1.875 8217343.11968
4.25 1.875 7285851.67641
4.75 1.875 6299000.27657
5.25 1.875 4924629.18069
5.75 1.875 3475642.49116
6.25 1.875 2021841.89236
6.75 1.875 977223.581309
7.25 1.875 223846.78094
7.75 1.875 45732.1380416
8.25 1.875 2406.95463377
8.75 1.875 0.0
0.25 2.125 8705954.91034
0.75 2.125 8015158.93044
1.25 2.125 7490442.82028
1.75 2.125 7261782.13008
2.25 2.125 7256968.22081
2.75 2.125 6963319.75549
3.25 2.125 6924808.48135
3.75 2.125 6219570.77365
4.25 2.125 5499891.33816
4.75 2.125 4691154.58121
5.25 2.125 3586362.40431
5.75 2.125 2291420.81135
6.25 2.125 1448986.68953
6.75 2.125 613773.431611
7.25 2.125 175707.688265
7.75 2.125 9627.81853507
8.25 2.125 0.0
8.75 2.125 0.0
0.25 2.375 7083667.48718
0.75 2.375 6732252.11065
1.25 2.375 6460266.23703
1.75 2.375 6253268.13853
2.25 2.375 6075153.49563
2.75 2.375 5718924.20983
3.25 2.375 5598576.47814
3.75 2.375 4955919.59093
4.25 2.375 4546737.30319
4.75 2.375 3439538.17165
5.25 2.375 2760776.96493
5.75 2.375 1848541.15873
6.25 2.375 986851.399845
6.75 2.375 426030.970177
7.25 2.375 84243.4121819
7.75 2.375 2406.95463377
8.25 2.375 0.0
8.75 2.375 0.0
0.25 2.625 6012572.67515
0.75 2.625 5639494.70692
1.25 2.625 5418054.88061
1.75 2.625 5326590.60453
2.25 2.625 4816316.22217
2.75 2.625 4712817.17292
3.25 2.625 4616538.98757
3.75 2.625 4017207.28376
4.25 2.625 3357701.71411
4.75 2.625 2743928.28249
5.25 2.625 1903901.11531
5.75 2.625 1311790.2754
6.25 2.625 633029.068681
6.75 2.625 291241.510686
7.25 2.625 84243.4121819
7.75 2.625 0.0
8.25 2.625 0.0
8.75 2.625 0.0
0.25 2.875 5004058.6836
0.75 2.875 4667085.03487
1.25 2.875 4573213.80416
1.75 2.875 4301227.93054
2.25 2.875 4101450.69594
2.75 2.875 3798174.41208
3.25 2.875 3656164.08869
3.75 2.875 3092936.70439
4.25 2.875 2592290.14057
4.75 2.875 2207177.39916
5.25 2.875 1448986.68953
5.75 2.875 950747.080338
6.25 2.875 505460.473091
6.75 2.875 211812.007772
7.25 2.875 57766.9112104
7.75 2.875 0.0
8.25 2.875 0.0
8.75 2.875 0.0
0.25 3.125 4154403.69788
0.75 3.125 3904080.41597
1.25 3.125 3827057.86769
1.75 3.125 3675419.72576
2.25 3.125 3480456.40043
2.75 3.125 3133854.93316
3.25 3.125 2938891.60783
3.75 3.125 2575441.45813
4.25 3.125 2187921.76209
4.75 3.125 1747449.06411
5.25 3.125 1191442.54371
5.75 3.125 710051.616961
6.25 3.125 387519.696037
6.75 3.125 122754.686322
7.25 3.125 24069.5463377
7.75 3.125 0.0
8.25 3.125 0.0
8.75 3.125 0.0
0.25 3.375 3605618.04138
0.75 3.375 3425096.44385
1.25 3.375 3018321.11074
1.75 3.375 3011100.24684
2.25 3.375 2840206.46785
2.75 3.375 2828171.69468
3.25 3.375 2471942.40888
3.75 3.375 2187921.76209
4.25 3.375 1708937.78997
4.75 3.375 1403254.55149
5.25 3.375 914642.760832
5.75 3.375 548785.656499
6.25 3.375 206998.098504
6.75 3.375 98685.1399845
7.25 3.375 19255.6370701
7.75 3.375 0.0
8.25 3.375 0.0
8.75 3.375 0.0
0.25 3.625 2876310.78735
0.75 3.625 2830578.64931
1.25 3.625 2573034.5035
1.75 3.625 2597104.04983
2.25 3.625 2219212.17233
2.75 3.625 2192735.67136
3.25 3.625 1930377.61628
3.75 3.625 1723379.51778
4.25 3.625 1482684.0544
4.75 3.625 1087943.49446
5.25 3.625 642656.887216
5.75 3.625 365857.104333
6.25 3.625 154045.096561
6.75 3.625 38511.2741403
7.25 3.625 4813.90926753
7.75 3.625 0.0
8.25 3.625 0.0
8.75 3.625 0.0
0.25 3.875 2428617.22547
0.75 3.875 2387698.9967
1.25 3.875 2199956.53526
1.75 3.875 2139782.66942
2.25 3.875 2108492.25918
2.75 3.875 1867796.7958
3.25 3.875 1704123.88071
3.75 3.875 1412882.37002
4.25 3.875 1162559.08811
4.75 3.875 813550.666213
5.25 3.875 608959.522343
5.75 3.875 320124.966291
6.25 3.875 144417.278026
6.75 3.875 52953.0019429
7.25 3.875 9627.81853507
7.75 3.875 0.0
8.25 3.875 0.0
8.75 3.875 0.0
0.25 4.125 2041097.52943
0.75 4.125 1937598.48018
1.25 4.125 1891866.34214
1.75 4.125 1879831.56897
2.25 4.125 1757076.88265
2.75 4.125 1456207.55343
3.25 4.125 1345487.64028
3.75 4.125 1136082.58714
4.25 4.125 933898.397902
4.75 4.125 719679.435496
5.25 4.125 471763.108218
5.75 4.125 221439.826307
6.25 4.125 98685.1399845
6.75 4.125 21662.5917039
7.25 4.125 4813.90926753
7.75 4.125 0.0
8.25 4.125 0.0
8.75 4.125 0.0
0.25 4.375 1824471.6124
0.75 4.375 1655984.78803
1.25 4.375 1526009.23781
1.75 4.375 1518788.37391
2.25 4.375 1357522.41344
2.75 4.375 1196256.45298
3.25 4.375 1232360.77249
3.75 4.375 970002.717408
4.25 4.375 734121.163299
4.75 4.375 541564.792598
5.25 4.375 351415.37653
5.75 4.375 216625.917039
6.25 4.375 84243.4121819
6.75 4.375 12034.7731688
7.25 4.375 0.0
7.75 4.375 0.0
8.25 4.375 0.0
8.75 4.375 0.0
0.25 4.625 1489904.9183
0.75 4.625 1569334.42122
1.25 4.625 1396033.68758
1.75 4.625 1352708.50418
2.25 4.625 1261244.22809
2.75 4.625 1128861.72324
3.25 4.625 991665.309112
3.75 4.625 794295.029143
4.25 4.625 654691.660385
4.75 4.625 488611.790655
5.25 4.625 308090.193122
5.75 4.625 139603.368758
6.25 4.625 48139.0926753
6.75 4.625 14441.7278026
7.25 4.625 0.0
7.75 4.625 0.0
8.25 4.625 0.0
8.75 4.625 0.0
0.25 4.875 1251616.40956
0.75 4.875 1244395.54566
1.25 4.875 1150524.31494
1.75 4.875 1083129.5852
2.25 4.875 1063873.94813
2.75 4.875 912235.806198
3.25 4.875 849654.98572
3.75 4.875 659505.569652
4.25 4.875 483797.881387
4.75 4.875 387519.696037
5.25 4.875 228660.690208
5.75 4.875 132382.504857
6.25 4.875 40918.228774
6.75 4.875 7220.8639013
7.25 4.875 0.0
7.75 4.875 0.0
8.25 4.875 0.0
8.75 4.875 0.0
0.25 5.125 1179407.77055
0.75 5.125 1006107.03691
1.25 5.125 986851.399845
1.75 5.125 984444.445211
2.25 5.125 909828.851564
2.75 5.125 794295.029143
3.25 5.125 623401.250146
3.75 5.125 568041.293569
4.25 5.125 418810.106275
4.75 5.125 286427.601418
5.25 5.125 197370.279969
5.75 5.125 72208.639013
6.25 5.125 28883.4556052
6.75 5.125 9627.81853507
7.25 5.125 2406.95463377
7.75 5.125 0.0
8.25 5.125 0.0
8.75 5.125 0.0
0.25 5.375 1015734.85545
0.75 5.375 986851.399845
1.25 5.375 895387.123761
1.75 5.375 799108.938411
2.25 5.375 864096.713522
2.75 5.375 657098.615018
3.25 5.375 599331.703808
3.75 5.375 495832.654556
4.25 5.375 385112.741403
4.75 5.375 298462.374587
5.25 5.375 137196.414125
5.75 5.375 62580.8204779
6.25 5.375 26476.5009714
6.75 5.375 7220.8639013
7.25 5.375 0.0
7.75 5.375 0.0
8.25 5.375 0.0
8.75 5.375 0.0
0.25 5.625 832806.303283
0.75 5.625 803922.847678
1.25 5.625 830399.34865
1.75 5.625 784667.210608
2.25 5.625 666726.433554
2.75 5.625 604145.613076
3.25 5.625 478983.97212
3.75 5.625 356229.285798
4.25 5.625 293648.46532
4.75 5.625 209405.053138
5.25 5.625 146824.23266
5.75 5.625 55359.9565766
6.25 5.625 9627.81853507
6.75 5.625 0.0
7.25 5.625 0.0
7.75 5.625 0.0
8.25 5.625 0.0
8.75 5.625 0.0
0.25 5.875 702830.75306
0.75 5.875 666726.433554
1.25 5.875 758190.709637
1.75 5.875 669133.388187
2.25 5.875 548785.656499
2.75 5.875 577669.112104
3.25 5.875 435658.788712
3.75 5.875 339380.603361
4.25 5.875 271985.873616
4.75 5.875 161265.960462
5.25 5.875 84243.4121819
5.75 5.875 38511.2741403
6.25 5.875 12034.7731688
6.75 5.875 4813.90926753
7.25 5.875 0.0
7.75 5.875 0.0
8.25 5.875 0.0
8.75 5.875 0.0
0.25 6.125 714865.526229
0.75 6.125 620994.295512
1.25 6.125 543971.747231
1.75 6.125 551192.611133
2.25 6.125 546378.701865
2.75 6.125 401961.423839
3.25 6.125 375484.922868
3.75 6.125 334566.694094
4.25 6.125 262358.055081
4.75 6.125 175707.688265
5.25 6.125 89057.3214494
5.75 6.125 26476.5009714
6.25 6.125 16848.6824364
6.75 6.125 0.0
7.25 6.125 0.0
7.75 6.125 0.0
8.25 6.125 0.0
8.75 6.125 0.0
0.25 6.375 558413.475034
0.75 6.375 476577.017486
1.25 6.375 442879.652613
1.75 6.375 548785.656499
2.25 6.375 488611.790655
2.75 6.375 409182.28774
3.25 6.375 351415.37653
3.75 6.375 247916.327278
4.25 6.375 173300.733631
4.75 6.375 101092.094618
5.25 6.375 77022.5482805
5.75 6.375 40918.228774
6.25 6.375 14441.7278026
6.75 6.375 0.0
7.25 6.375 0.0
7.75 6.375 0.0
8.25 6.375 0.0
8.75 6.375 0.0
0.25 6.625 558413.475034
0.75 6.625 476577.017486
1.25 6.625 442879.652613
1.75 6.625 411589.242374
2.25 6.625 334566.694094
2.75 6.625 358636.240431
3.25 6.625 365857.104333
3.75 6.625 238288.508743
4.25 6.625 197370.279969
4.75 6.625 96278.1853507
5.25 6.625 67394.7297455
5.75 6.625 19255.6370701
6.25 6.625 0.0
6.75 6.625 0.0
7.25 6.625 0.0
7.75 6.625 0.0
8.25 6.625 0.0
8.75 6.625 0.0
0.25 6.875 476577.017486
0.75 6.875 397147.514572
1.25 6.875 392333.605304
1.75 6.875 438065.743346
2.25 6.875 387519.696037
2.75 6.875 324938.875559
3.25 6.875 245509.372644
3.75 6.875 226253.735574
4.25 6.875 156452.051195
4.75 6.875 93871.2307169
5.25 6.875 45732.1380416
5.75 6.875 7220.8639013
6.25 6.875 14441.7278026
6.75 6.875 0.0
7.25 6.875 0.0
7.75 6.875 0.0
8.25 6.875 0.0
8.75 6.875 0.0
0.25 7.125 353822.331164
0.75 7.125 418810.106275
1.25 7.125 358636.240431
1.75 7.125 368264.058966
2.25 7.125 327345.830192
2.75 7.125 293648.46532
3.25 7.125 257544.145813
3.75 7.125 149231.187294
4.25 7.125 137196.414125
4.75 7.125 55359.9565766
5.25 7.125 48139.0926753
5.75 7.125 16848.6824364
6.25 7.125 7220.8639013
6.75 7.125 0.0
7.25 7.125 0.0
7.75 7.125 0.0
8.25 7.125 0.0
8.75 7.125 0.0
0.25 7.375 336973.648727
0.75 7.375 353822.331164
1.25 7.375 259951.100447
1.75 7.375 298462.374587
2.25 7.375 274392.828249
2.75 7.375 231067.644842
3.25 7.375 197370.279969
3.75 7.375 146824.23266
4.25 7.375 139603.368758
4.75 7.375 84243.4121819
5.25 7.375 40918.228774
5.75 7.375 16848.6824364
6.25 7.375 4813.90926753
6.75 7.375 0.0
7.25 7.375 0.0
7.75 7.375 0.0
8.25 7.375 0.0
8.75 7.375 0.0
0.25 7.625 296055.419953
0.75 7.625 312904.10239
1.25 7.625 291241.510686
1.75 7.625 252730.236546
2.25 7.625 245509.372644
2.75 7.625 226253.735574
3.25 7.625 187742.461434
3.75 7.625 146824.23266
4.25 7.625 108312.95852
4.75 7.625 55359.9565766
5.25 7.625 19255.6370701
5.75 7.625 4813.90926753
6.25 7.625 4813.90926753
6.75 7.625 0.0
7.25 7.625 0.0
7.75 7.625 0.0
8.25 7.625 0.0
8.75 7.625 0.0
0.25 7.875 308090.193122
0.75 7.875 247916.327278
1.25 7.875 223846.78094
1.75 7.875 243102.41801
2.25 7.875 252730.236546
2.75 7.875 216625.917039
3.25 7.875 139603.368758
3.75 7.875 139603.368758
4.25 7.875 77022.5482805
4.75 7.875 48139.0926753
5.25 7.875 9627.81853507
5.75 7.875 12034.7731688
6.25 7.875 4813.90926753
6.75 7.875 0.0
7.25 7.875 0.0
7.75 7.875 0.0
8.25 7.875 0.0
8.75 7.875 0.0
0.25 8.125 235881.554109
0.75 8.125 284020.646785
1.25 8.125 271985.873616
1.75 8.125 209405.053138
2.25 8.125 231067.644842
2.75 8.125 175707.688265
3.25 8.125 139603.368758
3.75 8.125 125161.640956
4.25 8.125 79429.5029143
4.75 8.125 45732.1380416
5.25 8.125 24069.5463377
5.75 8.125 9627.81853507
6.25 8.125 2406.95463377
6.75 8.125 0.0
7.25 8.125 0.0
7.75 8.125 0.0
8.25 8.125 0.0
8.75 8.125 0.0
0.25 8.375 238288.508743
0.75 8.375 226253.735574
1.25 8.375 228660.690208
1.75 8.375 161265.960462
2.25 8.375 185335.5068
2.75 8.375 168486.824364
3.25 8.375 105906.003886
3.75 8.375 81836.4575481
4.25 8.375 40918.228774
4.75 8.375 48139.0926753
5.25 8.375 19255.6370701
5.75 8.375 12034.7731688
6.25 8.375 4813.90926753
6.75 8.375 0.0
7.25 8.375 0.0
7.75 8.375 0.0
8.25 8.375 0.0
8.75 8.375 0.0
0.25 8.625 185335.5068
0.75 8.625 223846.78094
1.25 8.625 204591.14387
1.75 8.625 144417.278026
2.25 8.625 149231.187294
2.75 8.625 115533.822421
3.25 8.625 122754.686322
3.75 8.625 77022.5482805
4.25 8.625 50546.0473091
4.75 8.625 26476.5009714
5.25 8.625 19255.6370701
5.75 8.625 4813.90926753
6.25 8.625 0.0
6.75 8.625 0.0
7.25 8.625 0.0
7.75 8.625 0.0
8.25 8.625 0.0
8.75 8.625 0.0
0.25 8.875 168486.824364
0.75 8.875 137196.414125
1.25 8.875 185335.5068
1.75 8.875 151638.141927
2.25 8.875 158859.005829
2.75 8.875 101092.094618
3.25 8.875 62580.8204779
3.75 8.875 79429.5029143
4.25 8.875 31290.410239
4.75 8.875 40918.228774
5.25 8.875 9627.81853507
5.75 8.875 7220.8639013
6.25 8.875 2406.95463377
6.75 8.875 0.0
7.25 8.875 0.0
7.75 8.875 0.0
8.25 8.875 0.0
8.75 8.875 0.0
0.25 9.125 190149.416068
0.75 9.125 178114.642899
1.25 9.125 158859.005829
1.75 9.125 142010.323392
2.25 9.125 137196.414125
2.75 9.125 101092.094618
3.25 9.125 89057.3214494
3.75 9.125 69801.6843792
4.25 9.125 62580.8204779
4.75 9.125 36104.3195065
5.25 9.125 21662.5917039
5.75 9.125 7220.8639013
6.25 9.125 4813.90926753
6.75 9.125 0.0
7.25 9.125 0.0
7.75 9.125 0.0
8.25 9.125 0.0
8.75 9.125 0.0
0.25 9.375 158859.005829
0.75 9.375 156452.051195
1.25 9.375 129975.550223
1.75 9.375 154045.096561
2.25 9.375 120347.731688
2.75 9.375 103499.049252
3.25 9.375 84243.4121819
3.75 9.375 62580.8204779
4.25 9.375 45732.1380416
4.75 9.375 33697.3648727
5.25 9.375 12034.7731688
5.75 9.375 2406.95463377
6.25 9.375 0.0
6.75 9.375 0.0
7.25 9.375 0.0
7.75 9.375 0.0
8.25 9.375 0.0
8.75 9.375 0.0
0.25 9.625 125161.640956
0.75 9.625 137196.414125
1.25 9.625 115533.822421
1.75 9.625 81836.4575481
2.25 9.625 103499.049252
2.75 9.625 98685.1399845
3.25 9.625 77022.5482805
3.75 9.625 62580.8204779
4.25 9.625 28883.4556052
4.75 9.625 16848.6824364
5.25 9.625 9627.81853507
5.75 9.625 2406.95463377
6.25 9.625 2406.95463377
6.75 9.625 0.0
7.25 9.625 0.0
7.75 9.625 0.0
8.25 9.625 0.0
8.75 9.625 0.0
0.25 9.875 125161.640956
0.75 9.875 125161.640956
1.25 9.875 105906.003886
1.75 9.875 125161.640956
2.25 9.875 91464.2760832
2.75 9.875 64987.7751117
3.25 9.875 62580.8204779
3.75 9.875 60173.8658442
4.25 9.875 48139.0926753
4.75 9.875 14441.7278026
5.25 9.875 12034.7731688
5.75 9.875 0.0
6.25 9.875 0.0
6.75 9.875 0.0
7.25 9.875 0.0
7.75 9.875 0.0
8.25 9.875 0.0
8.75 9.875 0.0
0.25 10.125 129975.550223
0.75 10.125 101092.094618
1.25 10.125 98685.1399845
1.75 10.125 93871.2307169
2.25 10.125 101092.094618
2.75 10.125 79429.5029143
3.25 10.125 77022.5482805
3.75 10.125 55359.9565766
4.25 10.125 21662.5917039
4.75 10.125 9627.81853507
5.25 10.125 12034.7731688
5.75 10.125 0.0
6.25 10.125 2406.95463377
6.75 10.125 0.0
7.25 10.125 0.0
7.75 10.125 0.0
8.25 10.125 0.0
8.75 10.125 0.0
0.25 10.375 134789.459491
0.75 10.375 79429.5029143
1.25 10.375 103499.049252
1.75 10.375 105906.003886
2.25 10.375 74615.5936468
2.75 10.375 72208.639013
3.25 10.375 67394.7297455
3.75 10.375 26476.5009714
4.25 10.375 26476.5009714
4.75 10.375 4813.90926753
5.25 10.375 4813.90926753
5.75 10.375 0.0
6.25 10.375 0.0
6.75 10.375 0.0
7.25 10.375 0.0
7.75 10.375 0.0
8.25 10.375 0.0
8.75 10.375 0.0
0.25 10.625 89057.3214494
0.75 10.625 91464.2760832
1.25 10.625 86650.3668156
1.75 10.625 81836.4575481
2.25 10.625 67394.7297455
2.75 10.625 48139.0926753
3.25 10.625 38511.2741403
3.75 10.625 31290.410239
4.25 10.625 21662.5917039
4.75 10.625 19255.6370701
5.25 10.625 7220.8639013
5.75 10.625 0.0
6.25 10.625 0.0
6.75 10.625 0.0
7.25 10.625 0.0
7.75 10.625 0.0
8.25 10.625 0.0
8.75 10.625 0.0
0.25 10.875 103499.049252
0.75 10.875 96278.1853507
1.25 10.875 72208.639013
1.75 10.875 79429.5029143
2.25 10.875 55359.9565766
2.75 10.875 62580.8204779
3.25 10.875 50546.0473091
3.75 10.875 33697.3648727
4.25 10.875 19255.6370701
4.75 10.875 2406.95463377
5.25 10.875 2406.95463377
5.75 10.875 0.0
6.25 10.875 0.0
6.75 10.875 0.0
7.25 10.875 0.0
7.75 10.875 0.0
8.25 10.875 0.0
8.75 10.875 0.0
0.25 11.125 74615.5936468
0.75 11.125 93871.2307169
1.25 11.125 62580.8204779
1.75 11.125 69801.6843792
2.25 11.125 64987.7751117
2.75 11.125 55359.9565766
3.25 11.125 33697.3648727
3.75 11.125 43325.1834078
4.25 11.125 9627.81853507
4.75 11.125 4813.90926753
5.25 11.125 2406.95463377
5.75 11.125 4813.90926753
6.25 11.125 0.0
6.75 11.125 0.0
7.25 11.125 0.0
7.75 11.125 0.0
8.25 11.125 0.0
8.75 11.125 0.0
0.25 11.375 74615.5936468
0.75 11.375 91464.2760832
1.25 11.375 77022.5482805
1.75 11.375 72208.639013
2.25 11.375 52953.0019429
2.75 11.375 43325.1834078
3.25 11.375 31290.410239
3.75 11.375 33697.3648727
4.25 11.375 19255.6370701
4.75 11.375 9627.81853507
5.25 11.375 4813.90926753
5.75 11.375 0.0
6.25 11.375 0.0
6.75 11.375 0.0
7.25 11.375 0.0
7.75 11.375 0.0
8.25 11.375 0.0
8.75 11.375 0.0
0.25 11.625 45732.1380416
0.75 11.625 60173.8658442
1.25 11.625 72208.639013
1.75 11.625 48139.0926753
2.25 11.625 57766.9112104
2.75 11.625 77022.5482805
3.25 11.625 36104.3195065
3.75 11.625 33697.3648727
4.25 11.625 21662.5917039
4.75 11.625 4813.90926753
5.25 11.625 0.0
5.75 11.625 0.0
6.25 11.625 0.0
6.75 11.625 0.0
7.25 11.625 0.0
7.75 11.625 0.0
8.25 11.625 0.0
8.75 11.625 0.0
0.25 11.875 60173.8658442
0.75 11.875 55359.9565766
1.25 11.875 79429.5029143
1.75 11.875 52953.0019429
2.25 11.875 36104.3195065
2.75 11.875 40918.228774
3.25 11.875 19255.6370701
3.75 11.875 19255.6370701
4.25 11.875 21662.5917039
4.75 11.875 7220.8639013
5.25 11.875 2406.95463377
5.75 11.875 0.0
6.25 11.875 0.0
6.75 11.875 0.0
7.25 11.875 0.0
7.75 11.875 0.0
8.25 11.875 0.0
8.75 11.875 0.0
0.25 12.125 50546.0473091
0.75 12.125 64987.7751117
1.25 12.125 79429.5029143
1.75 12.125 52953.0019429
2.25 12.125 43325.1834078
2.75 12.125 43325.1834078
3.25 12.125 28883.4556052
3.75 12.125 21662.5917039
4.25 12.125 4813.90926753
4.75 12.125 7220.8639013
5.25 12.125 2406.95463377
5.75 12.125 0.0
6.25 12.125 0.0
6.75 12.125 0.0
7.25 12.125 0.0
7.75 12.125 0.0
8.25 12.125 0.0
8.75 12.125 0.0
0.25 12.375 50546.0473091
0.75 12.375 48139.0926753
1.25 12.375 50546.0473091
1.75 12.375 40918.228774
2.25 12.375 40918.228774
2.75 12.375 24069.5463377
3.25 12.375 40918.228774
3.75 12.375 26476.5009714
4.25 12.375 9627.81853507
4.75 12.375 4813.90926753
5.25 12.375 4813.90926753
5.75 12.375 0.0
6.25 12.375 0.0
6.75 12.375 0.0
7.25 12.375 0.0
7.75 12.375 0.0
8.25 12.375 0.0
8.75 12.375 0.0
0.25 12.625 64987.7751117
0.75 12.625 55359.9565766
1.25 12.625 38511.2741403
1.75 12.625 36104.3195065
2.25 12.625 45732.1380416
2.75 12.625 16848.6824364
3.25 12.625 38511.2741403
3.75 12.625 21662.5917039
4.25 12.625 7220.8639013
4.75 12.625 7220.8639013
5.25 12.625 2406.95463377
5.75 12.625 0.0
6.25 12.625 0.0
6.75 12.625 0.0
7.25 12.625 0.0
7.75 12.625 0.0
8.25 12.625 0.0
8.75 12.625 0.0
0.25 12.875 50546.0473091
0.75 12.875 40918.228774
1.25 12.875 45732.1380416
1.75 12.875 36104.3195065
2.25 12.875 48139.0926753
2.75 12.875 40918.228774
3.25 12.875 12034.7731688
3.75 12.875 14441.7278026
4.25 12.875 12034.7731688
4.75 12.875 2406.95463377
5.25 12.875 0.0
5.75 12.875 2406.95463377
6.25 12.875 0.0
6.75 12.875 0.0
7.25 12.875 0.0
7.75 12.875 0.0
8.25 12.875 0.0
8.75 12.875 0.0
0.25 13.125 38511.2741403
0.75 13.125 24069.5463377
1.25 13.125 40918.228774
1.75 13.125 21662.5917039
2.25 13.125 36104.3195065
2.75 13.125 33697.3648727
3.25 13.125 19255.6370701
3.75 13.125 16848.6824364
4.25 13.125 4813.90926753
4.75 13.125 9627.81853507
5.25 13.125 2406.95463377
5.75 13.125 0.0
6.25 13.125 0.0
6.75 13.125 0.0
7.25 13.125 0.0
7.75 13.125 0.0
8.25 13.125 0.0
8.75 13.125 0.0
0.25 13.375 38511.2741403
0.75 13.375 48139.0926753
1.25 13.375 19255.6370701
1.75 13.375 24069.5463377
2.25 13.375 36104.3195065
2.75 13.375 16848.6824364
3.25 13.375 19255.6370701
3.75 13.375 26476.5009714
4.25 13.375 4813.90926753
4.75 13.375 2406.95463377
5.25 13.375 0.0
5.75 13.375 0.0
6.25 13.375 0.0
6.75 13.375 0.0
7.25 13.375 0.0
7.75 13.375 0.0
8.25 13.375 0.0
8.75 13.375 0.0
0.25 13.625 33697.3648727
0.75 13.625 33697.3648727
1.25 13.625 19255.6370701
1.75 13.625 40918.228774
2.25 13.625 14441.7278026
2.75 13.625 24069.5463377
3.25 13.625 4813.90926753
3.75 13.625 9627.81853507
4.25 13.625 2406.95463377
4.75 13.625 4813.90926753
5.25 13.625 0.0
5.75 13.625 0.0
6.25 13.625 0.0
6.75 13.625 0.0
7.25 13.625 0.0
7.75 13.625 0.0
8.25 13.625 0.0
8.75 13.625 0.0
0.25 13.875 45732.1380416
0.75 13.875 31290.410239
1.25 13.875 38511.2741403
1.75 13.875 16848.6824364
2.25 13.875 28883.4556052
2.75 13.875 16848.6824364
3.25 13.875 21662.5917039
3.75 13.875 2406.95463377
4.25 13.875 2406.95463377
4.75 13.875 4813.90926753
5.25 13.875 0.0
5.75 13.875 0.0
6.25 13.875 0.0
6.75 13.875 0.0
7.25 13.875 0.0
7.75 13.875 0.0
8.25 13.875 0.0
8.75 13.875 0.0
0.25 14.125 31290.410239
0.75 14.125 38511.2741403
1.25 14.125 24069.5463377
1.75 14.125 26476.5009714
2.25 14.125 26476.5009714
2.75 14.125 7220.8639013
3.25 14.125 19255.6370701
3.75 14.125 4813.90926753
4.25 14.125 7220.8639013
4.75 14.125 0.0
5.25 14.125 0.0
5.75 14.125 2406.95463377
6.25 14.125 0.0
6.75 14.125 0.0
7.25 14.125 0.0
7.75 14.125 0.0
8.25 14.125 0.0
8.75 14.125 0.0
0.25 14.375 43325.1834078
0.75 14.375 36104.3195065
1.25 14.375 21662.5917039
1.75 14.375 12034.7731688
2.25 14.375 16848.6824364
2.75 14.375 16848.6824364
3.25 14.375 4813.90926753
3.75 14.375 12034.7731688
4.25 14.375 2406.95463377
4.75 14.375 0.0
5.25 14.375 2406.95463377
5.75 14.375 0.0
6.25 14.375 0.0
6.75 14.375 0.0
7.25 14.375 0.0
7.75 14.375 0.0
8.25 14.375 0.0
8.75 14.375 0.0
0.25 14.625 24069.5463377
0.75 14.625 28883.4556052
1.25 14.625 33697.3648727
1.75 14.625 21662.5917039
2.25 14.625 26476.5009714
2.75 14.625 14441.7278026
3.25 14.625 16848.6824364
3.75 14.625 9627.81853507
4.25 14.625 9627.81853507
4.75 14.625 0.0
5.25 14.625 2406.95463377
5.75 14.625 7220.8639013
6.25 14.625 0.0
6.75 14.625 0.0
7.25 14.625 0.0
7.75 14.625 0.0
8.25 14.625 0.0
8.75 14.625 0.0
0.25 14.875 38511.2741403
0.75 14.875 14441.7278026
1.25 14.875 24069.5463377
1.75 14.875 36104.3195065
2.25 14.875 16848.6824364
2.75 14.875 4813.90926753
3.25 14.875 9627.81853507
3.75 14.875 9627.81853507
4.25 14.875 4813.90926753
4.75 14.875 0.0
5.25 14.875 0.0
5.75 14.875 0.0
6.25 14.875 0.0
6.75 14.875 0.0
7.25 14.875 0.0
7.75 14.875 0.0
8.25 14.875 0.0
8.75 14.875 0.0
0.25 15.125 19255.6370701
0.75 15.125 36104.3195065
1.25 15.125 14441.7278026
1.75 15.125 24069.5463377
2.25 15.125 19255.6370701
2.75 15.125 19255.6370701
3.25 15.125 9627.81853507
3.75 15.125 14441.7278026
4.25 15.125 0.0
4.75 15.125 4813.90926753
5.25 15.125 0.0
5.75 15.125 2406.95463377
6.25 15.125 0.0
6.75 15.125 0.0
7.25 15.125 0.0
7.75 15.125 0.0
8.25 15.125 0.0
8.75 15.125 0.0
0.25 15.375 38511.2741403
0.75 15.375 14441.7278026
1.25 15.375 26476.5009714
1.75 15.375 21662.5917039
2.25 15.375 14441.7278026
2.75 15.375 16848.6824364
3.25 15.375 9627.81853507
3.75 15.375 7220.8639013
4.25 15.375 2406.95463377
4.75 15.375 0.0
5.25 15.375 2406.95463377
5.75 15.375 0.0
6.25 15.375 0.0
6.75 15.375 0.0
7.25 15.375 0.0
7.75 15.375 0.0
8.25 15.375 0.0
8.75 15.375 0.0
0.25 15.625 36104.3195065
0.75 15.625 19255.6370701
1.25 15.625 19255.6370701
1.75 15.625 24069.5463377
2.25 15.625 12034.7731688
2.75 15.625 21662.5917039
3.25 15.625 7220.8639013
3.75 15.625 2406.95463377
4.25 15.625 0.0
4.75 15.625 4813.90926753
5.25 15.625 0.0
5.75 15.625 2406.95463377
6.25 15.625 0.0
6.75 15.625 0.0
7.25 15.625 0.0
7.75 15.625 0.0
8.25 15.625 0.0
8.75 15.625 0.0
0.25 15.875 26476.5009714
0.75 15.875 9627.81853507
1.25 15.875 14441.7278026
1.75 15.875 24069.5463377
2.25 15.875 21662.5917039
2.75 15.875 9627.81853507
3.25 15.875 16848.6824364
3.75 15.875 2406.95463377
4.25 15.875 7220.8639013
4.75 15.875 2406.95463377
5.25 15.875 0.0
5.75 15.875 0.0
6.25 15.875 0.0
6.75 15.875 0.0
7.25 15.875 0.0
7.75 15.875 0.0
8.25 15.875 0.0
8.75 15.875 0.0
0.25 16.125 14441.7278026
0.75 16.125 9627.81853507
1.25 16.125 9627.81853507
1.75 16.125 31290.410239
2.25 16.125 19255.6370701
2.75 16.125 16848.6824364
3.25 16.125 4813.90926753
3.75 16.125 7220.8639013
4.25 16.125 2406.95463377
4.75 16.125 0.0
5.25 16.125 0.0
5.75 16.125 0.0
6.25 16.125 0.0
6.75 16.125 0.0
7.25 16.125 0.0
7.75 16.125 0.0
8.25 16.125 0.0
8.75 16.125 0.0
0.25 16.375 36104.3195065
0.75 16.375 21662.5917039
1.25 16.375 7220.8639013
1.75 16.375 9627.81853507
2.25 16.375 2406.95463377
2.75 16.375 7220.8639013
3.25 16.375 4813.90926753
3.75 16.375 2406.95463377
4.25 16.375 0.0
4.75 16.375 2406.95463377
5.25 16.375 0.0
5.75 16.375 2406.95463377
6.25 16.375 0.0
6.75 16.375 0.0
7.25 16.375 0.0
7.75 16.375 0.0
8.25 16.375 0.0
8.75 16.375 0.0
0.25 16.625 12034.7731688
0.75 16.625 19255.6370701
1.25 16.625 4813.90926753
1.75 16.625 19255.6370701
2.25 16.625 7220.8639013
2.75 16.625 14441.7278026
3.25 16.625 9627.81853507
3.75 16.625 0.0
4.25 16.625 0.0
4.75 16.625 4813.90926753
5.25 16.625 2406.95463377
5.75 16.625 0.0
6.25 16.625 0.0
6.75 16.625 0.0
7.25 16.625 0.0
7.75 16.625 0.0
8.25 16.625 0.0
8.75 16.625 0.0
0.25 16.875 28883.4556052
0.75 16.875 19255.6370701
1.25 16.875 16848.6824364
1.75 16.875 14441.7278026
2.25 16.875 14441.7278026
2.75 16.875 9627.81853507
3.25 16.875 4813.90926753
3.75 16.875 7220.8639013
4.25 16.875 7220.8639013
4.75 16.875 0.0
5.25 16.875 0.0
5.75 16.875 0.0
6.25 16.875 0.0
6.75 16.875 0.0
7.25 16.875 0.0
7.75 16.875 0.0
8.25 16.875 0.0
8.75 16.875 0.0
0.25 17.125 24069.5463377
0.75 17.125 16848.6824364
1.25 17.125 19255.6370701
1.75 17.125 7220.8639013
2.25 17.125 2406.95463377
2.75 17.125 2406.95463377
3.25 17.125 4813.90926753
3.75 17.125 2406.95463377
4.25 17.125 9627.81853507
4.75 17.125 2406.95463377
5.25 17.125 2406.95463377
5.75 17.125 0.0
6.25 17.125 0.0
6.75 17.125 0.0
7.25 17.125 0.0
7.75 17.125 0.0
8.25 17.125 0.0
8.75 17.125 0.0
0.25 17.375 19255.6370701
0.75 17.375 16848.6824364
1.25 17.375 9627.81853507
1.75 17.375 16848.6824364
2.25 17.375 7220.8639013
2.75 17.375 9627.81853507
3.25 17.375 7220.8639013
3.75 17.375 2406.95463377
4.25 17.375 4813.90926753
4.75 17.375 2406.95463377
5.25 17.375 0.0
5.75 17.375 0.0
6.25 17.375 0.0
6.75 17.375 0.0
7.25 17.375 0.0
7.75 17.375 0.0
8.25 17.375 0.0
8.75 17.375 0.0
0.25 17.625 14441.7278026
0.75 17.625 12034.7731688
1.25 17.625 9627.81853507
1.75 17.625 16848.6824364
2.25 17.625 7220.8639013
2.75 17.625 7220.8639013
3.25 17.625 7220.8639013
3.75 17.625 12034.7731688
4.25 17.625 0.0
4.75 17.625 0.0
5.25 17.625 0.0
5.75 17.625 0.0
6.25 17.625 0.0
6.75 17.625 0.0
7.25 17.625 0.0
7.75 17.625 0.0
8.25 17.625 0.0
8.75 17.625 0.0
0.25 17.875 9627.81853507
0.75 17.875 16848.6824364
1.25 17.875 16848.6824364
1.75 17.875 7220.8639013
2.25 17.875 12034.7731688
2.75 17.875 4813.90926753
3.25 17.875 0.0
3.75 17.875 2406.95463377
4.25 17.875 2406.95463377
4.75 17.875 0.0
5.25 17.875 0.0
5.75 17.875 0.0
6.25 17.875 0.0
6.75 17.875 0.0
7.25 17.875 0.0
7.75 17.875 0.0
8.25 17.875 0.0
8.75 17.875 0.0
0.25 18.125 12034.7731688
0.75 18.125 12034.7731688
1.25 18.125 9627.81853507
1.75 18.125 4813.90926753
2.25 18.125 14441.7278026
2.75 18.125 9627.81853507
3.25 18.125 12034.7731688
3.75 18.125 2406.95463377
4.25 18.125 9627.81853507
4.75 18.125 2406.95463377
5.25 18.125 0.0
5.75 18.125 0.0
6.25 18.125 0.0
6.75 18.125 0.0
7.25 18.125 0.0
7.75 18.125 0.0
8.25 18.125 0.0
8.75 18.125 0.0
0.25 18.375 4813.90926753
0.75 18.375 12034.7731688
1.25 18.375 14441.7278026
1.75 18.375 9627.81853507
2.25 18.375 7220.8639013
2.75 18.375 9627.81853507
3.25 18.375 2406.95463377
3.75 18.375 2406.95463377
4.25 18.375 0.0
4.75 18.375 0.0
5.25 18.375 0.0
5.75 18.375 0.0
6.25 18.375 0.0
6.75 18.375 0.0
7.25 18.375 0.0
7.75 18.375 0.0
8.25 18.375 0.0
8.75 18.375 0.0
0.25 18.625 4813.90926753
0.75 18.625 2406.95463377
1.25 18.625 2406.95463377
1.75 18.625 4813.90926753
2.25 18.625 2406.95463377
2.75 18.625 4813.90926753
3.25 18.625 9627.81853507
3.75 18.625 2406.95463377
4.25 18.625 2406.95463377
4.75 18.625 0.0
5.25 18.625 0.0
5.75 18.625 0.0
6.25 18.625 0.0
6.75 18.625 0.0
7.25 18.625 0.0
7.75 18.625 0.0
8.25 18.625 0.0
8.75 18.625 0.0
0.25 18.875 4813.90926753
0.75 18.875 7220.8639013
1.25 18.875 12034.7731688
1.75 18.875 2406.95463377
2.25 18.875 2406.95463377
2.75 18.875 2406.95463377
3.25 18.875 4813.90926753
3.75 18.875 7220.8639013
4.25 18.875 2406.95463377
4.75 18.875 0.0
5.25 18.875 0.0
5.75 18.875 0.0
6.25 18.875 0.0
6.75 18.875 0.0
7.25 18.875 0.0
7.75 18.875 0.0
8.25 18.875 0.0
8.75 18.875 0.0
0.25 19.125 7220.8639013
0.75 19.125 12034.7731688
1.25 19.125 7220.8639013
1.75 19.125 2406.95463377
2.25 19.125 14441.7278026
2.75 19.125 9627.81853507
3.25 19.125 4813.90926753
3.75 19.125 4813.90926753
4.25 19.125 0.0
4.75 19.125 2406.95463377
5.25 19.125 0.0
5.75 19.125 0.0
6.25 19.125 0.0
6.75 19.125 0.0
7.25 19.125 0.0
7.75 19.125 0.0
8.25 19.125 0.0
8.75 19.125 0.0
0.25 19.375 4813.90926753
0.75 19.375 9627.81853507
1.25 19.375 7220.8639013
1.75 19.375 16848.6824364
2.25 19.375 4813.90926753
2.75 19.375 2406.95463377
3.25 19.375 4813.90926753
3.75 19.375 0.0
4.25 19.375 4813.90926753
4.75 19.375 0.0
5.25 19.375 0.0
5.75 19.375 0.0
6.25 19.375 0.0
6.75 19.375 0.0
7.25 19.375 0.0
7.75 19.375 0.0
8.25 19.375 0.0
8.75 19.375 0.0
0.25 19.625 24069.5463377
0.75 19.625 7220.8639013
1.25 19.625 7220.8639013
1.75 19.625 7220.8639013
2.25 19.625 14441.7278026
2.75 19.625 7220.8639013
3.25 19.625 4813.90926753
3.75 19.625 4813.90926753
4.25 19.625 0.0
4.75 19.625 0.0
5.25 19.625 0.0
5.75 19.625 0.0
6.25 19.625 0.0
6.75 19.625 0.0
7.25 19.625 0.0
7.75 19.625 0.0
8.25 19.625 0.0
8.75 19.625 0.0
0.25 19.875 2406.95463377
0.75 19.875 4813.90926753
1.25 19.875 4813.90926753
1.75 19.875 7220.8639013
2.25 19.875 2406.95463377
2.75 19.875 2406.95463377
3.25 19.875 4813.90926753
3.75 19.875 2406.95463377
4.25 19.875 0.0
4.75 19.875 0.0
5.25 19.875 0.0
5.75 19.875 0.0
6.25 19.875 0.0
6.75 19.875 0.0
7.25 19.875 0.0
7.75 19.875 0.0
8.25 19.875 0.0
8.75 19.875 0.0
0.25 20.125 2406.95463377
0.75 20.125 2406.95463377
1.25 20.125 0.0
1.75 20.125 0.0
2.25 20.125 4813.90926753
2.75 20.125 4813.90926753
3.25 20.125 2406.95463377
3.75 20.125 2406.95463377
4.25 20.125 0.0
4.75 20.125 2406.95463377
5.25 20.125 0.0
5.75 20.125 0.0
6.25 20.125 0.0
6.75 20.125 0.0
7.25 20.125 0.0
7.75 20.125 0.0
8.25 20.125 0.0
8.75 20.125 0.0
0.25 20.375 4813.90926753
0.75 20.375 7220.8639013
1.25 20.375 2406.95463377
1.75 20.375 2406.95463377
2.25 20.375 9627.81853507
2.75 20.375 4813.90926753
3.25 20.375 0.0
3.75 20.375 2406.95463377
4.25 20.375 0.0
4.75 20.375 0.0
5.25 20.375 0.0
5.75 20.375 0.0
6.25 20.375 0.0
6.75 20.375 0.0
7.25 20.375 0.0
7.75 20.375 0.0
8.25 20.375 0.0
8.75 20.375 0.0
0.25 20.625 4813.90926753
0.75 20.625 4813.90926753
1.25 20.625 2406.95463377
1.75 20.625 7220.8639013
2.25 20.625 9627.81853507
2.75 20.625 7220.8639013
3.25 20.625 4813.90926753
3.75 20.625 0.0
4.25 20.625 0.0
4.75 20.625 0.0
5.25 20.625 0.0
5.75 20.625 0.0
6.25 20.625 0.0
6.75 20.625 0.0
7.25 20.625 0.0
7.75 20.625 0.0
8.25 20.625 0.0
8.75 20.625 0.0
0.25 20.875 4813.90926753
0.75 20.875 4813.90926753
1.25 20.875 9627.81853507
1.75 20.875 7220.8639013
2.25 20.875 12034.7731688
2.75 20.875 2406.95463377
3.25 20.875 0.0
3.75 20.875 2406.95463377
4.25 20.875 2406.95463377
4.75 20.875 0.0
5.25 20.875 0.0
5.75 20.875 0.0
6.25 20.875 0.0
6.75 20.875 0.0
7.25 20.875 0.0
7.75 20.875 0.0
8.25 20.875 0.0
8.75 20.875 0.0
0.25 21.125 9627.81853507
0.75 21.125 4813.90926753
1.25 21.125 2406.95463377
1.75 21.125 7220.8639013
2.25 21.125 0.0
2.75 21.125 4813.90926753
3.25 21.125 2406.95463377
3.75 21.125 2406.95463377
4.25 21.125 2406.95463377
4.75 21.125 0.0
5.25 21.125 0.0
5.75 21.125 0.0
6.25 21.125 0.0
6.75 21.125 0.0
7.25 21.125 0.0
7.75 21.125 0.0
8.25 21.125 0.0
8.75 21.125 0.0
0.25 21.375 9627.81853507
0.75 21.375 2406.95463377
1.25 21.375 9627.81853507
1.75 21.375 0.0
2.25 21.375 7220.8639013
2.75 21.375 2406.95463377
3.25 21.375 4813.90926753
3.75 21.375 0.0
4.25 21.375 0.0
4.75 21.375 2406.95463377
5.25 21.375 0.0
5.75 21.375 0.0
6.25 21.375 0.0
6.75 21.375 0.0
7.25 21.375 0.0
7.75 21.375 0.0
8.25 21.375 0.0
8.75 21.375 0.0
0.25 21.625 0.0
0.75 21.625 9627.81853507
1.25 21.625 4813.90926753
1.75 21.625 0.0
2.25 21.625 4813.90926753
2.75 21.625 2406.95463377
3.25 21.625 0.0
3.75 21.625 0.0
4.25 21.625 0.0
4.75 21.625 2406.95463377
5.25 21.625 0.0
5.75 21.625 0.0
6.25 21.625 0.0
6.75 21.625 0.0
7.25 21.625 0.0
7.75 21.625 0.0
8.25 21.625 0.0
8.75 21.625 0.0
0.25 21.875 4813.90926753
0.75 21.875 2406.95463377
1.25 21.875 4813.90926753
1.75 21.875 9627.81853507
2.25 21.875 2406.95463377
2.75 21.875 0.0
3.25 21.875 0.0
3.75 21.875 4813.90926753
4.25 21.875 0.0
4.75 21.875 0.0
5.25 21.875 0.0
5.75 21.875 0.0
6.25 21.875 0.0
6.75 21.875 0.0
7.25 21.875 0.0
7.75 21.875 0.0
8.25 21.875 0.0
8.75 21.875 0.0
0.25 22.125 7220.8639013
0.75 22.125 12034.7731688
1.25 22.125 2406.95463377
1.75 22.125 0.0
2.25 22.125 0.0
2.75 22.125 4813.90926753
3.25 22.125 2406.95463377
3.75 22.125 2406.95463377
4.25 22.125 0.0
4.75 22.125 2406.95463377
5.25 22.125 0.0
5.75 22.125 0.0
6.25 22.125 0.0
6.75 22.125 0.0
7.25 22.125 0.0
7.75 22.125 0.0
8.25 22.125 0.0
8.75 22.125 0.0
0.25 22.375 4813.90926753
0.75 22.375 0.0
1.25 22.375 7220.8639013
1.75 22.375 4813.90926753
2.25 22.375 2406.95463377
2.75 22.375 4813.90926753
3.25 22.375 7220.8639013
3.75 22.375 0.0
4.25 22.375 0.0
4.75 22.375 0.0
5.25 22.375 0.0
5.75 22.375 0.0
6.25 22.375 0.0
6.75 22.375 0.0
7.25 22.375 0.0
7.75 22.375 0.0
8.25 22.375 0.0
8.75 22.375 0.0
0.25 22.625 7220.8639013
0.75 22.625 7220.8639013
1.25 22.625 4813.90926753
1.75 22.625 2406.95463377
2.25 22.625 2406.95463377
2.75 22.625 2406.95463377
3.25 22.625 2406.95463377
3.75 22.625 2406.95463377
4.25 22.625 2406.95463377
4.75 22.625 0.0
5.25 22.625 0.0
5.75 22.625 0.0
6.25 22.625 0.0
6.75 22.625 0.0
7.25 22.625 0.0
7.75 22.625 0.0
8.25 22.625 0.0
8.75 22.625 0.0
0.25 22.875 4813.90926753
0.75 22.875 2406.95463377
1.25 22.875 0.0
1.75 22.875 4813.90926753
2.25 22.875 4813.90926753
2.75 22.875 2406.95463377
3.25 22.875 4813.90926753
3.75 22.875 0.0
4.25 22.875 0.0
4.75 22.875 2406.95463377
5.25 22.875 0.0
5.75 22.875 0.0
6.25 22.875 0.0
6.75 22.875 0.0
7.25 22.875 0.0
7.75 22.875 0.0
8.25 22.875 0.0
8.75 22.875 0.0
0.25 23.125 0.0
0.75 23.125 2406.95463377
1.25 23.125 2406.95463377
1.75 23.125 2406.95463377
2.25 23.125 0.0
2.75 23.125 2406.95463377
3.25 23.125 0.0
3.75 23.125 0.0
4.25 23.125 0.0
4.75 23.125 0.0
5.25 23.125 0.0
5.75 23.125 0.0
6.25 23.125 0.0
6.75 23.125 0.0
7.25 23.125 0.0
7.75 23.125 0.0
8.25 23.125 0.0
8.75 23.125 0.0
0.25 23.375 2406.95463377
0.75 23.375 2406.95463377
1.25 23.375 4813.90926753
1.75 23.375 2406.95463377
2.25 23.375 0.0
2.75 23.375 4813.90926753
3.25 23.375 4813.90926753
3.75 23.375 0.0
4.25 23.375 2406.95463377
4.75 23.375 0.0
5.25 23.375 0.0
5.75 23.375 0.0
6.25 23.375 0.0
6.75 23.375 0.0
7.25 23.375 0.0
7.75 23.375 0.0
8.25 23.375 0.0
8.75 23.375 0.0
0.25 23.625 2406.95463377
0.75 23.625 0.0
1.25 23.625 4813.90926753
1.75 23.625 7220.8639013
2.25 23.625 2406.95463377
2.75 23.625 0.0
3.25 23.625 0.0
3.75 23.625 2406.95463377
4.25 23.625 0.0
4.75 23.625 0.0
5.25 23.625 0.0
5.75 23.625 0.0
6.25 23.625 0.0
6.75 23.625 0.0
7.25 23.625 0.0
7.75 23.625 0.0
8.25 23.625 0.0
8.75 23.625 0.0
0.25 23.875 2406.95463377
0.75 23.875 2406.95463377
1.25 23.875 2406.95463377
1.75 23.875 2406.95463377
2.25 23.875 2406.95463377
2.75 23.875 0.0
3.25 23.875 0.0
3.75 23.875 2406.95463377
4.25 23.875 0.0
4.75 23.875 0.0
5.25 23.875 0.0
5.75 23.875 0.0
6.25 23.875 0.0
6.75 23.875 0.0
7.25 23.875 0.0
7.75 23.875 0.0
8.25 23.875 0.0
8.75 23.875 0.0
0.25 24.125 0.0
0.75 24.125 0.0
1.25 24.125 2406.95463377
1.75 24.125 0.0
2.25 24.125 0.0
2.75 24.125 2406.95463377
3.25 24.125 0.0
3.75 24.125 2406.95463377
4.25 24.125 2406.95463377
4.75 24.125 2406.95463377
5.25 24.125 0.0
5.75 24.125 0.0
6.25 24.125 0.0
6.75 24.125 0.0
7.25 24.125 0.0
7.75 24.125 0.0
8.25 24.125 0.0
8.75 24.125 0.0
0.25 24.375 0.0
0.75 24.375 4813.90926753
1.25 24.375 0.0
1.75 24.375 4813.90926753
2.25 24.375 4813.90926753
2.75 24.375 0.0
3.25 24.375 2406.95463377
3.75 24.375 0.0
4.25 24.375 0.0
4.75 24.375 0.0
5.25 24.375 0.0
5.75 24.375 0.0
6.25 24.375 0.0
6.75 24.375 0.0
7.25 24.375 0.0
7.75 24.375 0.0
8.25 24.375 0.0
8.75 24.375 0.0
0.25 24.625 2406.95463377
0.75 24.625 0.0
1.25 24.625 4813.90926753
1.75 24.625 0.0
2.25 24.625 0.0
2.75 24.625 0.0
3.25 24.625 2406.95463377
3.75 24.625 0.0
4.25 24.625 0.0
4.75 24.625 0.0
5.25 24.625 0.0
5.75 24.625 0.0
6.25 24.625 0.0
6.75 24.625 0.0
7.25 24.625 0.0
7.75 24.625 0.0
8.25 24.625 0.0
8.75 24.625 0.0
0.25 24.875 2406.95463377
0.75 24.875 2406.95463377
1.25 24.875 2406.95463377
1.75 24.875 2406.95463377
2.25 24.875 2406.95463377
2.75 24.875 2406.95463377
3.25 24.875 0.0
3.75 24.875 0.0
4.25 24.875 2406.95463377
4.75 24.875 0.0
5.25 24.875 0.0
5.75 24.875 0.0
6.25 24.875 0.0
6.75 24.875 0.0
7.25 24.875 0.0
7.75 24.875 0.0
8.25 24.875 0.0
8.75 24.875 0.0
0.25 25.125 2406.95463377
0.75 25.125 2406.95463377
1.25 25.125 14441.7278026
1.75 25.125 9627.81853507
2.25 25.125 0.0
2.75 25.125 2406.95463377
3.25 25.125 2406.95463377
3.75 25.125 0.0
4.25 25.125 0.0
4.75 25.125 0.0
5.25 25.125 0.0
5.75 25.125 0.0
6.25 25.125 0.0
6.75 25.125 0.0
7.25 25.125 0.0
7.75 25.125 0.0
8.25 25.125 0.0
8.75 25.125 0.0
0.25 25.375 9627.81853507
0.75 25.375 2406.95463377
1.25 25.375 4813.90926753
1.75 25.375 2406.95463377
2.25 25.375 0.0
2.75 25.375 0.0
3.25 25.375 0.0
3.75 25.375 0.0
4.25 25.375 0.0
4.75 25.375 0.0
5.25 25.375 0.0
5.75 25.375 0.0
6.25 25.375 0.0
6.75 25.375 0.0
7.25 25.375 0.0
7.75 25.375 0.0
8.25 25.375 0.0
8.75 25.375 0.0
0.25 25.625 4813.90926753
0.75 25.625 7220.8639013
1.25 25.625 7220.8639013
1.75 25.625 0.0
2.25 25.625 0.0
2.75 25.625 0.0
3.25 25.625 0.0
3.75 25.625 0.0
4.25 25.625 0.0
4.75 25.625 0.0
5.25 25.625 0.0
5.75 25.625 0.0
6.25 25.625 0.0
6.75 25.625 0.0
7.25 25.625 0.0
7.75 25.625 0.0
8.25 25.625 0.0
8.75 25.625 0.0
0.25 25.875 0.0
0.75 25.875 0.0
1.25 25.875 2406.95463377
1.75 25.875 2406.95463377
2.25 25.875 0.0
2.75 25.875 0.0
3.25 25.875 2406.95463377
3.75 25.875 0.0
4.25 25.875 2406.95463377
4.75 25.875 0.0
5.25 25.875 0.0
5.75 25.875 0.0
6.25 25.875 0.0
6.75 25.875 0.0
7.25 25.875 0.0
7.75 25.875 0.0
8.25 25.875 0.0
8.75 25.875 0.0
0.25 26.125 4813.90926753
0.75 26.125 7220.8639013
1.25 26.125 2406.95463377
1.75 26.125 2406.95463377
2.25 26.125 4813.90926753
2.75 26.125 7220.8639013
3.25 26.125 0.0
3.75 26.125 0.0
4.25 26.125 0.0
4.75 26.125 0.0
5.25 26.125 0.0
5.75 26.125 0.0
6.25 26.125 0.0
6.75 26.125 0.0
7.25 26.125 0.0
7.75 26.125 0.0
8.25 26.125 0.0
8.75 26.125 0.0
0.25 26.375 2406.95463377
0.75 26.375 4813.90926753
1.25 26.375 2406.95463377
1.75 26.375 4813.90926753
2.25 26.375 0.0
2.75 26.375 0.0
3.25 26.375 0.0
3.75 26.375 0.0
4.25 26.375 2406.95463377
4.75 26.375 0.0
5.25 26.375 0.0
5.75 26.375 0.0
6.25 26.375 0.0
6.75 26.375 0.0
7.25 26.375 0.0
7.75 26.375 0.0
8.25 26.375 0.0
8.75 26.375 0.0
0.25 26.625 0.0
0.75 26.625 2406.95463377
1.25 26.625 2406.95463377
1.75 26.625 0.0
2.25 26.625 0.0
2.75 26.625 0.0
3.25 26.625 2406.95463377
3.75 26.625 0.0
4.25 26.625 0.0
4.75 26.625 0.0
5.25 26.625 0.0
5.75 26.625 0.0
6.25 26.625 0.0
6.75 26.625 0.0
7.25 26.625 0.0
7.75 26.625 0.0
8.25 26.625 0.0
8.75 26.625 0.0
0.25 26.875 4813.90926753
0.75 26.875 4813.90926753
1.25 26.875 2406.95463377
1.75 26.875 2406.95463377
2.25 26.875 2406.95463377
2.75 26.875 2406.95463377
3.25 26.875 2406.95463377
3.75 26.875 2406.95463377
4.25 26.875 0.0
4.75 26.875 0.0
5.25 26.875 0.0
5.75 26.875 0.0
6.25 26.875 0.0
6.75 26.875 0.0
7.25 26.875 0.0
7.75 26.875 0.0
8.25 26.875 0.0
8.75 26.875 0.0
0.25 27.125 4813.90926753
0.75 27.125 2406.95463377
1.25 27.125 2406.95463377
1.75 27.125 7220.8639013
2.25 27.125 0.0
2.75 27.125 2406.95463377
3.25 27.125 0.0
3.75 27.125 0.0
4.25 27.125 0.0
4.75 27.125 0.0
5.25 27.125 0.0
5.75 27.125 0.0
6.25 27.125 0.0
6.75 27.125 0.0
7.25 27.125 0.0
7.75 27.125 0.0
8.25 27.125 0.0
8.75 27.125 0.0
0.25 27.375 0.0
0.75 27.375 9627.81853507
1.25 27.375 2406.95463377
1.75 27.375 2406.95463377
2.25 27.375 0.0
2.75 27.375 0.0
3.25 27.375 0.0
3.75 27.375 2406.95463377
4.25 27.375 0.0
4.75 27.375 0.0
5.25 27.375 0.0
5.75 27.375 0.0
6.25 27.375 0.0
6.75 27.375 0.0
7.25 27.375 0.0
7.75 27.375 0.0
8.25 27.375 0.0
8.75 27.375 0.0
0.25 27.625 2406.95463377
0.75 27.625 0.0
1.25 27.625 0.0
1.75 27.625 0.0
2.25 27.625 0.0
2.75 27.625 4813.90926753
3.25 27.625 0.0
3.75 27.625 0.0
4.25 27.625 0.0
4.75 27.625 0.0
5.25 27.625 0.0
5.75 27.625 0.0
6.25 27.625 0.0
6.75 27.625 0.0
7.25 27.625 0.0
7.75 27.625 0.0
8.25 27.625 0.0
8.75 27.625 0.0
0.25 27.875 0.0
0.75 27.875 0.0
1.25 27.875 0.0
1.75 27.875 2406.95463377
2.25 27.875 0.0
2.75 27.875 0.0
3.25 27.875 0.0
3.75 27.875 0.0
4.25 27.875 2406.95463377
4.75 27.875 0.0
5.25 27.875 0.0
5.75 27.875 0.0
6.25 27.875 0.0
6.75 27.875 0.0
7.25 27.875 0.0
7.75 27.875 0.0
8.25 27.875 0.0
8.75 27.875 0.0
0.25 28.125 2406.95463377
0.75 28.125 0.0
1.25 28.125 2406.95463377
1.75 28.125 0.0
2.25 28.125 0.0
2.75 28.125 0.0
3.25 28.125 0.0
3.75 28.125 0.0
4.25 28.125 0.0
4.75 28.125 0.0
5.25 28.125 0.0
5.75 28.125 0.0
6.25 28.125 0.0
6.75 28.125 0.0
7.25 28.125 0.0
7.75 28.125 0.0
8.25 28.125 0.0
8.75 28.125 0.0
0.25 28.375 2406.95463377
0.75 28.375 0.0
1.25 28.375 0.0
1.75 28.375 0.0
2.25 28.375 0.0
2.75 28.375 0.0
3.25 28.375 0.0
3.75 28.375 0.0
4.25 28.375 0.0
4.75 28.375 0.0
5.25 28.375 0.0
5.75 28.375 0.0
6.25 28.375 0.0
6.75 28.375 0.0
7.25 28.375 0.0
7.75 28.375 0.0
8.25 28.375 0.0
8.75 28.375 0.0
0.25 28.625 0.0
0.75 28.625 2406.95463377
1.25 28.625 0.0
1.75 28.625 2406.95463377
2.25 28.625 0.0
2.75 28.625 2406.95463377
3.25 28.625 0.0
3.75 28.625 0.0
4.25 28.625 0.0
4.75 28.625 0.0
5.25 28.625 0.0
5.75 28.625 0.0
6.25 28.625 0.0
6.75 28.625 0.0
7.25 28.625 0.0
7.75 28.625 0.0
8.25 28.625 0.0
8.75 28.625 0.0
0.25 28.875 2406.95463377
0.75 28.875 0.0
1.25 28.875 2406.95463377
1.75 28.875 0.0
2.25 28.875 0.0
2.75 28.875 2406.95463377
3.25 28.875 0.0
3.75 28.875 0.0
4.25 28.875 0.0
4.75 28.875 0.0
5.25 28.875 0.0
5.75 28.875 0.0
6.25 28.875 0.0
6.75 28.875 0.0
7.25 28.875 0.0
7.75 28.875 0.0
8.25 28.875 0.0
8.75 28.875 0.0
0.25 29.125 0.0
0.75 29.125 2406.95463377
1.25 29.125 0.0
1.75 29.125 0.0
2.25 29.125 0.0
2.75 29.125 4813.90926753
3.25 29.125 4813.90926753
3.75 29.125 0.0
4.25 29.125 0.0
4.75 29.125 0.0
5.25 29.125 0.0
5.75 29.125 0.0
6.25 29.125 0.0
6.75 29.125 0.0
7.25 29.125 0.0
7.75 29.125 0.0
8.25 29.125 0.0
8.75 29.125 0.0
0.25 29.375 0.0
0.75 29.375 0.0
1.25 29.375 0.0
1.75 29.375 0.0
2.25 29.375 0.0
2.75 29.375 0.0
3.25 29.375 0.0
3.75 29.375 0.0
4.25 29.375 2406.95463377
4.75 29.375 0.0
5.25 29.375 0.0
5.75 29.375 0.0
6.25 29.375 0.0
6.75 29.375 0.0
7.25 29.375 0.0
7.75 29.375 0.0
8.25 29.375 0.0
8.75 29.375 0.0
0.25 29.625 2406.95463377
0.75 29.625 0.0
1.25 29.625 0.0
1.75 29.625 0.0
2.25 29.625 4813.90926753
2.75 29.625 0.0
3.25 29.625 0.0
3.75 29.625 0.0
4.25 29.625 0.0
4.75 29.625 0.0
5.25 29.625 0.0
5.75 29.625 0.0
6.25 29.625 0.0
6.75 29.625 0.0
7.25 29.625 0.0
7.75 29.625 0.0
8.25 29.625 0.0
8.75 29.625 0.0
0.25 29.875 0.0
0.75 29.875 4813.90926753
1.25 29.875 0.0
1.75 29.875 0.0
2.25 29.875 0.0
2.75 29.875 0.0
3.25 29.875 2406.95463377
3.75 29.875 0.0
4.25 29.875 0.0
4.75 29.875 0.0
5.25 29.875 0.0
5.75 29.875 0.0
6.25 29.875 0.0
6.75 29.875 0.0
7.25 29.875 0.0
7.75 29.875 0.0
8.25 29.875 0.0
8.75 29.875 0.0
