11.294627058970837 49.534526624774884
14.219093021276404 167.10981688233292
17.900777537149963 1029.9159905108554
22.535743732392298 2666.994849785237
28.370820458389794 1661.2901098852703
35.71674682851676 2962.423888505181
44.96472020903849 10450.2013227203
56.60722890537329 24823.828430643385
71.26427896022373 35956.22216055848
89.71641173621407 56289.78818684199
112.94627058970838 61115.65852223788
142.1909302127641 75570.67630476409
179.00777537149963 94296.23503950035
225.35743732392305 120323.66957849439
283.7082045838981 139630.6148058921
357.1674682851676 156414.95795703272
449.6472020903849 158579.06564123905
566.0722890537327 147352.01407124603
712.6427896022376 125373.67946049385
897.164117362141 98444.44781692373
1129.4627058970837 55146.771564967465
1421.9093021276408 30294.630252138944
1790.0777537149975 14140.406084534014
2253.5743732392316 4286.446671249345
2837.082045838981 1343.3896096884273
3571.674682851676 283.06858321023174
4496.47202090385 39.6088851953391
5660.72289053733 4.678044113563374
7126.427896022379 0.7325504384934902
8971.64117362141 0.0
