0.25 0.125 12415072.001
0.75 0.125 7841858.19681
1.25 0.125 7025900.57597
1.75 0.125 7225677.81057
2.25 0.125 8036821.52215
2.75 0.125 8778163.54935
3.25 0.125 9158462.38148
3.75 0.125 9252333.6122
4.25 0.125 9009231.19419
4.75 0.125 8318435.2143
5.25 0.125 6852599.84234
5.75 0.125 5189394.1904
6.25 0.125 3372143.44191
6.75 0.125 1713751.69924
7.25 0.125 628215.159413
7.75 0.125 132382.504857
8.25 0.125 4813.90926753
8.75 0.125 0.0
0.25 0.375 20966981.8147
0.75 0.375 15488753.0683
1.25 0.375 13888128.2368
1.75 0.375 14513936.4416
2.25 0.375 15418951.3839
2.75 0.375 16658533.0203
3.25 0.375 18049752.7986
3.75 0.375 18497446.3605
4.25 0.375 18629828.8654
4.75 0.375 17279527.3158
5.25 0.375 14920711.7747
5.75 0.375 11777229.023
6.25 0.375 7702254.82805
6.75 0.375 4089415.92277
7.25 0.375 1595810.92219
7.75 0.375 271985.873616
8.25 0.375 19255.6370701
8.75 0.375 0.0
0.25 0.625 21590383.0649
0.75 0.625 17594838.3728
1.25 0.625 15977364.8589
1.75 0.625 16458755.7857
2.25 0.625 17168807.4027
2.75 0.625 18025683.2523
3.25 0.625 19638342.8569
3.75 0.625 20639635.9846
4.25 0.625 20480776.9787
4.75 0.625 19371170.8926
5.25 0.625 16345628.9179
5.75 0.625 12891649.0185
6.25 0.625 8672257.54546
6.75 0.625 4460086.93637
7.25 0.625 1807622.92996
7.75 0.625 320124.966291
8.25 0.625 14441.7278026
8.75 0.625 0.0
0.25 0.875 20423010.0675
0.75 0.875 17154365.6749
1.25 0.875 15488753.0683
1.75 0.875 15512822.6146
2.25 0.875 16376919.3282
2.75 0.875 17488932.369
3.25 0.875 18066601.4811
3.75 0.875 18100298.8459
4.25 0.875 18119554.483
4.75 0.875 16988285.8051
5.25 0.875 14504308.6231
5.75 0.875 11445069.2836
6.25 0.875 7394164.63493
6.75 0.875 3930556.91694
7.25 0.875 1610252.64999
7.75 0.875 238288.508743
8.25 0.875 9627.81853507
8.75 0.875 0.0
0.25 1.125 17467269.7772
0.75 1.125 15548926.9341
1.25 1.125 14003662.0593
1.75 1.125 13984406.4222
2.25 1.125 14367112.209
2.75 1.125 14925525.684
3.25 1.125 15365998.382
3.75 1.125 15298603.6522
4.25 1.125 15101233.3723
4.75 1.125 13844803.0534
5.25 1.125 11818147.2518
5.75 1.125 8756500.95764
6.25 1.125 5774284.16641
6.75 1.125 3174773.16194
7.25 1.125 1047025.26569
7.75 1.125 175707.688265
8.25 1.125 4813.90926753
8.75 1.125 0.0
0.25 1.375 15081977.7352
0.75 1.375 13385074.7184
1.25 1.375 12595593.5985
1.75 1.375 12518571.0502
2.25 1.375 12629290.9634
2.75 1.375 12638918.7819
3.25 1.375 12475245.8668
3.75 1.375 12641325.7365
4.25 1.375 12017924.4864
4.75 1.375 10657995.1183
5.25 1.375 8773349.64008
5.75 1.375 6657636.517
6.25 1.375 4262716.6564
6.75 1.375 2180700.89819
7.25 1.375 811143.71158
7.75 1.375 93871.2307169
8.25 1.375 0.0
8.75 1.375 0.0
0.25 1.625 12520978.0049
0.75 1.625 11375267.5992
1.25 1.625 10812040.2149
1.75 1.625 10528019.5681
2.25 1.625 10405264.8818
2.75 1.625 10778342.85
3.25 1.625 10027373.0043
3.75 1.625 10333056.2428
4.25 1.625 9184938.88246
4.75 1.625 8116251.02506
5.25 1.625 6453045.37313
5.75 1.625 4890931.81581
6.25 1.625 2967775.06343
6.75 1.625 1328638.95784
7.25 1.625 515088.291626
7.75 1.625 67394.7297455
8.25 1.625 0.0
8.75 1.625 0.0
0.25 1.875 10525612.6135
0.75 1.875 9858886.17991
1.25 1.875 9560423.80532
1.75 1.875 9009231.19419
2.25 1.875 8737245.32057
2.75 1.875 8792605.27715
3.25 1.875 8407492.53575
3.75 1.875 7928508.56363
4.25 1.875 7247340.40227
4.75 1.875 6166617.77171
5.25 1.875 4987210.00117
5.75 1.875 3328818.2585
6.25 1.875 1976109.75432
6.75 1.875 936305.352535
7.25 1.875 264765.009714
7.75 1.875 14441.7278026
8.25 1.875 0.0
8.75 1.875 0.0
0.25 2.125 8756500.95764
0.75 2.125 8087367.56946
1.25 2.125 7786498.24024
1.75 2.125 7432675.90907
2.25 2.125 7256968.22081
2.75 2.125 7129399.62522
3.25 2.125 6672078.2448
3.75 2.125 6207536.00049
4.25 2.125 5569693.02254
4.75 2.125 4789839.7212
5.25 2.125 3581548.49505
5.75 2.125 2481570.22741
6.25 2.125 1371964.14125
6.75 2.125 606552.567709
7.25 2.125 134789.459491
7.75 2.125 9627.81853507
8.25 2.125 0.0
8.75 2.125 0.0
0.25 2.375 7208829.12813
0.75 2.375 6862227.66087
1.25 2.375 6366395.00631
1.75 2.375 6017386.58442
2.25 2.375 6234012.50146
2.75 2.375 5971654.44638
3.25 2.375 5401206.19817
3.75 2.375 5162917.68943
4.25 2.375 4488970.39198
4.75 2.375 3526188.53847
5.25 2.375 2707823.96299
5.75 2.375 1923156.75238
6.25 2.375 933898.397902
6.75 2.375 435658.788712
7.25 2.375 105906.003886
7.75 2.375 7220.8639013
8.25 2.375 0.0
8.75 2.375 0.0
0.25 2.625 5901852.762
0.75 2.625 5788725.89421
1.25 2.625 5121999.46066
1.75 2.625 5088302.09578
2.25 2.625 4999244.77433
2.75 2.625 4695968.49048
3.25 2.625 4529888.62075
3.75 2.625 4099043.74131
4.25 2.625 3480456.40043
4.75 2.625 2628394.46007
5.25 2.625 2053132.3026
5.75 2.625 1434544.96173
6.25 2.625 633029.068681
6.75 2.625 291241.510686
7.25 2.625 74615.5936468
7.75 2.625 4813.90926753
8.25 2.625 0.0
8.75 2.625 0.0
0.25 2.875 4907780.49825
0.75 2.875 4797060.5851
1.25 2.875 4515446.89295
1.75 2.875 4472121.70954
2.25 2.875 4043683.78473
2.75 2.875 3839092.64086
3.25 2.875 3538223.31164
3.75 2.875 3169959.25267
4.25 2.875 2837799.51321
4.75 2.875 2072387.93967
5.25 2.875 1410475.41539
5.75 2.875 984444.445211
6.25 2.875 469356.153585
6.75 2.875 178114.642899
7.25 2.875 50546.0473091
7.75 2.875 4813.90926753
8.25 2.875 0.0
8.75 2.875 0.0
0.25 3.125 4043683.78473
0.75 3.125 3896859.55207
1.25 3.125 3952219.50865
1.75 3.125 3685047.5443
2.25 3.125 3429910.35312
2.75 3.125 3121820.16
3.25 3.125 2934077.69856
3.75 3.125 2553778.86643
4.25 3.125 2161445.26112
4.75 3.125 1689682.1529
5.25 3.125 1261244.22809
5.75 3.125 688389.025257
6.25 3.125 375484.922868
6.75 3.125 129975.550223
7.25 3.125 14441.7278026
7.75 3.125 0.0
8.25 3.125 0.0
8.75 3.125 0.0
0.25 3.375 3555071.99407
0.75 3.375 3157924.4795
1.25 3.375 3126634.06926
1.75 3.375 3054425.43025
2.25 3.375 2941298.56246
2.75 3.375 2681347.46202
3.25 3.375 2580255.3674
3.75 3.375 2125340.94162
4.25 3.375 1773925.56509
4.75 3.375 1285313.77443
5.25 3.375 912235.806198
5.75 3.375 529530.019429
6.25 3.375 300869.329221
6.75 3.375 98685.1399845
7.25 3.375 9627.81853507
7.75 3.375 0.0
8.25 3.375 0.0
8.75 3.375 0.0
0.25 3.625 2806509.10297
0.75 3.625 2659684.87031
1.25 3.625 2606731.86837
1.75 3.625 2565813.6396
2.25 3.625 2404547.67913
2.75 3.625 2207177.39916
3.25 3.625 2024248.847
3.75 3.625 1634322.19633
4.25 3.625 1458614.50806
4.75 3.625 1027769.62862
5.25 3.625 753376.800369
5.75 3.625 433251.834078
6.25 3.625 226253.735574
6.75 3.625 62580.8204779
7.25 3.625 7220.8639013
7.75 3.625 0.0
8.25 3.625 0.0
8.75 3.625 0.0
0.25 3.875 2505639.77375
0.75 3.875 2416582.4523
1.25 3.875 2276979.08354
1.75 3.875 2195142.626
2.25 3.875 2043504.48407
2.75 3.875 1903901.11531
3.25 3.875 1636729.15096
3.75 3.875 1453800.5988
4.25 3.875 1140896.49641
4.75 3.875 873724.532057
5.25 3.875 481390.926753
5.75 3.875 257544.145813
6.25 3.875 127568.59559
6.75 3.875 48139.0926753
7.25 3.875 2406.95463377
7.75 3.875 0.0
8.25 3.875 0.0
8.75 3.875 0.0
0.25 4.125 2019434.93773
0.75 4.125 1990551.48213
1.25 4.125 1867796.7958
1.75 4.125 1797995.11142
2.25 4.125 1670426.51583
2.75 4.125 1566927.46658
3.25 4.125 1319011.1393
3.75 4.125 1203477.31688
4.25 4.125 941119.261803
4.75 4.125 688389.025257
5.25 4.125 498239.60919
5.75 4.125 223846.78094
6.25 4.125 108312.95852
6.75 4.125 33697.3648727
7.25 4.125 2406.95463377
7.75 4.125 0.0
8.25 4.125 0.0
8.75 4.125 0.0
0.25 4.375 1720972.56314
0.75 4.375 1672833.47047
1.25 4.375 1576555.28512
1.75 4.375 1391219.77832
2.25 4.375 1526009.23781
2.75 4.375 1309383.32077
3.25 4.375 1109606.08617
3.75 4.375 996479.21838
4.25 4.375 811143.71158
4.75 4.375 543971.747231
5.25 4.375 358636.240431
5.75 4.375 209405.053138
6.25 4.375 108312.95852
6.75 4.375 16848.6824364
7.25 4.375 4813.90926753
7.75 4.375 0.0
8.25 4.375 0.0
8.75 4.375 0.0
0.25 4.625 1497125.7822
0.75 4.625 1571741.37585
1.25 4.625 1400847.59685
1.75 4.625 1268465.092
2.25 4.625 1335859.82174
2.75 4.625 1090350.4491
3.25 4.625 970002.717408
3.75 4.625 818364.575481
4.25 4.625 659505.569652
4.75 4.625 440472.697979
5.25 4.625 271985.873616
5.75 4.625 185335.5068
6.25 4.625 62580.8204779
6.75 4.625 38511.2741403
7.25 4.625 2406.95463377
7.75 4.625 0.0
8.25 4.625 0.0
8.75 4.625 0.0
0.25 4.875 1369557.18661
0.75 4.875 1319011.1393
1.25 4.875 1143303.45104
1.75 4.875 1061466.99349
2.25 4.875 970002.717408
2.75 4.875 1078315.67593
3.25 4.875 787074.165242
3.75 4.875 633029.068681
4.25 4.875 534343.928696
4.75 4.875 293648.46532
5.25 4.875 238288.508743
5.75 4.875 115533.822421
6.25 4.875 43325.1834078
6.75 4.875 12034.7731688
7.25 4.875 0.0
7.75 4.875 0.0
8.25 4.875 0.0
8.75 4.875 0.0
0.25 5.125 1107199.13153
0.75 5.125 1063873.94813
1.25 5.125 1078315.67593
1.75 5.125 1044618.31105
2.25 5.125 890573.214494
2.75 5.125 777446.346707
3.25 5.125 734121.163299
3.75 5.125 577669.112104
4.25 5.125 394740.559938
4.75 5.125 276799.782883
5.25 5.125 190149.416068
5.75 5.125 110719.913153
6.25 5.125 38511.2741403
6.75 5.125 9627.81853507
7.25 5.125 0.0
7.75 5.125 0.0
8.25 5.125 0.0
8.75 5.125 0.0
0.25 5.375 974816.626676
0.75 5.375 989258.354478
1.25 5.375 967595.762774
1.75 5.375 779853.301341
2.25 5.375 852061.940354
2.75 5.375 649877.751117
3.25 5.375 592110.839907
3.75 5.375 476577.017486
4.25 5.375 409182.28774
4.75 5.375 233474.599475
5.25 5.375 127568.59559
5.75 5.375 57766.9112104
6.25 5.375 31290.410239
6.75 5.375 0.0
7.25 5.375 0.0
7.75 5.375 0.0
8.25 5.375 0.0
8.75 5.375 0.0
0.25 5.625 823178.484748
0.75 5.625 844841.076452
1.25 5.625 806329.802312
1.75 5.625 808736.756946
2.25 5.625 659505.569652
2.75 5.625 572855.202837
3.25 5.625 495832.654556
3.75 5.625 344194.512629
4.25 5.625 305683.238488
4.75 5.625 228660.690208
5.25 5.625 129975.550223
5.75 5.625 52953.0019429
6.25 5.625 16848.6824364
6.75 5.625 2406.95463377
7.25 5.625 0.0
7.75 5.625 0.0
8.25 5.625 0.0
8.75 5.625 0.0
0.25 5.875 763004.618904
0.75 5.875 770225.482805
1.25 5.875 577669.112104
1.75 5.875 584889.976005
2.25 5.875 606552.567709
2.75 5.875 503053.518457
3.25 5.875 462135.289683
3.75 5.875 404368.378473
4.25 5.875 257544.145813
4.75 5.875 211812.007772
5.25 5.875 122754.686322
5.75 5.875 45732.1380416
6.25 5.875 12034.7731688
6.75 5.875 4813.90926753
7.25 5.875 0.0
7.75 5.875 0.0
8.25 5.875 0.0
8.75 5.875 0.0
0.25 6.125 635436.023315
0.75 6.125 659505.569652
1.25 6.125 592110.839907
1.75 6.125 616180.386244
2.25 6.125 572855.202837
2.75 6.125 459728.33505
3.25 6.125 368264.058966
3.75 6.125 320124.966291
4.25 6.125 245509.372644
4.75 6.125 122754.686322
5.25 6.125 96278.1853507
5.75 6.125 28883.4556052
6.25 6.125 26476.5009714
6.75 6.125 2406.95463377
7.25 6.125 0.0
7.75 6.125 0.0
8.25 6.125 0.0
8.75 6.125 0.0
0.25 6.375 570448.248203
0.75 6.375 580076.066738
1.25 6.375 495832.654556
1.75 6.375 575262.15747
2.25 6.375 430844.879444
2.75 6.375 399554.469205
3.25 6.375 361043.195065
3.75 6.375 276799.782883
4.25 6.375 187742.461434
4.75 6.375 137196.414125
5.25 6.375 62580.8204779
5.75 6.375 14441.7278026
6.25 6.375 2406.95463377
6.75 6.375 2406.95463377
7.25 6.375 0.0
7.75 6.375 0.0
8.25 6.375 0.0
8.75 6.375 0.0
0.25 6.625 536750.88333
0.75 6.625 462135.289683
1.25 6.625 459728.33505
1.75 6.625 394740.559938
2.25 6.625 430844.879444
2.75 6.625 341787.557995
3.25 6.625 279206.737517
3.75 6.625 252730.236546
4.25 6.625 168486.824364
4.75 6.625 105906.003886
5.25 6.625 64987.7751117
5.75 6.625 26476.5009714
6.25 6.625 2406.95463377
6.75 6.625 0.0
7.25 6.625 0.0
7.75 6.625 0.0
8.25 6.625 0.0
8.75 6.625 0.0
0.25 6.875 428437.924811
0.75 6.875 377891.877501
1.25 6.875 418810.106275
1.75 6.875 438065.743346
2.25 6.875 353822.331164
2.75 6.875 312904.10239
3.25 6.875 257544.145813
3.75 6.875 211812.007772
4.25 6.875 146824.23266
4.75 6.875 105906.003886
5.25 6.875 31290.410239
5.75 6.875 36104.3195065
6.25 6.875 4813.90926753
6.75 6.875 2406.95463377
7.25 6.875 0.0
7.75 6.875 0.0
8.25 6.875 0.0
8.75 6.875 0.0
0.25 7.125 421217.060909
0.75 7.125 365857.104333
1.25 7.125 351415.37653
1.75 7.125 298462.374587
2.25 7.125 276799.782883
2.75 7.125 240695.463377
3.25 7.125 226253.735574
3.75 7.125 163672.915096
4.25 7.125 93871.2307169
4.75 7.125 96278.1853507
5.25 7.125 33697.3648727
5.75 7.125 24069.5463377
6.25 7.125 0.0
6.75 7.125 0.0
7.25 7.125 0.0
7.75 7.125 0.0
8.25 7.125 0.0
8.75 7.125 0.0
0.25 7.375 361043.195065
0.75 7.375 346601.467262
1.25 7.375 363450.149699
1.75 7.375 264765.009714
2.25 7.375 310497.147756
2.75 7.375 247916.327278
3.25 7.375 194963.325335
3.75 7.375 182928.552166
4.25 7.375 103499.049252
4.75 7.375 98685.1399845
5.25 7.375 24069.5463377
5.75 7.375 19255.6370701
6.25 7.375 0.0
6.75 7.375 0.0
7.25 7.375 0.0
7.75 7.375 0.0
8.25 7.375 0.0
8.75 7.375 0.0
0.25 7.625 317718.011657
0.75 7.625 368264.058966
1.25 7.625 320124.966291
1.75 7.625 300869.329221
2.25 7.625 243102.41801
2.75 7.625 209405.053138
3.25 7.625 180521.597533
3.75 7.625 129975.550223
4.25 7.625 108312.95852
4.75 7.625 40918.228774
5.25 7.625 26476.5009714
5.75 7.625 9627.81853507
6.25 7.625 0.0
6.75 7.625 0.0
7.25 7.625 0.0
7.75 7.625 0.0
8.25 7.625 0.0
8.75 7.625 0.0
0.25 7.875 271985.873616
0.75 7.875 252730.236546
1.25 7.875 276799.782883
1.75 7.875 264765.009714
2.25 7.875 255137.191179
2.75 7.875 163672.915096
3.25 7.875 154045.096561
3.75 7.875 129975.550223
4.25 7.875 103499.049252
4.75 7.875 48139.0926753
5.25 7.875 21662.5917039
5.75 7.875 2406.95463377
6.25 7.875 2406.95463377
6.75 7.875 0.0
7.25 7.875 0.0
7.75 7.875 0.0
8.25 7.875 0.0
8.75 7.875 0.0
0.25 8.125 209405.053138
0.75 8.125 255137.191179
1.25 8.125 269578.918982
1.75 8.125 199777.234603
2.25 8.125 226253.735574
2.75 8.125 173300.733631
3.25 8.125 144417.278026
3.75 8.125 96278.1853507
4.25 8.125 79429.5029143
4.75 8.125 57766.9112104
5.25 8.125 26476.5009714
5.75 8.125 12034.7731688
6.25 8.125 2406.95463377
6.75 8.125 0.0
7.25 8.125 0.0
7.75 8.125 0.0
8.25 8.125 0.0
8.75 8.125 0.0
0.25 8.375 243102.41801
0.75 8.375 255137.191179
1.25 8.375 206998.098504
1.75 8.375 178114.642899
2.25 8.375 151638.141927
2.75 8.375 166079.86973
3.25 8.375 125161.640956
3.75 8.375 89057.3214494
4.25 8.375 69801.6843792
4.75 8.375 31290.410239
5.25 8.375 21662.5917039
5.75 8.375 14441.7278026
6.25 8.375 2406.95463377
6.75 8.375 0.0
7.25 8.375 0.0
7.75 8.375 0.0
8.25 8.375 0.0
8.75 8.375 0.0
0.25 8.625 187742.461434
0.75 8.625 247916.327278
1.25 8.625 168486.824364
1.75 8.625 161265.960462
2.25 8.625 146824.23266
2.75 8.625 105906.003886
3.25 8.625 108312.95852
3.75 8.625 77022.5482805
4.25 8.625 43325.1834078
4.75 8.625 28883.4556052
5.25 8.625 24069.5463377
5.75 8.625 7220.8639013
6.25 8.625 0.0
6.75 8.625 0.0
7.25 8.625 0.0
7.75 8.625 0.0
8.25 8.625 0.0
8.75 8.625 0.0
0.25 8.875 139603.368758
0.75 8.875 156452.051195
1.25 8.875 170893.778997
1.75 8.875 209405.053138
2.25 8.875 134789.459491
2.75 8.875 127568.59559
3.25 8.875 105906.003886
3.75 8.875 84243.4121819
4.25 8.875 52953.0019429
4.75 8.875 19255.6370701
5.25 8.875 9627.81853507
5.75 8.875 7220.8639013
6.25 8.875 0.0
6.75 8.875 0.0
7.25 8.875 0.0
7.75 8.875 0.0
8.25 8.875 0.0
8.75 8.875 0.0
0.25 9.125 158859.005829
0.75 9.125 202184.189236
1.25 9.125 120347.731688
1.75 9.125 103499.049252
2.25 9.125 108312.95852
2.75 9.125 117940.777055
3.25 9.125 74615.5936468
3.75 9.125 77022.5482805
4.25 9.125 31290.410239
4.75 9.125 43325.1834078
5.25 9.125 7220.8639013
5.75 9.125 0.0
6.25 9.125 0.0
6.75 9.125 0.0
7.25 9.125 0.0
7.75 9.125 0.0
8.25 9.125 0.0
8.75 9.125 0.0
0.25 9.375 122754.686322
0.75 9.375 146824.23266
1.25 9.375 156452.051195
1.75 9.375 120347.731688
2.25 9.375 86650.3668156
2.75 9.375 103499.049252
3.25 9.375 67394.7297455
3.75 9.375 74615.5936468
4.25 9.375 57766.9112104
4.75 9.375 16848.6824364
5.25 9.375 9627.81853507
5.75 9.375 2406.95463377
6.25 9.375 2406.95463377
6.75 9.375 0.0
7.25 9.375 0.0
7.75 9.375 0.0
8.25 9.375 0.0
8.75 9.375 0.0
0.25 9.625 142010.323392
0.75 9.625 129975.550223
1.25 9.625 127568.59559
1.75 9.625 134789.459491
2.25 9.625 113126.867787
2.75 9.625 103499.049252
3.25 9.625 72208.639013
3.75 9.625 60173.8658442
4.25 9.625 26476.5009714
4.75 9.625 24069.5463377
5.25 9.625 4813.90926753
5.75 9.625 2406.95463377
6.25 9.625 0.0
6.75 9.625 0.0
7.25 9.625 0.0
7.75 9.625 0.0
8.25 9.625 0.0
8.75 9.625 0.0
0.25 9.875 132382.504857
0.75 9.875 120347.731688
1.25 9.875 122754.686322
1.75 9.875 122754.686322
2.25 9.875 79429.5029143
2.75 9.875 64987.7751117
3.25 9.875 64987.7751117
3.75 9.875 52953.0019429
4.25 9.875 28883.4556052
4.75 9.875 21662.5917039
5.25 9.875 0.0
5.75 9.875 2406.95463377
6.25 9.875 0.0
6.75 9.875 0.0
7.25 9.875 0.0
7.75 9.875 0.0
8.25 9.875 0.0
8.75 9.875 0.0
0.25 10.125 93871.2307169
0.75 10.125 127568.59559
1.25 10.125 129975.550223
1.75 10.125 67394.7297455
2.25 10.125 98685.1399845
2.75 10.125 96278.1853507
3.25 10.125 60173.8658442
3.75 10.125 60173.8658442
4.25 10.125 33697.3648727
4.75 10.125 9627.81853507
5.25 10.125 7220.8639013
5.75 10.125 4813.90926753
6.25 10.125 0.0
6.75 10.125 0.0
7.25 10.125 0.0
7.75 10.125 0.0
8.25 10.125 0.0
8.75 10.125 0.0
0.25 10.375 69801.6843792
0.75 10.375 129975.550223
1.25 10.375 93871.2307169
1.75 10.375 72208.639013
2.25 10.375 86650.3668156
2.75 10.375 50546.0473091
3.25 10.375 50546.0473091
3.75 10.375 45732.1380416
4.25 10.375 26476.5009714
4.75 10.375 16848.6824364
5.25 10.375 4813.90926753
5.75 10.375 7220.8639013
6.25 10.375 0.0
6.75 10.375 0.0
7.25 10.375 0.0
7.75 10.375 0.0
8.25 10.375 0.0
8.75 10.375 0.0
0.25 10.625 91464.2760832
0.75 10.625 105906.003886
1.25 10.625 113126.867787
1.75 10.625 57766.9112104
2.25 10.625 64987.7751117
2.75 10.625 55359.9565766
3.25 10.625 40918.228774
3.75 10.625 33697.3648727
4.25 10.625 14441.7278026
4.75 10.625 12034.7731688
5.25 10.625 0.0
5.75 10.625 0.0
6.25 10.625 4813.90926753
6.75 10.625 0.0
7.25 10.625 0.0
7.75 10.625 0.0
8.25 10.625 0.0
8.75 10.625 0.0
0.25 10.875 84243.4121819
0.75 10.875 113126.867787
1.25 10.875 81836.4575481
1.75 10.875 50546.0473091
2.25 10.875 64987.7751117
2.75 10.875 40918.228774
3.25 10.875 40918.228774
3.75 10.875 28883.4556052
4.25 10.875 9627.81853507
4.75 10.875 16848.6824364
5.25 10.875 2406.95463377
5.75 10.875 2406.95463377
6.25 10.875 0.0
6.75 10.875 0.0
7.25 10.875 0.0
7.75 10.875 0.0
8.25 10.875 0.0
8.75 10.875 0.0
0.25 11.125 84243.4121819
0.75 11.125 69801.6843792
1.25 11.125 52953.0019429
1.75 11.125 64987.7751117
2.25 11.125 57766.9112104
2.75 11.125 33697.3648727
3.25 11.125 40918.228774
3.75 11.125 26476.5009714
4.25 11.125 26476.5009714
4.75 11.125 12034.7731688
5.25 11.125 9627.81853507
5.75 11.125 0.0
6.25 11.125 0.0
6.75 11.125 0.0
7.25 11.125 0.0
7.75 11.125 0.0
8.25 11.125 0.0
8.75 11.125 0.0
0.25 11.375 81836.4575481
0.75 11.375 74615.5936468
1.25 11.375 74615.5936468
1.75 11.375 81836.4575481
2.25 11.375 81836.4575481
2.75 11.375 40918.228774
3.25 11.375 38511.2741403
3.75 11.375 24069.5463377
4.25 11.375 16848.6824364
4.75 11.375 9627.81853507
5.25 11.375 7220.8639013
5.75 11.375 0.0
6.25 11.375 0.0
6.75 11.375 0.0
7.25 11.375 0.0
7.75 11.375 0.0
8.25 11.375 0.0
8.75 11.375 0.0
0.25 11.625 57766.9112104
0.75 11.625 55359.9565766
1.25 11.625 48139.0926753
1.75 11.625 79429.5029143
2.25 11.625 50546.0473091
2.75 11.625 38511.2741403
3.25 11.625 43325.1834078
3.75 11.625 21662.5917039
4.25 11.625 19255.6370701
4.75 11.625 7220.8639013
5.25 11.625 12034.7731688
5.75 11.625 2406.95463377
6.25 11.625 0.0
6.75 11.625 0.0
7.25 11.625 0.0
7.75 11.625 0.0
8.25 11.625 0.0
8.75 11.625 0.0
0.25 11.875 74615.5936468
0.75 11.875 69801.6843792
1.25 11.875 48139.0926753
1.75 11.875 72208.639013
2.25 11.875 45732.1380416
2.75 11.875 43325.1834078
3.25 11.875 14441.7278026
3.75 11.875 19255.6370701
4.25 11.875 16848.6824364
4.75 11.875 9627.81853507
5.25 11.875 0.0
5.75 11.875 0.0
6.25 11.875 0.0
6.75 11.875 0.0
7.25 11.875 0.0
7.75 11.875 0.0
8.25 11.875 0.0
8.75 11.875 0.0
0.25 12.125 69801.6843792
0.75 12.125 60173.8658442
1.25 12.125 57766.9112104
1.75 12.125 36104.3195065
2.25 12.125 36104.3195065
2.75 12.125 31290.410239
3.25 12.125 28883.4556052
3.75 12.125 21662.5917039
4.25 12.125 4813.90926753
4.75 12.125 7220.8639013
5.25 12.125 0.0
5.75 12.125 4813.90926753
6.25 12.125 0.0
6.75 12.125 0.0
7.25 12.125 0.0
7.75 12.125 0.0
8.25 12.125 0.0
8.75 12.125 0.0
0.25 12.375 36104.3195065
0.75 12.375 33697.3648727
1.25 12.375 43325.1834078
1.75 12.375 28883.4556052
2.25 12.375 55359.9565766
2.75 12.375 24069.5463377
3.25 12.375 21662.5917039
3.75 12.375 12034.7731688
4.25 12.375 9627.81853507
4.75 12.375 0.0
5.25 12.375 4813.90926753
5.75 12.375 0.0
6.25 12.375 0.0
6.75 12.375 0.0
7.25 12.375 0.0
7.75 12.375 0.0
8.25 12.375 0.0
8.75 12.375 0.0
0.25 12.625 50546.0473091
0.75 12.625 36104.3195065
1.25 12.625 31290.410239
1.75 12.625 28883.4556052
2.25 12.625 28883.4556052
2.75 12.625 26476.5009714
3.25 12.625 21662.5917039
3.75 12.625 19255.6370701
4.25 12.625 9627.81853507
4.75 12.625 2406.95463377
5.25 12.625 2406.95463377
5.75 12.625 0.0
6.25 12.625 0.0
6.75 12.625 0.0
7.25 12.625 0.0
7.75 12.625 0.0
8.25 12.625 0.0
8.75 12.625 0.0
0.25 12.875 38511.2741403
0.75 12.875 50546.0473091
1.25 12.875 38511.2741403
1.75 12.875 43325.1834078
2.25 12.875 33697.3648727
2.75 12.875 26476.5009714
3.25 12.875 16848.6824364
3.75 12.875 16848.6824364
4.25 12.875 7220.8639013
4.75 12.875 14441.7278026
5.25 12.875 0.0
5.75 12.875 0.0
6.25 12.875 0.0
6.75 12.875 0.0
7.25 12.875 0.0
7.75 12.875 0.0
8.25 12.875 0.0
8.75 12.875 0.0
0.25 13.125 48139.0926753
0.75 13.125 36104.3195065
1.25 13.125 33697.3648727
1.75 13.125 24069.5463377
2.25 13.125 28883.4556052
2.75 13.125 19255.6370701
3.25 13.125 31290.410239
3.75 13.125 12034.7731688
4.25 13.125 12034.7731688
4.75 13.125 7220.8639013
5.25 13.125 0.0
5.75 13.125 0.0
6.25 13.125 0.0
6.75 13.125 0.0
7.25 13.125 0.0
7.75 13.125 0.0
8.25 13.125 0.0
8.75 13.125 0.0
0.25 13.375 50546.0473091
0.75 13.375 31290.410239
1.25 13.375 38511.2741403
1.75 13.375 36104.3195065
2.25 13.375 33697.3648727
2.75 13.375 24069.5463377
3.25 13.375 19255.6370701
3.75 13.375 12034.7731688
4.25 13.375 2406.95463377
4.75 13.375 2406.95463377
5.25 13.375 0.0
5.75 13.375 0.0
6.25 13.375 0.0
6.75 13.375 0.0
7.25 13.375 0.0
7.75 13.375 0.0
8.25 13.375 0.0
8.75 13.375 0.0
0.25 13.625 36104.3195065
0.75 13.625 40918.228774
1.25 13.625 36104.3195065
1.75 13.625 40918.228774
2.25 13.625 21662.5917039
2.75 13.625 24069.5463377
3.25 13.625 19255.6370701
3.75 13.625 7220.8639013
4.25 13.625 2406.95463377
4.75 13.625 4813.90926753
5.25 13.625 0.0
5.75 13.625 0.0
6.25 13.625 0.0
6.75 13.625 0.0
7.25 13.625 0.0
7.75 13.625 0.0
8.25 13.625 0.0
8.75 13.625 0.0
0.25 13.875 36104.3195065
0.75 13.875 24069.5463377
1.25 13.875 48139.0926753
1.75 13.875 38511.2741403
2.25 13.875 14441.7278026
2.75 13.875 21662.5917039
3.25 13.875 19255.6370701
3.75 13.875 9627.81853507
4.25 13.875 4813.90926753
4.75 13.875 2406.95463377
5.25 13.875 0.0
5.75 13.875 0.0
6.25 13.875 0.0
6.75 13.875 0.0
7.25 13.875 0.0
7.75 13.875 0.0
8.25 13.875 0.0
8.75 13.875 0.0
0.25 14.125 19255.6370701
0.75 14.125 36104.3195065
1.25 14.125 26476.5009714
1.75 14.125 16848.6824364
2.25 14.125 16848.6824364
2.75 14.125 21662.5917039
3.25 14.125 12034.7731688
3.75 14.125 7220.8639013
4.25 14.125 12034.7731688
4.75 14.125 4813.90926753
5.25 14.125 0.0
5.75 14.125 2406.95463377
6.25 14.125 0.0
6.75 14.125 0.0
7.25 14.125 0.0
7.75 14.125 0.0
8.25 14.125 0.0
8.75 14.125 0.0
0.25 14.375 26476.5009714
0.75 14.375 31290.410239
1.25 14.375 26476.5009714
1.75 14.375 24069.5463377
2.25 14.375 19255.6370701
2.75 14.375 26476.5009714
3.25 14.375 16848.6824364
3.75 14.375 7220.8639013
4.25 14.375 4813.90926753
4.75 14.375 2406.95463377
5.25 14.375 0.0
5.75 14.375 0.0
6.25 14.375 0.0
6.75 14.375 0.0
7.25 14.375 0.0
7.75 14.375 0.0
8.25 14.375 0.0
8.75 14.375 0.0
0.25 14.625 50546.0473091
0.75 14.625 26476.5009714
1.25 14.625 19255.6370701
1.75 14.625 24069.5463377
2.25 14.625 26476.5009714
2.75 14.625 14441.7278026
3.25 14.625 2406.95463377
3.75 14.625 7220.8639013
4.25 14.625 7220.8639013
4.75 14.625 2406.95463377
5.25 14.625 0.0
5.75 14.625 0.0
6.25 14.625 0.0
6.75 14.625 0.0
7.25 14.625 0.0
7.75 14.625 0.0
8.25 14.625 0.0
8.75 14.625 0.0
0.25 14.875 9627.81853507
0.75 14.875 12034.7731688
1.25 14.875 19255.6370701
1.75 14.875 21662.5917039
2.25 14.875 12034.7731688
2.75 14.875 16848.6824364
3.25 14.875 7220.8639013
3.75 14.875 2406.95463377
4.25 14.875 4813.90926753
4.75 14.875 2406.95463377
5.25 14.875 2406.95463377
5.75 14.875 0.0
6.25 14.875 0.0
6.75 14.875 0.0
7.25 14.875 0.0
7.75 14.875 0.0
8.25 14.875 0.0
8.75 14.875 0.0
0.25 15.125 31290.410239
0.75 15.125 26476.5009714
1.25 15.125 36104.3195065
1.75 15.125 14441.7278026
2.25 15.125 14441.7278026
2.75 15.125 21662.5917039
3.25 15.125 0.0
3.75 15.125 2406.95463377
4.25 15.125 7220.8639013
4.75 15.125 2406.95463377
5.25 15.125 0.0
5.75 15.125 0.0
6.25 15.125 0.0
6.75 15.125 0.0
7.25 15.125 0.0
7.75 15.125 0.0
8.25 15.125 0.0
8.75 15.125 0.0
0.25 15.375 9627.81853507
0.75 15.375 31290.410239
1.25 15.375 28883.4556052
1.75 15.375 21662.5917039
2.25 15.375 14441.7278026
2.75 15.375 14441.7278026
3.25 15.375 9627.81853507
3.75 15.375 4813.90926753
4.25 15.375 2406.95463377
4.75 15.375 0.0
5.25 15.375 0.0
5.75 15.375 0.0
6.25 15.375 0.0
6.75 15.375 0.0
7.25 15.375 0.0
7.75 15.375 0.0
8.25 15.375 0.0
8.75 15.375 0.0
0.25 15.625 28883.4556052
0.75 15.625 7220.8639013
1.25 15.625 28883.4556052
1.75 15.625 31290.410239
2.25 15.625 26476.5009714
2.75 15.625 19255.6370701
3.25 15.625 0.0
3.75 15.625 7220.8639013
4.25 15.625 2406.95463377
4.75 15.625 2406.95463377
5.25 15.625 0.0
5.75 15.625 0.0
6.25 15.625 0.0
6.75 15.625 0.0
7.25 15.625 0.0
7.75 15.625 0.0
8.25 15.625 0.0
8.75 15.625 0.0
0.25 15.875 16848.6824364
0.75 15.875 19255.6370701
1.25 15.875 14441.7278026
1.75 15.875 7220.8639013
2.25 15.875 14441.7278026
2.75 15.875 9627.81853507
3.25 15.875 7220.8639013
3.75 15.875 12034.7731688
4.25 15.875 0.0
4.75 15.875 0.0
5.25 15.875 4813.90926753
5.75 15.875 0.0
6.25 15.875 0.0
6.75 15.875 0.0
7.25 15.875 0.0
7.75 15.875 0.0
8.25 15.875 0.0
8.75 15.875 0.0
0.25 16.125 21662.5917039
0.75 16.125 19255.6370701
1.25 16.125 16848.6824364
1.75 16.125 19255.6370701
2.25 16.125 19255.6370701
2.75 16.125 7220.8639013
3.25 16.125 7220.8639013
3.75 16.125 0.0
4.25 16.125 2406.95463377
4.75 16.125 2406.95463377
5.25 16.125 0.0
5.75 16.125 0.0
6.25 16.125 0.0
6.75 16.125 0.0
7.25 16.125 0.0
7.75 16.125 0.0
8.25 16.125 0.0
8.75 16.125 0.0
0.25 16.375 9627.81853507
0.75 16.375 16848.6824364
1.25 16.375 16848.6824364
1.75 16.375 16848.6824364
2.25 16.375 9627.81853507
2.75 16.375 7220.8639013
3.25 16.375 9627.81853507
3.75 16.375 4813.90926753
4.25 16.375 0.0
4.75 16.375 2406.95463377
5.25 16.375 0.0
5.75 16.375 0.0
6.25 16.375 0.0
6.75 16.375 0.0
7.25 16.375 0.0
7.75 16.375 0.0
8.25 16.375 0.0
8.75 16.375 0.0
0.25 16.625 28883.4556052
0.75 16.625 16848.6824364
1.25 16.625 21662.5917039
1.75 16.625 24069.5463377
2.25 16.625 14441.7278026
2.75 16.625 7220.8639013
3.25 16.625 7220.8639013
3.75 16.625 2406.95463377
4.25 16.625 2406.95463377
4.75 16.625 0.0
5.25 16.625 0.0
5.75 16.625 0.0
6.25 16.625 0.0
6.75 16.625 0.0
7.25 16.625 0.0
7.75 16.625 0.0
8.25 16.625 0.0
8.75 16.625 0.0
0.25 16.875 16848.6824364
0.75 16.875 14441.7278026
1.25 16.875 28883.4556052
1.75 16.875 19255.6370701
2.25 16.875 12034.7731688
2.75 16.875 2406.95463377
3.25 16.875 4813.90926753
3.75 16.875 4813.90926753
4.25 16.875 2406.95463377
4.75 16.875 2406.95463377
5.25 16.875 0.0
5.75 16.875 0.0
6.25 16.875 0.0
6.75 16.875 0.0
7.25 16.875 0.0
7.75 16.875 0.0
8.25 16.875 0.0
8.75 16.875 0.0
0.25 17.125 4813.90926753
0.75 17.125 16848.6824364
1.25 17.125 16848.6824364
1.75 17.125 4813.90926753
2.25 17.125 9627.81853507
2.75 17.125 14441.7278026
3.25 17.125 9627.81853507
3.75 17.125 2406.95463377
4.25 17.125 4813.90926753
4.75 17.125 2406.95463377
5.25 17.125 0.0
5.75 17.125 0.0
6.25 17.125 0.0
6.75 17.125 0.0
7.25 17.125 0.0
7.75 17.125 0.0
8.25 17.125 0.0
8.75 17.125 0.0
0.25 17.375 4813.90926753
0.75 17.375 12034.7731688
1.25 17.375 14441.7278026
1.75 17.375 16848.6824364
2.25 17.375 2406.95463377
2.75 17.375 9627.81853507
3.25 17.375 4813.90926753
3.75 17.375 4813.90926753
4.25 17.375 2406.95463377
4.75 17.375 2406.95463377
5.25 17.375 0.0
5.75 17.375 0.0
6.25 17.375 0.0
6.75 17.375 0.0
7.25 17.375 0.0
7.75 17.375 0.0
8.25 17.375 0.0
8.75 17.375 0.0
0.25 17.625 9627.81853507
0.75 17.625 9627.81853507
1.25 17.625 12034.7731688
1.75 17.625 16848.6824364
2.25 17.625 0.0
2.75 17.625 7220.8639013
3.25 17.625 12034.7731688
3.75 17.625 2406.95463377
4.25 17.625 7220.8639013
4.75 17.625 0.0
5.25 17.625 2406.95463377
5.75 17.625 0.0
6.25 17.625 0.0
6.75 17.625 0.0
7.25 17.625 0.0
7.75 17.625 0.0
8.25 17.625 0.0
8.75 17.625 0.0
0.25 17.875 12034.7731688
0.75 17.875 12034.7731688
1.25 17.875 12034.7731688
1.75 17.875 7220.8639013
2.25 17.875 4813.90926753
2.75 17.875 7220.8639013
3.25 17.875 2406.95463377
3.75 17.875 0.0
4.25 17.875 0.0
4.75 17.875 0.0
5.25 17.875 0.0
5.75 17.875 0.0
6.25 17.875 0.0
6.75 17.875 0.0
7.25 17.875 0.0
7.75 17.875 0.0
8.25 17.875 0.0
8.75 17.875 0.0
0.25 18.125 16848.6824364
0.75 18.125 16848.6824364
1.25 18.125 7220.8639013
1.75 18.125 14441.7278026
2.25 18.125 2406.95463377
2.75 18.125 7220.8639013
3.25 18.125 12034.7731688
3.75 18.125 4813.90926753
4.25 18.125 0.0
4.75 18.125 0.0
5.25 18.125 0.0
5.75 18.125 0.0
6.25 18.125 0.0
6.75 18.125 0.0
7.25 18.125 0.0
7.75 18.125 0.0
8.25 18.125 0.0
8.75 18.125 0.0
0.25 18.375 7220.8639013
0.75 18.375 7220.8639013
1.25 18.375 14441.7278026
1.75 18.375 7220.8639013
2.25 18.375 9627.81853507
2.75 18.375 4813.90926753
3.25 18.375 4813.90926753
3.75 18.375 2406.95463377
4.25 18.375 2406.95463377
4.75 18.375 0.0
5.25 18.375 0.0
5.75 18.375 0.0
6.25 18.375 0.0
6.75 18.375 0.0
7.25 18.375 0.0
7.75 18.375 0.0
8.25 18.375 0.0
8.75 18.375 0.0
0.25 18.625 9627.81853507
0.75 18.625 7220.8639013
1.25 18.625 9627.81853507
1.75 18.625 14441.7278026
2.25 18.625 4813.90926753
2.75 18.625 4813.90926753
3.25 18.625 4813.90926753
3.75 18.625 4813.90926753
4.25 18.625 4813.90926753
4.75 18.625 0.0
5.25 18.625 0.0
5.75 18.625 0.0
6.25 18.625 0.0
6.75 18.625 0.0
7.25 18.625 0.0
7.75 18.625 0.0
8.25 18.625 0.0
8.75 18.625 0.0
0.25 18.875 19255.6370701
0.75 18.875 7220.8639013
1.25 18.875 4813.90926753
1.75 18.875 9627.81853507
2.25 18.875 2406.95463377
2.75 18.875 7220.8639013
3.25 18.875 2406.95463377
3.75 18.875 2406.95463377
4.25 18.875 0.0
4.75 18.875 0.0
5.25 18.875 0.0
5.75 18.875 0.0
6.25 18.875 0.0
6.75 18.875 0.0
7.25 18.875 0.0
7.75 18.875 0.0
8.25 18.875 0.0
8.75 18.875 0.0
0.25 19.125 16848.6824364
0.75 19.125 4813.90926753
1.25 19.125 12034.7731688
1.75 19.125 7220.8639013
2.25 19.125 16848.6824364
2.75 19.125 9627.81853507
3.25 19.125 0.0
3.75 19.125 0.0
4.25 19.125 0.0
4.75 19.125 0.0
5.25 19.125 0.0
5.75 19.125 0.0
6.25 19.125 0.0
6.75 19.125 0.0
7.25 19.125 0.0
7.75 19.125 0.0
8.25 19.125 0.0
8.75 19.125 0.0
0.25 19.375 7220.8639013
0.75 19.375 14441.7278026
1.25 19.375 9627.81853507
1.75 19.375 16848.6824364
2.25 19.375 7220.8639013
2.75 19.375 2406.95463377
3.25 19.375 2406.95463377
3.75 19.375 4813.90926753
4.25 19.375 2406.95463377
4.75 19.375 0.0
5.25 19.375 0.0
5.75 19.375 0.0
6.25 19.375 0.0
6.75 19.375 0.0
7.25 19.375 0.0
7.75 19.375 0.0
8.25 19.375 0.0
8.75 19.375 0.0
0.25 19.625 4813.90926753
0.75 19.625 9627.81853507
1.25 19.625 12034.7731688
1.75 19.625 4813.90926753
2.25 19.625 7220.8639013
2.75 19.625 0.0
3.25 19.625 9627.81853507
3.75 19.625 0.0
4.25 19.625 4813.90926753
4.75 19.625 2406.95463377
5.25 19.625 0.0
5.75 19.625 0.0
6.25 19.625 0.0
6.75 19.625 0.0
7.25 19.625 0.0
7.75 19.625 0.0
8.25 19.625 0.0
8.75 19.625 0.0
0.25 19.875 2406.95463377
0.75 19.875 12034.7731688
1.25 19.875 2406.95463377
1.75 19.875 9627.81853507
2.25 19.875 4813.90926753
2.75 19.875 2406.95463377
3.25 19.875 4813.90926753
3.75 19.875 0.0
4.25 19.875 0.0
4.75 19.875 0.0
5.25 19.875 0.0
5.75 19.875 0.0
6.25 19.875 0.0
6.75 19.875 0.0
7.25 19.875 0.0
7.75 19.875 0.0
8.25 19.875 0.0
8.75 19.875 0.0
0.25 20.125 4813.90926753
0.75 20.125 7220.8639013
1.25 20.125 7220.8639013
1.75 20.125 4813.90926753
2.25 20.125 4813.90926753
2.75 20.125 2406.95463377
3.25 20.125 2406.95463377
3.75 20.125 0.0
4.25 20.125 0.0
4.75 20.125 0.0
5.25 20.125 0.0
5.75 20.125 0.0
6.25 20.125 0.0
6.75 20.125 0.0
7.25 20.125 0.0
7.75 20.125 0.0
8.25 20.125 0.0
8.75 20.125 0.0
0.25 20.375 7220.8639013
0.75 20.375 7220.8639013
1.25 20.375 4813.90926753
1.75 20.375 7220.8639013
2.25 20.375 0.0
2.75 20.375 4813.90926753
3.25 20.375 9627.81853507
3.75 20.375 0.0
4.25 20.375 2406.95463377
4.75 20.375 0.0
5.25 20.375 0.0
5.75 20.375 0.0
6.25 20.375 0.0
6.75 20.375 0.0
7.25 20.375 0.0
7.75 20.375 0.0
8.25 20.375 0.0
8.75 20.375 0.0
0.25 20.625 4813.90926753
0.75 20.625 4813.90926753
1.25 20.625 7220.8639013
1.75 20.625 4813.90926753
2.25 20.625 7220.8639013
2.75 20.625 12034.7731688
3.25 20.625 4813.90926753
3.75 20.625 2406.95463377
4.25 20.625 0.0
4.75 20.625 0.0
5.25 20.625 0.0
5.75 20.625 0.0
6.25 20.625 0.0
6.75 20.625 0.0
7.25 20.625 0.0
7.75 20.625 0.0
8.25 20.625 0.0
8.75 20.625 0.0
0.25 20.875 2406.95463377
0.75 20.875 16848.6824364
1.25 20.875 2406.95463377
1.75 20.875 2406.95463377
2.25 20.875 2406.95463377
2.75 20.875 7220.8639013
3.25 20.875 2406.95463377
3.75 20.875 0.0
4.25 20.875 0.0
4.75 20.875 0.0
5.25 20.875 0.0
5.75 20.875 0.0
6.25 20.875 0.0
6.75 20.875 0.0
7.25 20.875 0.0
7.75 20.875 0.0
8.25 20.875 0.0
8.75 20.875 0.0
0.25 21.125 0.0
0.75 21.125 7220.8639013
1.25 21.125 4813.90926753
1.75 21.125 4813.90926753
2.25 21.125 2406.95463377
2.75 21.125 9627.81853507
3.25 21.125 7220.8639013
3.75 21.125 2406.95463377
4.25 21.125 2406.95463377
4.75 21.125 0.0
5.25 21.125 0.0
5.75 21.125 0.0
6.25 21.125 0.0
6.75 21.125 0.0
7.25 21.125 0.0
7.75 21.125 0.0
8.25 21.125 0.0
8.75 21.125 0.0
0.25 21.375 4813.90926753
0.75 21.375 12034.7731688
1.25 21.375 7220.8639013
1.75 21.375 0.0
2.25 21.375 0.0
2.75 21.375 2406.95463377
3.25 21.375 7220.8639013
3.75 21.375 2406.95463377
4.25 21.375 2406.95463377
4.75 21.375 0.0
5.25 21.375 0.0
5.75 21.375 0.0
6.25 21.375 0.0
6.75 21.375 0.0
7.25 21.375 0.0
7.75 21.375 0.0
8.25 21.375 0.0
8.75 21.375 0.0
0.25 21.625 4813.90926753
0.75 21.625 14441.7278026
1.25 21.625 4813.90926753
1.75 21.625 7220.8639013
2.25 21.625 4813.90926753
2.75 21.625 4813.90926753
3.25 21.625 2406.95463377
3.75 21.625 2406.95463377
4.25 21.625 0.0
4.75 21.625 0.0
5.25 21.625 0.0
5.75 21.625 0.0
6.25 21.625 0.0
6.75 21.625 0.0
7.25 21.625 0.0
7.75 21.625 0.0
8.25 21.625 0.0
8.75 21.625 0.0
0.25 21.875 4813.90926753
0.75 21.875 0.0
1.25 21.875 7220.8639013
1.75 21.875 2406.95463377
2.25 21.875 2406.95463377
2.75 21.875 0.0
3.25 21.875 2406.95463377
3.75 21.875 2406.95463377
4.25 21.875 0.0
4.75 21.875 0.0
5.25 21.875 0.0
5.75 21.875 0.0
6.25 21.875 0.0
6.75 21.875 0.0
7.25 21.875 0.0
7.75 21.875 0.0
8.25 21.875 0.0
8.75 21.875 0.0
0.25 22.125 4813.90926753
0.75 22.125 4813.90926753
1.25 22.125 4813.90926753
1.75 22.125 0.0
2.25 22.125 4813.90926753
2.75 22.125 0.0
3.25 22.125 4813.90926753
3.75 22.125 2406.95463377
4.25 22.125 0.0
4.75 22.125 0.0
5.25 22.125 0.0
5.75 22.125 0.0
6.25 22.125 0.0
6.75 22.125 0.0
7.25 22.125 0.0
7.75 22.125 0.0
8.25 22.125 0.0
8.75 22.125 0.0
0.25 22.375 9627.81853507
0.75 22.375 2406.95463377
1.25 22.375 2406.95463377
1.75 22.375 9627.81853507
2.25 22.375 4813.90926753
2.75 22.375 4813.90926753
3.25 22.375 2406.95463377
3.75 22.375 2406.95463377
4.25 22.375 2406.95463377
4.75 22.375 0.0
5.25 22.375 0.0
5.75 22.375 0.0
6.25 22.375 0.0
6.75 22.375 0.0
7.25 22.375 0.0
7.75 22.375 0.0
8.25 22.375 0.0
8.75 22.375 0.0
0.25 22.625 0.0
0.75 22.625 7220.8639013
1.25 22.625 4813.90926753
1.75 22.625 0.0
2.25 22.625 7220.8639013
2.75 22.625 0.0
3.25 22.625 0.0
3.75 22.625 2406.95463377
4.25 22.625 0.0
4.75 22.625 0.0
5.25 22.625 0.0
5.75 22.625 0.0
6.25 22.625 0.0
6.75 22.625 0.0
7.25 22.625 0.0
7.75 22.625 0.0
8.25 22.625 0.0
8.75 22.625 0.0
0.25 22.875 2406.95463377
0.75 22.875 4813.90926753
1.25 22.875 0.0
1.75 22.875 0.0
2.25 22.875 2406.95463377
2.75 22.875 0.0
3.25 22.875 0.0
3.75 22.875 2406.95463377
4.25 22.875 0.0
4.75 22.875 0.0
5.25 22.875 0.0
5.75 22.875 0.0
6.25 22.875 0.0
6.75 22.875 0.0
7.25 22.875 0.0
7.75 22.875 0.0
8.25 22.875 0.0
8.75 22.875 0.0
0.25 23.125 2406.95463377
0.75 23.125 0.0
1.25 23.125 4813.90926753
1.75 23.125 2406.95463377
2.25 23.125 2406.95463377
2.75 23.125 0.0
3.25 23.125 4813.90926753
3.75 23.125 2406.95463377
4.25 23.125 0.0
4.75 23.125 0.0
5.25 23.125 0.0
5.75 23.125 0.0
6.25 23.125 0.0
6.75 23.125 0.0
7.25 23.125 0.0
7.75 23.125 0.0
8.25 23.125 0.0
8.75 23.125 0.0
0.25 23.375 0.0
0.75 23.375 4813.90926753
1.25 23.375 4813.90926753
1.75 23.375 4813.90926753
2.25 23.375 2406.95463377
2.75 23.375 0.0
3.25 23.375 0.0
3.75 23.375 2406.95463377
4.25 23.375 0.0
4.75 23.375 0.0
5.25 23.375 0.0
5.75 23.375 0.0
6.25 23.375 0.0
6.75 23.375 0.0
7.25 23.375 0.0
7.75 23.375 0.0
8.25 23.375 0.0
8.75 23.375 0.0
0.25 23.625 0.0
0.75 23.625 2406.95463377
1.25 23.625 2406.95463377
1.75 23.625 2406.95463377
2.25 23.625 0.0
2.75 23.625 0.0
3.25 23.625 4813.90926753
3.75 23.625 0.0
4.25 23.625 0.0
4.75 23.625 0.0
5.25 23.625 0.0
5.75 23.625 0.0
6.25 23.625 0.0
6.75 23.625 0.0
7.25 23.625 0.0
7.75 23.625 0.0
8.25 23.625 0.0
8.75 23.625 0.0
0.25 23.875 9627.81853507
0.75 23.875 0.0
1.25 23.875 4813.90926753
1.75 23.875 0.0
2.25 23.875 2406.95463377
2.75 23.875 2406.95463377
3.25 23.875 2406.95463377
3.75 23.875 0.0
4.25 23.875 2406.95463377
4.75 23.875 0.0
5.25 23.875 0.0
5.75 23.875 0.0
6.25 23.875 0.0
6.75 23.875 0.0
7.25 23.875 0.0
7.75 23.875 0.0
8.25 23.875 0.0
8.75 23.875 0.0
0.25 24.125 7220.8639013
0.75 24.125 2406.95463377
1.25 24.125 7220.8639013
1.75 24.125 2406.95463377
2.25 24.125 0.0
2.75 24.125 0.0
3.25 24.125 4813.90926753
3.75 24.125 0.0
4.25 24.125 0.0
4.75 24.125 0.0
5.25 24.125 0.0
5.75 24.125 0.0
6.25 24.125 0.0
6.75 24.125 0.0
7.25 24.125 0.0
7.75 24.125 0.0
8.25 24.125 0.0
8.75 24.125 0.0
0.25 24.375 0.0
0.75 24.375 4813.90926753
1.25 24.375 4813.90926753
1.75 24.375 0.0
2.25 24.375 0.0
2.75 24.375 2406.95463377
3.25 24.375 0.0
3.75 24.375 2406.95463377
4.25 24.375 0.0
4.75 24.375 0.0
5.25 24.375 0.0
5.75 24.375 0.0
6.25 24.375 0.0
6.75 24.375 0.0
7.25 24.375 0.0
7.75 24.375 0.0
8.25 24.375 0.0
8.75 24.375 0.0
0.25 24.625 4813.90926753
0.75 24.625 2406.95463377
1.25 24.625 2406.95463377
1.75 24.625 2406.95463377
2.25 24.625 2406.95463377
2.75 24.625 2406.95463377
3.25 24.625 0.0
3.75 24.625 0.0
4.25 24.625 0.0
4.75 24.625 0.0
5.25 24.625 0.0
5.75 24.625 0.0
6.25 24.625 0.0
6.75 24.625 0.0
7.25 24.625 0.0
7.75 24.625 0.0
8.25 24.625 0.0
8.75 24.625 0.0
0.25 24.875 2406.95463377
0.75 24.875 0.0
1.25 24.875 0.0
1.75 24.875 2406.95463377
2.25 24.875 2406.95463377
2.75 24.875 0.0
3.25 24.875 0.0
3.75 24.875 0.0
4.25 24.875 0.0
4.75 24.875 0.0
5.25 24.875 0.0
5.75 24.875 0.0
6.25 24.875 0.0
6.75 24.875 0.0
7.25 24.875 0.0
7.75 24.875 0.0
8.25 24.875 0.0
8.75 24.875 0.0
0.25 25.125 0.0
0.75 25.125 4813.90926753
1.25 25.125 4813.90926753
1.75 25.125 2406.95463377
2.25 25.125 0.0
2.75 25.125 4813.90926753
3.25 25.125 2406.95463377
3.75 25.125 0.0
4.25 25.125 0.0
4.75 25.125 0.0
5.25 25.125 0.0
5.75 25.125 0.0
6.25 25.125 0.0
6.75 25.125 0.0
7.25 25.125 0.0
7.75 25.125 0.0
8.25 25.125 0.0
8.75 25.125 0.0
0.25 25.375 4813.90926753
0.75 25.375 2406.95463377
1.25 25.375 4813.90926753
1.75 25.375 0.0
2.25 25.375 0.0
2.75 25.375 4813.90926753
3.25 25.375 2406.95463377
3.75 25.375 2406.95463377
4.25 25.375 0.0
4.75 25.375 2406.95463377
5.25 25.375 0.0
5.75 25.375 0.0
6.25 25.375 0.0
6.75 25.375 0.0
7.25 25.375 0.0
7.75 25.375 0.0
8.25 25.375 0.0
8.75 25.375 0.0
0.25 25.625 0.0
0.75 25.625 0.0
1.25 25.625 0.0
1.75 25.625 2406.95463377
2.25 25.625 0.0
2.75 25.625 0.0
3.25 25.625 0.0
3.75 25.625 2406.95463377
4.25 25.625 0.0
4.75 25.625 0.0
5.25 25.625 0.0
5.75 25.625 0.0
6.25 25.625 0.0
6.75 25.625 0.0
7.25 25.625 0.0
7.75 25.625 0.0
8.25 25.625 0.0
8.75 25.625 0.0
0.25 25.875 2406.95463377
0.75 25.875 0.0
1.25 25.875 2406.95463377
1.75 25.875 0.0
2.25 25.875 2406.95463377
2.75 25.875 0.0
3.25 25.875 0.0
3.75 25.875 0.0
4.25 25.875 0.0
4.75 25.875 0.0
5.25 25.875 0.0
5.75 25.875 0.0
6.25 25.875 0.0
6.75 25.875 0.0
7.25 25.875 0.0
7.75 25.875 0.0
8.25 25.875 0.0
8.75 25.875 0.0
0.25 26.125 2406.95463377
0.75 26.125 0.0
1.25 26.125 2406.95463377
1.75 26.125 2406.95463377
2.25 26.125 0.0
2.75 26.125 0.0
3.25 26.125 0.0
3.75 26.125 0.0
4.25 26.125 0.0
4.75 26.125 0.0
5.25 26.125 0.0
5.75 26.125 0.0
6.25 26.125 0.0
6.75 26.125 0.0
7.25 26.125 0.0
7.75 26.125 0.0
8.25 26.125 0.0
8.75 26.125 0.0
0.25 26.375 2406.95463377
0.75 26.375 2406.95463377
1.25 26.375 2406.95463377
1.75 26.375 2406.95463377
2.25 26.375 7220.8639013
2.75 26.375 0.0
3.25 26.375 2406.95463377
3.75 26.375 0.0
4.25 26.375 0.0
4.75 26.375 0.0
5.25 26.375 0.0
5.75 26.375 0.0
6.25 26.375 0.0
6.75 26.375 0.0
7.25 26.375 0.0
7.75 26.375 0.0
8.25 26.375 0.0
8.75 26.375 0.0
0.25 26.625 2406.95463377
0.75 26.625 2406.95463377
1.25 26.625 0.0
1.75 26.625 0.0
2.25 26.625 0.0
2.75 26.625 2406.95463377
3.25 26.625 0.0
3.75 26.625 2406.95463377
4.25 26.625 0.0
4.75 26.625 0.0
5.25 26.625 0.0
5.75 26.625 0.0
6.25 26.625 0.0
6.75 26.625 0.0
7.25 26.625 0.0
7.75 26.625 0.0
8.25 26.625 0.0
8.75 26.625 0.0
0.25 26.875 2406.95463377
0.75 26.875 0.0
1.25 26.875 0.0
1.75 26.875 0.0
2.25 26.875 2406.95463377
2.75 26.875 0.0
3.25 26.875 0.0
3.75 26.875 0.0
4.25 26.875 0.0
4.75 26.875 0.0
5.25 26.875 0.0
5.75 26.875 0.0
6.25 26.875 0.0
6.75 26.875 0.0
7.25 26.875 0.0
7.75 26.875 0.0
8.25 26.875 0.0
8.75 26.875 0.0
0.25 27.125 0.0
0.75 27.125 4813.90926753
1.25 27.125 0.0
1.75 27.125 2406.95463377
2.25 27.125 9627.81853507
2.75 27.125 2406.95463377
3.25 27.125 2406.95463377
3.75 27.125 0.0
4.25 27.125 0.0
4.75 27.125 0.0
5.25 27.125 0.0
5.75 27.125 0.0
6.25 27.125 0.0
6.75 27.125 0.0
7.25 27.125 0.0
7.75 27.125 0.0
8.25 27.125 0.0
8.75 27.125 0.0
0.25 27.375 0.0
0.75 27.375 4813.90926753
1.25 27.375 2406.95463377
1.75 27.375 7220.8639013
2.25 27.375 2406.95463377
2.75 27.375 2406.95463377
3.25 27.375 0.0
3.75 27.375 0.0
4.25 27.375 0.0
4.75 27.375 0.0
5.25 27.375 0.0
5.75 27.375 0.0
6.25 27.375 0.0
6.75 27.375 0.0
7.25 27.375 0.0
7.75 27.375 0.0
8.25 27.375 0.0
8.75 27.375 0.0
0.25 27.625 0.0
0.75 27.625 2406.95463377
1.25 27.625 2406.95463377
1.75 27.625 2406.95463377
2.25 27.625 0.0
2.75 27.625 0.0
3.25 27.625 0.0
3.75 27.625 2406.95463377
4.25 27.625 0.0
4.75 27.625 0.0
5.25 27.625 0.0
5.75 27.625 0.0
6.25 27.625 0.0
6.75 27.625 0.0
7.25 27.625 0.0
7.75 27.625 0.0
8.25 27.625 0.0
8.75 27.625 0.0
0.25 27.875 2406.95463377
0.75 27.875 7220.8639013
1.25 27.875 0.0
1.75 27.875 0.0
2.25 27.875 0.0
2.75 27.875 2406.95463377
3.25 27.875 2406.95463377
3.75 27.875 0.0
4.25 27.875 2406.95463377
4.75 27.875 0.0
5.25 27.875 0.0
5.75 27.875 0.0
6.25 27.875 0.0
6.75 27.875 0.0
7.25 27.875 0.0
7.75 27.875 0.0
8.25 27.875 0.0
8.75 27.875 0.0
0.25 28.125 0.0
0.75 28.125 0.0
1.25 28.125 2406.95463377
1.75 28.125 0.0
2.25 28.125 0.0
2.75 28.125 0.0
3.25 28.125 0.0
3.75 28.125 2406.95463377
4.25 28.125 0.0
4.75 28.125 0.0
5.25 28.125 0.0
5.75 28.125 0.0
6.25 28.125 0.0
6.75 28.125 0.0
7.25 28.125 0.0
7.75 28.125 0.0
8.25 28.125 0.0
8.75 28.125 0.0
0.25 28.375 2406.95463377
0.75 28.375 0.0
1.25 28.375 2406.95463377
1.75 28.375 2406.95463377
2.25 28.375 4813.90926753
2.75 28.375 0.0
3.25 28.375 0.0
3.75 28.375 2406.95463377
4.25 28.375 0.0
4.75 28.375 0.0
5.25 28.375 0.0
5.75 28.375 0.0
6.25 28.375 0.0
6.75 28.375 0.0
7.25 28.375 0.0
7.75 28.375 0.0
8.25 28.375 0.0
8.75 28.375 0.0
0.25 28.625 0.0
0.75 28.625 2406.95463377
1.25 28.625 0.0
1.75 28.625 2406.95463377
2.25 28.625 2406.95463377
2.75 28.625 0.0
3.25 28.625 0.0
3.75 28.625 0.0
4.25 28.625 0.0
4.75 28.625 0.0
5.25 28.625 0.0
5.75 28.625 0.0
6.25 28.625 0.0
6.75 28.625 0.0
7.25 28.625 0.0
7.75 28.625 0.0
8.25 28.625 0.0
8.75 28.625 0.0
0.25 28.875 0.0
0.75 28.875 7220.8639013
1.25 28.875 2406.95463377
1.75 28.875 0.0
2.25 28.875 4813.90926753
2.75 28.875 2406.95463377
3.25 28.875 0.0
3.75 28.875 2406.95463377
4.25 28.875 0.0
4.75 28.875 0.0
5.25 28.875 0.0
5.75 28.875 0.0
6.25 28.875 0.0
6.75 28.875 0.0
7.25 28.875 0.0
7.75 28.875 0.0
8.25 28.875 0.0
8.75 28.875 0.0
0.25 29.125 0.0
0.75 29.125 0.0
1.25 29.125 0.0
1.75 29.125 0.0
2.25 29.125 2406.95463377
2.75 29.125 0.0
3.25 29.125 0.0
3.75 29.125 0.0
4.25 29.125 0.0
4.75 29.125 0.0
5.25 29.125 0.0
5.75 29.125 0.0
6.25 29.125 0.0
6.75 29.125 0.0
7.25 29.125 0.0
7.75 29.125 0.0
8.25 29.125 0.0
8.75 29.125 0.0
0.25 29.375 2406.95463377
0.75 29.375 0.0
1.25 29.375 0.0
1.75 29.375 2406.95463377
2.25 29.375 0.0
2.75 29.375 2406.95463377
3.25 29.375 0.0
3.75 29.375 0.0
4.25 29.375 0.0
4.75 29.375 0.0
5.25 29.375 0.0
5.75 29.375 0.0
6.25 29.375 0.0
6.75 29.375 0.0
7.25 29.375 0.0
7.75 29.375 0.0
8.25 29.375 0.0
8.75 29.375 0.0
0.25 29.625 0.0
0.75 29.625 2406.95463377
1.25 29.625 0.0
1.75 29.625 0.0
2.25 29.625 0.0
2.75 29.625 2406.95463377
3.25 29.625 0.0
3.75 29.625 0.0
4.25 29.625 0.0
4.75 29.625 0.0
5.25 29.625 0.0
5.75 29.625 0.0
6.25 29.625 0.0
6.75 29.625 0.0
7.25 29.625 0.0
7.75 29.625 0.0
8.25 29.625 0.0
8.75 29.625 0.0
0.25 29.875 2406.95463377
0.75 29.875 2406.95463377
1.25 29.875 0.0
1.75 29.875 2406.95463377
2.25 29.875 0.0
2.75 29.875 0.0
3.25 29.875 0.0
3.75 29.875 0.0
4.25 29.875 0.0
4.75 29.875 0.0
5.25 29.875 0.0
5.75 29.875 0.0
6.25 29.875 0.0
6.75 29.875 0.0
7.25 29.875 0.0
7.75 29.875 0.0
8.25 29.875 0.0
8.75 29.875 0.0
