0.25 0.125 37033403.9951
0.75 0.125 23975675.107
1.25 0.125 21121026.9113
1.75 0.125 21542243.9722
2.25 0.125 23260809.5807
2.75 0.125 25073246.42
3.25 0.125 26683499.0699
3.75 0.125 27723303.4717
4.25 0.125 27896604.2054
4.75 0.125 25277837.5638
5.25 0.125 21277478.9625
5.75 0.125 16338408.054
6.25 0.125 10698913.3471
6.75 0.125 5254381.96551
7.25 0.125 2082015.75821
7.75 0.125 500646.563824
8.25 0.125 45732.1380416
8.75 0.125 0.0
0.25 0.375 59588975.8682
0.75 0.375 45789904.9528
1.25 0.375 41317783.2432
1.75 0.375 42867862.0274
2.25 0.375 45929508.3215
2.75 0.375 49186117.941
3.25 0.375 53460869.3706
3.75 0.375 56659712.0789
4.25 0.375 56955767.4988
4.75 0.375 52579923.9746
5.25 0.375 45789904.9528
5.75 0.375 36008041.3212
6.25 0.375 23860141.2845
6.75 0.375 13447655.5389
7.25 0.375 5177359.41723
7.75 0.375 1217919.04469
8.25 0.375 69801.6843792
8.75 0.375 0.0
0.25 0.625 63165710.454
0.75 0.625 51212773.7427
1.25 0.625 47412192.3759
1.75 0.625 48387009.0026
2.25 0.625 50618255.9481
2.75 0.625 54984471.6538
3.25 0.625 58067780.5396
3.75 0.625 61625259.4883
4.25 0.625 61837071.4961
4.75 0.625 57916142.3977
5.25 0.625 50271654.4809
5.75 0.625 39693088.8655
6.25 0.625 26916973.6694
6.75 0.625 14759445.8143
7.25 0.625 6051083.94929
7.75 0.625 1229953.81786
8.25 0.625 79429.5029143
8.75 0.625 0.0
0.25 0.875 58339766.4132
0.75 0.875 50252398.8438
1.25 0.875 46365167.1103
1.75 0.875 47161869.094
2.25 0.875 48427927.2314
2.75 0.875 51357191.0207
3.25 0.875 53667867.4691
3.75 0.875 55215539.2986
4.25 0.875 54859310.0128
4.75 0.875 50935973.9598
5.25 0.875 44266302.6696
5.75 0.875 34287068.758
6.25 0.875 23347459.9475
6.75 0.875 12598000.5531
7.25 0.875 4821130.13144
7.75 0.875 979630.535943
8.25 0.875 43325.1834078
8.75 0.875 0.0
0.25 1.125 51660467.3045
0.75 1.125 45443303.4855
1.25 1.125 42292599.8699
1.75 1.125 42063939.1797
2.25 1.125 43527367.597
2.75 1.125 44851192.6456
3.25 1.125 46509584.3883
3.75 1.125 46194273.3313
4.25 1.125 46119657.7376
4.75 1.125 41394805.7915
5.25 1.125 35591638.1695
5.75 1.125 27870127.7044
6.25 1.125 18042531.9347
6.75 1.125 9553202.94142
7.25 1.125 3663384.95259
7.75 1.125 654691.660385
8.25 1.125 45732.1380416
8.75 1.125 0.0
0.25 1.375 44492556.4052
0.75 1.375 39375370.8538
1.25 1.375 37365563.7346
1.75 1.375 36780673.7586
2.25 1.375 37023776.1766
2.75 1.375 38280206.4954
3.25 1.375 37916756.3457
3.75 1.375 37981744.1208
4.25 1.375 35962309.1831
4.75 1.375 32659967.4256
5.25 1.375 26746079.8904
5.75 1.375 20345987.5192
6.25 1.375 12985520.2492
6.75 1.375 7076446.62328
7.25 1.375 2380478.1328
7.75 1.375 332159.73946
8.25 1.375 4813.90926753
8.75 1.375 0.0
0.25 1.625 37432958.4643
0.75 1.625 33377239.9064
1.25 1.625 31605721.296
1.75 1.625 31309665.876
2.25 1.625 31333735.4224
2.75 1.625 31634604.7516
3.25 1.625 30811426.2669
3.75 1.625 30298744.9299
4.25 1.625 28678864.4613
4.75 1.625 24526867.7181
5.25 1.625 20297848.4266
5.75 1.625 14723341.4948
6.25 1.625 9127171.97125
6.75 1.625 4541923.39392
7.25 1.625 1499532.73684
7.75 1.625 206998.098504
8.25 1.625 2406.95463377
8.75 1.625 0.0
0.25 1.875 30833088.8586
0.75 1.875 28339483.858
1.25 1.875 27251540.3635
1.75 1.875 26300793.2832
2.25 1.875 26185259.4608
2.75 1.875 25920494.451
3.25 1.875 25145455.059
3.75 1.875 23985302.9255
4.25 1.875 22098250.4926
4.75 1.875 19043825.0624
5.25 1.875 14836468.3625
5.75 1.875 10650774.2544
6.25 1.875 6267709.86633
6.75 1.875 3085715.84049
7.25 1.875 905014.942296
7.75 1.875 62580.8204779
8.25 1.875 2406.95463377
8.75 1.875 0.0
0.25 2.125 25039549.0551
0.75 2.125 24141754.9767
1.25 2.125 23373936.4485
1.75 2.125 22543537.0999
2.25 2.125 22026041.8536
2.75 2.125 21161945.1401
3.25 2.125 20824971.4914
3.75 2.125 18709258.3683
4.25 2.125 17019576.2154
4.75 2.125 14745004.0865
5.25 2.125 11033480.0412
5.75 2.125 7747986.9661
6.25 2.125 4411947.8437
6.75 2.125 2043504.48407
7.25 2.125 575262.15747
7.75 2.125 43325.1834078
8.25 2.125 4813.90926753
8.75 2.125 0.0
0.25 2.375 21390605.8303
0.75 2.375 20264151.0617
1.25 2.375 19246009.2516
1.75 2.375 18632235.82
2.25 2.375 17943846.7947
2.75 2.375 17520222.7792
3.25 2.375 16458755.7857
3.75 2.375 14983292.5952
4.25 2.375 13440434.675
4.75 2.375 11076805.2246
5.25 2.375 8041635.43142
5.75 2.375 5471007.88255
6.25 2.375 3256609.61949
6.75 2.375 1364743.27735
7.25 2.375 310497.147756
7.75 2.375 19255.6370701
8.25 2.375 2406.95463377
8.75 2.375 0.0
0.25 2.625 17443200.2309
0.75 2.625 16730741.6593
1.25 2.625 16177142.0935
1.75 2.625 15577810.3897
2.25 2.625 14935153.5025
2.75 2.625 14237136.6587
3.25 2.625 13076984.5253
3.75 2.625 11883135.0269
4.25 2.625 10330649.2881
4.75 2.625 8474887.26549
5.25 2.625 6159396.90781
5.75 2.625 3887231.73353
6.25 2.625 2214398.26307
6.75 2.625 902607.987663
7.25 2.625 223846.78094
7.75 2.625 16848.6824364
8.25 2.625 0.0
8.75 2.625 0.0
0.25 2.875 14692051.0845
0.75 2.875 13929046.4656
1.25 2.875 13339342.5803
1.75 2.875 13004775.8862
2.25 2.875 12251399.0859
2.75 2.875 11806112.4786
3.25 2.875 11052735.6783
3.75 2.875 9873327.90771
4.25 2.875 8241412.66602
4.75 2.875 6725031.24675
5.25 2.875 4705596.30901
5.75 2.875 3001472.42831
6.25 2.875 1564520.51195
6.75 2.875 616180.386244
7.25 2.875 125161.640956
7.75 2.875 4813.90926753
8.25 2.875 0.0
8.75 2.875 0.0
0.25 3.125 12359712.0444
0.75 3.125 12025145.3503
1.25 3.125 11175490.3646
1.75 3.125 10720575.9388
2.25 3.125 10248812.8306
2.75 3.125 9663922.85458
3.25 3.125 8713175.77424
3.75 3.125 7853892.96998
4.25 3.125 6412127.14436
4.75 3.125 5042569.95774
5.25 3.125 3386585.16971
5.75 3.125 2248095.62794
6.25 3.125 1061466.99349
6.75 3.125 416403.151642
7.25 3.125 72208.639013
7.75 3.125 0.0
8.25 3.125 0.0
8.75 3.125 0.0
0.25 3.375 10015338.2311
0.75 3.375 9817967.95114
1.25 3.375 9567644.66922
1.75 3.375 9163276.29075
2.25 3.375 8588014.13328
2.75 3.375 7974240.70167
3.25 3.375 7093295.30571
3.75 3.375 6284558.54877
4.25 3.375 5203835.9182
4.75 3.375 3877603.915
5.25 3.375 2703010.05372
5.75 3.375 1663205.65193
6.25 3.375 914642.760832
6.75 3.375 269578.918982
7.25 3.375 40918.228774
7.75 3.375 2406.95463377
8.25 3.375 0.0
8.75 3.375 0.0
0.25 3.625 8575979.36011
0.75 3.625 8344911.71527
1.25 3.625 7803346.92267
1.75 3.625 7622825.32514
2.25 3.625 7321955.99592
2.75 3.625 6811681.61356
3.25 3.625 5856120.62396
3.75 3.625 5285672.37575
4.25 3.625 4214577.56373
4.75 3.625 3386585.16971
5.25 3.625 2187921.76209
5.75 3.625 1181814.72518
6.25 3.625 618587.340878
6.75 3.625 199777.234603
7.25 3.625 28883.4556052
7.75 3.625 0.0
8.25 3.625 0.0
8.75 3.625 0.0
0.25 3.875 7244933.44764
0.75 3.875 7004237.98426
1.25 3.875 6570986.15018
1.75 3.875 6419348.00826
2.25 3.875 5877783.21566
2.75 3.875 5526367.83913
3.25 3.875 5052197.77628
3.75 3.875 4269937.5203
4.25 3.875 3434724.26239
4.75 3.875 2443058.95327
5.25 3.875 1682461.289
5.75 3.875 1025362.67398
6.25 3.875 399554.469205
6.75 3.875 113126.867787
7.25 3.875 7220.8639013
7.75 3.875 0.0
8.25 3.875 0.0
8.75 3.875 0.0
0.25 4.125 6286965.5034
0.75 4.125 5940364.03614
1.25 4.125 5504705.24743
1.75 4.125 5495077.42889
2.25 4.125 5093116.00505
2.75 4.125 4700782.39975
3.25 4.125 3993137.73742
3.75 4.125 3559885.90334
4.25 4.125 2782439.55663
4.75 4.125 2024248.847
5.25 4.125 1436951.91636
5.75 4.125 726900.299398
6.25 4.125 320124.966291
6.75 4.125 81836.4575481
7.25 4.125 12034.7731688
7.75 4.125 0.0
8.25 4.125 0.0
8.75 4.125 0.0
0.25 4.375 5203835.9182
0.75 4.375 5032942.13921
1.25 4.375 4811502.3129
1.75 4.375 4529888.62075
2.25 4.375 4322890.52225
2.75 4.375 4012393.37449
3.25 4.375 3687454.49893
3.75 4.375 2970182.01807
4.25 4.375 2264944.31037
4.75 4.375 1723379.51778
5.25 4.375 1059060.03886
5.75 4.375 529530.019429
6.25 4.375 233474.599475
6.75 4.375 55359.9565766
7.25 4.375 0.0
7.75 4.375 0.0
8.25 4.375 0.0
8.75 4.375 0.0
0.25 4.625 4291600.11201
0.75 4.625 4337332.25005
1.25 4.625 4267530.56567
1.75 4.625 4101450.69594
2.25 4.625 3783732.68428
2.75 4.625 3386585.16971
3.25 4.625 2801695.1937
3.75 4.625 2500825.86448
4.25 4.625 1899087.20604
4.75 4.625 1340673.73101
5.25 4.625 840027.167185
5.75 4.625 469356.153585
6.25 4.625 158859.005829
6.75 4.625 45732.1380416
7.25 4.625 2406.95463377
7.75 4.625 0.0
8.25 4.625 0.0
8.75 4.625 0.0
0.25 4.875 3894452.59744
0.75 4.875 3610431.95065
1.25 4.875 3653757.13406
1.75 4.875 3307155.6668
2.25 4.875 3184400.98047
2.75 4.875 2842613.42248
3.25 4.875 2496011.95522
3.75 4.875 2084422.71284
4.25 4.875 1631915.24169
4.75 4.875 1104792.1769
5.25 4.875 659505.569652
5.75 4.875 380298.832135
6.25 4.875 132382.504857
6.75 4.875 21662.5917039
7.25 4.875 2406.95463377
7.75 4.875 0.0
8.25 4.875 0.0
8.75 4.875 0.0
0.25 5.125 3331225.21313
0.75 5.125 3309562.62143
1.25 5.125 3095343.65902
1.75 5.125 3052018.47562
2.25 5.125 2837799.51321
2.75 5.125 2409361.5884
3.25 5.125 1976109.75432
3.75 5.125 1578962.23975
4.25 5.125 1343080.68564
4.75 5.125 972409.672042
5.25 5.125 575262.15747
5.75 5.125 315311.057023
6.25 5.125 103499.049252
6.75 5.125 24069.5463377
7.25 5.125 4813.90926753
7.75 5.125 0.0
8.25 5.125 0.0
8.75 5.125 0.0
0.25 5.375 3030355.88391
0.75 5.375 2792067.37517
1.25 5.375 2575441.45813
1.75 5.375 2524895.41082
2.25 5.375 2414175.49767
2.75 5.375 2038690.5748
3.25 5.375 1759483.83728
3.75 5.375 1439358.87099
4.25 5.375 1104792.1769
4.75 5.375 755783.755003
5.25 5.375 447693.561881
5.75 5.375 223846.78094
6.25 5.375 77022.5482805
6.75 5.375 16848.6824364
7.25 5.375 0.0
7.75 5.375 0.0
8.25 5.375 0.0
8.75 5.375 0.0
0.25 5.625 2486384.13668
0.75 5.625 2433431.13474
1.25 5.625 2370850.31426
1.75 5.625 2378071.17816
2.25 5.625 2053132.3026
2.75 5.625 1639136.1056
3.25 5.625 1651170.87876
3.75 5.625 1222732.95395
4.25 5.625 1034990.49252
4.75 5.625 681168.161356
5.25 5.625 339380.603361
5.75 5.625 178114.642899
6.25 5.625 52953.0019429
6.75 5.625 9627.81853507
7.25 5.625 0.0
7.75 5.625 0.0
8.25 5.625 0.0
8.75 5.625 0.0
0.25 5.875 2204770.44453
0.75 5.875 2077201.84894
1.25 5.875 2024248.847
1.75 5.875 1795588.15679
2.25 5.875 1757076.88265
2.75 5.875 1622287.42316
3.25 5.875 1261244.22809
3.75 5.875 996479.21838
4.25 5.875 772632.437439
4.75 5.875 556006.5204
5.25 5.875 279206.737517
5.75 5.875 175707.688265
6.25 5.875 50546.0473091
6.75 5.875 4813.90926753
7.25 5.875 0.0
7.75 5.875 0.0
8.25 5.875 0.0
8.75 5.875 0.0
0.25 6.125 1901494.16068
0.75 6.125 1927970.66165
1.25 6.125 1862982.88654
1.75 6.125 1737821.24558
2.25 6.125 1605438.74072
2.75 6.125 1379185.00515
3.25 6.125 1290127.6837
3.75 6.125 974816.626676
4.25 6.125 654691.660385
4.75 6.125 512681.336992
5.25 6.125 255137.191179
5.75 6.125 120347.731688
6.25 6.125 36104.3195065
6.75 6.125 7220.8639013
7.25 6.125 0.0
7.75 6.125 0.0
8.25 6.125 0.0
8.75 6.125 0.0
0.25 6.375 1867796.7958
0.75 6.375 1699309.97144
1.25 6.375 1593403.96755
1.75 6.375 1446579.73489
2.25 6.375 1446579.73489
2.75 6.375 1290127.6837
3.25 6.375 953154.034972
3.75 6.375 827992.394016
4.25 6.375 608959.522343
4.75 6.375 399554.469205
5.25 6.375 214218.962405
5.75 6.375 105906.003886
6.25 6.375 21662.5917039
6.75 6.375 4813.90926753
7.25 6.375 0.0
7.75 6.375 0.0
8.25 6.375 0.0
8.75 6.375 0.0
0.25 6.625 1470649.28123
0.75 6.625 1381591.95978
1.25 6.625 1398440.64222
1.75 6.625 1345487.64028
2.25 6.625 1273279.00126
2.75 6.625 1162559.08811
3.25 6.625 852061.940354
3.75 6.625 738935.072567
4.25 6.625 519902.200894
4.75 6.625 361043.195065
5.25 6.625 204591.14387
5.75 6.625 74615.5936468
6.25 6.625 19255.6370701
6.75 6.625 0.0
7.25 6.625 0.0
7.75 6.625 0.0
8.25 6.625 0.0
8.75 6.625 0.0
0.25 6.875 1239581.63639
0.75 6.875 1280499.86516
1.25 6.875 1162559.08811
1.75 6.875 1162559.08811
2.25 6.875 1080722.63056
2.75 6.875 1013327.90082
3.25 6.875 787074.165242
3.75 6.875 657098.615018
4.25 6.875 426030.970177
4.75 6.875 346601.467262
5.25 6.875 180521.597533
5.75 6.875 67394.7297455
6.25 6.875 16848.6824364
6.75 6.875 4813.90926753
7.25 6.875 0.0
7.75 6.875 0.0
8.25 6.875 0.0
8.75 6.875 0.0
0.25 7.125 1196256.45298
0.75 7.125 1116826.95007
1.25 7.125 1063873.94813
1.75 7.125 950747.080338
2.25 7.125 924270.579367
2.75 7.125 890573.214494
3.25 7.125 690795.979891
3.75 7.125 558413.475034
4.25 7.125 363450.149699
4.75 7.125 276799.782883
5.25 7.125 129975.550223
5.75 7.125 55359.9565766
6.25 7.125 9627.81853507
6.75 7.125 4813.90926753
7.25 7.125 0.0
7.75 7.125 0.0
8.25 7.125 0.0
8.75 7.125 0.0
0.25 7.375 1083129.5852
0.75 7.375 960374.898873
1.25 7.375 967595.762774
1.75 7.375 912235.806198
2.25 7.375 823178.484748
2.75 7.375 726900.299398
3.25 7.375 601738.658442
3.75 7.375 399554.469205
4.25 7.375 288834.556052
4.75 7.375 197370.279969
5.25 7.375 117940.777055
5.75 7.375 38511.2741403
6.25 7.375 9627.81853507
6.75 7.375 0.0
7.25 7.375 0.0
7.75 7.375 0.0
8.25 7.375 0.0
8.75 7.375 0.0
0.25 7.625 974816.626676
0.75 7.625 827992.394016
1.25 7.625 902607.987663
1.75 7.625 794295.029143
2.25 7.625 796701.983777
2.75 7.625 659505.569652
3.25 7.625 575262.15747
3.75 7.625 421217.060909
4.25 7.625 334566.694094
4.75 7.625 211812.007772
5.25 7.625 77022.5482805
5.75 7.625 43325.1834078
6.25 7.625 16848.6824364
6.75 7.625 0.0
7.25 7.625 0.0
7.75 7.625 0.0
8.25 7.625 0.0
8.75 7.625 0.0
0.25 7.875 900201.033029
0.75 7.875 736528.117933
1.25 7.875 743748.981834
1.75 7.875 743748.981834
2.25 7.875 642656.887216
2.75 7.875 592110.839907
3.25 7.875 454914.425782
3.75 7.875 411589.242374
4.25 7.875 223846.78094
4.75 7.875 173300.733631
5.25 7.875 84243.4121819
5.75 7.875 14441.7278026
6.25 7.875 12034.7731688
6.75 7.875 0.0
7.25 7.875 0.0
7.75 7.875 0.0
8.25 7.875 0.0
8.75 7.875 0.0
0.25 8.125 719679.435496
0.75 8.125 743748.981834
1.25 8.125 673947.297455
1.75 8.125 661912.524286
2.25 8.125 539157.837964
2.75 8.125 495832.654556
3.25 8.125 416403.151642
3.75 8.125 370671.0136
4.25 8.125 214218.962405
4.75 8.125 146824.23266
5.25 8.125 40918.228774
5.75 8.125 14441.7278026
6.25 8.125 14441.7278026
6.75 8.125 0.0
7.25 8.125 0.0
7.75 8.125 0.0
8.25 8.125 0.0
8.75 8.125 0.0
0.25 8.375 693202.934525
0.75 8.375 750969.845735
1.25 8.375 601738.658442
1.75 8.375 599331.703808
2.25 8.375 515088.291626
2.75 8.375 462135.289683
3.25 8.375 377891.877501
3.75 8.375 223846.78094
4.25 8.375 185335.5068
4.75 8.375 129975.550223
5.25 8.375 69801.6843792
5.75 8.375 19255.6370701
6.25 8.375 7220.8639013
6.75 8.375 0.0
7.25 8.375 0.0
7.75 8.375 0.0
8.25 8.375 0.0
8.75 8.375 0.0
0.25 8.625 664319.47892
0.75 8.625 580076.066738
1.25 8.625 572855.202837
1.75 8.625 493425.699922
2.25 8.625 495832.654556
2.75 8.625 454914.425782
3.25 8.625 373077.968234
3.75 8.625 240695.463377
4.25 8.625 192556.370701
4.75 8.625 105906.003886
5.25 8.625 36104.3195065
5.75 8.625 21662.5917039
6.25 8.625 0.0
6.75 8.625 0.0
7.25 8.625 0.0
7.75 8.625 0.0
8.25 8.625 0.0
8.75 8.625 0.0
0.25 8.875 642656.887216
0.75 8.875 440472.697979
1.25 8.875 476577.017486
1.75 8.875 476577.017486
2.25 8.875 457321.380416
2.75 8.875 380298.832135
3.25 8.875 296055.419953
3.75 8.875 271985.873616
4.25 8.875 134789.459491
4.75 8.875 77022.5482805
5.25 8.875 43325.1834078
5.75 8.875 16848.6824364
6.25 8.875 0.0
6.75 8.875 0.0
7.25 8.875 0.0
7.75 8.875 0.0
8.25 8.875 0.0
8.75 8.875 0.0
0.25 9.125 474170.062852
0.75 9.125 505460.473091
1.25 9.125 474170.062852
1.75 9.125 433251.834078
2.25 9.125 370671.0136
2.75 9.125 303276.283855
3.25 9.125 276799.782883
3.75 9.125 192556.370701
4.25 9.125 137196.414125
4.75 9.125 72208.639013
5.25 9.125 21662.5917039
5.75 9.125 14441.7278026
6.25 9.125 2406.95463377
6.75 9.125 0.0
7.25 9.125 0.0
7.75 9.125 0.0
8.25 9.125 0.0
8.75 9.125 0.0
0.25 9.375 493425.699922
0.75 9.375 413996.197008
1.25 9.375 404368.378473
1.75 9.375 382705.786769
2.25 9.375 341787.557995
2.75 9.375 264765.009714
3.25 9.375 255137.191179
3.75 9.375 209405.053138
4.25 9.375 134789.459491
4.75 9.375 81836.4575481
5.25 9.375 38511.2741403
5.75 9.375 21662.5917039
6.25 9.375 0.0
6.75 9.375 0.0
7.25 9.375 0.0
7.75 9.375 0.0
8.25 9.375 0.0
8.75 9.375 0.0
0.25 9.625 430844.879444
0.75 9.625 411589.242374
1.25 9.625 361043.195065
1.75 9.625 310497.147756
2.25 9.625 329752.784826
2.75 9.625 257544.145813
3.25 9.625 214218.962405
3.75 9.625 134789.459491
4.25 9.625 108312.95852
4.75 9.625 77022.5482805
5.25 9.625 28883.4556052
5.75 9.625 16848.6824364
6.25 9.625 0.0
6.75 9.625 0.0
7.25 9.625 0.0
7.75 9.625 0.0
8.25 9.625 0.0
8.75 9.625 0.0
0.25 9.875 375484.922868
0.75 9.875 351415.37653
1.25 9.875 363450.149699
1.75 9.875 312904.10239
2.25 9.875 271985.873616
2.75 9.875 274392.828249
3.25 9.875 192556.370701
3.75 9.875 117940.777055
4.25 9.875 134789.459491
4.75 9.875 57766.9112104
5.25 9.875 31290.410239
5.75 9.875 12034.7731688
6.25 9.875 0.0
6.75 9.875 0.0
7.25 9.875 0.0
7.75 9.875 0.0
8.25 9.875 0.0
8.75 9.875 0.0
0.25 10.125 336973.648727
0.75 10.125 356229.285798
1.25 10.125 308090.193122
1.75 10.125 308090.193122
2.25 10.125 281613.692151
2.75 10.125 223846.78094
3.25 10.125 168486.824364
3.75 10.125 151638.141927
4.25 10.125 86650.3668156
4.75 10.125 62580.8204779
5.25 10.125 21662.5917039
5.75 10.125 2406.95463377
6.25 10.125 0.0
6.75 10.125 0.0
7.25 10.125 0.0
7.75 10.125 0.0
8.25 10.125 0.0
8.75 10.125 0.0
0.25 10.375 329752.784826
0.75 10.375 356229.285798
1.25 10.375 300869.329221
1.75 10.375 274392.828249
2.25 10.375 197370.279969
2.75 10.375 204591.14387
3.25 10.375 190149.416068
3.75 10.375 103499.049252
4.25 10.375 91464.2760832
4.75 10.375 24069.5463377
5.25 10.375 36104.3195065
5.75 10.375 4813.90926753
6.25 10.375 0.0
6.75 10.375 0.0
7.25 10.375 0.0
7.75 10.375 0.0
8.25 10.375 0.0
8.75 10.375 0.0
0.25 10.625 339380.603361
0.75 10.625 271985.873616
1.25 10.625 346601.467262
1.75 10.625 226253.735574
2.25 10.625 259951.100447
2.75 10.625 156452.051195
3.25 10.625 168486.824364
3.75 10.625 122754.686322
4.25 10.625 52953.0019429
4.75 10.625 21662.5917039
5.25 10.625 19255.6370701
5.75 10.625 12034.7731688
6.25 10.625 2406.95463377
6.75 10.625 0.0
7.25 10.625 0.0
7.75 10.625 0.0
8.25 10.625 0.0
8.75 10.625 0.0
0.25 10.875 300869.329221
0.75 10.875 317718.011657
1.25 10.875 231067.644842
1.75 10.875 187742.461434
2.25 10.875 154045.096561
2.75 10.875 206998.098504
3.25 10.875 110719.913153
3.75 10.875 98685.1399845
4.25 10.875 69801.6843792
4.75 10.875 33697.3648727
5.25 10.875 9627.81853507
5.75 10.875 2406.95463377
6.25 10.875 0.0
6.75 10.875 0.0
7.25 10.875 0.0
7.75 10.875 0.0
8.25 10.875 0.0
8.75 10.875 0.0
0.25 11.125 269578.918982
0.75 11.125 197370.279969
1.25 11.125 238288.508743
1.75 11.125 223846.78094
2.25 11.125 168486.824364
2.75 11.125 151638.141927
3.25 11.125 154045.096561
3.75 11.125 122754.686322
4.25 11.125 52953.0019429
4.75 11.125 26476.5009714
5.25 11.125 12034.7731688
5.75 11.125 4813.90926753
6.25 11.125 0.0
6.75 11.125 0.0
7.25 11.125 0.0
7.75 11.125 0.0
8.25 11.125 0.0
8.75 11.125 0.0
0.25 11.375 267171.964348
0.75 11.375 211812.007772
1.25 11.375 202184.189236
1.75 11.375 185335.5068
2.25 11.375 142010.323392
2.75 11.375 134789.459491
3.25 11.375 93871.2307169
3.75 11.375 79429.5029143
4.25 11.375 69801.6843792
4.75 11.375 21662.5917039
5.25 11.375 14441.7278026
5.75 11.375 4813.90926753
6.25 11.375 0.0
6.75 11.375 0.0
7.25 11.375 0.0
7.75 11.375 0.0
8.25 11.375 0.0
8.75 11.375 0.0
0.25 11.625 187742.461434
0.75 11.625 185335.5068
1.25 11.625 192556.370701
1.75 11.625 178114.642899
2.25 11.625 166079.86973
2.75 11.625 154045.096561
3.25 11.625 105906.003886
3.75 11.625 62580.8204779
4.25 11.625 40918.228774
4.75 11.625 21662.5917039
5.25 11.625 9627.81853507
5.75 11.625 2406.95463377
6.25 11.625 0.0
6.75 11.625 0.0
7.25 11.625 0.0
7.75 11.625 0.0
8.25 11.625 0.0
8.75 11.625 0.0
0.25 11.875 219032.871673
0.75 11.875 182928.552166
1.25 11.875 161265.960462
1.75 11.875 142010.323392
2.25 11.875 187742.461434
2.75 11.875 125161.640956
3.25 11.875 129975.550223
3.75 11.875 86650.3668156
4.25 11.875 48139.0926753
4.75 11.875 14441.7278026
5.25 11.875 7220.8639013
5.75 11.875 0.0
6.25 11.875 0.0
6.75 11.875 0.0
7.25 11.875 0.0
7.75 11.875 0.0
8.25 11.875 0.0
8.75 11.875 0.0
0.25 12.125 178114.642899
0.75 12.125 168486.824364
1.25 12.125 168486.824364
1.75 12.125 161265.960462
2.25 12.125 117940.777055
2.75 12.125 117940.777055
3.25 12.125 91464.2760832
3.75 12.125 57766.9112104
4.25 12.125 26476.5009714
4.75 12.125 24069.5463377
5.25 12.125 4813.90926753
5.75 12.125 2406.95463377
6.25 12.125 0.0
6.75 12.125 0.0
7.25 12.125 0.0
7.75 12.125 0.0
8.25 12.125 0.0
8.75 12.125 0.0
0.25 12.375 180521.597533
0.75 12.375 158859.005829
1.25 12.375 158859.005829
1.75 12.375 115533.822421
2.25 12.375 113126.867787
2.75 12.375 129975.550223
3.25 12.375 77022.5482805
3.75 12.375 52953.0019429
4.25 12.375 36104.3195065
4.75 12.375 12034.7731688
5.25 12.375 7220.8639013
5.75 12.375 0.0
6.25 12.375 0.0
6.75 12.375 0.0
7.25 12.375 0.0
7.75 12.375 0.0
8.25 12.375 0.0
8.75 12.375 0.0
0.25 12.625 168486.824364
0.75 12.625 142010.323392
1.25 12.625 120347.731688
1.75 12.625 110719.913153
2.25 12.625 139603.368758
2.75 12.625 108312.95852
3.25 12.625 64987.7751117
3.75 12.625 52953.0019429
4.25 12.625 28883.4556052
4.75 12.625 31290.410239
5.25 12.625 14441.7278026
5.75 12.625 2406.95463377
6.25 12.625 0.0
6.75 12.625 0.0
7.25 12.625 0.0
7.75 12.625 0.0
8.25 12.625 0.0
8.75 12.625 0.0
0.25 12.875 151638.141927
0.75 12.875 89057.3214494
1.25 12.875 168486.824364
1.75 12.875 139603.368758
2.25 12.875 79429.5029143
2.75 12.875 110719.913153
3.25 12.875 52953.0019429
3.75 12.875 64987.7751117
4.25 12.875 40918.228774
4.75 12.875 19255.6370701
5.25 12.875 2406.95463377
5.75 12.875 4813.90926753
6.25 12.875 0.0
6.75 12.875 0.0
7.25 12.875 0.0
7.75 12.875 0.0
8.25 12.875 0.0
8.75 12.875 0.0
0.25 13.125 142010.323392
0.75 13.125 127568.59559
1.25 13.125 120347.731688
1.75 13.125 101092.094618
2.25 13.125 89057.3214494
2.75 13.125 57766.9112104
3.25 13.125 69801.6843792
3.75 13.125 45732.1380416
4.25 13.125 16848.6824364
4.75 13.125 7220.8639013
5.25 13.125 4813.90926753
5.75 13.125 0.0
6.25 13.125 0.0
6.75 13.125 0.0
7.25 13.125 0.0
7.75 13.125 0.0
8.25 13.125 0.0
8.75 13.125 0.0
0.25 13.375 117940.777055
0.75 13.375 113126.867787
1.25 13.375 93871.2307169
1.75 13.375 81836.4575481
2.25 13.375 96278.1853507
2.75 13.375 50546.0473091
3.25 13.375 52953.0019429
3.75 13.375 33697.3648727
4.25 13.375 14441.7278026
4.75 13.375 16848.6824364
5.25 13.375 4813.90926753
5.75 13.375 4813.90926753
6.25 13.375 0.0
6.75 13.375 0.0
7.25 13.375 0.0
7.75 13.375 0.0
8.25 13.375 0.0
8.75 13.375 0.0
0.25 13.625 103499.049252
0.75 13.625 84243.4121819
1.25 13.625 137196.414125
1.75 13.625 79429.5029143
2.25 13.625 79429.5029143
2.75 13.625 64987.7751117
3.25 13.625 55359.9565766
3.75 13.625 50546.0473091
4.25 13.625 31290.410239
4.75 13.625 12034.7731688
5.25 13.625 2406.95463377
5.75 13.625 0.0
6.25 13.625 0.0
6.75 13.625 0.0
7.25 13.625 0.0
7.75 13.625 0.0
8.25 13.625 0.0
8.75 13.625 0.0
0.25 13.875 127568.59559
0.75 13.875 91464.2760832
1.25 13.875 84243.4121819
1.75 13.875 74615.5936468
2.25 13.875 72208.639013
2.75 13.875 64987.7751117
3.25 13.875 52953.0019429
3.75 13.875 16848.6824364
4.25 13.875 21662.5917039
4.75 13.875 26476.5009714
5.25 13.875 4813.90926753
5.75 13.875 2406.95463377
6.25 13.875 0.0
6.75 13.875 0.0
7.25 13.875 0.0
7.75 13.875 0.0
8.25 13.875 0.0
8.75 13.875 0.0
0.25 14.125 108312.95852
0.75 14.125 120347.731688
1.25 14.125 101092.094618
1.75 14.125 77022.5482805
2.25 14.125 79429.5029143
2.75 14.125 38511.2741403
3.25 14.125 43325.1834078
3.75 14.125 28883.4556052
4.25 14.125 16848.6824364
4.75 14.125 12034.7731688
5.25 14.125 0.0
5.75 14.125 0.0
6.25 14.125 0.0
6.75 14.125 0.0
7.25 14.125 0.0
7.75 14.125 0.0
8.25 14.125 0.0
8.75 14.125 0.0
0.25 14.375 108312.95852
0.75 14.375 93871.2307169
1.25 14.375 86650.3668156
1.75 14.375 67394.7297455
2.25 14.375 81836.4575481
2.75 14.375 64987.7751117
3.25 14.375 24069.5463377
3.75 14.375 26476.5009714
4.25 14.375 12034.7731688
4.75 14.375 9627.81853507
5.25 14.375 4813.90926753
5.75 14.375 0.0
6.25 14.375 0.0
6.75 14.375 0.0
7.25 14.375 0.0
7.75 14.375 0.0
8.25 14.375 0.0
8.75 14.375 0.0
0.25 14.625 120347.731688
0.75 14.625 89057.3214494
1.25 14.625 110719.913153
1.75 14.625 69801.6843792
2.25 14.625 77022.5482805
2.75 14.625 52953.0019429
3.25 14.625 50546.0473091
3.75 14.625 19255.6370701
4.25 14.625 4813.90926753
4.75 14.625 4813.90926753
5.25 14.625 2406.95463377
5.75 14.625 0.0
6.25 14.625 0.0
6.75 14.625 0.0
7.25 14.625 0.0
7.75 14.625 0.0
8.25 14.625 0.0
8.75 14.625 0.0
0.25 14.875 81836.4575481
0.75 14.875 77022.5482805
1.25 14.875 84243.4121819
1.75 14.875 55359.9565766
2.25 14.875 52953.0019429
2.75 14.875 24069.5463377
3.25 14.875 38511.2741403
3.75 14.875 24069.5463377
4.25 14.875 9627.81853507
4.75 14.875 4813.90926753
5.25 14.875 4813.90926753
5.75 14.875 0.0
6.25 14.875 0.0
6.75 14.875 0.0
7.25 14.875 0.0
7.75 14.875 0.0
8.25 14.875 0.0
8.75 14.875 0.0
0.25 15.125 77022.5482805
0.75 15.125 64987.7751117
1.25 15.125 40918.228774
1.75 15.125 57766.9112104
2.25 15.125 36104.3195065
2.75 15.125 55359.9565766
3.25 15.125 31290.410239
3.75 15.125 26476.5009714
4.25 15.125 21662.5917039
4.75 15.125 4813.90926753
5.25 15.125 0.0
5.75 15.125 2406.95463377
6.25 15.125 0.0
6.75 15.125 0.0
7.25 15.125 0.0
7.75 15.125 0.0
8.25 15.125 0.0
8.75 15.125 0.0
0.25 15.375 103499.049252
0.75 15.375 72208.639013
1.25 15.375 69801.6843792
1.75 15.375 43325.1834078
2.25 15.375 45732.1380416
2.75 15.375 26476.5009714
3.25 15.375 21662.5917039
3.75 15.375 9627.81853507
4.25 15.375 4813.90926753
4.75 15.375 9627.81853507
5.25 15.375 2406.95463377
5.75 15.375 2406.95463377
6.25 15.375 0.0
6.75 15.375 0.0
7.25 15.375 0.0
7.75 15.375 0.0
8.25 15.375 0.0
8.75 15.375 0.0
0.25 15.625 62580.8204779
0.75 15.625 62580.8204779
1.25 15.625 72208.639013
1.75 15.625 45732.1380416
2.25 15.625 55359.9565766
2.75 15.625 33697.3648727
3.25 15.625 21662.5917039
3.75 15.625 24069.5463377
4.25 15.625 12034.7731688
4.75 15.625 7220.8639013
5.25 15.625 2406.95463377
5.75 15.625 0.0
6.25 15.625 0.0
6.75 15.625 0.0
7.25 15.625 0.0
7.75 15.625 0.0
8.25 15.625 0.0
8.75 15.625 0.0
0.25 15.875 64987.7751117
0.75 15.875 45732.1380416
1.25 15.875 40918.228774
1.75 15.875 38511.2741403
2.25 15.875 50546.0473091
2.75 15.875 38511.2741403
3.25 15.875 31290.410239
3.75 15.875 24069.5463377
4.25 15.875 14441.7278026
4.75 15.875 4813.90926753
5.25 15.875 0.0
5.75 15.875 0.0
6.25 15.875 0.0
6.75 15.875 0.0
7.25 15.875 0.0
7.75 15.875 0.0
8.25 15.875 0.0
8.75 15.875 0.0
0.25 16.125 57766.9112104
0.75 16.125 69801.6843792
1.25 16.125 55359.9565766
1.75 16.125 43325.1834078
2.25 16.125 38511.2741403
2.75 16.125 28883.4556052
3.25 16.125 24069.5463377
3.75 16.125 21662.5917039
4.25 16.125 2406.95463377
4.75 16.125 2406.95463377
5.25 16.125 0.0
5.75 16.125 0.0
6.25 16.125 0.0
6.75 16.125 0.0
7.25 16.125 0.0
7.75 16.125 0.0
8.25 16.125 0.0
8.75 16.125 0.0
0.25 16.375 64987.7751117
0.75 16.375 67394.7297455
1.25 16.375 50546.0473091
1.75 16.375 38511.2741403
2.25 16.375 31290.410239
2.75 16.375 33697.3648727
3.25 16.375 24069.5463377
3.75 16.375 9627.81853507
4.25 16.375 4813.90926753
4.75 16.375 4813.90926753
5.25 16.375 2406.95463377
5.75 16.375 0.0
6.25 16.375 0.0
6.75 16.375 0.0
7.25 16.375 0.0
7.75 16.375 0.0
8.25 16.375 0.0
8.75 16.375 0.0
0.25 16.625 60173.8658442
0.75 16.625 40918.228774
1.25 16.625 31290.410239
1.75 16.625 45732.1380416
2.25 16.625 24069.5463377
2.75 16.625 28883.4556052
3.25 16.625 16848.6824364
3.75 16.625 4813.90926753
4.25 16.625 0.0
4.75 16.625 2406.95463377
5.25 16.625 0.0
5.75 16.625 0.0
6.25 16.625 0.0
6.75 16.625 0.0
7.25 16.625 0.0
7.75 16.625 0.0
8.25 16.625 0.0
8.75 16.625 0.0
0.25 16.875 48139.0926753
0.75 16.875 33697.3648727
1.25 16.875 45732.1380416
1.75 16.875 21662.5917039
2.25 16.875 31290.410239
2.75 16.875 31290.410239
3.25 16.875 28883.4556052
3.75 16.875 14441.7278026
4.25 16.875 12034.7731688
4.75 16.875 2406.95463377
5.25 16.875 2406.95463377
5.75 16.875 2406.95463377
6.25 16.875 0.0
6.75 16.875 0.0
7.25 16.875 0.0
7.75 16.875 0.0
8.25 16.875 0.0
8.75 16.875 0.0
0.25 17.125 45732.1380416
0.75 17.125 31290.410239
1.25 17.125 43325.1834078
1.75 17.125 28883.4556052
2.25 17.125 36104.3195065
2.75 17.125 24069.5463377
3.25 17.125 12034.7731688
3.75 17.125 14441.7278026
4.25 17.125 7220.8639013
4.75 17.125 4813.90926753
5.25 17.125 0.0
5.75 17.125 0.0
6.25 17.125 0.0
6.75 17.125 0.0
7.25 17.125 0.0
7.75 17.125 0.0
8.25 17.125 0.0
8.75 17.125 0.0
0.25 17.375 43325.1834078
0.75 17.375 38511.2741403
1.25 17.375 40918.228774
1.75 17.375 36104.3195065
2.25 17.375 33697.3648727
2.75 17.375 31290.410239
3.25 17.375 7220.8639013
3.75 17.375 9627.81853507
4.25 17.375 4813.90926753
4.75 17.375 2406.95463377
5.25 17.375 0.0
5.75 17.375 0.0
6.25 17.375 0.0
6.75 17.375 0.0
7.25 17.375 0.0
7.75 17.375 0.0
8.25 17.375 0.0
8.75 17.375 0.0
0.25 17.625 36104.3195065
0.75 17.625 55359.9565766
1.25 17.625 40918.228774
1.75 17.625 24069.5463377
2.25 17.625 50546.0473091
2.75 17.625 19255.6370701
3.25 17.625 12034.7731688
3.75 17.625 14441.7278026
4.25 17.625 4813.90926753
4.75 17.625 4813.90926753
5.25 17.625 2406.95463377
5.75 17.625 0.0
6.25 17.625 0.0
6.75 17.625 0.0
7.25 17.625 0.0
7.75 17.625 0.0
8.25 17.625 0.0
8.75 17.625 0.0
0.25 17.875 38511.2741403
0.75 17.875 43325.1834078
1.25 17.875 33697.3648727
1.75 17.875 31290.410239
2.25 17.875 24069.5463377
2.75 17.875 19255.6370701
3.25 17.875 16848.6824364
3.75 17.875 2406.95463377
4.25 17.875 4813.90926753
4.75 17.875 2406.95463377
5.25 17.875 0.0
5.75 17.875 0.0
6.25 17.875 0.0
6.75 17.875 0.0
7.25 17.875 0.0
7.75 17.875 0.0
8.25 17.875 0.0
8.75 17.875 0.0
0.25 18.125 31290.410239
0.75 18.125 38511.2741403
1.25 18.125 19255.6370701
1.75 18.125 45732.1380416
2.25 18.125 21662.5917039
2.75 18.125 26476.5009714
3.25 18.125 9627.81853507
3.75 18.125 7220.8639013
4.25 18.125 0.0
4.75 18.125 2406.95463377
5.25 18.125 0.0
5.75 18.125 0.0
6.25 18.125 0.0
6.75 18.125 0.0
7.25 18.125 0.0
7.75 18.125 0.0
8.25 18.125 0.0
8.75 18.125 0.0
0.25 18.375 36104.3195065
0.75 18.375 28883.4556052
1.25 18.375 24069.5463377
1.75 18.375 31290.410239
2.25 18.375 28883.4556052
2.75 18.375 19255.6370701
3.25 18.375 12034.7731688
3.75 18.375 4813.90926753
4.25 18.375 2406.95463377
4.75 18.375 2406.95463377
5.25 18.375 0.0
5.75 18.375 0.0
6.25 18.375 0.0
6.75 18.375 0.0
7.25 18.375 0.0
7.75 18.375 0.0
8.25 18.375 0.0
8.75 18.375 0.0
0.25 18.625 14441.7278026
0.75 18.625 21662.5917039
1.25 18.625 16848.6824364
1.75 18.625 26476.5009714
2.25 18.625 21662.5917039
2.75 18.625 21662.5917039
3.25 18.625 24069.5463377
3.75 18.625 7220.8639013
4.25 18.625 2406.95463377
4.75 18.625 7220.8639013
5.25 18.625 0.0
5.75 18.625 0.0
6.25 18.625 0.0
6.75 18.625 0.0
7.25 18.625 0.0
7.75 18.625 0.0
8.25 18.625 0.0
8.75 18.625 0.0
0.25 18.875 33697.3648727
0.75 18.875 43325.1834078
1.25 18.875 28883.4556052
1.75 18.875 21662.5917039
2.25 18.875 36104.3195065
2.75 18.875 31290.410239
3.25 18.875 4813.90926753
3.75 18.875 9627.81853507
4.25 18.875 0.0
4.75 18.875 4813.90926753
5.25 18.875 0.0
5.75 18.875 0.0
6.25 18.875 0.0
6.75 18.875 0.0
7.25 18.875 0.0
7.75 18.875 0.0
8.25 18.875 0.0
8.75 18.875 0.0
0.25 19.125 38511.2741403
0.75 19.125 21662.5917039
1.25 19.125 24069.5463377
1.75 19.125 21662.5917039
2.25 19.125 21662.5917039
2.75 19.125 26476.5009714
3.25 19.125 24069.5463377
3.75 19.125 12034.7731688
4.25 19.125 9627.81853507
4.75 19.125 2406.95463377
5.25 19.125 2406.95463377
5.75 19.125 0.0
6.25 19.125 0.0
6.75 19.125 0.0
7.25 19.125 0.0
7.75 19.125 0.0
8.25 19.125 0.0
8.75 19.125 0.0
0.25 19.375 31290.410239
0.75 19.375 33697.3648727
1.25 19.375 26476.5009714
1.75 19.375 14441.7278026
2.25 19.375 21662.5917039
2.75 19.375 16848.6824364
3.25 19.375 12034.7731688
3.75 19.375 4813.90926753
4.25 19.375 2406.95463377
4.75 19.375 4813.90926753
5.25 19.375 0.0
5.75 19.375 0.0
6.25 19.375 0.0
6.75 19.375 0.0
7.25 19.375 0.0
7.75 19.375 0.0
8.25 19.375 0.0
8.75 19.375 0.0
0.25 19.625 19255.6370701
0.75 19.625 24069.5463377
1.25 19.625 21662.5917039
1.75 19.625 16848.6824364
2.25 19.625 24069.5463377
2.75 19.625 24069.5463377
3.25 19.625 4813.90926753
3.75 19.625 12034.7731688
4.25 19.625 7220.8639013
4.75 19.625 0.0
5.25 19.625 0.0
5.75 19.625 0.0
6.25 19.625 0.0
6.75 19.625 0.0
7.25 19.625 0.0
7.75 19.625 0.0
8.25 19.625 0.0
8.75 19.625 0.0
0.25 19.875 24069.5463377
0.75 19.875 21662.5917039
1.25 19.875 28883.4556052
1.75 19.875 16848.6824364
2.25 19.875 9627.81853507
2.75 19.875 19255.6370701
3.25 19.875 2406.95463377
3.75 19.875 2406.95463377
4.25 19.875 0.0
4.75 19.875 0.0
5.25 19.875 0.0
5.75 19.875 0.0
6.25 19.875 0.0
6.75 19.875 0.0
7.25 19.875 0.0
7.75 19.875 0.0
8.25 19.875 0.0
8.75 19.875 0.0
0.25 20.125 9627.81853507
0.75 20.125 14441.7278026
1.25 20.125 14441.7278026
1.75 20.125 4813.90926753
2.25 20.125 14441.7278026
2.75 20.125 9627.81853507
3.25 20.125 19255.6370701
3.75 20.125 2406.95463377
4.25 20.125 2406.95463377
4.75 20.125 4813.90926753
5.25 20.125 0.0
5.75 20.125 0.0
6.25 20.125 0.0
6.75 20.125 0.0
7.25 20.125 0.0
7.75 20.125 0.0
8.25 20.125 0.0
8.75 20.125 0.0
0.25 20.375 21662.5917039
0.75 20.375 14441.7278026
1.25 20.375 24069.5463377
1.75 20.375 14441.7278026
2.25 20.375 12034.7731688
2.75 20.375 12034.7731688
3.25 20.375 9627.81853507
3.75 20.375 7220.8639013
4.25 20.375 2406.95463377
4.75 20.375 0.0
5.25 20.375 0.0
5.75 20.375 0.0
6.25 20.375 0.0
6.75 20.375 0.0
7.25 20.375 0.0
7.75 20.375 0.0
8.25 20.375 0.0
8.75 20.375 0.0
0.25 20.625 33697.3648727
0.75 20.625 14441.7278026
1.25 20.625 19255.6370701
1.75 20.625 21662.5917039
2.25 20.625 14441.7278026
2.75 20.625 7220.8639013
3.25 20.625 9627.81853507
3.75 20.625 7220.8639013
4.25 20.625 0.0
4.75 20.625 0.0
5.25 20.625 0.0
5.75 20.625 0.0
6.25 20.625 0.0
6.75 20.625 0.0
7.25 20.625 0.0
7.75 20.625 0.0
8.25 20.625 0.0
8.75 20.625 0.0
0.25 20.875 21662.5917039
0.75 20.875 28883.4556052
1.25 20.875 19255.6370701
1.75 20.875 12034.7731688
2.25 20.875 16848.6824364
2.75 20.875 4813.90926753
3.25 20.875 12034.7731688
3.75 20.875 2406.95463377
4.25 20.875 0.0
4.75 20.875 0.0
5.25 20.875 0.0
5.75 20.875 0.0
6.25 20.875 0.0
6.75 20.875 0.0
7.25 20.875 0.0
7.75 20.875 0.0
8.25 20.875 0.0
8.75 20.875 0.0
0.25 21.125 24069.5463377
0.75 21.125 21662.5917039
1.25 21.125 19255.6370701
1.75 21.125 2406.95463377
2.25 21.125 14441.7278026
2.75 21.125 28883.4556052
3.25 21.125 0.0
3.75 21.125 2406.95463377
4.25 21.125 4813.90926753
4.75 21.125 4813.90926753
5.25 21.125 0.0
5.75 21.125 0.0
6.25 21.125 0.0
6.75 21.125 0.0
7.25 21.125 0.0
7.75 21.125 0.0
8.25 21.125 0.0
8.75 21.125 0.0
0.25 21.375 24069.5463377
0.75 21.375 14441.7278026
1.25 21.375 21662.5917039
1.75 21.375 9627.81853507
2.25 21.375 12034.7731688
2.75 21.375 26476.5009714
3.25 21.375 7220.8639013
3.75 21.375 4813.90926753
4.25 21.375 0.0
4.75 21.375 2406.95463377
5.25 21.375 0.0
5.75 21.375 0.0
6.25 21.375 0.0
6.75 21.375 0.0
7.25 21.375 0.0
7.75 21.375 0.0
8.25 21.375 0.0
8.75 21.375 0.0
0.25 21.625 19255.6370701
0.75 21.625 12034.7731688
1.25 21.625 9627.81853507
1.75 21.625 9627.81853507
2.25 21.625 9627.81853507
2.75 21.625 7220.8639013
3.25 21.625 4813.90926753
3.75 21.625 0.0
4.25 21.625 0.0
4.75 21.625 2406.95463377
5.25 21.625 0.0
5.75 21.625 0.0
6.25 21.625 0.0
6.75 21.625 0.0
7.25 21.625 0.0
7.75 21.625 0.0
8.25 21.625 0.0
8.75 21.625 0.0
0.25 21.875 16848.6824364
0.75 21.875 4813.90926753
1.25 21.875 14441.7278026
1.75 21.875 16848.6824364
2.25 21.875 16848.6824364
2.75 21.875 9627.81853507
3.25 21.875 4813.90926753
3.75 21.875 7220.8639013
4.25 21.875 2406.95463377
4.75 21.875 0.0
5.25 21.875 0.0
5.75 21.875 0.0
6.25 21.875 0.0
6.75 21.875 0.0
7.25 21.875 0.0
7.75 21.875 0.0
8.25 21.875 0.0
8.75 21.875 0.0
0.25 22.125 7220.8639013
0.75 22.125 19255.6370701
1.25 22.125 24069.5463377
1.75 22.125 7220.8639013
2.25 22.125 12034.7731688
2.75 22.125 7220.8639013
3.25 22.125 4813.90926753
3.75 22.125 0.0
4.25 22.125 2406.95463377
4.75 22.125 0.0
5.25 22.125 0.0
5.75 22.125 0.0
6.25 22.125 0.0
6.75 22.125 0.0
7.25 22.125 0.0
7.75 22.125 0.0
8.25 22.125 0.0
8.75 22.125 0.0
0.25 22.375 14441.7278026
0.75 22.375 12034.7731688
1.25 22.375 21662.5917039
1.75 22.375 14441.7278026
2.25 22.375 4813.90926753
2.75 22.375 12034.7731688
3.25 22.375 7220.8639013
3.75 22.375 0.0
4.25 22.375 0.0
4.75 22.375 0.0
5.25 22.375 0.0
5.75 22.375 0.0
6.25 22.375 0.0
6.75 22.375 0.0
7.25 22.375 0.0
7.75 22.375 0.0
8.25 22.375 0.0
8.75 22.375 0.0
0.25 22.625 7220.8639013
0.75 22.625 12034.7731688
1.25 22.625 12034.7731688
1.75 22.625 4813.90926753
2.25 22.625 9627.81853507
2.75 22.625 9627.81853507
3.25 22.625 0.0
3.75 22.625 2406.95463377
4.25 22.625 0.0
4.75 22.625 0.0
5.25 22.625 0.0
5.75 22.625 0.0
6.25 22.625 0.0
6.75 22.625 0.0
7.25 22.625 0.0
7.75 22.625 0.0
8.25 22.625 0.0
8.75 22.625 0.0
0.25 22.875 9627.81853507
0.75 22.875 14441.7278026
1.25 22.875 9627.81853507
1.75 22.875 4813.90926753
2.25 22.875 7220.8639013
2.75 22.875 7220.8639013
3.25 22.875 0.0
3.75 22.875 2406.95463377
4.25 22.875 0.0
4.75 22.875 0.0
5.25 22.875 0.0
5.75 22.875 0.0
6.25 22.875 0.0
6.75 22.875 0.0
7.25 22.875 0.0
7.75 22.875 0.0
8.25 22.875 0.0
8.75 22.875 0.0
0.25 23.125 14441.7278026
0.75 23.125 9627.81853507
1.25 23.125 12034.7731688
1.75 23.125 9627.81853507
2.25 23.125 9627.81853507
2.75 23.125 2406.95463377
3.25 23.125 2406.95463377
3.75 23.125 4813.90926753
4.25 23.125 0.0
4.75 23.125 0.0
5.25 23.125 0.0
5.75 23.125 0.0
6.25 23.125 0.0
6.75 23.125 0.0
7.25 23.125 0.0
7.75 23.125 0.0
8.25 23.125 0.0
8.75 23.125 0.0
0.25 23.375 14441.7278026
0.75 23.375 14441.7278026
1.25 23.375 9627.81853507
1.75 23.375 7220.8639013
2.25 23.375 14441.7278026
2.75 23.375 2406.95463377
3.25 23.375 2406.95463377
3.75 23.375 2406.95463377
4.25 23.375 0.0
4.75 23.375 0.0
5.25 23.375 0.0
5.75 23.375 0.0
6.25 23.375 0.0
6.75 23.375 0.0
7.25 23.375 0.0
7.75 23.375 0.0
8.25 23.375 0.0
8.75 23.375 0.0
0.25 23.625 14441.7278026
0.75 23.625 7220.8639013
1.25 23.625 16848.6824364
1.75 23.625 7220.8639013
2.25 23.625 7220.8639013
2.75 23.625 2406.95463377
3.25 23.625 2406.95463377
3.75 23.625 2406.95463377
4.25 23.625 0.0
4.75 23.625 2406.95463377
5.25 23.625 0.0
5.75 23.625 0.0
6.25 23.625 0.0
6.75 23.625 0.0
7.25 23.625 0.0
7.75 23.625 0.0
8.25 23.625 0.0
8.75 23.625 0.0
0.25 23.875 12034.7731688
0.75 23.875 4813.90926753
1.25 23.875 12034.7731688
1.75 23.875 4813.90926753
2.25 23.875 9627.81853507
2.75 23.875 9627.81853507
3.25 23.875 2406.95463377
3.75 23.875 0.0
4.25 23.875 0.0
4.75 23.875 2406.95463377
5.25 23.875 0.0
5.75 23.875 0.0
6.25 23.875 0.0
6.75 23.875 0.0
7.25 23.875 0.0
7.75 23.875 0.0
8.25 23.875 0.0
8.75 23.875 0.0
0.25 24.125 16848.6824364
0.75 24.125 9627.81853507
1.25 24.125 7220.8639013
1.75 24.125 2406.95463377
2.25 24.125 7220.8639013
2.75 24.125 4813.90926753
3.25 24.125 7220.8639013
3.75 24.125 0.0
4.25 24.125 0.0
4.75 24.125 0.0
5.25 24.125 0.0
5.75 24.125 0.0
6.25 24.125 0.0
6.75 24.125 0.0
7.25 24.125 0.0
7.75 24.125 0.0
8.25 24.125 0.0
8.75 24.125 0.0
0.25 24.375 9627.81853507
0.75 24.375 12034.7731688
1.25 24.375 19255.6370701
1.75 24.375 4813.90926753
2.25 24.375 7220.8639013
2.75 24.375 14441.7278026
3.25 24.375 4813.90926753
3.75 24.375 2406.95463377
4.25 24.375 2406.95463377
4.75 24.375 0.0
5.25 24.375 0.0
5.75 24.375 0.0
6.25 24.375 0.0
6.75 24.375 0.0
7.25 24.375 0.0
7.75 24.375 0.0
8.25 24.375 0.0
8.75 24.375 0.0
0.25 24.625 12034.7731688
0.75 24.625 24069.5463377
1.25 24.625 7220.8639013
1.75 24.625 7220.8639013
2.25 24.625 12034.7731688
2.75 24.625 4813.90926753
3.25 24.625 7220.8639013
3.75 24.625 0.0
4.25 24.625 0.0
4.75 24.625 0.0
5.25 24.625 0.0
5.75 24.625 0.0
6.25 24.625 0.0
6.75 24.625 0.0
7.25 24.625 0.0
7.75 24.625 0.0
8.25 24.625 0.0
8.75 24.625 0.0
0.25 24.875 4813.90926753
0.75 24.875 12034.7731688
1.25 24.875 16848.6824364
1.75 24.875 2406.95463377
2.25 24.875 4813.90926753
2.75 24.875 7220.8639013
3.25 24.875 7220.8639013
3.75 24.875 2406.95463377
4.25 24.875 2406.95463377
4.75 24.875 0.0
5.25 24.875 0.0
5.75 24.875 0.0
6.25 24.875 0.0
6.75 24.875 0.0
7.25 24.875 0.0
7.75 24.875 0.0
8.25 24.875 0.0
8.75 24.875 0.0
0.25 25.125 9627.81853507
0.75 25.125 9627.81853507
1.25 25.125 4813.90926753
1.75 25.125 4813.90926753
2.25 25.125 0.0
2.75 25.125 2406.95463377
3.25 25.125 0.0
3.75 25.125 4813.90926753
4.25 25.125 0.0
4.75 25.125 0.0
5.25 25.125 0.0
5.75 25.125 0.0
6.25 25.125 0.0
6.75 25.125 0.0
7.25 25.125 0.0
7.75 25.125 0.0
8.25 25.125 0.0
8.75 25.125 0.0
0.25 25.375 4813.90926753
0.75 25.375 7220.8639013
1.25 25.375 12034.7731688
1.75 25.375 12034.7731688
2.25 25.375 0.0
2.75 25.375 4813.90926753
3.25 25.375 2406.95463377
3.75 25.375 4813.90926753
4.25 25.375 2406.95463377
4.75 25.375 0.0
5.25 25.375 0.0
5.75 25.375 0.0
6.25 25.375 0.0
6.75 25.375 0.0
7.25 25.375 0.0
7.75 25.375 0.0
8.25 25.375 0.0
8.75 25.375 0.0
0.25 25.625 9627.81853507
0.75 25.625 14441.7278026
1.25 25.625 9627.81853507
1.75 25.625 12034.7731688
2.25 25.625 4813.90926753
2.75 25.625 2406.95463377
3.25 25.625 7220.8639013
3.75 25.625 7220.8639013
4.25 25.625 0.0
4.75 25.625 0.0
5.25 25.625 0.0
5.75 25.625 0.0
6.25 25.625 0.0
6.75 25.625 0.0
7.25 25.625 0.0
7.75 25.625 0.0
8.25 25.625 0.0
8.75 25.625 0.0
0.25 25.875 7220.8639013
0.75 25.875 4813.90926753
1.25 25.875 7220.8639013
1.75 25.875 4813.90926753
2.25 25.875 4813.90926753
2.75 25.875 7220.8639013
3.25 25.875 7220.8639013
3.75 25.875 0.0
4.25 25.875 2406.95463377
4.75 25.875 2406.95463377
5.25 25.875 0.0
5.75 25.875 0.0
6.25 25.875 0.0
6.75 25.875 0.0
7.25 25.875 0.0
7.75 25.875 0.0
8.25 25.875 0.0
8.75 25.875 0.0
0.25 26.125 14441.7278026
0.75 26.125 7220.8639013
1.25 26.125 7220.8639013
1.75 26.125 4813.90926753
2.25 26.125 16848.6824364
2.75 26.125 4813.90926753
3.25 26.125 2406.95463377
3.75 26.125 2406.95463377
4.25 26.125 0.0
4.75 26.125 0.0
5.25 26.125 0.0
5.75 26.125 0.0
6.25 26.125 0.0
6.75 26.125 0.0
7.25 26.125 0.0
7.75 26.125 0.0
8.25 26.125 0.0
8.75 26.125 0.0
0.25 26.375 12034.7731688
0.75 26.375 2406.95463377
1.25 26.375 16848.6824364
1.75 26.375 9627.81853507
2.25 26.375 9627.81853507
2.75 26.375 0.0
3.25 26.375 4813.90926753
3.75 26.375 4813.90926753
4.25 26.375 0.0
4.75 26.375 0.0
5.25 26.375 0.0
5.75 26.375 0.0
6.25 26.375 0.0
6.75 26.375 0.0
7.25 26.375 0.0
7.75 26.375 0.0
8.25 26.375 0.0
8.75 26.375 0.0
0.25 26.625 0.0
0.75 26.625 4813.90926753
1.25 26.625 2406.95463377
1.75 26.625 0.0
2.25 26.625 2406.95463377
2.75 26.625 2406.95463377
3.25 26.625 2406.95463377
3.75 26.625 2406.95463377
4.25 26.625 0.0
4.75 26.625 0.0
5.25 26.625 0.0
5.75 26.625 0.0
6.25 26.625 0.0
6.75 26.625 0.0
7.25 26.625 0.0
7.75 26.625 0.0
8.25 26.625 0.0
8.75 26.625 0.0
0.25 26.875 4813.90926753
0.75 26.875 4813.90926753
1.25 26.875 9627.81853507
1.75 26.875 0.0
2.25 26.875 7220.8639013
2.75 26.875 0.0
3.25 26.875 0.0
3.75 26.875 4813.90926753
4.25 26.875 0.0
4.75 26.875 0.0
5.25 26.875 0.0
5.75 26.875 0.0
6.25 26.875 0.0
6.75 26.875 0.0
7.25 26.875 0.0
7.75 26.875 0.0
8.25 26.875 0.0
8.75 26.875 0.0
0.25 27.125 7220.8639013
0.75 27.125 12034.7731688
1.25 27.125 7220.8639013
1.75 27.125 7220.8639013
2.25 27.125 4813.90926753
2.75 27.125 7220.8639013
3.25 27.125 0.0
3.75 27.125 0.0
4.25 27.125 0.0
4.75 27.125 0.0
5.25 27.125 0.0
5.75 27.125 0.0
6.25 27.125 0.0
6.75 27.125 0.0
7.25 27.125 0.0
7.75 27.125 0.0
8.25 27.125 0.0
8.75 27.125 0.0
0.25 27.375 7220.8639013
0.75 27.375 7220.8639013
1.25 27.375 2406.95463377
1.75 27.375 2406.95463377
2.25 27.375 9627.81853507
2.75 27.375 0.0
3.25 27.375 4813.90926753
3.75 27.375 0.0
4.25 27.375 0.0
4.75 27.375 0.0
5.25 27.375 0.0
5.75 27.375 0.0
6.25 27.375 0.0
6.75 27.375 0.0
7.25 27.375 0.0
7.75 27.375 0.0
8.25 27.375 0.0
8.75 27.375 0.0
0.25 27.625 2406.95463377
0.75 27.625 0.0
1.25 27.625 4813.90926753
1.75 27.625 7220.8639013
2.25 27.625 9627.81853507
2.75 27.625 2406.95463377
3.25 27.625 2406.95463377
3.75 27.625 0.0
4.25 27.625 0.0
4.75 27.625 0.0
5.25 27.625 0.0
5.75 27.625 0.0
6.25 27.625 0.0
6.75 27.625 0.0
7.25 27.625 0.0
7.75 27.625 0.0
8.25 27.625 0.0
8.75 27.625 0.0
0.25 27.875 9627.81853507
0.75 27.875 12034.7731688
1.25 27.875 9627.81853507
1.75 27.875 4813.90926753
2.25 27.875 12034.7731688
2.75 27.875 0.0
3.25 27.875 2406.95463377
3.75 27.875 0.0
4.25 27.875 0.0
4.75 27.875 0.0
5.25 27.875 0.0
5.75 27.875 0.0
6.25 27.875 0.0
6.75 27.875 0.0
7.25 27.875 0.0
7.75 27.875 0.0
8.25 27.875 0.0
8.75 27.875 0.0
0.25 28.125 4813.90926753
0.75 28.125 2406.95463377
1.25 28.125 2406.95463377
1.75 28.125 4813.90926753
2.25 28.125 2406.95463377
2.75 28.125 2406.95463377
3.25 28.125 2406.95463377
3.75 28.125 0.0
4.25 28.125 0.0
4.75 28.125 0.0
5.25 28.125 0.0
5.75 28.125 0.0
6.25 28.125 0.0
6.75 28.125 0.0
7.25 28.125 0.0
7.75 28.125 0.0
8.25 28.125 0.0
8.75 28.125 0.0
0.25 28.375 7220.8639013
0.75 28.375 2406.95463377
1.25 28.375 2406.95463377
1.75 28.375 2406.95463377
2.25 28.375 4813.90926753
2.75 28.375 2406.95463377
3.25 28.375 0.0
3.75 28.375 0.0
4.25 28.375 0.0
4.75 28.375 0.0
5.25 28.375 0.0
5.75 28.375 0.0
6.25 28.375 0.0
6.75 28.375 0.0
7.25 28.375 0.0
7.75 28.375 0.0
8.25 28.375 0.0
8.75 28.375 0.0
0.25 28.625 2406.95463377
0.75 28.625 0.0
1.25 28.625 9627.81853507
1.75 28.625 0.0
2.25 28.625 2406.95463377
2.75 28.625 4813.90926753
3.25 28.625 4813.90926753
3.75 28.625 0.0
4.25 28.625 4813.90926753
4.75 28.625 0.0
5.25 28.625 0.0
5.75 28.625 0.0
6.25 28.625 0.0
6.75 28.625 0.0
7.25 28.625 0.0
7.75 28.625 0.0
8.25 28.625 0.0
8.75 28.625 0.0
0.25 28.875 2406.95463377
0.75 28.875 7220.8639013
1.25 28.875 7220.8639013
1.75 28.875 2406.95463377
2.25 28.875 2406.95463377
2.75 28.875 0.0
3.25 28.875 7220.8639013
3.75 28.875 2406.95463377
4.25 28.875 0.0
4.75 28.875 0.0
5.25 28.875 0.0
5.75 28.875 0.0
6.25 28.875 0.0
6.75 28.875 0.0
7.25 28.875 0.0
7.75 28.875 0.0
8.25 28.875 0.0
8.75 28.875 0.0
0.25 29.125 4813.90926753
0.75 29.125 4813.90926753
1.25 29.125 9627.81853507
1.75 29.125 9627.81853507
2.25 29.125 2406.95463377
2.75 29.125 4813.90926753
3.25 29.125 2406.95463377
3.75 29.125 0.0
4.25 29.125 0.0
4.75 29.125 0.0
5.25 29.125 0.0
5.75 29.125 0.0
6.25 29.125 0.0
6.75 29.125 0.0
7.25 29.125 0.0
7.75 29.125 0.0
8.25 29.125 0.0
8.75 29.125 0.0
0.25 29.375 0.0
0.75 29.375 4813.90926753
1.25 29.375 4813.90926753
1.75 29.375 4813.90926753
2.25 29.375 0.0
2.75 29.375 2406.95463377
3.25 29.375 2406.95463377
3.75 29.375 0.0
4.25 29.375 0.0
4.75 29.375 0.0
5.25 29.375 0.0
5.75 29.375 0.0
6.25 29.375 0.0
6.75 29.375 0.0
7.25 29.375 0.0
7.75 29.375 0.0
8.25 29.375 0.0
8.75 29.375 0.0
0.25 29.625 2406.95463377
0.75 29.625 2406.95463377
1.25 29.625 0.0
1.75 29.625 2406.95463377
2.25 29.625 0.0
2.75 29.625 0.0
3.25 29.625 4813.90926753
3.75 29.625 0.0
4.25 29.625 0.0
4.75 29.625 0.0
5.25 29.625 0.0
5.75 29.625 0.0
6.25 29.625 0.0
6.75 29.625 0.0
7.25 29.625 0.0
7.75 29.625 0.0
8.25 29.625 0.0
8.75 29.625 0.0
0.25 29.875 2406.95463377
0.75 29.875 0.0
1.25 29.875 4813.90926753
1.75 29.875 2406.95463377
2.25 29.875 0.0
2.75 29.875 2406.95463377
3.25 29.875 0.0
3.75 29.875 2406.95463377
4.25 29.875 0.0
4.75 29.875 0.0
5.25 29.875 0.0
5.75 29.875 0.0
6.25 29.875 0.0
6.75 29.875 0.0
7.25 29.875 0.0
7.75 29.875 0.0
8.25 29.875 0.0
8.75 29.875 0.0
