11.294627058970837 0.0
14.219093021276404 246.3286301999073
17.900777537149963 4821.9455280450065
22.535743732392298 2060.479420130905
28.370820458389794 6548.839761049973
35.71674682851676 8588.716292912115
44.96472020903849 12126.381219896553
56.60722890537329 31298.84034239313
71.26427896022373 36748.878940514085
89.71641173621407 53734.416629430096
112.94627058970838 69310.53669134641
142.1909302127641 93913.22027412665
179.00777537149963 107325.05799225991
225.35743732392305 130335.69350618636
283.7082045838981 154067.12688680657
357.1674682851676 166711.32755286573
449.6472020903849 171806.30178013502
566.0722890537327 154587.09534048662
712.6427896022376 125018.28075328423
897.164117362141 91196.59672362288
1129.4627058970837 54691.7222408962
1421.9093021276408 31637.568070111098
1790.0777537149975 12802.55225142464
2253.5743732392316 4445.584432670381
2837.082045838981 1284.830394798424
3571.674682851676 280.5350710733328
4496.47202090385 50.01059631165117
5660.72289053733 3.9099293793551624
7126.427896022379 0.1514831550884992
8971.64117362141 0.0
