11.294627058970837 16.400302007722512
14.219093021276404 194.85740566818743
17.900777537149963 482.6573448388507
22.535743732392298 1312.2034225159382
28.370820458389794 2554.8022035461886
35.71674682851676 4054.249436661241
44.96472020903849 4188.005731651454
56.60722890537329 5856.208288284575
71.26427896022373 7071.658838760552
89.71641173621407 10039.712701059747
112.94627058970838 12977.397294386894
142.1909302127641 13776.497746224144
179.00777537149963 15850.476523450176
225.35743732392305 15316.621870603878
283.7082045838981 14090.231583249377
357.1674682851676 10476.501671805629
449.6472020903849 10257.23994187497
566.0722890537327 10043.252567157659
712.6427896022376 9107.572264186223
897.164117362141 6751.7954299784615
1129.4627058970837 4098.472079557512
1421.9093021276408 2890.1568964333856
1790.0777537149975 1319.392597091879
2253.5743732392316 451.617598659388
2837.082045838981 123.57599406325608
3571.674682851676 30.372626112453872
4496.47202090385 4.807296558836242
5660.72289053733 0.4002597796788905
7126.427896022379 0.008493218629155308
8971.64117362141 0.0
