11.294627058970837 51.608195470704985
14.219093021276404 1829.2710840854713
17.900777537149963 131.31839329453442
22.535743732392298 5102.17909027228
28.370820458389794 5253.38524073242
35.71674682851676 7208.204461989417
44.96472020903849 10493.962155532863
56.60722890537329 20956.290187921088
71.26427896022373 33139.80841679481
89.71641173621407 38843.34171962165
112.94627058970838 57441.387081148234
142.1909302127641 88960.3937511922
179.00777537149963 102504.92341700906
225.35743732392305 132894.4340934641
283.7082045838981 171187.56012979825
357.1674682851676 148411.24701740674
449.6472020903849 176165.64694632858
566.0722890537327 155151.0655823308
712.6427896022376 132118.6505380394
897.164117362141 95033.0981924315
1129.4627058970837 54419.15498643764
1421.9093021276408 29075.719565132167
1790.0777537149975 12622.308837494114
2253.5743732392316 5109.348532594973
2837.082045838981 1395.159716739552
3571.674682851676 283.1860538588371
4496.47202090385 42.480374856386334
5660.72289053733 3.8536354315001518
7126.427896022379 0.382160103879869
8971.64117362141 0.0
