0.25 0.125 90491866.4111
0.75 0.125 57901700.6699
1.25 0.125 52442727.5605
1.75 0.125 53761738.6998
2.25 0.125 58253116.0464
2.75 0.125 63322162.5051
3.25 0.125 66289937.5686
3.75 0.125 67929073.6742
4.25 0.125 68651160.0643
4.75 0.125 63428068.509
5.25 0.125 52659353.4776
5.75 0.125 40795474.0877
6.25 0.125 26096202.1393
6.75 0.125 13938674.2841
7.25 0.125 5774284.16641
7.75 0.125 1266058.13736
8.25 0.125 84243.4121819
8.75 0.125 0.0
0.25 0.375 148552426.087
0.75 0.375 113750269.037
1.25 0.375 102639766.448
1.75 0.375 105073197.582
2.25 0.375 113088356.513
2.75 0.375 123729502.949
3.25 0.375 133232159.843
3.75 0.375 140171410.052
4.25 0.375 140621510.569
4.75 0.375 132991464.38
5.25 0.375 113697316.035
5.75 0.375 88703499.1182
6.25 0.375 59750241.8286
6.75 0.375 33025824.5299
7.25 0.375 13238250.4857
7.75 0.375 2948519.42636
8.25 0.375 190149.416068
8.75 0.375 0.0
0.25 0.625 156789024.844
0.75 0.625 128379739.301
1.25 0.625 117264422.803
1.75 0.625 118773583.358
2.25 0.625 126887427.428
2.75 0.625 134967574.134
3.25 0.625 143878120.188
3.75 0.625 152711643.694
4.25 0.625 152495017.777
4.75 0.625 144150106.062
5.25 0.625 125072583.634
5.75 0.625 96805308.4155
6.25 0.625 67613762.6172
6.75 0.625 37047845.7229
7.25 0.625 14569296.3982
7.75 0.625 3201249.66291
8.25 0.625 187742.461434
8.75 0.625 4813.90926753
0.25 0.875 144941994.136
0.75 0.875 123048334.787
1.25 0.875 115671018.835
1.75 0.875 115131860.997
2.25 0.875 121098701.534
2.75 0.875 127373632.264
3.25 0.875 133116626.02
3.75 0.875 137978674.381
4.25 0.875 135983308.989
4.75 0.875 127012589.069
5.25 0.875 110399788.187
5.75 0.875 86474659.1274
6.25 0.875 58368649.8689
6.75 0.875 32002868.8106
7.25 0.875 11952936.7113
7.75 0.875 2601917.9591
8.25 0.875 91464.2760832
8.75 0.875 0.0
0.25 1.125 127513235.633
0.75 1.125 112922276.643
1.25 1.125 105328334.774
1.75 1.125 103484607.524
2.25 1.125 108033751.782
2.75 1.125 111639369.823
3.25 1.125 115711937.064
3.75 1.125 115192034.863
4.25 1.125 114568633.613
4.75 1.125 102890089.73
5.25 1.125 88241363.8285
5.75 1.125 68104781.3624
6.25 1.125 44555137.2257
6.75 1.125 24151382.7952
7.25 1.125 8756500.95764
7.75 1.125 1713751.69924
8.25 1.125 62580.8204779
8.75 1.125 0.0
0.25 1.375 108871371.995
0.75 1.375 98259109.0143
1.25 1.375 93243015.5575
1.75 1.375 90446134.2731
2.25 1.375 92557033.4869
2.75 1.375 94290040.8232
3.25 1.375 93931404.5828
3.75 1.375 93457234.5199
4.25 1.375 90219880.5375
4.75 1.375 81610203.8125
5.25 1.375 66335669.7066
5.75 1.375 50187411.0687
6.25 1.375 32262819.911
6.75 1.375 16434686.2394
7.25 1.375 5774284.16641
7.75 1.375 1003700.08228
8.25 1.375 26476.5009714
8.75 1.375 0.0
0.25 1.625 92080456.4694
0.75 1.625 83860706.3951
1.25 1.625 79723151.3796
1.75 1.625 76863689.2747
2.25 1.625 78149003.0492
2.75 1.625 78425802.832
3.25 1.625 77179000.3317
3.75 1.625 74543385.0078
4.25 1.625 70008682.4778
4.75 1.625 61461586.5732
5.25 1.625 50449769.1238
5.75 1.625 35844368.4061
6.25 1.625 22820336.8827
6.75 1.625 11108095.6348
7.25 1.625 3569513.72188
7.75 1.625 478983.97212
8.25 1.625 7220.8639013
8.75 1.625 0.0
0.25 1.875 76271578.4348
0.75 1.875 70129030.2094
1.25 1.875 67255126.3767
1.75 1.875 65871127.4623
2.25 1.875 64922787.3366
2.75 1.875 63685612.6548
3.25 1.875 63047769.6769
3.75 1.875 59644335.8248
4.25 1.875 54308117.4017
4.75 1.875 47022265.7253
5.25 1.875 36970823.1747
5.75 1.875 26197294.2339
6.25 1.875 15589845.1629
6.75 1.875 7163096.99009
7.25 1.875 2228839.99087
7.75 1.875 228660.690208
8.25 1.875 9627.81853507
8.75 1.875 0.0
0.25 2.125 63115164.4066
0.75 2.125 59126840.5785
1.25 2.125 56996685.7276
1.75 2.125 55314224.4386
2.25 2.125 53821912.5657
2.75 2.125 52043173.0913
3.25 2.125 50700092.4057
3.75 2.125 47260554.234
4.25 2.125 42355180.6904
4.75 2.125 36003227.4119
5.25 2.125 27439282.8249
5.75 2.125 18487818.542
6.25 2.125 10696506.3925
6.75 2.125 4936663.95386
7.25 2.125 1410475.41539
7.75 2.125 105906.003886
8.25 2.125 4813.90926753
8.75 2.125 0.0
0.25 2.375 52890421.1224
0.75 2.375 50245177.9799
1.25 2.375 47739538.2061
1.75 2.375 45898217.9113
2.25 2.375 44752507.5056
2.75 2.375 42398505.8738
3.25 2.375 40624580.3087
3.75 2.375 37423330.6458
4.25 2.375 33143765.307
4.75 2.375 27357446.3674
5.25 2.375 20562613.4363
5.75 2.375 13789443.0969
6.25 2.375 7634860.09831
6.75 2.375 3237353.98242
7.25 2.375 842434.121819
7.75 2.375 57766.9112104
8.25 2.375 0.0
8.75 2.375 0.0
0.25 2.625 43775283.9243
0.75 2.625 42042276.588
1.25 2.625 39409068.2187
1.75 2.625 38297055.1779
2.25 2.625 36823998.942
2.75 2.625 34732355.3653
3.25 2.625 32594979.6505
3.75 2.625 29511670.7646
4.25 2.625 25638880.7589
4.75 2.625 21522988.3351
5.25 2.625 14988106.5045
5.75 2.625 10053849.5052
6.25 2.625 5374729.6972
6.75 2.625 2180700.89819
7.25 2.625 524716.110161
7.75 2.625 19255.6370701
8.25 2.625 0.0
8.75 2.625 0.0
0.25 2.875 36085063.8694
0.75 2.875 35454441.7554
1.25 2.875 32696071.7451
1.75 2.875 31822347.213
2.25 2.875 30609242.0776
2.75 2.875 28755887.0096
3.25 2.875 26435582.7427
3.75 2.875 23807188.2826
4.25 2.875 20427823.9768
4.75 2.875 16141037.774
5.25 2.875 11423406.6919
5.75 2.875 7406199.4081
6.25 2.875 3829464.82232
6.75 2.875 1463428.41733
7.25 2.875 252730.236546
7.75 2.875 7220.8639013
8.25 2.875 0.0
8.75 2.875 0.0
0.25 3.125 30411871.7976
0.75 3.125 29384102.169
1.25 3.125 27720896.5171
1.75 3.125 27258761.2274
2.25 3.125 25718310.2618
2.75 3.125 23913094.2865
3.25 3.125 22062146.1731
3.75 3.125 19058266.7902
4.25 3.125 16210839.4584
4.75 3.125 12523384.9595
5.25 3.125 8898511.28104
5.75 3.125 5439717.47231
6.25 3.125 2628394.46007
6.75 3.125 1044618.31105
7.25 3.125 178114.642899
7.75 3.125 4813.90926753
8.25 3.125 0.0
8.75 3.125 0.0
0.25 3.375 25126199.4219
0.75 3.375 24536495.5366
1.25 3.375 23429296.4051
1.75 3.375 22808302.1096
2.25 3.375 21007900.0435
2.75 3.375 19645563.7208
3.25 3.375 17659826.1479
3.75 3.375 15493566.9776
4.25 3.375 12915718.5648
4.75 3.375 9947943.50136
5.25 3.375 6777984.24869
5.75 3.375 4034055.96619
6.25 3.375 1920749.79775
6.75 3.375 671540.342821
7.25 3.375 98685.1399845
7.75 3.375 4813.90926753
8.25 3.375 0.0
8.75 3.375 0.0
0.25 3.625 21535023.1083
0.75 3.625 20394126.6119
1.25 3.625 19838120.0915
1.75 3.625 19262857.934
2.25 3.625 18052159.7533
2.75 3.625 16242129.8687
3.25 3.625 14735376.2679
3.75 3.625 12740010.8765
4.25 3.625 10270475.4223
4.75 3.625 7940543.3368
5.25 3.625 5186987.23577
5.75 3.625 3083308.88586
6.25 3.625 1381591.95978
6.75 3.625 491018.745288
7.25 3.625 67394.7297455
7.75 3.625 2406.95463377
8.25 3.625 0.0
8.75 3.625 0.0
0.25 3.875 18203797.8952
0.75 3.875 17358956.8187
1.25 3.875 16381733.2374
1.75 3.875 16242129.8687
2.25 3.875 14590958.9899
2.75 3.875 13531898.951
3.25 3.875 12511350.1863
3.75 3.875 10400450.9725
4.25 3.875 8549502.85914
4.75 3.875 6378429.77948
5.25 3.875 4262716.6564
5.75 3.875 2341966.85866
6.25 3.875 1136082.58714
6.75 3.875 291241.510686
7.25 3.875 40918.228774
7.75 3.875 0.0
8.25 3.875 0.0
8.75 3.875 0.0
0.25 4.125 15349149.6995
0.75 4.125 14143265.428
1.25 4.125 13734083.1403
1.75 4.125 13839989.1442
2.25 4.125 12525791.9141
2.75 4.125 11356011.9621
3.25 4.125 10354718.8345
3.75 4.125 8826302.64202
4.25 4.125 6599869.60579
4.75 4.125 5095522.95969
5.25 4.125 3222912.25461
5.75 4.125 1771518.61045
6.25 4.125 772632.437439
6.75 4.125 226253.735574
7.25 4.125 31290.410239
7.75 4.125 0.0
8.25 4.125 0.0
8.75 4.125 0.0
0.25 4.375 13141972.3004
0.75 4.375 12383781.5907
1.25 4.375 11919239.3464
1.75 4.375 11767601.2045
2.25 4.375 10807226.3056
2.75 4.375 9736131.49359
3.25 4.375 8470073.35623
3.75 4.375 7273816.90324
4.25 4.375 5653936.43472
4.75 4.375 4156810.65252
5.25 4.375 2630801.41471
5.75 4.375 1367150.23198
6.25 4.375 551192.611133
6.75 4.375 139603.368758
7.25 4.375 12034.7731688
7.75 4.375 0.0
8.25 4.375 0.0
8.75 4.375 0.0
0.25 4.625 10994968.767
0.75 4.625 11011817.4495
1.25 4.625 10376381.4262
1.75 4.625 9779456.677
2.25 4.625 9168090.20002
2.75 4.625 8072925.84166
3.25 4.625 7018679.71207
3.75 4.625 5995723.99271
4.25 4.625 4493784.30124
4.75 4.625 3326411.30387
5.25 4.625 2197549.58063
5.75 4.625 1116826.95007
6.25 4.625 421217.060909
6.75 4.625 105906.003886
7.25 4.625 7220.8639013
7.75 4.625 0.0
8.25 4.625 0.0
8.75 4.625 0.0
0.25 4.875 9603748.98873
0.75 4.875 9163276.29075
1.25 4.875 8992382.51175
1.75 4.875 8308807.39576
2.25 4.875 7788905.19487
2.75 4.875 7052377.07694
3.25 4.875 5925922.30833
3.75 4.875 5032942.13921
4.25 4.875 3973882.10035
4.75 4.875 2893159.46979
5.25 4.875 1600624.83146
5.75 4.875 970002.717408
6.25 4.875 317718.011657
6.75 4.875 81836.4575481
7.25 4.875 9627.81853507
7.75 4.875 0.0
8.25 4.875 0.0
8.75 4.875 0.0
0.25 5.125 8282330.89479
0.75 5.125 7829823.42364
1.25 5.125 7666150.50855
1.75 5.125 7353246.40616
2.25 5.125 6869448.52477
2.75 5.125 5937957.0815
3.25 5.125 5242347.19234
3.75 5.125 4166438.47105
4.25 5.125 3268644.39266
4.75 5.125 2250502.58257
5.25 5.125 1410475.41539
5.75 5.125 688389.025257
6.25 5.125 293648.46532
6.75 5.125 67394.7297455
7.25 5.125 4813.90926753
7.75 5.125 0.0
8.25 5.125 0.0
8.75 5.125 0.0
0.25 5.375 7353246.40616
0.75 5.375 7001831.02963
1.25 5.375 6768356.43015
1.75 5.375 6481928.82873
2.25 5.375 5860934.53322
2.75 5.375 5114778.59676
3.25 5.375 4510632.98368
3.75 5.375 3485270.30969
4.25 5.375 2859462.10492
4.75 5.375 1932784.57092
5.25 5.375 1145710.40567
5.75 5.375 568041.293569
6.25 5.375 219032.871673
6.75 5.375 24069.5463377
7.25 5.375 0.0
7.75 5.375 0.0
8.25 5.375 0.0
8.75 5.375 0.0
0.25 5.625 6221977.72829
0.75 5.625 5993317.03808
1.25 5.625 5562472.15864
1.75 5.625 5357881.01477
2.25 5.625 4999244.77433
2.75 5.625 4467307.80027
3.25 5.625 3928149.96231
3.75 5.625 2972588.9727
4.25 5.625 2298641.67525
4.75 5.625 1643950.01486
5.25 5.625 960374.898873
5.75 5.625 466949.198951
6.25 5.625 129975.550223
6.75 5.625 14441.7278026
7.25 5.625 0.0
7.75 5.625 0.0
8.25 5.625 0.0
8.75 5.625 0.0
0.25 5.875 5514333.06596
0.75 5.875 5292893.23965
1.25 5.875 5016093.45677
1.75 5.875 4801874.49437
2.25 5.875 4411947.8437
2.75 5.875 3896859.55207
3.25 5.875 3386585.16971
3.75 5.875 2575441.45813
4.25 5.875 2067574.03041
4.75 5.875 1297348.5476
5.25 5.875 775039.392073
5.75 5.875 397147.514572
6.25 5.875 98685.1399845
6.75 5.875 9627.81853507
7.25 5.875 0.0
7.75 5.875 0.0
8.25 5.875 0.0
8.75 5.875 0.0
0.25 6.125 4862048.36021
0.75 6.125 4727258.90072
1.25 6.125 4469714.75491
1.75 6.125 4123113.28764
2.25 6.125 3834278.73159
2.75 6.125 3581548.49505
3.25 6.125 2861869.05955
3.75 6.125 2240874.76404
4.25 6.125 1653577.8334
4.75 6.125 1191442.54371
5.25 6.125 640249.932582
5.75 6.125 286427.601418
6.25 6.125 96278.1853507
6.75 6.125 16848.6824364
7.25 6.125 0.0
7.75 6.125 0.0
8.25 6.125 0.0
8.75 6.125 0.0
0.25 6.375 4387878.29736
0.75 6.375 4115892.42374
1.25 6.375 3944998.64474
1.75 6.375 3805395.27599
2.25 6.375 3379364.30581
2.75 6.375 3102564.52293
3.25 6.375 2652464.00641
3.75 6.375 1875017.6597
4.25 6.375 1316604.18467
4.75 6.375 1001293.12765
5.25 6.375 543971.747231
5.75 6.375 211812.007772
6.25 6.375 89057.3214494
6.75 6.375 4813.90926753
7.25 6.375 0.0
7.75 6.375 0.0
8.25 6.375 0.0
8.75 6.375 0.0
0.25 6.625 3725965.77307
0.75 6.625 3425096.44385
1.25 6.625 3473235.53653
1.75 6.625 3191621.84438
2.25 6.625 2813729.96687
2.75 6.625 2625987.50544
3.25 6.625 2202363.4899
3.75 6.625 1826878.56703
4.25 6.625 1215512.09005
4.75 6.625 909828.851564
5.25 6.625 447693.561881
5.75 6.625 235881.554109
6.25 6.625 52953.0019429
6.75 6.625 7220.8639013
7.25 6.625 0.0
7.75 6.625 0.0
8.25 6.625 0.0
8.75 6.625 0.0
0.25 6.875 3230133.11852
0.75 6.875 3109785.38683
1.25 6.875 3018321.11074
1.75 6.875 2905194.24296
2.25 6.875 2560999.73033
2.75 6.875 2310676.44842
3.25 6.875 2108492.25918
3.75 6.875 1458614.50806
4.25 6.875 1116826.95007
4.75 6.875 690795.979891
5.25 6.875 332159.73946
5.75 6.875 129975.550223
6.25 6.875 36104.3195065
6.75 6.875 4813.90926753
7.25 6.875 0.0
7.75 6.875 0.0
8.25 6.875 0.0
8.75 6.875 0.0
0.25 7.125 2878717.74199
0.75 7.125 2804102.14834
1.25 7.125 2777625.64737
1.75 7.125 2662091.82495
2.25 7.125 2349187.72256
2.75 7.125 2103678.34991
3.25 7.125 1752262.97338
3.75 7.125 1302162.45687
4.25 7.125 909828.851564
4.75 7.125 635436.023315
5.25 7.125 315311.057023
5.75 7.125 154045.096561
6.25 7.125 33697.3648727
6.75 7.125 4813.90926753
7.25 7.125 0.0
7.75 7.125 0.0
8.25 7.125 0.0
8.75 7.125 0.0
0.25 7.375 2601917.9591
0.75 7.375 2601917.9591
1.25 7.375 2313083.40305
1.75 7.375 2228839.99087
2.25 7.375 2127747.89625
2.75 7.375 1848541.15873
3.25 7.375 1412882.37002
3.75 7.375 1179407.77055
4.25 7.375 823178.484748
4.75 7.375 483797.881387
5.25 7.375 267171.964348
5.75 7.375 158859.005829
6.25 7.375 45732.1380416
6.75 7.375 2406.95463377
7.25 7.375 0.0
7.75 7.375 0.0
8.25 7.375 0.0
8.75 7.375 0.0
0.25 7.625 2363629.45036
0.75 7.625 2281792.99281
1.25 7.625 2197549.58063
1.75 7.625 2045911.4387
2.25 7.625 1788367.29289
2.75 7.625 1533230.10171
3.25 7.625 1345487.64028
3.75 7.625 1080722.63056
4.25 7.625 661912.524286
4.75 7.625 462135.289683
5.25 7.625 231067.644842
5.75 7.625 108312.95852
6.25 7.625 24069.5463377
6.75 7.625 0.0
7.25 7.625 0.0
7.75 7.625 0.0
8.25 7.625 0.0
8.75 7.625 0.0
0.25 7.875 2120527.03235
0.75 7.875 1985737.57286
1.25 7.875 1944819.34408
1.75 7.875 1694496.06217
2.25 7.875 1629508.28706
2.75 7.875 1456207.55343
3.25 7.875 1222732.95395
3.75 7.875 943526.216437
4.25 7.875 623401.250146
4.75 7.875 428437.924811
5.25 7.875 192556.370701
5.75 7.875 60173.8658442
6.25 7.875 19255.6370701
6.75 7.875 2406.95463377
7.25 7.875 0.0
7.75 7.875 0.0
8.25 7.875 0.0
8.75 7.875 0.0
0.25 8.125 1988144.52749
0.75 8.125 1848541.15873
1.25 8.125 1797995.11142
1.75 8.125 1598217.87682
2.25 8.125 1499532.73684
2.75 8.125 1287720.72907
3.25 8.125 1025362.67398
3.75 8.125 825585.439382
4.25 8.125 596924.749174
4.75 8.125 322531.920925
5.25 8.125 163672.915096
5.75 8.125 60173.8658442
6.25 8.125 9627.81853507
6.75 8.125 0.0
7.25 8.125 0.0
7.75 8.125 0.0
8.25 8.125 0.0
8.75 8.125 0.0
0.25 8.375 1749856.01875
0.75 8.375 1595810.92219
1.25 8.375 1523602.28317
1.75 8.375 1432138.00709
2.25 8.375 1323825.04857
2.75 8.375 1049432.22032
3.25 8.375 912235.806198
3.75 8.375 661912.524286
4.25 8.375 476577.017486
4.75 8.375 298462.374587
5.25 8.375 134789.459491
5.75 8.375 52953.0019429
6.25 8.375 16848.6824364
6.75 8.375 0.0
7.25 8.375 0.0
7.75 8.375 0.0
8.25 8.375 0.0
8.75 8.375 0.0
0.25 8.625 1610252.64999
0.75 8.625 1434544.96173
1.25 8.625 1516381.41927
1.75 8.625 1309383.32077
2.25 8.625 1172186.90664
2.75 8.625 1061466.99349
3.25 8.625 866503.668156
3.75 8.625 613773.431611
4.25 8.625 440472.697979
4.75 8.625 281613.692151
5.25 8.625 142010.323392
5.75 8.625 69801.6843792
6.25 8.625 4813.90926753
6.75 8.625 2406.95463377
7.25 8.625 0.0
7.75 8.625 0.0
8.25 8.625 0.0
8.75 8.625 0.0
0.25 8.875 1367150.23198
0.75 8.875 1280499.86516
1.25 8.875 1196256.45298
1.75 8.875 1254023.36419
2.25 8.875 972409.672042
2.75 8.875 888166.25986
3.25 8.875 808736.756946
3.75 8.875 599331.703808
4.25 8.875 373077.968234
4.75 8.875 206998.098504
5.25 8.875 98685.1399845
5.75 8.875 28883.4556052
6.25 8.875 7220.8639013
6.75 8.875 0.0
7.25 8.875 0.0
7.75 8.875 0.0
8.25 8.875 0.0
8.75 8.875 0.0
0.25 9.125 1319011.1393
0.75 9.125 1292534.63833
1.25 9.125 1167372.99738
1.75 9.125 1131268.67787
2.25 9.125 844841.076452
2.75 9.125 818364.575481
3.25 9.125 698016.843792
3.75 9.125 495832.654556
4.25 9.125 351415.37653
4.75 9.125 209405.053138
5.25 9.125 110719.913153
5.75 9.125 40918.228774
6.25 9.125 2406.95463377
6.75 9.125 0.0
7.25 9.125 0.0
7.75 9.125 0.0
8.25 9.125 0.0
8.75 9.125 0.0
0.25 9.375 1133675.6325
0.75 9.375 1095164.35836
1.25 9.375 1075908.72129
1.75 9.375 917049.715465
2.25 9.375 892980.169128
2.75 9.375 782260.255974
3.25 9.375 608959.522343
3.75 9.375 476577.017486
4.25 9.375 281613.692151
4.75 9.375 161265.960462
5.25 9.375 81836.4575481
5.75 9.375 16848.6824364
6.25 9.375 7220.8639013
6.75 9.375 0.0
7.25 9.375 0.0
7.75 9.375 0.0
8.25 9.375 0.0
8.75 9.375 0.0
0.25 9.625 1184221.67981
0.75 9.625 960374.898873
1.25 9.625 929084.488634
1.75 9.625 967595.762774
2.25 9.625 702830.75306
2.75 9.625 671540.342821
3.25 9.625 633029.068681
3.75 9.625 416403.151642
4.25 9.625 269578.918982
4.75 9.625 144417.278026
5.25 9.625 43325.1834078
5.75 9.625 14441.7278026
6.25 9.625 4813.90926753
6.75 9.625 0.0
7.25 9.625 0.0
7.75 9.625 0.0
8.25 9.625 0.0
8.75 9.625 0.0
0.25 9.875 866503.668156
0.75 9.875 917049.715465
1.25 9.875 957967.944239
1.75 9.875 763004.618904
2.25 9.875 770225.482805
2.75 9.875 623401.250146
3.25 9.875 488611.790655
3.75 9.875 356229.285798
4.25 9.875 279206.737517
4.75 9.875 122754.686322
5.25 9.875 52953.0019429
5.75 9.875 16848.6824364
6.25 9.875 2406.95463377
6.75 9.875 0.0
7.25 9.875 0.0
7.75 9.875 0.0
8.25 9.875 0.0
8.75 9.875 0.0
0.25 10.125 900201.033029
0.75 10.125 914642.760832
1.25 10.125 799108.938411
1.75 10.125 700423.798426
2.25 10.125 620994.295512
2.75 10.125 519902.200894
3.25 10.125 483797.881387
3.75 10.125 365857.104333
4.25 10.125 216625.917039
4.75 10.125 144417.278026
5.25 10.125 69801.6843792
5.75 10.125 9627.81853507
6.25 10.125 2406.95463377
6.75 10.125 0.0
7.25 10.125 0.0
7.75 10.125 0.0
8.25 10.125 0.0
8.75 10.125 0.0
0.25 10.375 811143.71158
0.75 10.375 770225.482805
1.25 10.375 729307.254031
1.75 10.375 618587.340878
2.25 10.375 630622.114047
2.75 10.375 527123.064795
3.25 10.375 454914.425782
3.75 10.375 358636.240431
4.25 10.375 163672.915096
4.75 10.375 105906.003886
5.25 10.375 50546.0473091
5.75 10.375 19255.6370701
6.25 10.375 2406.95463377
6.75 10.375 0.0
7.25 10.375 0.0
7.75 10.375 0.0
8.25 10.375 0.0
8.75 10.375 0.0
0.25 10.625 763004.618904
0.75 10.625 710051.616961
1.25 10.625 669133.388187
1.75 10.625 594517.79454
2.25 10.625 553599.565766
2.75 10.625 495832.654556
3.25 10.625 358636.240431
3.75 10.625 247916.327278
4.25 10.625 122754.686322
4.75 10.625 89057.3214494
5.25 10.625 38511.2741403
5.75 10.625 9627.81853507
6.25 10.625 2406.95463377
6.75 10.625 0.0
7.25 10.625 0.0
7.75 10.625 0.0
8.25 10.625 0.0
8.75 10.625 0.0
0.25 10.875 707644.662328
0.75 10.875 717272.480863
1.25 10.875 577669.112104
1.75 10.875 536750.88333
2.25 10.875 503053.518457
2.75 10.875 440472.697979
3.25 10.875 373077.968234
3.75 10.875 267171.964348
4.25 10.875 192556.370701
4.75 10.875 79429.5029143
5.25 10.875 52953.0019429
5.75 10.875 7220.8639013
6.25 10.875 7220.8639013
6.75 10.875 0.0
7.25 10.875 0.0
7.75 10.875 0.0
8.25 10.875 0.0
8.75 10.875 0.0
0.25 11.125 669133.388187
0.75 11.125 560820.429668
1.25 11.125 469356.153585
1.75 11.125 512681.336992
2.25 11.125 447693.561881
2.75 11.125 365857.104333
3.25 11.125 300869.329221
3.75 11.125 223846.78094
4.25 11.125 151638.141927
4.75 11.125 43325.1834078
5.25 11.125 31290.410239
5.75 11.125 12034.7731688
6.25 11.125 2406.95463377
6.75 11.125 0.0
7.25 11.125 0.0
7.75 11.125 0.0
8.25 11.125 0.0
8.75 11.125 0.0
0.25 11.375 541564.792598
0.75 11.375 592110.839907
1.25 11.375 512681.336992
1.75 11.375 452507.471148
2.25 11.375 411589.242374
2.75 11.375 312904.10239
3.25 11.375 247916.327278
3.75 11.375 182928.552166
4.25 11.375 137196.414125
4.75 11.375 69801.6843792
5.25 11.375 16848.6824364
5.75 11.375 7220.8639013
6.25 11.375 2406.95463377
6.75 11.375 0.0
7.25 11.375 0.0
7.75 11.375 0.0
8.25 11.375 0.0
8.75 11.375 0.0
0.25 11.625 515088.291626
0.75 11.625 531936.974063
1.25 11.625 464542.244317
1.75 11.625 457321.380416
2.25 11.625 356229.285798
2.75 11.625 336973.648727
3.25 11.625 274392.828249
3.75 11.625 168486.824364
4.25 11.625 175707.688265
4.75 11.625 72208.639013
5.25 11.625 31290.410239
5.75 11.625 7220.8639013
6.25 11.625 2406.95463377
6.75 11.625 0.0
7.25 11.625 0.0
7.75 11.625 0.0
8.25 11.625 0.0
8.75 11.625 0.0
0.25 11.875 478983.97212
0.75 11.875 426030.970177
1.25 11.875 491018.745288
1.75 11.875 365857.104333
2.25 11.875 361043.195065
2.75 11.875 288834.556052
3.25 11.875 233474.599475
3.75 11.875 142010.323392
4.25 11.875 101092.094618
4.75 11.875 45732.1380416
5.25 11.875 21662.5917039
5.75 11.875 4813.90926753
6.25 11.875 0.0
6.75 11.875 0.0
7.25 11.875 0.0
7.75 11.875 0.0
8.25 11.875 0.0
8.75 11.875 0.0
0.25 12.125 428437.924811
0.75 12.125 491018.745288
1.25 12.125 389926.65067
1.75 12.125 387519.696037
2.25 12.125 334566.694094
2.75 12.125 296055.419953
3.25 12.125 197370.279969
3.75 12.125 142010.323392
4.25 12.125 105906.003886
4.75 12.125 50546.0473091
5.25 12.125 21662.5917039
5.75 12.125 9627.81853507
6.25 12.125 0.0
6.75 12.125 0.0
7.25 12.125 0.0
7.75 12.125 0.0
8.25 12.125 0.0
8.75 12.125 0.0
0.25 12.375 416403.151642
0.75 12.375 365857.104333
1.25 12.375 389926.65067
1.75 12.375 329752.784826
2.25 12.375 300869.329221
2.75 12.375 231067.644842
3.25 12.375 158859.005829
3.75 12.375 125161.640956
4.25 12.375 69801.6843792
4.75 12.375 36104.3195065
5.25 12.375 9627.81853507
5.75 12.375 9627.81853507
6.25 12.375 0.0
6.75 12.375 0.0
7.25 12.375 0.0
7.75 12.375 0.0
8.25 12.375 0.0
8.75 12.375 0.0
0.25 12.625 389926.65067
0.75 12.625 385112.741403
1.25 12.625 353822.331164
1.75 12.625 279206.737517
2.25 12.625 247916.327278
2.75 12.625 197370.279969
3.25 12.625 206998.098504
3.75 12.625 122754.686322
4.25 12.625 64987.7751117
4.75 12.625 36104.3195065
5.25 12.625 9627.81853507
5.75 12.625 2406.95463377
6.25 12.625 0.0
6.75 12.625 0.0
7.25 12.625 0.0
7.75 12.625 0.0
8.25 12.625 0.0
8.75 12.625 0.0
0.25 12.875 322531.920925
0.75 12.875 346601.467262
1.25 12.875 353822.331164
1.75 12.875 298462.374587
2.25 12.875 267171.964348
2.75 12.875 206998.098504
3.25 12.875 158859.005829
3.75 12.875 132382.504857
4.25 12.875 62580.8204779
4.75 12.875 24069.5463377
5.25 12.875 19255.6370701
5.75 12.875 2406.95463377
6.25 12.875 0.0
6.75 12.875 0.0
7.25 12.875 0.0
7.75 12.875 0.0
8.25 12.875 0.0
8.75 12.875 0.0
0.25 13.125 353822.331164
0.75 13.125 310497.147756
1.25 13.125 339380.603361
1.75 13.125 271985.873616
2.25 13.125 247916.327278
2.75 13.125 216625.917039
3.25 13.125 166079.86973
3.75 13.125 108312.95852
4.25 13.125 74615.5936468
4.75 13.125 40918.228774
5.25 13.125 2406.95463377
5.75 13.125 7220.8639013
6.25 13.125 0.0
6.75 13.125 0.0
7.25 13.125 0.0
7.75 13.125 0.0
8.25 13.125 0.0
8.75 13.125 0.0
0.25 13.375 308090.193122
0.75 13.375 349008.421896
1.25 13.375 305683.238488
1.75 13.375 233474.599475
2.25 13.375 223846.78094
2.75 13.375 194963.325335
3.25 13.375 137196.414125
3.75 13.375 101092.094618
4.25 13.375 55359.9565766
4.75 13.375 36104.3195065
5.25 13.375 9627.81853507
5.75 13.375 4813.90926753
6.25 13.375 0.0
6.75 13.375 0.0
7.25 13.375 0.0
7.75 13.375 0.0
8.25 13.375 0.0
8.75 13.375 0.0
0.25 13.625 300869.329221
0.75 13.625 214218.962405
1.25 13.625 269578.918982
1.75 13.625 243102.41801
2.25 13.625 206998.098504
2.75 13.625 149231.187294
3.25 13.625 146824.23266
3.75 13.625 113126.867787
4.25 13.625 69801.6843792
4.75 13.625 24069.5463377
5.25 13.625 14441.7278026
5.75 13.625 2406.95463377
6.25 13.625 0.0
6.75 13.625 0.0
7.25 13.625 0.0
7.75 13.625 0.0
8.25 13.625 0.0
8.75 13.625 0.0
0.25 13.875 274392.828249
0.75 13.875 269578.918982
1.25 13.875 243102.41801
1.75 13.875 206998.098504
2.25 13.875 185335.5068
2.75 13.875 151638.141927
3.25 13.875 139603.368758
3.75 13.875 48139.0926753
4.25 13.875 50546.0473091
4.75 13.875 28883.4556052
5.25 13.875 7220.8639013
5.75 13.875 2406.95463377
6.25 13.875 0.0
6.75 13.875 0.0
7.25 13.875 0.0
7.75 13.875 0.0
8.25 13.875 0.0
8.75 13.875 0.0
0.25 14.125 204591.14387
0.75 14.125 228660.690208
1.25 14.125 197370.279969
1.75 14.125 245509.372644
2.25 14.125 149231.187294
2.75 14.125 122754.686322
3.25 14.125 105906.003886
3.75 14.125 69801.6843792
4.25 14.125 26476.5009714
4.75 14.125 26476.5009714
5.25 14.125 9627.81853507
5.75 14.125 0.0
6.25 14.125 0.0
6.75 14.125 0.0
7.25 14.125 0.0
7.75 14.125 0.0
8.25 14.125 0.0
8.75 14.125 0.0
0.25 14.375 231067.644842
0.75 14.375 194963.325335
1.25 14.375 216625.917039
1.75 14.375 170893.778997
2.25 14.375 173300.733631
2.75 14.375 113126.867787
3.25 14.375 108312.95852
3.75 14.375 38511.2741403
4.25 14.375 45732.1380416
4.75 14.375 31290.410239
5.25 14.375 9627.81853507
5.75 14.375 0.0
6.25 14.375 0.0
6.75 14.375 0.0
7.25 14.375 0.0
7.75 14.375 0.0
8.25 14.375 0.0
8.75 14.375 0.0
0.25 14.625 194963.325335
0.75 14.625 204591.14387
1.25 14.625 243102.41801
1.75 14.625 163672.915096
2.25 14.625 132382.504857
2.75 14.625 146824.23266
3.25 14.625 117940.777055
3.75 14.625 45732.1380416
4.25 14.625 31290.410239
4.75 14.625 14441.7278026
5.25 14.625 4813.90926753
5.75 14.625 14441.7278026
6.25 14.625 0.0
6.75 14.625 0.0
7.25 14.625 0.0
7.75 14.625 0.0
8.25 14.625 0.0
8.75 14.625 0.0
0.25 14.875 209405.053138
0.75 14.875 170893.778997
1.25 14.875 166079.86973
1.75 14.875 117940.777055
2.25 14.875 110719.913153
2.75 14.875 98685.1399845
3.25 14.875 86650.3668156
3.75 14.875 64987.7751117
4.25 14.875 40918.228774
4.75 14.875 31290.410239
5.25 14.875 2406.95463377
5.75 14.875 2406.95463377
6.25 14.875 0.0
6.75 14.875 0.0
7.25 14.875 0.0
7.75 14.875 0.0
8.25 14.875 0.0
8.75 14.875 0.0
0.25 15.125 161265.960462
0.75 15.125 139603.368758
1.25 15.125 158859.005829
1.75 15.125 163672.915096
2.25 15.125 129975.550223
2.75 15.125 134789.459491
3.25 15.125 64987.7751117
3.75 15.125 45732.1380416
4.25 15.125 43325.1834078
4.75 15.125 12034.7731688
5.25 15.125 4813.90926753
5.75 15.125 2406.95463377
6.25 15.125 0.0
6.75 15.125 0.0
7.25 15.125 0.0
7.75 15.125 0.0
8.25 15.125 0.0
8.75 15.125 0.0
0.25 15.375 182928.552166
0.75 15.375 158859.005829
1.25 15.375 163672.915096
1.75 15.375 139603.368758
2.25 15.375 132382.504857
2.75 15.375 91464.2760832
3.25 15.375 64987.7751117
3.75 15.375 55359.9565766
4.25 15.375 31290.410239
4.75 15.375 26476.5009714
5.25 15.375 9627.81853507
5.75 15.375 2406.95463377
6.25 15.375 0.0
6.75 15.375 0.0
7.25 15.375 0.0
7.75 15.375 0.0
8.25 15.375 0.0
8.75 15.375 0.0
0.25 15.625 166079.86973
0.75 15.625 182928.552166
1.25 15.625 163672.915096
1.75 15.625 129975.550223
2.25 15.625 86650.3668156
2.75 15.625 132382.504857
3.25 15.625 64987.7751117
3.75 15.625 38511.2741403
4.25 15.625 14441.7278026
4.75 15.625 12034.7731688
5.25 15.625 7220.8639013
5.75 15.625 0.0
6.25 15.625 0.0
6.75 15.625 0.0
7.25 15.625 0.0
7.75 15.625 0.0
8.25 15.625 0.0
8.75 15.625 0.0
0.25 15.875 158859.005829
0.75 15.875 117940.777055
1.25 15.875 154045.096561
1.75 15.875 120347.731688
2.25 15.875 96278.1853507
2.75 15.875 84243.4121819
3.25 15.875 60173.8658442
3.75 15.875 45732.1380416
4.25 15.875 33697.3648727
4.75 15.875 19255.6370701
5.25 15.875 2406.95463377
5.75 15.875 2406.95463377
6.25 15.875 0.0
6.75 15.875 0.0
7.25 15.875 0.0
7.75 15.875 0.0
8.25 15.875 0.0
8.75 15.875 0.0
0.25 16.125 168486.824364
0.75 16.125 137196.414125
1.25 16.125 137196.414125
1.75 16.125 96278.1853507
2.25 16.125 91464.2760832
2.75 16.125 64987.7751117
3.25 16.125 67394.7297455
3.75 16.125 43325.1834078
4.25 16.125 14441.7278026
4.75 16.125 12034.7731688
5.25 16.125 2406.95463377
5.75 16.125 0.0
6.25 16.125 0.0
6.75 16.125 0.0
7.25 16.125 0.0
7.75 16.125 0.0
8.25 16.125 0.0
8.75 16.125 0.0
0.25 16.375 132382.504857
0.75 16.375 161265.960462
1.25 16.375 134789.459491
1.75 16.375 115533.822421
2.25 16.375 98685.1399845
2.75 16.375 62580.8204779
3.25 16.375 55359.9565766
3.75 16.375 55359.9565766
4.25 16.375 16848.6824364
4.75 16.375 14441.7278026
5.25 16.375 2406.95463377
5.75 16.375 2406.95463377
6.25 16.375 0.0
6.75 16.375 0.0
7.25 16.375 0.0
7.75 16.375 0.0
8.25 16.375 0.0
8.75 16.375 0.0
0.25 16.625 105906.003886
0.75 16.625 115533.822421
1.25 16.625 105906.003886
1.75 16.625 86650.3668156
2.25 16.625 96278.1853507
2.75 16.625 72208.639013
3.25 16.625 64987.7751117
3.75 16.625 31290.410239
4.25 16.625 9627.81853507
4.75 16.625 7220.8639013
5.25 16.625 4813.90926753
5.75 16.625 0.0
6.25 16.625 0.0
6.75 16.625 0.0
7.25 16.625 0.0
7.75 16.625 0.0
8.25 16.625 0.0
8.75 16.625 0.0
0.25 16.875 142010.323392
0.75 16.875 105906.003886
1.25 16.875 110719.913153
1.75 16.875 77022.5482805
2.25 16.875 105906.003886
2.75 16.875 77022.5482805
3.25 16.875 33697.3648727
3.75 16.875 26476.5009714
4.25 16.875 24069.5463377
4.75 16.875 2406.95463377
5.25 16.875 2406.95463377
5.75 16.875 0.0
6.25 16.875 0.0
6.75 16.875 0.0
7.25 16.875 0.0
7.75 16.875 0.0
8.25 16.875 0.0
8.75 16.875 0.0
0.25 17.125 93871.2307169
0.75 17.125 84243.4121819
1.25 17.125 113126.867787
1.75 17.125 103499.049252
2.25 17.125 91464.2760832
2.75 17.125 43325.1834078
3.25 17.125 48139.0926753
3.75 17.125 38511.2741403
4.25 17.125 7220.8639013
4.75 17.125 9627.81853507
5.25 17.125 4813.90926753
5.75 17.125 0.0
6.25 17.125 0.0
6.75 17.125 0.0
7.25 17.125 0.0
7.75 17.125 0.0
8.25 17.125 0.0
8.75 17.125 0.0
0.25 17.375 120347.731688
0.75 17.375 105906.003886
1.25 17.375 96278.1853507
1.75 17.375 52953.0019429
2.25 17.375 64987.7751117
2.75 17.375 74615.5936468
3.25 17.375 50546.0473091
3.75 17.375 24069.5463377
4.25 17.375 12034.7731688
4.75 17.375 2406.95463377
5.25 17.375 0.0
5.75 17.375 2406.95463377
6.25 17.375 0.0
6.75 17.375 0.0
7.25 17.375 0.0
7.75 17.375 0.0
8.25 17.375 0.0
8.75 17.375 0.0
0.25 17.625 103499.049252
0.75 17.625 96278.1853507
1.25 17.625 86650.3668156
1.75 17.625 96278.1853507
2.25 17.625 67394.7297455
2.75 17.625 50546.0473091
3.25 17.625 43325.1834078
3.75 17.625 26476.5009714
4.25 17.625 28883.4556052
4.75 17.625 7220.8639013
5.25 17.625 0.0
5.75 17.625 0.0
6.25 17.625 0.0
6.75 17.625 0.0
7.25 17.625 0.0
7.75 17.625 0.0
8.25 17.625 0.0
8.75 17.625 0.0
0.25 17.875 81836.4575481
0.75 17.875 91464.2760832
1.25 17.875 74615.5936468
1.75 17.875 50546.0473091
2.25 17.875 52953.0019429
2.75 17.875 60173.8658442
3.25 17.875 40918.228774
3.75 17.875 7220.8639013
4.25 17.875 16848.6824364
4.75 17.875 4813.90926753
5.25 17.875 2406.95463377
5.75 17.875 4813.90926753
6.25 17.875 0.0
6.75 17.875 0.0
7.25 17.875 0.0
7.75 17.875 0.0
8.25 17.875 0.0
8.75 17.875 0.0
0.25 18.125 91464.2760832
0.75 18.125 72208.639013
1.25 18.125 108312.95852
1.75 18.125 57766.9112104
2.25 18.125 52953.0019429
2.75 18.125 60173.8658442
3.25 18.125 31290.410239
3.75 18.125 12034.7731688
4.25 18.125 19255.6370701
4.75 18.125 7220.8639013
5.25 18.125 0.0
5.75 18.125 4813.90926753
6.25 18.125 0.0
6.75 18.125 0.0
7.25 18.125 0.0
7.75 18.125 0.0
8.25 18.125 0.0
8.75 18.125 0.0
0.25 18.375 93871.2307169
0.75 18.375 93871.2307169
1.25 18.375 67394.7297455
1.75 18.375 67394.7297455
2.25 18.375 62580.8204779
2.75 18.375 40918.228774
3.25 18.375 26476.5009714
3.75 18.375 21662.5917039
4.25 18.375 9627.81853507
4.75 18.375 4813.90926753
5.25 18.375 2406.95463377
5.75 18.375 0.0
6.25 18.375 0.0
6.75 18.375 0.0
7.25 18.375 0.0
7.75 18.375 0.0
8.25 18.375 0.0
8.75 18.375 0.0
0.25 18.625 52953.0019429
0.75 18.625 98685.1399845
1.25 18.625 91464.2760832
1.75 18.625 45732.1380416
2.25 18.625 50546.0473091
2.75 18.625 67394.7297455
3.25 18.625 28883.4556052
3.75 18.625 21662.5917039
4.25 18.625 9627.81853507
4.75 18.625 2406.95463377
5.25 18.625 2406.95463377
5.75 18.625 0.0
6.25 18.625 0.0
6.75 18.625 0.0
7.25 18.625 0.0
7.75 18.625 0.0
8.25 18.625 0.0
8.75 18.625 0.0
0.25 18.875 74615.5936468
0.75 18.875 72208.639013
1.25 18.875 96278.1853507
1.75 18.875 52953.0019429
2.25 18.875 77022.5482805
2.75 18.875 50546.0473091
3.25 18.875 33697.3648727
3.75 18.875 26476.5009714
4.25 18.875 4813.90926753
4.75 18.875 4813.90926753
5.25 18.875 0.0
5.75 18.875 0.0
6.25 18.875 0.0
6.75 18.875 0.0
7.25 18.875 0.0
7.75 18.875 0.0
8.25 18.875 0.0
8.75 18.875 0.0
0.25 19.125 69801.6843792
0.75 19.125 43325.1834078
1.25 19.125 77022.5482805
1.75 19.125 57766.9112104
2.25 19.125 62580.8204779
2.75 19.125 45732.1380416
3.25 19.125 21662.5917039
3.75 19.125 16848.6824364
4.25 19.125 16848.6824364
4.75 19.125 7220.8639013
5.25 19.125 0.0
5.75 19.125 0.0
6.25 19.125 0.0
6.75 19.125 0.0
7.25 19.125 0.0
7.75 19.125 0.0
8.25 19.125 0.0
8.75 19.125 0.0
0.25 19.375 72208.639013
0.75 19.375 69801.6843792
1.25 19.375 77022.5482805
1.75 19.375 52953.0019429
2.25 19.375 48139.0926753
2.75 19.375 19255.6370701
3.25 19.375 31290.410239
3.75 19.375 19255.6370701
4.25 19.375 12034.7731688
4.75 19.375 0.0
5.25 19.375 0.0
5.75 19.375 2406.95463377
6.25 19.375 0.0
6.75 19.375 0.0
7.25 19.375 0.0
7.75 19.375 0.0
8.25 19.375 0.0
8.75 19.375 0.0
0.25 19.625 60173.8658442
0.75 19.625 50546.0473091
1.25 19.625 38511.2741403
1.75 19.625 43325.1834078
2.25 19.625 52953.0019429
2.75 19.625 38511.2741403
3.25 19.625 16848.6824364
3.75 19.625 14441.7278026
4.25 19.625 12034.7731688
4.75 19.625 0.0
5.25 19.625 2406.95463377
5.75 19.625 2406.95463377
6.25 19.625 0.0
6.75 19.625 0.0
7.25 19.625 0.0
7.75 19.625 0.0
8.25 19.625 0.0
8.75 19.625 0.0
0.25 19.875 43325.1834078
0.75 19.875 48139.0926753
1.25 19.875 55359.9565766
1.75 19.875 36104.3195065
2.25 19.875 40918.228774
2.75 19.875 31290.410239
3.25 19.875 28883.4556052
3.75 19.875 21662.5917039
4.25 19.875 7220.8639013
4.75 19.875 7220.8639013
5.25 19.875 0.0
5.75 19.875 0.0
6.25 19.875 0.0
6.75 19.875 0.0
7.25 19.875 0.0
7.75 19.875 0.0
8.25 19.875 0.0
8.75 19.875 0.0
0.25 20.125 52953.0019429
0.75 20.125 52953.0019429
1.25 20.125 45732.1380416
1.75 20.125 48139.0926753
2.25 20.125 45732.1380416
2.75 20.125 28883.4556052
3.25 20.125 19255.6370701
3.75 20.125 12034.7731688
4.25 20.125 12034.7731688
4.75 20.125 4813.90926753
5.25 20.125 0.0
5.75 20.125 0.0
6.25 20.125 0.0
6.75 20.125 0.0
7.25 20.125 0.0
7.75 20.125 0.0
8.25 20.125 0.0
8.75 20.125 0.0
0.25 20.375 62580.8204779
0.75 20.375 28883.4556052
1.25 20.375 69801.6843792
1.75 20.375 36104.3195065
2.25 20.375 40918.228774
2.75 20.375 28883.4556052
3.25 20.375 26476.5009714
3.75 20.375 19255.6370701
4.25 20.375 2406.95463377
4.75 20.375 2406.95463377
5.25 20.375 0.0
5.75 20.375 0.0
6.25 20.375 0.0
6.75 20.375 0.0
7.25 20.375 0.0
7.75 20.375 0.0
8.25 20.375 0.0
8.75 20.375 0.0
0.25 20.625 38511.2741403
0.75 20.625 55359.9565766
1.25 20.625 72208.639013
1.75 20.625 36104.3195065
2.25 20.625 38511.2741403
2.75 20.625 26476.5009714
3.25 20.625 14441.7278026
3.75 20.625 16848.6824364
4.25 20.625 4813.90926753
4.75 20.625 2406.95463377
5.25 20.625 0.0
5.75 20.625 0.0
6.25 20.625 0.0
6.75 20.625 0.0
7.25 20.625 0.0
7.75 20.625 0.0
8.25 20.625 0.0
8.75 20.625 0.0
0.25 20.875 36104.3195065
0.75 20.875 57766.9112104
1.25 20.875 33697.3648727
1.75 20.875 36104.3195065
2.25 20.875 64987.7751117
2.75 20.875 26476.5009714
3.25 20.875 12034.7731688
3.75 20.875 14441.7278026
4.25 20.875 9627.81853507
4.75 20.875 2406.95463377
5.25 20.875 0.0
5.75 20.875 0.0
6.25 20.875 0.0
6.75 20.875 0.0
7.25 20.875 0.0
7.75 20.875 0.0
8.25 20.875 0.0
8.75 20.875 0.0
0.25 21.125 43325.1834078
0.75 21.125 36104.3195065
1.25 21.125 60173.8658442
1.75 21.125 36104.3195065
2.25 21.125 40918.228774
2.75 21.125 12034.7731688
3.25 21.125 21662.5917039
3.75 21.125 19255.6370701
4.25 21.125 4813.90926753
4.75 21.125 4813.90926753
5.25 21.125 0.0
5.75 21.125 0.0
6.25 21.125 0.0
6.75 21.125 0.0
7.25 21.125 0.0
7.75 21.125 0.0
8.25 21.125 0.0
8.75 21.125 0.0
0.25 21.375 33697.3648727
0.75 21.375 28883.4556052
1.25 21.375 45732.1380416
1.75 21.375 24069.5463377
2.25 21.375 33697.3648727
2.75 21.375 7220.8639013
3.25 21.375 12034.7731688
3.75 21.375 7220.8639013
4.25 21.375 2406.95463377
4.75 21.375 7220.8639013
5.25 21.375 0.0
5.75 21.375 0.0
6.25 21.375 0.0
6.75 21.375 0.0
7.25 21.375 0.0
7.75 21.375 0.0
8.25 21.375 0.0
8.75 21.375 0.0
0.25 21.625 45732.1380416
0.75 21.625 21662.5917039
1.25 21.625 45732.1380416
1.75 21.625 31290.410239
2.25 21.625 21662.5917039
2.75 21.625 24069.5463377
3.25 21.625 16848.6824364
3.75 21.625 7220.8639013
4.25 21.625 7220.8639013
4.75 21.625 0.0
5.25 21.625 0.0
5.75 21.625 0.0
6.25 21.625 0.0
6.75 21.625 0.0
7.25 21.625 0.0
7.75 21.625 0.0
8.25 21.625 0.0
8.75 21.625 0.0
0.25 21.875 43325.1834078
0.75 21.875 36104.3195065
1.25 21.875 45732.1380416
1.75 21.875 24069.5463377
2.25 21.875 36104.3195065
2.75 21.875 19255.6370701
3.25 21.875 12034.7731688
3.75 21.875 7220.8639013
4.25 21.875 2406.95463377
4.75 21.875 0.0
5.25 21.875 0.0
5.75 21.875 0.0
6.25 21.875 0.0
6.75 21.875 0.0
7.25 21.875 0.0
7.75 21.875 0.0
8.25 21.875 0.0
8.75 21.875 0.0
0.25 22.125 26476.5009714
0.75 22.125 48139.0926753
1.25 22.125 52953.0019429
1.75 22.125 21662.5917039
2.25 22.125 21662.5917039
2.75 22.125 16848.6824364
3.25 22.125 12034.7731688
3.75 22.125 14441.7278026
4.25 22.125 9627.81853507
4.75 22.125 7220.8639013
5.25 22.125 0.0
5.75 22.125 0.0
6.25 22.125 0.0
6.75 22.125 0.0
7.25 22.125 0.0
7.75 22.125 0.0
8.25 22.125 0.0
8.75 22.125 0.0
0.25 22.375 24069.5463377
0.75 22.375 31290.410239
1.25 22.375 26476.5009714
1.75 22.375 33697.3648727
2.25 22.375 21662.5917039
2.75 22.375 7220.8639013
3.25 22.375 7220.8639013
3.75 22.375 12034.7731688
4.25 22.375 9627.81853507
4.75 22.375 2406.95463377
5.25 22.375 0.0
5.75 22.375 0.0
6.25 22.375 0.0
6.75 22.375 0.0
7.25 22.375 0.0
7.75 22.375 0.0
8.25 22.375 0.0
8.75 22.375 0.0
0.25 22.625 33697.3648727
0.75 22.625 40918.228774
1.25 22.625 26476.5009714
1.75 22.625 12034.7731688
2.25 22.625 14441.7278026
2.75 22.625 21662.5917039
3.25 22.625 12034.7731688
3.75 22.625 14441.7278026
4.25 22.625 7220.8639013
4.75 22.625 4813.90926753
5.25 22.625 0.0
5.75 22.625 0.0
6.25 22.625 0.0
6.75 22.625 0.0
7.25 22.625 0.0
7.75 22.625 0.0
8.25 22.625 0.0
8.75 22.625 0.0
0.25 22.875 24069.5463377
0.75 22.875 36104.3195065
1.25 22.875 50546.0473091
1.75 22.875 24069.5463377
2.25 22.875 12034.7731688
2.75 22.875 16848.6824364
3.25 22.875 4813.90926753
3.75 22.875 14441.7278026
4.25 22.875 9627.81853507
4.75 22.875 0.0
5.25 22.875 0.0
5.75 22.875 0.0
6.25 22.875 0.0
6.75 22.875 0.0
7.25 22.875 0.0
7.75 22.875 0.0
8.25 22.875 0.0
8.75 22.875 0.0
0.25 23.125 36104.3195065
0.75 23.125 28883.4556052
1.25 23.125 19255.6370701
1.75 23.125 14441.7278026
2.25 23.125 19255.6370701
2.75 23.125 4813.90926753
3.25 23.125 4813.90926753
3.75 23.125 4813.90926753
4.25 23.125 2406.95463377
4.75 23.125 4813.90926753
5.25 23.125 0.0
5.75 23.125 0.0
6.25 23.125 0.0
6.75 23.125 0.0
7.25 23.125 0.0
7.75 23.125 0.0
8.25 23.125 0.0
8.75 23.125 0.0
0.25 23.375 21662.5917039
0.75 23.375 28883.4556052
1.25 23.375 28883.4556052
1.75 23.375 21662.5917039
2.25 23.375 16848.6824364
2.75 23.375 7220.8639013
3.25 23.375 4813.90926753
3.75 23.375 16848.6824364
4.25 23.375 2406.95463377
4.75 23.375 0.0
5.25 23.375 0.0
5.75 23.375 0.0
6.25 23.375 0.0
6.75 23.375 0.0
7.25 23.375 0.0
7.75 23.375 0.0
8.25 23.375 0.0
8.75 23.375 0.0
0.25 23.625 24069.5463377
0.75 23.625 21662.5917039
1.25 23.625 26476.5009714
1.75 23.625 14441.7278026
2.25 23.625 28883.4556052
2.75 23.625 14441.7278026
3.25 23.625 16848.6824364
3.75 23.625 7220.8639013
4.25 23.625 0.0
4.75 23.625 0.0
5.25 23.625 0.0
5.75 23.625 0.0
6.25 23.625 0.0
6.75 23.625 0.0
7.25 23.625 0.0
7.75 23.625 0.0
8.25 23.625 0.0
8.75 23.625 0.0
0.25 23.875 26476.5009714
0.75 23.875 26476.5009714
1.25 23.875 33697.3648727
1.75 23.875 19255.6370701
2.25 23.875 21662.5917039
2.75 23.875 16848.6824364
3.25 23.875 9627.81853507
3.75 23.875 7220.8639013
4.25 23.875 2406.95463377
4.75 23.875 0.0
5.25 23.875 0.0
5.75 23.875 0.0
6.25 23.875 0.0
6.75 23.875 0.0
7.25 23.875 0.0
7.75 23.875 0.0
8.25 23.875 0.0
8.75 23.875 0.0
0.25 24.125 36104.3195065
0.75 24.125 14441.7278026
1.25 24.125 19255.6370701
1.75 24.125 16848.6824364
2.25 24.125 31290.410239
2.75 24.125 12034.7731688
3.25 24.125 14441.7278026
3.75 24.125 12034.7731688
4.25 24.125 2406.95463377
4.75 24.125 2406.95463377
5.25 24.125 0.0
5.75 24.125 0.0
6.25 24.125 0.0
6.75 24.125 0.0
7.25 24.125 0.0
7.75 24.125 0.0
8.25 24.125 0.0
8.75 24.125 0.0
0.25 24.375 21662.5917039
0.75 24.375 28883.4556052
1.25 24.375 21662.5917039
1.75 24.375 21662.5917039
2.25 24.375 4813.90926753
2.75 24.375 16848.6824364
3.25 24.375 4813.90926753
3.75 24.375 7220.8639013
4.25 24.375 4813.90926753
4.75 24.375 0.0
5.25 24.375 0.0
5.75 24.375 0.0
6.25 24.375 0.0
6.75 24.375 0.0
7.25 24.375 0.0
7.75 24.375 0.0
8.25 24.375 0.0
8.75 24.375 0.0
0.25 24.625 38511.2741403
0.75 24.625 19255.6370701
1.25 24.625 43325.1834078
1.75 24.625 14441.7278026
2.25 24.625 12034.7731688
2.75 24.625 16848.6824364
3.25 24.625 7220.8639013
3.75 24.625 7220.8639013
4.25 24.625 2406.95463377
4.75 24.625 0.0
5.25 24.625 0.0
5.75 24.625 0.0
6.25 24.625 0.0
6.75 24.625 0.0
7.25 24.625 0.0
7.75 24.625 0.0
8.25 24.625 0.0
8.75 24.625 0.0
0.25 24.875 19255.6370701
0.75 24.875 28883.4556052
1.25 24.875 31290.410239
1.75 24.875 14441.7278026
2.25 24.875 12034.7731688
2.75 24.875 4813.90926753
3.25 24.875 14441.7278026
3.75 24.875 7220.8639013
4.25 24.875 7220.8639013
4.75 24.875 0.0
5.25 24.875 0.0
5.75 24.875 0.0
6.25 24.875 0.0
6.75 24.875 0.0
7.25 24.875 0.0
7.75 24.875 0.0
8.25 24.875 0.0
8.75 24.875 0.0
0.25 25.125 24069.5463377
0.75 25.125 9627.81853507
1.25 25.125 33697.3648727
1.75 25.125 24069.5463377
2.25 25.125 7220.8639013
2.75 25.125 4813.90926753
3.25 25.125 9627.81853507
3.75 25.125 2406.95463377
4.25 25.125 4813.90926753
4.75 25.125 0.0
5.25 25.125 0.0
5.75 25.125 0.0
6.25 25.125 0.0
6.75 25.125 0.0
7.25 25.125 0.0
7.75 25.125 0.0
8.25 25.125 0.0
8.75 25.125 0.0
0.25 25.375 14441.7278026
0.75 25.375 24069.5463377
1.25 25.375 28883.4556052
1.75 25.375 14441.7278026
2.25 25.375 21662.5917039
2.75 25.375 12034.7731688
3.25 25.375 2406.95463377
3.75 25.375 4813.90926753
4.25 25.375 9627.81853507
4.75 25.375 0.0
5.25 25.375 0.0
5.75 25.375 0.0
6.25 25.375 0.0
6.75 25.375 0.0
7.25 25.375 0.0
7.75 25.375 0.0
8.25 25.375 0.0
8.75 25.375 0.0
0.25 25.625 9627.81853507
0.75 25.625 19255.6370701
1.25 25.625 24069.5463377
1.75 25.625 12034.7731688
2.25 25.625 9627.81853507
2.75 25.625 2406.95463377
3.25 25.625 14441.7278026
3.75 25.625 4813.90926753
4.25 25.625 0.0
4.75 25.625 0.0
5.25 25.625 0.0
5.75 25.625 0.0
6.25 25.625 0.0
6.75 25.625 0.0
7.25 25.625 0.0
7.75 25.625 0.0
8.25 25.625 0.0
8.75 25.625 0.0
0.25 25.875 16848.6824364
0.75 25.875 12034.7731688
1.25 25.875 19255.6370701
1.75 25.875 21662.5917039
2.25 25.875 19255.6370701
2.75 25.875 16848.6824364
3.25 25.875 12034.7731688
3.75 25.875 2406.95463377
4.25 25.875 7220.8639013
4.75 25.875 0.0
5.25 25.875 0.0
5.75 25.875 0.0
6.25 25.875 0.0
6.75 25.875 0.0
7.25 25.875 0.0
7.75 25.875 0.0
8.25 25.875 0.0
8.75 25.875 0.0
0.25 26.125 21662.5917039
0.75 26.125 19255.6370701
1.25 26.125 26476.5009714
1.75 26.125 9627.81853507
2.25 26.125 14441.7278026
2.75 26.125 7220.8639013
3.25 26.125 9627.81853507
3.75 26.125 4813.90926753
4.25 26.125 0.0
4.75 26.125 0.0
5.25 26.125 0.0
5.75 26.125 0.0
6.25 26.125 0.0
6.75 26.125 0.0
7.25 26.125 0.0
7.75 26.125 0.0
8.25 26.125 0.0
8.75 26.125 0.0
0.25 26.375 28883.4556052
0.75 26.375 9627.81853507
1.25 26.375 19255.6370701
1.75 26.375 12034.7731688
2.25 26.375 7220.8639013
2.75 26.375 9627.81853507
3.25 26.375 0.0
3.75 26.375 0.0
4.25 26.375 0.0
4.75 26.375 0.0
5.25 26.375 0.0
5.75 26.375 0.0
6.25 26.375 0.0
6.75 26.375 0.0
7.25 26.375 0.0
7.75 26.375 0.0
8.25 26.375 0.0
8.75 26.375 0.0
0.25 26.625 14441.7278026
0.75 26.625 16848.6824364
1.25 26.625 24069.5463377
1.75 26.625 2406.95463377
2.25 26.625 7220.8639013
2.75 26.625 2406.95463377
3.25 26.625 7220.8639013
3.75 26.625 2406.95463377
4.25 26.625 2406.95463377
4.75 26.625 0.0
5.25 26.625 0.0
5.75 26.625 0.0
6.25 26.625 0.0
6.75 26.625 0.0
7.25 26.625 0.0
7.75 26.625 0.0
8.25 26.625 0.0
8.75 26.625 0.0
0.25 26.875 24069.5463377
0.75 26.875 19255.6370701
1.25 26.875 26476.5009714
1.75 26.875 7220.8639013
2.25 26.875 7220.8639013
2.75 26.875 21662.5917039
3.25 26.875 2406.95463377
3.75 26.875 0.0
4.25 26.875 2406.95463377
4.75 26.875 2406.95463377
5.25 26.875 0.0
5.75 26.875 0.0
6.25 26.875 0.0
6.75 26.875 0.0
7.25 26.875 0.0
7.75 26.875 0.0
8.25 26.875 0.0
8.75 26.875 0.0
0.25 27.125 12034.7731688
0.75 27.125 21662.5917039
1.25 27.125 9627.81853507
1.75 27.125 12034.7731688
2.25 27.125 14441.7278026
2.75 27.125 7220.8639013
3.25 27.125 7220.8639013
3.75 27.125 0.0
4.25 27.125 0.0
4.75 27.125 0.0
5.25 27.125 0.0
5.75 27.125 0.0
6.25 27.125 0.0
6.75 27.125 0.0
7.25 27.125 0.0
7.75 27.125 0.0
8.25 27.125 0.0
8.75 27.125 0.0
0.25 27.375 16848.6824364
0.75 27.375 16848.6824364
1.25 27.375 16848.6824364
1.75 27.375 12034.7731688
2.25 27.375 9627.81853507
2.75 27.375 4813.90926753
3.25 27.375 0.0
3.75 27.375 2406.95463377
4.25 27.375 2406.95463377
4.75 27.375 0.0
5.25 27.375 0.0
5.75 27.375 0.0
6.25 27.375 0.0
6.75 27.375 0.0
7.25 27.375 0.0
7.75 27.375 0.0
8.25 27.375 0.0
8.75 27.375 0.0
0.25 27.625 12034.7731688
0.75 27.625 7220.8639013
1.25 27.625 16848.6824364
1.75 27.625 12034.7731688
2.25 27.625 4813.90926753
2.75 27.625 9627.81853507
3.25 27.625 12034.7731688
3.75 27.625 7220.8639013
4.25 27.625 0.0
4.75 27.625 0.0
5.25 27.625 0.0
5.75 27.625 0.0
6.25 27.625 0.0
6.75 27.625 0.0
7.25 27.625 0.0
7.75 27.625 0.0
8.25 27.625 0.0
8.75 27.625 0.0
0.25 27.875 21662.5917039
0.75 27.875 14441.7278026
1.25 27.875 9627.81853507
1.75 27.875 14441.7278026
2.25 27.875 2406.95463377
2.75 27.875 4813.90926753
3.25 27.875 7220.8639013
3.75 27.875 0.0
4.25 27.875 0.0
4.75 27.875 0.0
5.25 27.875 0.0
5.75 27.875 0.0
6.25 27.875 0.0
6.75 27.875 0.0
7.25 27.875 0.0
7.75 27.875 0.0
8.25 27.875 0.0
8.75 27.875 0.0
0.25 28.125 9627.81853507
0.75 28.125 21662.5917039
1.25 28.125 16848.6824364
1.75 28.125 14441.7278026
2.25 28.125 4813.90926753
2.75 28.125 7220.8639013
3.25 28.125 4813.90926753
3.75 28.125 0.0
4.25 28.125 4813.90926753
4.75 28.125 0.0
5.25 28.125 0.0
5.75 28.125 0.0
6.25 28.125 0.0
6.75 28.125 0.0
7.25 28.125 0.0
7.75 28.125 0.0
8.25 28.125 0.0
8.75 28.125 0.0
0.25 28.375 12034.7731688
0.75 28.375 4813.90926753
1.25 28.375 12034.7731688
1.75 28.375 4813.90926753
2.25 28.375 7220.8639013
2.75 28.375 4813.90926753
3.25 28.375 4813.90926753
3.75 28.375 2406.95463377
4.25 28.375 2406.95463377
4.75 28.375 0.0
5.25 28.375 0.0
5.75 28.375 0.0
6.25 28.375 0.0
6.75 28.375 0.0
7.25 28.375 0.0
7.75 28.375 0.0
8.25 28.375 0.0
8.75 28.375 0.0
0.25 28.625 12034.7731688
0.75 28.625 9627.81853507
1.25 28.625 9627.81853507
1.75 28.625 14441.7278026
2.25 28.625 7220.8639013
2.75 28.625 14441.7278026
3.25 28.625 0.0
3.75 28.625 2406.95463377
4.25 28.625 2406.95463377
4.75 28.625 0.0
5.25 28.625 0.0
5.75 28.625 0.0
6.25 28.625 0.0
6.75 28.625 0.0
7.25 28.625 0.0
7.75 28.625 0.0
8.25 28.625 0.0
8.75 28.625 0.0
0.25 28.875 9627.81853507
0.75 28.875 12034.7731688
1.25 28.875 7220.8639013
1.75 28.875 4813.90926753
2.25 28.875 9627.81853507
2.75 28.875 9627.81853507
3.25 28.875 0.0
3.75 28.875 0.0
4.25 28.875 2406.95463377
4.75 28.875 0.0
5.25 28.875 0.0
5.75 28.875 0.0
6.25 28.875 0.0
6.75 28.875 0.0
7.25 28.875 0.0
7.75 28.875 0.0
8.25 28.875 0.0
8.75 28.875 0.0
0.25 29.125 12034.7731688
0.75 29.125 16848.6824364
1.25 29.125 12034.7731688
1.75 29.125 9627.81853507
2.25 29.125 12034.7731688
2.75 29.125 9627.81853507
3.25 29.125 0.0
3.75 29.125 4813.90926753
4.25 29.125 2406.95463377
4.75 29.125 0.0
5.25 29.125 0.0
5.75 29.125 0.0
6.25 29.125 0.0
6.75 29.125 0.0
7.25 29.125 0.0
7.75 29.125 0.0
8.25 29.125 0.0
8.75 29.125 0.0
0.25 29.375 14441.7278026
0.75 29.375 16848.6824364
1.25 29.375 4813.90926753
1.75 29.375 9627.81853507
2.25 29.375 4813.90926753
2.75 29.375 7220.8639013
3.25 29.375 2406.95463377
3.75 29.375 0.0
4.25 29.375 2406.95463377
4.75 29.375 0.0
5.25 29.375 0.0
5.75 29.375 0.0
6.25 29.375 0.0
6.75 29.375 0.0
7.25 29.375 0.0
7.75 29.375 0.0
8.25 29.375 0.0
8.75 29.375 0.0
0.25 29.625 2406.95463377
0.75 29.625 12034.7731688
1.25 29.625 12034.7731688
1.75 29.625 14441.7278026
2.25 29.625 2406.95463377
2.75 29.625 2406.95463377
3.25 29.625 4813.90926753
3.75 29.625 0.0
4.25 29.625 4813.90926753
4.75 29.625 0.0
5.25 29.625 0.0
5.75 29.625 0.0
6.25 29.625 0.0
6.75 29.625 0.0
7.25 29.625 0.0
7.75 29.625 0.0
8.25 29.625 0.0
8.75 29.625 0.0
0.25 29.875 9627.81853507
0.75 29.875 9627.81853507
1.25 29.875 2406.95463377
1.75 29.875 9627.81853507
2.25 29.875 2406.95463377
2.75 29.875 14441.7278026
3.25 29.875 9627.81853507
3.75 29.875 0.0
4.25 29.875 0.0
4.75 29.875 0.0
5.25 29.875 0.0
5.75 29.875 0.0
6.25 29.875 0.0
6.75 29.875 0.0
7.25 29.875 0.0
7.75 29.875 0.0
8.25 29.875 0.0
8.75 29.875 0.0
