11.294627058970837 97.58179609187943
14.219093021276404 762.0759601565208
17.900777537149963 306.6087086863222
22.535743732392298 356.805124013214
28.370820458389794 1816.6443369993738
35.71674682851676 3041.210420726292
44.96472020903849 3671.705367919182
56.60722890537329 6366.742815016025
71.26427896022373 12813.447214991254
89.71641173621407 13595.863732987236
112.94627058970838 21264.735616661666
142.1909302127641 25476.318555084108
179.00777537149963 31280.93460174503
225.35743732392305 40123.98018317344
283.7082045838981 43126.81229005742
357.1674682851676 46808.54838542218
449.6472020903849 50583.0946097493
566.0722890537327 51570.329217662686
712.6427896022376 50243.27475775947
897.164117362141 38119.1201107456
1129.4627058970837 31731.758614659135
1421.9093021276408 22026.676411497174
1790.0777537149975 13185.919868115685
2253.5743732392316 7031.9142050729715
2837.082045838981 2745.0453110712697
3571.674682851676 944.538914966106
4496.47202090385 225.15815171442227
5660.72289053733 28.602341668796726
7126.427896022379 0.0
8971.64117362141 0.0
