11.294627058970837 21.67082796618803
14.219093021276404 98.3571956172049
17.900777537149963 109.7576756801092
22.535743732392298 331.9771984749899
28.370820458389794 393.4548342230246
35.71674682851676 1317.2208054395824
44.96472020903849 1201.7762071470356
56.60722890537329 1616.2661413686033
71.26427896022373 2105.7247556240372
89.71641173621407 3401.760922191248
112.94627058970838 4133.589801776168
142.1909302127641 4127.154042791384
179.00777537149963 4599.514567952698
225.35743732392305 5005.349576553781
283.7082045838981 4833.36521566279
357.1674682851676 4253.964756846974
449.6472020903849 4068.256730895897
566.0722890537327 3402.664025499733
712.6427896022376 2944.499533479553
897.164117362141 2486.4718505581113
1129.4627058970837 1940.4221024122598
1421.9093021276408 1477.603652891943
1790.0777537149975 937.6293502359549
2253.5743732392316 516.6620491602589
2837.082045838981 189.47093443531776
3571.674682851676 57.129064590604685
4496.47202090385 15.227503488182265
5660.72289053733 1.8379014804158942
7126.427896022379 0.0
8971.64117362141 0.0
