0.25 0.125 668622.599335
0.75 0.125 822920.122258
1.25 0.125 771487.614617
1.75 0.125 565757.584053
2.25 0.125 668622.599335
2.75 0.125 411460.061129
3.25 0.125 411460.061129
3.75 0.125 462892.56877
4.25 0.125 668622.599335
4.75 0.125 565757.584053
5.25 0.125 617190.091694
5.75 0.125 308595.045847
6.25 0.125 257162.538206
6.75 0.125 360027.553488
7.25 0.125 102865.015282
7.75 0.125 0.0
8.25 0.125 0.0
8.75 0.125 0.0
0.25 0.375 1954435.29036
0.75 0.375 1800137.76744
1.25 0.375 2211597.82857
1.75 0.375 1697272.75216
2.25 0.375 1182947.67575
2.75 0.375 1542975.22923
3.25 0.375 1131515.16811
3.75 0.375 2005867.798
4.25 0.375 1645840.24452
4.75 0.375 1440110.21395
5.25 0.375 1234380.18339
5.75 0.375 1491542.72159
6.25 0.375 1285812.69103
6.75 0.375 977217.645182
7.25 0.375 411460.061129
7.75 0.375 257162.538206
8.25 0.375 0.0
8.75 0.375 0.0
0.25 0.625 2108732.81329
0.75 0.625 2417327.85913
1.25 0.625 3034517.95083
1.75 0.625 2983085.44319
2.25 0.625 2674490.39734
2.75 0.625 2520192.87442
3.25 0.625 2160165.32093
3.75 0.625 2571625.38206
4.25 0.625 2057300.30565
4.75 0.625 3034517.95083
5.25 0.625 2777355.41262
5.75 0.625 1748705.2598
6.25 0.625 925785.137541
6.75 0.625 668622.599335
7.25 0.625 411460.061129
7.75 0.625 102865.015282
8.25 0.625 0.0
8.75 0.625 0.0
0.25 0.875 3394545.50432
0.75 0.875 3240247.98139
1.25 0.875 3034517.95083
1.75 0.875 3548843.02724
2.25 0.875 3188815.47375
2.75 0.875 2725922.90498
3.25 0.875 2623057.8897
3.75 0.875 3085950.45847
4.25 0.875 2983085.44319
4.75 0.875 2520192.87442
5.25 0.875 3085950.45847
5.75 0.875 2314462.84385
6.25 0.875 1440110.21395
6.75 0.875 1080082.66046
7.25 0.875 257162.538206
7.75 0.875 51432.5076411
8.25 0.875 0.0
8.75 0.875 0.0
0.25 1.125 4217465.62657
0.75 1.125 3085950.45847
1.25 1.125 3291680.48903
1.75 1.125 2725922.90498
2.25 1.125 3548843.02724
2.75 1.125 3034517.95083
3.25 1.125 3137382.96611
3.75 1.125 3343112.99667
4.25 1.125 3034517.95083
4.75 1.125 2571625.38206
5.25 1.125 2674490.39734
5.75 1.125 2057300.30565
6.25 1.125 1440110.21395
6.75 1.125 771487.614617
7.25 1.125 360027.553488
7.75 1.125 102865.015282
8.25 1.125 0.0
8.75 1.125 0.0
0.25 1.375 4166033.11893
0.75 1.375 3651708.04252
1.25 1.375 3703140.55016
1.75 1.375 3548843.02724
2.25 1.375 3857438.07309
2.75 1.375 3497410.5196
3.25 1.375 4114600.61129
3.75 1.375 3703140.55016
4.25 1.375 3188815.47375
4.75 1.375 3394545.50432
5.25 1.375 2468760.36678
5.75 1.375 2777355.41262
6.25 1.375 1800137.76744
6.75 1.375 977217.645182
7.25 1.375 257162.538206
7.75 1.375 51432.5076411
8.25 1.375 0.0
8.75 1.375 0.0
0.25 1.625 3085950.45847
0.75 1.625 3343112.99667
1.25 1.625 4166033.11893
1.75 1.625 3703140.55016
2.25 1.625 2828787.92026
2.75 1.625 3137382.96611
3.25 1.625 3600275.53488
3.75 1.625 3343112.99667
4.25 1.625 2880220.4279
4.75 1.625 3188815.47375
5.25 1.625 2468760.36678
5.75 1.625 2725922.90498
6.25 1.625 1851570.27508
6.75 1.625 874352.629899
7.25 1.625 308595.045847
7.75 1.625 0.0
8.25 1.625 0.0
8.75 1.625 0.0
0.25 1.875 4217465.62657
0.75 1.875 2828787.92026
1.25 1.875 3240247.98139
1.75 1.875 3651708.04252
2.25 1.875 3343112.99667
2.75 1.875 3343112.99667
3.25 1.875 3394545.50432
3.75 1.875 2725922.90498
4.25 1.875 2674490.39734
4.75 1.875 2931652.93555
5.25 1.875 2417327.85913
5.75 1.875 1954435.29036
6.25 1.875 1131515.16811
6.75 1.875 565757.584053
7.25 1.875 257162.538206
7.75 1.875 205730.030565
8.25 1.875 0.0
8.75 1.875 0.0
0.25 2.125 3497410.5196
0.75 2.125 3600275.53488
1.25 2.125 3600275.53488
1.75 2.125 3343112.99667
2.25 2.125 3651708.04252
2.75 2.125 3548843.02724
3.25 2.125 2520192.87442
3.75 2.125 2520192.87442
4.25 2.125 2623057.8897
4.75 2.125 2365895.35149
5.25 2.125 2468760.36678
5.75 2.125 2108732.81329
6.25 2.125 1491542.72159
6.75 2.125 1131515.16811
7.25 2.125 360027.553488
7.75 2.125 0.0
8.25 2.125 0.0
8.75 2.125 0.0
0.25 2.375 2880220.4279
0.75 2.375 3240247.98139
1.25 2.375 3085950.45847
1.75 2.375 3034517.95083
2.25 2.375 2983085.44319
2.75 2.375 3240247.98139
3.25 2.375 2314462.84385
3.75 2.375 2520192.87442
4.25 2.375 1851570.27508
4.75 2.375 2005867.798
5.25 2.375 2108732.81329
5.75 2.375 1748705.2598
6.25 2.375 1285812.69103
6.75 2.375 668622.599335
7.25 2.375 205730.030565
7.75 2.375 51432.5076411
8.25 2.375 0.0
8.75 2.375 0.0
0.25 2.625 3188815.47375
0.75 2.625 3394545.50432
1.25 2.625 3343112.99667
1.75 2.625 2880220.4279
2.25 2.625 2777355.41262
2.75 2.625 2983085.44319
3.25 2.625 2365895.35149
3.75 2.625 2314462.84385
4.25 2.625 2160165.32093
4.75 2.625 1954435.29036
5.25 2.625 1645840.24452
5.75 2.625 1697272.75216
6.25 2.625 514325.076411
6.75 2.625 102865.015282
7.25 2.625 205730.030565
7.75 2.625 0.0
8.25 2.625 0.0
8.75 2.625 0.0
0.25 2.875 2623057.8897
0.75 2.875 2263030.33621
1.25 2.875 2417327.85913
1.75 2.875 2160165.32093
2.25 2.875 1903002.78272
2.75 2.875 2160165.32093
3.25 2.875 1851570.27508
3.75 2.875 1697272.75216
4.25 2.875 1954435.29036
4.75 2.875 1851570.27508
5.25 2.875 1491542.72159
5.75 2.875 1080082.66046
6.25 2.875 411460.061129
6.75 2.875 308595.045847
7.25 2.875 205730.030565
7.75 2.875 0.0
8.25 2.875 0.0
8.75 2.875 0.0
0.25 3.125 1851570.27508
0.75 3.125 2108732.81329
1.25 3.125 2108732.81329
1.75 3.125 2263030.33621
2.25 3.125 2108732.81329
2.75 3.125 2108732.81329
3.25 3.125 1697272.75216
3.75 3.125 1645840.24452
4.25 3.125 1285812.69103
4.75 3.125 1491542.72159
5.25 3.125 1542975.22923
5.75 3.125 874352.629899
6.25 3.125 462892.56877
6.75 3.125 360027.553488
7.25 3.125 102865.015282
7.75 3.125 51432.5076411
8.25 3.125 0.0
8.75 3.125 0.0
0.25 3.375 2314462.84385
0.75 3.375 1903002.78272
1.25 3.375 1954435.29036
1.75 3.375 2571625.38206
2.25 3.375 1697272.75216
2.75 3.375 1080082.66046
3.25 3.375 1903002.78272
3.75 3.375 1645840.24452
4.25 3.375 1234380.18339
4.75 3.375 822920.122258
5.25 3.375 720055.106976
5.75 3.375 668622.599335
6.25 3.375 205730.030565
6.75 3.375 308595.045847
7.25 3.375 51432.5076411
7.75 3.375 0.0
8.25 3.375 0.0
8.75 3.375 0.0
0.25 3.625 1903002.78272
0.75 3.625 1800137.76744
1.25 3.625 1903002.78272
1.75 3.625 1594407.73688
2.25 3.625 1491542.72159
2.75 3.625 1131515.16811
3.25 3.625 2005867.798
3.75 3.625 1491542.72159
4.25 3.625 1337245.19867
4.75 3.625 977217.645182
5.25 3.625 257162.538206
5.75 3.625 411460.061129
6.25 3.625 205730.030565
6.75 3.625 205730.030565
7.25 3.625 0.0
7.75 3.625 0.0
8.25 3.625 0.0
8.75 3.625 0.0
0.25 3.875 1491542.72159
0.75 3.875 1800137.76744
1.25 3.875 2057300.30565
1.75 3.875 1800137.76744
2.25 3.875 1440110.21395
2.75 3.875 1440110.21395
3.25 3.875 1080082.66046
3.75 3.875 1080082.66046
4.25 3.875 1234380.18339
4.75 3.875 1131515.16811
5.25 3.875 411460.061129
5.75 3.875 411460.061129
6.25 3.875 360027.553488
6.75 3.875 154297.522923
7.25 3.875 102865.015282
7.75 3.875 0.0
8.25 3.875 0.0
8.75 3.875 0.0
0.25 4.125 1542975.22923
0.75 4.125 1285812.69103
1.25 4.125 1645840.24452
1.75 4.125 1594407.73688
2.25 4.125 1234380.18339
2.75 4.125 771487.614617
3.25 4.125 1234380.18339
3.75 4.125 925785.137541
4.25 4.125 565757.584053
4.75 4.125 617190.091694
5.25 4.125 720055.106976
5.75 4.125 411460.061129
6.25 4.125 257162.538206
6.75 4.125 51432.5076411
7.25 4.125 0.0
7.75 4.125 0.0
8.25 4.125 0.0
8.75 4.125 0.0
0.25 4.375 1131515.16811
0.75 4.375 1028650.15282
1.25 4.375 1491542.72159
1.75 4.375 1028650.15282
2.25 4.375 1131515.16811
2.75 4.375 1285812.69103
3.25 4.375 822920.122258
3.75 4.375 822920.122258
4.25 4.375 617190.091694
4.75 4.375 411460.061129
5.25 4.375 360027.553488
5.75 4.375 411460.061129
6.25 4.375 257162.538206
6.75 4.375 51432.5076411
7.25 4.375 0.0
7.75 4.375 0.0
8.25 4.375 0.0
8.75 4.375 0.0
0.25 4.625 1388677.70631
0.75 4.625 1028650.15282
1.25 4.625 1080082.66046
1.75 4.625 977217.645182
2.25 4.625 1388677.70631
2.75 4.625 565757.584053
3.25 4.625 977217.645182
3.75 4.625 874352.629899
4.25 4.625 308595.045847
4.75 4.625 411460.061129
5.25 4.625 308595.045847
5.75 4.625 205730.030565
6.25 4.625 154297.522923
6.75 4.625 51432.5076411
7.25 4.625 0.0
7.75 4.625 0.0
8.25 4.625 0.0
8.75 4.625 0.0
0.25 4.875 1337245.19867
0.75 4.875 1028650.15282
1.25 4.875 822920.122258
1.75 4.875 874352.629899
2.25 4.875 617190.091694
2.75 4.875 977217.645182
3.25 4.875 822920.122258
3.75 4.875 925785.137541
4.25 4.875 617190.091694
4.75 4.875 514325.076411
5.25 4.875 360027.553488
5.75 4.875 102865.015282
6.25 4.875 0.0
6.75 4.875 0.0
7.25 4.875 0.0
7.75 4.875 0.0
8.25 4.875 0.0
8.75 4.875 0.0
0.25 5.125 720055.106976
0.75 5.125 1028650.15282
1.25 5.125 874352.629899
1.75 5.125 668622.599335
2.25 5.125 925785.137541
2.75 5.125 617190.091694
3.25 5.125 514325.076411
3.75 5.125 462892.56877
4.25 5.125 205730.030565
4.75 5.125 102865.015282
5.25 5.125 154297.522923
5.75 5.125 102865.015282
6.25 5.125 0.0
6.75 5.125 51432.5076411
7.25 5.125 51432.5076411
7.75 5.125 0.0
8.25 5.125 0.0
8.75 5.125 0.0
0.25 5.375 925785.137541
0.75 5.375 977217.645182
1.25 5.375 720055.106976
1.75 5.375 822920.122258
2.25 5.375 874352.629899
2.75 5.375 462892.56877
3.25 5.375 925785.137541
3.75 5.375 565757.584053
4.25 5.375 257162.538206
4.75 5.375 257162.538206
5.25 5.375 257162.538206
5.75 5.375 102865.015282
6.25 5.375 102865.015282
6.75 5.375 0.0
7.25 5.375 0.0
7.75 5.375 0.0
8.25 5.375 0.0
8.75 5.375 0.0
0.25 5.625 1182947.67575
0.75 5.625 411460.061129
1.25 5.625 874352.629899
1.75 5.625 565757.584053
2.25 5.625 411460.061129
2.75 5.625 822920.122258
3.25 5.625 514325.076411
3.75 5.625 462892.56877
4.25 5.625 308595.045847
4.75 5.625 257162.538206
5.25 5.625 102865.015282
5.75 5.625 102865.015282
6.25 5.625 0.0
6.75 5.625 0.0
7.25 5.625 0.0
7.75 5.625 0.0
8.25 5.625 0.0
8.75 5.625 0.0
0.25 5.875 514325.076411
0.75 5.875 462892.56877
1.25 5.875 411460.061129
1.75 5.875 771487.614617
2.25 5.875 257162.538206
2.75 5.875 360027.553488
3.25 5.875 411460.061129
3.75 5.875 102865.015282
4.25 5.875 514325.076411
4.75 5.875 154297.522923
5.25 5.875 51432.5076411
5.75 5.875 102865.015282
6.25 5.875 0.0
6.75 5.875 0.0
7.25 5.875 0.0
7.75 5.875 0.0
8.25 5.875 0.0
8.75 5.875 0.0
0.25 6.125 411460.061129
0.75 6.125 411460.061129
1.25 6.125 411460.061129
1.75 6.125 360027.553488
2.25 6.125 308595.045847
2.75 6.125 360027.553488
3.25 6.125 257162.538206
3.75 6.125 308595.045847
4.25 6.125 205730.030565
4.75 6.125 257162.538206
5.25 6.125 154297.522923
5.75 6.125 102865.015282
6.25 6.125 0.0
6.75 6.125 0.0
7.25 6.125 0.0
7.75 6.125 0.0
8.25 6.125 0.0
8.75 6.125 0.0
0.25 6.375 462892.56877
0.75 6.375 205730.030565
1.25 6.375 205730.030565
1.75 6.375 411460.061129
2.25 6.375 565757.584053
2.75 6.375 462892.56877
3.25 6.375 308595.045847
3.75 6.375 257162.538206
4.25 6.375 257162.538206
4.75 6.375 205730.030565
5.25 6.375 102865.015282
5.75 6.375 0.0
6.25 6.375 0.0
6.75 6.375 0.0
7.25 6.375 0.0
7.75 6.375 0.0
8.25 6.375 0.0
8.75 6.375 0.0
0.25 6.625 514325.076411
0.75 6.625 565757.584053
1.25 6.625 668622.599335
1.75 6.625 462892.56877
2.25 6.625 102865.015282
2.75 6.625 308595.045847
3.25 6.625 308595.045847
3.75 6.625 257162.538206
4.25 6.625 51432.5076411
4.75 6.625 0.0
5.25 6.625 51432.5076411
5.75 6.625 51432.5076411
6.25 6.625 0.0
6.75 6.625 0.0
7.25 6.625 0.0
7.75 6.625 0.0
8.25 6.625 0.0
8.75 6.625 0.0
0.25 6.875 102865.015282
0.75 6.875 565757.584053
1.25 6.875 205730.030565
1.75 6.875 360027.553488
2.25 6.875 308595.045847
2.75 6.875 205730.030565
3.25 6.875 411460.061129
3.75 6.875 205730.030565
4.25 6.875 102865.015282
4.75 6.875 205730.030565
5.25 6.875 0.0
5.75 6.875 51432.5076411
6.25 6.875 0.0
6.75 6.875 0.0
7.25 6.875 0.0
7.75 6.875 0.0
8.25 6.875 0.0
8.75 6.875 0.0
0.25 7.125 411460.061129
0.75 7.125 308595.045847
1.25 7.125 257162.538206
1.75 7.125 154297.522923
2.25 7.125 565757.584053
2.75 7.125 308595.045847
3.25 7.125 462892.56877
3.75 7.125 154297.522923
4.25 7.125 102865.015282
4.75 7.125 51432.5076411
5.25 7.125 0.0
5.75 7.125 0.0
6.25 7.125 0.0
6.75 7.125 0.0
7.25 7.125 0.0
7.75 7.125 0.0
8.25 7.125 0.0
8.75 7.125 0.0
0.25 7.375 308595.045847
0.75 7.375 308595.045847
1.25 7.375 514325.076411
1.75 7.375 257162.538206
2.25 7.375 205730.030565
2.75 7.375 205730.030565
3.25 7.375 102865.015282
3.75 7.375 102865.015282
4.25 7.375 205730.030565
4.75 7.375 102865.015282
5.25 7.375 51432.5076411
5.75 7.375 0.0
6.25 7.375 0.0
6.75 7.375 0.0
7.25 7.375 0.0
7.75 7.375 0.0
8.25 7.375 0.0
8.75 7.375 0.0
0.25 7.625 514325.076411
0.75 7.625 308595.045847
1.25 7.625 257162.538206
1.75 7.625 154297.522923
2.25 7.625 102865.015282
2.75 7.625 257162.538206
3.25 7.625 102865.015282
3.75 7.625 205730.030565
4.25 7.625 51432.5076411
4.75 7.625 102865.015282
5.25 7.625 0.0
5.75 7.625 0.0
6.25 7.625 0.0
6.75 7.625 0.0
7.25 7.625 0.0
7.75 7.625 0.0
8.25 7.625 0.0
8.75 7.625 0.0
0.25 7.875 205730.030565
0.75 7.875 257162.538206
1.25 7.875 51432.5076411
1.75 7.875 257162.538206
2.25 7.875 154297.522923
2.75 7.875 102865.015282
3.25 7.875 205730.030565
3.75 7.875 102865.015282
4.25 7.875 205730.030565
4.75 7.875 0.0
5.25 7.875 0.0
5.75 7.875 51432.5076411
6.25 7.875 0.0
6.75 7.875 0.0
7.25 7.875 0.0
7.75 7.875 0.0
8.25 7.875 0.0
8.75 7.875 0.0
0.25 8.125 308595.045847
0.75 8.125 462892.56877
1.25 8.125 102865.015282
1.75 8.125 51432.5076411
2.25 8.125 205730.030565
2.75 8.125 257162.538206
3.25 8.125 102865.015282
3.75 8.125 51432.5076411
4.25 8.125 0.0
4.75 8.125 154297.522923
5.25 8.125 0.0
5.75 8.125 51432.5076411
6.25 8.125 0.0
6.75 8.125 0.0
7.25 8.125 0.0
7.75 8.125 0.0
8.25 8.125 0.0
8.75 8.125 0.0
0.25 8.375 308595.045847
0.75 8.375 154297.522923
1.25 8.375 154297.522923
1.75 8.375 154297.522923
2.25 8.375 360027.553488
2.75 8.375 51432.5076411
3.25 8.375 102865.015282
3.75 8.375 102865.015282
4.25 8.375 51432.5076411
4.75 8.375 51432.5076411
5.25 8.375 51432.5076411
5.75 8.375 51432.5076411
6.25 8.375 0.0
6.75 8.375 0.0
7.25 8.375 0.0
7.75 8.375 0.0
8.25 8.375 0.0
8.75 8.375 0.0
0.25 8.625 154297.522923
0.75 8.625 308595.045847
1.25 8.625 257162.538206
1.75 8.625 154297.522923
2.25 8.625 308595.045847
2.75 8.625 51432.5076411
3.25 8.625 0.0
3.75 8.625 154297.522923
4.25 8.625 102865.015282
4.75 8.625 51432.5076411
5.25 8.625 0.0
5.75 8.625 0.0
6.25 8.625 0.0
6.75 8.625 0.0
7.25 8.625 0.0
7.75 8.625 0.0
8.25 8.625 0.0
8.75 8.625 0.0
0.25 8.875 257162.538206
0.75 8.875 51432.5076411
1.25 8.875 102865.015282
1.75 8.875 257162.538206
2.25 8.875 154297.522923
2.75 8.875 51432.5076411
3.25 8.875 51432.5076411
3.75 8.875 0.0
4.25 8.875 0.0
4.75 8.875 51432.5076411
5.25 8.875 0.0
5.75 8.875 0.0
6.25 8.875 0.0
6.75 8.875 0.0
7.25 8.875 0.0
7.75 8.875 0.0
8.25 8.875 0.0
8.75 8.875 0.0
0.25 9.125 154297.522923
0.75 9.125 205730.030565
1.25 9.125 102865.015282
1.75 9.125 102865.015282
2.25 9.125 257162.538206
2.75 9.125 308595.045847
3.25 9.125 51432.5076411
3.75 9.125 154297.522923
4.25 9.125 51432.5076411
4.75 9.125 0.0
5.25 9.125 51432.5076411
5.75 9.125 0.0
6.25 9.125 0.0
6.75 9.125 0.0
7.25 9.125 0.0
7.75 9.125 0.0
8.25 9.125 0.0
8.75 9.125 0.0
0.25 9.375 51432.5076411
0.75 9.375 257162.538206
1.25 9.375 102865.015282
1.75 9.375 205730.030565
2.25 9.375 154297.522923
2.75 9.375 102865.015282
3.25 9.375 51432.5076411
3.75 9.375 0.0
4.25 9.375 51432.5076411
4.75 9.375 51432.5076411
5.25 9.375 0.0
5.75 9.375 0.0
6.25 9.375 51432.5076411
6.75 9.375 0.0
7.25 9.375 0.0
7.75 9.375 0.0
8.25 9.375 0.0
8.75 9.375 0.0
0.25 9.625 102865.015282
0.75 9.625 154297.522923
1.25 9.625 102865.015282
1.75 9.625 154297.522923
2.25 9.625 102865.015282
2.75 9.625 154297.522923
3.25 9.625 51432.5076411
3.75 9.625 0.0
4.25 9.625 51432.5076411
4.75 9.625 51432.5076411
5.25 9.625 0.0
5.75 9.625 0.0
6.25 9.625 0.0
6.75 9.625 0.0
7.25 9.625 0.0
7.75 9.625 0.0
8.25 9.625 0.0
8.75 9.625 0.0
0.25 9.875 0.0
0.75 9.875 0.0
1.25 9.875 51432.5076411
1.75 9.875 51432.5076411
2.25 9.875 102865.015282
2.75 9.875 51432.5076411
3.25 9.875 0.0
3.75 9.875 154297.522923
4.25 9.875 51432.5076411
4.75 9.875 0.0
5.25 9.875 0.0
5.75 9.875 0.0
6.25 9.875 0.0
6.75 9.875 0.0
7.25 9.875 0.0
7.75 9.875 0.0
8.25 9.875 0.0
8.75 9.875 0.0
0.25 10.125 154297.522923
0.75 10.125 51432.5076411
1.25 10.125 205730.030565
1.75 10.125 102865.015282
2.25 10.125 0.0
2.75 10.125 102865.015282
3.25 10.125 102865.015282
3.75 10.125 51432.5076411
4.25 10.125 0.0
4.75 10.125 0.0
5.25 10.125 51432.5076411
5.75 10.125 0.0
6.25 10.125 0.0
6.75 10.125 0.0
7.25 10.125 0.0
7.75 10.125 0.0
8.25 10.125 0.0
8.75 10.125 0.0
0.25 10.375 0.0
0.75 10.375 102865.015282
1.25 10.375 51432.5076411
1.75 10.375 0.0
2.25 10.375 51432.5076411
2.75 10.375 51432.5076411
3.25 10.375 51432.5076411
3.75 10.375 0.0
4.25 10.375 0.0
4.75 10.375 0.0
5.25 10.375 0.0
5.75 10.375 0.0
6.25 10.375 0.0
6.75 10.375 0.0
7.25 10.375 0.0
7.75 10.375 0.0
8.25 10.375 0.0
8.75 10.375 0.0
0.25 10.625 0.0
0.75 10.625 154297.522923
1.25 10.625 51432.5076411
1.75 10.625 51432.5076411
2.25 10.625 0.0
2.75 10.625 0.0
3.25 10.625 0.0
3.75 10.625 102865.015282
4.25 10.625 102865.015282
4.75 10.625 0.0
5.25 10.625 0.0
5.75 10.625 0.0
6.25 10.625 0.0
6.75 10.625 0.0
7.25 10.625 0.0
7.75 10.625 0.0
8.25 10.625 0.0
8.75 10.625 0.0
0.25 10.875 51432.5076411
0.75 10.875 51432.5076411
1.25 10.875 0.0
1.75 10.875 102865.015282
2.25 10.875 0.0
2.75 10.875 0.0
3.25 10.875 102865.015282
3.75 10.875 0.0
4.25 10.875 0.0
4.75 10.875 0.0
5.25 10.875 0.0
5.75 10.875 0.0
6.25 10.875 0.0
6.75 10.875 0.0
7.25 10.875 0.0
7.75 10.875 0.0
8.25 10.875 0.0
8.75 10.875 0.0
0.25 11.125 154297.522923
0.75 11.125 51432.5076411
1.25 11.125 102865.015282
1.75 11.125 51432.5076411
2.25 11.125 0.0
2.75 11.125 0.0
3.25 11.125 0.0
3.75 11.125 0.0
4.25 11.125 0.0
4.75 11.125 51432.5076411
5.25 11.125 0.0
5.75 11.125 0.0
6.25 11.125 0.0
6.75 11.125 0.0
7.25 11.125 0.0
7.75 11.125 0.0
8.25 11.125 0.0
8.75 11.125 0.0
0.25 11.375 0.0
0.75 11.375 0.0
1.25 11.375 0.0
1.75 11.375 51432.5076411
2.25 11.375 102865.015282
2.75 11.375 51432.5076411
3.25 11.375 0.0
3.75 11.375 51432.5076411
4.25 11.375 0.0
4.75 11.375 0.0
5.25 11.375 0.0
5.75 11.375 0.0
6.25 11.375 0.0
6.75 11.375 0.0
7.25 11.375 0.0
7.75 11.375 0.0
8.25 11.375 0.0
8.75 11.375 0.0
0.25 11.625 205730.030565
0.75 11.625 102865.015282
1.25 11.625 51432.5076411
1.75 11.625 102865.015282
2.25 11.625 102865.015282
2.75 11.625 0.0
3.25 11.625 51432.5076411
3.75 11.625 0.0
4.25 11.625 0.0
4.75 11.625 0.0
5.25 11.625 0.0
5.75 11.625 0.0
6.25 11.625 0.0
6.75 11.625 0.0
7.25 11.625 0.0
7.75 11.625 0.0
8.25 11.625 0.0
8.75 11.625 0.0
0.25 11.875 51432.5076411
0.75 11.875 0.0
1.25 11.875 51432.5076411
1.75 11.875 154297.522923
2.25 11.875 0.0
2.75 11.875 0.0
3.25 11.875 51432.5076411
3.75 11.875 51432.5076411
4.25 11.875 51432.5076411
4.75 11.875 0.0
5.25 11.875 0.0
5.75 11.875 0.0
6.25 11.875 0.0
6.75 11.875 0.0
7.25 11.875 0.0
7.75 11.875 0.0
8.25 11.875 0.0
8.75 11.875 0.0
0.25 12.125 0.0
0.75 12.125 102865.015282
1.25 12.125 51432.5076411
1.75 12.125 0.0
2.25 12.125 0.0
2.75 12.125 0.0
3.25 12.125 51432.5076411
3.75 12.125 0.0
4.25 12.125 0.0
4.75 12.125 0.0
5.25 12.125 0.0
5.75 12.125 0.0
6.25 12.125 0.0
6.75 12.125 0.0
7.25 12.125 0.0
7.75 12.125 0.0
8.25 12.125 0.0
8.75 12.125 0.0
0.25 12.375 154297.522923
0.75 12.375 0.0
1.25 12.375 0.0
1.75 12.375 0.0
2.25 12.375 51432.5076411
2.75 12.375 0.0
3.25 12.375 51432.5076411
3.75 12.375 0.0
4.25 12.375 51432.5076411
4.75 12.375 0.0
5.25 12.375 0.0
5.75 12.375 0.0
6.25 12.375 0.0
6.75 12.375 0.0
7.25 12.375 0.0
7.75 12.375 0.0
8.25 12.375 0.0
8.75 12.375 0.0
0.25 12.625 51432.5076411
0.75 12.625 51432.5076411
1.25 12.625 0.0
1.75 12.625 205730.030565
2.25 12.625 51432.5076411
2.75 12.625 102865.015282
3.25 12.625 0.0
3.75 12.625 0.0
4.25 12.625 0.0
4.75 12.625 0.0
5.25 12.625 0.0
5.75 12.625 0.0
6.25 12.625 0.0
6.75 12.625 0.0
7.25 12.625 0.0
7.75 12.625 0.0
8.25 12.625 0.0
8.75 12.625 0.0
0.25 12.875 102865.015282
0.75 12.875 0.0
1.25 12.875 0.0
1.75 12.875 0.0
2.25 12.875 0.0
2.75 12.875 102865.015282
3.25 12.875 0.0
3.75 12.875 0.0
4.25 12.875 0.0
4.75 12.875 0.0
5.25 12.875 0.0
5.75 12.875 0.0
6.25 12.875 0.0
6.75 12.875 0.0
7.25 12.875 0.0
7.75 12.875 0.0
8.25 12.875 0.0
8.75 12.875 0.0
0.25 13.125 51432.5076411
0.75 13.125 154297.522923
1.25 13.125 0.0
1.75 13.125 0.0
2.25 13.125 0.0
2.75 13.125 0.0
3.25 13.125 102865.015282
3.75 13.125 0.0
4.25 13.125 0.0
4.75 13.125 0.0
5.25 13.125 0.0
5.75 13.125 0.0
6.25 13.125 0.0
6.75 13.125 0.0
7.25 13.125 0.0
7.75 13.125 0.0
8.25 13.125 0.0
8.75 13.125 0.0
0.25 13.375 51432.5076411
0.75 13.375 51432.5076411
1.25 13.375 51432.5076411
1.75 13.375 102865.015282
2.25 13.375 51432.5076411
2.75 13.375 0.0
3.25 13.375 0.0
3.75 13.375 0.0
4.25 13.375 0.0
4.75 13.375 0.0
5.25 13.375 0.0
5.75 13.375 0.0
6.25 13.375 0.0
6.75 13.375 0.0
7.25 13.375 0.0
7.75 13.375 0.0
8.25 13.375 0.0
8.75 13.375 0.0
0.25 13.625 51432.5076411
0.75 13.625 154297.522923
1.25 13.625 0.0
1.75 13.625 51432.5076411
2.25 13.625 0.0
2.75 13.625 0.0
3.25 13.625 0.0
3.75 13.625 0.0
4.25 13.625 0.0
4.75 13.625 51432.5076411
5.25 13.625 0.0
5.75 13.625 0.0
6.25 13.625 0.0
6.75 13.625 0.0
7.25 13.625 0.0
7.75 13.625 0.0
8.25 13.625 0.0
8.75 13.625 0.0
0.25 13.875 51432.5076411
0.75 13.875 0.0
1.25 13.875 51432.5076411
1.75 13.875 0.0
2.25 13.875 0.0
2.75 13.875 0.0
3.25 13.875 0.0
3.75 13.875 51432.5076411
4.25 13.875 0.0
4.75 13.875 0.0
5.25 13.875 0.0
5.75 13.875 0.0
6.25 13.875 0.0
6.75 13.875 0.0
7.25 13.875 0.0
7.75 13.875 0.0
8.25 13.875 0.0
8.75 13.875 0.0
0.25 14.125 0.0
0.75 14.125 0.0
1.25 14.125 51432.5076411
1.75 14.125 0.0
2.25 14.125 0.0
2.75 14.125 51432.5076411
3.25 14.125 0.0
3.75 14.125 0.0
4.25 14.125 0.0
4.75 14.125 0.0
5.25 14.125 0.0
5.75 14.125 51432.5076411
6.25 14.125 0.0
6.75 14.125 0.0
7.25 14.125 0.0
7.75 14.125 0.0
8.25 14.125 0.0
8.75 14.125 0.0
0.25 14.375 51432.5076411
0.75 14.375 51432.5076411
1.25 14.375 0.0
1.75 14.375 51432.5076411
2.25 14.375 0.0
2.75 14.375 0.0
3.25 14.375 0.0
3.75 14.375 51432.5076411
4.25 14.375 51432.5076411
4.75 14.375 0.0
5.25 14.375 0.0
5.75 14.375 0.0
6.25 14.375 0.0
6.75 14.375 0.0
7.25 14.375 0.0
7.75 14.375 0.0
8.25 14.375 0.0
8.75 14.375 0.0
0.25 14.625 102865.015282
0.75 14.625 0.0
1.25 14.625 102865.015282
1.75 14.625 0.0
2.25 14.625 0.0
2.75 14.625 0.0
3.25 14.625 51432.5076411
3.75 14.625 0.0
4.25 14.625 0.0
4.75 14.625 0.0
5.25 14.625 0.0
5.75 14.625 0.0
6.25 14.625 0.0
6.75 14.625 0.0
7.25 14.625 0.0
7.75 14.625 0.0
8.25 14.625 0.0
8.75 14.625 0.0
0.25 14.875 102865.015282
0.75 14.875 0.0
1.25 14.875 51432.5076411
1.75 14.875 0.0
2.25 14.875 102865.015282
2.75 14.875 0.0
3.25 14.875 0.0
3.75 14.875 0.0
4.25 14.875 0.0
4.75 14.875 0.0
5.25 14.875 0.0
5.75 14.875 0.0
6.25 14.875 0.0
6.75 14.875 0.0
7.25 14.875 0.0
7.75 14.875 0.0
8.25 14.875 0.0
8.75 14.875 0.0
0.25 15.125 0.0
0.75 15.125 102865.015282
1.25 15.125 51432.5076411
1.75 15.125 51432.5076411
2.25 15.125 0.0
2.75 15.125 0.0
3.25 15.125 0.0
3.75 15.125 0.0
4.25 15.125 0.0
4.75 15.125 0.0
5.25 15.125 0.0
5.75 15.125 0.0
6.25 15.125 0.0
6.75 15.125 0.0
7.25 15.125 0.0
7.75 15.125 0.0
8.25 15.125 0.0
8.75 15.125 0.0
0.25 15.375 51432.5076411
0.75 15.375 0.0
1.25 15.375 0.0
1.75 15.375 51432.5076411
2.25 15.375 0.0
2.75 15.375 0.0
3.25 15.375 0.0
3.75 15.375 0.0
4.25 15.375 0.0
4.75 15.375 0.0
5.25 15.375 0.0
5.75 15.375 0.0
6.25 15.375 0.0
6.75 15.375 0.0
7.25 15.375 0.0
7.75 15.375 0.0
8.25 15.375 0.0
8.75 15.375 0.0
0.25 15.625 0.0
0.75 15.625 0.0
1.25 15.625 0.0
1.75 15.625 0.0
2.25 15.625 0.0
2.75 15.625 51432.5076411
3.25 15.625 0.0
3.75 15.625 0.0
4.25 15.625 0.0
4.75 15.625 0.0
5.25 15.625 0.0
5.75 15.625 0.0
6.25 15.625 0.0
6.75 15.625 0.0
7.25 15.625 0.0
7.75 15.625 0.0
8.25 15.625 0.0
8.75 15.625 0.0
0.25 15.875 0.0
0.75 15.875 0.0
1.25 15.875 0.0
1.75 15.875 0.0
2.25 15.875 0.0
2.75 15.875 0.0
3.25 15.875 51432.5076411
3.75 15.875 0.0
4.25 15.875 0.0
4.75 15.875 0.0
5.25 15.875 0.0
5.75 15.875 0.0
6.25 15.875 0.0
6.75 15.875 0.0
7.25 15.875 0.0
7.75 15.875 0.0
8.25 15.875 0.0
8.75 15.875 0.0
0.25 16.125 0.0
0.75 16.125 0.0
1.25 16.125 51432.5076411
1.75 16.125 0.0
2.25 16.125 0.0
2.75 16.125 0.0
3.25 16.125 0.0
3.75 16.125 0.0
4.25 16.125 0.0
4.75 16.125 0.0
5.25 16.125 51432.5076411
5.75 16.125 0.0
6.25 16.125 0.0
6.75 16.125 0.0
7.25 16.125 0.0
7.75 16.125 0.0
8.25 16.125 0.0
8.75 16.125 0.0
0.25 16.375 51432.5076411
0.75 16.375 0.0
1.25 16.375 51432.5076411
1.75 16.375 51432.5076411
2.25 16.375 0.0
2.75 16.375 51432.5076411
3.25 16.375 0.0
3.75 16.375 0.0
4.25 16.375 0.0
4.75 16.375 0.0
5.25 16.375 0.0
5.75 16.375 0.0
6.25 16.375 0.0
6.75 16.375 0.0
7.25 16.375 0.0
7.75 16.375 0.0
8.25 16.375 0.0
8.75 16.375 0.0
0.25 16.625 0.0
0.75 16.625 0.0
1.25 16.625 0.0
1.75 16.625 51432.5076411
2.25 16.625 0.0
2.75 16.625 51432.5076411
3.25 16.625 0.0
3.75 16.625 0.0
4.25 16.625 0.0
4.75 16.625 0.0
5.25 16.625 0.0
5.75 16.625 0.0
6.25 16.625 0.0
6.75 16.625 0.0
7.25 16.625 0.0
7.75 16.625 0.0
8.25 16.625 0.0
8.75 16.625 0.0
0.25 16.875 0.0
0.75 16.875 51432.5076411
1.25 16.875 0.0
1.75 16.875 0.0
2.25 16.875 0.0
2.75 16.875 0.0
3.25 16.875 0.0
3.75 16.875 0.0
4.25 16.875 0.0
4.75 16.875 0.0
5.25 16.875 0.0
5.75 16.875 0.0
6.25 16.875 0.0
6.75 16.875 0.0
7.25 16.875 0.0
7.75 16.875 0.0
8.25 16.875 0.0
8.75 16.875 0.0
0.25 17.125 51432.5076411
0.75 17.125 0.0
1.25 17.125 0.0
1.75 17.125 51432.5076411
2.25 17.125 0.0
2.75 17.125 0.0
3.25 17.125 0.0
3.75 17.125 0.0
4.25 17.125 51432.5076411
4.75 17.125 0.0
5.25 17.125 0.0
5.75 17.125 0.0
6.25 17.125 0.0
6.75 17.125 0.0
7.25 17.125 0.0
7.75 17.125 0.0
8.25 17.125 0.0
8.75 17.125 0.0
0.25 17.375 51432.5076411
0.75 17.375 0.0
1.25 17.375 51432.5076411
1.75 17.375 51432.5076411
2.25 17.375 51432.5076411
2.75 17.375 0.0
3.25 17.375 0.0
3.75 17.375 0.0
4.25 17.375 0.0
4.75 17.375 0.0
5.25 17.375 0.0
5.75 17.375 0.0
6.25 17.375 0.0
6.75 17.375 0.0
7.25 17.375 0.0
7.75 17.375 0.0
8.25 17.375 0.0
8.75 17.375 0.0
0.25 17.625 0.0
0.75 17.625 0.0
1.25 17.625 51432.5076411
1.75 17.625 0.0
2.25 17.625 0.0
2.75 17.625 0.0
3.25 17.625 0.0
3.75 17.625 0.0
4.25 17.625 0.0
4.75 17.625 0.0
5.25 17.625 0.0
5.75 17.625 0.0
6.25 17.625 0.0
6.75 17.625 0.0
7.25 17.625 0.0
7.75 17.625 0.0
8.25 17.625 0.0
8.75 17.625 0.0
0.25 17.875 0.0
0.75 17.875 0.0
1.25 17.875 51432.5076411
1.75 17.875 0.0
2.25 17.875 0.0
2.75 17.875 0.0
3.25 17.875 0.0
3.75 17.875 0.0
4.25 17.875 0.0
4.75 17.875 0.0
5.25 17.875 0.0
5.75 17.875 0.0
6.25 17.875 0.0
6.75 17.875 0.0
7.25 17.875 0.0
7.75 17.875 0.0
8.25 17.875 0.0
8.75 17.875 0.0
0.25 18.125 0.0
0.75 18.125 0.0
1.25 18.125 0.0
1.75 18.125 0.0
2.25 18.125 0.0
2.75 18.125 0.0
3.25 18.125 0.0
3.75 18.125 0.0
4.25 18.125 0.0
4.75 18.125 0.0
5.25 18.125 0.0
5.75 18.125 0.0
6.25 18.125 0.0
6.75 18.125 0.0
7.25 18.125 0.0
7.75 18.125 0.0
8.25 18.125 0.0
8.75 18.125 0.0
0.25 18.375 51432.5076411
0.75 18.375 0.0
1.25 18.375 0.0
1.75 18.375 0.0
2.25 18.375 0.0
2.75 18.375 0.0
3.25 18.375 0.0
3.75 18.375 0.0
4.25 18.375 0.0
4.75 18.375 0.0
5.25 18.375 0.0
5.75 18.375 0.0
6.25 18.375 0.0
6.75 18.375 0.0
7.25 18.375 0.0
7.75 18.375 0.0
8.25 18.375 0.0
8.75 18.375 0.0
0.25 18.625 0.0
0.75 18.625 51432.5076411
1.25 18.625 0.0
1.75 18.625 0.0
2.25 18.625 0.0
2.75 18.625 0.0
3.25 18.625 0.0
3.75 18.625 0.0
4.25 18.625 0.0
4.75 18.625 0.0
5.25 18.625 0.0
5.75 18.625 0.0
6.25 18.625 0.0
6.75 18.625 0.0
7.25 18.625 0.0
7.75 18.625 0.0
8.25 18.625 0.0
8.75 18.625 0.0
0.25 18.875 0.0
0.75 18.875 0.0
1.25 18.875 0.0
1.75 18.875 0.0
2.25 18.875 0.0
2.75 18.875 0.0
3.25 18.875 0.0
3.75 18.875 0.0
4.25 18.875 0.0
4.75 18.875 0.0
5.25 18.875 0.0
5.75 18.875 0.0
6.25 18.875 0.0
6.75 18.875 0.0
7.25 18.875 0.0
7.75 18.875 0.0
8.25 18.875 0.0
8.75 18.875 0.0
0.25 19.125 51432.5076411
0.75 19.125 0.0
1.25 19.125 0.0
1.75 19.125 0.0
2.25 19.125 0.0
2.75 19.125 0.0
3.25 19.125 51432.5076411
3.75 19.125 0.0
4.25 19.125 0.0
4.75 19.125 0.0
5.25 19.125 0.0
5.75 19.125 0.0
6.25 19.125 0.0
6.75 19.125 0.0
7.25 19.125 0.0
7.75 19.125 0.0
8.25 19.125 0.0
8.75 19.125 0.0
0.25 19.375 0.0
0.75 19.375 0.0
1.25 19.375 0.0
1.75 19.375 0.0
2.25 19.375 0.0
2.75 19.375 102865.015282
3.25 19.375 0.0
3.75 19.375 0.0
4.25 19.375 0.0
4.75 19.375 0.0
5.25 19.375 0.0
5.75 19.375 0.0
6.25 19.375 0.0
6.75 19.375 0.0
7.25 19.375 0.0
7.75 19.375 0.0
8.25 19.375 0.0
8.75 19.375 0.0
0.25 19.625 0.0
0.75 19.625 0.0
1.25 19.625 0.0
1.75 19.625 0.0
2.25 19.625 0.0
2.75 19.625 0.0
3.25 19.625 0.0
3.75 19.625 0.0
4.25 19.625 0.0
4.75 19.625 0.0
5.25 19.625 0.0
5.75 19.625 0.0
6.25 19.625 0.0
6.75 19.625 0.0
7.25 19.625 0.0
7.75 19.625 0.0
8.25 19.625 0.0
8.75 19.625 0.0
0.25 19.875 0.0
0.75 19.875 0.0
1.25 19.875 0.0
1.75 19.875 0.0
2.25 19.875 0.0
2.75 19.875 0.0
3.25 19.875 0.0
3.75 19.875 0.0
4.25 19.875 0.0
4.75 19.875 0.0
5.25 19.875 0.0
5.75 19.875 0.0
6.25 19.875 0.0
6.75 19.875 0.0
7.25 19.875 0.0
7.75 19.875 0.0
8.25 19.875 0.0
8.75 19.875 0.0
0.25 20.125 0.0
0.75 20.125 0.0
1.25 20.125 0.0
1.75 20.125 51432.5076411
2.25 20.125 0.0
2.75 20.125 0.0
3.25 20.125 0.0
3.75 20.125 0.0
4.25 20.125 0.0
4.75 20.125 0.0
5.25 20.125 0.0
5.75 20.125 0.0
6.25 20.125 0.0
6.75 20.125 0.0
7.25 20.125 0.0
7.75 20.125 0.0
8.25 20.125 0.0
8.75 20.125 0.0
0.25 20.375 0.0
0.75 20.375 0.0
1.25 20.375 0.0
1.75 20.375 0.0
2.25 20.375 0.0
2.75 20.375 0.0
3.25 20.375 0.0
3.75 20.375 0.0
4.25 20.375 0.0
4.75 20.375 0.0
5.25 20.375 0.0
5.75 20.375 0.0
6.25 20.375 0.0
6.75 20.375 0.0
7.25 20.375 0.0
7.75 20.375 0.0
8.25 20.375 0.0
8.75 20.375 0.0
0.25 20.625 0.0
0.75 20.625 0.0
1.25 20.625 0.0
1.75 20.625 0.0
2.25 20.625 0.0
2.75 20.625 0.0
3.25 20.625 0.0
3.75 20.625 0.0
4.25 20.625 0.0
4.75 20.625 0.0
5.25 20.625 0.0
5.75 20.625 0.0
6.25 20.625 0.0
6.75 20.625 0.0
7.25 20.625 0.0
7.75 20.625 0.0
8.25 20.625 0.0
8.75 20.625 0.0
0.25 20.875 0.0
0.75 20.875 0.0
1.25 20.875 0.0
1.75 20.875 0.0
2.25 20.875 0.0
2.75 20.875 0.0
3.25 20.875 0.0
3.75 20.875 0.0
4.25 20.875 0.0
4.75 20.875 0.0
5.25 20.875 0.0
5.75 20.875 0.0
6.25 20.875 0.0
6.75 20.875 0.0
7.25 20.875 0.0
7.75 20.875 0.0
8.25 20.875 0.0
8.75 20.875 0.0
0.25 21.125 0.0
0.75 21.125 0.0
1.25 21.125 0.0
1.75 21.125 51432.5076411
2.25 21.125 0.0
2.75 21.125 0.0
3.25 21.125 0.0
3.75 21.125 0.0
4.25 21.125 0.0
4.75 21.125 0.0
5.25 21.125 0.0
5.75 21.125 0.0
6.25 21.125 0.0
6.75 21.125 0.0
7.25 21.125 0.0
7.75 21.125 0.0
8.25 21.125 0.0
8.75 21.125 0.0
0.25 21.375 0.0
0.75 21.375 0.0
1.25 21.375 51432.5076411
1.75 21.375 0.0
2.25 21.375 0.0
2.75 21.375 0.0
3.25 21.375 0.0
3.75 21.375 0.0
4.25 21.375 0.0
4.75 21.375 0.0
5.25 21.375 0.0
5.75 21.375 0.0
6.25 21.375 0.0
6.75 21.375 0.0
7.25 21.375 0.0
7.75 21.375 0.0
8.25 21.375 0.0
8.75 21.375 0.0
0.25 21.625 0.0
0.75 21.625 0.0
1.25 21.625 51432.5076411
1.75 21.625 0.0
2.25 21.625 0.0
2.75 21.625 0.0
3.25 21.625 0.0
3.75 21.625 0.0
4.25 21.625 0.0
4.75 21.625 0.0
5.25 21.625 0.0
5.75 21.625 0.0
6.25 21.625 0.0
6.75 21.625 0.0
7.25 21.625 0.0
7.75 21.625 0.0
8.25 21.625 0.0
8.75 21.625 0.0
0.25 21.875 51432.5076411
0.75 21.875 0.0
1.25 21.875 0.0
1.75 21.875 0.0
2.25 21.875 0.0
2.75 21.875 0.0
3.25 21.875 0.0
3.75 21.875 0.0
4.25 21.875 0.0
4.75 21.875 0.0
5.25 21.875 0.0
5.75 21.875 0.0
6.25 21.875 0.0
6.75 21.875 0.0
7.25 21.875 0.0
7.75 21.875 0.0
8.25 21.875 0.0
8.75 21.875 0.0
0.25 22.125 0.0
0.75 22.125 0.0
1.25 22.125 0.0
1.75 22.125 0.0
2.25 22.125 0.0
2.75 22.125 0.0
3.25 22.125 0.0
3.75 22.125 0.0
4.25 22.125 0.0
4.75 22.125 0.0
5.25 22.125 0.0
5.75 22.125 0.0
6.25 22.125 0.0
6.75 22.125 0.0
7.25 22.125 0.0
7.75 22.125 0.0
8.25 22.125 0.0
8.75 22.125 0.0
0.25 22.375 51432.5076411
0.75 22.375 0.0
1.25 22.375 0.0
1.75 22.375 0.0
2.25 22.375 0.0
2.75 22.375 0.0
3.25 22.375 0.0
3.75 22.375 0.0
4.25 22.375 0.0
4.75 22.375 0.0
5.25 22.375 0.0
5.75 22.375 0.0
6.25 22.375 0.0
6.75 22.375 0.0
7.25 22.375 0.0
7.75 22.375 0.0
8.25 22.375 0.0
8.75 22.375 0.0
0.25 22.625 0.0
0.75 22.625 0.0
1.25 22.625 0.0
1.75 22.625 0.0
2.25 22.625 0.0
2.75 22.625 0.0
3.25 22.625 0.0
3.75 22.625 0.0
4.25 22.625 0.0
4.75 22.625 0.0
5.25 22.625 0.0
5.75 22.625 0.0
6.25 22.625 0.0
6.75 22.625 0.0
7.25 22.625 0.0
7.75 22.625 0.0
8.25 22.625 0.0
8.75 22.625 0.0
0.25 22.875 0.0
0.75 22.875 0.0
1.25 22.875 0.0
1.75 22.875 0.0
2.25 22.875 0.0
2.75 22.875 51432.5076411
3.25 22.875 0.0
3.75 22.875 0.0
4.25 22.875 0.0
4.75 22.875 0.0
5.25 22.875 0.0
5.75 22.875 0.0
6.25 22.875 0.0
6.75 22.875 0.0
7.25 22.875 0.0
7.75 22.875 0.0
8.25 22.875 0.0
8.75 22.875 0.0
0.25 23.125 0.0
0.75 23.125 0.0
1.25 23.125 0.0
1.75 23.125 0.0
2.25 23.125 0.0
2.75 23.125 0.0
3.25 23.125 0.0
3.75 23.125 0.0
4.25 23.125 0.0
4.75 23.125 0.0
5.25 23.125 0.0
5.75 23.125 0.0
6.25 23.125 0.0
6.75 23.125 0.0
7.25 23.125 0.0
7.75 23.125 0.0
8.25 23.125 0.0
8.75 23.125 0.0
0.25 23.375 0.0
0.75 23.375 0.0
1.25 23.375 0.0
1.75 23.375 0.0
2.25 23.375 0.0
2.75 23.375 0.0
3.25 23.375 0.0
3.75 23.375 0.0
4.25 23.375 0.0
4.75 23.375 0.0
5.25 23.375 0.0
5.75 23.375 0.0
6.25 23.375 0.0
6.75 23.375 0.0
7.25 23.375 0.0
7.75 23.375 0.0
8.25 23.375 0.0
8.75 23.375 0.0
0.25 23.625 0.0
0.75 23.625 0.0
1.25 23.625 0.0
1.75 23.625 0.0
2.25 23.625 0.0
2.75 23.625 0.0
3.25 23.625 0.0
3.75 23.625 0.0
4.25 23.625 0.0
4.75 23.625 0.0
5.25 23.625 0.0
5.75 23.625 0.0
6.25 23.625 0.0
6.75 23.625 0.0
7.25 23.625 0.0
7.75 23.625 0.0
8.25 23.625 0.0
8.75 23.625 0.0
0.25 23.875 0.0
0.75 23.875 0.0
1.25 23.875 0.0
1.75 23.875 0.0
2.25 23.875 0.0
2.75 23.875 0.0
3.25 23.875 0.0
3.75 23.875 0.0
4.25 23.875 0.0
4.75 23.875 0.0
5.25 23.875 0.0
5.75 23.875 0.0
6.25 23.875 0.0
6.75 23.875 0.0
7.25 23.875 0.0
7.75 23.875 0.0
8.25 23.875 0.0
8.75 23.875 0.0
0.25 24.125 0.0
0.75 24.125 0.0
1.25 24.125 0.0
1.75 24.125 0.0
2.25 24.125 0.0
2.75 24.125 0.0
3.25 24.125 0.0
3.75 24.125 0.0
4.25 24.125 0.0
4.75 24.125 0.0
5.25 24.125 0.0
5.75 24.125 0.0
6.25 24.125 0.0
6.75 24.125 0.0
7.25 24.125 0.0
7.75 24.125 0.0
8.25 24.125 0.0
8.75 24.125 0.0
0.25 24.375 0.0
0.75 24.375 0.0
1.25 24.375 0.0
1.75 24.375 0.0
2.25 24.375 0.0
2.75 24.375 0.0
3.25 24.375 0.0
3.75 24.375 0.0
4.25 24.375 0.0
4.75 24.375 0.0
5.25 24.375 0.0
5.75 24.375 0.0
6.25 24.375 0.0
6.75 24.375 0.0
7.25 24.375 0.0
7.75 24.375 0.0
8.25 24.375 0.0
8.75 24.375 0.0
0.25 24.625 0.0
0.75 24.625 0.0
1.25 24.625 51432.5076411
1.75 24.625 0.0
2.25 24.625 0.0
2.75 24.625 51432.5076411
3.25 24.625 0.0
3.75 24.625 0.0
4.25 24.625 0.0
4.75 24.625 0.0
5.25 24.625 0.0
5.75 24.625 0.0
6.25 24.625 0.0
6.75 24.625 0.0
7.25 24.625 0.0
7.75 24.625 0.0
8.25 24.625 0.0
8.75 24.625 0.0
0.25 24.875 0.0
0.75 24.875 0.0
1.25 24.875 0.0
1.75 24.875 0.0
2.25 24.875 0.0
2.75 24.875 0.0
3.25 24.875 0.0
3.75 24.875 0.0
4.25 24.875 0.0
4.75 24.875 0.0
5.25 24.875 0.0
5.75 24.875 0.0
6.25 24.875 0.0
6.75 24.875 0.0
7.25 24.875 0.0
7.75 24.875 0.0
8.25 24.875 0.0
8.75 24.875 0.0
0.25 25.125 0.0
0.75 25.125 0.0
1.25 25.125 0.0
1.75 25.125 0.0
2.25 25.125 0.0
2.75 25.125 0.0
3.25 25.125 0.0
3.75 25.125 0.0
4.25 25.125 0.0
4.75 25.125 0.0
5.25 25.125 0.0
5.75 25.125 0.0
6.25 25.125 0.0
6.75 25.125 0.0
7.25 25.125 0.0
7.75 25.125 0.0
8.25 25.125 0.0
8.75 25.125 0.0
0.25 25.375 0.0
0.75 25.375 0.0
1.25 25.375 0.0
1.75 25.375 0.0
2.25 25.375 0.0
2.75 25.375 51432.5076411
3.25 25.375 0.0
3.75 25.375 0.0
4.25 25.375 0.0
4.75 25.375 0.0
5.25 25.375 0.0
5.75 25.375 0.0
6.25 25.375 0.0
6.75 25.375 0.0
7.25 25.375 0.0
7.75 25.375 0.0
8.25 25.375 0.0
8.75 25.375 0.0
0.25 25.625 0.0
0.75 25.625 0.0
1.25 25.625 0.0
1.75 25.625 0.0
2.25 25.625 0.0
2.75 25.625 0.0
3.25 25.625 0.0
3.75 25.625 0.0
4.25 25.625 0.0
4.75 25.625 0.0
5.25 25.625 0.0
5.75 25.625 0.0
6.25 25.625 0.0
6.75 25.625 0.0
7.25 25.625 0.0
7.75 25.625 0.0
8.25 25.625 0.0
8.75 25.625 0.0
0.25 25.875 0.0
0.75 25.875 0.0
1.25 25.875 0.0
1.75 25.875 0.0
2.25 25.875 0.0
2.75 25.875 0.0
3.25 25.875 0.0
3.75 25.875 0.0
4.25 25.875 0.0
4.75 25.875 0.0
5.25 25.875 0.0
5.75 25.875 0.0
6.25 25.875 0.0
6.75 25.875 0.0
7.25 25.875 0.0
7.75 25.875 0.0
8.25 25.875 0.0
8.75 25.875 0.0
0.25 26.125 0.0
0.75 26.125 0.0
1.25 26.125 51432.5076411
1.75 26.125 0.0
2.25 26.125 0.0
2.75 26.125 0.0
3.25 26.125 0.0
3.75 26.125 0.0
4.25 26.125 0.0
4.75 26.125 0.0
5.25 26.125 0.0
5.75 26.125 0.0
6.25 26.125 0.0
6.75 26.125 0.0
7.25 26.125 0.0
7.75 26.125 0.0
8.25 26.125 0.0
8.75 26.125 0.0
0.25 26.375 0.0
0.75 26.375 0.0
1.25 26.375 0.0
1.75 26.375 0.0
2.25 26.375 0.0
2.75 26.375 0.0
3.25 26.375 0.0
3.75 26.375 0.0
4.25 26.375 0.0
4.75 26.375 0.0
5.25 26.375 0.0
5.75 26.375 0.0
6.25 26.375 0.0
6.75 26.375 0.0
7.25 26.375 0.0
7.75 26.375 0.0
8.25 26.375 0.0
8.75 26.375 0.0
0.25 26.625 0.0
0.75 26.625 0.0
1.25 26.625 0.0
1.75 26.625 51432.5076411
2.25 26.625 0.0
2.75 26.625 0.0
3.25 26.625 0.0
3.75 26.625 0.0
4.25 26.625 0.0
4.75 26.625 0.0
5.25 26.625 0.0
5.75 26.625 0.0
6.25 26.625 0.0
6.75 26.625 0.0
7.25 26.625 0.0
7.75 26.625 0.0
8.25 26.625 0.0
8.75 26.625 0.0
0.25 26.875 0.0
0.75 26.875 0.0
1.25 26.875 0.0
1.75 26.875 0.0
2.25 26.875 0.0
2.75 26.875 0.0
3.25 26.875 0.0
3.75 26.875 0.0
4.25 26.875 0.0
4.75 26.875 0.0
5.25 26.875 0.0
5.75 26.875 0.0
6.25 26.875 0.0
6.75 26.875 0.0
7.25 26.875 0.0
7.75 26.875 0.0
8.25 26.875 0.0
8.75 26.875 0.0
0.25 27.125 0.0
0.75 27.125 0.0
1.25 27.125 0.0
1.75 27.125 0.0
2.25 27.125 0.0
2.75 27.125 0.0
3.25 27.125 0.0
3.75 27.125 0.0
4.25 27.125 0.0
4.75 27.125 0.0
5.25 27.125 0.0
5.75 27.125 0.0
6.25 27.125 0.0
6.75 27.125 0.0
7.25 27.125 0.0
7.75 27.125 0.0
8.25 27.125 0.0
8.75 27.125 0.0
0.25 27.375 0.0
0.75 27.375 0.0
1.25 27.375 0.0
1.75 27.375 0.0
2.25 27.375 0.0
2.75 27.375 0.0
3.25 27.375 0.0
3.75 27.375 0.0
4.25 27.375 0.0
4.75 27.375 0.0
5.25 27.375 0.0
5.75 27.375 0.0
6.25 27.375 0.0
6.75 27.375 0.0
7.25 27.375 0.0
7.75 27.375 0.0
8.25 27.375 0.0
8.75 27.375 0.0
0.25 27.625 0.0
0.75 27.625 0.0
1.25 27.625 0.0
1.75 27.625 0.0
2.25 27.625 0.0
2.75 27.625 0.0
3.25 27.625 0.0
3.75 27.625 0.0
4.25 27.625 0.0
4.75 27.625 0.0
5.25 27.625 0.0
5.75 27.625 0.0
6.25 27.625 0.0
6.75 27.625 0.0
7.25 27.625 0.0
7.75 27.625 0.0
8.25 27.625 0.0
8.75 27.625 0.0
0.25 27.875 0.0
0.75 27.875 0.0
1.25 27.875 0.0
1.75 27.875 0.0
2.25 27.875 0.0
2.75 27.875 0.0
3.25 27.875 0.0
3.75 27.875 0.0
4.25 27.875 0.0
4.75 27.875 0.0
5.25 27.875 0.0
5.75 27.875 0.0
6.25 27.875 0.0
6.75 27.875 0.0
7.25 27.875 0.0
7.75 27.875 0.0
8.25 27.875 0.0
8.75 27.875 0.0
0.25 28.125 0.0
0.75 28.125 0.0
1.25 28.125 0.0
1.75 28.125 0.0
2.25 28.125 0.0
2.75 28.125 0.0
3.25 28.125 0.0
3.75 28.125 0.0
4.25 28.125 0.0
4.75 28.125 0.0
5.25 28.125 0.0
5.75 28.125 0.0
6.25 28.125 0.0
6.75 28.125 0.0
7.25 28.125 0.0
7.75 28.125 0.0
8.25 28.125 0.0
8.75 28.125 0.0
0.25 28.375 0.0
0.75 28.375 0.0
1.25 28.375 0.0
1.75 28.375 0.0
2.25 28.375 0.0
2.75 28.375 0.0
3.25 28.375 0.0
3.75 28.375 0.0
4.25 28.375 0.0
4.75 28.375 0.0
5.25 28.375 0.0
5.75 28.375 0.0
6.25 28.375 0.0
6.75 28.375 0.0
7.25 28.375 0.0
7.75 28.375 0.0
8.25 28.375 0.0
8.75 28.375 0.0
0.25 28.625 0.0
0.75 28.625 0.0
1.25 28.625 0.0
1.75 28.625 0.0
2.25 28.625 0.0
2.75 28.625 0.0
3.25 28.625 0.0
3.75 28.625 0.0
4.25 28.625 0.0
4.75 28.625 0.0
5.25 28.625 0.0
5.75 28.625 0.0
6.25 28.625 0.0
6.75 28.625 0.0
7.25 28.625 0.0
7.75 28.625 0.0
8.25 28.625 0.0
8.75 28.625 0.0
0.25 28.875 0.0
0.75 28.875 0.0
1.25 28.875 0.0
1.75 28.875 0.0
2.25 28.875 51432.5076411
2.75 28.875 0.0
3.25 28.875 0.0
3.75 28.875 0.0
4.25 28.875 0.0
4.75 28.875 0.0
5.25 28.875 0.0
5.75 28.875 0.0
6.25 28.875 0.0
6.75 28.875 0.0
7.25 28.875 0.0
7.75 28.875 0.0
8.25 28.875 0.0
8.75 28.875 0.0
0.25 29.125 0.0
0.75 29.125 0.0
1.25 29.125 0.0
1.75 29.125 0.0
2.25 29.125 0.0
2.75 29.125 0.0
3.25 29.125 0.0
3.75 29.125 0.0
4.25 29.125 0.0
4.75 29.125 0.0
5.25 29.125 0.0
5.75 29.125 0.0
6.25 29.125 0.0
6.75 29.125 0.0
7.25 29.125 0.0
7.75 29.125 0.0
8.25 29.125 0.0
8.75 29.125 0.0
0.25 29.375 0.0
0.75 29.375 0.0
1.25 29.375 0.0
1.75 29.375 0.0
2.25 29.375 0.0
2.75 29.375 0.0
3.25 29.375 0.0
3.75 29.375 0.0
4.25 29.375 0.0
4.75 29.375 0.0
5.25 29.375 0.0
5.75 29.375 0.0
6.25 29.375 0.0
6.75 29.375 0.0
7.25 29.375 0.0
7.75 29.375 0.0
8.25 29.375 0.0
8.75 29.375 0.0
0.25 29.625 0.0
0.75 29.625 0.0
1.25 29.625 0.0
1.75 29.625 0.0
2.25 29.625 0.0
2.75 29.625 0.0
3.25 29.625 0.0
3.75 29.625 0.0
4.25 29.625 0.0
4.75 29.625 0.0
5.25 29.625 0.0
5.75 29.625 0.0
6.25 29.625 0.0
6.75 29.625 0.0
7.25 29.625 0.0
7.75 29.625 0.0
8.25 29.625 0.0
8.75 29.625 0.0
0.25 29.875 0.0
0.75 29.875 0.0
1.25 29.875 0.0
1.75 29.875 0.0
2.25 29.875 0.0
2.75 29.875 0.0
3.25 29.875 0.0
3.75 29.875 0.0
4.25 29.875 0.0
4.75 29.875 0.0
5.25 29.875 0.0
5.75 29.875 0.0
6.25 29.875 0.0
6.75 29.875 0.0
7.25 29.875 0.0
7.75 29.875 0.0
8.25 29.875 0.0
8.75 29.875 0.0
