0.25 0.125 7986465.35873
0.75 0.125 10222675.6592
1.25 0.125 4152961.98654
1.75 0.125 9583758.43048
2.25 0.125 5750255.05829
2.75 0.125 8625382.58743
3.25 0.125 3514044.75784
3.75 0.125 6708630.90133
4.25 0.125 2555668.91479
4.75 0.125 1916751.6861
5.25 0.125 638917.228698
5.75 0.125 1597293.07175
6.25 0.125 638917.228698
6.75 0.125 1597293.07175
7.25 0.125 1277834.4574
7.75 0.125 1916751.6861
8.25 0.125 2875127.52914
8.75 0.125 1277834.4574
0.25 0.375 27792899.4484
0.75 0.375 24598313.3049
1.25 0.375 17570223.7892
1.75 0.375 17889682.4036
2.25 0.375 16292389.3318
2.75 0.375 15653472.1031
3.25 0.375 15972930.7175
3.75 0.375 10861592.8879
4.25 0.375 9903217.04483
4.75 0.375 8625382.58743
5.25 0.375 7347548.13003
5.75 0.375 6708630.90133
6.25 0.375 3194586.14349
6.75 0.375 2236210.30044
7.25 0.375 2555668.91479
7.75 0.375 1597293.07175
8.25 0.375 4472420.60089
8.75 0.375 638917.228698
0.25 0.625 36098823.4215
0.75 0.625 27473440.834
1.25 0.625 35779364.8071
1.75 0.625 31945861.4349
2.25 0.625 31945861.4349
2.75 0.625 25237230.5336
3.25 0.625 20125892.704
3.75 0.625 23320478.8475
4.25 0.625 16611847.9462
4.75 0.625 12458885.9596
5.25 0.625 10542134.2735
5.75 0.625 6708630.90133
6.25 0.625 3514044.75784
6.75 0.625 2875127.52914
7.25 0.625 1597293.07175
7.75 0.625 3514044.75784
8.25 0.625 3514044.75784
8.75 0.625 1277834.4574
0.25 0.875 44085288.7802
0.75 0.875 35459906.1928
1.25 0.875 43765830.1658
1.75 0.875 39293409.565
2.25 0.875 34501530.3497
2.75 0.875 30987485.5919
3.25 0.875 24598313.3049
3.75 0.875 29390192.5201
4.25 0.875 21403727.1614
4.75 0.875 14056179.0314
5.25 0.875 10861592.8879
5.75 0.875 11181051.5022
6.25 0.875 6069713.67263
6.75 0.875 3194586.14349
7.25 0.875 3514044.75784
7.75 0.875 2555668.91479
8.25 0.875 1277834.4574
8.75 0.875 0.0
0.25 1.125 47279874.9237
0.75 1.125 48557709.3811
1.25 1.125 44724206.0089
1.75 1.125 39932326.7937
2.25 1.125 37376657.8789
2.75 1.125 29390192.5201
3.25 1.125 26515064.991
3.75 1.125 28431816.6771
4.25 1.125 26195606.3766
4.75 1.125 19167516.861
5.25 1.125 14056179.0314
5.75 1.125 11181051.5022
6.25 1.125 4791879.21524
6.75 1.125 3194586.14349
7.25 1.125 3833503.37219
7.75 1.125 3194586.14349
8.25 1.125 319458.614349
8.75 1.125 319458.614349
0.25 1.375 44724206.0089
0.75 1.375 35779364.8071
1.25 1.375 43126912.9371
1.75 1.375 41529619.8654
2.25 1.375 44085288.7802
2.75 1.375 38654492.3363
3.25 1.375 38654492.3363
3.75 1.375 29390192.5201
4.25 1.375 23959396.0762
4.75 1.375 19167516.861
5.25 1.375 11181051.5022
5.75 1.375 8305923.97308
6.25 1.375 7986465.35873
6.75 1.375 4472420.60089
7.25 1.375 3833503.37219
7.75 1.375 1597293.07175
8.25 1.375 0.0
8.75 1.375 0.0
0.25 1.625 54946881.6681
0.75 1.625 47599333.538
1.25 1.625 49516085.2241
1.75 1.625 39293409.565
2.25 1.625 40571244.0223
2.75 1.625 35779364.8071
3.25 1.625 34182071.7354
3.75 1.625 27792899.4484
4.25 1.625 23959396.0762
4.75 1.625 18209141.0179
5.25 1.625 16611847.9462
5.75 1.625 9583758.43048
6.25 1.625 4791879.21524
6.75 1.625 4472420.60089
7.25 1.625 3194586.14349
7.75 1.625 2236210.30044
8.25 1.625 0.0
8.75 1.625 0.0
0.25 1.875 50793919.6815
0.75 1.875 36418282.0358
1.25 1.875 39612868.1793
1.75 1.875 38654492.3363
2.25 1.875 42487995.7084
2.75 1.875 34501530.3497
3.25 1.875 32584778.6636
3.75 1.875 31626402.8206
4.25 1.875 18528599.6323
4.75 1.875 16292389.3318
5.25 1.875 11181051.5022
5.75 1.875 10222675.6592
6.25 1.875 7028089.51568
6.75 1.875 4152961.98654
7.25 1.875 1916751.6861
7.75 1.875 958375.843048
8.25 1.875 0.0
8.75 1.875 0.0
0.25 2.125 40571244.0223
0.75 2.125 46321499.0806
1.25 2.125 36737740.6502
1.75 2.125 37057199.2645
2.25 2.125 36737740.6502
2.75 2.125 28751275.2914
3.25 2.125 24278854.6905
3.75 2.125 25876147.7623
4.25 2.125 20445351.3183
4.75 2.125 14375637.6457
5.25 2.125 14375637.6457
5.75 2.125 7347548.13003
6.25 2.125 7347548.13003
6.75 2.125 2875127.52914
7.25 2.125 1277834.4574
7.75 2.125 1277834.4574
8.25 2.125 0.0
8.75 2.125 0.0
0.25 2.375 37696116.4932
0.75 2.375 36737740.6502
1.25 2.375 42807454.3228
1.75 2.375 35779364.8071
2.25 2.375 32904237.278
2.75 2.375 23639937.4618
3.25 2.375 25237230.5336
3.75 2.375 20445351.3183
4.25 2.375 15334013.4888
4.75 2.375 15653472.1031
5.25 2.375 13097803.1883
5.75 2.375 11500510.1166
6.25 2.375 5750255.05829
6.75 2.375 3514044.75784
7.25 2.375 1916751.6861
7.75 2.375 319458.614349
8.25 2.375 0.0
8.75 2.375 0.0
0.25 2.625 32265320.0493
0.75 2.625 33543154.5067
1.25 2.625 29070733.9058
1.75 2.625 30029109.7488
2.25 2.625 29070733.9058
2.75 2.625 26195606.3766
3.25 2.625 23320478.8475
3.75 2.625 21723185.7757
4.25 2.625 18528599.6323
4.75 2.625 15334013.4888
5.25 2.625 9583758.43048
5.75 2.625 7667006.74438
6.25 2.625 5430796.44394
6.75 2.625 1597293.07175
7.25 2.625 958375.843048
7.75 2.625 0.0
8.25 2.625 0.0
8.75 2.625 0.0
0.25 2.875 38654492.3363
0.75 2.875 25876147.7623
1.25 2.875 29709651.1345
1.75 2.875 24917771.9192
2.25 2.875 26195606.3766
2.75 2.875 23001020.2331
3.25 2.875 20125892.704
3.75 2.875 16611847.9462
4.25 2.875 17570223.7892
4.75 2.875 11819968.7309
5.25 2.875 7347548.13003
5.75 2.875 6069713.67263
6.25 2.875 3514044.75784
6.75 2.875 2875127.52914
7.25 2.875 319458.614349
7.75 2.875 319458.614349
8.25 2.875 0.0
8.75 2.875 0.0
0.25 3.125 28751275.2914
0.75 3.125 26195606.3766
1.25 3.125 21084268.547
1.75 3.125 24278854.6905
2.25 3.125 24598313.3049
2.75 3.125 16292389.3318
3.25 3.125 21084268.547
3.75 3.125 13417261.8027
4.25 3.125 10861592.8879
4.75 3.125 10861592.8879
5.25 3.125 7667006.74438
5.75 3.125 6389172.28698
6.25 3.125 3514044.75784
6.75 3.125 1277834.4574
7.25 3.125 319458.614349
7.75 3.125 319458.614349
8.25 3.125 0.0
8.75 3.125 0.0
0.25 3.375 23320478.8475
0.75 3.375 20764809.9327
1.25 3.375 24278854.6905
1.75 3.375 18528599.6323
2.25 3.375 21723185.7757
2.75 3.375 17570223.7892
3.25 3.375 17889682.4036
3.75 3.375 11181051.5022
4.25 3.375 13417261.8027
4.75 3.375 10542134.2735
5.25 3.375 7028089.51568
5.75 3.375 2875127.52914
6.25 3.375 2236210.30044
6.75 3.375 1916751.6861
7.25 3.375 319458.614349
7.75 3.375 0.0
8.25 3.375 0.0
8.75 3.375 0.0
0.25 3.625 15653472.1031
0.75 3.625 14695096.2601
1.25 3.625 22042644.3901
1.75 3.625 19806434.0897
2.25 3.625 13417261.8027
2.75 3.625 15334013.4888
3.25 3.625 14695096.2601
3.75 3.625 12139427.3453
4.25 3.625 8944841.20178
4.75 3.625 8305923.97308
5.25 3.625 6069713.67263
5.75 3.625 4152961.98654
6.25 3.625 1916751.6861
6.75 3.625 958375.843048
7.25 3.625 319458.614349
7.75 3.625 0.0
8.25 3.625 0.0
8.75 3.625 0.0
0.25 3.875 16611847.9462
0.75 3.875 16931306.5605
1.25 3.875 18209141.0179
1.75 3.875 19167516.861
2.25 3.875 15972930.7175
2.75 3.875 10861592.8879
3.25 3.875 10542134.2735
3.75 3.875 10542134.2735
4.25 3.875 10222675.6592
4.75 3.875 7667006.74438
5.25 3.875 2555668.91479
5.75 3.875 2875127.52914
6.25 3.875 1916751.6861
6.75 3.875 319458.614349
7.25 3.875 319458.614349
7.75 3.875 0.0
8.25 3.875 0.0
8.75 3.875 0.0
0.25 4.125 11500510.1166
0.75 4.125 16611847.9462
1.25 4.125 18528599.6323
1.75 4.125 12778344.574
2.25 4.125 7986465.35873
2.75 4.125 9583758.43048
3.25 4.125 8944841.20178
3.75 4.125 8625382.58743
4.25 4.125 6069713.67263
4.75 4.125 5750255.05829
5.25 4.125 1597293.07175
5.75 4.125 1916751.6861
6.25 4.125 319458.614349
6.75 4.125 638917.228698
7.25 4.125 0.0
7.75 4.125 0.0
8.25 4.125 0.0
8.75 4.125 0.0
0.25 4.375 11500510.1166
0.75 4.375 7667006.74438
1.25 4.375 12458885.9596
1.75 4.375 8944841.20178
2.25 4.375 11500510.1166
2.75 4.375 9264299.81613
3.25 4.375 7986465.35873
3.75 4.375 6708630.90133
4.25 4.375 8625382.58743
4.75 4.375 3194586.14349
5.25 4.375 6069713.67263
5.75 4.375 1597293.07175
6.25 4.375 638917.228698
6.75 4.375 0.0
7.25 4.375 0.0
7.75 4.375 0.0
8.25 4.375 0.0
8.75 4.375 0.0
0.25 4.625 10222675.6592
0.75 4.625 13736720.417
1.25 4.625 11819968.7309
1.75 4.625 9264299.81613
2.25 4.625 9903217.04483
2.75 4.625 9903217.04483
3.25 4.625 8944841.20178
3.75 4.625 7028089.51568
4.25 4.625 6069713.67263
4.75 4.625 7028089.51568
5.25 4.625 4472420.60089
5.75 4.625 2555668.91479
6.25 4.625 958375.843048
6.75 4.625 319458.614349
7.25 4.625 0.0
7.75 4.625 0.0
8.25 4.625 0.0
8.75 4.625 0.0
0.25 4.875 7986465.35873
0.75 4.875 7986465.35873
1.25 4.875 12139427.3453
1.75 4.875 6708630.90133
2.25 4.875 6069713.67263
2.75 4.875 9583758.43048
3.25 4.875 4152961.98654
3.75 4.875 6389172.28698
4.25 4.875 5430796.44394
4.75 4.875 3514044.75784
5.25 4.875 2236210.30044
5.75 4.875 2236210.30044
6.25 4.875 638917.228698
6.75 4.875 319458.614349
7.25 4.875 0.0
7.75 4.875 0.0
8.25 4.875 0.0
8.75 4.875 0.0
0.25 5.125 7986465.35873
0.75 5.125 8625382.58743
1.25 5.125 8305923.97308
1.75 5.125 8625382.58743
2.25 5.125 9264299.81613
2.75 5.125 8625382.58743
3.25 5.125 7347548.13003
3.75 5.125 3833503.37219
4.25 5.125 7347548.13003
4.75 5.125 4472420.60089
5.25 5.125 638917.228698
5.75 5.125 1277834.4574
6.25 5.125 1277834.4574
6.75 5.125 319458.614349
7.25 5.125 0.0
7.75 5.125 0.0
8.25 5.125 0.0
8.75 5.125 0.0
0.25 5.375 6389172.28698
0.75 5.375 6708630.90133
1.25 5.375 5430796.44394
1.75 5.375 2555668.91479
2.25 5.375 3514044.75784
2.75 5.375 6708630.90133
3.25 5.375 4472420.60089
3.75 5.375 3194586.14349
4.25 5.375 5111337.82959
4.75 5.375 3514044.75784
5.25 5.375 3514044.75784
5.75 5.375 2236210.30044
6.25 5.375 319458.614349
6.75 5.375 0.0
7.25 5.375 0.0
7.75 5.375 0.0
8.25 5.375 0.0
8.75 5.375 0.0
0.25 5.625 6389172.28698
0.75 5.625 4472420.60089
1.25 5.625 3514044.75784
1.75 5.625 3833503.37219
2.25 5.625 4472420.60089
2.75 5.625 4472420.60089
3.25 5.625 3194586.14349
3.75 5.625 4472420.60089
4.25 5.625 2875127.52914
4.75 5.625 2875127.52914
5.25 5.625 2236210.30044
5.75 5.625 1277834.4574
6.25 5.625 319458.614349
6.75 5.625 0.0
7.25 5.625 0.0
7.75 5.625 0.0
8.25 5.625 0.0
8.75 5.625 0.0
0.25 5.875 3833503.37219
0.75 5.875 4791879.21524
1.25 5.875 5750255.05829
1.75 5.875 6069713.67263
2.25 5.875 5750255.05829
2.75 5.875 4152961.98654
3.25 5.875 2236210.30044
3.75 5.875 6069713.67263
4.25 5.875 1597293.07175
4.75 5.875 319458.614349
5.25 5.875 1597293.07175
5.75 5.875 319458.614349
6.25 5.875 638917.228698
6.75 5.875 0.0
7.25 5.875 0.0
7.75 5.875 0.0
8.25 5.875 0.0
8.75 5.875 0.0
0.25 6.125 5750255.05829
0.75 6.125 3514044.75784
1.25 6.125 4791879.21524
1.75 6.125 4152961.98654
2.25 6.125 4472420.60089
2.75 6.125 3194586.14349
3.25 6.125 3514044.75784
3.75 6.125 4152961.98654
4.25 6.125 2875127.52914
4.75 6.125 319458.614349
5.25 6.125 958375.843048
5.75 6.125 0.0
6.25 6.125 0.0
6.75 6.125 0.0
7.25 6.125 0.0
7.75 6.125 0.0
8.25 6.125 0.0
8.75 6.125 0.0
0.25 6.375 3194586.14349
0.75 6.375 2555668.91479
1.25 6.375 3194586.14349
1.75 6.375 3514044.75784
2.25 6.375 2236210.30044
2.75 6.375 958375.843048
3.25 6.375 3514044.75784
3.75 6.375 4152961.98654
4.25 6.375 3514044.75784
4.75 6.375 1916751.6861
5.25 6.375 1597293.07175
5.75 6.375 0.0
6.25 6.375 0.0
6.75 6.375 0.0
7.25 6.375 0.0
7.75 6.375 0.0
8.25 6.375 0.0
8.75 6.375 0.0
0.25 6.625 2236210.30044
0.75 6.625 3194586.14349
1.25 6.625 3833503.37219
1.75 6.625 3833503.37219
2.25 6.625 2555668.91479
2.75 6.625 2555668.91479
3.25 6.625 2875127.52914
3.75 6.625 2875127.52914
4.25 6.625 958375.843048
4.75 6.625 638917.228698
5.25 6.625 2555668.91479
5.75 6.625 638917.228698
6.25 6.625 319458.614349
6.75 6.625 0.0
7.25 6.625 0.0
7.75 6.625 0.0
8.25 6.625 0.0
8.75 6.625 0.0
0.25 6.875 1597293.07175
0.75 6.875 1916751.6861
1.25 6.875 2875127.52914
1.75 6.875 1277834.4574
2.25 6.875 1277834.4574
2.75 6.875 638917.228698
3.25 6.875 2875127.52914
3.75 6.875 2236210.30044
4.25 6.875 2236210.30044
4.75 6.875 1597293.07175
5.25 6.875 0.0
5.75 6.875 0.0
6.25 6.875 0.0
6.75 6.875 0.0
7.25 6.875 0.0
7.75 6.875 0.0
8.25 6.875 0.0
8.75 6.875 0.0
0.25 7.125 1916751.6861
0.75 7.125 2236210.30044
1.25 7.125 3194586.14349
1.75 7.125 2555668.91479
2.25 7.125 1916751.6861
2.75 7.125 1277834.4574
3.25 7.125 1916751.6861
3.75 7.125 638917.228698
4.25 7.125 638917.228698
4.75 7.125 638917.228698
5.25 7.125 319458.614349
5.75 7.125 0.0
6.25 7.125 0.0
6.75 7.125 0.0
7.25 7.125 0.0
7.75 7.125 0.0
8.25 7.125 0.0
8.75 7.125 0.0
0.25 7.375 638917.228698
0.75 7.375 1916751.6861
1.25 7.375 958375.843048
1.75 7.375 638917.228698
2.25 7.375 1277834.4574
2.75 7.375 1277834.4574
3.25 7.375 1277834.4574
3.75 7.375 958375.843048
4.25 7.375 638917.228698
4.75 7.375 638917.228698
5.25 7.375 638917.228698
5.75 7.375 638917.228698
6.25 7.375 319458.614349
6.75 7.375 0.0
7.25 7.375 0.0
7.75 7.375 0.0
8.25 7.375 0.0
8.75 7.375 0.0
0.25 7.625 1277834.4574
0.75 7.625 319458.614349
1.25 7.625 958375.843048
1.75 7.625 0.0
2.25 7.625 1277834.4574
2.75 7.625 1277834.4574
3.25 7.625 638917.228698
3.75 7.625 638917.228698
4.25 7.625 638917.228698
4.75 7.625 319458.614349
5.25 7.625 319458.614349
5.75 7.625 319458.614349
6.25 7.625 0.0
6.75 7.625 0.0
7.25 7.625 0.0
7.75 7.625 0.0
8.25 7.625 0.0
8.75 7.625 0.0
0.25 7.875 1277834.4574
0.75 7.875 1916751.6861
1.25 7.875 2236210.30044
1.75 7.875 319458.614349
2.25 7.875 1277834.4574
2.75 7.875 2236210.30044
3.25 7.875 2555668.91479
3.75 7.875 638917.228698
4.25 7.875 319458.614349
4.75 7.875 319458.614349
5.25 7.875 319458.614349
5.75 7.875 0.0
6.25 7.875 319458.614349
6.75 7.875 0.0
7.25 7.875 0.0
7.75 7.875 0.0
8.25 7.875 0.0
8.75 7.875 0.0
0.25 8.125 2236210.30044
0.75 8.125 1597293.07175
1.25 8.125 0.0
1.75 8.125 1277834.4574
2.25 8.125 958375.843048
2.75 8.125 638917.228698
3.25 8.125 638917.228698
3.75 8.125 319458.614349
4.25 8.125 319458.614349
4.75 8.125 319458.614349
5.25 8.125 319458.614349
5.75 8.125 0.0
6.25 8.125 319458.614349
6.75 8.125 0.0
7.25 8.125 0.0
7.75 8.125 0.0
8.25 8.125 0.0
8.75 8.125 0.0
0.25 8.375 319458.614349
0.75 8.375 1277834.4574
1.25 8.375 0.0
1.75 8.375 319458.614349
2.25 8.375 0.0
2.75 8.375 1277834.4574
3.25 8.375 1277834.4574
3.75 8.375 1277834.4574
4.25 8.375 0.0
4.75 8.375 0.0
5.25 8.375 0.0
5.75 8.375 0.0
6.25 8.375 0.0
6.75 8.375 0.0
7.25 8.375 0.0
7.75 8.375 0.0
8.25 8.375 0.0
8.75 8.375 0.0
0.25 8.625 319458.614349
0.75 8.625 638917.228698
1.25 8.625 319458.614349
1.75 8.625 1277834.4574
2.25 8.625 0.0
2.75 8.625 638917.228698
3.25 8.625 319458.614349
3.75 8.625 0.0
4.25 8.625 638917.228698
4.75 8.625 638917.228698
5.25 8.625 319458.614349
5.75 8.625 319458.614349
6.25 8.625 0.0
6.75 8.625 0.0
7.25 8.625 0.0
7.75 8.625 0.0
8.25 8.625 0.0
8.75 8.625 0.0
0.25 8.875 319458.614349
0.75 8.875 1597293.07175
1.25 8.875 958375.843048
1.75 8.875 0.0
2.25 8.875 638917.228698
2.75 8.875 319458.614349
3.25 8.875 958375.843048
3.75 8.875 0.0
4.25 8.875 0.0
4.75 8.875 0.0
5.25 8.875 0.0
5.75 8.875 319458.614349
6.25 8.875 319458.614349
6.75 8.875 0.0
7.25 8.875 0.0
7.75 8.875 0.0
8.25 8.875 0.0
8.75 8.875 0.0
0.25 9.125 638917.228698
0.75 9.125 638917.228698
1.25 9.125 638917.228698
1.75 9.125 958375.843048
2.25 9.125 319458.614349
2.75 9.125 958375.843048
3.25 9.125 319458.614349
3.75 9.125 638917.228698
4.25 9.125 638917.228698
4.75 9.125 638917.228698
5.25 9.125 0.0
5.75 9.125 0.0
6.25 9.125 0.0
6.75 9.125 0.0
7.25 9.125 0.0
7.75 9.125 0.0
8.25 9.125 0.0
8.75 9.125 0.0
0.25 9.375 1597293.07175
0.75 9.375 319458.614349
1.25 9.375 0.0
1.75 9.375 319458.614349
2.25 9.375 1597293.07175
2.75 9.375 319458.614349
3.25 9.375 319458.614349
3.75 9.375 319458.614349
4.25 9.375 0.0
4.75 9.375 0.0
5.25 9.375 0.0
5.75 9.375 319458.614349
6.25 9.375 319458.614349
6.75 9.375 0.0
7.25 9.375 0.0
7.75 9.375 0.0
8.25 9.375 0.0
8.75 9.375 0.0
0.25 9.625 319458.614349
0.75 9.625 1597293.07175
1.25 9.625 638917.228698
1.75 9.625 319458.614349
2.25 9.625 319458.614349
2.75 9.625 319458.614349
3.25 9.625 319458.614349
3.75 9.625 319458.614349
4.25 9.625 0.0
4.75 9.625 0.0
5.25 9.625 0.0
5.75 9.625 0.0
6.25 9.625 0.0
6.75 9.625 0.0
7.25 9.625 0.0
7.75 9.625 0.0
8.25 9.625 0.0
8.75 9.625 0.0
0.25 9.875 0.0
0.75 9.875 319458.614349
1.25 9.875 0.0
1.75 9.875 0.0
2.25 9.875 1277834.4574
2.75 9.875 958375.843048
3.25 9.875 0.0
3.75 9.875 319458.614349
4.25 9.875 0.0
4.75 9.875 0.0
5.25 9.875 0.0
5.75 9.875 0.0
6.25 9.875 0.0
6.75 9.875 0.0
7.25 9.875 0.0
7.75 9.875 0.0
8.25 9.875 0.0
8.75 9.875 0.0
0.25 10.125 319458.614349
0.75 10.125 0.0
1.25 10.125 0.0
1.75 10.125 319458.614349
2.25 10.125 0.0
2.75 10.125 0.0
3.25 10.125 319458.614349
3.75 10.125 638917.228698
4.25 10.125 319458.614349
4.75 10.125 319458.614349
5.25 10.125 0.0
5.75 10.125 0.0
6.25 10.125 0.0
6.75 10.125 0.0
7.25 10.125 0.0
7.75 10.125 0.0
8.25 10.125 0.0
8.75 10.125 0.0
0.25 10.375 0.0
0.75 10.375 0.0
1.25 10.375 0.0
1.75 10.375 0.0
2.25 10.375 0.0
2.75 10.375 0.0
3.25 10.375 0.0
3.75 10.375 0.0
4.25 10.375 319458.614349
4.75 10.375 319458.614349
5.25 10.375 0.0
5.75 10.375 0.0
6.25 10.375 0.0
6.75 10.375 0.0
7.25 10.375 0.0
7.75 10.375 0.0
8.25 10.375 0.0
8.75 10.375 0.0
0.25 10.625 0.0
0.75 10.625 319458.614349
1.25 10.625 319458.614349
1.75 10.625 638917.228698
2.25 10.625 0.0
2.75 10.625 638917.228698
3.25 10.625 958375.843048
3.75 10.625 0.0
4.25 10.625 319458.614349
4.75 10.625 319458.614349
5.25 10.625 0.0
5.75 10.625 0.0
6.25 10.625 0.0
6.75 10.625 0.0
7.25 10.625 0.0
7.75 10.625 0.0
8.25 10.625 0.0
8.75 10.625 0.0
0.25 10.875 0.0
0.75 10.875 0.0
1.25 10.875 319458.614349
1.75 10.875 319458.614349
2.25 10.875 0.0
2.75 10.875 0.0
3.25 10.875 0.0
3.75 10.875 319458.614349
4.25 10.875 0.0
4.75 10.875 0.0
5.25 10.875 0.0
5.75 10.875 0.0
6.25 10.875 0.0
6.75 10.875 0.0
7.25 10.875 0.0
7.75 10.875 0.0
8.25 10.875 0.0
8.75 10.875 0.0
0.25 11.125 0.0
0.75 11.125 638917.228698
1.25 11.125 319458.614349
1.75 11.125 319458.614349
2.25 11.125 319458.614349
2.75 11.125 319458.614349
3.25 11.125 0.0
3.75 11.125 0.0
4.25 11.125 0.0
4.75 11.125 0.0
5.25 11.125 0.0
5.75 11.125 0.0
6.25 11.125 0.0
6.75 11.125 0.0
7.25 11.125 0.0
7.75 11.125 0.0
8.25 11.125 0.0
8.75 11.125 0.0
0.25 11.375 319458.614349
0.75 11.375 0.0
1.25 11.375 638917.228698
1.75 11.375 0.0
2.25 11.375 0.0
2.75 11.375 0.0
3.25 11.375 638917.228698
3.75 11.375 319458.614349
4.25 11.375 319458.614349
4.75 11.375 319458.614349
5.25 11.375 0.0
5.75 11.375 0.0
6.25 11.375 0.0
6.75 11.375 0.0
7.25 11.375 0.0
7.75 11.375 0.0
8.25 11.375 0.0
8.75 11.375 0.0
0.25 11.625 0.0
0.75 11.625 0.0
1.25 11.625 0.0
1.75 11.625 638917.228698
2.25 11.625 0.0
2.75 11.625 0.0
3.25 11.625 0.0
3.75 11.625 0.0
4.25 11.625 0.0
4.75 11.625 0.0
5.25 11.625 319458.614349
5.75 11.625 0.0
6.25 11.625 0.0
6.75 11.625 0.0
7.25 11.625 0.0
7.75 11.625 0.0
8.25 11.625 0.0
8.75 11.625 0.0
0.25 11.875 0.0
0.75 11.875 0.0
1.25 11.875 0.0
1.75 11.875 319458.614349
2.25 11.875 0.0
2.75 11.875 0.0
3.25 11.875 0.0
3.75 11.875 0.0
4.25 11.875 0.0
4.75 11.875 0.0
5.25 11.875 0.0
5.75 11.875 0.0
6.25 11.875 0.0
6.75 11.875 0.0
7.25 11.875 0.0
7.75 11.875 0.0
8.25 11.875 0.0
8.75 11.875 0.0
0.25 12.125 0.0
0.75 12.125 0.0
1.25 12.125 0.0
1.75 12.125 0.0
2.25 12.125 0.0
2.75 12.125 0.0
3.25 12.125 0.0
3.75 12.125 0.0
4.25 12.125 0.0
4.75 12.125 0.0
5.25 12.125 0.0
5.75 12.125 0.0
6.25 12.125 0.0
6.75 12.125 0.0
7.25 12.125 0.0
7.75 12.125 0.0
8.25 12.125 0.0
8.75 12.125 0.0
0.25 12.375 0.0
0.75 12.375 0.0
1.25 12.375 319458.614349
1.75 12.375 0.0
2.25 12.375 319458.614349
2.75 12.375 0.0
3.25 12.375 0.0
3.75 12.375 0.0
4.25 12.375 0.0
4.75 12.375 319458.614349
5.25 12.375 0.0
5.75 12.375 0.0
6.25 12.375 0.0
6.75 12.375 0.0
7.25 12.375 0.0
7.75 12.375 0.0
8.25 12.375 0.0
8.75 12.375 0.0
0.25 12.625 0.0
0.75 12.625 319458.614349
1.25 12.625 0.0
1.75 12.625 0.0
2.25 12.625 0.0
2.75 12.625 0.0
3.25 12.625 0.0
3.75 12.625 319458.614349
4.25 12.625 0.0
4.75 12.625 319458.614349
5.25 12.625 0.0
5.75 12.625 0.0
6.25 12.625 0.0
6.75 12.625 0.0
7.25 12.625 0.0
7.75 12.625 0.0
8.25 12.625 0.0
8.75 12.625 0.0
0.25 12.875 0.0
0.75 12.875 0.0
1.25 12.875 319458.614349
1.75 12.875 0.0
2.25 12.875 0.0
2.75 12.875 0.0
3.25 12.875 0.0
3.75 12.875 0.0
4.25 12.875 0.0
4.75 12.875 0.0
5.25 12.875 0.0
5.75 12.875 0.0
6.25 12.875 0.0
6.75 12.875 0.0
7.25 12.875 0.0
7.75 12.875 0.0
8.25 12.875 0.0
8.75 12.875 0.0
0.25 13.125 0.0
0.75 13.125 0.0
1.25 13.125 0.0
1.75 13.125 0.0
2.25 13.125 0.0
2.75 13.125 0.0
3.25 13.125 0.0
3.75 13.125 0.0
4.25 13.125 319458.614349
4.75 13.125 0.0
5.25 13.125 0.0
5.75 13.125 0.0
6.25 13.125 0.0
6.75 13.125 0.0
7.25 13.125 0.0
7.75 13.125 0.0
8.25 13.125 0.0
8.75 13.125 0.0
0.25 13.375 0.0
0.75 13.375 0.0
1.25 13.375 0.0
1.75 13.375 0.0
2.25 13.375 0.0
2.75 13.375 0.0
3.25 13.375 0.0
3.75 13.375 0.0
4.25 13.375 0.0
4.75 13.375 0.0
5.25 13.375 0.0
5.75 13.375 0.0
6.25 13.375 0.0
6.75 13.375 0.0
7.25 13.375 0.0
7.75 13.375 0.0
8.25 13.375 0.0
8.75 13.375 0.0
0.25 13.625 319458.614349
0.75 13.625 0.0
1.25 13.625 319458.614349
1.75 13.625 0.0
2.25 13.625 0.0
2.75 13.625 0.0
3.25 13.625 0.0
3.75 13.625 0.0
4.25 13.625 0.0
4.75 13.625 0.0
5.25 13.625 0.0
5.75 13.625 0.0
6.25 13.625 0.0
6.75 13.625 0.0
7.25 13.625 0.0
7.75 13.625 0.0
8.25 13.625 0.0
8.75 13.625 0.0
0.25 13.875 0.0
0.75 13.875 0.0
1.25 13.875 0.0
1.75 13.875 0.0
2.25 13.875 0.0
2.75 13.875 0.0
3.25 13.875 0.0
3.75 13.875 0.0
4.25 13.875 319458.614349
4.75 13.875 0.0
5.25 13.875 0.0
5.75 13.875 0.0
6.25 13.875 0.0
6.75 13.875 0.0
7.25 13.875 0.0
7.75 13.875 0.0
8.25 13.875 0.0
8.75 13.875 0.0
0.25 14.125 319458.614349
0.75 14.125 0.0
1.25 14.125 0.0
1.75 14.125 0.0
2.25 14.125 319458.614349
2.75 14.125 0.0
3.25 14.125 0.0
3.75 14.125 0.0
4.25 14.125 0.0
4.75 14.125 0.0
5.25 14.125 0.0
5.75 14.125 0.0
6.25 14.125 0.0
6.75 14.125 0.0
7.25 14.125 0.0
7.75 14.125 0.0
8.25 14.125 0.0
8.75 14.125 0.0
0.25 14.375 0.0
0.75 14.375 0.0
1.25 14.375 319458.614349
1.75 14.375 319458.614349
2.25 14.375 0.0
2.75 14.375 0.0
3.25 14.375 0.0
3.75 14.375 0.0
4.25 14.375 319458.614349
4.75 14.375 0.0
5.25 14.375 0.0
5.75 14.375 0.0
6.25 14.375 0.0
6.75 14.375 0.0
7.25 14.375 0.0
7.75 14.375 0.0
8.25 14.375 0.0
8.75 14.375 0.0
0.25 14.625 0.0
0.75 14.625 638917.228698
1.25 14.625 0.0
1.75 14.625 0.0
2.25 14.625 319458.614349
2.75 14.625 0.0
3.25 14.625 0.0
3.75 14.625 0.0
4.25 14.625 0.0
4.75 14.625 319458.614349
5.25 14.625 0.0
5.75 14.625 0.0
6.25 14.625 0.0
6.75 14.625 0.0
7.25 14.625 0.0
7.75 14.625 0.0
8.25 14.625 0.0
8.75 14.625 0.0
0.25 14.875 0.0
0.75 14.875 0.0
1.25 14.875 319458.614349
1.75 14.875 0.0
2.25 14.875 0.0
2.75 14.875 0.0
3.25 14.875 0.0
3.75 14.875 0.0
4.25 14.875 319458.614349
4.75 14.875 0.0
5.25 14.875 0.0
5.75 14.875 0.0
6.25 14.875 0.0
6.75 14.875 0.0
7.25 14.875 0.0
7.75 14.875 0.0
8.25 14.875 0.0
8.75 14.875 0.0
0.25 15.125 0.0
0.75 15.125 0.0
1.25 15.125 0.0
1.75 15.125 0.0
2.25 15.125 638917.228698
2.75 15.125 319458.614349
3.25 15.125 0.0
3.75 15.125 0.0
4.25 15.125 0.0
4.75 15.125 0.0
5.25 15.125 0.0
5.75 15.125 0.0
6.25 15.125 0.0
6.75 15.125 0.0
7.25 15.125 0.0
7.75 15.125 0.0
8.25 15.125 0.0
8.75 15.125 0.0
0.25 15.375 0.0
0.75 15.375 0.0
1.25 15.375 319458.614349
1.75 15.375 0.0
2.25 15.375 0.0
2.75 15.375 0.0
3.25 15.375 0.0
3.75 15.375 0.0
4.25 15.375 0.0
4.75 15.375 0.0
5.25 15.375 0.0
5.75 15.375 0.0
6.25 15.375 0.0
6.75 15.375 0.0
7.25 15.375 0.0
7.75 15.375 0.0
8.25 15.375 0.0
8.75 15.375 0.0
0.25 15.625 0.0
0.75 15.625 0.0
1.25 15.625 0.0
1.75 15.625 0.0
2.25 15.625 0.0
2.75 15.625 0.0
3.25 15.625 0.0
3.75 15.625 0.0
4.25 15.625 0.0
4.75 15.625 0.0
5.25 15.625 0.0
5.75 15.625 0.0
6.25 15.625 0.0
6.75 15.625 0.0
7.25 15.625 0.0
7.75 15.625 0.0
8.25 15.625 0.0
8.75 15.625 0.0
0.25 15.875 0.0
0.75 15.875 0.0
1.25 15.875 0.0
1.75 15.875 0.0
2.25 15.875 0.0
2.75 15.875 0.0
3.25 15.875 0.0
3.75 15.875 0.0
4.25 15.875 0.0
4.75 15.875 0.0
5.25 15.875 0.0
5.75 15.875 0.0
6.25 15.875 0.0
6.75 15.875 0.0
7.25 15.875 0.0
7.75 15.875 0.0
8.25 15.875 0.0
8.75 15.875 0.0
0.25 16.125 0.0
0.75 16.125 0.0
1.25 16.125 0.0
1.75 16.125 319458.614349
2.25 16.125 0.0
2.75 16.125 0.0
3.25 16.125 0.0
3.75 16.125 0.0
4.25 16.125 0.0
4.75 16.125 0.0
5.25 16.125 0.0
5.75 16.125 0.0
6.25 16.125 0.0
6.75 16.125 0.0
7.25 16.125 0.0
7.75 16.125 0.0
8.25 16.125 0.0
8.75 16.125 0.0
0.25 16.375 0.0
0.75 16.375 0.0
1.25 16.375 0.0
1.75 16.375 0.0
2.25 16.375 0.0
2.75 16.375 0.0
3.25 16.375 0.0
3.75 16.375 0.0
4.25 16.375 0.0
4.75 16.375 0.0
5.25 16.375 0.0
5.75 16.375 0.0
6.25 16.375 0.0
6.75 16.375 0.0
7.25 16.375 0.0
7.75 16.375 0.0
8.25 16.375 0.0
8.75 16.375 0.0
0.25 16.625 0.0
0.75 16.625 319458.614349
1.25 16.625 0.0
1.75 16.625 0.0
2.25 16.625 0.0
2.75 16.625 0.0
3.25 16.625 0.0
3.75 16.625 0.0
4.25 16.625 0.0
4.75 16.625 0.0
5.25 16.625 0.0
5.75 16.625 0.0
6.25 16.625 0.0
6.75 16.625 0.0
7.25 16.625 0.0
7.75 16.625 0.0
8.25 16.625 0.0
8.75 16.625 0.0
0.25 16.875 0.0
0.75 16.875 319458.614349
1.25 16.875 0.0
1.75 16.875 0.0
2.25 16.875 0.0
2.75 16.875 0.0
3.25 16.875 0.0
3.75 16.875 0.0
4.25 16.875 0.0
4.75 16.875 0.0
5.25 16.875 0.0
5.75 16.875 0.0
6.25 16.875 0.0
6.75 16.875 0.0
7.25 16.875 0.0
7.75 16.875 0.0
8.25 16.875 0.0
8.75 16.875 0.0
0.25 17.125 0.0
0.75 17.125 0.0
1.25 17.125 0.0
1.75 17.125 0.0
2.25 17.125 319458.614349
2.75 17.125 0.0
3.25 17.125 0.0
3.75 17.125 0.0
4.25 17.125 0.0
4.75 17.125 0.0
5.25 17.125 0.0
5.75 17.125 0.0
6.25 17.125 0.0
6.75 17.125 0.0
7.25 17.125 0.0
7.75 17.125 0.0
8.25 17.125 0.0
8.75 17.125 0.0
0.25 17.375 0.0
0.75 17.375 0.0
1.25 17.375 0.0
1.75 17.375 0.0
2.25 17.375 0.0
2.75 17.375 0.0
3.25 17.375 0.0
3.75 17.375 0.0
4.25 17.375 0.0
4.75 17.375 0.0
5.25 17.375 0.0
5.75 17.375 0.0
6.25 17.375 0.0
6.75 17.375 0.0
7.25 17.375 0.0
7.75 17.375 0.0
8.25 17.375 0.0
8.75 17.375 0.0
0.25 17.625 0.0
0.75 17.625 0.0
1.25 17.625 319458.614349
1.75 17.625 0.0
2.25 17.625 0.0
2.75 17.625 0.0
3.25 17.625 0.0
3.75 17.625 0.0
4.25 17.625 0.0
4.75 17.625 0.0
5.25 17.625 0.0
5.75 17.625 0.0
6.25 17.625 0.0
6.75 17.625 0.0
7.25 17.625 0.0
7.75 17.625 0.0
8.25 17.625 0.0
8.75 17.625 0.0
0.25 17.875 0.0
0.75 17.875 0.0
1.25 17.875 0.0
1.75 17.875 0.0
2.25 17.875 0.0
2.75 17.875 0.0
3.25 17.875 0.0
3.75 17.875 0.0
4.25 17.875 0.0
4.75 17.875 0.0
5.25 17.875 0.0
5.75 17.875 0.0
6.25 17.875 0.0
6.75 17.875 0.0
7.25 17.875 0.0
7.75 17.875 0.0
8.25 17.875 0.0
8.75 17.875 0.0
0.25 18.125 0.0
0.75 18.125 319458.614349
1.25 18.125 0.0
1.75 18.125 0.0
2.25 18.125 0.0
2.75 18.125 0.0
3.25 18.125 0.0
3.75 18.125 0.0
4.25 18.125 0.0
4.75 18.125 0.0
5.25 18.125 0.0
5.75 18.125 0.0
6.25 18.125 0.0
6.75 18.125 0.0
7.25 18.125 0.0
7.75 18.125 0.0
8.25 18.125 0.0
8.75 18.125 0.0
0.25 18.375 0.0
0.75 18.375 0.0
1.25 18.375 0.0
1.75 18.375 0.0
2.25 18.375 0.0
2.75 18.375 0.0
3.25 18.375 0.0
3.75 18.375 0.0
4.25 18.375 0.0
4.75 18.375 0.0
5.25 18.375 0.0
5.75 18.375 0.0
6.25 18.375 0.0
6.75 18.375 0.0
7.25 18.375 0.0
7.75 18.375 0.0
8.25 18.375 0.0
8.75 18.375 0.0
0.25 18.625 319458.614349
0.75 18.625 0.0
1.25 18.625 0.0
1.75 18.625 0.0
2.25 18.625 0.0
2.75 18.625 0.0
3.25 18.625 0.0
3.75 18.625 0.0
4.25 18.625 0.0
4.75 18.625 0.0
5.25 18.625 0.0
5.75 18.625 0.0
6.25 18.625 0.0
6.75 18.625 0.0
7.25 18.625 0.0
7.75 18.625 0.0
8.25 18.625 0.0
8.75 18.625 0.0
0.25 18.875 0.0
0.75 18.875 0.0
1.25 18.875 0.0
1.75 18.875 0.0
2.25 18.875 0.0
2.75 18.875 0.0
3.25 18.875 0.0
3.75 18.875 0.0
4.25 18.875 0.0
4.75 18.875 0.0
5.25 18.875 0.0
5.75 18.875 0.0
6.25 18.875 0.0
6.75 18.875 0.0
7.25 18.875 0.0
7.75 18.875 0.0
8.25 18.875 0.0
8.75 18.875 0.0
0.25 19.125 0.0
0.75 19.125 0.0
1.25 19.125 0.0
1.75 19.125 0.0
2.25 19.125 0.0
2.75 19.125 0.0
3.25 19.125 0.0
3.75 19.125 0.0
4.25 19.125 0.0
4.75 19.125 0.0
5.25 19.125 0.0
5.75 19.125 0.0
6.25 19.125 0.0
6.75 19.125 0.0
7.25 19.125 0.0
7.75 19.125 0.0
8.25 19.125 0.0
8.75 19.125 0.0
0.25 19.375 0.0
0.75 19.375 319458.614349
1.25 19.375 0.0
1.75 19.375 0.0
2.25 19.375 0.0
2.75 19.375 0.0
3.25 19.375 0.0
3.75 19.375 0.0
4.25 19.375 0.0
4.75 19.375 0.0
5.25 19.375 0.0
5.75 19.375 0.0
6.25 19.375 0.0
6.75 19.375 0.0
7.25 19.375 0.0
7.75 19.375 0.0
8.25 19.375 0.0
8.75 19.375 0.0
0.25 19.625 0.0
0.75 19.625 0.0
1.25 19.625 0.0
1.75 19.625 319458.614349
2.25 19.625 0.0
2.75 19.625 0.0
3.25 19.625 0.0
3.75 19.625 0.0
4.25 19.625 0.0
4.75 19.625 0.0
5.25 19.625 0.0
5.75 19.625 0.0
6.25 19.625 0.0
6.75 19.625 0.0
7.25 19.625 0.0
7.75 19.625 0.0
8.25 19.625 0.0
8.75 19.625 0.0
0.25 19.875 319458.614349
0.75 19.875 0.0
1.25 19.875 0.0
1.75 19.875 0.0
2.25 19.875 0.0
2.75 19.875 0.0
3.25 19.875 0.0
3.75 19.875 0.0
4.25 19.875 0.0
4.75 19.875 0.0
5.25 19.875 0.0
5.75 19.875 0.0
6.25 19.875 0.0
6.75 19.875 0.0
7.25 19.875 0.0
7.75 19.875 0.0
8.25 19.875 0.0
8.75 19.875 0.0
0.25 20.125 0.0
0.75 20.125 0.0
1.25 20.125 0.0
1.75 20.125 0.0
2.25 20.125 0.0
2.75 20.125 0.0
3.25 20.125 0.0
3.75 20.125 0.0
4.25 20.125 0.0
4.75 20.125 0.0
5.25 20.125 0.0
5.75 20.125 0.0
6.25 20.125 0.0
6.75 20.125 0.0
7.25 20.125 0.0
7.75 20.125 0.0
8.25 20.125 0.0
8.75 20.125 0.0
0.25 20.375 0.0
0.75 20.375 0.0
1.25 20.375 319458.614349
1.75 20.375 0.0
2.25 20.375 0.0
2.75 20.375 319458.614349
3.25 20.375 0.0
3.75 20.375 0.0
4.25 20.375 0.0
4.75 20.375 0.0
5.25 20.375 0.0
5.75 20.375 0.0
6.25 20.375 0.0
6.75 20.375 0.0
7.25 20.375 0.0
7.75 20.375 0.0
8.25 20.375 0.0
8.75 20.375 0.0
0.25 20.625 0.0
0.75 20.625 0.0
1.25 20.625 0.0
1.75 20.625 0.0
2.25 20.625 0.0
2.75 20.625 0.0
3.25 20.625 0.0
3.75 20.625 0.0
4.25 20.625 0.0
4.75 20.625 0.0
5.25 20.625 0.0
5.75 20.625 0.0
6.25 20.625 0.0
6.75 20.625 0.0
7.25 20.625 0.0
7.75 20.625 0.0
8.25 20.625 0.0
8.75 20.625 0.0
0.25 20.875 0.0
0.75 20.875 0.0
1.25 20.875 0.0
1.75 20.875 0.0
2.25 20.875 0.0
2.75 20.875 0.0
3.25 20.875 0.0
3.75 20.875 0.0
4.25 20.875 0.0
4.75 20.875 0.0
5.25 20.875 0.0
5.75 20.875 0.0
6.25 20.875 0.0
6.75 20.875 0.0
7.25 20.875 0.0
7.75 20.875 0.0
8.25 20.875 0.0
8.75 20.875 0.0
0.25 21.125 0.0
0.75 21.125 0.0
1.25 21.125 0.0
1.75 21.125 0.0
2.25 21.125 0.0
2.75 21.125 0.0
3.25 21.125 0.0
3.75 21.125 0.0
4.25 21.125 0.0
4.75 21.125 0.0
5.25 21.125 0.0
5.75 21.125 0.0
6.25 21.125 0.0
6.75 21.125 0.0
7.25 21.125 0.0
7.75 21.125 0.0
8.25 21.125 0.0
8.75 21.125 0.0
0.25 21.375 0.0
0.75 21.375 0.0
1.25 21.375 0.0
1.75 21.375 0.0
2.25 21.375 0.0
2.75 21.375 0.0
3.25 21.375 0.0
3.75 21.375 0.0
4.25 21.375 0.0
4.75 21.375 0.0
5.25 21.375 0.0
5.75 21.375 0.0
6.25 21.375 0.0
6.75 21.375 0.0
7.25 21.375 0.0
7.75 21.375 0.0
8.25 21.375 0.0
8.75 21.375 0.0
0.25 21.625 0.0
0.75 21.625 0.0
1.25 21.625 0.0
1.75 21.625 319458.614349
2.25 21.625 0.0
2.75 21.625 0.0
3.25 21.625 0.0
3.75 21.625 0.0
4.25 21.625 0.0
4.75 21.625 0.0
5.25 21.625 0.0
5.75 21.625 0.0
6.25 21.625 0.0
6.75 21.625 0.0
7.25 21.625 0.0
7.75 21.625 0.0
8.25 21.625 0.0
8.75 21.625 0.0
0.25 21.875 0.0
0.75 21.875 0.0
1.25 21.875 0.0
1.75 21.875 0.0
2.25 21.875 0.0
2.75 21.875 0.0
3.25 21.875 0.0
3.75 21.875 0.0
4.25 21.875 0.0
4.75 21.875 0.0
5.25 21.875 0.0
5.75 21.875 0.0
6.25 21.875 0.0
6.75 21.875 0.0
7.25 21.875 0.0
7.75 21.875 0.0
8.25 21.875 0.0
8.75 21.875 0.0
0.25 22.125 0.0
0.75 22.125 0.0
1.25 22.125 0.0
1.75 22.125 0.0
2.25 22.125 0.0
2.75 22.125 0.0
3.25 22.125 0.0
3.75 22.125 0.0
4.25 22.125 0.0
4.75 22.125 0.0
5.25 22.125 0.0
5.75 22.125 0.0
6.25 22.125 0.0
6.75 22.125 0.0
7.25 22.125 0.0
7.75 22.125 0.0
8.25 22.125 0.0
8.75 22.125 0.0
0.25 22.375 0.0
0.75 22.375 0.0
1.25 22.375 0.0
1.75 22.375 0.0
2.25 22.375 0.0
2.75 22.375 0.0
3.25 22.375 0.0
3.75 22.375 0.0
4.25 22.375 0.0
4.75 22.375 0.0
5.25 22.375 0.0
5.75 22.375 0.0
6.25 22.375 0.0
6.75 22.375 0.0
7.25 22.375 0.0
7.75 22.375 0.0
8.25 22.375 0.0
8.75 22.375 0.0
0.25 22.625 0.0
0.75 22.625 0.0
1.25 22.625 0.0
1.75 22.625 0.0
2.25 22.625 0.0
2.75 22.625 0.0
3.25 22.625 0.0
3.75 22.625 0.0
4.25 22.625 0.0
4.75 22.625 0.0
5.25 22.625 0.0
5.75 22.625 0.0
6.25 22.625 0.0
6.75 22.625 0.0
7.25 22.625 0.0
7.75 22.625 0.0
8.25 22.625 0.0
8.75 22.625 0.0
0.25 22.875 0.0
0.75 22.875 0.0
1.25 22.875 0.0
1.75 22.875 0.0
2.25 22.875 0.0
2.75 22.875 0.0
3.25 22.875 0.0
3.75 22.875 0.0
4.25 22.875 0.0
4.75 22.875 0.0
5.25 22.875 0.0
5.75 22.875 0.0
6.25 22.875 0.0
6.75 22.875 0.0
7.25 22.875 0.0
7.75 22.875 0.0
8.25 22.875 0.0
8.75 22.875 0.0
0.25 23.125 0.0
0.75 23.125 0.0
1.25 23.125 0.0
1.75 23.125 0.0
2.25 23.125 0.0
2.75 23.125 0.0
3.25 23.125 0.0
3.75 23.125 0.0
4.25 23.125 0.0
4.75 23.125 0.0
5.25 23.125 0.0
5.75 23.125 0.0
6.25 23.125 0.0
6.75 23.125 0.0
7.25 23.125 0.0
7.75 23.125 0.0
8.25 23.125 0.0
8.75 23.125 0.0
0.25 23.375 0.0
0.75 23.375 0.0
1.25 23.375 0.0
1.75 23.375 0.0
2.25 23.375 0.0
2.75 23.375 0.0
3.25 23.375 0.0
3.75 23.375 0.0
4.25 23.375 0.0
4.75 23.375 0.0
5.25 23.375 0.0
5.75 23.375 0.0
6.25 23.375 0.0
6.75 23.375 0.0
7.25 23.375 0.0
7.75 23.375 0.0
8.25 23.375 0.0
8.75 23.375 0.0
0.25 23.625 0.0
0.75 23.625 0.0
1.25 23.625 0.0
1.75 23.625 0.0
2.25 23.625 0.0
2.75 23.625 0.0
3.25 23.625 0.0
3.75 23.625 0.0
4.25 23.625 0.0
4.75 23.625 0.0
5.25 23.625 0.0
5.75 23.625 0.0
6.25 23.625 0.0
6.75 23.625 0.0
7.25 23.625 0.0
7.75 23.625 0.0
8.25 23.625 0.0
8.75 23.625 0.0
0.25 23.875 0.0
0.75 23.875 0.0
1.25 23.875 0.0
1.75 23.875 0.0
2.25 23.875 0.0
2.75 23.875 0.0
3.25 23.875 0.0
3.75 23.875 0.0
4.25 23.875 0.0
4.75 23.875 0.0
5.25 23.875 0.0
5.75 23.875 0.0
6.25 23.875 0.0
6.75 23.875 0.0
7.25 23.875 0.0
7.75 23.875 0.0
8.25 23.875 0.0
8.75 23.875 0.0
0.25 24.125 0.0
0.75 24.125 0.0
1.25 24.125 0.0
1.75 24.125 0.0
2.25 24.125 0.0
2.75 24.125 0.0
3.25 24.125 0.0
3.75 24.125 0.0
4.25 24.125 0.0
4.75 24.125 0.0
5.25 24.125 0.0
5.75 24.125 0.0
6.25 24.125 0.0
6.75 24.125 0.0
7.25 24.125 0.0
7.75 24.125 0.0
8.25 24.125 0.0
8.75 24.125 0.0
0.25 24.375 0.0
0.75 24.375 0.0
1.25 24.375 0.0
1.75 24.375 0.0
2.25 24.375 0.0
2.75 24.375 0.0
3.25 24.375 0.0
3.75 24.375 0.0
4.25 24.375 0.0
4.75 24.375 0.0
5.25 24.375 0.0
5.75 24.375 0.0
6.25 24.375 0.0
6.75 24.375 0.0
7.25 24.375 0.0
7.75 24.375 0.0
8.25 24.375 0.0
8.75 24.375 0.0
0.25 24.625 0.0
0.75 24.625 0.0
1.25 24.625 0.0
1.75 24.625 0.0
2.25 24.625 0.0
2.75 24.625 0.0
3.25 24.625 0.0
3.75 24.625 0.0
4.25 24.625 0.0
4.75 24.625 0.0
5.25 24.625 0.0
5.75 24.625 0.0
6.25 24.625 0.0
6.75 24.625 0.0
7.25 24.625 0.0
7.75 24.625 0.0
8.25 24.625 0.0
8.75 24.625 0.0
0.25 24.875 0.0
0.75 24.875 0.0
1.25 24.875 0.0
1.75 24.875 0.0
2.25 24.875 0.0
2.75 24.875 0.0
3.25 24.875 0.0
3.75 24.875 0.0
4.25 24.875 0.0
4.75 24.875 0.0
5.25 24.875 0.0
5.75 24.875 0.0
6.25 24.875 0.0
6.75 24.875 0.0
7.25 24.875 0.0
7.75 24.875 0.0
8.25 24.875 0.0
8.75 24.875 0.0
0.25 25.125 0.0
0.75 25.125 0.0
1.25 25.125 0.0
1.75 25.125 0.0
2.25 25.125 319458.614349
2.75 25.125 0.0
3.25 25.125 0.0
3.75 25.125 0.0
4.25 25.125 0.0
4.75 25.125 0.0
5.25 25.125 0.0
5.75 25.125 0.0
6.25 25.125 0.0
6.75 25.125 0.0
7.25 25.125 0.0
7.75 25.125 0.0
8.25 25.125 0.0
8.75 25.125 0.0
0.25 25.375 0.0
0.75 25.375 0.0
1.25 25.375 0.0
1.75 25.375 0.0
2.25 25.375 0.0
2.75 25.375 0.0
3.25 25.375 0.0
3.75 25.375 0.0
4.25 25.375 0.0
4.75 25.375 0.0
5.25 25.375 0.0
5.75 25.375 0.0
6.25 25.375 0.0
6.75 25.375 0.0
7.25 25.375 0.0
7.75 25.375 0.0
8.25 25.375 0.0
8.75 25.375 0.0
0.25 25.625 0.0
0.75 25.625 0.0
1.25 25.625 0.0
1.75 25.625 0.0
2.25 25.625 0.0
2.75 25.625 0.0
3.25 25.625 0.0
3.75 25.625 0.0
4.25 25.625 0.0
4.75 25.625 0.0
5.25 25.625 0.0
5.75 25.625 0.0
6.25 25.625 0.0
6.75 25.625 0.0
7.25 25.625 0.0
7.75 25.625 0.0
8.25 25.625 0.0
8.75 25.625 0.0
0.25 25.875 0.0
0.75 25.875 0.0
1.25 25.875 0.0
1.75 25.875 0.0
2.25 25.875 0.0
2.75 25.875 0.0
3.25 25.875 0.0
3.75 25.875 0.0
4.25 25.875 0.0
4.75 25.875 0.0
5.25 25.875 0.0
5.75 25.875 0.0
6.25 25.875 0.0
6.75 25.875 0.0
7.25 25.875 0.0
7.75 25.875 0.0
8.25 25.875 0.0
8.75 25.875 0.0
0.25 26.125 0.0
0.75 26.125 0.0
1.25 26.125 0.0
1.75 26.125 0.0
2.25 26.125 0.0
2.75 26.125 0.0
3.25 26.125 0.0
3.75 26.125 0.0
4.25 26.125 0.0
4.75 26.125 0.0
5.25 26.125 0.0
5.75 26.125 0.0
6.25 26.125 0.0
6.75 26.125 0.0
7.25 26.125 0.0
7.75 26.125 0.0
8.25 26.125 0.0
8.75 26.125 0.0
0.25 26.375 0.0
0.75 26.375 0.0
1.25 26.375 0.0
1.75 26.375 0.0
2.25 26.375 0.0
2.75 26.375 0.0
3.25 26.375 0.0
3.75 26.375 0.0
4.25 26.375 0.0
4.75 26.375 0.0
5.25 26.375 0.0
5.75 26.375 0.0
6.25 26.375 0.0
6.75 26.375 0.0
7.25 26.375 0.0
7.75 26.375 0.0
8.25 26.375 0.0
8.75 26.375 0.0
0.25 26.625 0.0
0.75 26.625 0.0
1.25 26.625 0.0
1.75 26.625 0.0
2.25 26.625 0.0
2.75 26.625 0.0
3.25 26.625 0.0
3.75 26.625 0.0
4.25 26.625 0.0
4.75 26.625 0.0
5.25 26.625 0.0
5.75 26.625 0.0
6.25 26.625 0.0
6.75 26.625 0.0
7.25 26.625 0.0
7.75 26.625 0.0
8.25 26.625 0.0
8.75 26.625 0.0
0.25 26.875 0.0
0.75 26.875 0.0
1.25 26.875 0.0
1.75 26.875 0.0
2.25 26.875 0.0
2.75 26.875 0.0
3.25 26.875 0.0
3.75 26.875 0.0
4.25 26.875 0.0
4.75 26.875 0.0
5.25 26.875 0.0
5.75 26.875 0.0
6.25 26.875 0.0
6.75 26.875 0.0
7.25 26.875 0.0
7.75 26.875 0.0
8.25 26.875 0.0
8.75 26.875 0.0
0.25 27.125 0.0
0.75 27.125 0.0
1.25 27.125 0.0
1.75 27.125 0.0
2.25 27.125 0.0
2.75 27.125 0.0
3.25 27.125 0.0
3.75 27.125 0.0
4.25 27.125 0.0
4.75 27.125 0.0
5.25 27.125 0.0
5.75 27.125 0.0
6.25 27.125 0.0
6.75 27.125 0.0
7.25 27.125 0.0
7.75 27.125 0.0
8.25 27.125 0.0
8.75 27.125 0.0
0.25 27.375 0.0
0.75 27.375 0.0
1.25 27.375 0.0
1.75 27.375 0.0
2.25 27.375 0.0
2.75 27.375 0.0
3.25 27.375 0.0
3.75 27.375 0.0
4.25 27.375 0.0
4.75 27.375 0.0
5.25 27.375 0.0
5.75 27.375 0.0
6.25 27.375 0.0
6.75 27.375 0.0
7.25 27.375 0.0
7.75 27.375 0.0
8.25 27.375 0.0
8.75 27.375 0.0
0.25 27.625 0.0
0.75 27.625 0.0
1.25 27.625 0.0
1.75 27.625 0.0
2.25 27.625 0.0
2.75 27.625 0.0
3.25 27.625 0.0
3.75 27.625 0.0
4.25 27.625 0.0
4.75 27.625 0.0
5.25 27.625 0.0
5.75 27.625 0.0
6.25 27.625 0.0
6.75 27.625 0.0
7.25 27.625 0.0
7.75 27.625 0.0
8.25 27.625 0.0
8.75 27.625 0.0
0.25 27.875 0.0
0.75 27.875 0.0
1.25 27.875 0.0
1.75 27.875 0.0
2.25 27.875 0.0
2.75 27.875 0.0
3.25 27.875 0.0
3.75 27.875 0.0
4.25 27.875 0.0
4.75 27.875 0.0
5.25 27.875 0.0
5.75 27.875 0.0
6.25 27.875 0.0
6.75 27.875 0.0
7.25 27.875 0.0
7.75 27.875 0.0
8.25 27.875 0.0
8.75 27.875 0.0
0.25 28.125 0.0
0.75 28.125 0.0
1.25 28.125 0.0
1.75 28.125 0.0
2.25 28.125 319458.614349
2.75 28.125 0.0
3.25 28.125 0.0
3.75 28.125 0.0
4.25 28.125 0.0
4.75 28.125 0.0
5.25 28.125 0.0
5.75 28.125 0.0
6.25 28.125 0.0
6.75 28.125 0.0
7.25 28.125 0.0
7.75 28.125 0.0
8.25 28.125 0.0
8.75 28.125 0.0
0.25 28.375 0.0
0.75 28.375 0.0
1.25 28.375 0.0
1.75 28.375 0.0
2.25 28.375 0.0
2.75 28.375 0.0
3.25 28.375 0.0
3.75 28.375 0.0
4.25 28.375 0.0
4.75 28.375 0.0
5.25 28.375 0.0
5.75 28.375 0.0
6.25 28.375 0.0
6.75 28.375 0.0
7.25 28.375 0.0
7.75 28.375 0.0
8.25 28.375 0.0
8.75 28.375 0.0
0.25 28.625 0.0
0.75 28.625 0.0
1.25 28.625 0.0
1.75 28.625 0.0
2.25 28.625 0.0
2.75 28.625 0.0
3.25 28.625 0.0
3.75 28.625 0.0
4.25 28.625 0.0
4.75 28.625 0.0
5.25 28.625 0.0
5.75 28.625 0.0
6.25 28.625 0.0
6.75 28.625 0.0
7.25 28.625 0.0
7.75 28.625 0.0
8.25 28.625 0.0
8.75 28.625 0.0
0.25 28.875 0.0
0.75 28.875 0.0
1.25 28.875 0.0
1.75 28.875 0.0
2.25 28.875 0.0
2.75 28.875 0.0
3.25 28.875 0.0
3.75 28.875 0.0
4.25 28.875 0.0
4.75 28.875 0.0
5.25 28.875 0.0
5.75 28.875 0.0
6.25 28.875 0.0
6.75 28.875 0.0
7.25 28.875 0.0
7.75 28.875 0.0
8.25 28.875 0.0
8.75 28.875 0.0
0.25 29.125 0.0
0.75 29.125 0.0
1.25 29.125 0.0
1.75 29.125 0.0
2.25 29.125 0.0
2.75 29.125 0.0
3.25 29.125 0.0
3.75 29.125 0.0
4.25 29.125 0.0
4.75 29.125 0.0
5.25 29.125 0.0
5.75 29.125 0.0
6.25 29.125 0.0
6.75 29.125 0.0
7.25 29.125 0.0
7.75 29.125 0.0
8.25 29.125 0.0
8.75 29.125 0.0
0.25 29.375 0.0
0.75 29.375 0.0
1.25 29.375 0.0
1.75 29.375 0.0
2.25 29.375 0.0
2.75 29.375 0.0
3.25 29.375 0.0
3.75 29.375 0.0
4.25 29.375 0.0
4.75 29.375 0.0
5.25 29.375 0.0
5.75 29.375 0.0
6.25 29.375 0.0
6.75 29.375 0.0
7.25 29.375 0.0
7.75 29.375 0.0
8.25 29.375 0.0
8.75 29.375 0.0
0.25 29.625 0.0
0.75 29.625 0.0
1.25 29.625 0.0
1.75 29.625 0.0
2.25 29.625 0.0
2.75 29.625 0.0
3.25 29.625 0.0
3.75 29.625 0.0
4.25 29.625 0.0
4.75 29.625 0.0
5.25 29.625 0.0
5.75 29.625 0.0
6.25 29.625 0.0
6.75 29.625 0.0
7.25 29.625 0.0
7.75 29.625 0.0
8.25 29.625 0.0
8.75 29.625 0.0
0.25 29.875 0.0
0.75 29.875 0.0
1.25 29.875 0.0
1.75 29.875 0.0
2.25 29.875 0.0
2.75 29.875 0.0
3.25 29.875 0.0
3.75 29.875 0.0
4.25 29.875 0.0
4.75 29.875 0.0
5.25 29.875 0.0
5.75 29.875 0.0
6.25 29.875 0.0
6.75 29.875 0.0
7.25 29.875 0.0
7.75 29.875 0.0
8.25 29.875 0.0
8.75 29.875 0.0
