11.294627058970837 1560.7334995550448
14.219093021276404 2107.2742906210096
17.900777537149963 1271.9479851847968
22.535743732392298 2461.828822855018
28.370820458389794 8571.07910534865
35.71674682851676 16635.453179060743
44.96472020903849 21908.95372437255
56.60722890537329 27020.078226592756
71.26427896022373 47679.10694998712
89.71641173621407 76749.94272331108
112.94627058970838 77573.93910385825
142.1909302127641 93237.52571253438
179.00777537149963 94036.2343213333
225.35743732392305 142744.39847293816
283.7082045838981 150021.64452700783
357.1674682851676 182799.06068361725
449.6472020903849 149803.91856473428
566.0722890537327 160865.93694051495
712.6427896022376 143348.1600137374
897.164117362141 116352.4886879262
1129.4627058970837 87150.4485271282
1421.9093021276408 55759.5633469997
1790.0777537149975 27836.839255720144
2253.5743732392316 13118.08623904502
2837.082045838981 3949.910851237597
3571.674682851676 903.1983080003411
4496.47202090385 114.0659425323829
5660.72289053733 9.959403426386416
7126.427896022379 0.0
8971.64117362141 0.0
