11.294627058970837 35.21243140097005
14.219093021276404 626.4621414563474
17.900777537149963 1345.3417493972706
22.535743732392298 1901.6647499909236
28.370820458389794 4986.0767465744175
35.71674682851676 6775.275041149531
44.96472020903849 9265.116800295711
56.60722890537329 10184.594995578333
71.26427896022373 14792.860380144855
89.71641173621407 18532.402851090672
112.94627058970838 20244.3302962601
142.1909302127641 20578.537527264067
179.00777537149963 21914.177598675044
225.35743732392305 22946.779525677557
283.7082045838981 19745.78370534125
357.1674682851676 19859.549741120485
449.6472020903849 17280.219007512205
566.0722890537327 13212.779092531884
712.6427896022376 14029.1497747385
897.164117362141 11273.595026086521
1129.4627058970837 10952.293908763066
1421.9093021276408 7469.280293015385
1790.0777537149975 4162.537655569555
2253.5743732392316 1995.0120832645916
2837.082045838981 873.4552176421857
3571.674682851676 305.4480912068975
4496.47202090385 54.42096944531659
5660.72289053733 5.77937633759575
7126.427896022379 0.0
8971.64117362141 0.0
