11.294627058970837 289.9751441732278
14.219093021276404 970.481250180251
17.900777537149963 3215.2732795459406
22.535743732392298 2684.0411667730323
28.370820458389794 6939.640421324654
35.71674682851676 10187.475655988714
44.96472020903849 24560.540083873242
56.60722890537329 27349.61569775724
71.26427896022373 45120.78949184985
89.71641173621407 66001.57072333459
112.94627058970838 78177.0340467071
142.1909302127641 88926.69652745221
179.00777537149963 115279.87274347094
225.35743732392305 121135.24410268368
283.7082045838981 155075.82781994937
357.1674682851676 141696.0931302288
449.6472020903849 165684.21018568426
566.0722890537327 154367.05222483166
712.6427896022376 134401.36640585004
897.164117362141 123197.67346741632
1129.4627058970837 89349.44912869576
1421.9093021276408 53777.99648113316
1790.0777537149975 32834.625388789456
2253.5743732392316 15884.477813743753
2837.082045838981 7313.694162175292
3571.674682851676 2617.0626217979006
4496.47202090385 837.7632038949523
5660.72289053733 179.37359968945384
7126.427896022379 4.075440029613674
8971.64117362141 0.0
