0.25 0.125 8305923.97308
0.75 0.125 6389172.28698
1.25 0.125 7986465.35873
1.75 0.125 6389172.28698
2.25 0.125 3833503.37219
2.75 0.125 5750255.05829
3.25 0.125 5430796.44394
3.75 0.125 3194586.14349
4.25 0.125 4152961.98654
4.75 0.125 1916751.6861
5.25 0.125 1277834.4574
5.75 0.125 1277834.4574
6.25 0.125 638917.228698
6.75 0.125 0.0
7.25 0.125 0.0
7.75 0.125 0.0
8.25 0.125 0.0
8.75 0.125 0.0
0.25 0.375 21723185.7757
0.75 0.375 21403727.1614
1.25 0.375 19806434.0897
1.75 0.375 23639937.4618
2.25 0.375 19167516.861
2.75 0.375 19486975.4753
3.25 0.375 13417261.8027
3.75 0.375 16931306.5605
4.25 0.375 9583758.43048
4.75 0.375 9583758.43048
5.25 0.375 5111337.82959
5.75 0.375 5111337.82959
6.25 0.375 2555668.91479
6.75 0.375 638917.228698
7.25 0.375 958375.843048
7.75 0.375 0.0
8.25 0.375 0.0
8.75 0.375 0.0
0.25 0.625 39293409.565
0.75 0.625 37057199.2645
1.25 0.625 30668026.9775
1.75 0.625 32904237.278
2.25 0.625 28112358.0627
2.75 0.625 25237230.5336
3.25 0.625 26195606.3766
3.75 0.625 23639937.4618
4.25 0.625 17889682.4036
4.75 0.625 14375637.6457
5.25 0.625 9903217.04483
5.75 0.625 6069713.67263
6.25 0.625 5111337.82959
6.75 0.625 2555668.91479
7.25 0.625 638917.228698
7.75 0.625 319458.614349
8.25 0.625 0.0
8.75 0.625 0.0
0.25 0.875 39612868.1793
0.75 0.875 43446371.5515
1.25 0.875 38654492.3363
1.75 0.875 31626402.8206
2.25 0.875 40890702.6367
2.75 0.875 38015575.1076
3.25 0.875 30029109.7488
3.75 0.875 27153982.2197
4.25 0.875 28431816.6771
4.75 0.875 12139427.3453
5.25 0.875 8305923.97308
5.75 0.875 7667006.74438
6.25 0.875 3833503.37219
6.75 0.875 1277834.4574
7.25 0.875 319458.614349
7.75 0.875 0.0
8.25 0.875 0.0
8.75 0.875 0.0
0.25 1.125 51113378.2959
0.75 1.125 47279874.9237
1.25 1.125 49196626.6098
1.75 1.125 41849078.4797
2.25 1.125 39932326.7937
2.75 1.125 36098823.4215
3.25 1.125 30668026.9775
3.75 1.125 25237230.5336
4.25 1.125 26834523.6053
4.75 1.125 19486975.4753
5.25 1.125 14375637.6457
5.75 1.125 9583758.43048
6.25 1.125 3833503.37219
6.75 1.125 3194586.14349
7.25 1.125 319458.614349
7.75 1.125 0.0
8.25 1.125 0.0
8.75 1.125 0.0
0.25 1.375 48557709.3811
0.75 1.375 50474461.0672
1.25 1.375 48557709.3811
1.75 1.375 42168537.0941
2.25 1.375 38973950.9506
2.75 1.375 37696116.4932
3.25 1.375 31626402.8206
3.75 1.375 27473440.834
4.25 1.375 28112358.0627
4.75 1.375 18848058.2466
5.25 1.375 13736720.417
5.75 1.375 10222675.6592
6.25 1.375 4791879.21524
6.75 1.375 2236210.30044
7.25 1.375 1277834.4574
7.75 1.375 0.0
8.25 1.375 0.0
8.75 1.375 0.0
0.25 1.625 47918792.1524
0.75 1.625 44724206.0089
1.25 1.625 45363123.2376
1.75 1.625 35779364.8071
2.25 1.625 49835543.8385
2.75 1.625 40890702.6367
3.25 1.625 33543154.5067
3.75 1.625 29390192.5201
4.25 1.625 20125892.704
4.75 1.625 19486975.4753
5.25 1.625 10542134.2735
5.75 1.625 11500510.1166
6.25 1.625 4791879.21524
6.75 1.625 1916751.6861
7.25 1.625 319458.614349
7.75 1.625 0.0
8.25 1.625 0.0
8.75 1.625 0.0
0.25 1.875 45363123.2376
0.75 1.875 55905257.5111
1.25 1.875 48557709.3811
1.75 1.875 41849078.4797
2.25 1.875 39932326.7937
2.75 1.875 35140447.5784
3.25 1.875 32904237.278
3.75 1.875 24278854.6905
4.25 1.875 25556689.1479
4.75 1.875 15972930.7175
5.25 1.875 14056179.0314
5.75 1.875 9264299.81613
6.25 1.875 4791879.21524
6.75 1.875 2555668.91479
7.25 1.875 958375.843048
7.75 1.875 319458.614349
8.25 1.875 0.0
8.75 1.875 0.0
0.25 2.125 40571244.0223
0.75 2.125 38973950.9506
1.25 2.125 40571244.0223
1.75 2.125 39612868.1793
2.25 2.125 31306944.2062
2.75 2.125 35459906.1928
3.25 2.125 24278854.6905
3.75 2.125 25237230.5336
4.25 2.125 23959396.0762
4.75 2.125 15014554.8744
5.25 2.125 14056179.0314
5.75 2.125 7667006.74438
6.25 2.125 2236210.30044
6.75 2.125 3194586.14349
7.25 2.125 638917.228698
7.75 2.125 319458.614349
8.25 2.125 0.0
8.75 2.125 0.0
0.25 2.375 40251785.408
0.75 2.375 39612868.1793
1.25 2.375 32584778.6636
1.75 2.375 34501530.3497
2.25 2.375 36098823.4215
2.75 2.375 24917771.9192
3.25 2.375 24598313.3049
3.75 2.375 24598313.3049
4.25 2.375 16931306.5605
4.75 2.375 12139427.3453
5.25 2.375 11181051.5022
5.75 2.375 6708630.90133
6.25 2.375 3833503.37219
6.75 2.375 1597293.07175
7.25 2.375 319458.614349
7.75 2.375 0.0
8.25 2.375 0.0
8.75 2.375 0.0
0.25 2.625 34820988.9641
0.75 2.625 36418282.0358
1.25 2.625 30668026.9775
1.75 2.625 31306944.2062
2.25 2.625 28751275.2914
2.75 2.625 30029109.7488
3.25 2.625 24917771.9192
3.75 2.625 18209141.0179
4.25 2.625 16611847.9462
4.75 2.625 11500510.1166
5.25 2.625 7667006.74438
5.75 2.625 6708630.90133
6.25 2.625 2875127.52914
6.75 2.625 2236210.30044
7.25 2.625 638917.228698
7.75 2.625 0.0
8.25 2.625 0.0
8.75 2.625 0.0
0.25 2.875 29709651.1345
0.75 2.875 38654492.3363
1.25 2.875 28751275.2914
1.75 2.875 28112358.0627
2.25 2.875 22681561.6188
2.75 2.875 29390192.5201
3.25 2.875 17889682.4036
3.75 2.875 14056179.0314
4.25 2.875 19806434.0897
4.75 2.875 11500510.1166
5.25 2.875 7986465.35873
5.75 2.875 6389172.28698
6.25 2.875 6069713.67263
6.75 2.875 638917.228698
7.25 2.875 319458.614349
7.75 2.875 0.0
8.25 2.875 0.0
8.75 2.875 0.0
0.25 3.125 23959396.0762
0.75 3.125 25556689.1479
1.25 3.125 20764809.9327
1.75 3.125 20764809.9327
2.25 3.125 19806434.0897
2.75 3.125 18848058.2466
3.25 3.125 17250765.1749
3.75 3.125 16611847.9462
4.25 3.125 11500510.1166
4.75 3.125 7347548.13003
5.25 3.125 9264299.81613
5.75 3.125 6389172.28698
6.25 3.125 2875127.52914
6.75 3.125 319458.614349
7.25 3.125 1277834.4574
7.75 3.125 0.0
8.25 3.125 0.0
8.75 3.125 0.0
0.25 3.375 21403727.1614
0.75 3.375 21403727.1614
1.25 3.375 22042644.3901
1.75 3.375 22362103.0044
2.25 3.375 20445351.3183
2.75 3.375 13417261.8027
3.25 3.375 18209141.0179
3.75 3.375 14375637.6457
4.25 3.375 11819968.7309
4.75 3.375 8625382.58743
5.25 3.375 7028089.51568
5.75 3.375 5430796.44394
6.25 3.375 958375.843048
6.75 3.375 958375.843048
7.25 3.375 319458.614349
7.75 3.375 0.0
8.25 3.375 0.0
8.75 3.375 0.0
0.25 3.625 17250765.1749
0.75 3.625 25556689.1479
1.25 3.625 21084268.547
1.75 3.625 17889682.4036
2.25 3.625 13097803.1883
2.75 3.625 12458885.9596
3.25 3.625 14375637.6457
3.75 3.625 10861592.8879
4.25 3.625 9903217.04483
4.75 3.625 7986465.35873
5.25 3.625 4472420.60089
5.75 3.625 2875127.52914
6.25 3.625 638917.228698
6.75 3.625 1277834.4574
7.25 3.625 0.0
7.75 3.625 0.0
8.25 3.625 0.0
8.75 3.625 0.0
0.25 3.875 19167516.861
0.75 3.875 14695096.2601
1.25 3.875 15972930.7175
1.75 3.875 12458885.9596
2.25 3.875 15972930.7175
2.75 3.875 12778344.574
3.25 3.875 13417261.8027
3.75 3.875 12458885.9596
4.25 3.875 6708630.90133
4.75 3.875 6069713.67263
5.25 3.875 7347548.13003
5.75 3.875 4152961.98654
6.25 3.875 1277834.4574
6.75 3.875 1277834.4574
7.25 3.875 0.0
7.75 3.875 0.0
8.25 3.875 0.0
8.75 3.875 0.0
0.25 4.125 14695096.2601
0.75 4.125 15972930.7175
1.25 4.125 14375637.6457
1.75 4.125 11819968.7309
2.25 4.125 12458885.9596
2.75 4.125 12778344.574
3.25 4.125 12458885.9596
3.75 4.125 9264299.81613
4.25 4.125 7986465.35873
4.75 4.125 7028089.51568
5.25 4.125 2875127.52914
5.75 4.125 2875127.52914
6.25 4.125 1597293.07175
6.75 4.125 319458.614349
7.25 4.125 0.0
7.75 4.125 0.0
8.25 4.125 0.0
8.75 4.125 0.0
0.25 4.375 12778344.574
0.75 4.375 15014554.8744
1.25 4.375 6708630.90133
1.75 4.375 7986465.35873
2.25 4.375 12458885.9596
2.75 4.375 11181051.5022
3.25 4.375 9264299.81613
3.75 4.375 5111337.82959
4.25 4.375 6069713.67263
4.75 4.375 4152961.98654
5.25 4.375 6069713.67263
5.75 4.375 1277834.4574
6.25 4.375 319458.614349
6.75 4.375 319458.614349
7.25 4.375 0.0
7.75 4.375 0.0
8.25 4.375 0.0
8.75 4.375 0.0
0.25 4.625 12458885.9596
0.75 4.625 8625382.58743
1.25 4.625 11500510.1166
1.75 4.625 8305923.97308
2.25 4.625 7028089.51568
2.75 4.625 8625382.58743
3.25 4.625 8305923.97308
3.75 4.625 7347548.13003
4.25 4.625 3514044.75784
4.75 4.625 2555668.91479
5.25 4.625 3833503.37219
5.75 4.625 2555668.91479
6.25 4.625 958375.843048
6.75 4.625 638917.228698
7.25 4.625 0.0
7.75 4.625 0.0
8.25 4.625 0.0
8.75 4.625 0.0
0.25 4.875 12778344.574
0.75 4.875 8944841.20178
1.25 4.875 9583758.43048
1.75 4.875 7347548.13003
2.25 4.875 7667006.74438
2.75 4.875 7028089.51568
3.25 4.875 7667006.74438
3.75 4.875 3514044.75784
4.25 4.875 2555668.91479
4.75 4.875 4152961.98654
5.25 4.875 2555668.91479
5.75 4.875 1916751.6861
6.25 4.875 319458.614349
6.75 4.875 0.0
7.25 4.875 0.0
7.75 4.875 0.0
8.25 4.875 0.0
8.75 4.875 0.0
0.25 5.125 7667006.74438
0.75 5.125 5750255.05829
1.25 5.125 7667006.74438
1.75 5.125 10542134.2735
2.25 5.125 5750255.05829
2.75 5.125 6389172.28698
3.25 5.125 5750255.05829
3.75 5.125 6708630.90133
4.25 5.125 3194586.14349
4.75 5.125 4152961.98654
5.25 5.125 2236210.30044
5.75 5.125 1277834.4574
6.25 5.125 0.0
6.75 5.125 0.0
7.25 5.125 0.0
7.75 5.125 0.0
8.25 5.125 0.0
8.75 5.125 0.0
0.25 5.375 5111337.82959
0.75 5.375 7986465.35873
1.25 5.375 4791879.21524
1.75 5.375 7986465.35873
2.25 5.375 6389172.28698
2.75 5.375 4791879.21524
3.25 5.375 7028089.51568
3.75 5.375 5430796.44394
4.25 5.375 3194586.14349
4.75 5.375 3194586.14349
5.25 5.375 638917.228698
5.75 5.375 1277834.4574
6.25 5.375 319458.614349
6.75 5.375 319458.614349
7.25 5.375 0.0
7.75 5.375 0.0
8.25 5.375 0.0
8.75 5.375 0.0
0.25 5.625 7347548.13003
0.75 5.625 5430796.44394
1.25 5.625 4791879.21524
1.75 5.625 5750255.05829
2.25 5.625 5750255.05829
2.75 5.625 4791879.21524
3.25 5.625 2875127.52914
3.75 5.625 1597293.07175
4.25 5.625 1916751.6861
4.75 5.625 2555668.91479
5.25 5.625 1597293.07175
5.75 5.625 958375.843048
6.25 5.625 638917.228698
6.75 5.625 0.0
7.25 5.625 0.0
7.75 5.625 0.0
8.25 5.625 0.0
8.75 5.625 0.0
0.25 5.875 7347548.13003
0.75 5.875 5430796.44394
1.25 5.875 6389172.28698
1.75 5.875 3833503.37219
2.25 5.875 7028089.51568
2.75 5.875 4791879.21524
3.25 5.875 3514044.75784
3.75 5.875 2555668.91479
4.25 5.875 2875127.52914
4.75 5.875 2875127.52914
5.25 5.875 1277834.4574
5.75 5.875 319458.614349
6.25 5.875 0.0
6.75 5.875 0.0
7.25 5.875 0.0
7.75 5.875 0.0
8.25 5.875 0.0
8.75 5.875 0.0
0.25 6.125 3833503.37219
0.75 6.125 4472420.60089
1.25 6.125 2875127.52914
1.75 6.125 2555668.91479
2.25 6.125 2875127.52914
2.75 6.125 2555668.91479
3.25 6.125 2875127.52914
3.75 6.125 958375.843048
4.25 6.125 1277834.4574
4.75 6.125 1597293.07175
5.25 6.125 958375.843048
5.75 6.125 638917.228698
6.25 6.125 319458.614349
6.75 6.125 0.0
7.25 6.125 0.0
7.75 6.125 0.0
8.25 6.125 0.0
8.75 6.125 0.0
0.25 6.375 3194586.14349
0.75 6.375 2875127.52914
1.25 6.375 3194586.14349
1.75 6.375 3514044.75784
2.25 6.375 1916751.6861
2.75 6.375 2875127.52914
3.25 6.375 3194586.14349
3.75 6.375 1277834.4574
4.25 6.375 958375.843048
4.75 6.375 1597293.07175
5.25 6.375 319458.614349
5.75 6.375 319458.614349
6.25 6.375 0.0
6.75 6.375 0.0
7.25 6.375 0.0
7.75 6.375 0.0
8.25 6.375 0.0
8.75 6.375 0.0
0.25 6.625 1277834.4574
0.75 6.625 3514044.75784
1.25 6.625 1916751.6861
1.75 6.625 2236210.30044
2.25 6.625 2875127.52914
2.75 6.625 1916751.6861
3.25 6.625 1277834.4574
3.75 6.625 1277834.4574
4.25 6.625 1277834.4574
4.75 6.625 638917.228698
5.25 6.625 1597293.07175
5.75 6.625 319458.614349
6.25 6.625 958375.843048
6.75 6.625 0.0
7.25 6.625 0.0
7.75 6.625 0.0
8.25 6.625 0.0
8.75 6.625 0.0
0.25 6.875 1597293.07175
0.75 6.875 1597293.07175
1.25 6.875 2555668.91479
1.75 6.875 2875127.52914
2.25 6.875 1277834.4574
2.75 6.875 1916751.6861
3.25 6.875 958375.843048
3.75 6.875 2236210.30044
4.25 6.875 1277834.4574
4.75 6.875 1277834.4574
5.25 6.875 319458.614349
5.75 6.875 319458.614349
6.25 6.875 0.0
6.75 6.875 0.0
7.25 6.875 0.0
7.75 6.875 0.0
8.25 6.875 0.0
8.75 6.875 0.0
0.25 7.125 2875127.52914
0.75 7.125 1597293.07175
1.25 7.125 2236210.30044
1.75 7.125 2236210.30044
2.25 7.125 1597293.07175
2.75 7.125 958375.843048
3.25 7.125 958375.843048
3.75 7.125 958375.843048
4.25 7.125 1277834.4574
4.75 7.125 319458.614349
5.25 7.125 0.0
5.75 7.125 0.0
6.25 7.125 319458.614349
6.75 7.125 0.0
7.25 7.125 0.0
7.75 7.125 0.0
8.25 7.125 0.0
8.75 7.125 0.0
0.25 7.375 1277834.4574
0.75 7.375 1597293.07175
1.25 7.375 958375.843048
1.75 7.375 1597293.07175
2.25 7.375 638917.228698
2.75 7.375 1277834.4574
3.25 7.375 1277834.4574
3.75 7.375 1277834.4574
4.25 7.375 319458.614349
4.75 7.375 638917.228698
5.25 7.375 1277834.4574
5.75 7.375 0.0
6.25 7.375 319458.614349
6.75 7.375 319458.614349
7.25 7.375 0.0
7.75 7.375 0.0
8.25 7.375 0.0
8.75 7.375 0.0
0.25 7.625 958375.843048
0.75 7.625 319458.614349
1.25 7.625 2555668.91479
1.75 7.625 1597293.07175
2.25 7.625 1916751.6861
2.75 7.625 1597293.07175
3.25 7.625 1597293.07175
3.75 7.625 958375.843048
4.25 7.625 1277834.4574
4.75 7.625 638917.228698
5.25 7.625 0.0
5.75 7.625 319458.614349
6.25 7.625 0.0
6.75 7.625 0.0
7.25 7.625 0.0
7.75 7.625 0.0
8.25 7.625 0.0
8.75 7.625 0.0
0.25 7.875 319458.614349
0.75 7.875 1916751.6861
1.25 7.875 638917.228698
1.75 7.875 1277834.4574
2.25 7.875 958375.843048
2.75 7.875 319458.614349
3.25 7.875 319458.614349
3.75 7.875 319458.614349
4.25 7.875 638917.228698
4.75 7.875 0.0
5.25 7.875 319458.614349
5.75 7.875 0.0
6.25 7.875 0.0
6.75 7.875 0.0
7.25 7.875 0.0
7.75 7.875 0.0
8.25 7.875 0.0
8.75 7.875 0.0
0.25 8.125 958375.843048
0.75 8.125 638917.228698
1.25 8.125 1597293.07175
1.75 8.125 319458.614349
2.25 8.125 319458.614349
2.75 8.125 319458.614349
3.25 8.125 958375.843048
3.75 8.125 638917.228698
4.25 8.125 0.0
4.75 8.125 958375.843048
5.25 8.125 319458.614349
5.75 8.125 319458.614349
6.25 8.125 0.0
6.75 8.125 0.0
7.25 8.125 0.0
7.75 8.125 0.0
8.25 8.125 0.0
8.75 8.125 0.0
0.25 8.375 638917.228698
0.75 8.375 319458.614349
1.25 8.375 1597293.07175
1.75 8.375 1597293.07175
2.25 8.375 0.0
2.75 8.375 638917.228698
3.25 8.375 0.0
3.75 8.375 0.0
4.25 8.375 319458.614349
4.75 8.375 319458.614349
5.25 8.375 319458.614349
5.75 8.375 0.0
6.25 8.375 0.0
6.75 8.375 0.0
7.25 8.375 0.0
7.75 8.375 0.0
8.25 8.375 0.0
8.75 8.375 0.0
0.25 8.625 958375.843048
0.75 8.625 319458.614349
1.25 8.625 638917.228698
1.75 8.625 958375.843048
2.25 8.625 638917.228698
2.75 8.625 1277834.4574
3.25 8.625 638917.228698
3.75 8.625 0.0
4.25 8.625 638917.228698
4.75 8.625 319458.614349
5.25 8.625 0.0
5.75 8.625 0.0
6.25 8.625 0.0
6.75 8.625 0.0
7.25 8.625 0.0
7.75 8.625 0.0
8.25 8.625 0.0
8.75 8.625 0.0
0.25 8.875 1277834.4574
0.75 8.875 958375.843048
1.25 8.875 958375.843048
1.75 8.875 319458.614349
2.25 8.875 958375.843048
2.75 8.875 319458.614349
3.25 8.875 0.0
3.75 8.875 1597293.07175
4.25 8.875 638917.228698
4.75 8.875 0.0
5.25 8.875 0.0
5.75 8.875 0.0
6.25 8.875 0.0
6.75 8.875 0.0
7.25 8.875 0.0
7.75 8.875 0.0
8.25 8.875 0.0
8.75 8.875 0.0
0.25 9.125 638917.228698
0.75 9.125 638917.228698
1.25 9.125 319458.614349
1.75 9.125 319458.614349
2.25 9.125 638917.228698
2.75 9.125 0.0
3.25 9.125 319458.614349
3.75 9.125 319458.614349
4.25 9.125 319458.614349
4.75 9.125 319458.614349
5.25 9.125 958375.843048
5.75 9.125 0.0
6.25 9.125 0.0
6.75 9.125 0.0
7.25 9.125 0.0
7.75 9.125 0.0
8.25 9.125 0.0
8.75 9.125 0.0
0.25 9.375 319458.614349
0.75 9.375 319458.614349
1.25 9.375 319458.614349
1.75 9.375 0.0
2.25 9.375 0.0
2.75 9.375 319458.614349
3.25 9.375 638917.228698
3.75 9.375 319458.614349
4.25 9.375 319458.614349
4.75 9.375 0.0
5.25 9.375 0.0
5.75 9.375 319458.614349
6.25 9.375 0.0
6.75 9.375 0.0
7.25 9.375 0.0
7.75 9.375 0.0
8.25 9.375 0.0
8.75 9.375 0.0
0.25 9.625 319458.614349
0.75 9.625 958375.843048
1.25 9.625 319458.614349
1.75 9.625 319458.614349
2.25 9.625 319458.614349
2.75 9.625 638917.228698
3.25 9.625 319458.614349
3.75 9.625 319458.614349
4.25 9.625 319458.614349
4.75 9.625 0.0
5.25 9.625 0.0
5.75 9.625 0.0
6.25 9.625 0.0
6.75 9.625 0.0
7.25 9.625 0.0
7.75 9.625 0.0
8.25 9.625 0.0
8.75 9.625 0.0
0.25 9.875 0.0
0.75 9.875 319458.614349
1.25 9.875 0.0
1.75 9.875 319458.614349
2.25 9.875 638917.228698
2.75 9.875 319458.614349
3.25 9.875 319458.614349
3.75 9.875 319458.614349
4.25 9.875 0.0
4.75 9.875 0.0
5.25 9.875 0.0
5.75 9.875 319458.614349
6.25 9.875 0.0
6.75 9.875 0.0
7.25 9.875 0.0
7.75 9.875 0.0
8.25 9.875 0.0
8.75 9.875 0.0
0.25 10.125 319458.614349
0.75 10.125 319458.614349
1.25 10.125 638917.228698
1.75 10.125 638917.228698
2.25 10.125 0.0
2.75 10.125 0.0
3.25 10.125 319458.614349
3.75 10.125 319458.614349
4.25 10.125 0.0
4.75 10.125 0.0
5.25 10.125 638917.228698
5.75 10.125 0.0
6.25 10.125 0.0
6.75 10.125 0.0
7.25 10.125 0.0
7.75 10.125 0.0
8.25 10.125 0.0
8.75 10.125 0.0
0.25 10.375 958375.843048
0.75 10.375 638917.228698
1.25 10.375 0.0
1.75 10.375 319458.614349
2.25 10.375 319458.614349
2.75 10.375 0.0
3.25 10.375 319458.614349
3.75 10.375 0.0
4.25 10.375 319458.614349
4.75 10.375 0.0
5.25 10.375 0.0
5.75 10.375 0.0
6.25 10.375 0.0
6.75 10.375 0.0
7.25 10.375 0.0
7.75 10.375 0.0
8.25 10.375 0.0
8.75 10.375 0.0
0.25 10.625 319458.614349
0.75 10.625 638917.228698
1.25 10.625 319458.614349
1.75 10.625 0.0
2.25 10.625 958375.843048
2.75 10.625 0.0
3.25 10.625 319458.614349
3.75 10.625 0.0
4.25 10.625 319458.614349
4.75 10.625 0.0
5.25 10.625 0.0
5.75 10.625 0.0
6.25 10.625 0.0
6.75 10.625 0.0
7.25 10.625 0.0
7.75 10.625 0.0
8.25 10.625 0.0
8.75 10.625 0.0
0.25 10.875 0.0
0.75 10.875 0.0
1.25 10.875 0.0
1.75 10.875 319458.614349
2.25 10.875 0.0
2.75 10.875 319458.614349
3.25 10.875 0.0
3.75 10.875 319458.614349
4.25 10.875 0.0
4.75 10.875 0.0
5.25 10.875 0.0
5.75 10.875 319458.614349
6.25 10.875 0.0
6.75 10.875 0.0
7.25 10.875 0.0
7.75 10.875 0.0
8.25 10.875 0.0
8.75 10.875 0.0
0.25 11.125 319458.614349
0.75 11.125 0.0
1.25 11.125 0.0
1.75 11.125 0.0
2.25 11.125 638917.228698
2.75 11.125 0.0
3.25 11.125 0.0
3.75 11.125 0.0
4.25 11.125 0.0
4.75 11.125 319458.614349
5.25 11.125 0.0
5.75 11.125 0.0
6.25 11.125 0.0
6.75 11.125 0.0
7.25 11.125 0.0
7.75 11.125 0.0
8.25 11.125 0.0
8.75 11.125 0.0
0.25 11.375 0.0
0.75 11.375 319458.614349
1.25 11.375 638917.228698
1.75 11.375 0.0
2.25 11.375 0.0
2.75 11.375 638917.228698
3.25 11.375 319458.614349
3.75 11.375 0.0
4.25 11.375 319458.614349
4.75 11.375 0.0
5.25 11.375 0.0
5.75 11.375 0.0
6.25 11.375 0.0
6.75 11.375 0.0
7.25 11.375 0.0
7.75 11.375 0.0
8.25 11.375 0.0
8.75 11.375 0.0
0.25 11.625 0.0
0.75 11.625 0.0
1.25 11.625 0.0
1.75 11.625 0.0
2.25 11.625 0.0
2.75 11.625 0.0
3.25 11.625 319458.614349
3.75 11.625 0.0
4.25 11.625 0.0
4.75 11.625 0.0
5.25 11.625 638917.228698
5.75 11.625 0.0
6.25 11.625 0.0
6.75 11.625 0.0
7.25 11.625 0.0
7.75 11.625 0.0
8.25 11.625 0.0
8.75 11.625 0.0
0.25 11.875 319458.614349
0.75 11.875 0.0
1.25 11.875 0.0
1.75 11.875 0.0
2.25 11.875 0.0
2.75 11.875 0.0
3.25 11.875 0.0
3.75 11.875 319458.614349
4.25 11.875 0.0
4.75 11.875 0.0
5.25 11.875 0.0
5.75 11.875 0.0
6.25 11.875 0.0
6.75 11.875 0.0
7.25 11.875 0.0
7.75 11.875 0.0
8.25 11.875 0.0
8.75 11.875 0.0
0.25 12.125 319458.614349
0.75 12.125 0.0
1.25 12.125 638917.228698
1.75 12.125 0.0
2.25 12.125 0.0
2.75 12.125 0.0
3.25 12.125 0.0
3.75 12.125 0.0
4.25 12.125 0.0
4.75 12.125 0.0
5.25 12.125 0.0
5.75 12.125 0.0
6.25 12.125 0.0
6.75 12.125 0.0
7.25 12.125 0.0
7.75 12.125 0.0
8.25 12.125 0.0
8.75 12.125 0.0
0.25 12.375 0.0
0.75 12.375 0.0
1.25 12.375 0.0
1.75 12.375 0.0
2.25 12.375 319458.614349
2.75 12.375 0.0
3.25 12.375 0.0
3.75 12.375 0.0
4.25 12.375 0.0
4.75 12.375 0.0
5.25 12.375 0.0
5.75 12.375 0.0
6.25 12.375 0.0
6.75 12.375 0.0
7.25 12.375 0.0
7.75 12.375 0.0
8.25 12.375 0.0
8.75 12.375 0.0
0.25 12.625 319458.614349
0.75 12.625 638917.228698
1.25 12.625 0.0
1.75 12.625 319458.614349
2.25 12.625 0.0
2.75 12.625 0.0
3.25 12.625 0.0
3.75 12.625 0.0
4.25 12.625 0.0
4.75 12.625 0.0
5.25 12.625 0.0
5.75 12.625 0.0
6.25 12.625 0.0
6.75 12.625 0.0
7.25 12.625 0.0
7.75 12.625 0.0
8.25 12.625 0.0
8.75 12.625 0.0
0.25 12.875 0.0
0.75 12.875 0.0
1.25 12.875 0.0
1.75 12.875 638917.228698
2.25 12.875 0.0
2.75 12.875 0.0
3.25 12.875 638917.228698
3.75 12.875 0.0
4.25 12.875 0.0
4.75 12.875 0.0
5.25 12.875 319458.614349
5.75 12.875 0.0
6.25 12.875 0.0
6.75 12.875 0.0
7.25 12.875 0.0
7.75 12.875 0.0
8.25 12.875 0.0
8.75 12.875 0.0
0.25 13.125 0.0
0.75 13.125 319458.614349
1.25 13.125 0.0
1.75 13.125 0.0
2.25 13.125 0.0
2.75 13.125 0.0
3.25 13.125 0.0
3.75 13.125 0.0
4.25 13.125 0.0
4.75 13.125 0.0
5.25 13.125 0.0
5.75 13.125 0.0
6.25 13.125 0.0
6.75 13.125 0.0
7.25 13.125 0.0
7.75 13.125 0.0
8.25 13.125 0.0
8.75 13.125 0.0
0.25 13.375 0.0
0.75 13.375 0.0
1.25 13.375 319458.614349
1.75 13.375 0.0
2.25 13.375 0.0
2.75 13.375 0.0
3.25 13.375 0.0
3.75 13.375 319458.614349
4.25 13.375 0.0
4.75 13.375 0.0
5.25 13.375 0.0
5.75 13.375 0.0
6.25 13.375 0.0
6.75 13.375 0.0
7.25 13.375 0.0
7.75 13.375 0.0
8.25 13.375 0.0
8.75 13.375 0.0
0.25 13.625 0.0
0.75 13.625 319458.614349
1.25 13.625 319458.614349
1.75 13.625 0.0
2.25 13.625 0.0
2.75 13.625 0.0
3.25 13.625 0.0
3.75 13.625 0.0
4.25 13.625 0.0
4.75 13.625 0.0
5.25 13.625 0.0
5.75 13.625 0.0
6.25 13.625 0.0
6.75 13.625 0.0
7.25 13.625 0.0
7.75 13.625 0.0
8.25 13.625 0.0
8.75 13.625 0.0
0.25 13.875 0.0
0.75 13.875 0.0
1.25 13.875 319458.614349
1.75 13.875 0.0
2.25 13.875 0.0
2.75 13.875 0.0
3.25 13.875 0.0
3.75 13.875 0.0
4.25 13.875 0.0
4.75 13.875 0.0
5.25 13.875 0.0
5.75 13.875 0.0
6.25 13.875 0.0
6.75 13.875 0.0
7.25 13.875 0.0
7.75 13.875 0.0
8.25 13.875 0.0
8.75 13.875 0.0
0.25 14.125 319458.614349
0.75 14.125 0.0
1.25 14.125 319458.614349
1.75 14.125 0.0
2.25 14.125 0.0
2.75 14.125 0.0
3.25 14.125 0.0
3.75 14.125 319458.614349
4.25 14.125 0.0
4.75 14.125 0.0
5.25 14.125 0.0
5.75 14.125 0.0
6.25 14.125 0.0
6.75 14.125 0.0
7.25 14.125 0.0
7.75 14.125 0.0
8.25 14.125 0.0
8.75 14.125 0.0
0.25 14.375 0.0
0.75 14.375 0.0
1.25 14.375 319458.614349
1.75 14.375 0.0
2.25 14.375 0.0
2.75 14.375 0.0
3.25 14.375 0.0
3.75 14.375 0.0
4.25 14.375 0.0
4.75 14.375 0.0
5.25 14.375 0.0
5.75 14.375 0.0
6.25 14.375 0.0
6.75 14.375 0.0
7.25 14.375 0.0
7.75 14.375 0.0
8.25 14.375 0.0
8.75 14.375 0.0
0.25 14.625 0.0
0.75 14.625 0.0
1.25 14.625 0.0
1.75 14.625 0.0
2.25 14.625 0.0
2.75 14.625 0.0
3.25 14.625 0.0
3.75 14.625 0.0
4.25 14.625 0.0
4.75 14.625 0.0
5.25 14.625 0.0
5.75 14.625 0.0
6.25 14.625 0.0
6.75 14.625 0.0
7.25 14.625 0.0
7.75 14.625 0.0
8.25 14.625 0.0
8.75 14.625 0.0
0.25 14.875 0.0
0.75 14.875 0.0
1.25 14.875 0.0
1.75 14.875 319458.614349
2.25 14.875 0.0
2.75 14.875 0.0
3.25 14.875 0.0
3.75 14.875 0.0
4.25 14.875 0.0
4.75 14.875 0.0
5.25 14.875 0.0
5.75 14.875 0.0
6.25 14.875 0.0
6.75 14.875 0.0
7.25 14.875 0.0
7.75 14.875 0.0
8.25 14.875 0.0
8.75 14.875 0.0
0.25 15.125 0.0
0.75 15.125 0.0
1.25 15.125 0.0
1.75 15.125 319458.614349
2.25 15.125 0.0
2.75 15.125 0.0
3.25 15.125 0.0
3.75 15.125 0.0
4.25 15.125 0.0
4.75 15.125 0.0
5.25 15.125 0.0
5.75 15.125 0.0
6.25 15.125 0.0
6.75 15.125 0.0
7.25 15.125 0.0
7.75 15.125 0.0
8.25 15.125 0.0
8.75 15.125 0.0
0.25 15.375 0.0
0.75 15.375 0.0
1.25 15.375 0.0
1.75 15.375 0.0
2.25 15.375 0.0
2.75 15.375 0.0
3.25 15.375 0.0
3.75 15.375 0.0
4.25 15.375 0.0
4.75 15.375 319458.614349
5.25 15.375 0.0
5.75 15.375 0.0
6.25 15.375 0.0
6.75 15.375 0.0
7.25 15.375 0.0
7.75 15.375 0.0
8.25 15.375 0.0
8.75 15.375 0.0
0.25 15.625 0.0
0.75 15.625 0.0
1.25 15.625 0.0
1.75 15.625 0.0
2.25 15.625 0.0
2.75 15.625 0.0
3.25 15.625 0.0
3.75 15.625 0.0
4.25 15.625 0.0
4.75 15.625 0.0
5.25 15.625 0.0
5.75 15.625 0.0
6.25 15.625 0.0
6.75 15.625 0.0
7.25 15.625 0.0
7.75 15.625 0.0
8.25 15.625 0.0
8.75 15.625 0.0
0.25 15.875 319458.614349
0.75 15.875 0.0
1.25 15.875 0.0
1.75 15.875 319458.614349
2.25 15.875 0.0
2.75 15.875 0.0
3.25 15.875 0.0
3.75 15.875 0.0
4.25 15.875 0.0
4.75 15.875 0.0
5.25 15.875 0.0
5.75 15.875 0.0
6.25 15.875 0.0
6.75 15.875 0.0
7.25 15.875 0.0
7.75 15.875 0.0
8.25 15.875 0.0
8.75 15.875 0.0
0.25 16.125 319458.614349
0.75 16.125 0.0
1.25 16.125 0.0
1.75 16.125 0.0
2.25 16.125 0.0
2.75 16.125 0.0
3.25 16.125 0.0
3.75 16.125 0.0
4.25 16.125 0.0
4.75 16.125 0.0
5.25 16.125 0.0
5.75 16.125 0.0
6.25 16.125 0.0
6.75 16.125 0.0
7.25 16.125 0.0
7.75 16.125 0.0
8.25 16.125 0.0
8.75 16.125 0.0
0.25 16.375 0.0
0.75 16.375 0.0
1.25 16.375 0.0
1.75 16.375 0.0
2.25 16.375 0.0
2.75 16.375 0.0
3.25 16.375 0.0
3.75 16.375 0.0
4.25 16.375 0.0
4.75 16.375 0.0
5.25 16.375 0.0
5.75 16.375 0.0
6.25 16.375 0.0
6.75 16.375 0.0
7.25 16.375 0.0
7.75 16.375 0.0
8.25 16.375 0.0
8.75 16.375 0.0
0.25 16.625 0.0
0.75 16.625 0.0
1.25 16.625 0.0
1.75 16.625 0.0
2.25 16.625 0.0
2.75 16.625 0.0
3.25 16.625 0.0
3.75 16.625 0.0
4.25 16.625 0.0
4.75 16.625 0.0
5.25 16.625 0.0
5.75 16.625 0.0
6.25 16.625 0.0
6.75 16.625 0.0
7.25 16.625 0.0
7.75 16.625 0.0
8.25 16.625 0.0
8.75 16.625 0.0
0.25 16.875 0.0
0.75 16.875 0.0
1.25 16.875 0.0
1.75 16.875 0.0
2.25 16.875 0.0
2.75 16.875 0.0
3.25 16.875 0.0
3.75 16.875 0.0
4.25 16.875 0.0
4.75 16.875 0.0
5.25 16.875 0.0
5.75 16.875 0.0
6.25 16.875 0.0
6.75 16.875 0.0
7.25 16.875 0.0
7.75 16.875 0.0
8.25 16.875 0.0
8.75 16.875 0.0
0.25 17.125 0.0
0.75 17.125 319458.614349
1.25 17.125 0.0
1.75 17.125 0.0
2.25 17.125 638917.228698
2.75 17.125 0.0
3.25 17.125 0.0
3.75 17.125 0.0
4.25 17.125 0.0
4.75 17.125 0.0
5.25 17.125 0.0
5.75 17.125 0.0
6.25 17.125 0.0
6.75 17.125 0.0
7.25 17.125 0.0
7.75 17.125 0.0
8.25 17.125 0.0
8.75 17.125 0.0
0.25 17.375 0.0
0.75 17.375 319458.614349
1.25 17.375 0.0
1.75 17.375 0.0
2.25 17.375 0.0
2.75 17.375 0.0
3.25 17.375 0.0
3.75 17.375 0.0
4.25 17.375 0.0
4.75 17.375 0.0
5.25 17.375 0.0
5.75 17.375 0.0
6.25 17.375 0.0
6.75 17.375 0.0
7.25 17.375 0.0
7.75 17.375 0.0
8.25 17.375 0.0
8.75 17.375 0.0
0.25 17.625 0.0
0.75 17.625 0.0
1.25 17.625 0.0
1.75 17.625 0.0
2.25 17.625 0.0
2.75 17.625 0.0
3.25 17.625 0.0
3.75 17.625 0.0
4.25 17.625 0.0
4.75 17.625 0.0
5.25 17.625 0.0
5.75 17.625 0.0
6.25 17.625 0.0
6.75 17.625 0.0
7.25 17.625 0.0
7.75 17.625 0.0
8.25 17.625 0.0
8.75 17.625 0.0
0.25 17.875 0.0
0.75 17.875 0.0
1.25 17.875 0.0
1.75 17.875 0.0
2.25 17.875 0.0
2.75 17.875 0.0
3.25 17.875 0.0
3.75 17.875 0.0
4.25 17.875 319458.614349
4.75 17.875 0.0
5.25 17.875 0.0
5.75 17.875 0.0
6.25 17.875 0.0
6.75 17.875 0.0
7.25 17.875 0.0
7.75 17.875 0.0
8.25 17.875 0.0
8.75 17.875 0.0
0.25 18.125 0.0
0.75 18.125 319458.614349
1.25 18.125 0.0
1.75 18.125 0.0
2.25 18.125 0.0
2.75 18.125 0.0
3.25 18.125 0.0
3.75 18.125 0.0
4.25 18.125 0.0
4.75 18.125 0.0
5.25 18.125 0.0
5.75 18.125 0.0
6.25 18.125 0.0
6.75 18.125 0.0
7.25 18.125 0.0
7.75 18.125 0.0
8.25 18.125 0.0
8.75 18.125 0.0
0.25 18.375 0.0
0.75 18.375 0.0
1.25 18.375 0.0
1.75 18.375 0.0
2.25 18.375 0.0
2.75 18.375 0.0
3.25 18.375 0.0
3.75 18.375 0.0
4.25 18.375 0.0
4.75 18.375 0.0
5.25 18.375 0.0
5.75 18.375 0.0
6.25 18.375 0.0
6.75 18.375 0.0
7.25 18.375 0.0
7.75 18.375 0.0
8.25 18.375 0.0
8.75 18.375 0.0
0.25 18.625 0.0
0.75 18.625 0.0
1.25 18.625 0.0
1.75 18.625 0.0
2.25 18.625 0.0
2.75 18.625 0.0
3.25 18.625 0.0
3.75 18.625 0.0
4.25 18.625 0.0
4.75 18.625 0.0
5.25 18.625 0.0
5.75 18.625 0.0
6.25 18.625 0.0
6.75 18.625 0.0
7.25 18.625 0.0
7.75 18.625 0.0
8.25 18.625 0.0
8.75 18.625 0.0
0.25 18.875 319458.614349
0.75 18.875 319458.614349
1.25 18.875 0.0
1.75 18.875 0.0
2.25 18.875 0.0
2.75 18.875 319458.614349
3.25 18.875 0.0
3.75 18.875 319458.614349
4.25 18.875 0.0
4.75 18.875 0.0
5.25 18.875 0.0
5.75 18.875 0.0
6.25 18.875 0.0
6.75 18.875 0.0
7.25 18.875 0.0
7.75 18.875 0.0
8.25 18.875 0.0
8.75 18.875 0.0
0.25 19.125 0.0
0.75 19.125 0.0
1.25 19.125 0.0
1.75 19.125 0.0
2.25 19.125 0.0
2.75 19.125 0.0
3.25 19.125 0.0
3.75 19.125 0.0
4.25 19.125 0.0
4.75 19.125 0.0
5.25 19.125 0.0
5.75 19.125 0.0
6.25 19.125 0.0
6.75 19.125 0.0
7.25 19.125 0.0
7.75 19.125 0.0
8.25 19.125 0.0
8.75 19.125 0.0
0.25 19.375 0.0
0.75 19.375 0.0
1.25 19.375 0.0
1.75 19.375 0.0
2.25 19.375 0.0
2.75 19.375 0.0
3.25 19.375 0.0
3.75 19.375 0.0
4.25 19.375 0.0
4.75 19.375 0.0
5.25 19.375 0.0
5.75 19.375 0.0
6.25 19.375 0.0
6.75 19.375 0.0
7.25 19.375 0.0
7.75 19.375 0.0
8.25 19.375 0.0
8.75 19.375 0.0
0.25 19.625 0.0
0.75 19.625 0.0
1.25 19.625 0.0
1.75 19.625 0.0
2.25 19.625 0.0
2.75 19.625 0.0
3.25 19.625 0.0
3.75 19.625 0.0
4.25 19.625 0.0
4.75 19.625 0.0
5.25 19.625 0.0
5.75 19.625 0.0
6.25 19.625 0.0
6.75 19.625 0.0
7.25 19.625 0.0
7.75 19.625 0.0
8.25 19.625 0.0
8.75 19.625 0.0
0.25 19.875 0.0
0.75 19.875 0.0
1.25 19.875 0.0
1.75 19.875 0.0
2.25 19.875 0.0
2.75 19.875 0.0
3.25 19.875 0.0
3.75 19.875 0.0
4.25 19.875 0.0
4.75 19.875 0.0
5.25 19.875 0.0
5.75 19.875 0.0
6.25 19.875 0.0
6.75 19.875 0.0
7.25 19.875 0.0
7.75 19.875 0.0
8.25 19.875 0.0
8.75 19.875 0.0
0.25 20.125 0.0
0.75 20.125 0.0
1.25 20.125 0.0
1.75 20.125 0.0
2.25 20.125 0.0
2.75 20.125 0.0
3.25 20.125 0.0
3.75 20.125 0.0
4.25 20.125 0.0
4.75 20.125 0.0
5.25 20.125 0.0
5.75 20.125 0.0
6.25 20.125 0.0
6.75 20.125 0.0
7.25 20.125 0.0
7.75 20.125 0.0
8.25 20.125 0.0
8.75 20.125 0.0
0.25 20.375 0.0
0.75 20.375 0.0
1.25 20.375 0.0
1.75 20.375 0.0
2.25 20.375 0.0
2.75 20.375 0.0
3.25 20.375 0.0
3.75 20.375 0.0
4.25 20.375 0.0
4.75 20.375 0.0
5.25 20.375 0.0
5.75 20.375 0.0
6.25 20.375 0.0
6.75 20.375 0.0
7.25 20.375 0.0
7.75 20.375 0.0
8.25 20.375 0.0
8.75 20.375 0.0
0.25 20.625 0.0
0.75 20.625 0.0
1.25 20.625 0.0
1.75 20.625 0.0
2.25 20.625 0.0
2.75 20.625 0.0
3.25 20.625 0.0
3.75 20.625 0.0
4.25 20.625 0.0
4.75 20.625 0.0
5.25 20.625 0.0
5.75 20.625 0.0
6.25 20.625 0.0
6.75 20.625 0.0
7.25 20.625 0.0
7.75 20.625 0.0
8.25 20.625 0.0
8.75 20.625 0.0
0.25 20.875 0.0
0.75 20.875 0.0
1.25 20.875 0.0
1.75 20.875 0.0
2.25 20.875 319458.614349
2.75 20.875 0.0
3.25 20.875 0.0
3.75 20.875 0.0
4.25 20.875 0.0
4.75 20.875 0.0
5.25 20.875 0.0
5.75 20.875 0.0
6.25 20.875 0.0
6.75 20.875 0.0
7.25 20.875 0.0
7.75 20.875 0.0
8.25 20.875 0.0
8.75 20.875 0.0
0.25 21.125 0.0
0.75 21.125 0.0
1.25 21.125 0.0
1.75 21.125 0.0
2.25 21.125 0.0
2.75 21.125 0.0
3.25 21.125 0.0
3.75 21.125 0.0
4.25 21.125 0.0
4.75 21.125 0.0
5.25 21.125 0.0
5.75 21.125 0.0
6.25 21.125 0.0
6.75 21.125 0.0
7.25 21.125 0.0
7.75 21.125 0.0
8.25 21.125 0.0
8.75 21.125 0.0
0.25 21.375 0.0
0.75 21.375 0.0
1.25 21.375 0.0
1.75 21.375 0.0
2.25 21.375 0.0
2.75 21.375 0.0
3.25 21.375 0.0
3.75 21.375 0.0
4.25 21.375 0.0
4.75 21.375 0.0
5.25 21.375 0.0
5.75 21.375 0.0
6.25 21.375 0.0
6.75 21.375 0.0
7.25 21.375 0.0
7.75 21.375 0.0
8.25 21.375 0.0
8.75 21.375 0.0
0.25 21.625 0.0
0.75 21.625 0.0
1.25 21.625 0.0
1.75 21.625 0.0
2.25 21.625 0.0
2.75 21.625 0.0
3.25 21.625 0.0
3.75 21.625 0.0
4.25 21.625 0.0
4.75 21.625 0.0
5.25 21.625 0.0
5.75 21.625 0.0
6.25 21.625 0.0
6.75 21.625 0.0
7.25 21.625 0.0
7.75 21.625 0.0
8.25 21.625 0.0
8.75 21.625 0.0
0.25 21.875 0.0
0.75 21.875 0.0
1.25 21.875 0.0
1.75 21.875 0.0
2.25 21.875 0.0
2.75 21.875 0.0
3.25 21.875 0.0
3.75 21.875 0.0
4.25 21.875 0.0
4.75 21.875 0.0
5.25 21.875 0.0
5.75 21.875 0.0
6.25 21.875 0.0
6.75 21.875 0.0
7.25 21.875 0.0
7.75 21.875 0.0
8.25 21.875 0.0
8.75 21.875 0.0
0.25 22.125 0.0
0.75 22.125 0.0
1.25 22.125 0.0
1.75 22.125 0.0
2.25 22.125 0.0
2.75 22.125 0.0
3.25 22.125 0.0
3.75 22.125 0.0
4.25 22.125 0.0
4.75 22.125 0.0
5.25 22.125 0.0
5.75 22.125 0.0
6.25 22.125 0.0
6.75 22.125 0.0
7.25 22.125 0.0
7.75 22.125 0.0
8.25 22.125 0.0
8.75 22.125 0.0
0.25 22.375 0.0
0.75 22.375 0.0
1.25 22.375 0.0
1.75 22.375 0.0
2.25 22.375 0.0
2.75 22.375 0.0
3.25 22.375 0.0
3.75 22.375 0.0
4.25 22.375 0.0
4.75 22.375 0.0
5.25 22.375 0.0
5.75 22.375 0.0
6.25 22.375 0.0
6.75 22.375 0.0
7.25 22.375 0.0
7.75 22.375 0.0
8.25 22.375 0.0
8.75 22.375 0.0
0.25 22.625 0.0
0.75 22.625 0.0
1.25 22.625 0.0
1.75 22.625 0.0
2.25 22.625 0.0
2.75 22.625 0.0
3.25 22.625 0.0
3.75 22.625 0.0
4.25 22.625 0.0
4.75 22.625 0.0
5.25 22.625 0.0
5.75 22.625 0.0
6.25 22.625 0.0
6.75 22.625 0.0
7.25 22.625 0.0
7.75 22.625 0.0
8.25 22.625 0.0
8.75 22.625 0.0
0.25 22.875 0.0
0.75 22.875 0.0
1.25 22.875 0.0
1.75 22.875 0.0
2.25 22.875 0.0
2.75 22.875 0.0
3.25 22.875 0.0
3.75 22.875 0.0
4.25 22.875 0.0
4.75 22.875 0.0
5.25 22.875 0.0
5.75 22.875 0.0
6.25 22.875 0.0
6.75 22.875 0.0
7.25 22.875 0.0
7.75 22.875 0.0
8.25 22.875 0.0
8.75 22.875 0.0
0.25 23.125 0.0
0.75 23.125 0.0
1.25 23.125 0.0
1.75 23.125 0.0
2.25 23.125 0.0
2.75 23.125 0.0
3.25 23.125 0.0
3.75 23.125 0.0
4.25 23.125 0.0
4.75 23.125 0.0
5.25 23.125 0.0
5.75 23.125 0.0
6.25 23.125 0.0
6.75 23.125 0.0
7.25 23.125 0.0
7.75 23.125 0.0
8.25 23.125 0.0
8.75 23.125 0.0
0.25 23.375 0.0
0.75 23.375 0.0
1.25 23.375 0.0
1.75 23.375 0.0
2.25 23.375 0.0
2.75 23.375 0.0
3.25 23.375 0.0
3.75 23.375 0.0
4.25 23.375 0.0
4.75 23.375 0.0
5.25 23.375 0.0
5.75 23.375 0.0
6.25 23.375 0.0
6.75 23.375 0.0
7.25 23.375 0.0
7.75 23.375 0.0
8.25 23.375 0.0
8.75 23.375 0.0
0.25 23.625 0.0
0.75 23.625 0.0
1.25 23.625 0.0
1.75 23.625 0.0
2.25 23.625 0.0
2.75 23.625 0.0
3.25 23.625 0.0
3.75 23.625 0.0
4.25 23.625 0.0
4.75 23.625 0.0
5.25 23.625 0.0
5.75 23.625 0.0
6.25 23.625 0.0
6.75 23.625 0.0
7.25 23.625 0.0
7.75 23.625 0.0
8.25 23.625 0.0
8.75 23.625 0.0
0.25 23.875 0.0
0.75 23.875 0.0
1.25 23.875 0.0
1.75 23.875 0.0
2.25 23.875 0.0
2.75 23.875 0.0
3.25 23.875 0.0
3.75 23.875 0.0
4.25 23.875 0.0
4.75 23.875 0.0
5.25 23.875 0.0
5.75 23.875 0.0
6.25 23.875 0.0
6.75 23.875 0.0
7.25 23.875 0.0
7.75 23.875 0.0
8.25 23.875 0.0
8.75 23.875 0.0
0.25 24.125 0.0
0.75 24.125 0.0
1.25 24.125 0.0
1.75 24.125 0.0
2.25 24.125 0.0
2.75 24.125 0.0
3.25 24.125 0.0
3.75 24.125 0.0
4.25 24.125 0.0
4.75 24.125 0.0
5.25 24.125 0.0
5.75 24.125 0.0
6.25 24.125 0.0
6.75 24.125 0.0
7.25 24.125 0.0
7.75 24.125 0.0
8.25 24.125 0.0
8.75 24.125 0.0
0.25 24.375 319458.614349
0.75 24.375 0.0
1.25 24.375 0.0
1.75 24.375 0.0
2.25 24.375 0.0
2.75 24.375 0.0
3.25 24.375 0.0
3.75 24.375 319458.614349
4.25 24.375 0.0
4.75 24.375 0.0
5.25 24.375 0.0
5.75 24.375 0.0
6.25 24.375 0.0
6.75 24.375 0.0
7.25 24.375 0.0
7.75 24.375 0.0
8.25 24.375 0.0
8.75 24.375 0.0
0.25 24.625 0.0
0.75 24.625 0.0
1.25 24.625 0.0
1.75 24.625 0.0
2.25 24.625 0.0
2.75 24.625 0.0
3.25 24.625 0.0
3.75 24.625 0.0
4.25 24.625 0.0
4.75 24.625 0.0
5.25 24.625 0.0
5.75 24.625 0.0
6.25 24.625 0.0
6.75 24.625 0.0
7.25 24.625 0.0
7.75 24.625 0.0
8.25 24.625 0.0
8.75 24.625 0.0
0.25 24.875 0.0
0.75 24.875 0.0
1.25 24.875 0.0
1.75 24.875 0.0
2.25 24.875 0.0
2.75 24.875 0.0
3.25 24.875 0.0
3.75 24.875 0.0
4.25 24.875 0.0
4.75 24.875 0.0
5.25 24.875 0.0
5.75 24.875 0.0
6.25 24.875 0.0
6.75 24.875 0.0
7.25 24.875 0.0
7.75 24.875 0.0
8.25 24.875 0.0
8.75 24.875 0.0
0.25 25.125 0.0
0.75 25.125 0.0
1.25 25.125 0.0
1.75 25.125 0.0
2.25 25.125 0.0
2.75 25.125 0.0
3.25 25.125 0.0
3.75 25.125 0.0
4.25 25.125 0.0
4.75 25.125 0.0
5.25 25.125 0.0
5.75 25.125 0.0
6.25 25.125 0.0
6.75 25.125 0.0
7.25 25.125 0.0
7.75 25.125 0.0
8.25 25.125 0.0
8.75 25.125 0.0
0.25 25.375 0.0
0.75 25.375 0.0
1.25 25.375 0.0
1.75 25.375 0.0
2.25 25.375 0.0
2.75 25.375 0.0
3.25 25.375 0.0
3.75 25.375 0.0
4.25 25.375 0.0
4.75 25.375 0.0
5.25 25.375 0.0
5.75 25.375 0.0
6.25 25.375 0.0
6.75 25.375 0.0
7.25 25.375 0.0
7.75 25.375 0.0
8.25 25.375 0.0
8.75 25.375 0.0
0.25 25.625 0.0
0.75 25.625 0.0
1.25 25.625 0.0
1.75 25.625 0.0
2.25 25.625 0.0
2.75 25.625 0.0
3.25 25.625 0.0
3.75 25.625 0.0
4.25 25.625 0.0
4.75 25.625 0.0
5.25 25.625 0.0
5.75 25.625 0.0
6.25 25.625 0.0
6.75 25.625 0.0
7.25 25.625 0.0
7.75 25.625 0.0
8.25 25.625 0.0
8.75 25.625 0.0
0.25 25.875 0.0
0.75 25.875 319458.614349
1.25 25.875 0.0
1.75 25.875 0.0
2.25 25.875 0.0
2.75 25.875 0.0
3.25 25.875 0.0
3.75 25.875 0.0
4.25 25.875 0.0
4.75 25.875 0.0
5.25 25.875 0.0
5.75 25.875 0.0
6.25 25.875 0.0
6.75 25.875 0.0
7.25 25.875 0.0
7.75 25.875 0.0
8.25 25.875 0.0
8.75 25.875 0.0
0.25 26.125 0.0
0.75 26.125 0.0
1.25 26.125 0.0
1.75 26.125 0.0
2.25 26.125 0.0
2.75 26.125 0.0
3.25 26.125 0.0
3.75 26.125 0.0
4.25 26.125 0.0
4.75 26.125 0.0
5.25 26.125 0.0
5.75 26.125 0.0
6.25 26.125 0.0
6.75 26.125 0.0
7.25 26.125 0.0
7.75 26.125 0.0
8.25 26.125 0.0
8.75 26.125 0.0
0.25 26.375 0.0
0.75 26.375 0.0
1.25 26.375 0.0
1.75 26.375 0.0
2.25 26.375 0.0
2.75 26.375 0.0
3.25 26.375 0.0
3.75 26.375 0.0
4.25 26.375 0.0
4.75 26.375 0.0
5.25 26.375 0.0
5.75 26.375 0.0
6.25 26.375 0.0
6.75 26.375 0.0
7.25 26.375 0.0
7.75 26.375 0.0
8.25 26.375 0.0
8.75 26.375 0.0
0.25 26.625 0.0
0.75 26.625 0.0
1.25 26.625 0.0
1.75 26.625 0.0
2.25 26.625 0.0
2.75 26.625 0.0
3.25 26.625 0.0
3.75 26.625 0.0
4.25 26.625 0.0
4.75 26.625 0.0
5.25 26.625 0.0
5.75 26.625 0.0
6.25 26.625 0.0
6.75 26.625 0.0
7.25 26.625 0.0
7.75 26.625 0.0
8.25 26.625 0.0
8.75 26.625 0.0
0.25 26.875 0.0
0.75 26.875 0.0
1.25 26.875 0.0
1.75 26.875 0.0
2.25 26.875 0.0
2.75 26.875 0.0
3.25 26.875 0.0
3.75 26.875 0.0
4.25 26.875 0.0
4.75 26.875 0.0
5.25 26.875 0.0
5.75 26.875 0.0
6.25 26.875 0.0
6.75 26.875 0.0
7.25 26.875 0.0
7.75 26.875 0.0
8.25 26.875 0.0
8.75 26.875 0.0
0.25 27.125 0.0
0.75 27.125 0.0
1.25 27.125 0.0
1.75 27.125 0.0
2.25 27.125 0.0
2.75 27.125 0.0
3.25 27.125 0.0
3.75 27.125 0.0
4.25 27.125 0.0
4.75 27.125 0.0
5.25 27.125 0.0
5.75 27.125 0.0
6.25 27.125 0.0
6.75 27.125 0.0
7.25 27.125 0.0
7.75 27.125 0.0
8.25 27.125 0.0
8.75 27.125 0.0
0.25 27.375 0.0
0.75 27.375 0.0
1.25 27.375 0.0
1.75 27.375 0.0
2.25 27.375 0.0
2.75 27.375 0.0
3.25 27.375 0.0
3.75 27.375 0.0
4.25 27.375 0.0
4.75 27.375 0.0
5.25 27.375 0.0
5.75 27.375 0.0
6.25 27.375 0.0
6.75 27.375 0.0
7.25 27.375 0.0
7.75 27.375 0.0
8.25 27.375 0.0
8.75 27.375 0.0
0.25 27.625 0.0
0.75 27.625 0.0
1.25 27.625 0.0
1.75 27.625 0.0
2.25 27.625 0.0
2.75 27.625 0.0
3.25 27.625 0.0
3.75 27.625 0.0
4.25 27.625 0.0
4.75 27.625 0.0
5.25 27.625 0.0
5.75 27.625 0.0
6.25 27.625 0.0
6.75 27.625 0.0
7.25 27.625 0.0
7.75 27.625 0.0
8.25 27.625 0.0
8.75 27.625 0.0
0.25 27.875 0.0
0.75 27.875 0.0
1.25 27.875 0.0
1.75 27.875 0.0
2.25 27.875 0.0
2.75 27.875 0.0
3.25 27.875 0.0
3.75 27.875 0.0
4.25 27.875 0.0
4.75 27.875 0.0
5.25 27.875 0.0
5.75 27.875 0.0
6.25 27.875 0.0
6.75 27.875 0.0
7.25 27.875 0.0
7.75 27.875 0.0
8.25 27.875 0.0
8.75 27.875 0.0
0.25 28.125 0.0
0.75 28.125 0.0
1.25 28.125 0.0
1.75 28.125 0.0
2.25 28.125 0.0
2.75 28.125 0.0
3.25 28.125 0.0
3.75 28.125 0.0
4.25 28.125 0.0
4.75 28.125 0.0
5.25 28.125 0.0
5.75 28.125 0.0
6.25 28.125 0.0
6.75 28.125 0.0
7.25 28.125 0.0
7.75 28.125 0.0
8.25 28.125 0.0
8.75 28.125 0.0
0.25 28.375 0.0
0.75 28.375 0.0
1.25 28.375 0.0
1.75 28.375 0.0
2.25 28.375 0.0
2.75 28.375 0.0
3.25 28.375 0.0
3.75 28.375 0.0
4.25 28.375 319458.614349
4.75 28.375 0.0
5.25 28.375 0.0
5.75 28.375 0.0
6.25 28.375 0.0
6.75 28.375 0.0
7.25 28.375 0.0
7.75 28.375 0.0
8.25 28.375 0.0
8.75 28.375 0.0
0.25 28.625 0.0
0.75 28.625 0.0
1.25 28.625 319458.614349
1.75 28.625 0.0
2.25 28.625 0.0
2.75 28.625 0.0
3.25 28.625 0.0
3.75 28.625 0.0
4.25 28.625 0.0
4.75 28.625 0.0
5.25 28.625 0.0
5.75 28.625 0.0
6.25 28.625 0.0
6.75 28.625 0.0
7.25 28.625 0.0
7.75 28.625 0.0
8.25 28.625 0.0
8.75 28.625 0.0
0.25 28.875 0.0
0.75 28.875 0.0
1.25 28.875 0.0
1.75 28.875 0.0
2.25 28.875 0.0
2.75 28.875 0.0
3.25 28.875 319458.614349
3.75 28.875 0.0
4.25 28.875 0.0
4.75 28.875 0.0
5.25 28.875 0.0
5.75 28.875 0.0
6.25 28.875 0.0
6.75 28.875 0.0
7.25 28.875 0.0
7.75 28.875 0.0
8.25 28.875 0.0
8.75 28.875 0.0
0.25 29.125 0.0
0.75 29.125 0.0
1.25 29.125 0.0
1.75 29.125 0.0
2.25 29.125 0.0
2.75 29.125 0.0
3.25 29.125 0.0
3.75 29.125 0.0
4.25 29.125 0.0
4.75 29.125 0.0
5.25 29.125 0.0
5.75 29.125 0.0
6.25 29.125 0.0
6.75 29.125 0.0
7.25 29.125 0.0
7.75 29.125 0.0
8.25 29.125 0.0
8.75 29.125 0.0
0.25 29.375 0.0
0.75 29.375 0.0
1.25 29.375 0.0
1.75 29.375 0.0
2.25 29.375 0.0
2.75 29.375 0.0
3.25 29.375 0.0
3.75 29.375 0.0
4.25 29.375 0.0
4.75 29.375 0.0
5.25 29.375 0.0
5.75 29.375 0.0
6.25 29.375 0.0
6.75 29.375 0.0
7.25 29.375 0.0
7.75 29.375 0.0
8.25 29.375 0.0
8.75 29.375 0.0
0.25 29.625 0.0
0.75 29.625 0.0
1.25 29.625 0.0
1.75 29.625 0.0
2.25 29.625 0.0
2.75 29.625 0.0
3.25 29.625 0.0
3.75 29.625 0.0
4.25 29.625 0.0
4.75 29.625 0.0
5.25 29.625 0.0
5.75 29.625 0.0
6.25 29.625 0.0
6.75 29.625 0.0
7.25 29.625 0.0
7.75 29.625 0.0
8.25 29.625 0.0
8.75 29.625 0.0
0.25 29.875 0.0
0.75 29.875 0.0
1.25 29.875 0.0
1.75 29.875 0.0
2.25 29.875 0.0
2.75 29.875 0.0
3.25 29.875 0.0
3.75 29.875 0.0
4.25 29.875 0.0
4.75 29.875 0.0
5.25 29.875 0.0
5.75 29.875 0.0
6.25 29.875 0.0
6.75 29.875 0.0
7.25 29.875 0.0
7.75 29.875 0.0
8.25 29.875 0.0
8.75 29.875 0.0
