11.294627058970837 42.28896718143949
14.219093021276404 81.27592907658574
17.900777537149963 269.022681537616
22.535743732392298 463.1463812709919
28.370820458389794 1185.3271725739266
35.71674682851676 3200.8120748119068
44.96472020903849 3812.068677768091
56.60722890537329 6811.0707437202345
71.26427896022373 7792.011167335189
89.71641173621407 11520.862292597249
112.94627058970838 16628.91705082343
142.1909302127641 23126.255667672318
179.00777537149963 28504.38758389016
225.35743732392305 31859.492033028713
283.7082045838981 31100.048692852288
357.1674682851676 30350.586179501348
449.6472020903849 24994.84463167563
566.0722890537327 23013.39124113522
712.6427896022376 19893.059277568187
897.164117362141 17460.20892018429
1129.4627058970837 15730.21300601383
1421.9093021276408 10946.936119051883
1790.0777537149975 7423.90715353936
2253.5743732392316 3465.0652437852114
2837.082045838981 1261.9847663769033
3571.674682851676 404.04696467873873
4496.47202090385 82.2209272045875
5660.72289053733 12.859409054915886
7126.427896022379 0.05961710272822529
8971.64117362141 0.0
