0.25 0.125 2696493.35397
0.75 0.125 2838414.05681
1.25 0.125 2448132.124
1.75 0.125 2448132.124
2.25 0.125 2448132.124
2.75 0.125 2767453.70539
3.25 0.125 2412651.94829
3.75 0.125 2909374.40823
4.25 0.125 2944854.58394
4.75 0.125 2306211.42116
5.25 0.125 2128810.54261
5.75 0.125 1738528.6098
6.25 0.125 1419207.02841
6.75 0.125 1525647.55554
7.25 0.125 745083.689913
7.75 0.125 674123.338493
8.25 0.125 141920.702841
8.75 0.125 0.0
0.25 0.375 7770158.48052
0.75 0.375 8195920.58904
1.25 0.375 7166995.49345
1.75 0.375 7663717.95339
2.25 0.375 7734678.30481
2.75 0.375 8302361.11617
3.25 0.375 7805638.65623
3.75 0.375 7308916.19629
4.25 0.375 7592757.60197
4.75 0.375 6812193.73635
5.25 0.375 6492872.15496
5.75 0.375 6067110.04643
6.25 0.375 5322026.35652
6.75 0.375 4044740.03096
7.25 0.375 3051295.11107
7.75 0.375 1383726.8527
8.25 0.375 212881.054261
8.75 0.375 0.0
0.25 0.625 12666422.7285
0.75 0.625 12914783.9585
1.25 0.625 12489021.85
1.75 0.625 11921339.0386
2.25 0.625 12559982.2014
2.75 0.625 13127665.0128
3.25 0.625 12489021.85
3.75 0.625 10963374.2944
4.25 0.625 11921339.0386
4.75 0.625 10502132.0102
5.25 0.625 9650607.79316
5.75 0.625 8657162.87327
6.25 0.625 7166995.49345
6.75 0.625 5960669.5193
7.25 0.625 3938299.50383
7.75 0.625 1667568.25838
8.25 0.625 283841.405681
8.75 0.625 0.0
0.25 0.875 17882008.5579
0.75 0.875 17669127.5037
1.25 0.875 16072519.5967
1.75 0.875 16356361.0024
2.25 0.875 16533761.8809
2.75 0.875 14901673.7983
3.25 0.875 14582352.2169
3.75 0.875 13588907.297
4.25 0.875 13056704.6613
4.75 0.875 11211735.5244
5.25 0.875 11531057.1058
5.75 0.875 9082924.9818
6.25 0.875 7308916.19629
6.75 0.875 5818748.81646
7.25 0.875 4364061.61235
7.75 0.875 1667568.25838
8.25 0.875 106440.52713
8.75 0.875 0.0
0.25 1.125 17669127.5037
0.75 1.125 18520651.7207
1.25 1.125 16249920.4752
1.75 1.125 16640202.4081
2.25 1.125 16995004.1652
2.75 1.125 16924043.8137
3.25 1.125 14795233.2711
3.75 1.125 15220995.3797
4.25 1.125 14121109.9326
4.75 1.125 11743938.1601
5.25 1.125 11176255.3487
5.75 1.125 10360211.3074
6.25 1.125 8053999.8862
6.75 1.125 6812193.73635
7.25 1.125 4186660.7338
7.75 1.125 1099885.44701
8.25 1.125 106440.52713
8.75 1.125 0.0
0.25 1.375 16675682.5838
0.75 1.375 17136924.868
1.25 1.375 16711162.7595
1.75 1.375 16782123.1109
2.25 1.375 15327435.9068
2.75 1.375 14653312.5683
3.25 1.375 13837268.527
3.75 1.375 13269585.7156
4.25 1.375 12595462.3771
4.75 1.375 11921339.0386
5.25 1.375 10750493.2402
5.75 1.375 8870043.92754
6.25 1.375 7308916.19629
6.75 1.375 5641347.93791
7.25 1.375 2909374.40823
7.75 1.375 1135365.62272
8.25 1.375 106440.52713
8.75 1.375 0.0
0.25 1.625 14333990.9869
0.75 1.625 15504836.7853
1.25 1.625 14866193.6225
1.75 1.625 14511391.8654
2.25 1.625 13766308.1755
2.75 1.625 13482466.7699
3.25 1.625 11353656.2272
3.75 1.625 12559982.2014
4.25 1.625 10076369.9017
4.75 1.625 9011964.63038
5.25 1.625 8586202.52185
5.75 1.625 6563832.50638
6.25 1.625 5109145.30226
6.75 1.625 3654458.09814
7.25 1.625 2093330.3669
7.75 1.625 638643.162783
8.25 1.625 0.0
8.75 1.625 0.0
0.25 1.875 12808343.4314
0.75 1.875 12418061.4985
1.25 1.875 12630942.5528
1.75 1.875 12276140.7957
2.25 1.875 12276140.7957
2.75 1.875 11956819.2143
3.25 1.875 8870043.92754
3.75 1.875 9331286.21177
4.25 1.875 8657162.87327
4.75 1.875 7663717.95339
5.25 1.875 5676828.11362
5.75 1.875 6031629.87072
6.25 1.875 3618977.92243
6.75 1.875 2199770.89403
7.25 1.875 957964.744174
7.75 1.875 425762.108522
8.25 1.875 0.0
8.75 1.875 0.0
0.25 2.125 11992299.39
0.75 2.125 10963374.2944
1.25 2.125 11602017.4572
1.75 2.125 10502132.0102
2.25 2.125 10218290.6045
2.75 2.125 9331286.21177
3.25 2.125 8550722.34614
3.75 2.125 8160440.41333
4.25 2.125 6244510.92499
4.75 2.125 5144625.47797
5.25 2.125 5322026.35652
5.75 2.125 3725418.44956
6.25 2.125 2731973.52968
6.75 2.125 1738528.6098
7.25 2.125 887004.392754
7.75 2.125 141920.702841
8.25 2.125 0.0
8.75 2.125 0.0
0.25 2.375 8160440.41333
0.75 2.375 9082924.9818
1.25 2.375 8657162.87327
1.75 2.375 8373321.46759
2.25 2.375 8657162.87327
2.75 2.375 7450836.89913
3.25 2.375 6883154.08777
3.75 2.375 5996149.69501
4.25 2.375 5180105.65368
4.75 2.375 4789823.72087
5.25 2.375 3973779.67954
5.75 2.375 3157735.6382
6.25 2.375 1986889.83977
6.75 2.375 1454687.20412
7.25 2.375 461242.284232
7.75 2.375 35480.1757101
8.25 2.375 0.0
8.75 2.375 0.0
0.25 2.625 7628237.77768
0.75 2.625 6954114.43919
1.25 2.625 8195920.58904
1.75 2.625 7415356.72342
2.25 2.625 6031629.87072
2.75 2.625 6350951.45212
3.25 2.625 5641347.93791
3.75 2.625 5392986.70794
4.25 2.625 4115700.38238
4.75 2.625 2661013.17826
5.25 2.625 3051295.11107
5.75 2.625 1986889.83977
6.25 2.625 1241806.14985
6.75 2.625 816044.041333
7.25 2.625 425762.108522
7.75 2.625 0.0
8.25 2.625 0.0
8.75 2.625 0.0
0.25 2.875 5641347.93791
0.75 2.875 6599312.68209
1.25 2.875 6386431.62783
1.75 2.875 5996149.69501
2.25 2.875 5286546.18081
2.75 2.875 4293101.26093
3.25 2.875 4754343.54516
3.75 2.875 3867339.15241
4.25 2.875 3264176.16533
4.75 2.875 3051295.11107
5.25 2.875 2057850.19119
5.75 2.875 2128810.54261
6.25 2.875 1135365.62272
6.75 2.875 922484.568464
7.25 2.875 106440.52713
7.75 2.875 0.0
8.25 2.875 0.0
8.75 2.875 0.0
0.25 3.125 5002704.77513
0.75 3.125 4364061.61235
1.25 3.125 4896264.248
1.75 3.125 4754343.54516
2.25 3.125 3973779.67954
2.75 3.125 4576942.66661
3.25 3.125 3406096.86817
3.75 3.125 3122255.46249
4.25 3.125 2731973.52968
4.75 3.125 2022370.01548
5.25 3.125 1312766.50128
5.75 3.125 1454687.20412
6.25 3.125 567682.811362
6.75 3.125 248361.229971
7.25 3.125 106440.52713
7.75 3.125 0.0
8.25 3.125 0.0
8.75 3.125 0.0
0.25 3.375 4293101.26093
0.75 3.375 3973779.67954
1.25 3.375 3725418.44956
1.75 3.375 3583497.74672
2.25 3.375 3406096.86817
2.75 3.375 3051295.11107
3.25 3.375 2802933.8811
3.75 3.375 2661013.17826
4.25 3.375 2128810.54261
4.75 3.375 1809488.96122
5.25 3.375 1241806.14985
5.75 3.375 887004.392754
6.25 3.375 567682.811362
6.75 3.375 177400.878551
7.25 3.375 35480.1757101
7.75 3.375 0.0
8.25 3.375 0.0
8.75 3.375 0.0
0.25 3.625 3477057.21959
0.75 3.625 3299656.34104
1.25 3.625 3228695.98962
1.75 3.625 2448132.124
2.25 3.625 2873894.23252
2.75 3.625 3193215.81391
3.25 3.625 2625533.00255
3.75 3.625 1774008.78551
4.25 3.625 2128810.54261
4.75 3.625 922484.568464
5.25 3.625 1348246.67699
5.75 3.625 638643.162783
6.25 3.625 674123.338493
6.75 3.625 70960.3514203
7.25 3.625 35480.1757101
7.75 3.625 0.0
8.25 3.625 0.0
8.75 3.625 0.0
0.25 3.875 2802933.8811
0.75 3.875 2448132.124
1.25 3.875 2909374.40823
1.75 3.875 2696493.35397
2.25 3.875 2341691.59687
2.75 3.875 2377171.77258
3.25 3.875 2057850.19119
3.75 3.875 1738528.6098
4.25 3.875 1490167.37983
4.75 3.875 1206325.97414
5.25 3.875 638643.162783
5.75 3.875 390281.932812
6.25 3.875 354801.757101
6.75 3.875 70960.3514203
7.25 3.875 0.0
7.75 3.875 0.0
8.25 3.875 0.0
8.75 3.875 0.0
0.25 4.125 2696493.35397
0.75 4.125 2767453.70539
1.25 4.125 2270731.24545
1.75 4.125 2057850.19119
2.25 4.125 1667568.25838
2.75 4.125 1986889.83977
3.25 4.125 1525647.55554
3.75 4.125 1490167.37983
4.25 4.125 1099885.44701
4.75 4.125 957964.744174
5.25 4.125 709603.514203
5.75 4.125 212881.054261
6.25 4.125 248361.229971
6.75 4.125 70960.3514203
7.25 4.125 0.0
7.75 4.125 0.0
8.25 4.125 0.0
8.75 4.125 0.0
0.25 4.375 2377171.77258
0.75 4.375 2093330.3669
1.25 4.375 1986889.83977
1.75 4.375 2022370.01548
2.25 4.375 1880449.31264
2.75 4.375 1099885.44701
3.25 4.375 1206325.97414
3.75 4.375 1170845.79843
4.25 4.375 1135365.62272
4.75 4.375 461242.284232
5.25 4.375 390281.932812
5.75 4.375 70960.3514203
6.25 4.375 106440.52713
6.75 4.375 35480.1757101
7.25 4.375 0.0
7.75 4.375 0.0
8.25 4.375 0.0
8.75 4.375 0.0
0.25 4.625 1951409.66406
0.75 4.625 1632088.08267
1.25 4.625 1632088.08267
1.75 4.625 1419207.02841
2.25 4.625 1312766.50128
2.75 4.625 1454687.20412
3.25 4.625 851524.217043
3.75 4.625 1028925.09559
4.25 4.625 887004.392754
4.75 4.625 532202.635652
5.25 4.625 461242.284232
5.75 4.625 70960.3514203
6.25 4.625 283841.405681
6.75 4.625 106440.52713
7.25 4.625 0.0
7.75 4.625 0.0
8.25 4.625 0.0
8.75 4.625 0.0
0.25 4.875 957964.744174
0.75 4.875 1277286.32557
1.25 4.875 1312766.50128
1.75 4.875 1525647.55554
2.25 4.875 1454687.20412
2.75 4.875 638643.162783
3.25 4.875 957964.744174
3.75 4.875 709603.514203
4.25 4.875 851524.217043
4.75 4.875 496722.459942
5.25 4.875 212881.054261
5.75 4.875 70960.3514203
6.25 4.875 35480.1757101
6.75 4.875 0.0
7.25 4.875 0.0
7.75 4.875 0.0
8.25 4.875 0.0
8.75 4.875 0.0
0.25 5.125 1206325.97414
0.75 5.125 1099885.44701
1.25 5.125 1099885.44701
1.75 5.125 1135365.62272
2.25 5.125 957964.744174
2.75 5.125 957964.744174
3.25 5.125 745083.689913
3.75 5.125 674123.338493
4.25 5.125 603162.987072
4.75 5.125 461242.284232
5.25 5.125 141920.702841
5.75 5.125 141920.702841
6.25 5.125 106440.52713
6.75 5.125 0.0
7.25 5.125 0.0
7.75 5.125 0.0
8.25 5.125 0.0
8.75 5.125 0.0
0.25 5.375 532202.635652
0.75 5.375 1099885.44701
1.25 5.375 780563.865623
1.75 5.375 1028925.09559
2.25 5.375 745083.689913
2.75 5.375 638643.162783
3.25 5.375 851524.217043
3.75 5.375 532202.635652
4.25 5.375 283841.405681
4.75 5.375 496722.459942
5.25 5.375 106440.52713
5.75 5.375 35480.1757101
6.25 5.375 0.0
6.75 5.375 0.0
7.25 5.375 0.0
7.75 5.375 0.0
8.25 5.375 0.0
8.75 5.375 0.0
0.25 5.625 851524.217043
0.75 5.625 816044.041333
1.25 5.625 816044.041333
1.75 5.625 851524.217043
2.25 5.625 603162.987072
2.75 5.625 425762.108522
3.25 5.625 390281.932812
3.75 5.625 425762.108522
4.25 5.625 248361.229971
4.75 5.625 212881.054261
5.25 5.625 106440.52713
5.75 5.625 141920.702841
6.25 5.625 0.0
6.75 5.625 0.0
7.25 5.625 0.0
7.75 5.625 0.0
8.25 5.625 0.0
8.75 5.625 0.0
0.25 5.875 603162.987072
0.75 5.875 851524.217043
1.25 5.875 780563.865623
1.75 5.875 496722.459942
2.25 5.875 425762.108522
2.75 5.875 354801.757101
3.25 5.875 283841.405681
3.75 5.875 390281.932812
4.25 5.875 248361.229971
4.75 5.875 177400.878551
5.25 5.875 141920.702841
5.75 5.875 141920.702841
6.25 5.875 0.0
6.75 5.875 0.0
7.25 5.875 0.0
7.75 5.875 0.0
8.25 5.875 0.0
8.75 5.875 0.0
0.25 6.125 674123.338493
0.75 6.125 603162.987072
1.25 6.125 496722.459942
1.75 6.125 390281.932812
2.25 6.125 496722.459942
2.75 6.125 425762.108522
3.25 6.125 354801.757101
3.75 6.125 319321.581391
4.25 6.125 283841.405681
4.75 6.125 177400.878551
5.25 6.125 141920.702841
5.75 6.125 141920.702841
6.25 6.125 0.0
6.75 6.125 0.0
7.25 6.125 0.0
7.75 6.125 0.0
8.25 6.125 0.0
8.75 6.125 0.0
0.25 6.375 248361.229971
0.75 6.375 709603.514203
1.25 6.375 638643.162783
1.75 6.375 496722.459942
2.25 6.375 354801.757101
2.75 6.375 390281.932812
3.25 6.375 283841.405681
3.75 6.375 141920.702841
4.25 6.375 248361.229971
4.75 6.375 177400.878551
5.25 6.375 70960.3514203
5.75 6.375 0.0
6.25 6.375 0.0
6.75 6.375 0.0
7.25 6.375 0.0
7.75 6.375 0.0
8.25 6.375 0.0
8.75 6.375 0.0
0.25 6.625 461242.284232
0.75 6.625 496722.459942
1.25 6.625 425762.108522
1.75 6.625 390281.932812
2.25 6.625 496722.459942
2.75 6.625 496722.459942
3.25 6.625 354801.757101
3.75 6.625 248361.229971
4.25 6.625 106440.52713
4.75 6.625 106440.52713
5.25 6.625 70960.3514203
5.75 6.625 0.0
6.25 6.625 0.0
6.75 6.625 0.0
7.25 6.625 0.0
7.75 6.625 0.0
8.25 6.625 0.0
8.75 6.625 0.0
0.25 6.875 283841.405681
0.75 6.875 283841.405681
1.25 6.875 177400.878551
1.75 6.875 212881.054261
2.25 6.875 425762.108522
2.75 6.875 212881.054261
3.25 6.875 141920.702841
3.75 6.875 354801.757101
4.25 6.875 141920.702841
4.75 6.875 0.0
5.25 6.875 319321.581391
5.75 6.875 106440.52713
6.25 6.875 35480.1757101
6.75 6.875 0.0
7.25 6.875 0.0
7.75 6.875 0.0
8.25 6.875 0.0
8.75 6.875 0.0
0.25 7.125 177400.878551
0.75 7.125 390281.932812
1.25 7.125 212881.054261
1.75 7.125 248361.229971
2.25 7.125 354801.757101
2.75 7.125 319321.581391
3.25 7.125 212881.054261
3.75 7.125 106440.52713
4.25 7.125 141920.702841
4.75 7.125 70960.3514203
5.25 7.125 0.0
5.75 7.125 0.0
6.25 7.125 35480.1757101
6.75 7.125 0.0
7.25 7.125 0.0
7.75 7.125 0.0
8.25 7.125 0.0
8.75 7.125 0.0
0.25 7.375 283841.405681
0.75 7.375 283841.405681
1.25 7.375 283841.405681
1.75 7.375 212881.054261
2.25 7.375 212881.054261
2.75 7.375 177400.878551
3.25 7.375 177400.878551
3.75 7.375 70960.3514203
4.25 7.375 177400.878551
4.75 7.375 141920.702841
5.25 7.375 0.0
5.75 7.375 0.0
6.25 7.375 0.0
6.75 7.375 35480.1757101
7.25 7.375 0.0
7.75 7.375 0.0
8.25 7.375 0.0
8.75 7.375 0.0
0.25 7.625 177400.878551
0.75 7.625 319321.581391
1.25 7.625 106440.52713
1.75 7.625 319321.581391
2.25 7.625 177400.878551
2.75 7.625 212881.054261
3.25 7.625 35480.1757101
3.75 7.625 35480.1757101
4.25 7.625 70960.3514203
4.75 7.625 70960.3514203
5.25 7.625 177400.878551
5.75 7.625 0.0
6.25 7.625 0.0
6.75 7.625 0.0
7.25 7.625 0.0
7.75 7.625 0.0
8.25 7.625 0.0
8.75 7.625 0.0
0.25 7.875 283841.405681
0.75 7.875 106440.52713
1.25 7.875 106440.52713
1.75 7.875 106440.52713
2.25 7.875 106440.52713
2.75 7.875 177400.878551
3.25 7.875 0.0
3.75 7.875 70960.3514203
4.25 7.875 70960.3514203
4.75 7.875 0.0
5.25 7.875 35480.1757101
5.75 7.875 0.0
6.25 7.875 0.0
6.75 7.875 0.0
7.25 7.875 0.0
7.75 7.875 0.0
8.25 7.875 0.0
8.75 7.875 0.0
0.25 8.125 141920.702841
0.75 8.125 141920.702841
1.25 8.125 177400.878551
1.75 8.125 141920.702841
2.25 8.125 248361.229971
2.75 8.125 141920.702841
3.25 8.125 177400.878551
3.75 8.125 35480.1757101
4.25 8.125 106440.52713
4.75 8.125 35480.1757101
5.25 8.125 0.0
5.75 8.125 0.0
6.25 8.125 0.0
6.75 8.125 0.0
7.25 8.125 0.0
7.75 8.125 0.0
8.25 8.125 0.0
8.75 8.125 0.0
0.25 8.375 283841.405681
0.75 8.375 248361.229971
1.25 8.375 248361.229971
1.75 8.375 106440.52713
2.25 8.375 106440.52713
2.75 8.375 141920.702841
3.25 8.375 141920.702841
3.75 8.375 35480.1757101
4.25 8.375 177400.878551
4.75 8.375 0.0
5.25 8.375 35480.1757101
5.75 8.375 0.0
6.25 8.375 0.0
6.75 8.375 0.0
7.25 8.375 0.0
7.75 8.375 0.0
8.25 8.375 0.0
8.75 8.375 0.0
0.25 8.625 141920.702841
0.75 8.625 70960.3514203
1.25 8.625 141920.702841
1.75 8.625 248361.229971
2.25 8.625 106440.52713
2.75 8.625 106440.52713
3.25 8.625 35480.1757101
3.75 8.625 35480.1757101
4.25 8.625 70960.3514203
4.75 8.625 35480.1757101
5.25 8.625 0.0
5.75 8.625 0.0
6.25 8.625 0.0
6.75 8.625 0.0
7.25 8.625 0.0
7.75 8.625 0.0
8.25 8.625 0.0
8.75 8.625 0.0
0.25 8.875 177400.878551
0.75 8.875 70960.3514203
1.25 8.875 70960.3514203
1.75 8.875 70960.3514203
2.25 8.875 0.0
2.75 8.875 35480.1757101
3.25 8.875 35480.1757101
3.75 8.875 35480.1757101
4.25 8.875 70960.3514203
4.75 8.875 35480.1757101
5.25 8.875 0.0
5.75 8.875 0.0
6.25 8.875 0.0
6.75 8.875 0.0
7.25 8.875 0.0
7.75 8.875 0.0
8.25 8.875 0.0
8.75 8.875 0.0
0.25 9.125 35480.1757101
0.75 9.125 177400.878551
1.25 9.125 70960.3514203
1.75 9.125 141920.702841
2.25 9.125 106440.52713
2.75 9.125 35480.1757101
3.25 9.125 70960.3514203
3.75 9.125 35480.1757101
4.25 9.125 70960.3514203
4.75 9.125 35480.1757101
5.25 9.125 0.0
5.75 9.125 35480.1757101
6.25 9.125 0.0
6.75 9.125 0.0
7.25 9.125 0.0
7.75 9.125 0.0
8.25 9.125 0.0
8.75 9.125 0.0
0.25 9.375 0.0
0.75 9.375 141920.702841
1.25 9.375 0.0
1.75 9.375 70960.3514203
2.25 9.375 106440.52713
2.75 9.375 70960.3514203
3.25 9.375 70960.3514203
3.75 9.375 35480.1757101
4.25 9.375 35480.1757101
4.75 9.375 35480.1757101
5.25 9.375 35480.1757101
5.75 9.375 0.0
6.25 9.375 0.0
6.75 9.375 0.0
7.25 9.375 0.0
7.75 9.375 0.0
8.25 9.375 0.0
8.75 9.375 0.0
0.25 9.625 0.0
0.75 9.625 35480.1757101
1.25 9.625 35480.1757101
1.75 9.625 106440.52713
2.25 9.625 35480.1757101
2.75 9.625 70960.3514203
3.25 9.625 35480.1757101
3.75 9.625 106440.52713
4.25 9.625 70960.3514203
4.75 9.625 0.0
5.25 9.625 0.0
5.75 9.625 0.0
6.25 9.625 0.0
6.75 9.625 0.0
7.25 9.625 0.0
7.75 9.625 0.0
8.25 9.625 0.0
8.75 9.625 0.0
0.25 9.875 70960.3514203
0.75 9.875 35480.1757101
1.25 9.875 0.0
1.75 9.875 35480.1757101
2.25 9.875 0.0
2.75 9.875 35480.1757101
3.25 9.875 0.0
3.75 9.875 0.0
4.25 9.875 0.0
4.75 9.875 0.0
5.25 9.875 0.0
5.75 9.875 35480.1757101
6.25 9.875 0.0
6.75 9.875 0.0
7.25 9.875 0.0
7.75 9.875 0.0
8.25 9.875 0.0
8.75 9.875 0.0
0.25 10.125 70960.3514203
0.75 10.125 35480.1757101
1.25 10.125 35480.1757101
1.75 10.125 70960.3514203
2.25 10.125 70960.3514203
2.75 10.125 70960.3514203
3.25 10.125 0.0
3.75 10.125 0.0
4.25 10.125 0.0
4.75 10.125 0.0
5.25 10.125 0.0
5.75 10.125 0.0
6.25 10.125 0.0
6.75 10.125 0.0
7.25 10.125 0.0
7.75 10.125 0.0
8.25 10.125 0.0
8.75 10.125 0.0
0.25 10.375 106440.52713
0.75 10.375 106440.52713
1.25 10.375 35480.1757101
1.75 10.375 106440.52713
2.25 10.375 35480.1757101
2.75 10.375 0.0
3.25 10.375 70960.3514203
3.75 10.375 0.0
4.25 10.375 0.0
4.75 10.375 0.0
5.25 10.375 0.0
5.75 10.375 0.0
6.25 10.375 0.0
6.75 10.375 0.0
7.25 10.375 0.0
7.75 10.375 0.0
8.25 10.375 0.0
8.75 10.375 0.0
0.25 10.625 35480.1757101
0.75 10.625 70960.3514203
1.25 10.625 106440.52713
1.75 10.625 35480.1757101
2.25 10.625 35480.1757101
2.75 10.625 35480.1757101
3.25 10.625 0.0
3.75 10.625 35480.1757101
4.25 10.625 35480.1757101
4.75 10.625 0.0
5.25 10.625 35480.1757101
5.75 10.625 0.0
6.25 10.625 0.0
6.75 10.625 0.0
7.25 10.625 0.0
7.75 10.625 0.0
8.25 10.625 0.0
8.75 10.625 0.0
0.25 10.875 35480.1757101
0.75 10.875 35480.1757101
1.25 10.875 0.0
1.75 10.875 35480.1757101
2.25 10.875 35480.1757101
2.75 10.875 35480.1757101
3.25 10.875 35480.1757101
3.75 10.875 70960.3514203
4.25 10.875 0.0
4.75 10.875 35480.1757101
5.25 10.875 0.0
5.75 10.875 0.0
6.25 10.875 0.0
6.75 10.875 0.0
7.25 10.875 0.0
7.75 10.875 0.0
8.25 10.875 0.0
8.75 10.875 0.0
0.25 11.125 70960.3514203
0.75 11.125 0.0
1.25 11.125 70960.3514203
1.75 11.125 70960.3514203
2.25 11.125 70960.3514203
2.75 11.125 35480.1757101
3.25 11.125 0.0
3.75 11.125 0.0
4.25 11.125 35480.1757101
4.75 11.125 0.0
5.25 11.125 0.0
5.75 11.125 0.0
6.25 11.125 0.0
6.75 11.125 0.0
7.25 11.125 0.0
7.75 11.125 0.0
8.25 11.125 0.0
8.75 11.125 0.0
0.25 11.375 0.0
0.75 11.375 0.0
1.25 11.375 35480.1757101
1.75 11.375 35480.1757101
2.25 11.375 0.0
2.75 11.375 0.0
3.25 11.375 0.0
3.75 11.375 0.0
4.25 11.375 0.0
4.75 11.375 0.0
5.25 11.375 0.0
5.75 11.375 0.0
6.25 11.375 0.0
6.75 11.375 0.0
7.25 11.375 0.0
7.75 11.375 0.0
8.25 11.375 0.0
8.75 11.375 0.0
0.25 11.625 70960.3514203
0.75 11.625 0.0
1.25 11.625 35480.1757101
1.75 11.625 0.0
2.25 11.625 0.0
2.75 11.625 70960.3514203
3.25 11.625 0.0
3.75 11.625 0.0
4.25 11.625 0.0
4.75 11.625 0.0
5.25 11.625 0.0
5.75 11.625 0.0
6.25 11.625 0.0
6.75 11.625 0.0
7.25 11.625 0.0
7.75 11.625 0.0
8.25 11.625 0.0
8.75 11.625 0.0
0.25 11.875 70960.3514203
0.75 11.875 0.0
1.25 11.875 0.0
1.75 11.875 0.0
2.25 11.875 70960.3514203
2.75 11.875 0.0
3.25 11.875 0.0
3.75 11.875 0.0
4.25 11.875 0.0
4.75 11.875 0.0
5.25 11.875 0.0
5.75 11.875 0.0
6.25 11.875 0.0
6.75 11.875 0.0
7.25 11.875 0.0
7.75 11.875 0.0
8.25 11.875 0.0
8.75 11.875 0.0
0.25 12.125 0.0
0.75 12.125 35480.1757101
1.25 12.125 0.0
1.75 12.125 106440.52713
2.25 12.125 70960.3514203
2.75 12.125 35480.1757101
3.25 12.125 0.0
3.75 12.125 0.0
4.25 12.125 0.0
4.75 12.125 35480.1757101
5.25 12.125 0.0
5.75 12.125 0.0
6.25 12.125 0.0
6.75 12.125 0.0
7.25 12.125 0.0
7.75 12.125 0.0
8.25 12.125 0.0
8.75 12.125 0.0
0.25 12.375 0.0
0.75 12.375 35480.1757101
1.25 12.375 35480.1757101
1.75 12.375 35480.1757101
2.25 12.375 35480.1757101
2.75 12.375 0.0
3.25 12.375 0.0
3.75 12.375 0.0
4.25 12.375 0.0
4.75 12.375 0.0
5.25 12.375 0.0
5.75 12.375 0.0
6.25 12.375 0.0
6.75 12.375 0.0
7.25 12.375 0.0
7.75 12.375 0.0
8.25 12.375 0.0
8.75 12.375 0.0
0.25 12.625 0.0
0.75 12.625 0.0
1.25 12.625 0.0
1.75 12.625 35480.1757101
2.25 12.625 35480.1757101
2.75 12.625 0.0
3.25 12.625 0.0
3.75 12.625 0.0
4.25 12.625 0.0
4.75 12.625 35480.1757101
5.25 12.625 0.0
5.75 12.625 0.0
6.25 12.625 0.0
6.75 12.625 0.0
7.25 12.625 0.0
7.75 12.625 0.0
8.25 12.625 0.0
8.75 12.625 0.0
0.25 12.875 70960.3514203
0.75 12.875 0.0
1.25 12.875 0.0
1.75 12.875 0.0
2.25 12.875 0.0
2.75 12.875 0.0
3.25 12.875 0.0
3.75 12.875 0.0
4.25 12.875 0.0
4.75 12.875 0.0
5.25 12.875 0.0
5.75 12.875 0.0
6.25 12.875 0.0
6.75 12.875 0.0
7.25 12.875 0.0
7.75 12.875 0.0
8.25 12.875 0.0
8.75 12.875 0.0
0.25 13.125 0.0
0.75 13.125 70960.3514203
1.25 13.125 35480.1757101
1.75 13.125 35480.1757101
2.25 13.125 35480.1757101
2.75 13.125 0.0
3.25 13.125 0.0
3.75 13.125 35480.1757101
4.25 13.125 0.0
4.75 13.125 0.0
5.25 13.125 0.0
5.75 13.125 0.0
6.25 13.125 0.0
6.75 13.125 0.0
7.25 13.125 0.0
7.75 13.125 0.0
8.25 13.125 0.0
8.75 13.125 0.0
0.25 13.375 35480.1757101
0.75 13.375 0.0
1.25 13.375 35480.1757101
1.75 13.375 0.0
2.25 13.375 0.0
2.75 13.375 0.0
3.25 13.375 0.0
3.75 13.375 0.0
4.25 13.375 0.0
4.75 13.375 0.0
5.25 13.375 0.0
5.75 13.375 0.0
6.25 13.375 0.0
6.75 13.375 0.0
7.25 13.375 0.0
7.75 13.375 0.0
8.25 13.375 0.0
8.75 13.375 0.0
0.25 13.625 70960.3514203
0.75 13.625 0.0
1.25 13.625 0.0
1.75 13.625 35480.1757101
2.25 13.625 35480.1757101
2.75 13.625 35480.1757101
3.25 13.625 35480.1757101
3.75 13.625 0.0
4.25 13.625 0.0
4.75 13.625 0.0
5.25 13.625 0.0
5.75 13.625 0.0
6.25 13.625 0.0
6.75 13.625 0.0
7.25 13.625 0.0
7.75 13.625 0.0
8.25 13.625 0.0
8.75 13.625 0.0
0.25 13.875 0.0
0.75 13.875 0.0
1.25 13.875 0.0
1.75 13.875 0.0
2.25 13.875 35480.1757101
2.75 13.875 70960.3514203
3.25 13.875 0.0
3.75 13.875 0.0
4.25 13.875 0.0
4.75 13.875 0.0
5.25 13.875 0.0
5.75 13.875 0.0
6.25 13.875 0.0
6.75 13.875 0.0
7.25 13.875 0.0
7.75 13.875 0.0
8.25 13.875 0.0
8.75 13.875 0.0
0.25 14.125 0.0
0.75 14.125 70960.3514203
1.25 14.125 35480.1757101
1.75 14.125 0.0
2.25 14.125 35480.1757101
2.75 14.125 0.0
3.25 14.125 70960.3514203
3.75 14.125 0.0
4.25 14.125 0.0
4.75 14.125 0.0
5.25 14.125 0.0
5.75 14.125 0.0
6.25 14.125 0.0
6.75 14.125 0.0
7.25 14.125 0.0
7.75 14.125 0.0
8.25 14.125 0.0
8.75 14.125 0.0
0.25 14.375 35480.1757101
0.75 14.375 0.0
1.25 14.375 0.0
1.75 14.375 0.0
2.25 14.375 35480.1757101
2.75 14.375 0.0
3.25 14.375 0.0
3.75 14.375 0.0
4.25 14.375 35480.1757101
4.75 14.375 0.0
5.25 14.375 0.0
5.75 14.375 0.0
6.25 14.375 0.0
6.75 14.375 0.0
7.25 14.375 0.0
7.75 14.375 0.0
8.25 14.375 0.0
8.75 14.375 0.0
0.25 14.625 35480.1757101
0.75 14.625 0.0
1.25 14.625 0.0
1.75 14.625 0.0
2.25 14.625 35480.1757101
2.75 14.625 35480.1757101
3.25 14.625 0.0
3.75 14.625 0.0
4.25 14.625 0.0
4.75 14.625 0.0
5.25 14.625 0.0
5.75 14.625 0.0
6.25 14.625 0.0
6.75 14.625 0.0
7.25 14.625 0.0
7.75 14.625 0.0
8.25 14.625 0.0
8.75 14.625 0.0
0.25 14.875 0.0
0.75 14.875 0.0
1.25 14.875 0.0
1.75 14.875 0.0
2.25 14.875 0.0
2.75 14.875 0.0
3.25 14.875 0.0
3.75 14.875 0.0
4.25 14.875 35480.1757101
4.75 14.875 0.0
5.25 14.875 0.0
5.75 14.875 0.0
6.25 14.875 0.0
6.75 14.875 0.0
7.25 14.875 0.0
7.75 14.875 0.0
8.25 14.875 0.0
8.75 14.875 0.0
0.25 15.125 0.0
0.75 15.125 0.0
1.25 15.125 0.0
1.75 15.125 35480.1757101
2.25 15.125 0.0
2.75 15.125 35480.1757101
3.25 15.125 35480.1757101
3.75 15.125 35480.1757101
4.25 15.125 0.0
4.75 15.125 0.0
5.25 15.125 0.0
5.75 15.125 0.0
6.25 15.125 0.0
6.75 15.125 0.0
7.25 15.125 0.0
7.75 15.125 0.0
8.25 15.125 0.0
8.75 15.125 0.0
0.25 15.375 35480.1757101
0.75 15.375 0.0
1.25 15.375 0.0
1.75 15.375 0.0
2.25 15.375 0.0
2.75 15.375 0.0
3.25 15.375 0.0
3.75 15.375 0.0
4.25 15.375 0.0
4.75 15.375 0.0
5.25 15.375 0.0
5.75 15.375 0.0
6.25 15.375 0.0
6.75 15.375 0.0
7.25 15.375 0.0
7.75 15.375 0.0
8.25 15.375 0.0
8.75 15.375 0.0
0.25 15.625 0.0
0.75 15.625 0.0
1.25 15.625 0.0
1.75 15.625 0.0
2.25 15.625 0.0
2.75 15.625 0.0
3.25 15.625 0.0
3.75 15.625 0.0
4.25 15.625 0.0
4.75 15.625 0.0
5.25 15.625 0.0
5.75 15.625 0.0
6.25 15.625 0.0
6.75 15.625 0.0
7.25 15.625 0.0
7.75 15.625 0.0
8.25 15.625 0.0
8.75 15.625 0.0
0.25 15.875 0.0
0.75 15.875 0.0
1.25 15.875 0.0
1.75 15.875 0.0
2.25 15.875 35480.1757101
2.75 15.875 0.0
3.25 15.875 0.0
3.75 15.875 0.0
4.25 15.875 0.0
4.75 15.875 0.0
5.25 15.875 0.0
5.75 15.875 0.0
6.25 15.875 0.0
6.75 15.875 0.0
7.25 15.875 0.0
7.75 15.875 0.0
8.25 15.875 0.0
8.75 15.875 0.0
0.25 16.125 35480.1757101
0.75 16.125 0.0
1.25 16.125 0.0
1.75 16.125 0.0
2.25 16.125 35480.1757101
2.75 16.125 0.0
3.25 16.125 0.0
3.75 16.125 0.0
4.25 16.125 0.0
4.75 16.125 0.0
5.25 16.125 0.0
5.75 16.125 0.0
6.25 16.125 0.0
6.75 16.125 0.0
7.25 16.125 0.0
7.75 16.125 0.0
8.25 16.125 0.0
8.75 16.125 0.0
0.25 16.375 0.0
0.75 16.375 0.0
1.25 16.375 0.0
1.75 16.375 0.0
2.25 16.375 0.0
2.75 16.375 0.0
3.25 16.375 35480.1757101
3.75 16.375 0.0
4.25 16.375 0.0
4.75 16.375 0.0
5.25 16.375 0.0
5.75 16.375 0.0
6.25 16.375 0.0
6.75 16.375 0.0
7.25 16.375 0.0
7.75 16.375 0.0
8.25 16.375 0.0
8.75 16.375 0.0
0.25 16.625 0.0
0.75 16.625 0.0
1.25 16.625 0.0
1.75 16.625 0.0
2.25 16.625 0.0
2.75 16.625 0.0
3.25 16.625 0.0
3.75 16.625 0.0
4.25 16.625 0.0
4.75 16.625 0.0
5.25 16.625 0.0
5.75 16.625 0.0
6.25 16.625 0.0
6.75 16.625 0.0
7.25 16.625 0.0
7.75 16.625 0.0
8.25 16.625 0.0
8.75 16.625 0.0
0.25 16.875 0.0
0.75 16.875 0.0
1.25 16.875 0.0
1.75 16.875 0.0
2.25 16.875 0.0
2.75 16.875 0.0
3.25 16.875 0.0
3.75 16.875 0.0
4.25 16.875 0.0
4.75 16.875 0.0
5.25 16.875 0.0
5.75 16.875 0.0
6.25 16.875 0.0
6.75 16.875 0.0
7.25 16.875 0.0
7.75 16.875 0.0
8.25 16.875 0.0
8.75 16.875 0.0
0.25 17.125 35480.1757101
0.75 17.125 0.0
1.25 17.125 0.0
1.75 17.125 0.0
2.25 17.125 0.0
2.75 17.125 0.0
3.25 17.125 0.0
3.75 17.125 0.0
4.25 17.125 0.0
4.75 17.125 0.0
5.25 17.125 0.0
5.75 17.125 0.0
6.25 17.125 0.0
6.75 17.125 0.0
7.25 17.125 0.0
7.75 17.125 0.0
8.25 17.125 0.0
8.75 17.125 0.0
0.25 17.375 0.0
0.75 17.375 0.0
1.25 17.375 35480.1757101
1.75 17.375 0.0
2.25 17.375 0.0
2.75 17.375 0.0
3.25 17.375 0.0
3.75 17.375 0.0
4.25 17.375 0.0
4.75 17.375 0.0
5.25 17.375 0.0
5.75 17.375 0.0
6.25 17.375 0.0
6.75 17.375 0.0
7.25 17.375 0.0
7.75 17.375 0.0
8.25 17.375 0.0
8.75 17.375 0.0
0.25 17.625 35480.1757101
0.75 17.625 0.0
1.25 17.625 0.0
1.75 17.625 0.0
2.25 17.625 70960.3514203
2.75 17.625 35480.1757101
3.25 17.625 0.0
3.75 17.625 0.0
4.25 17.625 0.0
4.75 17.625 0.0
5.25 17.625 0.0
5.75 17.625 0.0
6.25 17.625 0.0
6.75 17.625 0.0
7.25 17.625 0.0
7.75 17.625 0.0
8.25 17.625 0.0
8.75 17.625 0.0
0.25 17.875 0.0
0.75 17.875 0.0
1.25 17.875 0.0
1.75 17.875 0.0
2.25 17.875 0.0
2.75 17.875 0.0
3.25 17.875 0.0
3.75 17.875 0.0
4.25 17.875 0.0
4.75 17.875 0.0
5.25 17.875 0.0
5.75 17.875 0.0
6.25 17.875 0.0
6.75 17.875 0.0
7.25 17.875 0.0
7.75 17.875 0.0
8.25 17.875 0.0
8.75 17.875 0.0
0.25 18.125 0.0
0.75 18.125 0.0
1.25 18.125 35480.1757101
1.75 18.125 0.0
2.25 18.125 0.0
2.75 18.125 0.0
3.25 18.125 0.0
3.75 18.125 0.0
4.25 18.125 0.0
4.75 18.125 0.0
5.25 18.125 0.0
5.75 18.125 0.0
6.25 18.125 0.0
6.75 18.125 0.0
7.25 18.125 0.0
7.75 18.125 0.0
8.25 18.125 0.0
8.75 18.125 0.0
0.25 18.375 0.0
0.75 18.375 35480.1757101
1.25 18.375 0.0
1.75 18.375 0.0
2.25 18.375 0.0
2.75 18.375 0.0
3.25 18.375 0.0
3.75 18.375 0.0
4.25 18.375 35480.1757101
4.75 18.375 0.0
5.25 18.375 0.0
5.75 18.375 0.0
6.25 18.375 0.0
6.75 18.375 0.0
7.25 18.375 0.0
7.75 18.375 0.0
8.25 18.375 0.0
8.75 18.375 0.0
0.25 18.625 35480.1757101
0.75 18.625 0.0
1.25 18.625 0.0
1.75 18.625 0.0
2.25 18.625 35480.1757101
2.75 18.625 0.0
3.25 18.625 0.0
3.75 18.625 0.0
4.25 18.625 0.0
4.75 18.625 0.0
5.25 18.625 0.0
5.75 18.625 0.0
6.25 18.625 0.0
6.75 18.625 0.0
7.25 18.625 0.0
7.75 18.625 0.0
8.25 18.625 0.0
8.75 18.625 0.0
0.25 18.875 0.0
0.75 18.875 0.0
1.25 18.875 0.0
1.75 18.875 0.0
2.25 18.875 0.0
2.75 18.875 0.0
3.25 18.875 35480.1757101
3.75 18.875 0.0
4.25 18.875 0.0
4.75 18.875 35480.1757101
5.25 18.875 0.0
5.75 18.875 0.0
6.25 18.875 0.0
6.75 18.875 0.0
7.25 18.875 0.0
7.75 18.875 0.0
8.25 18.875 0.0
8.75 18.875 0.0
0.25 19.125 0.0
0.75 19.125 0.0
1.25 19.125 0.0
1.75 19.125 0.0
2.25 19.125 0.0
2.75 19.125 0.0
3.25 19.125 0.0
3.75 19.125 0.0
4.25 19.125 0.0
4.75 19.125 0.0
5.25 19.125 0.0
5.75 19.125 0.0
6.25 19.125 0.0
6.75 19.125 0.0
7.25 19.125 0.0
7.75 19.125 0.0
8.25 19.125 0.0
8.75 19.125 0.0
0.25 19.375 0.0
0.75 19.375 0.0
1.25 19.375 35480.1757101
1.75 19.375 0.0
2.25 19.375 0.0
2.75 19.375 0.0
3.25 19.375 0.0
3.75 19.375 0.0
4.25 19.375 0.0
4.75 19.375 0.0
5.25 19.375 0.0
5.75 19.375 0.0
6.25 19.375 0.0
6.75 19.375 0.0
7.25 19.375 0.0
7.75 19.375 0.0
8.25 19.375 0.0
8.75 19.375 0.0
0.25 19.625 0.0
0.75 19.625 0.0
1.25 19.625 0.0
1.75 19.625 0.0
2.25 19.625 0.0
2.75 19.625 0.0
3.25 19.625 0.0
3.75 19.625 0.0
4.25 19.625 0.0
4.75 19.625 0.0
5.25 19.625 0.0
5.75 19.625 0.0
6.25 19.625 0.0
6.75 19.625 0.0
7.25 19.625 0.0
7.75 19.625 0.0
8.25 19.625 0.0
8.75 19.625 0.0
0.25 19.875 0.0
0.75 19.875 0.0
1.25 19.875 0.0
1.75 19.875 0.0
2.25 19.875 0.0
2.75 19.875 0.0
3.25 19.875 0.0
3.75 19.875 0.0
4.25 19.875 0.0
4.75 19.875 0.0
5.25 19.875 0.0
5.75 19.875 0.0
6.25 19.875 0.0
6.75 19.875 0.0
7.25 19.875 0.0
7.75 19.875 0.0
8.25 19.875 0.0
8.75 19.875 0.0
0.25 20.125 0.0
0.75 20.125 0.0
1.25 20.125 0.0
1.75 20.125 0.0
2.25 20.125 0.0
2.75 20.125 0.0
3.25 20.125 0.0
3.75 20.125 0.0
4.25 20.125 0.0
4.75 20.125 0.0
5.25 20.125 0.0
5.75 20.125 0.0
6.25 20.125 0.0
6.75 20.125 0.0
7.25 20.125 0.0
7.75 20.125 0.0
8.25 20.125 0.0
8.75 20.125 0.0
0.25 20.375 0.0
0.75 20.375 0.0
1.25 20.375 0.0
1.75 20.375 0.0
2.25 20.375 0.0
2.75 20.375 0.0
3.25 20.375 0.0
3.75 20.375 0.0
4.25 20.375 0.0
4.75 20.375 0.0
5.25 20.375 0.0
5.75 20.375 0.0
6.25 20.375 0.0
6.75 20.375 0.0
7.25 20.375 0.0
7.75 20.375 0.0
8.25 20.375 0.0
8.75 20.375 0.0
0.25 20.625 0.0
0.75 20.625 0.0
1.25 20.625 0.0
1.75 20.625 0.0
2.25 20.625 0.0
2.75 20.625 0.0
3.25 20.625 0.0
3.75 20.625 0.0
4.25 20.625 0.0
4.75 20.625 0.0
5.25 20.625 0.0
5.75 20.625 0.0
6.25 20.625 0.0
6.75 20.625 0.0
7.25 20.625 0.0
7.75 20.625 0.0
8.25 20.625 0.0
8.75 20.625 0.0
0.25 20.875 0.0
0.75 20.875 0.0
1.25 20.875 0.0
1.75 20.875 0.0
2.25 20.875 0.0
2.75 20.875 0.0
3.25 20.875 0.0
3.75 20.875 0.0
4.25 20.875 0.0
4.75 20.875 0.0
5.25 20.875 0.0
5.75 20.875 0.0
6.25 20.875 0.0
6.75 20.875 0.0
7.25 20.875 0.0
7.75 20.875 0.0
8.25 20.875 0.0
8.75 20.875 0.0
0.25 21.125 0.0
0.75 21.125 0.0
1.25 21.125 35480.1757101
1.75 21.125 0.0
2.25 21.125 0.0
2.75 21.125 0.0
3.25 21.125 0.0
3.75 21.125 0.0
4.25 21.125 0.0
4.75 21.125 0.0
5.25 21.125 0.0
5.75 21.125 0.0
6.25 21.125 0.0
6.75 21.125 0.0
7.25 21.125 0.0
7.75 21.125 0.0
8.25 21.125 0.0
8.75 21.125 0.0
0.25 21.375 0.0
0.75 21.375 0.0
1.25 21.375 0.0
1.75 21.375 0.0
2.25 21.375 0.0
2.75 21.375 0.0
3.25 21.375 0.0
3.75 21.375 0.0
4.25 21.375 0.0
4.75 21.375 0.0
5.25 21.375 0.0
5.75 21.375 0.0
6.25 21.375 0.0
6.75 21.375 0.0
7.25 21.375 0.0
7.75 21.375 0.0
8.25 21.375 0.0
8.75 21.375 0.0
0.25 21.625 0.0
0.75 21.625 0.0
1.25 21.625 0.0
1.75 21.625 0.0
2.25 21.625 0.0
2.75 21.625 0.0
3.25 21.625 0.0
3.75 21.625 0.0
4.25 21.625 0.0
4.75 21.625 0.0
5.25 21.625 0.0
5.75 21.625 0.0
6.25 21.625 0.0
6.75 21.625 0.0
7.25 21.625 0.0
7.75 21.625 0.0
8.25 21.625 0.0
8.75 21.625 0.0
0.25 21.875 0.0
0.75 21.875 0.0
1.25 21.875 0.0
1.75 21.875 0.0
2.25 21.875 0.0
2.75 21.875 0.0
3.25 21.875 0.0
3.75 21.875 0.0
4.25 21.875 0.0
4.75 21.875 0.0
5.25 21.875 0.0
5.75 21.875 0.0
6.25 21.875 0.0
6.75 21.875 0.0
7.25 21.875 0.0
7.75 21.875 0.0
8.25 21.875 0.0
8.75 21.875 0.0
0.25 22.125 0.0
0.75 22.125 0.0
1.25 22.125 0.0
1.75 22.125 0.0
2.25 22.125 0.0
2.75 22.125 0.0
3.25 22.125 0.0
3.75 22.125 0.0
4.25 22.125 0.0
4.75 22.125 0.0
5.25 22.125 0.0
5.75 22.125 0.0
6.25 22.125 0.0
6.75 22.125 0.0
7.25 22.125 0.0
7.75 22.125 0.0
8.25 22.125 0.0
8.75 22.125 0.0
0.25 22.375 0.0
0.75 22.375 0.0
1.25 22.375 0.0
1.75 22.375 0.0
2.25 22.375 0.0
2.75 22.375 0.0
3.25 22.375 0.0
3.75 22.375 0.0
4.25 22.375 0.0
4.75 22.375 0.0
5.25 22.375 0.0
5.75 22.375 0.0
6.25 22.375 0.0
6.75 22.375 0.0
7.25 22.375 0.0
7.75 22.375 0.0
8.25 22.375 0.0
8.75 22.375 0.0
0.25 22.625 0.0
0.75 22.625 0.0
1.25 22.625 0.0
1.75 22.625 0.0
2.25 22.625 0.0
2.75 22.625 0.0
3.25 22.625 0.0
3.75 22.625 0.0
4.25 22.625 0.0
4.75 22.625 0.0
5.25 22.625 0.0
5.75 22.625 0.0
6.25 22.625 0.0
6.75 22.625 0.0
7.25 22.625 0.0
7.75 22.625 0.0
8.25 22.625 0.0
8.75 22.625 0.0
0.25 22.875 0.0
0.75 22.875 0.0
1.25 22.875 0.0
1.75 22.875 0.0
2.25 22.875 0.0
2.75 22.875 0.0
3.25 22.875 0.0
3.75 22.875 0.0
4.25 22.875 0.0
4.75 22.875 0.0
5.25 22.875 0.0
5.75 22.875 0.0
6.25 22.875 0.0
6.75 22.875 0.0
7.25 22.875 0.0
7.75 22.875 0.0
8.25 22.875 0.0
8.75 22.875 0.0
0.25 23.125 0.0
0.75 23.125 0.0
1.25 23.125 0.0
1.75 23.125 0.0
2.25 23.125 0.0
2.75 23.125 0.0
3.25 23.125 0.0
3.75 23.125 0.0
4.25 23.125 0.0
4.75 23.125 0.0
5.25 23.125 0.0
5.75 23.125 0.0
6.25 23.125 0.0
6.75 23.125 0.0
7.25 23.125 0.0
7.75 23.125 0.0
8.25 23.125 0.0
8.75 23.125 0.0
0.25 23.375 0.0
0.75 23.375 0.0
1.25 23.375 0.0
1.75 23.375 0.0
2.25 23.375 0.0
2.75 23.375 0.0
3.25 23.375 0.0
3.75 23.375 0.0
4.25 23.375 0.0
4.75 23.375 0.0
5.25 23.375 0.0
5.75 23.375 0.0
6.25 23.375 0.0
6.75 23.375 0.0
7.25 23.375 0.0
7.75 23.375 0.0
8.25 23.375 0.0
8.75 23.375 0.0
0.25 23.625 0.0
0.75 23.625 0.0
1.25 23.625 0.0
1.75 23.625 35480.1757101
2.25 23.625 0.0
2.75 23.625 0.0
3.25 23.625 0.0
3.75 23.625 0.0
4.25 23.625 0.0
4.75 23.625 0.0
5.25 23.625 0.0
5.75 23.625 0.0
6.25 23.625 0.0
6.75 23.625 0.0
7.25 23.625 0.0
7.75 23.625 0.0
8.25 23.625 0.0
8.75 23.625 0.0
0.25 23.875 0.0
0.75 23.875 0.0
1.25 23.875 0.0
1.75 23.875 0.0
2.25 23.875 0.0
2.75 23.875 0.0
3.25 23.875 0.0
3.75 23.875 0.0
4.25 23.875 0.0
4.75 23.875 0.0
5.25 23.875 0.0
5.75 23.875 0.0
6.25 23.875 0.0
6.75 23.875 0.0
7.25 23.875 0.0
7.75 23.875 0.0
8.25 23.875 0.0
8.75 23.875 0.0
0.25 24.125 0.0
0.75 24.125 0.0
1.25 24.125 0.0
1.75 24.125 0.0
2.25 24.125 0.0
2.75 24.125 0.0
3.25 24.125 0.0
3.75 24.125 0.0
4.25 24.125 0.0
4.75 24.125 0.0
5.25 24.125 0.0
5.75 24.125 0.0
6.25 24.125 0.0
6.75 24.125 0.0
7.25 24.125 0.0
7.75 24.125 0.0
8.25 24.125 0.0
8.75 24.125 0.0
0.25 24.375 0.0
0.75 24.375 0.0
1.25 24.375 0.0
1.75 24.375 0.0
2.25 24.375 0.0
2.75 24.375 0.0
3.25 24.375 0.0
3.75 24.375 0.0
4.25 24.375 0.0
4.75 24.375 0.0
5.25 24.375 0.0
5.75 24.375 0.0
6.25 24.375 0.0
6.75 24.375 0.0
7.25 24.375 0.0
7.75 24.375 0.0
8.25 24.375 0.0
8.75 24.375 0.0
0.25 24.625 0.0
0.75 24.625 0.0
1.25 24.625 0.0
1.75 24.625 0.0
2.25 24.625 0.0
2.75 24.625 0.0
3.25 24.625 0.0
3.75 24.625 0.0
4.25 24.625 0.0
4.75 24.625 0.0
5.25 24.625 0.0
5.75 24.625 0.0
6.25 24.625 0.0
6.75 24.625 0.0
7.25 24.625 0.0
7.75 24.625 0.0
8.25 24.625 0.0
8.75 24.625 0.0
0.25 24.875 0.0
0.75 24.875 0.0
1.25 24.875 0.0
1.75 24.875 0.0
2.25 24.875 0.0
2.75 24.875 0.0
3.25 24.875 0.0
3.75 24.875 0.0
4.25 24.875 0.0
4.75 24.875 0.0
5.25 24.875 0.0
5.75 24.875 0.0
6.25 24.875 0.0
6.75 24.875 0.0
7.25 24.875 0.0
7.75 24.875 0.0
8.25 24.875 0.0
8.75 24.875 0.0
0.25 25.125 0.0
0.75 25.125 0.0
1.25 25.125 0.0
1.75 25.125 0.0
2.25 25.125 0.0
2.75 25.125 0.0
3.25 25.125 0.0
3.75 25.125 0.0
4.25 25.125 0.0
4.75 25.125 0.0
5.25 25.125 0.0
5.75 25.125 0.0
6.25 25.125 0.0
6.75 25.125 0.0
7.25 25.125 0.0
7.75 25.125 0.0
8.25 25.125 0.0
8.75 25.125 0.0
0.25 25.375 0.0
0.75 25.375 0.0
1.25 25.375 0.0
1.75 25.375 0.0
2.25 25.375 0.0
2.75 25.375 0.0
3.25 25.375 0.0
3.75 25.375 0.0
4.25 25.375 0.0
4.75 25.375 0.0
5.25 25.375 0.0
5.75 25.375 0.0
6.25 25.375 0.0
6.75 25.375 0.0
7.25 25.375 0.0
7.75 25.375 0.0
8.25 25.375 0.0
8.75 25.375 0.0
0.25 25.625 0.0
0.75 25.625 0.0
1.25 25.625 0.0
1.75 25.625 0.0
2.25 25.625 0.0
2.75 25.625 0.0
3.25 25.625 0.0
3.75 25.625 0.0
4.25 25.625 0.0
4.75 25.625 0.0
5.25 25.625 0.0
5.75 25.625 0.0
6.25 25.625 0.0
6.75 25.625 0.0
7.25 25.625 0.0
7.75 25.625 0.0
8.25 25.625 0.0
8.75 25.625 0.0
0.25 25.875 0.0
0.75 25.875 0.0
1.25 25.875 0.0
1.75 25.875 0.0
2.25 25.875 0.0
2.75 25.875 0.0
3.25 25.875 0.0
3.75 25.875 0.0
4.25 25.875 0.0
4.75 25.875 0.0
5.25 25.875 0.0
5.75 25.875 0.0
6.25 25.875 0.0
6.75 25.875 0.0
7.25 25.875 0.0
7.75 25.875 0.0
8.25 25.875 0.0
8.75 25.875 0.0
0.25 26.125 0.0
0.75 26.125 0.0
1.25 26.125 0.0
1.75 26.125 0.0
2.25 26.125 0.0
2.75 26.125 0.0
3.25 26.125 35480.1757101
3.75 26.125 0.0
4.25 26.125 0.0
4.75 26.125 0.0
5.25 26.125 0.0
5.75 26.125 0.0
6.25 26.125 0.0
6.75 26.125 0.0
7.25 26.125 0.0
7.75 26.125 0.0
8.25 26.125 0.0
8.75 26.125 0.0
0.25 26.375 0.0
0.75 26.375 0.0
1.25 26.375 0.0
1.75 26.375 0.0
2.25 26.375 0.0
2.75 26.375 0.0
3.25 26.375 0.0
3.75 26.375 0.0
4.25 26.375 0.0
4.75 26.375 0.0
5.25 26.375 0.0
5.75 26.375 0.0
6.25 26.375 0.0
6.75 26.375 0.0
7.25 26.375 0.0
7.75 26.375 0.0
8.25 26.375 0.0
8.75 26.375 0.0
0.25 26.625 0.0
0.75 26.625 0.0
1.25 26.625 0.0
1.75 26.625 0.0
2.25 26.625 0.0
2.75 26.625 0.0
3.25 26.625 0.0
3.75 26.625 0.0
4.25 26.625 0.0
4.75 26.625 0.0
5.25 26.625 0.0
5.75 26.625 0.0
6.25 26.625 0.0
6.75 26.625 0.0
7.25 26.625 0.0
7.75 26.625 0.0
8.25 26.625 0.0
8.75 26.625 0.0
0.25 26.875 0.0
0.75 26.875 0.0
1.25 26.875 0.0
1.75 26.875 0.0
2.25 26.875 0.0
2.75 26.875 0.0
3.25 26.875 0.0
3.75 26.875 0.0
4.25 26.875 0.0
4.75 26.875 0.0
5.25 26.875 0.0
5.75 26.875 0.0
6.25 26.875 0.0
6.75 26.875 0.0
7.25 26.875 0.0
7.75 26.875 0.0
8.25 26.875 0.0
8.75 26.875 0.0
0.25 27.125 0.0
0.75 27.125 0.0
1.25 27.125 0.0
1.75 27.125 0.0
2.25 27.125 0.0
2.75 27.125 0.0
3.25 27.125 0.0
3.75 27.125 0.0
4.25 27.125 0.0
4.75 27.125 0.0
5.25 27.125 0.0
5.75 27.125 0.0
6.25 27.125 0.0
6.75 27.125 0.0
7.25 27.125 0.0
7.75 27.125 0.0
8.25 27.125 0.0
8.75 27.125 0.0
0.25 27.375 0.0
0.75 27.375 0.0
1.25 27.375 0.0
1.75 27.375 0.0
2.25 27.375 0.0
2.75 27.375 0.0
3.25 27.375 0.0
3.75 27.375 0.0
4.25 27.375 0.0
4.75 27.375 0.0
5.25 27.375 0.0
5.75 27.375 0.0
6.25 27.375 0.0
6.75 27.375 0.0
7.25 27.375 0.0
7.75 27.375 0.0
8.25 27.375 0.0
8.75 27.375 0.0
0.25 27.625 0.0
0.75 27.625 0.0
1.25 27.625 0.0
1.75 27.625 0.0
2.25 27.625 0.0
2.75 27.625 0.0
3.25 27.625 0.0
3.75 27.625 0.0
4.25 27.625 0.0
4.75 27.625 0.0
5.25 27.625 0.0
5.75 27.625 0.0
6.25 27.625 0.0
6.75 27.625 0.0
7.25 27.625 0.0
7.75 27.625 0.0
8.25 27.625 0.0
8.75 27.625 0.0
0.25 27.875 0.0
0.75 27.875 0.0
1.25 27.875 0.0
1.75 27.875 0.0
2.25 27.875 0.0
2.75 27.875 0.0
3.25 27.875 0.0
3.75 27.875 0.0
4.25 27.875 0.0
4.75 27.875 0.0
5.25 27.875 0.0
5.75 27.875 0.0
6.25 27.875 0.0
6.75 27.875 0.0
7.25 27.875 0.0
7.75 27.875 0.0
8.25 27.875 0.0
8.75 27.875 0.0
0.25 28.125 0.0
0.75 28.125 0.0
1.25 28.125 0.0
1.75 28.125 0.0
2.25 28.125 0.0
2.75 28.125 0.0
3.25 28.125 0.0
3.75 28.125 0.0
4.25 28.125 0.0
4.75 28.125 0.0
5.25 28.125 0.0
5.75 28.125 0.0
6.25 28.125 0.0
6.75 28.125 0.0
7.25 28.125 0.0
7.75 28.125 0.0
8.25 28.125 0.0
8.75 28.125 0.0
0.25 28.375 0.0
0.75 28.375 0.0
1.25 28.375 0.0
1.75 28.375 0.0
2.25 28.375 0.0
2.75 28.375 0.0
3.25 28.375 0.0
3.75 28.375 0.0
4.25 28.375 0.0
4.75 28.375 0.0
5.25 28.375 0.0
5.75 28.375 0.0
6.25 28.375 0.0
6.75 28.375 0.0
7.25 28.375 0.0
7.75 28.375 0.0
8.25 28.375 0.0
8.75 28.375 0.0
0.25 28.625 0.0
0.75 28.625 0.0
1.25 28.625 35480.1757101
1.75 28.625 0.0
2.25 28.625 0.0
2.75 28.625 0.0
3.25 28.625 0.0
3.75 28.625 0.0
4.25 28.625 0.0
4.75 28.625 0.0
5.25 28.625 0.0
5.75 28.625 0.0
6.25 28.625 0.0
6.75 28.625 0.0
7.25 28.625 0.0
7.75 28.625 0.0
8.25 28.625 0.0
8.75 28.625 0.0
0.25 28.875 0.0
0.75 28.875 0.0
1.25 28.875 0.0
1.75 28.875 0.0
2.25 28.875 0.0
2.75 28.875 0.0
3.25 28.875 0.0
3.75 28.875 0.0
4.25 28.875 0.0
4.75 28.875 0.0
5.25 28.875 0.0
5.75 28.875 0.0
6.25 28.875 0.0
6.75 28.875 0.0
7.25 28.875 0.0
7.75 28.875 0.0
8.25 28.875 0.0
8.75 28.875 0.0
0.25 29.125 0.0
0.75 29.125 0.0
1.25 29.125 0.0
1.75 29.125 0.0
2.25 29.125 0.0
2.75 29.125 0.0
3.25 29.125 0.0
3.75 29.125 0.0
4.25 29.125 0.0
4.75 29.125 0.0
5.25 29.125 0.0
5.75 29.125 0.0
6.25 29.125 0.0
6.75 29.125 0.0
7.25 29.125 0.0
7.75 29.125 0.0
8.25 29.125 0.0
8.75 29.125 0.0
0.25 29.375 0.0
0.75 29.375 0.0
1.25 29.375 0.0
1.75 29.375 0.0
2.25 29.375 0.0
2.75 29.375 0.0
3.25 29.375 0.0
3.75 29.375 0.0
4.25 29.375 0.0
4.75 29.375 0.0
5.25 29.375 0.0
5.75 29.375 0.0
6.25 29.375 0.0
6.75 29.375 0.0
7.25 29.375 0.0
7.75 29.375 0.0
8.25 29.375 0.0
8.75 29.375 0.0
0.25 29.625 0.0
0.75 29.625 0.0
1.25 29.625 0.0
1.75 29.625 0.0
2.25 29.625 0.0
2.75 29.625 0.0
3.25 29.625 0.0
3.75 29.625 0.0
4.25 29.625 0.0
4.75 29.625 0.0
5.25 29.625 0.0
5.75 29.625 0.0
6.25 29.625 0.0
6.75 29.625 0.0
7.25 29.625 0.0
7.75 29.625 0.0
8.25 29.625 0.0
8.75 29.625 0.0
0.25 29.875 0.0
0.75 29.875 0.0
1.25 29.875 0.0
1.75 29.875 0.0
2.25 29.875 0.0
2.75 29.875 0.0
3.25 29.875 0.0
3.75 29.875 0.0
4.25 29.875 0.0
4.75 29.875 0.0
5.25 29.875 0.0
5.75 29.875 0.0
6.25 29.875 0.0
6.75 29.875 0.0
7.25 29.875 0.0
7.75 29.875 0.0
8.25 29.875 0.0
8.75 29.875 0.0
