11.294627058970837 52.35709150613371
14.219093021276404 127.6480911541926
17.900777537149963 249.96045087465805
22.535743732392298 480.225670091305
28.370820458389794 2279.876436294403
35.71674682851676 3974.25202380502
44.96472020903849 4074.073355178136
56.60722890537329 5614.488402195169
71.26427896022373 9601.87963083755
89.71641173621407 12659.225896739488
112.94627058970838 17216.42246352275
142.1909302127641 20215.236213124095
179.00777537149963 27885.83997080187
225.35743732392305 30410.43703659896
283.7082045838981 31105.356894060038
357.1674682851676 30401.474732059898
449.6472020903849 23943.20255388401
566.0722890537327 24369.515026567533
712.6427896022376 22640.52281080521
897.164117362141 20571.57664345007
1129.4627058970837 18752.74447084969
1421.9093021276408 12052.71910823445
1790.0777537149975 7400.802545382641
2253.5743732392316 3809.1642308306764
2837.082045838981 1460.4252608417883
3571.674682851676 358.5024790621246
4496.47202090385 72.8441505660885
5660.72289053733 8.266904909338336
7126.427896022379 0.8942565406905487
8971.64117362141 0.0
