0.25 0.125 532202.635652
0.75 0.125 780563.865623
1.25 0.125 816044.041333
1.75 0.125 709603.514203
2.25 0.125 922484.568464
2.75 0.125 1064405.2713
3.25 0.125 1241806.14985
3.75 0.125 1099885.44701
4.25 0.125 922484.568464
4.75 0.125 816044.041333
5.25 0.125 532202.635652
5.75 0.125 745083.689913
6.25 0.125 745083.689913
6.75 0.125 922484.568464
7.25 0.125 2093330.3669
7.75 0.125 3015814.93536
8.25 0.125 3902819.32812
8.75 0.125 1028925.09559
0.25 0.375 2696493.35397
0.75 0.375 3015814.93536
1.25 0.375 2802933.8811
1.75 0.375 2483612.29971
2.25 0.375 2731973.52968
2.75 0.375 2731973.52968
3.25 0.375 3122255.46249
3.75 0.375 2661013.17826
4.25 0.375 3193215.81391
4.75 0.375 3086775.28678
5.25 0.375 2625533.00255
5.75 0.375 2270731.24545
6.25 0.375 1880449.31264
6.75 0.375 2661013.17826
7.25 0.375 4718863.36945
7.75 0.375 6847673.91206
8.25 0.375 11282695.8758
8.75 0.375 2306211.42116
0.25 0.625 4470502.13948
0.75 0.625 4576942.66661
1.25 0.625 3973779.67954
1.75 0.625 4505982.31519
2.25 0.625 4505982.31519
2.75 0.625 4399541.78806
3.25 0.625 4364061.61235
3.75 0.625 4683383.19374
4.25 0.625 3689938.27385
4.75 0.625 4044740.03096
5.25 0.625 4115700.38238
5.75 0.625 3512537.3953
6.25 0.625 3760898.62528
6.75 0.625 4825303.89658
7.25 0.625 8231400.76475
7.75 0.625 9402246.56319
8.25 0.625 14475911.6897
8.75 0.625 2519092.47542
0.25 0.875 5996149.69501
0.75 0.875 6031629.87072
1.25 0.875 7486317.07484
1.75 0.875 5818748.81646
2.25 0.875 6138070.39785
2.75 0.875 5357506.53223
3.25 0.875 5180105.65368
3.75 0.875 5463947.05936
4.25 0.875 5286546.18081
4.75 0.875 5215585.82939
5.25 0.875 4576942.66661
5.75 0.875 4009259.85525
6.25 0.875 3938299.50383
6.75 0.875 5002704.77513
7.25 0.875 8621682.69756
7.75 0.875 11140775.173
8.25 0.875 14192070.2841
8.75 0.875 1170845.79843
0.25 1.125 6138070.39785
0.75 1.125 7060554.96632
1.25 1.125 7096035.14203
1.75 1.125 5854228.99217
2.25 1.125 6599312.68209
2.75 1.125 6528352.33067
3.25 1.125 6421911.80354
3.75 1.125 6031629.87072
4.25 1.125 6138070.39785
4.75 1.125 5818748.81646
5.25 1.125 5605867.7622
5.75 1.125 4328581.43664
6.25 1.125 4435021.96377
6.75 1.125 5570387.58649
7.25 1.125 8763603.40041
7.75 1.125 11069814.8216
8.25 1.125 13234105.5399
8.75 1.125 141920.702841
0.25 1.375 6670273.03351
0.75 1.375 5960669.5193
1.25 1.375 6209030.74927
1.75 1.375 6670273.03351
2.25 1.375 5463947.05936
2.75 1.375 6244510.92499
3.25 1.375 5570387.58649
3.75 1.375 5712308.28933
4.25 1.375 4789823.72087
4.75 1.375 4222140.90951
5.25 1.375 4505982.31519
5.75 1.375 4364061.61235
6.25 1.375 3973779.67954
6.75 1.375 5215585.82939
7.25 1.375 7876599.00765
7.75 1.375 10218290.6045
8.25 1.375 8053999.8862
8.75 1.375 0.0
0.25 1.625 6989594.6149
0.75 1.625 5463947.05936
1.25 1.625 6812193.73635
1.75 1.625 6386431.62783
2.25 1.625 5286546.18081
2.75 1.625 5002704.77513
3.25 1.625 5286546.18081
3.75 1.625 4647903.01803
4.25 1.625 3973779.67954
4.75 1.625 4718863.36945
5.25 1.625 3370616.69246
5.75 1.625 2873894.23252
6.25 1.625 3477057.21959
6.75 1.625 3406096.86817
7.25 1.625 6492872.15496
7.75 1.625 6883154.08777
8.25 1.625 4009259.85525
8.75 1.625 0.0
0.25 1.875 4364061.61235
0.75 1.875 4505982.31519
1.25 1.875 5783268.64075
1.75 1.875 4860784.07229
2.25 1.875 4931744.42371
2.75 1.875 4541462.4909
3.25 1.875 3654458.09814
3.75 1.875 3831858.9767
4.25 1.875 3654458.09814
4.75 1.875 3441577.04388
5.25 1.875 3335136.51675
5.75 1.875 2554572.65113
6.25 1.875 2448132.124
6.75 1.875 2554572.65113
7.25 1.875 4683383.19374
7.75 1.875 4186660.7338
8.25 1.875 1915929.48835
8.75 1.875 0.0
0.25 2.125 4896264.248
0.75 2.125 3583497.74672
1.25 2.125 5215585.82939
1.75 2.125 4328581.43664
2.25 2.125 3902819.32812
2.75 2.125 3548017.57101
3.25 2.125 3299656.34104
3.75 2.125 2873894.23252
4.25 2.125 3441577.04388
4.75 2.125 2661013.17826
5.25 2.125 2341691.59687
5.75 2.125 1844969.13693
6.25 2.125 1419207.02841
6.75 2.125 2306211.42116
7.25 2.125 2944854.58394
7.75 2.125 2731973.52968
8.25 2.125 780563.865623
8.75 2.125 0.0
0.25 2.375 3725418.44956
0.75 2.375 3264176.16533
1.25 2.375 3370616.69246
1.75 2.375 3902819.32812
2.25 2.375 3122255.46249
2.75 2.375 3193215.81391
3.25 2.375 3015814.93536
3.75 2.375 2625533.00255
4.25 2.375 2412651.94829
4.75 2.375 2164290.71832
5.25 2.375 1738528.6098
5.75 2.375 1774008.78551
6.25 2.375 1206325.97414
6.75 2.375 993444.919884
7.25 2.375 1774008.78551
7.75 2.375 1206325.97414
8.25 2.375 354801.757101
8.75 2.375 0.0
0.25 2.625 3441577.04388
0.75 2.625 2873894.23252
1.25 2.625 2767453.70539
1.75 2.625 2731973.52968
2.25 2.625 3548017.57101
2.75 2.625 2554572.65113
3.25 2.625 2093330.3669
3.75 2.625 2483612.29971
4.25 2.625 1454687.20412
4.75 2.625 1277286.32557
5.25 2.625 1348246.67699
5.75 2.625 922484.568464
6.25 2.625 851524.217043
6.75 2.625 1170845.79843
7.25 2.625 1241806.14985
7.75 2.625 887004.392754
8.25 2.625 212881.054261
8.75 2.625 0.0
0.25 2.875 2590052.82684
0.75 2.875 2519092.47542
1.25 2.875 2199770.89403
1.75 2.875 3122255.46249
2.25 2.875 1951409.66406
2.75 2.875 1844969.13693
3.25 2.875 2057850.19119
3.75 2.875 1099885.44701
4.25 2.875 1561127.73125
4.75 2.875 1277286.32557
5.25 2.875 1099885.44701
5.75 2.875 674123.338493
6.25 2.875 532202.635652
6.75 2.875 745083.689913
7.25 2.875 922484.568464
7.75 2.875 319321.581391
8.25 2.875 35480.1757101
8.75 2.875 0.0
0.25 3.125 1774008.78551
0.75 3.125 2235251.06974
1.25 3.125 2235251.06974
1.75 3.125 2270731.24545
2.25 3.125 1809488.96122
2.75 3.125 1525647.55554
3.25 3.125 1632088.08267
3.75 3.125 1454687.20412
4.25 3.125 1241806.14985
4.75 3.125 851524.217043
5.25 3.125 887004.392754
5.75 3.125 674123.338493
6.25 3.125 425762.108522
6.75 3.125 603162.987072
7.25 3.125 461242.284232
7.75 3.125 177400.878551
8.25 3.125 35480.1757101
8.75 3.125 0.0
0.25 3.375 1809488.96122
0.75 3.375 1632088.08267
1.25 3.375 1454687.20412
1.75 3.375 1774008.78551
2.25 3.375 2199770.89403
2.75 3.375 922484.568464
3.25 3.375 1277286.32557
3.75 3.375 1170845.79843
4.25 3.375 887004.392754
4.75 3.375 780563.865623
5.25 3.375 674123.338493
5.75 3.375 248361.229971
6.25 3.375 532202.635652
6.75 3.375 248361.229971
7.25 3.375 248361.229971
7.75 3.375 70960.3514203
8.25 3.375 0.0
8.75 3.375 0.0
0.25 3.625 1703048.43409
0.75 3.625 1561127.73125
1.25 3.625 1383726.8527
1.75 3.625 1028925.09559
2.25 3.625 1206325.97414
2.75 3.625 1206325.97414
3.25 3.625 1170845.79843
3.75 3.625 1206325.97414
4.25 3.625 887004.392754
4.75 3.625 532202.635652
5.25 3.625 496722.459942
5.75 3.625 496722.459942
6.25 3.625 425762.108522
6.75 3.625 177400.878551
7.25 3.625 354801.757101
7.75 3.625 70960.3514203
8.25 3.625 0.0
8.75 3.625 0.0
0.25 3.875 780563.865623
0.75 3.875 1028925.09559
1.25 3.875 1454687.20412
1.75 3.875 780563.865623
2.25 3.875 957964.744174
2.75 3.875 993444.919884
3.25 3.875 922484.568464
3.75 3.875 816044.041333
4.25 3.875 354801.757101
4.75 3.875 354801.757101
5.25 3.875 425762.108522
5.75 3.875 319321.581391
6.25 3.875 70960.3514203
6.75 3.875 177400.878551
7.25 3.875 35480.1757101
7.75 3.875 0.0
8.25 3.875 0.0
8.75 3.875 0.0
0.25 4.125 1241806.14985
0.75 4.125 1170845.79843
1.25 4.125 957964.744174
1.75 4.125 1206325.97414
2.25 4.125 1206325.97414
2.75 4.125 922484.568464
3.25 4.125 674123.338493
3.75 4.125 638643.162783
4.25 4.125 532202.635652
4.75 4.125 674123.338493
5.25 4.125 283841.405681
5.75 4.125 141920.702841
6.25 4.125 141920.702841
6.75 4.125 0.0
7.25 4.125 0.0
7.75 4.125 0.0
8.25 4.125 0.0
8.75 4.125 0.0
0.25 4.375 709603.514203
0.75 4.375 816044.041333
1.25 4.375 993444.919884
1.75 4.375 851524.217043
2.25 4.375 816044.041333
2.75 4.375 390281.932812
3.25 4.375 674123.338493
3.75 4.375 709603.514203
4.25 4.375 319321.581391
4.75 4.375 283841.405681
5.25 4.375 212881.054261
5.75 4.375 0.0
6.25 4.375 106440.52713
6.75 4.375 106440.52713
7.25 4.375 70960.3514203
7.75 4.375 0.0
8.25 4.375 0.0
8.75 4.375 0.0
0.25 4.625 603162.987072
0.75 4.625 496722.459942
1.25 4.625 851524.217043
1.75 4.625 425762.108522
2.25 4.625 425762.108522
2.75 4.625 567682.811362
3.25 4.625 851524.217043
3.75 4.625 390281.932812
4.25 4.625 319321.581391
4.75 4.625 212881.054261
5.25 4.625 212881.054261
5.75 4.625 141920.702841
6.25 4.625 0.0
6.75 4.625 35480.1757101
7.25 4.625 35480.1757101
7.75 4.625 0.0
8.25 4.625 0.0
8.75 4.625 0.0
0.25 4.875 816044.041333
0.75 4.875 390281.932812
1.25 4.875 496722.459942
1.75 4.875 461242.284232
2.25 4.875 603162.987072
2.75 4.875 319321.581391
3.25 4.875 425762.108522
3.75 4.875 283841.405681
4.25 4.875 177400.878551
4.75 4.875 177400.878551
5.25 4.875 106440.52713
5.75 4.875 70960.3514203
6.25 4.875 35480.1757101
6.75 4.875 0.0
7.25 4.875 0.0
7.75 4.875 0.0
8.25 4.875 0.0
8.75 4.875 0.0
0.25 5.125 425762.108522
0.75 5.125 780563.865623
1.25 5.125 674123.338493
1.75 5.125 425762.108522
2.25 5.125 603162.987072
2.75 5.125 141920.702841
3.25 5.125 354801.757101
3.75 5.125 70960.3514203
4.25 5.125 354801.757101
4.75 5.125 212881.054261
5.25 5.125 141920.702841
5.75 5.125 35480.1757101
6.25 5.125 70960.3514203
6.75 5.125 0.0
7.25 5.125 0.0
7.75 5.125 0.0
8.25 5.125 0.0
8.75 5.125 0.0
0.25 5.375 283841.405681
0.75 5.375 532202.635652
1.25 5.375 177400.878551
1.75 5.375 319321.581391
2.25 5.375 567682.811362
2.75 5.375 390281.932812
3.25 5.375 70960.3514203
3.75 5.375 248361.229971
4.25 5.375 177400.878551
4.75 5.375 177400.878551
5.25 5.375 141920.702841
5.75 5.375 0.0
6.25 5.375 0.0
6.75 5.375 35480.1757101
7.25 5.375 0.0
7.75 5.375 0.0
8.25 5.375 0.0
8.75 5.375 0.0
0.25 5.625 212881.054261
0.75 5.625 141920.702841
1.25 5.625 141920.702841
1.75 5.625 354801.757101
2.25 5.625 212881.054261
2.75 5.625 354801.757101
3.25 5.625 177400.878551
3.75 5.625 283841.405681
4.25 5.625 35480.1757101
4.75 5.625 248361.229971
5.25 5.625 212881.054261
5.75 5.625 35480.1757101
6.25 5.625 0.0
6.75 5.625 0.0
7.25 5.625 0.0
7.75 5.625 0.0
8.25 5.625 0.0
8.75 5.625 0.0
0.25 5.875 461242.284232
0.75 5.875 354801.757101
1.25 5.875 461242.284232
1.75 5.875 248361.229971
2.25 5.875 425762.108522
2.75 5.875 106440.52713
3.25 5.875 177400.878551
3.75 5.875 106440.52713
4.25 5.875 106440.52713
4.75 5.875 35480.1757101
5.25 5.875 35480.1757101
5.75 5.875 106440.52713
6.25 5.875 0.0
6.75 5.875 0.0
7.25 5.875 0.0
7.75 5.875 0.0
8.25 5.875 0.0
8.75 5.875 0.0
0.25 6.125 106440.52713
0.75 6.125 212881.054261
1.25 6.125 141920.702841
1.75 6.125 141920.702841
2.25 6.125 319321.581391
2.75 6.125 212881.054261
3.25 6.125 354801.757101
3.75 6.125 35480.1757101
4.25 6.125 141920.702841
4.75 6.125 106440.52713
5.25 6.125 70960.3514203
5.75 6.125 70960.3514203
6.25 6.125 0.0
6.75 6.125 0.0
7.25 6.125 0.0
7.75 6.125 0.0
8.25 6.125 0.0
8.75 6.125 0.0
0.25 6.375 390281.932812
0.75 6.375 212881.054261
1.25 6.375 248361.229971
1.75 6.375 177400.878551
2.25 6.375 212881.054261
2.75 6.375 248361.229971
3.25 6.375 141920.702841
3.75 6.375 141920.702841
4.25 6.375 35480.1757101
4.75 6.375 0.0
5.25 6.375 35480.1757101
5.75 6.375 35480.1757101
6.25 6.375 35480.1757101
6.75 6.375 0.0
7.25 6.375 0.0
7.75 6.375 0.0
8.25 6.375 0.0
8.75 6.375 0.0
0.25 6.625 177400.878551
0.75 6.625 177400.878551
1.25 6.625 212881.054261
1.75 6.625 141920.702841
2.25 6.625 141920.702841
2.75 6.625 106440.52713
3.25 6.625 70960.3514203
3.75 6.625 177400.878551
4.25 6.625 106440.52713
4.75 6.625 70960.3514203
5.25 6.625 70960.3514203
5.75 6.625 70960.3514203
6.25 6.625 35480.1757101
6.75 6.625 0.0
7.25 6.625 0.0
7.75 6.625 0.0
8.25 6.625 0.0
8.75 6.625 0.0
0.25 6.875 212881.054261
0.75 6.875 35480.1757101
1.25 6.875 0.0
1.75 6.875 106440.52713
2.25 6.875 70960.3514203
2.75 6.875 70960.3514203
3.25 6.875 70960.3514203
3.75 6.875 70960.3514203
4.25 6.875 0.0
4.75 6.875 70960.3514203
5.25 6.875 106440.52713
5.75 6.875 0.0
6.25 6.875 35480.1757101
6.75 6.875 0.0
7.25 6.875 0.0
7.75 6.875 0.0
8.25 6.875 0.0
8.75 6.875 0.0
0.25 7.125 141920.702841
0.75 7.125 106440.52713
1.25 7.125 319321.581391
1.75 7.125 248361.229971
2.25 7.125 35480.1757101
2.75 7.125 106440.52713
3.25 7.125 35480.1757101
3.75 7.125 35480.1757101
4.25 7.125 70960.3514203
4.75 7.125 70960.3514203
5.25 7.125 35480.1757101
5.75 7.125 35480.1757101
6.25 7.125 0.0
6.75 7.125 0.0
7.25 7.125 0.0
7.75 7.125 0.0
8.25 7.125 0.0
8.75 7.125 0.0
0.25 7.375 70960.3514203
0.75 7.375 177400.878551
1.25 7.375 106440.52713
1.75 7.375 70960.3514203
2.25 7.375 106440.52713
2.75 7.375 35480.1757101
3.25 7.375 177400.878551
3.75 7.375 35480.1757101
4.25 7.375 70960.3514203
4.75 7.375 0.0
5.25 7.375 70960.3514203
5.75 7.375 0.0
6.25 7.375 0.0
6.75 7.375 0.0
7.25 7.375 0.0
7.75 7.375 0.0
8.25 7.375 0.0
8.75 7.375 0.0
0.25 7.625 70960.3514203
0.75 7.625 35480.1757101
1.25 7.625 141920.702841
1.75 7.625 106440.52713
2.25 7.625 106440.52713
2.75 7.625 35480.1757101
3.25 7.625 70960.3514203
3.75 7.625 70960.3514203
4.25 7.625 35480.1757101
4.75 7.625 35480.1757101
5.25 7.625 35480.1757101
5.75 7.625 35480.1757101
6.25 7.625 0.0
6.75 7.625 0.0
7.25 7.625 0.0
7.75 7.625 0.0
8.25 7.625 0.0
8.75 7.625 0.0
0.25 7.875 70960.3514203
0.75 7.875 35480.1757101
1.25 7.875 106440.52713
1.75 7.875 70960.3514203
2.25 7.875 106440.52713
2.75 7.875 35480.1757101
3.25 7.875 177400.878551
3.75 7.875 0.0
4.25 7.875 35480.1757101
4.75 7.875 0.0
5.25 7.875 35480.1757101
5.75 7.875 0.0
6.25 7.875 0.0
6.75 7.875 0.0
7.25 7.875 0.0
7.75 7.875 0.0
8.25 7.875 0.0
8.75 7.875 0.0
0.25 8.125 106440.52713
0.75 8.125 106440.52713
1.25 8.125 70960.3514203
1.75 8.125 106440.52713
2.25 8.125 70960.3514203
2.75 8.125 35480.1757101
3.25 8.125 0.0
3.75 8.125 70960.3514203
4.25 8.125 70960.3514203
4.75 8.125 0.0
5.25 8.125 0.0
5.75 8.125 0.0
6.25 8.125 0.0
6.75 8.125 0.0
7.25 8.125 0.0
7.75 8.125 0.0
8.25 8.125 0.0
8.75 8.125 0.0
0.25 8.375 35480.1757101
0.75 8.375 35480.1757101
1.25 8.375 0.0
1.75 8.375 70960.3514203
2.25 8.375 35480.1757101
2.75 8.375 35480.1757101
3.25 8.375 70960.3514203
3.75 8.375 0.0
4.25 8.375 0.0
4.75 8.375 0.0
5.25 8.375 0.0
5.75 8.375 0.0
6.25 8.375 0.0
6.75 8.375 0.0
7.25 8.375 0.0
7.75 8.375 0.0
8.25 8.375 0.0
8.75 8.375 0.0
0.25 8.625 35480.1757101
0.75 8.625 0.0
1.25 8.625 35480.1757101
1.75 8.625 70960.3514203
2.25 8.625 35480.1757101
2.75 8.625 106440.52713
3.25 8.625 0.0
3.75 8.625 0.0
4.25 8.625 0.0
4.75 8.625 0.0
5.25 8.625 0.0
5.75 8.625 0.0
6.25 8.625 0.0
6.75 8.625 0.0
7.25 8.625 0.0
7.75 8.625 0.0
8.25 8.625 0.0
8.75 8.625 0.0
0.25 8.875 0.0
0.75 8.875 106440.52713
1.25 8.875 35480.1757101
1.75 8.875 106440.52713
2.25 8.875 35480.1757101
2.75 8.875 0.0
3.25 8.875 70960.3514203
3.75 8.875 35480.1757101
4.25 8.875 70960.3514203
4.75 8.875 0.0
5.25 8.875 0.0
5.75 8.875 0.0
6.25 8.875 0.0
6.75 8.875 0.0
7.25 8.875 0.0
7.75 8.875 0.0
8.25 8.875 0.0
8.75 8.875 0.0
0.25 9.125 35480.1757101
0.75 9.125 0.0
1.25 9.125 35480.1757101
1.75 9.125 70960.3514203
2.25 9.125 35480.1757101
2.75 9.125 106440.52713
3.25 9.125 70960.3514203
3.75 9.125 35480.1757101
4.25 9.125 0.0
4.75 9.125 0.0
5.25 9.125 0.0
5.75 9.125 0.0
6.25 9.125 0.0
6.75 9.125 0.0
7.25 9.125 0.0
7.75 9.125 0.0
8.25 9.125 0.0
8.75 9.125 0.0
0.25 9.375 0.0
0.75 9.375 35480.1757101
1.25 9.375 0.0
1.75 9.375 0.0
2.25 9.375 0.0
2.75 9.375 0.0
3.25 9.375 35480.1757101
3.75 9.375 0.0
4.25 9.375 0.0
4.75 9.375 35480.1757101
5.25 9.375 0.0
5.75 9.375 0.0
6.25 9.375 0.0
6.75 9.375 0.0
7.25 9.375 0.0
7.75 9.375 0.0
8.25 9.375 0.0
8.75 9.375 0.0
0.25 9.625 70960.3514203
0.75 9.625 0.0
1.25 9.625 0.0
1.75 9.625 35480.1757101
2.25 9.625 141920.702841
2.75 9.625 35480.1757101
3.25 9.625 0.0
3.75 9.625 35480.1757101
4.25 9.625 35480.1757101
4.75 9.625 0.0
5.25 9.625 0.0
5.75 9.625 0.0
6.25 9.625 0.0
6.75 9.625 0.0
7.25 9.625 0.0
7.75 9.625 0.0
8.25 9.625 0.0
8.75 9.625 0.0
0.25 9.875 70960.3514203
0.75 9.875 0.0
1.25 9.875 70960.3514203
1.75 9.875 35480.1757101
2.25 9.875 35480.1757101
2.75 9.875 0.0
3.25 9.875 0.0
3.75 9.875 35480.1757101
4.25 9.875 0.0
4.75 9.875 0.0
5.25 9.875 0.0
5.75 9.875 0.0
6.25 9.875 0.0
6.75 9.875 0.0
7.25 9.875 0.0
7.75 9.875 0.0
8.25 9.875 0.0
8.75 9.875 0.0
0.25 10.125 35480.1757101
0.75 10.125 0.0
1.25 10.125 0.0
1.75 10.125 70960.3514203
2.25 10.125 35480.1757101
2.75 10.125 35480.1757101
3.25 10.125 0.0
3.75 10.125 0.0
4.25 10.125 0.0
4.75 10.125 0.0
5.25 10.125 0.0
5.75 10.125 0.0
6.25 10.125 0.0
6.75 10.125 0.0
7.25 10.125 0.0
7.75 10.125 0.0
8.25 10.125 0.0
8.75 10.125 0.0
0.25 10.375 0.0
0.75 10.375 70960.3514203
1.25 10.375 70960.3514203
1.75 10.375 0.0
2.25 10.375 35480.1757101
2.75 10.375 0.0
3.25 10.375 0.0
3.75 10.375 35480.1757101
4.25 10.375 0.0
4.75 10.375 35480.1757101
5.25 10.375 0.0
5.75 10.375 0.0
6.25 10.375 0.0
6.75 10.375 0.0
7.25 10.375 0.0
7.75 10.375 0.0
8.25 10.375 0.0
8.75 10.375 0.0
0.25 10.625 35480.1757101
0.75 10.625 35480.1757101
1.25 10.625 35480.1757101
1.75 10.625 0.0
2.25 10.625 35480.1757101
2.75 10.625 0.0
3.25 10.625 35480.1757101
3.75 10.625 0.0
4.25 10.625 35480.1757101
4.75 10.625 0.0
5.25 10.625 0.0
5.75 10.625 0.0
6.25 10.625 0.0
6.75 10.625 0.0
7.25 10.625 0.0
7.75 10.625 0.0
8.25 10.625 0.0
8.75 10.625 0.0
0.25 10.875 35480.1757101
0.75 10.875 35480.1757101
1.25 10.875 35480.1757101
1.75 10.875 70960.3514203
2.25 10.875 0.0
2.75 10.875 35480.1757101
3.25 10.875 0.0
3.75 10.875 35480.1757101
4.25 10.875 0.0
4.75 10.875 0.0
5.25 10.875 0.0
5.75 10.875 0.0
6.25 10.875 0.0
6.75 10.875 0.0
7.25 10.875 0.0
7.75 10.875 0.0
8.25 10.875 0.0
8.75 10.875 0.0
0.25 11.125 35480.1757101
0.75 11.125 0.0
1.25 11.125 0.0
1.75 11.125 35480.1757101
2.25 11.125 0.0
2.75 11.125 0.0
3.25 11.125 0.0
3.75 11.125 0.0
4.25 11.125 0.0
4.75 11.125 0.0
5.25 11.125 0.0
5.75 11.125 0.0
6.25 11.125 0.0
6.75 11.125 0.0
7.25 11.125 0.0
7.75 11.125 0.0
8.25 11.125 0.0
8.75 11.125 0.0
0.25 11.375 35480.1757101
0.75 11.375 35480.1757101
1.25 11.375 35480.1757101
1.75 11.375 0.0
2.25 11.375 0.0
2.75 11.375 0.0
3.25 11.375 0.0
3.75 11.375 0.0
4.25 11.375 0.0
4.75 11.375 0.0
5.25 11.375 0.0
5.75 11.375 0.0
6.25 11.375 0.0
6.75 11.375 0.0
7.25 11.375 0.0
7.75 11.375 0.0
8.25 11.375 0.0
8.75 11.375 0.0
0.25 11.625 35480.1757101
0.75 11.625 0.0
1.25 11.625 0.0
1.75 11.625 0.0
2.25 11.625 0.0
2.75 11.625 0.0
3.25 11.625 35480.1757101
3.75 11.625 0.0
4.25 11.625 35480.1757101
4.75 11.625 0.0
5.25 11.625 0.0
5.75 11.625 0.0
6.25 11.625 0.0
6.75 11.625 0.0
7.25 11.625 0.0
7.75 11.625 0.0
8.25 11.625 0.0
8.75 11.625 0.0
0.25 11.875 0.0
0.75 11.875 0.0
1.25 11.875 0.0
1.75 11.875 35480.1757101
2.25 11.875 70960.3514203
2.75 11.875 0.0
3.25 11.875 0.0
3.75 11.875 35480.1757101
4.25 11.875 0.0
4.75 11.875 35480.1757101
5.25 11.875 0.0
5.75 11.875 0.0
6.25 11.875 0.0
6.75 11.875 0.0
7.25 11.875 0.0
7.75 11.875 0.0
8.25 11.875 0.0
8.75 11.875 0.0
0.25 12.125 0.0
0.75 12.125 0.0
1.25 12.125 0.0
1.75 12.125 0.0
2.25 12.125 0.0
2.75 12.125 70960.3514203
3.25 12.125 0.0
3.75 12.125 0.0
4.25 12.125 0.0
4.75 12.125 0.0
5.25 12.125 0.0
5.75 12.125 0.0
6.25 12.125 0.0
6.75 12.125 0.0
7.25 12.125 0.0
7.75 12.125 0.0
8.25 12.125 0.0
8.75 12.125 0.0
0.25 12.375 0.0
0.75 12.375 0.0
1.25 12.375 35480.1757101
1.75 12.375 0.0
2.25 12.375 35480.1757101
2.75 12.375 0.0
3.25 12.375 0.0
3.75 12.375 0.0
4.25 12.375 0.0
4.75 12.375 0.0
5.25 12.375 0.0
5.75 12.375 0.0
6.25 12.375 0.0
6.75 12.375 0.0
7.25 12.375 0.0
7.75 12.375 0.0
8.25 12.375 0.0
8.75 12.375 0.0
0.25 12.625 0.0
0.75 12.625 0.0
1.25 12.625 0.0
1.75 12.625 0.0
2.25 12.625 0.0
2.75 12.625 35480.1757101
3.25 12.625 0.0
3.75 12.625 0.0
4.25 12.625 0.0
4.75 12.625 0.0
5.25 12.625 0.0
5.75 12.625 0.0
6.25 12.625 0.0
6.75 12.625 0.0
7.25 12.625 0.0
7.75 12.625 0.0
8.25 12.625 0.0
8.75 12.625 0.0
0.25 12.875 0.0
0.75 12.875 0.0
1.25 12.875 0.0
1.75 12.875 0.0
2.25 12.875 0.0
2.75 12.875 0.0
3.25 12.875 0.0
3.75 12.875 0.0
4.25 12.875 0.0
4.75 12.875 0.0
5.25 12.875 0.0
5.75 12.875 0.0
6.25 12.875 0.0
6.75 12.875 0.0
7.25 12.875 0.0
7.75 12.875 0.0
8.25 12.875 0.0
8.75 12.875 0.0
0.25 13.125 35480.1757101
0.75 13.125 0.0
1.25 13.125 0.0
1.75 13.125 35480.1757101
2.25 13.125 0.0
2.75 13.125 35480.1757101
3.25 13.125 0.0
3.75 13.125 0.0
4.25 13.125 0.0
4.75 13.125 0.0
5.25 13.125 0.0
5.75 13.125 0.0
6.25 13.125 0.0
6.75 13.125 0.0
7.25 13.125 0.0
7.75 13.125 0.0
8.25 13.125 0.0
8.75 13.125 0.0
0.25 13.375 0.0
0.75 13.375 0.0
1.25 13.375 0.0
1.75 13.375 0.0
2.25 13.375 0.0
2.75 13.375 0.0
3.25 13.375 0.0
3.75 13.375 35480.1757101
4.25 13.375 0.0
4.75 13.375 0.0
5.25 13.375 0.0
5.75 13.375 0.0
6.25 13.375 0.0
6.75 13.375 0.0
7.25 13.375 0.0
7.75 13.375 0.0
8.25 13.375 0.0
8.75 13.375 0.0
0.25 13.625 0.0
0.75 13.625 35480.1757101
1.25 13.625 0.0
1.75 13.625 0.0
2.25 13.625 0.0
2.75 13.625 0.0
3.25 13.625 0.0
3.75 13.625 0.0
4.25 13.625 0.0
4.75 13.625 0.0
5.25 13.625 0.0
5.75 13.625 0.0
6.25 13.625 0.0
6.75 13.625 0.0
7.25 13.625 0.0
7.75 13.625 0.0
8.25 13.625 0.0
8.75 13.625 0.0
0.25 13.875 0.0
0.75 13.875 0.0
1.25 13.875 0.0
1.75 13.875 70960.3514203
2.25 13.875 0.0
2.75 13.875 0.0
3.25 13.875 0.0
3.75 13.875 0.0
4.25 13.875 0.0
4.75 13.875 0.0
5.25 13.875 0.0
5.75 13.875 0.0
6.25 13.875 0.0
6.75 13.875 0.0
7.25 13.875 0.0
7.75 13.875 0.0
8.25 13.875 0.0
8.75 13.875 0.0
0.25 14.125 0.0
0.75 14.125 0.0
1.25 14.125 0.0
1.75 14.125 0.0
2.25 14.125 0.0
2.75 14.125 35480.1757101
3.25 14.125 0.0
3.75 14.125 0.0
4.25 14.125 0.0
4.75 14.125 0.0
5.25 14.125 0.0
5.75 14.125 0.0
6.25 14.125 0.0
6.75 14.125 0.0
7.25 14.125 0.0
7.75 14.125 0.0
8.25 14.125 0.0
8.75 14.125 0.0
0.25 14.375 0.0
0.75 14.375 0.0
1.25 14.375 35480.1757101
1.75 14.375 0.0
2.25 14.375 0.0
2.75 14.375 0.0
3.25 14.375 0.0
3.75 14.375 0.0
4.25 14.375 0.0
4.75 14.375 0.0
5.25 14.375 0.0
5.75 14.375 0.0
6.25 14.375 0.0
6.75 14.375 0.0
7.25 14.375 0.0
7.75 14.375 0.0
8.25 14.375 0.0
8.75 14.375 0.0
0.25 14.625 0.0
0.75 14.625 35480.1757101
1.25 14.625 35480.1757101
1.75 14.625 0.0
2.25 14.625 0.0
2.75 14.625 0.0
3.25 14.625 0.0
3.75 14.625 0.0
4.25 14.625 0.0
4.75 14.625 0.0
5.25 14.625 0.0
5.75 14.625 0.0
6.25 14.625 0.0
6.75 14.625 0.0
7.25 14.625 0.0
7.75 14.625 0.0
8.25 14.625 0.0
8.75 14.625 0.0
0.25 14.875 70960.3514203
0.75 14.875 0.0
1.25 14.875 0.0
1.75 14.875 0.0
2.25 14.875 0.0
2.75 14.875 0.0
3.25 14.875 0.0
3.75 14.875 0.0
4.25 14.875 0.0
4.75 14.875 0.0
5.25 14.875 0.0
5.75 14.875 0.0
6.25 14.875 0.0
6.75 14.875 0.0
7.25 14.875 0.0
7.75 14.875 0.0
8.25 14.875 0.0
8.75 14.875 0.0
0.25 15.125 0.0
0.75 15.125 0.0
1.25 15.125 0.0
1.75 15.125 0.0
2.25 15.125 0.0
2.75 15.125 0.0
3.25 15.125 0.0
3.75 15.125 0.0
4.25 15.125 70960.3514203
4.75 15.125 0.0
5.25 15.125 0.0
5.75 15.125 0.0
6.25 15.125 0.0
6.75 15.125 0.0
7.25 15.125 0.0
7.75 15.125 0.0
8.25 15.125 0.0
8.75 15.125 0.0
0.25 15.375 0.0
0.75 15.375 0.0
1.25 15.375 0.0
1.75 15.375 0.0
2.25 15.375 0.0
2.75 15.375 35480.1757101
3.25 15.375 0.0
3.75 15.375 0.0
4.25 15.375 0.0
4.75 15.375 0.0
5.25 15.375 0.0
5.75 15.375 0.0
6.25 15.375 0.0
6.75 15.375 0.0
7.25 15.375 0.0
7.75 15.375 0.0
8.25 15.375 0.0
8.75 15.375 0.0
0.25 15.625 0.0
0.75 15.625 0.0
1.25 15.625 0.0
1.75 15.625 0.0
2.25 15.625 0.0
2.75 15.625 70960.3514203
3.25 15.625 0.0
3.75 15.625 0.0
4.25 15.625 0.0
4.75 15.625 0.0
5.25 15.625 0.0
5.75 15.625 0.0
6.25 15.625 0.0
6.75 15.625 0.0
7.25 15.625 0.0
7.75 15.625 0.0
8.25 15.625 0.0
8.75 15.625 0.0
0.25 15.875 0.0
0.75 15.875 0.0
1.25 15.875 0.0
1.75 15.875 0.0
2.25 15.875 35480.1757101
2.75 15.875 0.0
3.25 15.875 0.0
3.75 15.875 0.0
4.25 15.875 0.0
4.75 15.875 0.0
5.25 15.875 0.0
5.75 15.875 0.0
6.25 15.875 0.0
6.75 15.875 0.0
7.25 15.875 0.0
7.75 15.875 0.0
8.25 15.875 0.0
8.75 15.875 0.0
0.25 16.125 35480.1757101
0.75 16.125 0.0
1.25 16.125 0.0
1.75 16.125 0.0
2.25 16.125 35480.1757101
2.75 16.125 0.0
3.25 16.125 0.0
3.75 16.125 0.0
4.25 16.125 0.0
4.75 16.125 0.0
5.25 16.125 0.0
5.75 16.125 0.0
6.25 16.125 0.0
6.75 16.125 0.0
7.25 16.125 0.0
7.75 16.125 0.0
8.25 16.125 0.0
8.75 16.125 0.0
0.25 16.375 0.0
0.75 16.375 0.0
1.25 16.375 35480.1757101
1.75 16.375 0.0
2.25 16.375 0.0
2.75 16.375 0.0
3.25 16.375 0.0
3.75 16.375 0.0
4.25 16.375 0.0
4.75 16.375 0.0
5.25 16.375 0.0
5.75 16.375 0.0
6.25 16.375 0.0
6.75 16.375 0.0
7.25 16.375 0.0
7.75 16.375 0.0
8.25 16.375 0.0
8.75 16.375 0.0
0.25 16.625 35480.1757101
0.75 16.625 35480.1757101
1.25 16.625 0.0
1.75 16.625 0.0
2.25 16.625 0.0
2.75 16.625 0.0
3.25 16.625 0.0
3.75 16.625 0.0
4.25 16.625 0.0
4.75 16.625 0.0
5.25 16.625 0.0
5.75 16.625 0.0
6.25 16.625 0.0
6.75 16.625 0.0
7.25 16.625 0.0
7.75 16.625 0.0
8.25 16.625 0.0
8.75 16.625 0.0
0.25 16.875 0.0
0.75 16.875 0.0
1.25 16.875 0.0
1.75 16.875 0.0
2.25 16.875 0.0
2.75 16.875 0.0
3.25 16.875 0.0
3.75 16.875 0.0
4.25 16.875 0.0
4.75 16.875 0.0
5.25 16.875 0.0
5.75 16.875 0.0
6.25 16.875 0.0
6.75 16.875 0.0
7.25 16.875 0.0
7.75 16.875 0.0
8.25 16.875 0.0
8.75 16.875 0.0
0.25 17.125 0.0
0.75 17.125 0.0
1.25 17.125 0.0
1.75 17.125 0.0
2.25 17.125 0.0
2.75 17.125 0.0
3.25 17.125 0.0
3.75 17.125 35480.1757101
4.25 17.125 0.0
4.75 17.125 0.0
5.25 17.125 0.0
5.75 17.125 0.0
6.25 17.125 0.0
6.75 17.125 0.0
7.25 17.125 0.0
7.75 17.125 0.0
8.25 17.125 0.0
8.75 17.125 0.0
0.25 17.375 0.0
0.75 17.375 0.0
1.25 17.375 0.0
1.75 17.375 0.0
2.25 17.375 0.0
2.75 17.375 0.0
3.25 17.375 0.0
3.75 17.375 0.0
4.25 17.375 0.0
4.75 17.375 0.0
5.25 17.375 0.0
5.75 17.375 0.0
6.25 17.375 0.0
6.75 17.375 0.0
7.25 17.375 0.0
7.75 17.375 0.0
8.25 17.375 0.0
8.75 17.375 0.0
0.25 17.625 35480.1757101
0.75 17.625 0.0
1.25 17.625 0.0
1.75 17.625 0.0
2.25 17.625 0.0
2.75 17.625 0.0
3.25 17.625 0.0
3.75 17.625 0.0
4.25 17.625 0.0
4.75 17.625 0.0
5.25 17.625 0.0
5.75 17.625 0.0
6.25 17.625 0.0
6.75 17.625 0.0
7.25 17.625 0.0
7.75 17.625 0.0
8.25 17.625 0.0
8.75 17.625 0.0
0.25 17.875 0.0
0.75 17.875 0.0
1.25 17.875 0.0
1.75 17.875 0.0
2.25 17.875 0.0
2.75 17.875 0.0
3.25 17.875 0.0
3.75 17.875 0.0
4.25 17.875 0.0
4.75 17.875 0.0
5.25 17.875 0.0
5.75 17.875 0.0
6.25 17.875 0.0
6.75 17.875 0.0
7.25 17.875 0.0
7.75 17.875 0.0
8.25 17.875 0.0
8.75 17.875 0.0
0.25 18.125 0.0
0.75 18.125 0.0
1.25 18.125 0.0
1.75 18.125 0.0
2.25 18.125 0.0
2.75 18.125 0.0
3.25 18.125 0.0
3.75 18.125 0.0
4.25 18.125 0.0
4.75 18.125 0.0
5.25 18.125 0.0
5.75 18.125 0.0
6.25 18.125 0.0
6.75 18.125 0.0
7.25 18.125 0.0
7.75 18.125 0.0
8.25 18.125 0.0
8.75 18.125 0.0
0.25 18.375 0.0
0.75 18.375 0.0
1.25 18.375 0.0
1.75 18.375 0.0
2.25 18.375 0.0
2.75 18.375 0.0
3.25 18.375 0.0
3.75 18.375 0.0
4.25 18.375 0.0
4.75 18.375 0.0
5.25 18.375 0.0
5.75 18.375 0.0
6.25 18.375 0.0
6.75 18.375 0.0
7.25 18.375 0.0
7.75 18.375 0.0
8.25 18.375 0.0
8.75 18.375 0.0
0.25 18.625 0.0
0.75 18.625 0.0
1.25 18.625 0.0
1.75 18.625 0.0
2.25 18.625 0.0
2.75 18.625 0.0
3.25 18.625 0.0
3.75 18.625 0.0
4.25 18.625 0.0
4.75 18.625 0.0
5.25 18.625 0.0
5.75 18.625 0.0
6.25 18.625 0.0
6.75 18.625 0.0
7.25 18.625 0.0
7.75 18.625 0.0
8.25 18.625 0.0
8.75 18.625 0.0
0.25 18.875 0.0
0.75 18.875 0.0
1.25 18.875 0.0
1.75 18.875 0.0
2.25 18.875 0.0
2.75 18.875 0.0
3.25 18.875 0.0
3.75 18.875 0.0
4.25 18.875 0.0
4.75 18.875 0.0
5.25 18.875 0.0
5.75 18.875 0.0
6.25 18.875 0.0
6.75 18.875 0.0
7.25 18.875 0.0
7.75 18.875 0.0
8.25 18.875 0.0
8.75 18.875 0.0
0.25 19.125 0.0
0.75 19.125 0.0
1.25 19.125 0.0
1.75 19.125 0.0
2.25 19.125 0.0
2.75 19.125 0.0
3.25 19.125 0.0
3.75 19.125 0.0
4.25 19.125 0.0
4.75 19.125 0.0
5.25 19.125 0.0
5.75 19.125 0.0
6.25 19.125 0.0
6.75 19.125 0.0
7.25 19.125 0.0
7.75 19.125 0.0
8.25 19.125 0.0
8.75 19.125 0.0
0.25 19.375 0.0
0.75 19.375 0.0
1.25 19.375 0.0
1.75 19.375 0.0
2.25 19.375 0.0
2.75 19.375 0.0
3.25 19.375 0.0
3.75 19.375 0.0
4.25 19.375 0.0
4.75 19.375 0.0
5.25 19.375 0.0
5.75 19.375 0.0
6.25 19.375 0.0
6.75 19.375 0.0
7.25 19.375 0.0
7.75 19.375 0.0
8.25 19.375 0.0
8.75 19.375 0.0
0.25 19.625 0.0
0.75 19.625 0.0
1.25 19.625 0.0
1.75 19.625 0.0
2.25 19.625 0.0
2.75 19.625 0.0
3.25 19.625 0.0
3.75 19.625 0.0
4.25 19.625 0.0
4.75 19.625 0.0
5.25 19.625 0.0
5.75 19.625 0.0
6.25 19.625 0.0
6.75 19.625 0.0
7.25 19.625 0.0
7.75 19.625 0.0
8.25 19.625 0.0
8.75 19.625 0.0
0.25 19.875 0.0
0.75 19.875 0.0
1.25 19.875 0.0
1.75 19.875 0.0
2.25 19.875 0.0
2.75 19.875 0.0
3.25 19.875 0.0
3.75 19.875 0.0
4.25 19.875 0.0
4.75 19.875 0.0
5.25 19.875 0.0
5.75 19.875 0.0
6.25 19.875 0.0
6.75 19.875 0.0
7.25 19.875 0.0
7.75 19.875 0.0
8.25 19.875 0.0
8.75 19.875 0.0
0.25 20.125 0.0
0.75 20.125 0.0
1.25 20.125 0.0
1.75 20.125 0.0
2.25 20.125 0.0
2.75 20.125 0.0
3.25 20.125 0.0
3.75 20.125 0.0
4.25 20.125 0.0
4.75 20.125 0.0
5.25 20.125 0.0
5.75 20.125 0.0
6.25 20.125 0.0
6.75 20.125 0.0
7.25 20.125 0.0
7.75 20.125 0.0
8.25 20.125 0.0
8.75 20.125 0.0
0.25 20.375 0.0
0.75 20.375 0.0
1.25 20.375 0.0
1.75 20.375 0.0
2.25 20.375 0.0
2.75 20.375 0.0
3.25 20.375 0.0
3.75 20.375 0.0
4.25 20.375 0.0
4.75 20.375 0.0
5.25 20.375 0.0
5.75 20.375 0.0
6.25 20.375 0.0
6.75 20.375 0.0
7.25 20.375 0.0
7.75 20.375 0.0
8.25 20.375 0.0
8.75 20.375 0.0
0.25 20.625 0.0
0.75 20.625 0.0
1.25 20.625 0.0
1.75 20.625 0.0
2.25 20.625 0.0
2.75 20.625 0.0
3.25 20.625 0.0
3.75 20.625 0.0
4.25 20.625 0.0
4.75 20.625 0.0
5.25 20.625 0.0
5.75 20.625 0.0
6.25 20.625 0.0
6.75 20.625 0.0
7.25 20.625 0.0
7.75 20.625 0.0
8.25 20.625 0.0
8.75 20.625 0.0
0.25 20.875 0.0
0.75 20.875 0.0
1.25 20.875 0.0
1.75 20.875 0.0
2.25 20.875 0.0
2.75 20.875 0.0
3.25 20.875 0.0
3.75 20.875 0.0
4.25 20.875 0.0
4.75 20.875 0.0
5.25 20.875 0.0
5.75 20.875 0.0
6.25 20.875 0.0
6.75 20.875 0.0
7.25 20.875 0.0
7.75 20.875 0.0
8.25 20.875 0.0
8.75 20.875 0.0
0.25 21.125 0.0
0.75 21.125 0.0
1.25 21.125 0.0
1.75 21.125 0.0
2.25 21.125 0.0
2.75 21.125 0.0
3.25 21.125 0.0
3.75 21.125 0.0
4.25 21.125 0.0
4.75 21.125 0.0
5.25 21.125 0.0
5.75 21.125 0.0
6.25 21.125 0.0
6.75 21.125 0.0
7.25 21.125 0.0
7.75 21.125 0.0
8.25 21.125 0.0
8.75 21.125 0.0
0.25 21.375 0.0
0.75 21.375 0.0
1.25 21.375 0.0
1.75 21.375 0.0
2.25 21.375 0.0
2.75 21.375 0.0
3.25 21.375 0.0
3.75 21.375 0.0
4.25 21.375 0.0
4.75 21.375 0.0
5.25 21.375 0.0
5.75 21.375 0.0
6.25 21.375 0.0
6.75 21.375 0.0
7.25 21.375 0.0
7.75 21.375 0.0
8.25 21.375 0.0
8.75 21.375 0.0
0.25 21.625 0.0
0.75 21.625 0.0
1.25 21.625 0.0
1.75 21.625 0.0
2.25 21.625 0.0
2.75 21.625 0.0
3.25 21.625 0.0
3.75 21.625 0.0
4.25 21.625 0.0
4.75 21.625 0.0
5.25 21.625 0.0
5.75 21.625 0.0
6.25 21.625 0.0
6.75 21.625 0.0
7.25 21.625 0.0
7.75 21.625 0.0
8.25 21.625 0.0
8.75 21.625 0.0
0.25 21.875 0.0
0.75 21.875 0.0
1.25 21.875 0.0
1.75 21.875 0.0
2.25 21.875 0.0
2.75 21.875 0.0
3.25 21.875 0.0
3.75 21.875 0.0
4.25 21.875 0.0
4.75 21.875 0.0
5.25 21.875 0.0
5.75 21.875 0.0
6.25 21.875 0.0
6.75 21.875 0.0
7.25 21.875 0.0
7.75 21.875 0.0
8.25 21.875 0.0
8.75 21.875 0.0
0.25 22.125 0.0
0.75 22.125 0.0
1.25 22.125 0.0
1.75 22.125 35480.1757101
2.25 22.125 0.0
2.75 22.125 0.0
3.25 22.125 0.0
3.75 22.125 0.0
4.25 22.125 0.0
4.75 22.125 0.0
5.25 22.125 0.0
5.75 22.125 0.0
6.25 22.125 0.0
6.75 22.125 0.0
7.25 22.125 0.0
7.75 22.125 0.0
8.25 22.125 0.0
8.75 22.125 0.0
0.25 22.375 0.0
0.75 22.375 0.0
1.25 22.375 0.0
1.75 22.375 0.0
2.25 22.375 0.0
2.75 22.375 0.0
3.25 22.375 0.0
3.75 22.375 0.0
4.25 22.375 0.0
4.75 22.375 0.0
5.25 22.375 0.0
5.75 22.375 0.0
6.25 22.375 0.0
6.75 22.375 0.0
7.25 22.375 0.0
7.75 22.375 0.0
8.25 22.375 0.0
8.75 22.375 0.0
0.25 22.625 0.0
0.75 22.625 0.0
1.25 22.625 0.0
1.75 22.625 0.0
2.25 22.625 0.0
2.75 22.625 0.0
3.25 22.625 0.0
3.75 22.625 0.0
4.25 22.625 0.0
4.75 22.625 0.0
5.25 22.625 0.0
5.75 22.625 0.0
6.25 22.625 0.0
6.75 22.625 0.0
7.25 22.625 0.0
7.75 22.625 0.0
8.25 22.625 0.0
8.75 22.625 0.0
0.25 22.875 0.0
0.75 22.875 0.0
1.25 22.875 0.0
1.75 22.875 0.0
2.25 22.875 0.0
2.75 22.875 0.0
3.25 22.875 0.0
3.75 22.875 0.0
4.25 22.875 0.0
4.75 22.875 0.0
5.25 22.875 0.0
5.75 22.875 0.0
6.25 22.875 0.0
6.75 22.875 0.0
7.25 22.875 0.0
7.75 22.875 0.0
8.25 22.875 0.0
8.75 22.875 0.0
0.25 23.125 0.0
0.75 23.125 0.0
1.25 23.125 0.0
1.75 23.125 0.0
2.25 23.125 0.0
2.75 23.125 0.0
3.25 23.125 0.0
3.75 23.125 0.0
4.25 23.125 0.0
4.75 23.125 0.0
5.25 23.125 0.0
5.75 23.125 0.0
6.25 23.125 0.0
6.75 23.125 0.0
7.25 23.125 0.0
7.75 23.125 0.0
8.25 23.125 0.0
8.75 23.125 0.0
0.25 23.375 0.0
0.75 23.375 0.0
1.25 23.375 0.0
1.75 23.375 0.0
2.25 23.375 0.0
2.75 23.375 0.0
3.25 23.375 0.0
3.75 23.375 0.0
4.25 23.375 0.0
4.75 23.375 0.0
5.25 23.375 0.0
5.75 23.375 0.0
6.25 23.375 0.0
6.75 23.375 0.0
7.25 23.375 0.0
7.75 23.375 0.0
8.25 23.375 0.0
8.75 23.375 0.0
0.25 23.625 0.0
0.75 23.625 0.0
1.25 23.625 0.0
1.75 23.625 0.0
2.25 23.625 0.0
2.75 23.625 0.0
3.25 23.625 0.0
3.75 23.625 0.0
4.25 23.625 0.0
4.75 23.625 0.0
5.25 23.625 0.0
5.75 23.625 0.0
6.25 23.625 0.0
6.75 23.625 0.0
7.25 23.625 0.0
7.75 23.625 0.0
8.25 23.625 0.0
8.75 23.625 0.0
0.25 23.875 0.0
0.75 23.875 0.0
1.25 23.875 0.0
1.75 23.875 0.0
2.25 23.875 0.0
2.75 23.875 0.0
3.25 23.875 0.0
3.75 23.875 0.0
4.25 23.875 0.0
4.75 23.875 0.0
5.25 23.875 0.0
5.75 23.875 0.0
6.25 23.875 0.0
6.75 23.875 0.0
7.25 23.875 0.0
7.75 23.875 0.0
8.25 23.875 0.0
8.75 23.875 0.0
0.25 24.125 0.0
0.75 24.125 0.0
1.25 24.125 0.0
1.75 24.125 0.0
2.25 24.125 0.0
2.75 24.125 0.0
3.25 24.125 0.0
3.75 24.125 0.0
4.25 24.125 0.0
4.75 24.125 0.0
5.25 24.125 0.0
5.75 24.125 0.0
6.25 24.125 0.0
6.75 24.125 0.0
7.25 24.125 0.0
7.75 24.125 0.0
8.25 24.125 0.0
8.75 24.125 0.0
0.25 24.375 0.0
0.75 24.375 0.0
1.25 24.375 0.0
1.75 24.375 0.0
2.25 24.375 0.0
2.75 24.375 0.0
3.25 24.375 0.0
3.75 24.375 0.0
4.25 24.375 0.0
4.75 24.375 0.0
5.25 24.375 0.0
5.75 24.375 0.0
6.25 24.375 0.0
6.75 24.375 0.0
7.25 24.375 0.0
7.75 24.375 0.0
8.25 24.375 0.0
8.75 24.375 0.0
0.25 24.625 0.0
0.75 24.625 0.0
1.25 24.625 0.0
1.75 24.625 0.0
2.25 24.625 0.0
2.75 24.625 0.0
3.25 24.625 0.0
3.75 24.625 0.0
4.25 24.625 0.0
4.75 24.625 0.0
5.25 24.625 0.0
5.75 24.625 0.0
6.25 24.625 0.0
6.75 24.625 0.0
7.25 24.625 0.0
7.75 24.625 0.0
8.25 24.625 0.0
8.75 24.625 0.0
0.25 24.875 0.0
0.75 24.875 0.0
1.25 24.875 0.0
1.75 24.875 0.0
2.25 24.875 0.0
2.75 24.875 0.0
3.25 24.875 0.0
3.75 24.875 0.0
4.25 24.875 0.0
4.75 24.875 0.0
5.25 24.875 0.0
5.75 24.875 0.0
6.25 24.875 0.0
6.75 24.875 0.0
7.25 24.875 0.0
7.75 24.875 0.0
8.25 24.875 0.0
8.75 24.875 0.0
0.25 25.125 0.0
0.75 25.125 0.0
1.25 25.125 0.0
1.75 25.125 0.0
2.25 25.125 0.0
2.75 25.125 0.0
3.25 25.125 0.0
3.75 25.125 0.0
4.25 25.125 0.0
4.75 25.125 0.0
5.25 25.125 0.0
5.75 25.125 0.0
6.25 25.125 0.0
6.75 25.125 0.0
7.25 25.125 0.0
7.75 25.125 0.0
8.25 25.125 0.0
8.75 25.125 0.0
0.25 25.375 35480.1757101
0.75 25.375 0.0
1.25 25.375 0.0
1.75 25.375 0.0
2.25 25.375 0.0
2.75 25.375 0.0
3.25 25.375 0.0
3.75 25.375 0.0
4.25 25.375 0.0
4.75 25.375 0.0
5.25 25.375 0.0
5.75 25.375 0.0
6.25 25.375 0.0
6.75 25.375 0.0
7.25 25.375 0.0
7.75 25.375 0.0
8.25 25.375 0.0
8.75 25.375 0.0
0.25 25.625 0.0
0.75 25.625 0.0
1.25 25.625 35480.1757101
1.75 25.625 0.0
2.25 25.625 0.0
2.75 25.625 0.0
3.25 25.625 0.0
3.75 25.625 0.0
4.25 25.625 0.0
4.75 25.625 0.0
5.25 25.625 0.0
5.75 25.625 0.0
6.25 25.625 0.0
6.75 25.625 0.0
7.25 25.625 0.0
7.75 25.625 0.0
8.25 25.625 0.0
8.75 25.625 0.0
0.25 25.875 0.0
0.75 25.875 0.0
1.25 25.875 0.0
1.75 25.875 0.0
2.25 25.875 0.0
2.75 25.875 0.0
3.25 25.875 0.0
3.75 25.875 0.0
4.25 25.875 0.0
4.75 25.875 0.0
5.25 25.875 0.0
5.75 25.875 0.0
6.25 25.875 0.0
6.75 25.875 0.0
7.25 25.875 0.0
7.75 25.875 0.0
8.25 25.875 0.0
8.75 25.875 0.0
0.25 26.125 0.0
0.75 26.125 0.0
1.25 26.125 0.0
1.75 26.125 0.0
2.25 26.125 0.0
2.75 26.125 0.0
3.25 26.125 0.0
3.75 26.125 0.0
4.25 26.125 0.0
4.75 26.125 0.0
5.25 26.125 0.0
5.75 26.125 0.0
6.25 26.125 0.0
6.75 26.125 0.0
7.25 26.125 0.0
7.75 26.125 0.0
8.25 26.125 0.0
8.75 26.125 0.0
0.25 26.375 0.0
0.75 26.375 0.0
1.25 26.375 0.0
1.75 26.375 0.0
2.25 26.375 0.0
2.75 26.375 0.0
3.25 26.375 0.0
3.75 26.375 0.0
4.25 26.375 0.0
4.75 26.375 0.0
5.25 26.375 0.0
5.75 26.375 0.0
6.25 26.375 0.0
6.75 26.375 0.0
7.25 26.375 0.0
7.75 26.375 0.0
8.25 26.375 0.0
8.75 26.375 0.0
0.25 26.625 0.0
0.75 26.625 0.0
1.25 26.625 0.0
1.75 26.625 0.0
2.25 26.625 0.0
2.75 26.625 0.0
3.25 26.625 0.0
3.75 26.625 0.0
4.25 26.625 0.0
4.75 26.625 0.0
5.25 26.625 0.0
5.75 26.625 0.0
6.25 26.625 0.0
6.75 26.625 0.0
7.25 26.625 0.0
7.75 26.625 0.0
8.25 26.625 0.0
8.75 26.625 0.0
0.25 26.875 0.0
0.75 26.875 0.0
1.25 26.875 0.0
1.75 26.875 0.0
2.25 26.875 0.0
2.75 26.875 0.0
3.25 26.875 0.0
3.75 26.875 0.0
4.25 26.875 0.0
4.75 26.875 0.0
5.25 26.875 0.0
5.75 26.875 0.0
6.25 26.875 0.0
6.75 26.875 0.0
7.25 26.875 0.0
7.75 26.875 0.0
8.25 26.875 0.0
8.75 26.875 0.0
0.25 27.125 0.0
0.75 27.125 0.0
1.25 27.125 0.0
1.75 27.125 0.0
2.25 27.125 0.0
2.75 27.125 0.0
3.25 27.125 0.0
3.75 27.125 0.0
4.25 27.125 0.0
4.75 27.125 0.0
5.25 27.125 0.0
5.75 27.125 0.0
6.25 27.125 0.0
6.75 27.125 0.0
7.25 27.125 0.0
7.75 27.125 0.0
8.25 27.125 0.0
8.75 27.125 0.0
0.25 27.375 0.0
0.75 27.375 0.0
1.25 27.375 0.0
1.75 27.375 0.0
2.25 27.375 0.0
2.75 27.375 0.0
3.25 27.375 0.0
3.75 27.375 0.0
4.25 27.375 0.0
4.75 27.375 0.0
5.25 27.375 0.0
5.75 27.375 0.0
6.25 27.375 0.0
6.75 27.375 0.0
7.25 27.375 0.0
7.75 27.375 0.0
8.25 27.375 0.0
8.75 27.375 0.0
0.25 27.625 0.0
0.75 27.625 0.0
1.25 27.625 0.0
1.75 27.625 0.0
2.25 27.625 0.0
2.75 27.625 0.0
3.25 27.625 0.0
3.75 27.625 0.0
4.25 27.625 0.0
4.75 27.625 0.0
5.25 27.625 0.0
5.75 27.625 0.0
6.25 27.625 0.0
6.75 27.625 0.0
7.25 27.625 0.0
7.75 27.625 0.0
8.25 27.625 0.0
8.75 27.625 0.0
0.25 27.875 0.0
0.75 27.875 0.0
1.25 27.875 0.0
1.75 27.875 0.0
2.25 27.875 0.0
2.75 27.875 0.0
3.25 27.875 0.0
3.75 27.875 0.0
4.25 27.875 0.0
4.75 27.875 0.0
5.25 27.875 0.0
5.75 27.875 0.0
6.25 27.875 0.0
6.75 27.875 0.0
7.25 27.875 0.0
7.75 27.875 0.0
8.25 27.875 0.0
8.75 27.875 0.0
0.25 28.125 0.0
0.75 28.125 0.0
1.25 28.125 0.0
1.75 28.125 0.0
2.25 28.125 0.0
2.75 28.125 0.0
3.25 28.125 0.0
3.75 28.125 0.0
4.25 28.125 0.0
4.75 28.125 0.0
5.25 28.125 0.0
5.75 28.125 0.0
6.25 28.125 0.0
6.75 28.125 0.0
7.25 28.125 0.0
7.75 28.125 0.0
8.25 28.125 0.0
8.75 28.125 0.0
0.25 28.375 0.0
0.75 28.375 0.0
1.25 28.375 0.0
1.75 28.375 0.0
2.25 28.375 0.0
2.75 28.375 0.0
3.25 28.375 0.0
3.75 28.375 0.0
4.25 28.375 0.0
4.75 28.375 0.0
5.25 28.375 0.0
5.75 28.375 0.0
6.25 28.375 0.0
6.75 28.375 0.0
7.25 28.375 0.0
7.75 28.375 0.0
8.25 28.375 0.0
8.75 28.375 0.0
0.25 28.625 0.0
0.75 28.625 0.0
1.25 28.625 0.0
1.75 28.625 0.0
2.25 28.625 0.0
2.75 28.625 0.0
3.25 28.625 0.0
3.75 28.625 0.0
4.25 28.625 0.0
4.75 28.625 0.0
5.25 28.625 0.0
5.75 28.625 0.0
6.25 28.625 0.0
6.75 28.625 0.0
7.25 28.625 0.0
7.75 28.625 0.0
8.25 28.625 0.0
8.75 28.625 0.0
0.25 28.875 0.0
0.75 28.875 0.0
1.25 28.875 0.0
1.75 28.875 0.0
2.25 28.875 0.0
2.75 28.875 0.0
3.25 28.875 0.0
3.75 28.875 0.0
4.25 28.875 0.0
4.75 28.875 0.0
5.25 28.875 0.0
5.75 28.875 0.0
6.25 28.875 0.0
6.75 28.875 0.0
7.25 28.875 0.0
7.75 28.875 0.0
8.25 28.875 0.0
8.75 28.875 0.0
0.25 29.125 0.0
0.75 29.125 0.0
1.25 29.125 0.0
1.75 29.125 0.0
2.25 29.125 0.0
2.75 29.125 0.0
3.25 29.125 0.0
3.75 29.125 0.0
4.25 29.125 0.0
4.75 29.125 0.0
5.25 29.125 0.0
5.75 29.125 0.0
6.25 29.125 0.0
6.75 29.125 0.0
7.25 29.125 0.0
7.75 29.125 0.0
8.25 29.125 0.0
8.75 29.125 0.0
0.25 29.375 0.0
0.75 29.375 0.0
1.25 29.375 0.0
1.75 29.375 0.0
2.25 29.375 0.0
2.75 29.375 0.0
3.25 29.375 0.0
3.75 29.375 0.0
4.25 29.375 0.0
4.75 29.375 0.0
5.25 29.375 0.0
5.75 29.375 0.0
6.25 29.375 0.0
6.75 29.375 0.0
7.25 29.375 0.0
7.75 29.375 0.0
8.25 29.375 0.0
8.75 29.375 0.0
0.25 29.625 0.0
0.75 29.625 0.0
1.25 29.625 0.0
1.75 29.625 0.0
2.25 29.625 0.0
2.75 29.625 0.0
3.25 29.625 0.0
3.75 29.625 0.0
4.25 29.625 0.0
4.75 29.625 0.0
5.25 29.625 0.0
5.75 29.625 0.0
6.25 29.625 0.0
6.75 29.625 0.0
7.25 29.625 0.0
7.75 29.625 0.0
8.25 29.625 0.0
8.75 29.625 0.0
0.25 29.875 0.0
0.75 29.875 0.0
1.25 29.875 0.0
1.75 29.875 0.0
2.25 29.875 0.0
2.75 29.875 0.0
3.25 29.875 0.0
3.75 29.875 0.0
4.25 29.875 0.0
4.75 29.875 0.0
5.25 29.875 0.0
5.75 29.875 0.0
6.25 29.875 0.0
6.75 29.875 0.0
7.25 29.875 0.0
7.75 29.875 0.0
8.25 29.875 0.0
8.75 29.875 0.0
