0.25 0.125 16001559.2453
0.75 0.125 16746642.9352
1.25 0.125 15611277.3125
1.75 0.125 17811048.2065
2.25 0.125 15824158.3667
2.75 0.125 17562686.9765
3.25 0.125 17385286.098
3.75 0.125 17740087.8551
4.25 0.125 18804493.1264
4.75 0.125 15682237.6639
5.25 0.125 14475911.6897
5.75 0.125 12382581.3228
6.25 0.125 10040889.726
6.75 0.125 8444281.81901
7.25 0.125 7912079.18336
7.75 0.125 4825303.89658
8.25 0.125 1951409.66406
8.75 0.125 141920.702841
0.25 0.375 53184783.3895
0.75 0.375 54178228.3094
1.25 0.375 53716986.0252
1.75 0.375 50239928.8056
2.25 0.375 51375294.4283
2.75 0.375 53149303.2138
3.25 0.375 51978457.4154
3.75 0.375 51020492.6712
4.25 0.375 48075638.0872
4.75 0.375 44279259.2863
5.25 0.375 42221409.0951
5.75 0.375 34025488.506
6.25 0.375 28809902.6766
6.75 0.375 23026634.0359
7.25 0.375 20081779.4519
7.75 0.375 12737383.0799
8.25 0.375 4683383.19374
8.75 0.375 425762.108522
0.25 0.625 85649144.1643
0.75 0.625 84584738.893
1.25 0.625 84726659.5958
1.75 0.625 81356042.9034
2.25 0.625 82988130.986
2.75 0.625 80043276.4021
3.25 0.625 76672659.7096
3.75 0.625 74898650.9241
4.25 0.625 71350633.3531
4.75 0.625 69647584.919
5.25 0.625 62267708.3713
5.75 0.625 54639470.5936
6.25 0.625 46230668.9503
6.75 0.625 34025488.506
7.25 0.625 26077929.147
7.75 0.625 16037039.421
8.25 0.625 4754343.54516
8.75 0.625 390281.932812
0.25 0.875 108001654.862
0.75 0.875 103069910.438
1.25 0.875 102786069.032
1.75 0.875 101295901.652
2.25 0.875 98847769.5285
2.75 0.875 92674218.9549
3.25 0.875 89658404.0195
3.75 0.875 86216826.9756
4.25 0.875 83839655.2031
4.75 0.875 78127346.9137
5.25 0.875 72202157.5701
5.75 0.875 64609399.9682
6.25 0.875 51588175.4825
6.75 0.875 40092598.5525
7.25 0.875 27993858.6353
7.75 0.875 16427321.3538
8.25 0.875 4080220.20667
8.75 0.875 248361.229971
0.25 1.125 112081875.068
0.75 1.125 108853179.079
1.25 1.125 106617928.009
1.75 1.125 105340641.683
2.25 1.125 100018615.327
2.75 1.125 97996245.3114
3.25 1.125 90651848.9394
3.75 1.125 87068351.1927
4.25 1.125 86749029.6113
4.75 1.125 80007796.2264
5.25 1.125 72734360.2058
5.75 1.125 63403073.994
6.25 1.125 52723541.1053
6.75 1.125 39205594.1597
7.25 1.125 26255330.0255
7.75 1.125 12311620.9714
8.25 1.125 3122255.46249
8.75 1.125 0.0
0.25 1.375 103885954.479
0.75 1.375 100657258.49
1.25 1.375 99557373.0427
1.75 1.375 101650703.41
2.25 1.375 96115795.9988
2.75 1.375 90651848.9394
3.25 1.375 85720104.5157
3.75 1.375 79262712.5365
4.25 1.375 73976166.3556
4.75 1.375 66702730.3351
5.25 1.375 59571215.0173
5.75 1.375 53255743.7409
6.25 1.375 42185928.9194
6.75 1.375 33280404.8161
7.25 1.375 22246070.1703
7.75 1.375 9792528.496
8.25 1.375 1667568.25838
8.75 1.375 0.0
0.25 1.625 94164386.3347
0.75 1.625 92993540.5363
1.25 1.625 88523038.3968
1.75 1.625 84904060.4744
2.25 1.625 84017056.0816
2.75 1.625 79156272.0093
3.25 1.625 74437408.6399
3.75 1.625 66844651.0379
4.25 1.625 63757875.7511
4.75 1.625 55845796.5678
5.25 1.625 52971902.3352
5.75 1.625 41086043.4723
6.25 1.625 35160854.1288
6.75 1.625 24410360.8886
7.25 1.625 16853083.4623
7.75 1.625 6031629.87072
8.25 1.625 603162.987072
8.75 1.625 0.0
0.25 1.875 79723954.8207
0.75 1.875 77453223.5752
1.25 1.875 72698880.0301
1.75 1.875 71066791.9474
2.25 1.875 70995831.596
2.75 1.875 66206007.8751
3.25 1.875 59322853.7874
3.75 1.875 58081047.6375
4.25 1.875 51055972.8469
4.75 1.875 47224113.8702
5.25 1.875 39276554.5111
5.75 1.875 31754757.2606
6.25 1.875 25652167.0384
6.75 1.875 17704607.6794
7.25 1.875 9437726.7389
7.75 1.875 3689938.27385
8.25 1.875 248361.229971
8.75 1.875 0.0
0.25 2.125 65709285.4152
0.75 2.125 67412333.8493
1.25 2.125 61167822.9243
1.75 2.125 60280818.5315
2.25 2.125 54213708.4851
2.75 2.125 55526474.9864
3.25 2.125 49211003.71
3.75 2.125 44208298.9348
4.25 2.125 39737796.7954
4.75 2.125 35976898.1701
5.25 2.125 28064818.9867
5.75 2.125 25474766.1599
6.25 2.125 17243365.3951
6.75 2.125 11140775.173
7.25 2.125 6847673.91206
7.75 2.125 1809488.96122
8.25 2.125 141920.702841
8.75 2.125 0.0
0.25 2.375 53220263.5652
0.75 2.375 54142748.1337
1.25 2.375 50878571.9683
1.75 2.375 51375294.4283
2.25 2.375 44527620.5162
2.75 2.375 44208298.9348
3.25 2.375 41121523.6481
3.75 2.375 35089893.7773
4.25 2.375 31506396.0306
4.75 2.375 26361770.5526
5.25 2.375 23558836.6715
5.75 2.375 17633647.3279
6.25 2.375 12489021.85
6.75 2.375 9047444.80609
7.25 2.375 3406096.86817
7.75 2.375 745083.689913
8.25 2.375 141920.702841
8.75 2.375 0.0
0.25 2.625 44172818.7591
0.75 2.625 42327849.6222
1.25 2.625 41476325.4052
1.75 2.625 43392254.8935
2.25 2.625 38531470.8212
2.75 2.625 35089893.7773
3.25 2.625 34025488.506
3.75 2.625 30300070.0565
4.25 2.625 26148889.4984
4.75 2.625 21891268.4132
5.25 2.625 16462801.5295
5.75 2.625 12559982.2014
6.25 2.625 8728123.2247
6.75 2.625 5712308.28933
7.25 2.625 1880449.31264
7.75 2.625 319321.581391
8.25 2.625 0.0
8.75 2.625 0.0
0.25 2.875 34593171.3174
0.75 2.875 33777127.2761
1.25 2.875 32357920.2476
1.75 2.875 31896677.9634
2.25 2.875 30938713.2192
2.75 2.875 27639056.8782
3.25 2.875 25226404.9299
3.75 2.875 24091039.3072
4.25 2.875 19407656.1134
4.75 2.875 17207885.2194
5.25 2.875 11956819.2143
5.75 2.875 9792528.496
6.25 2.875 6244510.92499
6.75 2.875 4364061.61235
7.25 2.875 1277286.32557
7.75 2.875 141920.702841
8.25 2.875 0.0
8.75 2.875 0.0
0.25 3.125 30690351.9893
0.75 3.125 29022783.7309
1.25 3.125 27639056.8782
1.75 3.125 25261885.1056
2.25 3.125 24516801.4157
2.75 3.125 21926748.5889
3.25 3.125 19975338.9248
3.75 3.125 17775568.0308
4.25 3.125 15682237.6639
4.75 3.125 13517946.9456
5.25 3.125 10040889.726
5.75 3.125 7166995.49345
6.25 3.125 4222140.90951
6.75 3.125 2341691.59687
7.25 3.125 709603.514203
7.75 3.125 141920.702841
8.25 3.125 0.0
8.75 3.125 0.0
0.25 3.375 23310475.4416
0.75 3.375 23913638.4286
1.25 3.375 23381435.793
1.75 3.375 21678387.3589
2.25 3.375 21642907.1832
2.75 3.375 19372175.9377
3.25 3.375 16249920.4752
3.75 3.375 13695347.8241
4.25 3.375 13305065.8913
4.75 3.375 10218290.6045
5.25 3.375 6776713.56064
5.75 3.375 4647903.01803
6.25 3.375 3335136.51675
6.75 3.375 1667568.25838
7.25 3.375 461242.284232
7.75 3.375 0.0
8.25 3.375 0.0
8.75 3.375 0.0
0.25 3.625 18165849.9636
0.75 3.625 19833418.222
1.25 3.625 18804493.1264
1.75 3.625 16746642.9352
2.25 3.625 15859638.5424
2.75 3.625 15966079.0696
3.25 3.625 13127665.0128
3.75 3.625 12418061.4985
4.25 3.625 9473206.91461
4.75 3.625 6634792.8578
5.25 3.625 6138070.39785
5.75 3.625 3548017.57101
6.25 3.625 2377171.77258
6.75 3.625 816044.041333
7.25 3.625 390281.932812
7.75 3.625 0.0
8.25 3.625 0.0
8.75 3.625 0.0
0.25 3.875 16178960.1238
0.75 3.875 15682237.6639
1.25 3.875 15220995.3797
1.75 3.875 14121109.9326
2.25 3.875 13092184.837
2.75 3.875 13269585.7156
3.25 3.875 9934449.19884
3.75 3.875 9437726.7389
4.25 3.875 8692643.04898
4.75 3.875 5747788.46504
5.25 3.875 4435021.96377
5.75 3.875 2483612.29971
6.25 3.875 1490167.37983
6.75 3.875 603162.987072
7.25 3.875 212881.054261
7.75 3.875 0.0
8.25 3.875 0.0
8.75 3.875 0.0
0.25 4.125 13234105.5399
0.75 4.125 13305065.8913
1.25 4.125 11779418.3358
1.75 4.125 11282695.8758
2.25 4.125 10111850.0774
2.75 4.125 11034334.6459
3.25 4.125 8195920.58904
3.75 4.125 6457391.97925
4.25 4.125 6244510.92499
4.75 4.125 4364061.61235
5.25 4.125 3973779.67954
5.75 4.125 2412651.94829
6.25 4.125 1419207.02841
6.75 4.125 638643.162783
7.25 4.125 35480.1757101
7.75 4.125 0.0
8.25 4.125 0.0
8.75 4.125 0.0
0.25 4.375 11743938.1601
0.75 4.375 11069814.8216
1.25 4.375 9544167.26603
1.75 4.375 9686087.96887
2.25 4.375 8834563.75183
2.75 4.375 8053999.8862
3.25 4.375 7344396.372
3.75 4.375 5747788.46504
4.25 4.375 5392986.70794
4.75 4.375 3122255.46249
5.25 4.375 2696493.35397
5.75 4.375 1667568.25838
6.25 4.375 922484.568464
6.75 4.375 496722.459942
7.25 4.375 70960.3514203
7.75 4.375 0.0
8.25 4.375 0.0
8.75 4.375 0.0
0.25 4.625 8089480.06191
0.75 4.625 10608572.5373
1.25 4.625 7699198.1291
1.75 4.625 8124960.23762
2.25 4.625 7486317.07484
2.75 4.625 6421911.80354
3.25 4.625 6244510.92499
3.75 4.625 5180105.65368
4.25 4.625 3725418.44956
4.75 4.625 2164290.71832
5.25 4.625 2341691.59687
5.75 4.625 1064405.2713
6.25 4.625 354801.757101
6.75 4.625 212881.054261
7.25 4.625 0.0
7.75 4.625 0.0
8.25 4.625 0.0
8.75 4.625 0.0
0.25 4.875 6563832.50638
0.75 4.875 7663717.95339
1.25 4.875 6812193.73635
1.75 4.875 6670273.03351
2.25 4.875 5996149.69501
2.75 4.875 5109145.30226
3.25 4.875 5215585.82939
3.75 4.875 4364061.61235
4.25 4.875 3015814.93536
4.75 4.875 1986889.83977
5.25 4.875 1490167.37983
5.75 4.875 1419207.02841
6.25 4.875 496722.459942
6.75 4.875 177400.878551
7.25 4.875 0.0
7.75 4.875 0.0
8.25 4.875 0.0
8.75 4.875 0.0
0.25 5.125 6386431.62783
0.75 5.125 5570387.58649
1.25 5.125 5747788.46504
1.75 5.125 5925189.34359
2.25 5.125 5392986.70794
2.75 5.125 4435021.96377
3.25 5.125 3831858.9767
3.75 5.125 3015814.93536
4.25 5.125 2873894.23252
4.75 5.125 1951409.66406
5.25 5.125 1277286.32557
5.75 5.125 1135365.62272
6.25 5.125 461242.284232
6.75 5.125 106440.52713
7.25 5.125 0.0
7.75 5.125 0.0
8.25 5.125 0.0
8.75 5.125 0.0
0.25 5.375 4718863.36945
0.75 5.375 5002704.77513
1.25 5.375 4683383.19374
1.75 5.375 4435021.96377
2.25 5.375 4754343.54516
2.75 5.375 3689938.27385
3.25 5.375 3583497.74672
3.75 5.375 2731973.52968
4.25 5.375 2696493.35397
4.75 5.375 1170845.79843
5.25 5.375 1028925.09559
5.75 5.375 425762.108522
6.25 5.375 248361.229971
6.75 5.375 0.0
7.25 5.375 0.0
7.75 5.375 0.0
8.25 5.375 0.0
8.75 5.375 0.0
0.25 5.625 4612422.84232
0.75 5.625 4754343.54516
1.25 5.625 4789823.72087
1.75 5.625 3548017.57101
2.25 5.625 3654458.09814
2.75 5.625 2909374.40823
3.25 5.625 2519092.47542
3.75 5.625 1596607.90696
4.25 5.625 1490167.37983
4.75 5.625 1383726.8527
5.25 5.625 851524.217043
5.75 5.625 425762.108522
6.25 5.625 319321.581391
6.75 5.625 0.0
7.25 5.625 0.0
7.75 5.625 0.0
8.25 5.625 0.0
8.75 5.625 0.0
0.25 5.875 3086775.28678
0.75 5.875 3760898.62528
1.25 5.875 3477057.21959
1.75 5.875 3157735.6382
2.25 5.875 3051295.11107
2.75 5.875 2270731.24545
3.25 5.875 2980334.75965
3.75 5.875 1667568.25838
4.25 5.875 1525647.55554
4.75 5.875 887004.392754
5.25 5.875 638643.162783
5.75 5.875 319321.581391
6.25 5.875 70960.3514203
6.75 5.875 0.0
7.25 5.875 0.0
7.75 5.875 0.0
8.25 5.875 0.0
8.75 5.875 0.0
0.25 6.125 2590052.82684
0.75 6.125 2944854.58394
1.25 6.125 2306211.42116
1.75 6.125 2341691.59687
2.25 6.125 2980334.75965
2.75 6.125 2022370.01548
3.25 6.125 1596607.90696
3.75 6.125 1277286.32557
4.25 6.125 1419207.02841
4.75 6.125 1099885.44701
5.25 6.125 461242.284232
5.75 6.125 248361.229971
6.25 6.125 106440.52713
6.75 6.125 35480.1757101
7.25 6.125 0.0
7.75 6.125 0.0
8.25 6.125 0.0
8.75 6.125 0.0
0.25 6.375 2590052.82684
0.75 6.375 2519092.47542
1.25 6.375 1774008.78551
1.75 6.375 1844969.13693
2.25 6.375 2519092.47542
2.75 6.375 2164290.71832
3.25 6.375 1844969.13693
3.75 6.375 1525647.55554
4.25 6.375 1028925.09559
4.75 6.375 887004.392754
5.25 6.375 390281.932812
5.75 6.375 390281.932812
6.25 6.375 177400.878551
6.75 6.375 0.0
7.25 6.375 0.0
7.75 6.375 0.0
8.25 6.375 0.0
8.75 6.375 0.0
0.25 6.625 2235251.06974
0.75 6.625 2341691.59687
1.25 6.625 2022370.01548
1.75 6.625 2057850.19119
2.25 6.625 1667568.25838
2.75 6.625 1774008.78551
3.25 6.625 1419207.02841
3.75 6.625 1241806.14985
4.25 6.625 496722.459942
4.75 6.625 425762.108522
5.25 6.625 425762.108522
5.75 6.625 106440.52713
6.25 6.625 106440.52713
6.75 6.625 0.0
7.25 6.625 0.0
7.75 6.625 0.0
8.25 6.625 0.0
8.75 6.625 0.0
0.25 6.875 1915929.48835
0.75 6.875 1561127.73125
1.25 6.875 2448132.124
1.75 6.875 1419207.02841
2.25 6.875 1561127.73125
2.75 6.875 1419207.02841
3.25 6.875 1028925.09559
3.75 6.875 780563.865623
4.25 6.875 851524.217043
4.75 6.875 532202.635652
5.25 6.875 248361.229971
5.75 6.875 141920.702841
6.25 6.875 35480.1757101
6.75 6.875 0.0
7.25 6.875 0.0
7.75 6.875 0.0
8.25 6.875 0.0
8.75 6.875 0.0
0.25 7.125 1632088.08267
0.75 7.125 1383726.8527
1.25 7.125 1241806.14985
1.75 7.125 1312766.50128
2.25 7.125 1632088.08267
2.75 7.125 922484.568464
3.25 7.125 922484.568464
3.75 7.125 957964.744174
4.25 7.125 390281.932812
4.75 7.125 283841.405681
5.25 7.125 35480.1757101
5.75 7.125 212881.054261
6.25 7.125 35480.1757101
6.75 7.125 0.0
7.25 7.125 0.0
7.75 7.125 0.0
8.25 7.125 0.0
8.75 7.125 0.0
0.25 7.375 1703048.43409
0.75 7.375 1135365.62272
1.25 7.375 1561127.73125
1.75 7.375 1241806.14985
2.25 7.375 674123.338493
2.75 7.375 1064405.2713
3.25 7.375 638643.162783
3.75 7.375 957964.744174
4.25 7.375 496722.459942
4.75 7.375 283841.405681
5.25 7.375 141920.702841
5.75 7.375 0.0
6.25 7.375 35480.1757101
6.75 7.375 0.0
7.25 7.375 0.0
7.75 7.375 0.0
8.25 7.375 0.0
8.75 7.375 0.0
0.25 7.625 1099885.44701
0.75 7.625 957964.744174
1.25 7.625 1170845.79843
1.75 7.625 1206325.97414
2.25 7.625 1525647.55554
2.75 7.625 567682.811362
3.25 7.625 532202.635652
3.75 7.625 957964.744174
4.25 7.625 283841.405681
4.75 7.625 177400.878551
5.25 7.625 106440.52713
5.75 7.625 106440.52713
6.25 7.625 0.0
6.75 7.625 0.0
7.25 7.625 0.0
7.75 7.625 0.0
8.25 7.625 0.0
8.75 7.625 0.0
0.25 7.875 1099885.44701
0.75 7.875 1241806.14985
1.25 7.875 922484.568464
1.75 7.875 957964.744174
2.25 7.875 674123.338493
2.75 7.875 816044.041333
3.25 7.875 461242.284232
3.75 7.875 638643.162783
4.25 7.875 248361.229971
4.75 7.875 283841.405681
5.25 7.875 177400.878551
5.75 7.875 0.0
6.25 7.875 0.0
6.75 7.875 0.0
7.25 7.875 0.0
7.75 7.875 0.0
8.25 7.875 0.0
8.75 7.875 0.0
0.25 8.125 1099885.44701
0.75 8.125 638643.162783
1.25 8.125 922484.568464
1.75 8.125 851524.217043
2.25 8.125 780563.865623
2.75 8.125 603162.987072
3.25 8.125 461242.284232
3.75 8.125 354801.757101
4.25 8.125 461242.284232
4.75 8.125 141920.702841
5.25 8.125 177400.878551
5.75 8.125 35480.1757101
6.25 8.125 35480.1757101
6.75 8.125 0.0
7.25 8.125 0.0
7.75 8.125 0.0
8.25 8.125 0.0
8.75 8.125 0.0
0.25 8.375 851524.217043
0.75 8.375 957964.744174
1.25 8.375 887004.392754
1.75 8.375 780563.865623
2.25 8.375 745083.689913
2.75 8.375 425762.108522
3.25 8.375 319321.581391
3.75 8.375 177400.878551
4.25 8.375 248361.229971
4.75 8.375 70960.3514203
5.25 8.375 70960.3514203
5.75 8.375 0.0
6.25 8.375 0.0
6.75 8.375 0.0
7.25 8.375 0.0
7.75 8.375 0.0
8.25 8.375 0.0
8.75 8.375 0.0
0.25 8.625 603162.987072
0.75 8.625 603162.987072
1.25 8.625 248361.229971
1.75 8.625 461242.284232
2.25 8.625 461242.284232
2.75 8.625 283841.405681
3.25 8.625 248361.229971
3.75 8.625 283841.405681
4.25 8.625 177400.878551
4.75 8.625 70960.3514203
5.25 8.625 70960.3514203
5.75 8.625 0.0
6.25 8.625 0.0
6.75 8.625 0.0
7.25 8.625 0.0
7.75 8.625 0.0
8.25 8.625 0.0
8.75 8.625 0.0
0.25 8.875 532202.635652
0.75 8.875 461242.284232
1.25 8.875 390281.932812
1.75 8.875 567682.811362
2.25 8.875 390281.932812
2.75 8.875 425762.108522
3.25 8.875 319321.581391
3.75 8.875 177400.878551
4.25 8.875 177400.878551
4.75 8.875 35480.1757101
5.25 8.875 35480.1757101
5.75 8.875 0.0
6.25 8.875 0.0
6.75 8.875 0.0
7.25 8.875 0.0
7.75 8.875 0.0
8.25 8.875 0.0
8.75 8.875 0.0
0.25 9.125 532202.635652
0.75 9.125 567682.811362
1.25 9.125 603162.987072
1.75 9.125 283841.405681
2.25 9.125 354801.757101
2.75 9.125 532202.635652
3.25 9.125 390281.932812
3.75 9.125 177400.878551
4.25 9.125 106440.52713
4.75 9.125 106440.52713
5.25 9.125 0.0
5.75 9.125 0.0
6.25 9.125 0.0
6.75 9.125 0.0
7.25 9.125 0.0
7.75 9.125 0.0
8.25 9.125 0.0
8.75 9.125 0.0
0.25 9.375 461242.284232
0.75 9.375 532202.635652
1.25 9.375 425762.108522
1.75 9.375 248361.229971
2.25 9.375 141920.702841
2.75 9.375 212881.054261
3.25 9.375 141920.702841
3.75 9.375 141920.702841
4.25 9.375 212881.054261
4.75 9.375 212881.054261
5.25 9.375 35480.1757101
5.75 9.375 0.0
6.25 9.375 0.0
6.75 9.375 0.0
7.25 9.375 0.0
7.75 9.375 0.0
8.25 9.375 0.0
8.75 9.375 0.0
0.25 9.625 283841.405681
0.75 9.625 390281.932812
1.25 9.625 354801.757101
1.75 9.625 283841.405681
2.25 9.625 283841.405681
2.75 9.625 390281.932812
3.25 9.625 177400.878551
3.75 9.625 212881.054261
4.25 9.625 177400.878551
4.75 9.625 106440.52713
5.25 9.625 0.0
5.75 9.625 0.0
6.25 9.625 0.0
6.75 9.625 0.0
7.25 9.625 0.0
7.75 9.625 0.0
8.25 9.625 0.0
8.75 9.625 0.0
0.25 9.875 354801.757101
0.75 9.875 425762.108522
1.25 9.875 354801.757101
1.75 9.875 177400.878551
2.25 9.875 283841.405681
2.75 9.875 354801.757101
3.25 9.875 141920.702841
3.75 9.875 141920.702841
4.25 9.875 141920.702841
4.75 9.875 70960.3514203
5.25 9.875 35480.1757101
5.75 9.875 0.0
6.25 9.875 0.0
6.75 9.875 0.0
7.25 9.875 0.0
7.75 9.875 0.0
8.25 9.875 0.0
8.75 9.875 0.0
0.25 10.125 319321.581391
0.75 10.125 283841.405681
1.25 10.125 319321.581391
1.75 10.125 141920.702841
2.25 10.125 106440.52713
2.75 10.125 141920.702841
3.25 10.125 212881.054261
3.75 10.125 70960.3514203
4.25 10.125 106440.52713
4.75 10.125 141920.702841
5.25 10.125 35480.1757101
5.75 10.125 0.0
6.25 10.125 0.0
6.75 10.125 0.0
7.25 10.125 0.0
7.75 10.125 0.0
8.25 10.125 0.0
8.75 10.125 0.0
0.25 10.375 319321.581391
0.75 10.375 390281.932812
1.25 10.375 283841.405681
1.75 10.375 496722.459942
2.25 10.375 248361.229971
2.75 10.375 177400.878551
3.25 10.375 177400.878551
3.75 10.375 70960.3514203
4.25 10.375 106440.52713
4.75 10.375 106440.52713
5.25 10.375 35480.1757101
5.75 10.375 0.0
6.25 10.375 0.0
6.75 10.375 0.0
7.25 10.375 0.0
7.75 10.375 0.0
8.25 10.375 0.0
8.75 10.375 0.0
0.25 10.625 248361.229971
0.75 10.625 106440.52713
1.25 10.625 390281.932812
1.75 10.625 283841.405681
2.25 10.625 141920.702841
2.75 10.625 177400.878551
3.25 10.625 106440.52713
3.75 10.625 106440.52713
4.25 10.625 141920.702841
4.75 10.625 0.0
5.25 10.625 35480.1757101
5.75 10.625 0.0
6.25 10.625 0.0
6.75 10.625 0.0
7.25 10.625 0.0
7.75 10.625 0.0
8.25 10.625 0.0
8.75 10.625 0.0
0.25 10.875 141920.702841
0.75 10.875 283841.405681
1.25 10.875 248361.229971
1.75 10.875 283841.405681
2.25 10.875 141920.702841
2.75 10.875 212881.054261
3.25 10.875 70960.3514203
3.75 10.875 177400.878551
4.25 10.875 106440.52713
4.75 10.875 177400.878551
5.25 10.875 0.0
5.75 10.875 0.0
6.25 10.875 0.0
6.75 10.875 0.0
7.25 10.875 0.0
7.75 10.875 0.0
8.25 10.875 0.0
8.75 10.875 0.0
0.25 11.125 283841.405681
0.75 11.125 283841.405681
1.25 11.125 319321.581391
1.75 11.125 354801.757101
2.25 11.125 212881.054261
2.75 11.125 70960.3514203
3.25 11.125 35480.1757101
3.75 11.125 35480.1757101
4.25 11.125 35480.1757101
4.75 11.125 0.0
5.25 11.125 0.0
5.75 11.125 0.0
6.25 11.125 0.0
6.75 11.125 0.0
7.25 11.125 0.0
7.75 11.125 0.0
8.25 11.125 0.0
8.75 11.125 0.0
0.25 11.375 212881.054261
0.75 11.375 177400.878551
1.25 11.375 212881.054261
1.75 11.375 177400.878551
2.25 11.375 70960.3514203
2.75 11.375 70960.3514203
3.25 11.375 141920.702841
3.75 11.375 141920.702841
4.25 11.375 106440.52713
4.75 11.375 0.0
5.25 11.375 0.0
5.75 11.375 0.0
6.25 11.375 0.0
6.75 11.375 0.0
7.25 11.375 0.0
7.75 11.375 0.0
8.25 11.375 0.0
8.75 11.375 0.0
0.25 11.625 212881.054261
0.75 11.625 106440.52713
1.25 11.625 35480.1757101
1.75 11.625 212881.054261
2.25 11.625 248361.229971
2.75 11.625 141920.702841
3.25 11.625 35480.1757101
3.75 11.625 106440.52713
4.25 11.625 35480.1757101
4.75 11.625 35480.1757101
5.25 11.625 0.0
5.75 11.625 0.0
6.25 11.625 0.0
6.75 11.625 0.0
7.25 11.625 0.0
7.75 11.625 0.0
8.25 11.625 0.0
8.75 11.625 0.0
0.25 11.875 106440.52713
0.75 11.875 283841.405681
1.25 11.875 70960.3514203
1.75 11.875 177400.878551
2.25 11.875 106440.52713
2.75 11.875 106440.52713
3.25 11.875 35480.1757101
3.75 11.875 70960.3514203
4.25 11.875 70960.3514203
4.75 11.875 106440.52713
5.25 11.875 70960.3514203
5.75 11.875 35480.1757101
6.25 11.875 0.0
6.75 11.875 0.0
7.25 11.875 0.0
7.75 11.875 0.0
8.25 11.875 0.0
8.75 11.875 0.0
0.25 12.125 141920.702841
0.75 12.125 106440.52713
1.25 12.125 177400.878551
1.75 12.125 248361.229971
2.25 12.125 35480.1757101
2.75 12.125 106440.52713
3.25 12.125 35480.1757101
3.75 12.125 141920.702841
4.25 12.125 0.0
4.75 12.125 35480.1757101
5.25 12.125 35480.1757101
5.75 12.125 0.0
6.25 12.125 0.0
6.75 12.125 0.0
7.25 12.125 0.0
7.75 12.125 0.0
8.25 12.125 0.0
8.75 12.125 0.0
0.25 12.375 177400.878551
0.75 12.375 141920.702841
1.25 12.375 248361.229971
1.75 12.375 106440.52713
2.25 12.375 70960.3514203
2.75 12.375 70960.3514203
3.25 12.375 0.0
3.75 12.375 0.0
4.25 12.375 0.0
4.75 12.375 0.0
5.25 12.375 0.0
5.75 12.375 0.0
6.25 12.375 0.0
6.75 12.375 0.0
7.25 12.375 0.0
7.75 12.375 0.0
8.25 12.375 0.0
8.75 12.375 0.0
0.25 12.625 212881.054261
0.75 12.625 177400.878551
1.25 12.625 35480.1757101
1.75 12.625 177400.878551
2.25 12.625 35480.1757101
2.75 12.625 70960.3514203
3.25 12.625 106440.52713
3.75 12.625 0.0
4.25 12.625 0.0
4.75 12.625 0.0
5.25 12.625 35480.1757101
5.75 12.625 0.0
6.25 12.625 0.0
6.75 12.625 0.0
7.25 12.625 0.0
7.75 12.625 0.0
8.25 12.625 0.0
8.75 12.625 0.0
0.25 12.875 141920.702841
0.75 12.875 70960.3514203
1.25 12.875 35480.1757101
1.75 12.875 70960.3514203
2.25 12.875 70960.3514203
2.75 12.875 0.0
3.25 12.875 35480.1757101
3.75 12.875 0.0
4.25 12.875 35480.1757101
4.75 12.875 0.0
5.25 12.875 35480.1757101
5.75 12.875 0.0
6.25 12.875 0.0
6.75 12.875 0.0
7.25 12.875 0.0
7.75 12.875 0.0
8.25 12.875 0.0
8.75 12.875 0.0
0.25 13.125 70960.3514203
0.75 13.125 70960.3514203
1.25 13.125 35480.1757101
1.75 13.125 0.0
2.25 13.125 35480.1757101
2.75 13.125 177400.878551
3.25 13.125 35480.1757101
3.75 13.125 0.0
4.25 13.125 0.0
4.75 13.125 0.0
5.25 13.125 0.0
5.75 13.125 0.0
6.25 13.125 0.0
6.75 13.125 0.0
7.25 13.125 0.0
7.75 13.125 0.0
8.25 13.125 0.0
8.75 13.125 0.0
0.25 13.375 106440.52713
0.75 13.375 70960.3514203
1.25 13.375 35480.1757101
1.75 13.375 35480.1757101
2.25 13.375 35480.1757101
2.75 13.375 35480.1757101
3.25 13.375 106440.52713
3.75 13.375 0.0
4.25 13.375 70960.3514203
4.75 13.375 0.0
5.25 13.375 0.0
5.75 13.375 0.0
6.25 13.375 0.0
6.75 13.375 0.0
7.25 13.375 0.0
7.75 13.375 0.0
8.25 13.375 0.0
8.75 13.375 0.0
0.25 13.625 177400.878551
0.75 13.625 0.0
1.25 13.625 70960.3514203
1.75 13.625 70960.3514203
2.25 13.625 70960.3514203
2.75 13.625 141920.702841
3.25 13.625 106440.52713
3.75 13.625 35480.1757101
4.25 13.625 35480.1757101
4.75 13.625 35480.1757101
5.25 13.625 0.0
5.75 13.625 0.0
6.25 13.625 0.0
6.75 13.625 0.0
7.25 13.625 0.0
7.75 13.625 0.0
8.25 13.625 0.0
8.75 13.625 0.0
0.25 13.875 177400.878551
0.75 13.875 106440.52713
1.25 13.875 141920.702841
1.75 13.875 35480.1757101
2.25 13.875 141920.702841
2.75 13.875 70960.3514203
3.25 13.875 35480.1757101
3.75 13.875 35480.1757101
4.25 13.875 0.0
4.75 13.875 0.0
5.25 13.875 0.0
5.75 13.875 0.0
6.25 13.875 0.0
6.75 13.875 0.0
7.25 13.875 0.0
7.75 13.875 0.0
8.25 13.875 0.0
8.75 13.875 0.0
0.25 14.125 70960.3514203
0.75 14.125 70960.3514203
1.25 14.125 70960.3514203
1.75 14.125 35480.1757101
2.25 14.125 70960.3514203
2.75 14.125 141920.702841
3.25 14.125 0.0
3.75 14.125 35480.1757101
4.25 14.125 35480.1757101
4.75 14.125 0.0
5.25 14.125 0.0
5.75 14.125 0.0
6.25 14.125 0.0
6.75 14.125 0.0
7.25 14.125 0.0
7.75 14.125 0.0
8.25 14.125 0.0
8.75 14.125 0.0
0.25 14.375 106440.52713
0.75 14.375 70960.3514203
1.25 14.375 106440.52713
1.75 14.375 0.0
2.25 14.375 35480.1757101
2.75 14.375 35480.1757101
3.25 14.375 0.0
3.75 14.375 35480.1757101
4.25 14.375 0.0
4.75 14.375 0.0
5.25 14.375 0.0
5.75 14.375 0.0
6.25 14.375 0.0
6.75 14.375 0.0
7.25 14.375 0.0
7.75 14.375 0.0
8.25 14.375 0.0
8.75 14.375 0.0
0.25 14.625 70960.3514203
0.75 14.625 35480.1757101
1.25 14.625 35480.1757101
1.75 14.625 0.0
2.25 14.625 70960.3514203
2.75 14.625 70960.3514203
3.25 14.625 0.0
3.75 14.625 106440.52713
4.25 14.625 0.0
4.75 14.625 0.0
5.25 14.625 0.0
5.75 14.625 0.0
6.25 14.625 0.0
6.75 14.625 0.0
7.25 14.625 0.0
7.75 14.625 0.0
8.25 14.625 0.0
8.75 14.625 0.0
0.25 14.875 70960.3514203
0.75 14.875 70960.3514203
1.25 14.875 35480.1757101
1.75 14.875 70960.3514203
2.25 14.875 0.0
2.75 14.875 0.0
3.25 14.875 35480.1757101
3.75 14.875 0.0
4.25 14.875 0.0
4.75 14.875 0.0
5.25 14.875 0.0
5.75 14.875 0.0
6.25 14.875 0.0
6.75 14.875 0.0
7.25 14.875 0.0
7.75 14.875 0.0
8.25 14.875 0.0
8.75 14.875 0.0
0.25 15.125 70960.3514203
0.75 15.125 0.0
1.25 15.125 0.0
1.75 15.125 0.0
2.25 15.125 70960.3514203
2.75 15.125 0.0
3.25 15.125 35480.1757101
3.75 15.125 0.0
4.25 15.125 35480.1757101
4.75 15.125 0.0
5.25 15.125 0.0
5.75 15.125 0.0
6.25 15.125 0.0
6.75 15.125 0.0
7.25 15.125 0.0
7.75 15.125 0.0
8.25 15.125 0.0
8.75 15.125 0.0
0.25 15.375 35480.1757101
0.75 15.375 106440.52713
1.25 15.375 35480.1757101
1.75 15.375 35480.1757101
2.25 15.375 0.0
2.75 15.375 0.0
3.25 15.375 0.0
3.75 15.375 0.0
4.25 15.375 0.0
4.75 15.375 0.0
5.25 15.375 0.0
5.75 15.375 0.0
6.25 15.375 0.0
6.75 15.375 0.0
7.25 15.375 0.0
7.75 15.375 0.0
8.25 15.375 0.0
8.75 15.375 0.0
0.25 15.625 35480.1757101
0.75 15.625 70960.3514203
1.25 15.625 70960.3514203
1.75 15.625 35480.1757101
2.25 15.625 70960.3514203
2.75 15.625 35480.1757101
3.25 15.625 0.0
3.75 15.625 35480.1757101
4.25 15.625 0.0
4.75 15.625 0.0
5.25 15.625 0.0
5.75 15.625 0.0
6.25 15.625 0.0
6.75 15.625 0.0
7.25 15.625 0.0
7.75 15.625 0.0
8.25 15.625 0.0
8.75 15.625 0.0
0.25 15.875 0.0
0.75 15.875 70960.3514203
1.25 15.875 0.0
1.75 15.875 0.0
2.25 15.875 0.0
2.75 15.875 0.0
3.25 15.875 0.0
3.75 15.875 0.0
4.25 15.875 35480.1757101
4.75 15.875 0.0
5.25 15.875 0.0
5.75 15.875 0.0
6.25 15.875 0.0
6.75 15.875 0.0
7.25 15.875 0.0
7.75 15.875 0.0
8.25 15.875 0.0
8.75 15.875 0.0
0.25 16.125 0.0
0.75 16.125 70960.3514203
1.25 16.125 0.0
1.75 16.125 0.0
2.25 16.125 0.0
2.75 16.125 0.0
3.25 16.125 0.0
3.75 16.125 0.0
4.25 16.125 0.0
4.75 16.125 0.0
5.25 16.125 0.0
5.75 16.125 0.0
6.25 16.125 0.0
6.75 16.125 0.0
7.25 16.125 0.0
7.75 16.125 0.0
8.25 16.125 0.0
8.75 16.125 0.0
0.25 16.375 35480.1757101
0.75 16.375 35480.1757101
1.25 16.375 35480.1757101
1.75 16.375 35480.1757101
2.25 16.375 0.0
2.75 16.375 0.0
3.25 16.375 0.0
3.75 16.375 35480.1757101
4.25 16.375 0.0
4.75 16.375 0.0
5.25 16.375 0.0
5.75 16.375 0.0
6.25 16.375 0.0
6.75 16.375 0.0
7.25 16.375 0.0
7.75 16.375 0.0
8.25 16.375 0.0
8.75 16.375 0.0
0.25 16.625 106440.52713
0.75 16.625 0.0
1.25 16.625 35480.1757101
1.75 16.625 0.0
2.25 16.625 35480.1757101
2.75 16.625 0.0
3.25 16.625 35480.1757101
3.75 16.625 0.0
4.25 16.625 0.0
4.75 16.625 0.0
5.25 16.625 0.0
5.75 16.625 0.0
6.25 16.625 0.0
6.75 16.625 0.0
7.25 16.625 0.0
7.75 16.625 0.0
8.25 16.625 0.0
8.75 16.625 0.0
0.25 16.875 0.0
0.75 16.875 35480.1757101
1.25 16.875 0.0
1.75 16.875 0.0
2.25 16.875 35480.1757101
2.75 16.875 0.0
3.25 16.875 35480.1757101
3.75 16.875 35480.1757101
4.25 16.875 0.0
4.75 16.875 0.0
5.25 16.875 0.0
5.75 16.875 0.0
6.25 16.875 0.0
6.75 16.875 0.0
7.25 16.875 0.0
7.75 16.875 0.0
8.25 16.875 0.0
8.75 16.875 0.0
0.25 17.125 106440.52713
0.75 17.125 0.0
1.25 17.125 70960.3514203
1.75 17.125 0.0
2.25 17.125 0.0
2.75 17.125 0.0
3.25 17.125 0.0
3.75 17.125 0.0
4.25 17.125 0.0
4.75 17.125 35480.1757101
5.25 17.125 0.0
5.75 17.125 0.0
6.25 17.125 0.0
6.75 17.125 0.0
7.25 17.125 0.0
7.75 17.125 0.0
8.25 17.125 0.0
8.75 17.125 0.0
0.25 17.375 0.0
0.75 17.375 35480.1757101
1.25 17.375 35480.1757101
1.75 17.375 35480.1757101
2.25 17.375 0.0
2.75 17.375 0.0
3.25 17.375 0.0
3.75 17.375 0.0
4.25 17.375 0.0
4.75 17.375 0.0
5.25 17.375 0.0
5.75 17.375 0.0
6.25 17.375 0.0
6.75 17.375 0.0
7.25 17.375 0.0
7.75 17.375 0.0
8.25 17.375 0.0
8.75 17.375 0.0
0.25 17.625 0.0
0.75 17.625 35480.1757101
1.25 17.625 0.0
1.75 17.625 106440.52713
2.25 17.625 0.0
2.75 17.625 0.0
3.25 17.625 70960.3514203
3.75 17.625 0.0
4.25 17.625 35480.1757101
4.75 17.625 0.0
5.25 17.625 0.0
5.75 17.625 0.0
6.25 17.625 0.0
6.75 17.625 0.0
7.25 17.625 0.0
7.75 17.625 0.0
8.25 17.625 0.0
8.75 17.625 0.0
0.25 17.875 35480.1757101
0.75 17.875 70960.3514203
1.25 17.875 0.0
1.75 17.875 35480.1757101
2.25 17.875 0.0
2.75 17.875 0.0
3.25 17.875 35480.1757101
3.75 17.875 0.0
4.25 17.875 0.0
4.75 17.875 0.0
5.25 17.875 0.0
5.75 17.875 0.0
6.25 17.875 0.0
6.75 17.875 0.0
7.25 17.875 0.0
7.75 17.875 0.0
8.25 17.875 0.0
8.75 17.875 0.0
0.25 18.125 0.0
0.75 18.125 0.0
1.25 18.125 0.0
1.75 18.125 70960.3514203
2.25 18.125 70960.3514203
2.75 18.125 35480.1757101
3.25 18.125 35480.1757101
3.75 18.125 70960.3514203
4.25 18.125 0.0
4.75 18.125 35480.1757101
5.25 18.125 0.0
5.75 18.125 0.0
6.25 18.125 0.0
6.75 18.125 0.0
7.25 18.125 0.0
7.75 18.125 0.0
8.25 18.125 0.0
8.75 18.125 0.0
0.25 18.375 35480.1757101
0.75 18.375 35480.1757101
1.25 18.375 35480.1757101
1.75 18.375 35480.1757101
2.25 18.375 35480.1757101
2.75 18.375 70960.3514203
3.25 18.375 0.0
3.75 18.375 0.0
4.25 18.375 0.0
4.75 18.375 0.0
5.25 18.375 0.0
5.75 18.375 0.0
6.25 18.375 0.0
6.75 18.375 0.0
7.25 18.375 0.0
7.75 18.375 0.0
8.25 18.375 0.0
8.75 18.375 0.0
0.25 18.625 35480.1757101
0.75 18.625 0.0
1.25 18.625 0.0
1.75 18.625 35480.1757101
2.25 18.625 35480.1757101
2.75 18.625 0.0
3.25 18.625 0.0
3.75 18.625 0.0
4.25 18.625 0.0
4.75 18.625 0.0
5.25 18.625 0.0
5.75 18.625 0.0
6.25 18.625 0.0
6.75 18.625 0.0
7.25 18.625 0.0
7.75 18.625 0.0
8.25 18.625 0.0
8.75 18.625 0.0
0.25 18.875 0.0
0.75 18.875 0.0
1.25 18.875 70960.3514203
1.75 18.875 0.0
2.25 18.875 0.0
2.75 18.875 0.0
3.25 18.875 0.0
3.75 18.875 0.0
4.25 18.875 0.0
4.75 18.875 0.0
5.25 18.875 0.0
5.75 18.875 0.0
6.25 18.875 0.0
6.75 18.875 0.0
7.25 18.875 0.0
7.75 18.875 0.0
8.25 18.875 0.0
8.75 18.875 0.0
0.25 19.125 0.0
0.75 19.125 70960.3514203
1.25 19.125 35480.1757101
1.75 19.125 35480.1757101
2.25 19.125 0.0
2.75 19.125 0.0
3.25 19.125 0.0
3.75 19.125 0.0
4.25 19.125 0.0
4.75 19.125 0.0
5.25 19.125 0.0
5.75 19.125 0.0
6.25 19.125 0.0
6.75 19.125 0.0
7.25 19.125 0.0
7.75 19.125 0.0
8.25 19.125 0.0
8.75 19.125 0.0
0.25 19.375 0.0
0.75 19.375 35480.1757101
1.25 19.375 0.0
1.75 19.375 0.0
2.25 19.375 0.0
2.75 19.375 0.0
3.25 19.375 0.0
3.75 19.375 0.0
4.25 19.375 0.0
4.75 19.375 0.0
5.25 19.375 0.0
5.75 19.375 0.0
6.25 19.375 0.0
6.75 19.375 0.0
7.25 19.375 0.0
7.75 19.375 0.0
8.25 19.375 0.0
8.75 19.375 0.0
0.25 19.625 0.0
0.75 19.625 0.0
1.25 19.625 0.0
1.75 19.625 70960.3514203
2.25 19.625 0.0
2.75 19.625 0.0
3.25 19.625 0.0
3.75 19.625 0.0
4.25 19.625 0.0
4.75 19.625 0.0
5.25 19.625 0.0
5.75 19.625 0.0
6.25 19.625 0.0
6.75 19.625 0.0
7.25 19.625 0.0
7.75 19.625 0.0
8.25 19.625 0.0
8.75 19.625 0.0
0.25 19.875 0.0
0.75 19.875 35480.1757101
1.25 19.875 35480.1757101
1.75 19.875 0.0
2.25 19.875 0.0
2.75 19.875 35480.1757101
3.25 19.875 0.0
3.75 19.875 0.0
4.25 19.875 0.0
4.75 19.875 0.0
5.25 19.875 0.0
5.75 19.875 0.0
6.25 19.875 0.0
6.75 19.875 0.0
7.25 19.875 0.0
7.75 19.875 0.0
8.25 19.875 0.0
8.75 19.875 0.0
0.25 20.125 0.0
0.75 20.125 0.0
1.25 20.125 0.0
1.75 20.125 35480.1757101
2.25 20.125 35480.1757101
2.75 20.125 0.0
3.25 20.125 0.0
3.75 20.125 0.0
4.25 20.125 0.0
4.75 20.125 0.0
5.25 20.125 0.0
5.75 20.125 0.0
6.25 20.125 0.0
6.75 20.125 0.0
7.25 20.125 0.0
7.75 20.125 0.0
8.25 20.125 0.0
8.75 20.125 0.0
0.25 20.375 0.0
0.75 20.375 35480.1757101
1.25 20.375 0.0
1.75 20.375 0.0
2.25 20.375 0.0
2.75 20.375 0.0
3.25 20.375 0.0
3.75 20.375 0.0
4.25 20.375 35480.1757101
4.75 20.375 0.0
5.25 20.375 0.0
5.75 20.375 0.0
6.25 20.375 0.0
6.75 20.375 0.0
7.25 20.375 0.0
7.75 20.375 0.0
8.25 20.375 0.0
8.75 20.375 0.0
0.25 20.625 0.0
0.75 20.625 0.0
1.25 20.625 0.0
1.75 20.625 0.0
2.25 20.625 0.0
2.75 20.625 0.0
3.25 20.625 0.0
3.75 20.625 0.0
4.25 20.625 0.0
4.75 20.625 0.0
5.25 20.625 0.0
5.75 20.625 0.0
6.25 20.625 0.0
6.75 20.625 0.0
7.25 20.625 0.0
7.75 20.625 0.0
8.25 20.625 0.0
8.75 20.625 0.0
0.25 20.875 0.0
0.75 20.875 35480.1757101
1.25 20.875 0.0
1.75 20.875 0.0
2.25 20.875 0.0
2.75 20.875 0.0
3.25 20.875 0.0
3.75 20.875 0.0
4.25 20.875 0.0
4.75 20.875 0.0
5.25 20.875 0.0
5.75 20.875 0.0
6.25 20.875 0.0
6.75 20.875 0.0
7.25 20.875 0.0
7.75 20.875 0.0
8.25 20.875 0.0
8.75 20.875 0.0
0.25 21.125 0.0
0.75 21.125 0.0
1.25 21.125 35480.1757101
1.75 21.125 0.0
2.25 21.125 0.0
2.75 21.125 0.0
3.25 21.125 0.0
3.75 21.125 0.0
4.25 21.125 0.0
4.75 21.125 0.0
5.25 21.125 0.0
5.75 21.125 0.0
6.25 21.125 0.0
6.75 21.125 0.0
7.25 21.125 0.0
7.75 21.125 0.0
8.25 21.125 0.0
8.75 21.125 0.0
0.25 21.375 0.0
0.75 21.375 0.0
1.25 21.375 0.0
1.75 21.375 0.0
2.25 21.375 35480.1757101
2.75 21.375 0.0
3.25 21.375 0.0
3.75 21.375 0.0
4.25 21.375 0.0
4.75 21.375 0.0
5.25 21.375 0.0
5.75 21.375 0.0
6.25 21.375 0.0
6.75 21.375 0.0
7.25 21.375 0.0
7.75 21.375 0.0
8.25 21.375 0.0
8.75 21.375 0.0
0.25 21.625 0.0
0.75 21.625 0.0
1.25 21.625 0.0
1.75 21.625 0.0
2.25 21.625 0.0
2.75 21.625 0.0
3.25 21.625 0.0
3.75 21.625 0.0
4.25 21.625 0.0
4.75 21.625 0.0
5.25 21.625 0.0
5.75 21.625 0.0
6.25 21.625 0.0
6.75 21.625 0.0
7.25 21.625 0.0
7.75 21.625 0.0
8.25 21.625 0.0
8.75 21.625 0.0
0.25 21.875 0.0
0.75 21.875 0.0
1.25 21.875 0.0
1.75 21.875 35480.1757101
2.25 21.875 0.0
2.75 21.875 0.0
3.25 21.875 0.0
3.75 21.875 35480.1757101
4.25 21.875 0.0
4.75 21.875 0.0
5.25 21.875 0.0
5.75 21.875 0.0
6.25 21.875 0.0
6.75 21.875 0.0
7.25 21.875 0.0
7.75 21.875 0.0
8.25 21.875 0.0
8.75 21.875 0.0
0.25 22.125 70960.3514203
0.75 22.125 0.0
1.25 22.125 0.0
1.75 22.125 0.0
2.25 22.125 0.0
2.75 22.125 0.0
3.25 22.125 0.0
3.75 22.125 0.0
4.25 22.125 0.0
4.75 22.125 0.0
5.25 22.125 0.0
5.75 22.125 0.0
6.25 22.125 0.0
6.75 22.125 0.0
7.25 22.125 0.0
7.75 22.125 0.0
8.25 22.125 0.0
8.75 22.125 0.0
0.25 22.375 35480.1757101
0.75 22.375 0.0
1.25 22.375 0.0
1.75 22.375 0.0
2.25 22.375 0.0
2.75 22.375 0.0
3.25 22.375 0.0
3.75 22.375 0.0
4.25 22.375 0.0
4.75 22.375 0.0
5.25 22.375 0.0
5.75 22.375 0.0
6.25 22.375 0.0
6.75 22.375 0.0
7.25 22.375 0.0
7.75 22.375 0.0
8.25 22.375 0.0
8.75 22.375 0.0
0.25 22.625 0.0
0.75 22.625 35480.1757101
1.25 22.625 0.0
1.75 22.625 0.0
2.25 22.625 0.0
2.75 22.625 0.0
3.25 22.625 0.0
3.75 22.625 0.0
4.25 22.625 0.0
4.75 22.625 0.0
5.25 22.625 0.0
5.75 22.625 0.0
6.25 22.625 0.0
6.75 22.625 0.0
7.25 22.625 0.0
7.75 22.625 0.0
8.25 22.625 0.0
8.75 22.625 0.0
0.25 22.875 0.0
0.75 22.875 0.0
1.25 22.875 0.0
1.75 22.875 0.0
2.25 22.875 0.0
2.75 22.875 0.0
3.25 22.875 0.0
3.75 22.875 0.0
4.25 22.875 0.0
4.75 22.875 0.0
5.25 22.875 0.0
5.75 22.875 0.0
6.25 22.875 0.0
6.75 22.875 0.0
7.25 22.875 0.0
7.75 22.875 0.0
8.25 22.875 0.0
8.75 22.875 0.0
0.25 23.125 0.0
0.75 23.125 0.0
1.25 23.125 0.0
1.75 23.125 0.0
2.25 23.125 0.0
2.75 23.125 35480.1757101
3.25 23.125 0.0
3.75 23.125 0.0
4.25 23.125 0.0
4.75 23.125 0.0
5.25 23.125 0.0
5.75 23.125 0.0
6.25 23.125 0.0
6.75 23.125 0.0
7.25 23.125 0.0
7.75 23.125 0.0
8.25 23.125 0.0
8.75 23.125 0.0
0.25 23.375 0.0
0.75 23.375 0.0
1.25 23.375 70960.3514203
1.75 23.375 0.0
2.25 23.375 0.0
2.75 23.375 0.0
3.25 23.375 0.0
3.75 23.375 0.0
4.25 23.375 0.0
4.75 23.375 0.0
5.25 23.375 0.0
5.75 23.375 0.0
6.25 23.375 0.0
6.75 23.375 0.0
7.25 23.375 0.0
7.75 23.375 0.0
8.25 23.375 0.0
8.75 23.375 0.0
0.25 23.625 0.0
0.75 23.625 35480.1757101
1.25 23.625 0.0
1.75 23.625 0.0
2.25 23.625 35480.1757101
2.75 23.625 0.0
3.25 23.625 0.0
3.75 23.625 0.0
4.25 23.625 0.0
4.75 23.625 0.0
5.25 23.625 0.0
5.75 23.625 0.0
6.25 23.625 0.0
6.75 23.625 0.0
7.25 23.625 0.0
7.75 23.625 0.0
8.25 23.625 0.0
8.75 23.625 0.0
0.25 23.875 0.0
0.75 23.875 0.0
1.25 23.875 0.0
1.75 23.875 0.0
2.25 23.875 0.0
2.75 23.875 0.0
3.25 23.875 0.0
3.75 23.875 0.0
4.25 23.875 0.0
4.75 23.875 0.0
5.25 23.875 0.0
5.75 23.875 0.0
6.25 23.875 0.0
6.75 23.875 0.0
7.25 23.875 0.0
7.75 23.875 0.0
8.25 23.875 0.0
8.75 23.875 0.0
0.25 24.125 0.0
0.75 24.125 0.0
1.25 24.125 0.0
1.75 24.125 0.0
2.25 24.125 0.0
2.75 24.125 0.0
3.25 24.125 0.0
3.75 24.125 0.0
4.25 24.125 0.0
4.75 24.125 0.0
5.25 24.125 0.0
5.75 24.125 0.0
6.25 24.125 0.0
6.75 24.125 0.0
7.25 24.125 0.0
7.75 24.125 0.0
8.25 24.125 0.0
8.75 24.125 0.0
0.25 24.375 0.0
0.75 24.375 0.0
1.25 24.375 0.0
1.75 24.375 0.0
2.25 24.375 0.0
2.75 24.375 0.0
3.25 24.375 0.0
3.75 24.375 0.0
4.25 24.375 0.0
4.75 24.375 0.0
5.25 24.375 0.0
5.75 24.375 0.0
6.25 24.375 0.0
6.75 24.375 0.0
7.25 24.375 0.0
7.75 24.375 0.0
8.25 24.375 0.0
8.75 24.375 0.0
0.25 24.625 0.0
0.75 24.625 0.0
1.25 24.625 0.0
1.75 24.625 35480.1757101
2.25 24.625 0.0
2.75 24.625 0.0
3.25 24.625 0.0
3.75 24.625 0.0
4.25 24.625 0.0
4.75 24.625 0.0
5.25 24.625 0.0
5.75 24.625 0.0
6.25 24.625 0.0
6.75 24.625 0.0
7.25 24.625 0.0
7.75 24.625 0.0
8.25 24.625 0.0
8.75 24.625 0.0
0.25 24.875 0.0
0.75 24.875 0.0
1.25 24.875 0.0
1.75 24.875 0.0
2.25 24.875 35480.1757101
2.75 24.875 0.0
3.25 24.875 0.0
3.75 24.875 0.0
4.25 24.875 0.0
4.75 24.875 0.0
5.25 24.875 0.0
5.75 24.875 0.0
6.25 24.875 0.0
6.75 24.875 0.0
7.25 24.875 0.0
7.75 24.875 0.0
8.25 24.875 0.0
8.75 24.875 0.0
0.25 25.125 0.0
0.75 25.125 0.0
1.25 25.125 35480.1757101
1.75 25.125 0.0
2.25 25.125 0.0
2.75 25.125 0.0
3.25 25.125 0.0
3.75 25.125 0.0
4.25 25.125 0.0
4.75 25.125 0.0
5.25 25.125 0.0
5.75 25.125 0.0
6.25 25.125 0.0
6.75 25.125 0.0
7.25 25.125 0.0
7.75 25.125 0.0
8.25 25.125 0.0
8.75 25.125 0.0
0.25 25.375 0.0
0.75 25.375 35480.1757101
1.25 25.375 0.0
1.75 25.375 0.0
2.25 25.375 0.0
2.75 25.375 0.0
3.25 25.375 0.0
3.75 25.375 0.0
4.25 25.375 0.0
4.75 25.375 0.0
5.25 25.375 0.0
5.75 25.375 0.0
6.25 25.375 0.0
6.75 25.375 0.0
7.25 25.375 0.0
7.75 25.375 0.0
8.25 25.375 0.0
8.75 25.375 0.0
0.25 25.625 0.0
0.75 25.625 0.0
1.25 25.625 0.0
1.75 25.625 0.0
2.25 25.625 0.0
2.75 25.625 0.0
3.25 25.625 0.0
3.75 25.625 0.0
4.25 25.625 0.0
4.75 25.625 0.0
5.25 25.625 0.0
5.75 25.625 0.0
6.25 25.625 0.0
6.75 25.625 0.0
7.25 25.625 0.0
7.75 25.625 0.0
8.25 25.625 0.0
8.75 25.625 0.0
0.25 25.875 0.0
0.75 25.875 0.0
1.25 25.875 0.0
1.75 25.875 0.0
2.25 25.875 35480.1757101
2.75 25.875 0.0
3.25 25.875 0.0
3.75 25.875 0.0
4.25 25.875 0.0
4.75 25.875 0.0
5.25 25.875 0.0
5.75 25.875 0.0
6.25 25.875 0.0
6.75 25.875 0.0
7.25 25.875 0.0
7.75 25.875 0.0
8.25 25.875 0.0
8.75 25.875 0.0
0.25 26.125 0.0
0.75 26.125 0.0
1.25 26.125 0.0
1.75 26.125 0.0
2.25 26.125 0.0
2.75 26.125 0.0
3.25 26.125 0.0
3.75 26.125 0.0
4.25 26.125 0.0
4.75 26.125 0.0
5.25 26.125 0.0
5.75 26.125 0.0
6.25 26.125 0.0
6.75 26.125 0.0
7.25 26.125 0.0
7.75 26.125 0.0
8.25 26.125 0.0
8.75 26.125 0.0
0.25 26.375 0.0
0.75 26.375 0.0
1.25 26.375 0.0
1.75 26.375 0.0
2.25 26.375 0.0
2.75 26.375 0.0
3.25 26.375 35480.1757101
3.75 26.375 0.0
4.25 26.375 0.0
4.75 26.375 0.0
5.25 26.375 0.0
5.75 26.375 0.0
6.25 26.375 0.0
6.75 26.375 0.0
7.25 26.375 0.0
7.75 26.375 0.0
8.25 26.375 0.0
8.75 26.375 0.0
0.25 26.625 0.0
0.75 26.625 0.0
1.25 26.625 0.0
1.75 26.625 0.0
2.25 26.625 0.0
2.75 26.625 0.0
3.25 26.625 0.0
3.75 26.625 0.0
4.25 26.625 0.0
4.75 26.625 0.0
5.25 26.625 0.0
5.75 26.625 0.0
6.25 26.625 0.0
6.75 26.625 0.0
7.25 26.625 0.0
7.75 26.625 0.0
8.25 26.625 0.0
8.75 26.625 0.0
0.25 26.875 0.0
0.75 26.875 0.0
1.25 26.875 0.0
1.75 26.875 0.0
2.25 26.875 0.0
2.75 26.875 0.0
3.25 26.875 0.0
3.75 26.875 0.0
4.25 26.875 0.0
4.75 26.875 0.0
5.25 26.875 0.0
5.75 26.875 0.0
6.25 26.875 0.0
6.75 26.875 0.0
7.25 26.875 0.0
7.75 26.875 0.0
8.25 26.875 0.0
8.75 26.875 0.0
0.25 27.125 0.0
0.75 27.125 0.0
1.25 27.125 0.0
1.75 27.125 0.0
2.25 27.125 0.0
2.75 27.125 0.0
3.25 27.125 0.0
3.75 27.125 0.0
4.25 27.125 0.0
4.75 27.125 0.0
5.25 27.125 0.0
5.75 27.125 0.0
6.25 27.125 0.0
6.75 27.125 0.0
7.25 27.125 0.0
7.75 27.125 0.0
8.25 27.125 0.0
8.75 27.125 0.0
0.25 27.375 0.0
0.75 27.375 35480.1757101
1.25 27.375 0.0
1.75 27.375 0.0
2.25 27.375 0.0
2.75 27.375 0.0
3.25 27.375 0.0
3.75 27.375 0.0
4.25 27.375 0.0
4.75 27.375 0.0
5.25 27.375 0.0
5.75 27.375 0.0
6.25 27.375 0.0
6.75 27.375 0.0
7.25 27.375 0.0
7.75 27.375 0.0
8.25 27.375 0.0
8.75 27.375 0.0
0.25 27.625 35480.1757101
0.75 27.625 0.0
1.25 27.625 0.0
1.75 27.625 0.0
2.25 27.625 0.0
2.75 27.625 0.0
3.25 27.625 0.0
3.75 27.625 0.0
4.25 27.625 0.0
4.75 27.625 0.0
5.25 27.625 0.0
5.75 27.625 0.0
6.25 27.625 0.0
6.75 27.625 0.0
7.25 27.625 0.0
7.75 27.625 0.0
8.25 27.625 0.0
8.75 27.625 0.0
0.25 27.875 0.0
0.75 27.875 0.0
1.25 27.875 0.0
1.75 27.875 0.0
2.25 27.875 0.0
2.75 27.875 0.0
3.25 27.875 0.0
3.75 27.875 0.0
4.25 27.875 0.0
4.75 27.875 0.0
5.25 27.875 0.0
5.75 27.875 0.0
6.25 27.875 0.0
6.75 27.875 0.0
7.25 27.875 0.0
7.75 27.875 0.0
8.25 27.875 0.0
8.75 27.875 0.0
0.25 28.125 0.0
0.75 28.125 0.0
1.25 28.125 0.0
1.75 28.125 0.0
2.25 28.125 0.0
2.75 28.125 0.0
3.25 28.125 0.0
3.75 28.125 0.0
4.25 28.125 0.0
4.75 28.125 0.0
5.25 28.125 0.0
5.75 28.125 0.0
6.25 28.125 0.0
6.75 28.125 0.0
7.25 28.125 0.0
7.75 28.125 0.0
8.25 28.125 0.0
8.75 28.125 0.0
0.25 28.375 0.0
0.75 28.375 0.0
1.25 28.375 0.0
1.75 28.375 0.0
2.25 28.375 0.0
2.75 28.375 35480.1757101
3.25 28.375 0.0
3.75 28.375 0.0
4.25 28.375 0.0
4.75 28.375 0.0
5.25 28.375 0.0
5.75 28.375 0.0
6.25 28.375 0.0
6.75 28.375 0.0
7.25 28.375 0.0
7.75 28.375 0.0
8.25 28.375 0.0
8.75 28.375 0.0
0.25 28.625 0.0
0.75 28.625 0.0
1.25 28.625 0.0
1.75 28.625 0.0
2.25 28.625 0.0
2.75 28.625 0.0
3.25 28.625 0.0
3.75 28.625 0.0
4.25 28.625 0.0
4.75 28.625 0.0
5.25 28.625 0.0
5.75 28.625 0.0
6.25 28.625 0.0
6.75 28.625 0.0
7.25 28.625 0.0
7.75 28.625 0.0
8.25 28.625 0.0
8.75 28.625 0.0
0.25 28.875 35480.1757101
0.75 28.875 0.0
1.25 28.875 0.0
1.75 28.875 0.0
2.25 28.875 0.0
2.75 28.875 0.0
3.25 28.875 0.0
3.75 28.875 0.0
4.25 28.875 0.0
4.75 28.875 0.0
5.25 28.875 0.0
5.75 28.875 0.0
6.25 28.875 0.0
6.75 28.875 0.0
7.25 28.875 0.0
7.75 28.875 0.0
8.25 28.875 0.0
8.75 28.875 0.0
0.25 29.125 0.0
0.75 29.125 0.0
1.25 29.125 0.0
1.75 29.125 0.0
2.25 29.125 0.0
2.75 29.125 0.0
3.25 29.125 0.0
3.75 29.125 0.0
4.25 29.125 0.0
4.75 29.125 0.0
5.25 29.125 0.0
5.75 29.125 0.0
6.25 29.125 0.0
6.75 29.125 0.0
7.25 29.125 0.0
7.75 29.125 0.0
8.25 29.125 0.0
8.75 29.125 0.0
0.25 29.375 0.0
0.75 29.375 0.0
1.25 29.375 35480.1757101
1.75 29.375 0.0
2.25 29.375 0.0
2.75 29.375 0.0
3.25 29.375 0.0
3.75 29.375 0.0
4.25 29.375 0.0
4.75 29.375 0.0
5.25 29.375 0.0
5.75 29.375 0.0
6.25 29.375 0.0
6.75 29.375 0.0
7.25 29.375 0.0
7.75 29.375 0.0
8.25 29.375 0.0
8.75 29.375 0.0
0.25 29.625 0.0
0.75 29.625 0.0
1.25 29.625 0.0
1.75 29.625 0.0
2.25 29.625 0.0
2.75 29.625 0.0
3.25 29.625 0.0
3.75 29.625 0.0
4.25 29.625 0.0
4.75 29.625 0.0
5.25 29.625 0.0
5.75 29.625 0.0
6.25 29.625 0.0
6.75 29.625 0.0
7.25 29.625 0.0
7.75 29.625 0.0
8.25 29.625 0.0
8.75 29.625 0.0
0.25 29.875 0.0
0.75 29.875 35480.1757101
1.25 29.875 0.0
1.75 29.875 0.0
2.25 29.875 0.0
2.75 29.875 0.0
3.25 29.875 0.0
3.75 29.875 0.0
4.25 29.875 0.0
4.75 29.875 0.0
5.25 29.875 0.0
5.75 29.875 0.0
6.25 29.875 0.0
6.75 29.875 0.0
7.25 29.875 0.0
7.75 29.875 0.0
8.25 29.875 0.0
8.75 29.875 0.0
