0.25 0.125 2519092.47542
0.75 0.125 2590052.82684
1.25 0.125 3122255.46249
1.75 0.125 2519092.47542
2.25 0.125 2980334.75965
2.75 0.125 2590052.82684
3.25 0.125 3122255.46249
3.75 0.125 3335136.51675
4.25 0.125 2625533.00255
4.75 0.125 2270731.24545
5.25 0.125 1986889.83977
5.75 0.125 1525647.55554
6.25 0.125 1490167.37983
6.75 0.125 1099885.44701
7.25 0.125 674123.338493
7.75 0.125 638643.162783
8.25 0.125 141920.702841
8.75 0.125 0.0
0.25 0.375 7096035.14203
0.75 0.375 7699198.1291
1.25 0.375 7663717.95339
1.75 0.375 7983039.53478
2.25 0.375 8337841.29188
2.75 0.375 8870043.92754
3.25 0.375 6989594.6149
3.75 0.375 8692643.04898
4.25 0.375 7805638.65623
4.75 0.375 7344396.372
5.25 0.375 6031629.87072
5.75 0.375 5286546.18081
6.25 0.375 4364061.61235
6.75 0.375 3406096.86817
7.25 0.375 2093330.3669
7.75 0.375 1241806.14985
8.25 0.375 141920.702841
8.75 0.375 0.0
0.25 0.625 13730827.9998
0.75 0.625 14263030.6355
1.25 0.625 12205180.4443
1.75 0.625 11992299.39
2.25 0.625 12240660.62
2.75 0.625 11034334.6459
3.25 0.625 12701902.9042
3.75 0.625 11566537.2815
4.25 0.625 12489021.85
4.75 0.625 10360211.3074
5.25 0.625 9828008.67171
5.75 0.625 7983039.53478
6.25 0.625 5747788.46504
6.75 0.625 5499427.23507
7.25 0.625 3193215.81391
7.75 0.625 1667568.25838
8.25 0.625 177400.878551
8.75 0.625 0.0
0.25 0.875 16924043.8137
0.75 0.875 17456246.4494
1.25 0.875 17065964.5166
1.75 0.875 15079074.6768
2.25 0.875 15008114.3254
2.75 0.875 16782123.1109
3.25 0.875 13269585.7156
3.75 0.875 14192070.2841
4.25 0.875 13801788.3512
4.75 0.875 13092184.837
5.25 0.875 11850378.6872
5.75 0.875 10395691.4831
6.25 0.875 8337841.29188
6.75 0.875 4718863.36945
7.25 0.875 3867339.15241
7.75 0.875 1561127.73125
8.25 0.875 106440.52713
8.75 0.875 0.0
0.25 1.125 19265735.4106
0.75 1.125 18769012.9507
1.25 1.125 18094889.6122
1.75 1.125 17101444.6923
2.25 1.125 17669127.5037
2.75 1.125 16143479.9481
3.25 1.125 15043594.5011
3.75 1.125 14227550.4598
4.25 1.125 13021224.4856
4.75 1.125 11672977.8086
5.25 1.125 11495576.9301
5.75 1.125 9792528.496
6.25 1.125 8657162.87327
6.75 1.125 5960669.5193
7.25 1.125 3299656.34104
7.75 1.125 745083.689913
8.25 1.125 70960.3514203
8.75 1.125 0.0
0.25 1.375 16640202.4081
0.75 1.375 18698052.5992
1.25 1.375 17562686.9765
1.75 1.375 15575797.1368
2.25 1.375 15611277.3125
2.75 1.375 14192070.2841
3.25 1.375 13482466.7699
3.75 1.375 14014669.4055
4.25 1.375 12950264.1342
4.75 1.375 12134220.0929
5.25 1.375 10927894.1187
5.75 1.375 8586202.52185
6.25 1.375 6741233.38493
6.75 1.375 4967224.59942
7.25 1.375 2873894.23252
7.75 1.375 780563.865623
8.25 1.375 106440.52713
8.75 1.375 0.0
0.25 1.625 14192070.2841
0.75 1.625 15753198.0153
1.25 1.625 14724272.9197
1.75 1.625 15114554.8525
2.25 1.625 13979189.2298
2.75 1.625 13766308.1755
3.25 1.625 12418061.4985
3.75 1.625 11602017.4572
4.25 1.625 11389136.403
4.75 1.625 7983039.53478
5.25 1.625 10253770.7802
5.75 1.625 6173550.57356
6.25 1.625 5570387.58649
6.75 1.625 4151180.55809
7.25 1.625 2093330.3669
7.75 1.625 709603.514203
8.25 1.625 0.0
8.75 1.625 0.0
0.25 1.875 13198625.3642
0.75 1.875 13234105.5399
1.25 1.875 11460096.7544
1.75 1.875 12098739.9172
2.25 1.875 12169700.2686
2.75 1.875 11176255.3487
3.25 1.875 11318176.0515
3.75 1.875 11105294.9973
4.25 1.875 9153885.33322
4.75 1.875 9153885.33322
5.25 1.875 6741233.38493
5.75 1.875 5570387.58649
6.25 1.875 4754343.54516
6.75 1.875 2838414.05681
7.25 1.875 1561127.73125
7.75 1.875 461242.284232
8.25 1.875 0.0
8.75 1.875 0.0
0.25 2.125 11637497.6329
0.75 2.125 10466651.8345
1.25 2.125 10076369.9017
1.75 2.125 8834563.75183
2.25 2.125 10147330.2531
2.75 2.125 9402246.56319
3.25 2.125 7734678.30481
3.75 2.125 7096035.14203
4.25 2.125 6847673.91206
4.75 2.125 5889709.16788
5.25 2.125 5534907.41078
5.75 2.125 4080220.20667
6.25 2.125 2483612.29971
6.75 2.125 1915929.48835
7.25 2.125 887004.392754
7.75 2.125 141920.702841
8.25 2.125 0.0
8.75 2.125 0.0
0.25 2.375 9650607.79316
0.75 2.375 9437726.7389
1.25 2.375 9153885.33322
1.75 2.375 8337841.29188
2.25 2.375 7273436.02058
2.75 2.375 7096035.14203
3.25 2.375 6279991.1007
3.75 2.375 6315471.27641
4.25 2.375 6173550.57356
4.75 2.375 4576942.66661
5.25 2.375 3477057.21959
5.75 2.375 3051295.11107
6.25 2.375 2022370.01548
6.75 2.375 1419207.02841
7.25 2.375 532202.635652
7.75 2.375 106440.52713
8.25 2.375 0.0
8.75 2.375 0.0
0.25 2.625 6528352.33067
0.75 2.625 7379876.54771
1.25 2.625 7450836.89913
1.75 2.625 6918634.26348
2.25 2.625 6492872.15496
2.75 2.625 6209030.74927
3.25 2.625 4647903.01803
3.75 2.625 3973779.67954
4.25 2.625 4860784.07229
4.75 2.625 4009259.85525
5.25 2.625 2838414.05681
5.75 2.625 2341691.59687
6.25 2.625 1632088.08267
6.75 2.625 1064405.2713
7.25 2.625 425762.108522
7.75 2.625 70960.3514203
8.25 2.625 0.0
8.75 2.625 0.0
0.25 2.875 6705753.20922
0.75 2.875 5747788.46504
1.25 2.875 5570387.58649
1.75 2.875 5073665.12655
2.25 2.875 5357506.53223
2.75 2.875 5002704.77513
3.25 2.875 4505982.31519
3.75 2.875 3264176.16533
4.25 2.875 3831858.9767
4.75 2.875 2731973.52968
5.25 2.875 2306211.42116
5.75 2.875 1525647.55554
6.25 2.875 1028925.09559
6.75 2.875 816044.041333
7.25 2.875 177400.878551
7.75 2.875 0.0
8.25 2.875 0.0
8.75 2.875 0.0
0.25 3.125 5109145.30226
0.75 3.125 5463947.05936
1.25 3.125 5712308.28933
1.75 3.125 4186660.7338
2.25 3.125 4860784.07229
2.75 3.125 3938299.50383
3.25 3.125 2944854.58394
3.75 3.125 3406096.86817
4.25 3.125 3157735.6382
4.75 3.125 2270731.24545
5.25 3.125 1880449.31264
5.75 3.125 1099885.44701
6.25 3.125 532202.635652
6.75 3.125 390281.932812
7.25 3.125 177400.878551
7.75 3.125 0.0
8.25 3.125 0.0
8.75 3.125 0.0
0.25 3.375 4364061.61235
0.75 3.375 4683383.19374
1.25 3.375 4257621.08522
1.75 3.375 2909374.40823
2.25 3.375 2873894.23252
2.75 3.375 3938299.50383
3.25 3.375 2909374.40823
3.75 3.375 2944854.58394
4.25 3.375 2199770.89403
4.75 3.375 1525647.55554
5.25 3.375 1099885.44701
5.75 3.375 1028925.09559
6.25 3.375 390281.932812
6.75 3.375 177400.878551
7.25 3.375 35480.1757101
7.75 3.375 0.0
8.25 3.375 0.0
8.75 3.375 0.0
0.25 3.625 3973779.67954
0.75 3.625 3299656.34104
1.25 3.625 3512537.3953
1.75 3.625 3548017.57101
2.25 3.625 3228695.98962
2.75 3.625 2554572.65113
3.25 3.625 2731973.52968
3.75 3.625 2590052.82684
4.25 3.625 1880449.31264
4.75 3.625 993444.919884
5.25 3.625 993444.919884
5.75 3.625 957964.744174
6.25 3.625 354801.757101
6.75 3.625 0.0
7.25 3.625 70960.3514203
7.75 3.625 0.0
8.25 3.625 0.0
8.75 3.625 0.0
0.25 3.875 2767453.70539
0.75 3.875 3086775.28678
1.25 3.875 2554572.65113
1.75 3.875 2519092.47542
2.25 3.875 2448132.124
2.75 3.875 2164290.71832
3.25 3.875 2022370.01548
3.75 3.875 1738528.6098
4.25 3.875 1454687.20412
4.75 3.875 1490167.37983
5.25 3.875 745083.689913
5.75 3.875 496722.459942
6.25 3.875 248361.229971
6.75 3.875 212881.054261
7.25 3.875 35480.1757101
7.75 3.875 0.0
8.25 3.875 0.0
8.75 3.875 0.0
0.25 4.125 2199770.89403
0.75 4.125 2554572.65113
1.25 4.125 2412651.94829
1.75 4.125 2093330.3669
2.25 4.125 1561127.73125
2.75 4.125 1561127.73125
3.25 4.125 1525647.55554
3.75 4.125 1312766.50128
4.25 4.125 1170845.79843
4.75 4.125 816044.041333
5.25 4.125 603162.987072
5.75 4.125 319321.581391
6.25 4.125 212881.054261
6.75 4.125 106440.52713
7.25 4.125 0.0
7.75 4.125 0.0
8.25 4.125 0.0
8.75 4.125 0.0
0.25 4.375 1632088.08267
0.75 4.375 1632088.08267
1.25 4.375 2093330.3669
1.75 4.375 1986889.83977
2.25 4.375 1525647.55554
2.75 4.375 1951409.66406
3.25 4.375 1312766.50128
3.75 4.375 1383726.8527
4.25 4.375 922484.568464
4.75 4.375 390281.932812
5.25 4.375 390281.932812
5.75 4.375 283841.405681
6.25 4.375 212881.054261
6.75 4.375 177400.878551
7.25 4.375 0.0
7.75 4.375 0.0
8.25 4.375 0.0
8.75 4.375 0.0
0.25 4.625 1561127.73125
0.75 4.625 1206325.97414
1.25 4.625 1525647.55554
1.75 4.625 2128810.54261
2.25 4.625 1277286.32557
2.75 4.625 922484.568464
3.25 4.625 1312766.50128
3.75 4.625 816044.041333
4.25 4.625 674123.338493
4.75 4.625 212881.054261
5.25 4.625 425762.108522
5.75 4.625 248361.229971
6.25 4.625 248361.229971
6.75 4.625 70960.3514203
7.25 4.625 0.0
7.75 4.625 0.0
8.25 4.625 0.0
8.75 4.625 0.0
0.25 4.875 1383726.8527
0.75 4.875 1206325.97414
1.25 4.875 1454687.20412
1.75 4.875 1170845.79843
2.25 4.875 1383726.8527
2.75 4.875 1206325.97414
3.25 4.875 1099885.44701
3.75 4.875 425762.108522
4.25 4.875 567682.811362
4.75 4.875 425762.108522
5.25 4.875 248361.229971
5.75 4.875 141920.702841
6.25 4.875 141920.702841
6.75 4.875 35480.1757101
7.25 4.875 0.0
7.75 4.875 0.0
8.25 4.875 0.0
8.75 4.875 0.0
0.25 5.125 1206325.97414
0.75 5.125 1064405.2713
1.25 5.125 993444.919884
1.75 5.125 993444.919884
2.25 5.125 1241806.14985
2.75 5.125 674123.338493
3.25 5.125 887004.392754
3.75 5.125 603162.987072
4.25 5.125 603162.987072
4.75 5.125 354801.757101
5.25 5.125 35480.1757101
5.75 5.125 141920.702841
6.25 5.125 35480.1757101
6.75 5.125 0.0
7.25 5.125 0.0
7.75 5.125 0.0
8.25 5.125 0.0
8.75 5.125 0.0
0.25 5.375 1277286.32557
0.75 5.375 674123.338493
1.25 5.375 603162.987072
1.75 5.375 887004.392754
2.25 5.375 957964.744174
2.75 5.375 638643.162783
3.25 5.375 567682.811362
3.75 5.375 425762.108522
4.25 5.375 638643.162783
4.75 5.375 70960.3514203
5.25 5.375 283841.405681
5.75 5.375 70960.3514203
6.25 5.375 106440.52713
6.75 5.375 0.0
7.25 5.375 0.0
7.75 5.375 0.0
8.25 5.375 0.0
8.75 5.375 0.0
0.25 5.625 780563.865623
0.75 5.625 780563.865623
1.25 5.625 674123.338493
1.75 5.625 674123.338493
2.25 5.625 532202.635652
2.75 5.625 816044.041333
3.25 5.625 496722.459942
3.75 5.625 212881.054261
4.25 5.625 354801.757101
4.75 5.625 212881.054261
5.25 5.625 106440.52713
5.75 5.625 35480.1757101
6.25 5.625 0.0
6.75 5.625 35480.1757101
7.25 5.625 0.0
7.75 5.625 0.0
8.25 5.625 0.0
8.75 5.625 0.0
0.25 5.875 461242.284232
0.75 5.875 532202.635652
1.25 5.875 638643.162783
1.75 5.875 461242.284232
2.25 5.875 425762.108522
2.75 5.875 496722.459942
3.25 5.875 319321.581391
3.75 5.875 212881.054261
4.25 5.875 177400.878551
4.75 5.875 70960.3514203
5.25 5.875 70960.3514203
5.75 5.875 70960.3514203
6.25 5.875 0.0
6.75 5.875 0.0
7.25 5.875 0.0
7.75 5.875 0.0
8.25 5.875 0.0
8.75 5.875 0.0
0.25 6.125 496722.459942
0.75 6.125 709603.514203
1.25 6.125 674123.338493
1.75 6.125 248361.229971
2.25 6.125 461242.284232
2.75 6.125 354801.757101
3.25 6.125 390281.932812
3.75 6.125 248361.229971
4.25 6.125 70960.3514203
4.75 6.125 35480.1757101
5.25 6.125 106440.52713
5.75 6.125 35480.1757101
6.25 6.125 0.0
6.75 6.125 0.0
7.25 6.125 0.0
7.75 6.125 0.0
8.25 6.125 0.0
8.75 6.125 0.0
0.25 6.375 674123.338493
0.75 6.375 532202.635652
1.25 6.375 248361.229971
1.75 6.375 532202.635652
2.25 6.375 390281.932812
2.75 6.375 177400.878551
3.25 6.375 283841.405681
3.75 6.375 496722.459942
4.25 6.375 177400.878551
4.75 6.375 141920.702841
5.25 6.375 141920.702841
5.75 6.375 0.0
6.25 6.375 35480.1757101
6.75 6.375 0.0
7.25 6.375 0.0
7.75 6.375 0.0
8.25 6.375 0.0
8.75 6.375 0.0
0.25 6.625 177400.878551
0.75 6.625 567682.811362
1.25 6.625 496722.459942
1.75 6.625 390281.932812
2.25 6.625 212881.054261
2.75 6.625 390281.932812
3.25 6.625 212881.054261
3.75 6.625 106440.52713
4.25 6.625 106440.52713
4.75 6.625 70960.3514203
5.25 6.625 35480.1757101
5.75 6.625 0.0
6.25 6.625 35480.1757101
6.75 6.625 0.0
7.25 6.625 0.0
7.75 6.625 0.0
8.25 6.625 0.0
8.75 6.625 0.0
0.25 6.875 390281.932812
0.75 6.875 496722.459942
1.25 6.875 319321.581391
1.75 6.875 106440.52713
2.25 6.875 177400.878551
2.75 6.875 212881.054261
3.25 6.875 141920.702841
3.75 6.875 177400.878551
4.25 6.875 212881.054261
4.75 6.875 0.0
5.25 6.875 70960.3514203
5.75 6.875 35480.1757101
6.25 6.875 0.0
6.75 6.875 0.0
7.25 6.875 0.0
7.75 6.875 0.0
8.25 6.875 0.0
8.75 6.875 0.0
0.25 7.125 70960.3514203
0.75 7.125 141920.702841
1.25 7.125 283841.405681
1.75 7.125 354801.757101
2.25 7.125 212881.054261
2.75 7.125 319321.581391
3.25 7.125 461242.284232
3.75 7.125 141920.702841
4.25 7.125 106440.52713
4.75 7.125 0.0
5.25 7.125 35480.1757101
5.75 7.125 0.0
6.25 7.125 35480.1757101
6.75 7.125 0.0
7.25 7.125 0.0
7.75 7.125 0.0
8.25 7.125 0.0
8.75 7.125 0.0
0.25 7.375 106440.52713
0.75 7.375 248361.229971
1.25 7.375 248361.229971
1.75 7.375 354801.757101
2.25 7.375 283841.405681
2.75 7.375 106440.52713
3.25 7.375 106440.52713
3.75 7.375 106440.52713
4.25 7.375 70960.3514203
4.75 7.375 106440.52713
5.25 7.375 0.0
5.75 7.375 35480.1757101
6.25 7.375 35480.1757101
6.75 7.375 0.0
7.25 7.375 0.0
7.75 7.375 0.0
8.25 7.375 0.0
8.75 7.375 0.0
0.25 7.625 106440.52713
0.75 7.625 390281.932812
1.25 7.625 212881.054261
1.75 7.625 283841.405681
2.25 7.625 212881.054261
2.75 7.625 106440.52713
3.25 7.625 35480.1757101
3.75 7.625 0.0
4.25 7.625 0.0
4.75 7.625 70960.3514203
5.25 7.625 0.0
5.75 7.625 35480.1757101
6.25 7.625 0.0
6.75 7.625 0.0
7.25 7.625 0.0
7.75 7.625 0.0
8.25 7.625 0.0
8.75 7.625 0.0
0.25 7.875 248361.229971
0.75 7.875 141920.702841
1.25 7.875 248361.229971
1.75 7.875 248361.229971
2.25 7.875 248361.229971
2.75 7.875 212881.054261
3.25 7.875 141920.702841
3.75 7.875 141920.702841
4.25 7.875 35480.1757101
4.75 7.875 0.0
5.25 7.875 35480.1757101
5.75 7.875 35480.1757101
6.25 7.875 35480.1757101
6.75 7.875 0.0
7.25 7.875 0.0
7.75 7.875 0.0
8.25 7.875 0.0
8.75 7.875 0.0
0.25 8.125 177400.878551
0.75 8.125 212881.054261
1.25 8.125 106440.52713
1.75 8.125 141920.702841
2.25 8.125 106440.52713
2.75 8.125 106440.52713
3.25 8.125 141920.702841
3.75 8.125 35480.1757101
4.25 8.125 35480.1757101
4.75 8.125 70960.3514203
5.25 8.125 0.0
5.75 8.125 0.0
6.25 8.125 0.0
6.75 8.125 0.0
7.25 8.125 0.0
7.75 8.125 0.0
8.25 8.125 0.0
8.75 8.125 0.0
0.25 8.375 70960.3514203
0.75 8.375 141920.702841
1.25 8.375 141920.702841
1.75 8.375 106440.52713
2.25 8.375 141920.702841
2.75 8.375 283841.405681
3.25 8.375 141920.702841
3.75 8.375 177400.878551
4.25 8.375 35480.1757101
4.75 8.375 0.0
5.25 8.375 0.0
5.75 8.375 0.0
6.25 8.375 0.0
6.75 8.375 0.0
7.25 8.375 0.0
7.75 8.375 0.0
8.25 8.375 0.0
8.75 8.375 0.0
0.25 8.625 70960.3514203
0.75 8.625 177400.878551
1.25 8.625 141920.702841
1.75 8.625 177400.878551
2.25 8.625 106440.52713
2.75 8.625 177400.878551
3.25 8.625 106440.52713
3.75 8.625 35480.1757101
4.25 8.625 106440.52713
4.75 8.625 35480.1757101
5.25 8.625 0.0
5.75 8.625 35480.1757101
6.25 8.625 0.0
6.75 8.625 0.0
7.25 8.625 0.0
7.75 8.625 0.0
8.25 8.625 0.0
8.75 8.625 0.0
0.25 8.875 106440.52713
0.75 8.875 70960.3514203
1.25 8.875 177400.878551
1.75 8.875 106440.52713
2.25 8.875 35480.1757101
2.75 8.875 35480.1757101
3.25 8.875 70960.3514203
3.75 8.875 106440.52713
4.25 8.875 35480.1757101
4.75 8.875 0.0
5.25 8.875 0.0
5.75 8.875 0.0
6.25 8.875 0.0
6.75 8.875 0.0
7.25 8.875 0.0
7.75 8.875 0.0
8.25 8.875 0.0
8.75 8.875 0.0
0.25 9.125 248361.229971
0.75 9.125 106440.52713
1.25 9.125 106440.52713
1.75 9.125 35480.1757101
2.25 9.125 141920.702841
2.75 9.125 70960.3514203
3.25 9.125 35480.1757101
3.75 9.125 141920.702841
4.25 9.125 0.0
4.75 9.125 0.0
5.25 9.125 35480.1757101
5.75 9.125 0.0
6.25 9.125 0.0
6.75 9.125 0.0
7.25 9.125 0.0
7.75 9.125 0.0
8.25 9.125 0.0
8.75 9.125 0.0
0.25 9.375 0.0
0.75 9.375 106440.52713
1.25 9.375 70960.3514203
1.75 9.375 35480.1757101
2.25 9.375 70960.3514203
2.75 9.375 70960.3514203
3.25 9.375 35480.1757101
3.75 9.375 70960.3514203
4.25 9.375 35480.1757101
4.75 9.375 35480.1757101
5.25 9.375 0.0
5.75 9.375 0.0
6.25 9.375 0.0
6.75 9.375 0.0
7.25 9.375 0.0
7.75 9.375 0.0
8.25 9.375 0.0
8.75 9.375 0.0
0.25 9.625 106440.52713
0.75 9.625 70960.3514203
1.25 9.625 141920.702841
1.75 9.625 35480.1757101
2.25 9.625 0.0
2.75 9.625 35480.1757101
3.25 9.625 35480.1757101
3.75 9.625 70960.3514203
4.25 9.625 35480.1757101
4.75 9.625 35480.1757101
5.25 9.625 35480.1757101
5.75 9.625 0.0
6.25 9.625 0.0
6.75 9.625 0.0
7.25 9.625 0.0
7.75 9.625 0.0
8.25 9.625 0.0
8.75 9.625 0.0
0.25 9.875 141920.702841
0.75 9.875 177400.878551
1.25 9.875 35480.1757101
1.75 9.875 70960.3514203
2.25 9.875 0.0
2.75 9.875 35480.1757101
3.25 9.875 70960.3514203
3.75 9.875 0.0
4.25 9.875 0.0
4.75 9.875 0.0
5.25 9.875 0.0
5.75 9.875 0.0
6.25 9.875 0.0
6.75 9.875 0.0
7.25 9.875 0.0
7.75 9.875 0.0
8.25 9.875 0.0
8.75 9.875 0.0
0.25 10.125 35480.1757101
0.75 10.125 70960.3514203
1.25 10.125 35480.1757101
1.75 10.125 141920.702841
2.25 10.125 35480.1757101
2.75 10.125 0.0
3.25 10.125 35480.1757101
3.75 10.125 35480.1757101
4.25 10.125 0.0
4.75 10.125 0.0
5.25 10.125 0.0
5.75 10.125 0.0
6.25 10.125 0.0
6.75 10.125 0.0
7.25 10.125 0.0
7.75 10.125 0.0
8.25 10.125 0.0
8.75 10.125 0.0
0.25 10.375 0.0
0.75 10.375 70960.3514203
1.25 10.375 35480.1757101
1.75 10.375 0.0
2.25 10.375 35480.1757101
2.75 10.375 70960.3514203
3.25 10.375 106440.52713
3.75 10.375 35480.1757101
4.25 10.375 0.0
4.75 10.375 0.0
5.25 10.375 0.0
5.75 10.375 0.0
6.25 10.375 0.0
6.75 10.375 0.0
7.25 10.375 0.0
7.75 10.375 0.0
8.25 10.375 0.0
8.75 10.375 0.0
0.25 10.625 0.0
0.75 10.625 35480.1757101
1.25 10.625 70960.3514203
1.75 10.625 106440.52713
2.25 10.625 35480.1757101
2.75 10.625 70960.3514203
3.25 10.625 70960.3514203
3.75 10.625 35480.1757101
4.25 10.625 0.0
4.75 10.625 0.0
5.25 10.625 0.0
5.75 10.625 0.0
6.25 10.625 0.0
6.75 10.625 0.0
7.25 10.625 0.0
7.75 10.625 0.0
8.25 10.625 0.0
8.75 10.625 0.0
0.25 10.875 35480.1757101
0.75 10.875 70960.3514203
1.25 10.875 35480.1757101
1.75 10.875 0.0
2.25 10.875 70960.3514203
2.75 10.875 0.0
3.25 10.875 35480.1757101
3.75 10.875 0.0
4.25 10.875 0.0
4.75 10.875 0.0
5.25 10.875 0.0
5.75 10.875 0.0
6.25 10.875 0.0
6.75 10.875 0.0
7.25 10.875 0.0
7.75 10.875 0.0
8.25 10.875 0.0
8.75 10.875 0.0
0.25 11.125 70960.3514203
0.75 11.125 0.0
1.25 11.125 35480.1757101
1.75 11.125 35480.1757101
2.25 11.125 35480.1757101
2.75 11.125 35480.1757101
3.25 11.125 106440.52713
3.75 11.125 0.0
4.25 11.125 35480.1757101
4.75 11.125 0.0
5.25 11.125 0.0
5.75 11.125 0.0
6.25 11.125 0.0
6.75 11.125 0.0
7.25 11.125 0.0
7.75 11.125 0.0
8.25 11.125 0.0
8.75 11.125 0.0
0.25 11.375 35480.1757101
0.75 11.375 0.0
1.25 11.375 35480.1757101
1.75 11.375 70960.3514203
2.25 11.375 35480.1757101
2.75 11.375 70960.3514203
3.25 11.375 35480.1757101
3.75 11.375 0.0
4.25 11.375 0.0
4.75 11.375 0.0
5.25 11.375 0.0
5.75 11.375 0.0
6.25 11.375 0.0
6.75 11.375 0.0
7.25 11.375 0.0
7.75 11.375 0.0
8.25 11.375 0.0
8.75 11.375 0.0
0.25 11.625 0.0
0.75 11.625 0.0
1.25 11.625 0.0
1.75 11.625 0.0
2.25 11.625 70960.3514203
2.75 11.625 35480.1757101
3.25 11.625 0.0
3.75 11.625 0.0
4.25 11.625 0.0
4.75 11.625 0.0
5.25 11.625 0.0
5.75 11.625 0.0
6.25 11.625 0.0
6.75 11.625 0.0
7.25 11.625 0.0
7.75 11.625 0.0
8.25 11.625 0.0
8.75 11.625 0.0
0.25 11.875 0.0
0.75 11.875 0.0
1.25 11.875 35480.1757101
1.75 11.875 35480.1757101
2.25 11.875 0.0
2.75 11.875 0.0
3.25 11.875 0.0
3.75 11.875 0.0
4.25 11.875 0.0
4.75 11.875 0.0
5.25 11.875 0.0
5.75 11.875 0.0
6.25 11.875 0.0
6.75 11.875 0.0
7.25 11.875 0.0
7.75 11.875 0.0
8.25 11.875 0.0
8.75 11.875 0.0
0.25 12.125 0.0
0.75 12.125 0.0
1.25 12.125 35480.1757101
1.75 12.125 0.0
2.25 12.125 0.0
2.75 12.125 35480.1757101
3.25 12.125 0.0
3.75 12.125 0.0
4.25 12.125 0.0
4.75 12.125 0.0
5.25 12.125 35480.1757101
5.75 12.125 0.0
6.25 12.125 0.0
6.75 12.125 0.0
7.25 12.125 0.0
7.75 12.125 0.0
8.25 12.125 0.0
8.75 12.125 0.0
0.25 12.375 0.0
0.75 12.375 0.0
1.25 12.375 35480.1757101
1.75 12.375 35480.1757101
2.25 12.375 70960.3514203
2.75 12.375 0.0
3.25 12.375 0.0
3.75 12.375 0.0
4.25 12.375 35480.1757101
4.75 12.375 0.0
5.25 12.375 0.0
5.75 12.375 0.0
6.25 12.375 0.0
6.75 12.375 0.0
7.25 12.375 0.0
7.75 12.375 0.0
8.25 12.375 0.0
8.75 12.375 0.0
0.25 12.625 35480.1757101
0.75 12.625 35480.1757101
1.25 12.625 0.0
1.75 12.625 0.0
2.25 12.625 0.0
2.75 12.625 35480.1757101
3.25 12.625 0.0
3.75 12.625 0.0
4.25 12.625 0.0
4.75 12.625 0.0
5.25 12.625 0.0
5.75 12.625 0.0
6.25 12.625 0.0
6.75 12.625 0.0
7.25 12.625 0.0
7.75 12.625 0.0
8.25 12.625 0.0
8.75 12.625 0.0
0.25 12.875 0.0
0.75 12.875 0.0
1.25 12.875 35480.1757101
1.75 12.875 0.0
2.25 12.875 0.0
2.75 12.875 0.0
3.25 12.875 0.0
3.75 12.875 0.0
4.25 12.875 0.0
4.75 12.875 0.0
5.25 12.875 0.0
5.75 12.875 0.0
6.25 12.875 0.0
6.75 12.875 0.0
7.25 12.875 0.0
7.75 12.875 0.0
8.25 12.875 0.0
8.75 12.875 0.0
0.25 13.125 0.0
0.75 13.125 35480.1757101
1.25 13.125 35480.1757101
1.75 13.125 70960.3514203
2.25 13.125 0.0
2.75 13.125 0.0
3.25 13.125 0.0
3.75 13.125 0.0
4.25 13.125 0.0
4.75 13.125 0.0
5.25 13.125 0.0
5.75 13.125 0.0
6.25 13.125 0.0
6.75 13.125 0.0
7.25 13.125 0.0
7.75 13.125 0.0
8.25 13.125 0.0
8.75 13.125 0.0
0.25 13.375 70960.3514203
0.75 13.375 0.0
1.25 13.375 70960.3514203
1.75 13.375 35480.1757101
2.25 13.375 0.0
2.75 13.375 0.0
3.25 13.375 35480.1757101
3.75 13.375 0.0
4.25 13.375 0.0
4.75 13.375 0.0
5.25 13.375 0.0
5.75 13.375 0.0
6.25 13.375 0.0
6.75 13.375 0.0
7.25 13.375 0.0
7.75 13.375 0.0
8.25 13.375 0.0
8.75 13.375 0.0
0.25 13.625 0.0
0.75 13.625 0.0
1.25 13.625 0.0
1.75 13.625 35480.1757101
2.25 13.625 0.0
2.75 13.625 0.0
3.25 13.625 0.0
3.75 13.625 0.0
4.25 13.625 0.0
4.75 13.625 0.0
5.25 13.625 0.0
5.75 13.625 0.0
6.25 13.625 0.0
6.75 13.625 0.0
7.25 13.625 0.0
7.75 13.625 0.0
8.25 13.625 0.0
8.75 13.625 0.0
0.25 13.875 35480.1757101
0.75 13.875 0.0
1.25 13.875 0.0
1.75 13.875 0.0
2.25 13.875 70960.3514203
2.75 13.875 0.0
3.25 13.875 0.0
3.75 13.875 0.0
4.25 13.875 0.0
4.75 13.875 0.0
5.25 13.875 0.0
5.75 13.875 0.0
6.25 13.875 0.0
6.75 13.875 0.0
7.25 13.875 0.0
7.75 13.875 0.0
8.25 13.875 0.0
8.75 13.875 0.0
0.25 14.125 35480.1757101
0.75 14.125 0.0
1.25 14.125 35480.1757101
1.75 14.125 35480.1757101
2.25 14.125 35480.1757101
2.75 14.125 0.0
3.25 14.125 0.0
3.75 14.125 0.0
4.25 14.125 0.0
4.75 14.125 0.0
5.25 14.125 0.0
5.75 14.125 0.0
6.25 14.125 0.0
6.75 14.125 0.0
7.25 14.125 0.0
7.75 14.125 0.0
8.25 14.125 0.0
8.75 14.125 0.0
0.25 14.375 35480.1757101
0.75 14.375 0.0
1.25 14.375 0.0
1.75 14.375 0.0
2.25 14.375 0.0
2.75 14.375 0.0
3.25 14.375 0.0
3.75 14.375 0.0
4.25 14.375 0.0
4.75 14.375 0.0
5.25 14.375 0.0
5.75 14.375 0.0
6.25 14.375 0.0
6.75 14.375 0.0
7.25 14.375 0.0
7.75 14.375 0.0
8.25 14.375 0.0
8.75 14.375 0.0
0.25 14.625 35480.1757101
0.75 14.625 35480.1757101
1.25 14.625 0.0
1.75 14.625 0.0
2.25 14.625 0.0
2.75 14.625 0.0
3.25 14.625 0.0
3.75 14.625 0.0
4.25 14.625 0.0
4.75 14.625 0.0
5.25 14.625 0.0
5.75 14.625 0.0
6.25 14.625 0.0
6.75 14.625 0.0
7.25 14.625 0.0
7.75 14.625 0.0
8.25 14.625 0.0
8.75 14.625 0.0
0.25 14.875 0.0
0.75 14.875 0.0
1.25 14.875 0.0
1.75 14.875 0.0
2.25 14.875 0.0
2.75 14.875 0.0
3.25 14.875 0.0
3.75 14.875 0.0
4.25 14.875 0.0
4.75 14.875 35480.1757101
5.25 14.875 0.0
5.75 14.875 0.0
6.25 14.875 0.0
6.75 14.875 0.0
7.25 14.875 0.0
7.75 14.875 0.0
8.25 14.875 0.0
8.75 14.875 0.0
0.25 15.125 0.0
0.75 15.125 0.0
1.25 15.125 35480.1757101
1.75 15.125 0.0
2.25 15.125 0.0
2.75 15.125 0.0
3.25 15.125 0.0
3.75 15.125 0.0
4.25 15.125 0.0
4.75 15.125 0.0
5.25 15.125 0.0
5.75 15.125 0.0
6.25 15.125 0.0
6.75 15.125 0.0
7.25 15.125 0.0
7.75 15.125 0.0
8.25 15.125 0.0
8.75 15.125 0.0
0.25 15.375 0.0
0.75 15.375 0.0
1.25 15.375 35480.1757101
1.75 15.375 0.0
2.25 15.375 0.0
2.75 15.375 35480.1757101
3.25 15.375 0.0
3.75 15.375 0.0
4.25 15.375 0.0
4.75 15.375 0.0
5.25 15.375 0.0
5.75 15.375 0.0
6.25 15.375 0.0
6.75 15.375 0.0
7.25 15.375 0.0
7.75 15.375 0.0
8.25 15.375 0.0
8.75 15.375 0.0
0.25 15.625 0.0
0.75 15.625 0.0
1.25 15.625 0.0
1.75 15.625 0.0
2.25 15.625 0.0
2.75 15.625 0.0
3.25 15.625 0.0
3.75 15.625 0.0
4.25 15.625 0.0
4.75 15.625 0.0
5.25 15.625 0.0
5.75 15.625 0.0
6.25 15.625 0.0
6.75 15.625 0.0
7.25 15.625 0.0
7.75 15.625 0.0
8.25 15.625 0.0
8.75 15.625 0.0
0.25 15.875 0.0
0.75 15.875 0.0
1.25 15.875 0.0
1.75 15.875 35480.1757101
2.25 15.875 0.0
2.75 15.875 35480.1757101
3.25 15.875 35480.1757101
3.75 15.875 0.0
4.25 15.875 0.0
4.75 15.875 35480.1757101
5.25 15.875 0.0
5.75 15.875 0.0
6.25 15.875 0.0
6.75 15.875 0.0
7.25 15.875 0.0
7.75 15.875 0.0
8.25 15.875 0.0
8.75 15.875 0.0
0.25 16.125 0.0
0.75 16.125 0.0
1.25 16.125 35480.1757101
1.75 16.125 0.0
2.25 16.125 35480.1757101
2.75 16.125 0.0
3.25 16.125 0.0
3.75 16.125 0.0
4.25 16.125 0.0
4.75 16.125 0.0
5.25 16.125 0.0
5.75 16.125 0.0
6.25 16.125 0.0
6.75 16.125 0.0
7.25 16.125 0.0
7.75 16.125 0.0
8.25 16.125 0.0
8.75 16.125 0.0
0.25 16.375 0.0
0.75 16.375 0.0
1.25 16.375 0.0
1.75 16.375 35480.1757101
2.25 16.375 0.0
2.75 16.375 35480.1757101
3.25 16.375 0.0
3.75 16.375 0.0
4.25 16.375 0.0
4.75 16.375 0.0
5.25 16.375 0.0
5.75 16.375 0.0
6.25 16.375 0.0
6.75 16.375 0.0
7.25 16.375 0.0
7.75 16.375 0.0
8.25 16.375 0.0
8.75 16.375 0.0
0.25 16.625 0.0
0.75 16.625 0.0
1.25 16.625 0.0
1.75 16.625 0.0
2.25 16.625 0.0
2.75 16.625 0.0
3.25 16.625 0.0
3.75 16.625 0.0
4.25 16.625 0.0
4.75 16.625 0.0
5.25 16.625 0.0
5.75 16.625 0.0
6.25 16.625 0.0
6.75 16.625 0.0
7.25 16.625 0.0
7.75 16.625 0.0
8.25 16.625 0.0
8.75 16.625 0.0
0.25 16.875 0.0
0.75 16.875 0.0
1.25 16.875 35480.1757101
1.75 16.875 0.0
2.25 16.875 70960.3514203
2.75 16.875 0.0
3.25 16.875 0.0
3.75 16.875 0.0
4.25 16.875 0.0
4.75 16.875 0.0
5.25 16.875 0.0
5.75 16.875 0.0
6.25 16.875 0.0
6.75 16.875 0.0
7.25 16.875 0.0
7.75 16.875 0.0
8.25 16.875 0.0
8.75 16.875 0.0
0.25 17.125 35480.1757101
0.75 17.125 0.0
1.25 17.125 0.0
1.75 17.125 0.0
2.25 17.125 0.0
2.75 17.125 0.0
3.25 17.125 0.0
3.75 17.125 0.0
4.25 17.125 0.0
4.75 17.125 0.0
5.25 17.125 0.0
5.75 17.125 0.0
6.25 17.125 0.0
6.75 17.125 0.0
7.25 17.125 0.0
7.75 17.125 0.0
8.25 17.125 0.0
8.75 17.125 0.0
0.25 17.375 0.0
0.75 17.375 0.0
1.25 17.375 0.0
1.75 17.375 0.0
2.25 17.375 0.0
2.75 17.375 0.0
3.25 17.375 0.0
3.75 17.375 0.0
4.25 17.375 0.0
4.75 17.375 0.0
5.25 17.375 0.0
5.75 17.375 0.0
6.25 17.375 0.0
6.75 17.375 0.0
7.25 17.375 0.0
7.75 17.375 0.0
8.25 17.375 0.0
8.75 17.375 0.0
0.25 17.625 0.0
0.75 17.625 0.0
1.25 17.625 0.0
1.75 17.625 0.0
2.25 17.625 0.0
2.75 17.625 0.0
3.25 17.625 0.0
3.75 17.625 0.0
4.25 17.625 0.0
4.75 17.625 0.0
5.25 17.625 0.0
5.75 17.625 0.0
6.25 17.625 0.0
6.75 17.625 0.0
7.25 17.625 0.0
7.75 17.625 0.0
8.25 17.625 0.0
8.75 17.625 0.0
0.25 17.875 0.0
0.75 17.875 0.0
1.25 17.875 0.0
1.75 17.875 0.0
2.25 17.875 35480.1757101
2.75 17.875 0.0
3.25 17.875 0.0
3.75 17.875 0.0
4.25 17.875 0.0
4.75 17.875 0.0
5.25 17.875 0.0
5.75 17.875 0.0
6.25 17.875 0.0
6.75 17.875 0.0
7.25 17.875 0.0
7.75 17.875 0.0
8.25 17.875 0.0
8.75 17.875 0.0
0.25 18.125 35480.1757101
0.75 18.125 0.0
1.25 18.125 0.0
1.75 18.125 0.0
2.25 18.125 0.0
2.75 18.125 0.0
3.25 18.125 0.0
3.75 18.125 0.0
4.25 18.125 0.0
4.75 18.125 0.0
5.25 18.125 0.0
5.75 18.125 0.0
6.25 18.125 0.0
6.75 18.125 0.0
7.25 18.125 0.0
7.75 18.125 0.0
8.25 18.125 0.0
8.75 18.125 0.0
0.25 18.375 0.0
0.75 18.375 0.0
1.25 18.375 0.0
1.75 18.375 0.0
2.25 18.375 0.0
2.75 18.375 0.0
3.25 18.375 0.0
3.75 18.375 0.0
4.25 18.375 0.0
4.75 18.375 0.0
5.25 18.375 0.0
5.75 18.375 0.0
6.25 18.375 0.0
6.75 18.375 0.0
7.25 18.375 0.0
7.75 18.375 0.0
8.25 18.375 0.0
8.75 18.375 0.0
0.25 18.625 0.0
0.75 18.625 0.0
1.25 18.625 0.0
1.75 18.625 0.0
2.25 18.625 0.0
2.75 18.625 0.0
3.25 18.625 0.0
3.75 18.625 0.0
4.25 18.625 0.0
4.75 18.625 0.0
5.25 18.625 0.0
5.75 18.625 0.0
6.25 18.625 0.0
6.75 18.625 0.0
7.25 18.625 0.0
7.75 18.625 0.0
8.25 18.625 0.0
8.75 18.625 0.0
0.25 18.875 0.0
0.75 18.875 0.0
1.25 18.875 0.0
1.75 18.875 0.0
2.25 18.875 0.0
2.75 18.875 0.0
3.25 18.875 0.0
3.75 18.875 35480.1757101
4.25 18.875 0.0
4.75 18.875 0.0
5.25 18.875 0.0
5.75 18.875 0.0
6.25 18.875 0.0
6.75 18.875 0.0
7.25 18.875 0.0
7.75 18.875 0.0
8.25 18.875 0.0
8.75 18.875 0.0
0.25 19.125 0.0
0.75 19.125 0.0
1.25 19.125 0.0
1.75 19.125 35480.1757101
2.25 19.125 0.0
2.75 19.125 0.0
3.25 19.125 0.0
3.75 19.125 0.0
4.25 19.125 0.0
4.75 19.125 0.0
5.25 19.125 0.0
5.75 19.125 0.0
6.25 19.125 0.0
6.75 19.125 0.0
7.25 19.125 0.0
7.75 19.125 0.0
8.25 19.125 0.0
8.75 19.125 0.0
0.25 19.375 0.0
0.75 19.375 0.0
1.25 19.375 0.0
1.75 19.375 0.0
2.25 19.375 0.0
2.75 19.375 0.0
3.25 19.375 0.0
3.75 19.375 0.0
4.25 19.375 0.0
4.75 19.375 0.0
5.25 19.375 0.0
5.75 19.375 0.0
6.25 19.375 0.0
6.75 19.375 0.0
7.25 19.375 0.0
7.75 19.375 0.0
8.25 19.375 0.0
8.75 19.375 0.0
0.25 19.625 0.0
0.75 19.625 0.0
1.25 19.625 0.0
1.75 19.625 0.0
2.25 19.625 0.0
2.75 19.625 0.0
3.25 19.625 0.0
3.75 19.625 0.0
4.25 19.625 0.0
4.75 19.625 0.0
5.25 19.625 0.0
5.75 19.625 0.0
6.25 19.625 0.0
6.75 19.625 0.0
7.25 19.625 0.0
7.75 19.625 0.0
8.25 19.625 0.0
8.75 19.625 0.0
0.25 19.875 0.0
0.75 19.875 0.0
1.25 19.875 0.0
1.75 19.875 0.0
2.25 19.875 0.0
2.75 19.875 0.0
3.25 19.875 0.0
3.75 19.875 0.0
4.25 19.875 0.0
4.75 19.875 0.0
5.25 19.875 0.0
5.75 19.875 0.0
6.25 19.875 0.0
6.75 19.875 0.0
7.25 19.875 0.0
7.75 19.875 0.0
8.25 19.875 0.0
8.75 19.875 0.0
0.25 20.125 0.0
0.75 20.125 0.0
1.25 20.125 0.0
1.75 20.125 0.0
2.25 20.125 0.0
2.75 20.125 0.0
3.25 20.125 0.0
3.75 20.125 0.0
4.25 20.125 0.0
4.75 20.125 0.0
5.25 20.125 0.0
5.75 20.125 0.0
6.25 20.125 0.0
6.75 20.125 0.0
7.25 20.125 0.0
7.75 20.125 0.0
8.25 20.125 0.0
8.75 20.125 0.0
0.25 20.375 0.0
0.75 20.375 0.0
1.25 20.375 0.0
1.75 20.375 0.0
2.25 20.375 0.0
2.75 20.375 0.0
3.25 20.375 0.0
3.75 20.375 0.0
4.25 20.375 0.0
4.75 20.375 0.0
5.25 20.375 0.0
5.75 20.375 0.0
6.25 20.375 0.0
6.75 20.375 0.0
7.25 20.375 0.0
7.75 20.375 0.0
8.25 20.375 0.0
8.75 20.375 0.0
0.25 20.625 0.0
0.75 20.625 0.0
1.25 20.625 0.0
1.75 20.625 0.0
2.25 20.625 35480.1757101
2.75 20.625 0.0
3.25 20.625 0.0
3.75 20.625 0.0
4.25 20.625 0.0
4.75 20.625 0.0
5.25 20.625 0.0
5.75 20.625 0.0
6.25 20.625 0.0
6.75 20.625 0.0
7.25 20.625 0.0
7.75 20.625 0.0
8.25 20.625 0.0
8.75 20.625 0.0
0.25 20.875 0.0
0.75 20.875 0.0
1.25 20.875 0.0
1.75 20.875 0.0
2.25 20.875 0.0
2.75 20.875 35480.1757101
3.25 20.875 0.0
3.75 20.875 0.0
4.25 20.875 0.0
4.75 20.875 0.0
5.25 20.875 0.0
5.75 20.875 0.0
6.25 20.875 0.0
6.75 20.875 0.0
7.25 20.875 0.0
7.75 20.875 0.0
8.25 20.875 0.0
8.75 20.875 0.0
0.25 21.125 0.0
0.75 21.125 0.0
1.25 21.125 0.0
1.75 21.125 0.0
2.25 21.125 0.0
2.75 21.125 0.0
3.25 21.125 0.0
3.75 21.125 0.0
4.25 21.125 0.0
4.75 21.125 0.0
5.25 21.125 0.0
5.75 21.125 0.0
6.25 21.125 0.0
6.75 21.125 0.0
7.25 21.125 0.0
7.75 21.125 0.0
8.25 21.125 0.0
8.75 21.125 0.0
0.25 21.375 0.0
0.75 21.375 0.0
1.25 21.375 0.0
1.75 21.375 0.0
2.25 21.375 0.0
2.75 21.375 0.0
3.25 21.375 0.0
3.75 21.375 0.0
4.25 21.375 0.0
4.75 21.375 0.0
5.25 21.375 0.0
5.75 21.375 0.0
6.25 21.375 0.0
6.75 21.375 0.0
7.25 21.375 0.0
7.75 21.375 0.0
8.25 21.375 0.0
8.75 21.375 0.0
0.25 21.625 0.0
0.75 21.625 35480.1757101
1.25 21.625 35480.1757101
1.75 21.625 0.0
2.25 21.625 0.0
2.75 21.625 0.0
3.25 21.625 0.0
3.75 21.625 0.0
4.25 21.625 0.0
4.75 21.625 0.0
5.25 21.625 0.0
5.75 21.625 0.0
6.25 21.625 0.0
6.75 21.625 0.0
7.25 21.625 0.0
7.75 21.625 0.0
8.25 21.625 0.0
8.75 21.625 0.0
0.25 21.875 0.0
0.75 21.875 0.0
1.25 21.875 0.0
1.75 21.875 0.0
2.25 21.875 0.0
2.75 21.875 0.0
3.25 21.875 0.0
3.75 21.875 0.0
4.25 21.875 0.0
4.75 21.875 0.0
5.25 21.875 0.0
5.75 21.875 0.0
6.25 21.875 0.0
6.75 21.875 0.0
7.25 21.875 0.0
7.75 21.875 0.0
8.25 21.875 0.0
8.75 21.875 0.0
0.25 22.125 0.0
0.75 22.125 35480.1757101
1.25 22.125 0.0
1.75 22.125 0.0
2.25 22.125 0.0
2.75 22.125 0.0
3.25 22.125 0.0
3.75 22.125 0.0
4.25 22.125 0.0
4.75 22.125 0.0
5.25 22.125 0.0
5.75 22.125 0.0
6.25 22.125 0.0
6.75 22.125 0.0
7.25 22.125 0.0
7.75 22.125 0.0
8.25 22.125 0.0
8.75 22.125 0.0
0.25 22.375 0.0
0.75 22.375 0.0
1.25 22.375 0.0
1.75 22.375 0.0
2.25 22.375 0.0
2.75 22.375 0.0
3.25 22.375 0.0
3.75 22.375 0.0
4.25 22.375 0.0
4.75 22.375 0.0
5.25 22.375 0.0
5.75 22.375 0.0
6.25 22.375 0.0
6.75 22.375 0.0
7.25 22.375 0.0
7.75 22.375 0.0
8.25 22.375 0.0
8.75 22.375 0.0
0.25 22.625 0.0
0.75 22.625 0.0
1.25 22.625 0.0
1.75 22.625 0.0
2.25 22.625 0.0
2.75 22.625 0.0
3.25 22.625 0.0
3.75 22.625 0.0
4.25 22.625 0.0
4.75 22.625 0.0
5.25 22.625 0.0
5.75 22.625 0.0
6.25 22.625 0.0
6.75 22.625 0.0
7.25 22.625 0.0
7.75 22.625 0.0
8.25 22.625 0.0
8.75 22.625 0.0
0.25 22.875 0.0
0.75 22.875 0.0
1.25 22.875 0.0
1.75 22.875 0.0
2.25 22.875 35480.1757101
2.75 22.875 0.0
3.25 22.875 0.0
3.75 22.875 0.0
4.25 22.875 0.0
4.75 22.875 0.0
5.25 22.875 0.0
5.75 22.875 0.0
6.25 22.875 0.0
6.75 22.875 0.0
7.25 22.875 0.0
7.75 22.875 0.0
8.25 22.875 0.0
8.75 22.875 0.0
0.25 23.125 0.0
0.75 23.125 0.0
1.25 23.125 0.0
1.75 23.125 0.0
2.25 23.125 0.0
2.75 23.125 0.0
3.25 23.125 0.0
3.75 23.125 0.0
4.25 23.125 0.0
4.75 23.125 0.0
5.25 23.125 0.0
5.75 23.125 0.0
6.25 23.125 0.0
6.75 23.125 0.0
7.25 23.125 0.0
7.75 23.125 0.0
8.25 23.125 0.0
8.75 23.125 0.0
0.25 23.375 0.0
0.75 23.375 35480.1757101
1.25 23.375 0.0
1.75 23.375 0.0
2.25 23.375 0.0
2.75 23.375 0.0
3.25 23.375 0.0
3.75 23.375 0.0
4.25 23.375 0.0
4.75 23.375 0.0
5.25 23.375 0.0
5.75 23.375 0.0
6.25 23.375 0.0
6.75 23.375 0.0
7.25 23.375 0.0
7.75 23.375 0.0
8.25 23.375 0.0
8.75 23.375 0.0
0.25 23.625 0.0
0.75 23.625 0.0
1.25 23.625 0.0
1.75 23.625 0.0
2.25 23.625 0.0
2.75 23.625 0.0
3.25 23.625 0.0
3.75 23.625 0.0
4.25 23.625 0.0
4.75 23.625 0.0
5.25 23.625 0.0
5.75 23.625 0.0
6.25 23.625 0.0
6.75 23.625 0.0
7.25 23.625 0.0
7.75 23.625 0.0
8.25 23.625 0.0
8.75 23.625 0.0
0.25 23.875 0.0
0.75 23.875 35480.1757101
1.25 23.875 0.0
1.75 23.875 0.0
2.25 23.875 0.0
2.75 23.875 0.0
3.25 23.875 0.0
3.75 23.875 0.0
4.25 23.875 0.0
4.75 23.875 0.0
5.25 23.875 0.0
5.75 23.875 0.0
6.25 23.875 0.0
6.75 23.875 0.0
7.25 23.875 0.0
7.75 23.875 0.0
8.25 23.875 0.0
8.75 23.875 0.0
0.25 24.125 0.0
0.75 24.125 0.0
1.25 24.125 35480.1757101
1.75 24.125 0.0
2.25 24.125 0.0
2.75 24.125 0.0
3.25 24.125 0.0
3.75 24.125 0.0
4.25 24.125 0.0
4.75 24.125 0.0
5.25 24.125 0.0
5.75 24.125 0.0
6.25 24.125 0.0
6.75 24.125 0.0
7.25 24.125 0.0
7.75 24.125 0.0
8.25 24.125 0.0
8.75 24.125 0.0
0.25 24.375 0.0
0.75 24.375 0.0
1.25 24.375 0.0
1.75 24.375 0.0
2.25 24.375 0.0
2.75 24.375 0.0
3.25 24.375 0.0
3.75 24.375 0.0
4.25 24.375 0.0
4.75 24.375 0.0
5.25 24.375 0.0
5.75 24.375 0.0
6.25 24.375 0.0
6.75 24.375 0.0
7.25 24.375 0.0
7.75 24.375 0.0
8.25 24.375 0.0
8.75 24.375 0.0
0.25 24.625 0.0
0.75 24.625 0.0
1.25 24.625 0.0
1.75 24.625 0.0
2.25 24.625 0.0
2.75 24.625 0.0
3.25 24.625 0.0
3.75 24.625 0.0
4.25 24.625 0.0
4.75 24.625 0.0
5.25 24.625 0.0
5.75 24.625 0.0
6.25 24.625 0.0
6.75 24.625 0.0
7.25 24.625 0.0
7.75 24.625 0.0
8.25 24.625 0.0
8.75 24.625 0.0
0.25 24.875 0.0
0.75 24.875 0.0
1.25 24.875 0.0
1.75 24.875 0.0
2.25 24.875 0.0
2.75 24.875 0.0
3.25 24.875 0.0
3.75 24.875 0.0
4.25 24.875 0.0
4.75 24.875 0.0
5.25 24.875 0.0
5.75 24.875 0.0
6.25 24.875 0.0
6.75 24.875 0.0
7.25 24.875 0.0
7.75 24.875 0.0
8.25 24.875 0.0
8.75 24.875 0.0
0.25 25.125 0.0
0.75 25.125 0.0
1.25 25.125 0.0
1.75 25.125 0.0
2.25 25.125 0.0
2.75 25.125 0.0
3.25 25.125 0.0
3.75 25.125 0.0
4.25 25.125 0.0
4.75 25.125 0.0
5.25 25.125 0.0
5.75 25.125 0.0
6.25 25.125 0.0
6.75 25.125 0.0
7.25 25.125 0.0
7.75 25.125 0.0
8.25 25.125 0.0
8.75 25.125 0.0
0.25 25.375 0.0
0.75 25.375 0.0
1.25 25.375 0.0
1.75 25.375 0.0
2.25 25.375 0.0
2.75 25.375 0.0
3.25 25.375 0.0
3.75 25.375 0.0
4.25 25.375 0.0
4.75 25.375 0.0
5.25 25.375 0.0
5.75 25.375 0.0
6.25 25.375 0.0
6.75 25.375 0.0
7.25 25.375 0.0
7.75 25.375 0.0
8.25 25.375 0.0
8.75 25.375 0.0
0.25 25.625 0.0
0.75 25.625 0.0
1.25 25.625 0.0
1.75 25.625 0.0
2.25 25.625 0.0
2.75 25.625 0.0
3.25 25.625 0.0
3.75 25.625 0.0
4.25 25.625 0.0
4.75 25.625 0.0
5.25 25.625 0.0
5.75 25.625 0.0
6.25 25.625 0.0
6.75 25.625 0.0
7.25 25.625 0.0
7.75 25.625 0.0
8.25 25.625 0.0
8.75 25.625 0.0
0.25 25.875 0.0
0.75 25.875 0.0
1.25 25.875 0.0
1.75 25.875 0.0
2.25 25.875 0.0
2.75 25.875 0.0
3.25 25.875 0.0
3.75 25.875 0.0
4.25 25.875 0.0
4.75 25.875 0.0
5.25 25.875 0.0
5.75 25.875 0.0
6.25 25.875 0.0
6.75 25.875 0.0
7.25 25.875 0.0
7.75 25.875 0.0
8.25 25.875 0.0
8.75 25.875 0.0
0.25 26.125 0.0
0.75 26.125 0.0
1.25 26.125 0.0
1.75 26.125 0.0
2.25 26.125 0.0
2.75 26.125 0.0
3.25 26.125 0.0
3.75 26.125 0.0
4.25 26.125 0.0
4.75 26.125 0.0
5.25 26.125 0.0
5.75 26.125 0.0
6.25 26.125 0.0
6.75 26.125 0.0
7.25 26.125 0.0
7.75 26.125 0.0
8.25 26.125 0.0
8.75 26.125 0.0
0.25 26.375 0.0
0.75 26.375 0.0
1.25 26.375 0.0
1.75 26.375 0.0
2.25 26.375 0.0
2.75 26.375 0.0
3.25 26.375 0.0
3.75 26.375 0.0
4.25 26.375 0.0
4.75 26.375 0.0
5.25 26.375 0.0
5.75 26.375 0.0
6.25 26.375 0.0
6.75 26.375 0.0
7.25 26.375 0.0
7.75 26.375 0.0
8.25 26.375 0.0
8.75 26.375 0.0
0.25 26.625 0.0
0.75 26.625 0.0
1.25 26.625 0.0
1.75 26.625 0.0
2.25 26.625 0.0
2.75 26.625 0.0
3.25 26.625 0.0
3.75 26.625 0.0
4.25 26.625 0.0
4.75 26.625 0.0
5.25 26.625 0.0
5.75 26.625 0.0
6.25 26.625 0.0
6.75 26.625 0.0
7.25 26.625 0.0
7.75 26.625 0.0
8.25 26.625 0.0
8.75 26.625 0.0
0.25 26.875 0.0
0.75 26.875 0.0
1.25 26.875 0.0
1.75 26.875 0.0
2.25 26.875 0.0
2.75 26.875 0.0
3.25 26.875 0.0
3.75 26.875 0.0
4.25 26.875 0.0
4.75 26.875 0.0
5.25 26.875 0.0
5.75 26.875 0.0
6.25 26.875 0.0
6.75 26.875 0.0
7.25 26.875 0.0
7.75 26.875 0.0
8.25 26.875 0.0
8.75 26.875 0.0
0.25 27.125 0.0
0.75 27.125 0.0
1.25 27.125 0.0
1.75 27.125 0.0
2.25 27.125 0.0
2.75 27.125 0.0
3.25 27.125 0.0
3.75 27.125 0.0
4.25 27.125 0.0
4.75 27.125 0.0
5.25 27.125 0.0
5.75 27.125 0.0
6.25 27.125 0.0
6.75 27.125 0.0
7.25 27.125 0.0
7.75 27.125 0.0
8.25 27.125 0.0
8.75 27.125 0.0
0.25 27.375 0.0
0.75 27.375 0.0
1.25 27.375 0.0
1.75 27.375 0.0
2.25 27.375 0.0
2.75 27.375 0.0
3.25 27.375 0.0
3.75 27.375 0.0
4.25 27.375 0.0
4.75 27.375 0.0
5.25 27.375 0.0
5.75 27.375 0.0
6.25 27.375 0.0
6.75 27.375 0.0
7.25 27.375 0.0
7.75 27.375 0.0
8.25 27.375 0.0
8.75 27.375 0.0
0.25 27.625 0.0
0.75 27.625 0.0
1.25 27.625 0.0
1.75 27.625 0.0
2.25 27.625 0.0
2.75 27.625 0.0
3.25 27.625 0.0
3.75 27.625 0.0
4.25 27.625 0.0
4.75 27.625 0.0
5.25 27.625 0.0
5.75 27.625 0.0
6.25 27.625 0.0
6.75 27.625 0.0
7.25 27.625 0.0
7.75 27.625 0.0
8.25 27.625 0.0
8.75 27.625 0.0
0.25 27.875 0.0
0.75 27.875 0.0
1.25 27.875 0.0
1.75 27.875 0.0
2.25 27.875 0.0
2.75 27.875 0.0
3.25 27.875 0.0
3.75 27.875 0.0
4.25 27.875 0.0
4.75 27.875 0.0
5.25 27.875 0.0
5.75 27.875 0.0
6.25 27.875 0.0
6.75 27.875 0.0
7.25 27.875 0.0
7.75 27.875 0.0
8.25 27.875 0.0
8.75 27.875 0.0
0.25 28.125 0.0
0.75 28.125 0.0
1.25 28.125 0.0
1.75 28.125 0.0
2.25 28.125 0.0
2.75 28.125 0.0
3.25 28.125 0.0
3.75 28.125 0.0
4.25 28.125 0.0
4.75 28.125 0.0
5.25 28.125 0.0
5.75 28.125 0.0
6.25 28.125 0.0
6.75 28.125 0.0
7.25 28.125 0.0
7.75 28.125 0.0
8.25 28.125 0.0
8.75 28.125 0.0
0.25 28.375 0.0
0.75 28.375 0.0
1.25 28.375 0.0
1.75 28.375 0.0
2.25 28.375 0.0
2.75 28.375 0.0
3.25 28.375 0.0
3.75 28.375 0.0
4.25 28.375 0.0
4.75 28.375 0.0
5.25 28.375 0.0
5.75 28.375 0.0
6.25 28.375 0.0
6.75 28.375 0.0
7.25 28.375 0.0
7.75 28.375 0.0
8.25 28.375 0.0
8.75 28.375 0.0
0.25 28.625 0.0
0.75 28.625 0.0
1.25 28.625 0.0
1.75 28.625 0.0
2.25 28.625 0.0
2.75 28.625 0.0
3.25 28.625 0.0
3.75 28.625 0.0
4.25 28.625 0.0
4.75 28.625 0.0
5.25 28.625 0.0
5.75 28.625 0.0
6.25 28.625 0.0
6.75 28.625 0.0
7.25 28.625 0.0
7.75 28.625 0.0
8.25 28.625 0.0
8.75 28.625 0.0
0.25 28.875 35480.1757101
0.75 28.875 0.0
1.25 28.875 0.0
1.75 28.875 0.0
2.25 28.875 0.0
2.75 28.875 0.0
3.25 28.875 0.0
3.75 28.875 0.0
4.25 28.875 0.0
4.75 28.875 0.0
5.25 28.875 0.0
5.75 28.875 0.0
6.25 28.875 0.0
6.75 28.875 0.0
7.25 28.875 0.0
7.75 28.875 0.0
8.25 28.875 0.0
8.75 28.875 0.0
0.25 29.125 0.0
0.75 29.125 0.0
1.25 29.125 0.0
1.75 29.125 0.0
2.25 29.125 0.0
2.75 29.125 0.0
3.25 29.125 0.0
3.75 29.125 0.0
4.25 29.125 0.0
4.75 29.125 0.0
5.25 29.125 0.0
5.75 29.125 0.0
6.25 29.125 0.0
6.75 29.125 0.0
7.25 29.125 0.0
7.75 29.125 0.0
8.25 29.125 0.0
8.75 29.125 0.0
0.25 29.375 0.0
0.75 29.375 0.0
1.25 29.375 0.0
1.75 29.375 0.0
2.25 29.375 0.0
2.75 29.375 0.0
3.25 29.375 0.0
3.75 29.375 0.0
4.25 29.375 0.0
4.75 29.375 0.0
5.25 29.375 0.0
5.75 29.375 0.0
6.25 29.375 0.0
6.75 29.375 0.0
7.25 29.375 0.0
7.75 29.375 0.0
8.25 29.375 0.0
8.75 29.375 0.0
0.25 29.625 0.0
0.75 29.625 0.0
1.25 29.625 0.0
1.75 29.625 0.0
2.25 29.625 0.0
2.75 29.625 0.0
3.25 29.625 0.0
3.75 29.625 0.0
4.25 29.625 0.0
4.75 29.625 0.0
5.25 29.625 0.0
5.75 29.625 0.0
6.25 29.625 0.0
6.75 29.625 0.0
7.25 29.625 0.0
7.75 29.625 0.0
8.25 29.625 0.0
8.75 29.625 0.0
0.25 29.875 0.0
0.75 29.875 0.0
1.25 29.875 0.0
1.75 29.875 0.0
2.25 29.875 0.0
2.75 29.875 0.0
3.25 29.875 0.0
3.75 29.875 0.0
4.25 29.875 0.0
4.75 29.875 0.0
5.25 29.875 0.0
5.75 29.875 0.0
6.25 29.875 0.0
6.75 29.875 0.0
7.25 29.875 0.0
7.75 29.875 0.0
8.25 29.875 0.0
8.75 29.875 0.0
