0.25 0.125 8302361.11617
0.75 0.125 8621682.69756
1.25 0.125 7983039.53478
1.75 0.125 8231400.76475
2.25 0.125 8799083.57612
2.75 0.125 8834563.75183
3.25 0.125 9295806.03606
3.75 0.125 8763603.40041
4.25 0.125 9437726.7389
4.75 0.125 7344396.372
5.25 0.125 6421911.80354
5.75 0.125 5215585.82939
6.25 0.125 5215585.82939
6.75 0.125 4080220.20667
7.25 0.125 3264176.16533
7.75 0.125 2022370.01548
8.25 0.125 461242.284232
8.75 0.125 0.0
0.25 0.375 25368325.6328
0.75 0.375 26610131.7826
1.25 0.375 25510246.3356
1.75 0.375 26042448.9712
2.25 0.375 25155444.5785
2.75 0.375 26219849.8498
3.25 0.375 26326290.3769
3.75 0.375 23842678.0772
4.25 0.375 25474766.1599
4.75 0.375 22920193.5088
5.25 0.375 20968783.8447
5.75 0.375 17349805.9223
6.25 0.375 14333990.9869
6.75 0.375 11353656.2272
7.25 0.375 9153885.33322
7.75 0.375 5641347.93791
8.25 0.375 1809488.96122
8.75 0.375 0.0
0.25 0.625 45308184.3819
0.75 0.625 42860052.2579
1.25 0.625 42966492.785
1.75 0.625 41973047.8651
2.25 0.625 40057118.3768
2.75 0.625 41511805.5809
3.25 0.625 40128078.7282
3.75 0.625 40269999.431
4.25 0.625 35799497.2915
4.75 0.625 36757462.0357
5.25 0.625 31506396.0306
5.75 0.625 25616686.8627
6.25 0.625 23274995.2659
6.75 0.625 18307770.6664
7.25 0.625 13163145.1885
7.75 0.625 6741233.38493
8.25 0.625 1951409.66406
8.75 0.625 0.0
0.25 0.875 53255743.7409
0.75 0.875 51375294.4283
1.25 0.875 50878571.9683
1.75 0.875 51801056.5368
2.25 0.875 46869312.1131
2.75 0.875 46408069.8289
3.25 0.875 46479030.1803
3.75 0.875 46372589.6532
4.25 0.875 45130783.5033
4.75 0.875 39134633.8083
5.25 0.875 37005823.2657
5.75 0.875 31435435.6792
6.25 0.875 24942563.5242
6.75 0.875 19478616.4649
7.25 0.875 13446986.5941
7.75 0.875 6457391.97925
8.25 0.875 1348246.67699
8.75 0.875 0.0
0.25 1.125 55029752.5264
0.75 1.125 56732800.9605
1.25 1.125 55420034.4592
1.75 1.125 56377999.2034
2.25 1.125 53787946.3766
2.75 1.125 49956087.3999
3.25 1.125 48749761.4257
3.75 1.125 46904792.2888
4.25 1.125 42824572.0821
4.75 1.125 37679946.6042
5.25 1.125 34131929.0332
5.75 1.125 32464360.7748
6.25 1.125 25439285.9842
6.75 1.125 17456246.4494
7.25 1.125 12205180.4443
7.75 1.125 5570387.58649
8.25 1.125 887004.392754
8.75 1.125 0.0
0.25 1.375 55774836.2163
0.75 1.375 55490994.8107
1.25 1.375 52226818.6453
1.75 1.375 50914052.1441
2.25 1.375 50736651.2655
2.75 1.375 49707726.1699
3.25 1.375 44279259.2863
3.75 1.375 41227964.1752
4.25 1.375 37821867.307
4.75 1.375 36047858.5215
5.25 1.375 31116114.0978
5.75 1.375 24800642.8214
6.25 1.375 22246070.1703
6.75 1.375 14192070.2841
7.25 1.375 10821453.5916
7.75 1.375 3938299.50383
8.25 1.375 354801.757101
8.75 1.375 0.0
0.25 1.625 47649875.9787
0.75 1.625 46549990.5317
1.25 1.625 47543435.4516
1.75 1.625 43924457.5292
2.25 1.625 41476325.4052
2.75 1.625 38283109.5912
3.25 1.625 38105708.7127
3.75 1.625 33848087.6275
4.25 1.625 32535321.1262
4.75 1.625 30796792.5164
5.25 1.625 26042448.9712
5.75 1.625 20330140.6819
6.25 1.625 16143479.9481
6.75 1.625 10360211.3074
7.25 1.625 6847673.91206
7.75 1.625 2057850.19119
8.25 1.625 248361.229971
8.75 1.625 0.0
0.25 1.875 41050563.2966
0.75 1.875 39170113.984
1.25 1.875 39170113.984
1.75 1.875 38176669.0641
2.25 1.875 35160854.1288
2.75 1.875 33422325.519
3.25 1.875 31754757.2606
3.75 1.875 29484026.0151
4.25 1.875 25581206.687
4.75 1.875 23771717.7258
5.25 1.875 20081779.4519
5.75 1.875 15291955.7311
6.25 1.875 11211735.5244
6.75 1.875 8870043.92754
7.25 1.875 4754343.54516
7.75 1.875 993444.919884
8.25 1.875 106440.52713
8.75 1.875 0.0
0.25 2.125 35231814.4802
0.75 2.125 32074078.842
1.25 2.125 31683796.9092
1.75 2.125 32109559.0177
2.25 2.125 28951823.3795
2.75 2.125 28242219.8653
3.25 2.125 26113409.3227
3.75 2.125 22636352.1031
4.25 2.125 20613982.0876
4.75 2.125 17598167.1522
5.25 2.125 13624387.4727
5.75 2.125 11495576.9301
6.25 2.125 9366766.38748
6.75 2.125 4789823.72087
7.25 2.125 2873894.23252
7.75 2.125 603162.987072
8.25 2.125 0.0
8.75 2.125 0.0
0.25 2.375 28348660.3924
0.75 2.375 27568096.5268
1.25 2.375 25474766.1599
1.75 2.375 27745497.4053
2.25 2.375 23700757.3744
2.75 2.375 23097594.3873
3.25 2.375 21926748.5889
3.75 2.375 19407656.1134
4.25 2.375 15185515.2039
4.75 2.375 13305065.8913
5.25 2.375 10963374.2944
5.75 2.375 7841118.83194
6.25 2.375 6279991.1007
6.75 2.375 3831858.9767
7.25 2.375 1596607.90696
7.75 2.375 283841.405681
8.25 2.375 0.0
8.75 2.375 0.0
0.25 2.625 22139629.6431
0.75 2.625 21110704.5475
1.25 2.625 22352510.6974
1.75 2.625 21607427.0075
2.25 2.625 18449691.3693
2.75 2.625 17562686.9765
3.25 2.625 15895118.7181
3.75 2.625 14795233.2711
4.25 2.625 11531057.1058
4.75 2.625 10395691.4831
5.25 2.625 8373321.46759
5.75 2.625 6173550.57356
6.25 2.625 4931744.42371
6.75 2.625 2412651.94829
7.25 2.625 1064405.2713
7.75 2.625 70960.3514203
8.25 2.625 0.0
8.75 2.625 0.0
0.25 2.875 18165849.9636
0.75 2.875 18201330.1393
1.25 2.875 17775568.0308
1.75 2.875 17846528.3822
2.25 2.875 15540316.961
2.75 2.875 15646757.4882
3.25 2.875 14617832.3926
3.75 2.875 11672977.8086
4.25 2.875 9082924.9818
4.75 2.875 8586202.52185
5.25 2.875 6883154.08777
5.75 2.875 5144625.47797
6.25 2.875 2731973.52968
6.75 2.875 1277286.32557
7.25 2.875 709603.514203
7.75 2.875 106440.52713
8.25 2.875 0.0
8.75 2.875 0.0
0.25 3.125 14404951.3383
0.75 3.125 16533761.8809
1.25 3.125 13695347.8241
1.75 3.125 13340546.067
2.25 3.125 13305065.8913
2.75 3.125 11779418.3358
3.25 3.125 11282695.8758
3.75 3.125 10821453.5916
4.25 3.125 7521797.25055
4.75 3.125 6812193.73635
5.25 3.125 4967224.59942
5.75 3.125 2944854.58394
6.25 3.125 2128810.54261
6.75 3.125 1064405.2713
7.25 3.125 461242.284232
7.75 3.125 0.0
8.25 3.125 0.0
8.75 3.125 0.0
0.25 3.375 11176255.3487
0.75 3.375 11743938.1601
1.25 3.375 12418061.4985
1.75 3.375 12063259.7414
2.25 3.375 12134220.0929
2.75 3.375 9828008.67171
3.25 3.375 8586202.52185
3.75 3.375 7379876.54771
4.25 3.375 6173550.57356
4.75 3.375 4505982.31519
5.25 3.375 4293101.26093
5.75 3.375 2412651.94829
6.25 3.375 1454687.20412
6.75 3.375 887004.392754
7.25 3.375 177400.878551
7.75 3.375 0.0
8.25 3.375 0.0
8.75 3.375 0.0
0.25 3.625 10466651.8345
0.75 3.625 10253770.7802
1.25 3.625 9792528.496
1.75 3.625 9260325.86035
2.25 3.625 8089480.06191
2.75 3.625 8905524.10325
3.25 3.625 6776713.56064
3.75 3.625 5712308.28933
4.25 3.625 5960669.5193
4.75 3.625 4435021.96377
5.25 3.625 2519092.47542
5.75 3.625 1844969.13693
6.25 3.625 1135365.62272
6.75 3.625 603162.987072
7.25 3.625 106440.52713
7.75 3.625 0.0
8.25 3.625 0.0
8.75 3.625 0.0
0.25 3.875 9331286.21177
0.75 3.875 8373321.46759
1.25 3.875 9082924.9818
1.75 3.875 7912079.18336
2.25 3.875 7379876.54771
2.75 3.875 6563832.50638
3.25 3.875 6741233.38493
3.75 3.875 4576942.66661
4.25 3.875 4115700.38238
4.75 3.875 3122255.46249
5.25 3.875 1844969.13693
5.75 3.875 887004.392754
6.25 3.875 887004.392754
6.75 3.875 319321.581391
7.25 3.875 70960.3514203
7.75 3.875 0.0
8.25 3.875 0.0
8.75 3.875 0.0
0.25 4.125 6989594.6149
0.75 4.125 7308916.19629
1.25 4.125 6492872.15496
1.75 4.125 6847673.91206
2.25 4.125 6279991.1007
2.75 4.125 5286546.18081
3.25 4.125 4576942.66661
3.75 4.125 4151180.55809
4.25 4.125 3973779.67954
4.75 4.125 3370616.69246
5.25 4.125 1951409.66406
5.75 4.125 1383726.8527
6.25 4.125 745083.689913
6.75 4.125 177400.878551
7.25 4.125 106440.52713
7.75 4.125 0.0
8.25 4.125 0.0
8.75 4.125 0.0
0.25 4.375 5854228.99217
0.75 4.375 4789823.72087
1.25 4.375 5996149.69501
1.75 4.375 5392986.70794
2.25 4.375 4789823.72087
2.75 4.375 4222140.90951
3.25 4.375 3548017.57101
3.75 4.375 2980334.75965
4.25 4.375 2731973.52968
4.75 4.375 2235251.06974
5.25 4.375 1809488.96122
5.75 4.375 603162.987072
6.25 4.375 567682.811362
6.75 4.375 141920.702841
7.25 4.375 35480.1757101
7.75 4.375 0.0
8.25 4.375 0.0
8.75 4.375 0.0
0.25 4.625 4612422.84232
0.75 4.625 5322026.35652
1.25 4.625 4683383.19374
1.75 4.625 4293101.26093
2.25 4.625 3973779.67954
2.75 4.625 3867339.15241
3.25 4.625 2838414.05681
3.75 4.625 2377171.77258
4.25 4.625 2306211.42116
4.75 4.625 1383726.8527
5.25 4.625 957964.744174
5.75 4.625 745083.689913
6.25 4.625 425762.108522
6.75 4.625 212881.054261
7.25 4.625 35480.1757101
7.75 4.625 0.0
8.25 4.625 0.0
8.75 4.625 0.0
0.25 4.875 4328581.43664
0.75 4.875 4009259.85525
1.25 4.875 2696493.35397
1.75 4.875 3618977.92243
2.25 4.875 3051295.11107
2.75 4.875 3406096.86817
3.25 4.875 2377171.77258
3.75 4.875 2306211.42116
4.25 4.875 1525647.55554
4.75 4.875 1880449.31264
5.25 4.875 922484.568464
5.75 4.875 496722.459942
6.25 4.875 177400.878551
6.75 4.875 35480.1757101
7.25 4.875 0.0
7.75 4.875 0.0
8.25 4.875 0.0
8.75 4.875 0.0
0.25 5.125 3618977.92243
0.75 5.125 3583497.74672
1.25 5.125 3122255.46249
1.75 5.125 2767453.70539
2.25 5.125 3157735.6382
2.75 5.125 2164290.71832
3.25 5.125 2128810.54261
3.75 5.125 2057850.19119
4.25 5.125 1419207.02841
4.75 5.125 993444.919884
5.25 5.125 816044.041333
5.75 5.125 390281.932812
6.25 5.125 106440.52713
6.75 5.125 106440.52713
7.25 5.125 0.0
7.75 5.125 0.0
8.25 5.125 0.0
8.75 5.125 0.0
0.25 5.375 3122255.46249
0.75 5.375 2412651.94829
1.25 5.375 2696493.35397
1.75 5.375 2199770.89403
2.25 5.375 1915929.48835
2.75 5.375 1774008.78551
3.25 5.375 1915929.48835
3.75 5.375 1561127.73125
4.25 5.375 1135365.62272
4.75 5.375 709603.514203
5.25 5.375 354801.757101
5.75 5.375 106440.52713
6.25 5.375 35480.1757101
6.75 5.375 0.0
7.25 5.375 0.0
7.75 5.375 0.0
8.25 5.375 0.0
8.75 5.375 0.0
0.25 5.625 2270731.24545
0.75 5.625 1844969.13693
1.25 5.625 1738528.6098
1.75 5.625 2128810.54261
2.25 5.625 1703048.43409
2.75 5.625 1880449.31264
3.25 5.625 1383726.8527
3.75 5.625 1170845.79843
4.25 5.625 780563.865623
4.75 5.625 780563.865623
5.25 5.625 390281.932812
5.75 5.625 248361.229971
6.25 5.625 248361.229971
6.75 5.625 70960.3514203
7.25 5.625 0.0
7.75 5.625 0.0
8.25 5.625 0.0
8.75 5.625 0.0
0.25 5.875 2164290.71832
0.75 5.875 1951409.66406
1.25 5.875 1596607.90696
1.75 5.875 2022370.01548
2.25 5.875 1596607.90696
2.75 5.875 1099885.44701
3.25 5.875 1064405.2713
3.75 5.875 1348246.67699
4.25 5.875 922484.568464
4.75 5.875 674123.338493
5.25 5.875 567682.811362
5.75 5.875 248361.229971
6.25 5.875 177400.878551
6.75 5.875 35480.1757101
7.25 5.875 0.0
7.75 5.875 0.0
8.25 5.875 0.0
8.75 5.875 0.0
0.25 6.125 2164290.71832
0.75 6.125 1703048.43409
1.25 6.125 1915929.48835
1.75 6.125 1774008.78551
2.25 6.125 993444.919884
2.75 6.125 957964.744174
3.25 6.125 993444.919884
3.75 6.125 816044.041333
4.25 6.125 638643.162783
4.75 6.125 461242.284232
5.25 6.125 248361.229971
5.75 6.125 141920.702841
6.25 6.125 35480.1757101
6.75 6.125 0.0
7.25 6.125 0.0
7.75 6.125 0.0
8.25 6.125 0.0
8.75 6.125 0.0
0.25 6.375 1561127.73125
0.75 6.375 1667568.25838
1.25 6.375 1419207.02841
1.75 6.375 1170845.79843
2.25 6.375 1064405.2713
2.75 6.375 780563.865623
3.25 6.375 709603.514203
3.75 6.375 496722.459942
4.25 6.375 603162.987072
4.75 6.375 496722.459942
5.25 6.375 248361.229971
5.75 6.375 35480.1757101
6.25 6.375 0.0
6.75 6.375 0.0
7.25 6.375 0.0
7.75 6.375 0.0
8.25 6.375 0.0
8.75 6.375 0.0
0.25 6.625 1419207.02841
0.75 6.625 1490167.37983
1.25 6.625 1028925.09559
1.75 6.625 1099885.44701
2.25 6.625 922484.568464
2.75 6.625 957964.744174
3.25 6.625 993444.919884
3.75 6.625 603162.987072
4.25 6.625 390281.932812
4.75 6.625 496722.459942
5.25 6.625 177400.878551
5.75 6.625 70960.3514203
6.25 6.625 35480.1757101
6.75 6.625 35480.1757101
7.25 6.625 0.0
7.75 6.625 0.0
8.25 6.625 0.0
8.75 6.625 0.0
0.25 6.875 851524.217043
0.75 6.875 1312766.50128
1.25 6.875 780563.865623
1.75 6.875 816044.041333
2.25 6.875 780563.865623
2.75 6.875 780563.865623
3.25 6.875 532202.635652
3.75 6.875 319321.581391
4.25 6.875 319321.581391
4.75 6.875 141920.702841
5.25 6.875 212881.054261
5.75 6.875 106440.52713
6.25 6.875 0.0
6.75 6.875 0.0
7.25 6.875 0.0
7.75 6.875 0.0
8.25 6.875 0.0
8.75 6.875 0.0
0.25 7.125 745083.689913
0.75 7.125 709603.514203
1.25 7.125 1135365.62272
1.75 7.125 851524.217043
2.25 7.125 567682.811362
2.75 7.125 674123.338493
3.25 7.125 425762.108522
3.75 7.125 319321.581391
4.25 7.125 390281.932812
4.75 7.125 35480.1757101
5.25 7.125 70960.3514203
5.75 7.125 35480.1757101
6.25 7.125 0.0
6.75 7.125 35480.1757101
7.25 7.125 0.0
7.75 7.125 0.0
8.25 7.125 0.0
8.75 7.125 0.0
0.25 7.375 603162.987072
0.75 7.375 957964.744174
1.25 7.375 1170845.79843
1.75 7.375 709603.514203
2.25 7.375 390281.932812
2.75 7.375 496722.459942
3.25 7.375 532202.635652
3.75 7.375 212881.054261
4.25 7.375 248361.229971
4.75 7.375 141920.702841
5.25 7.375 106440.52713
5.75 7.375 0.0
6.25 7.375 35480.1757101
6.75 7.375 0.0
7.25 7.375 0.0
7.75 7.375 0.0
8.25 7.375 0.0
8.75 7.375 0.0
0.25 7.625 816044.041333
0.75 7.625 496722.459942
1.25 7.625 177400.878551
1.75 7.625 354801.757101
2.25 7.625 745083.689913
2.75 7.625 425762.108522
3.25 7.625 425762.108522
3.75 7.625 390281.932812
4.25 7.625 212881.054261
4.75 7.625 106440.52713
5.25 7.625 106440.52713
5.75 7.625 35480.1757101
6.25 7.625 0.0
6.75 7.625 0.0
7.25 7.625 0.0
7.75 7.625 0.0
8.25 7.625 0.0
8.75 7.625 0.0
0.25 7.875 674123.338493
0.75 7.875 816044.041333
1.25 7.875 532202.635652
1.75 7.875 567682.811362
2.25 7.875 709603.514203
2.75 7.875 354801.757101
3.25 7.875 319321.581391
3.75 7.875 248361.229971
4.25 7.875 177400.878551
4.75 7.875 106440.52713
5.25 7.875 70960.3514203
5.75 7.875 0.0
6.25 7.875 35480.1757101
6.75 7.875 0.0
7.25 7.875 0.0
7.75 7.875 0.0
8.25 7.875 0.0
8.75 7.875 0.0
0.25 8.125 532202.635652
0.75 8.125 567682.811362
1.25 8.125 425762.108522
1.75 8.125 461242.284232
2.25 8.125 461242.284232
2.75 8.125 461242.284232
3.25 8.125 177400.878551
3.75 8.125 248361.229971
4.25 8.125 35480.1757101
4.75 8.125 141920.702841
5.25 8.125 0.0
5.75 8.125 0.0
6.25 8.125 35480.1757101
6.75 8.125 0.0
7.25 8.125 0.0
7.75 8.125 0.0
8.25 8.125 0.0
8.75 8.125 0.0
0.25 8.375 496722.459942
0.75 8.375 319321.581391
1.25 8.375 461242.284232
1.75 8.375 319321.581391
2.25 8.375 283841.405681
2.75 8.375 354801.757101
3.25 8.375 70960.3514203
3.75 8.375 212881.054261
4.25 8.375 141920.702841
4.75 8.375 70960.3514203
5.25 8.375 70960.3514203
5.75 8.375 35480.1757101
6.25 8.375 0.0
6.75 8.375 0.0
7.25 8.375 0.0
7.75 8.375 0.0
8.25 8.375 0.0
8.75 8.375 0.0
0.25 8.625 283841.405681
0.75 8.625 496722.459942
1.25 8.625 283841.405681
1.75 8.625 319321.581391
2.25 8.625 354801.757101
2.75 8.625 248361.229971
3.25 8.625 70960.3514203
3.75 8.625 177400.878551
4.25 8.625 141920.702841
4.75 8.625 70960.3514203
5.25 8.625 141920.702841
5.75 8.625 35480.1757101
6.25 8.625 0.0
6.75 8.625 0.0
7.25 8.625 0.0
7.75 8.625 0.0
8.25 8.625 0.0
8.75 8.625 0.0
0.25 8.875 390281.932812
0.75 8.875 248361.229971
1.25 8.875 248361.229971
1.75 8.875 319321.581391
2.25 8.875 461242.284232
2.75 8.875 141920.702841
3.25 8.875 177400.878551
3.75 8.875 212881.054261
4.25 8.875 212881.054261
4.75 8.875 70960.3514203
5.25 8.875 35480.1757101
5.75 8.875 0.0
6.25 8.875 0.0
6.75 8.875 0.0
7.25 8.875 0.0
7.75 8.875 0.0
8.25 8.875 0.0
8.75 8.875 0.0
0.25 9.125 319321.581391
0.75 9.125 212881.054261
1.25 9.125 461242.284232
1.75 9.125 212881.054261
2.25 9.125 283841.405681
2.75 9.125 106440.52713
3.25 9.125 177400.878551
3.75 9.125 35480.1757101
4.25 9.125 141920.702841
4.75 9.125 0.0
5.25 9.125 70960.3514203
5.75 9.125 0.0
6.25 9.125 0.0
6.75 9.125 0.0
7.25 9.125 0.0
7.75 9.125 0.0
8.25 9.125 0.0
8.75 9.125 0.0
0.25 9.375 248361.229971
0.75 9.375 248361.229971
1.25 9.375 212881.054261
1.75 9.375 354801.757101
2.25 9.375 319321.581391
2.75 9.375 248361.229971
3.25 9.375 212881.054261
3.75 9.375 212881.054261
4.25 9.375 141920.702841
4.75 9.375 35480.1757101
5.25 9.375 0.0
5.75 9.375 35480.1757101
6.25 9.375 0.0
6.75 9.375 0.0
7.25 9.375 0.0
7.75 9.375 0.0
8.25 9.375 0.0
8.75 9.375 0.0
0.25 9.625 70960.3514203
0.75 9.625 70960.3514203
1.25 9.625 177400.878551
1.75 9.625 70960.3514203
2.25 9.625 70960.3514203
2.75 9.625 70960.3514203
3.25 9.625 106440.52713
3.75 9.625 70960.3514203
4.25 9.625 0.0
4.75 9.625 0.0
5.25 9.625 35480.1757101
5.75 9.625 0.0
6.25 9.625 0.0
6.75 9.625 0.0
7.25 9.625 0.0
7.75 9.625 0.0
8.25 9.625 0.0
8.75 9.625 0.0
0.25 9.875 248361.229971
0.75 9.875 177400.878551
1.25 9.875 248361.229971
1.75 9.875 106440.52713
2.25 9.875 141920.702841
2.75 9.875 35480.1757101
3.25 9.875 70960.3514203
3.75 9.875 106440.52713
4.25 9.875 106440.52713
4.75 9.875 0.0
5.25 9.875 0.0
5.75 9.875 0.0
6.25 9.875 0.0
6.75 9.875 0.0
7.25 9.875 0.0
7.75 9.875 0.0
8.25 9.875 0.0
8.75 9.875 0.0
0.25 10.125 212881.054261
0.75 10.125 35480.1757101
1.25 10.125 106440.52713
1.75 10.125 248361.229971
2.25 10.125 248361.229971
2.75 10.125 35480.1757101
3.25 10.125 212881.054261
3.75 10.125 35480.1757101
4.25 10.125 106440.52713
4.75 10.125 35480.1757101
5.25 10.125 0.0
5.75 10.125 35480.1757101
6.25 10.125 0.0
6.75 10.125 0.0
7.25 10.125 0.0
7.75 10.125 0.0
8.25 10.125 0.0
8.75 10.125 0.0
0.25 10.375 177400.878551
0.75 10.375 141920.702841
1.25 10.375 70960.3514203
1.75 10.375 141920.702841
2.25 10.375 35480.1757101
2.75 10.375 177400.878551
3.25 10.375 106440.52713
3.75 10.375 70960.3514203
4.25 10.375 35480.1757101
4.75 10.375 0.0
5.25 10.375 0.0
5.75 10.375 0.0
6.25 10.375 0.0
6.75 10.375 0.0
7.25 10.375 0.0
7.75 10.375 0.0
8.25 10.375 0.0
8.75 10.375 0.0
0.25 10.625 177400.878551
0.75 10.625 106440.52713
1.25 10.625 35480.1757101
1.75 10.625 177400.878551
2.25 10.625 212881.054261
2.75 10.625 177400.878551
3.25 10.625 141920.702841
3.75 10.625 0.0
4.25 10.625 0.0
4.75 10.625 0.0
5.25 10.625 0.0
5.75 10.625 35480.1757101
6.25 10.625 0.0
6.75 10.625 0.0
7.25 10.625 0.0
7.75 10.625 0.0
8.25 10.625 0.0
8.75 10.625 0.0
0.25 10.875 70960.3514203
0.75 10.875 212881.054261
1.25 10.875 141920.702841
1.75 10.875 35480.1757101
2.25 10.875 141920.702841
2.75 10.875 70960.3514203
3.25 10.875 70960.3514203
3.75 10.875 106440.52713
4.25 10.875 0.0
4.75 10.875 0.0
5.25 10.875 0.0
5.75 10.875 0.0
6.25 10.875 0.0
6.75 10.875 0.0
7.25 10.875 0.0
7.75 10.875 0.0
8.25 10.875 0.0
8.75 10.875 0.0
0.25 11.125 70960.3514203
0.75 11.125 106440.52713
1.25 11.125 141920.702841
1.75 11.125 177400.878551
2.25 11.125 35480.1757101
2.75 11.125 106440.52713
3.25 11.125 70960.3514203
3.75 11.125 35480.1757101
4.25 11.125 70960.3514203
4.75 11.125 0.0
5.25 11.125 35480.1757101
5.75 11.125 0.0
6.25 11.125 0.0
6.75 11.125 0.0
7.25 11.125 0.0
7.75 11.125 0.0
8.25 11.125 0.0
8.75 11.125 0.0
0.25 11.375 212881.054261
0.75 11.375 35480.1757101
1.25 11.375 70960.3514203
1.75 11.375 141920.702841
2.25 11.375 141920.702841
2.75 11.375 141920.702841
3.25 11.375 35480.1757101
3.75 11.375 35480.1757101
4.25 11.375 0.0
4.75 11.375 35480.1757101
5.25 11.375 0.0
5.75 11.375 70960.3514203
6.25 11.375 0.0
6.75 11.375 0.0
7.25 11.375 0.0
7.75 11.375 0.0
8.25 11.375 0.0
8.75 11.375 0.0
0.25 11.625 141920.702841
0.75 11.625 177400.878551
1.25 11.625 106440.52713
1.75 11.625 106440.52713
2.25 11.625 70960.3514203
2.75 11.625 70960.3514203
3.25 11.625 35480.1757101
3.75 11.625 35480.1757101
4.25 11.625 35480.1757101
4.75 11.625 0.0
5.25 11.625 0.0
5.75 11.625 0.0
6.25 11.625 0.0
6.75 11.625 0.0
7.25 11.625 0.0
7.75 11.625 0.0
8.25 11.625 0.0
8.75 11.625 0.0
0.25 11.875 70960.3514203
0.75 11.875 0.0
1.25 11.875 141920.702841
1.75 11.875 106440.52713
2.25 11.875 35480.1757101
2.75 11.875 35480.1757101
3.25 11.875 141920.702841
3.75 11.875 70960.3514203
4.25 11.875 35480.1757101
4.75 11.875 0.0
5.25 11.875 0.0
5.75 11.875 0.0
6.25 11.875 0.0
6.75 11.875 0.0
7.25 11.875 0.0
7.75 11.875 0.0
8.25 11.875 0.0
8.75 11.875 0.0
0.25 12.125 141920.702841
0.75 12.125 106440.52713
1.25 12.125 35480.1757101
1.75 12.125 141920.702841
2.25 12.125 70960.3514203
2.75 12.125 35480.1757101
3.25 12.125 0.0
3.75 12.125 35480.1757101
4.25 12.125 0.0
4.75 12.125 0.0
5.25 12.125 0.0
5.75 12.125 0.0
6.25 12.125 0.0
6.75 12.125 0.0
7.25 12.125 0.0
7.75 12.125 0.0
8.25 12.125 0.0
8.75 12.125 0.0
0.25 12.375 106440.52713
0.75 12.375 70960.3514203
1.25 12.375 35480.1757101
1.75 12.375 106440.52713
2.25 12.375 0.0
2.75 12.375 35480.1757101
3.25 12.375 70960.3514203
3.75 12.375 0.0
4.25 12.375 0.0
4.75 12.375 0.0
5.25 12.375 0.0
5.75 12.375 0.0
6.25 12.375 0.0
6.75 12.375 0.0
7.25 12.375 0.0
7.75 12.375 0.0
8.25 12.375 0.0
8.75 12.375 0.0
0.25 12.625 70960.3514203
0.75 12.625 106440.52713
1.25 12.625 0.0
1.75 12.625 141920.702841
2.25 12.625 35480.1757101
2.75 12.625 35480.1757101
3.25 12.625 0.0
3.75 12.625 141920.702841
4.25 12.625 70960.3514203
4.75 12.625 0.0
5.25 12.625 0.0
5.75 12.625 0.0
6.25 12.625 0.0
6.75 12.625 0.0
7.25 12.625 0.0
7.75 12.625 0.0
8.25 12.625 0.0
8.75 12.625 0.0
0.25 12.875 70960.3514203
0.75 12.875 141920.702841
1.25 12.875 141920.702841
1.75 12.875 35480.1757101
2.25 12.875 0.0
2.75 12.875 106440.52713
3.25 12.875 177400.878551
3.75 12.875 0.0
4.25 12.875 0.0
4.75 12.875 35480.1757101
5.25 12.875 35480.1757101
5.75 12.875 0.0
6.25 12.875 0.0
6.75 12.875 0.0
7.25 12.875 0.0
7.75 12.875 0.0
8.25 12.875 0.0
8.75 12.875 0.0
0.25 13.125 0.0
0.75 13.125 70960.3514203
1.25 13.125 35480.1757101
1.75 13.125 0.0
2.25 13.125 35480.1757101
2.75 13.125 0.0
3.25 13.125 0.0
3.75 13.125 0.0
4.25 13.125 0.0
4.75 13.125 0.0
5.25 13.125 0.0
5.75 13.125 0.0
6.25 13.125 0.0
6.75 13.125 0.0
7.25 13.125 0.0
7.75 13.125 0.0
8.25 13.125 0.0
8.75 13.125 0.0
0.25 13.375 70960.3514203
0.75 13.375 0.0
1.25 13.375 70960.3514203
1.75 13.375 35480.1757101
2.25 13.375 106440.52713
2.75 13.375 0.0
3.25 13.375 0.0
3.75 13.375 35480.1757101
4.25 13.375 35480.1757101
4.75 13.375 0.0
5.25 13.375 0.0
5.75 13.375 0.0
6.25 13.375 0.0
6.75 13.375 0.0
7.25 13.375 0.0
7.75 13.375 0.0
8.25 13.375 0.0
8.75 13.375 0.0
0.25 13.625 0.0
0.75 13.625 0.0
1.25 13.625 0.0
1.75 13.625 70960.3514203
2.25 13.625 35480.1757101
2.75 13.625 35480.1757101
3.25 13.625 35480.1757101
3.75 13.625 0.0
4.25 13.625 0.0
4.75 13.625 0.0
5.25 13.625 0.0
5.75 13.625 0.0
6.25 13.625 0.0
6.75 13.625 0.0
7.25 13.625 0.0
7.75 13.625 0.0
8.25 13.625 0.0
8.75 13.625 0.0
0.25 13.875 35480.1757101
0.75 13.875 0.0
1.25 13.875 35480.1757101
1.75 13.875 70960.3514203
2.25 13.875 0.0
2.75 13.875 0.0
3.25 13.875 0.0
3.75 13.875 0.0
4.25 13.875 35480.1757101
4.75 13.875 0.0
5.25 13.875 0.0
5.75 13.875 0.0
6.25 13.875 0.0
6.75 13.875 0.0
7.25 13.875 0.0
7.75 13.875 0.0
8.25 13.875 0.0
8.75 13.875 0.0
0.25 14.125 35480.1757101
0.75 14.125 0.0
1.25 14.125 35480.1757101
1.75 14.125 0.0
2.25 14.125 35480.1757101
2.75 14.125 0.0
3.25 14.125 0.0
3.75 14.125 0.0
4.25 14.125 0.0
4.75 14.125 0.0
5.25 14.125 0.0
5.75 14.125 0.0
6.25 14.125 0.0
6.75 14.125 0.0
7.25 14.125 0.0
7.75 14.125 0.0
8.25 14.125 0.0
8.75 14.125 0.0
0.25 14.375 0.0
0.75 14.375 35480.1757101
1.25 14.375 0.0
1.75 14.375 0.0
2.25 14.375 70960.3514203
2.75 14.375 70960.3514203
3.25 14.375 0.0
3.75 14.375 0.0
4.25 14.375 0.0
4.75 14.375 0.0
5.25 14.375 0.0
5.75 14.375 0.0
6.25 14.375 0.0
6.75 14.375 0.0
7.25 14.375 0.0
7.75 14.375 0.0
8.25 14.375 0.0
8.75 14.375 0.0
0.25 14.625 0.0
0.75 14.625 0.0
1.25 14.625 0.0
1.75 14.625 70960.3514203
2.25 14.625 0.0
2.75 14.625 0.0
3.25 14.625 0.0
3.75 14.625 0.0
4.25 14.625 0.0
4.75 14.625 0.0
5.25 14.625 0.0
5.75 14.625 0.0
6.25 14.625 0.0
6.75 14.625 0.0
7.25 14.625 0.0
7.75 14.625 0.0
8.25 14.625 0.0
8.75 14.625 0.0
0.25 14.875 70960.3514203
0.75 14.875 0.0
1.25 14.875 35480.1757101
1.75 14.875 0.0
2.25 14.875 35480.1757101
2.75 14.875 0.0
3.25 14.875 0.0
3.75 14.875 0.0
4.25 14.875 0.0
4.75 14.875 0.0
5.25 14.875 0.0
5.75 14.875 0.0
6.25 14.875 0.0
6.75 14.875 0.0
7.25 14.875 0.0
7.75 14.875 0.0
8.25 14.875 0.0
8.75 14.875 0.0
0.25 15.125 35480.1757101
0.75 15.125 35480.1757101
1.25 15.125 0.0
1.75 15.125 35480.1757101
2.25 15.125 0.0
2.75 15.125 0.0
3.25 15.125 70960.3514203
3.75 15.125 0.0
4.25 15.125 0.0
4.75 15.125 0.0
5.25 15.125 0.0
5.75 15.125 0.0
6.25 15.125 0.0
6.75 15.125 0.0
7.25 15.125 0.0
7.75 15.125 0.0
8.25 15.125 0.0
8.75 15.125 0.0
0.25 15.375 35480.1757101
0.75 15.375 0.0
1.25 15.375 0.0
1.75 15.375 0.0
2.25 15.375 35480.1757101
2.75 15.375 0.0
3.25 15.375 0.0
3.75 15.375 0.0
4.25 15.375 0.0
4.75 15.375 0.0
5.25 15.375 0.0
5.75 15.375 0.0
6.25 15.375 0.0
6.75 15.375 0.0
7.25 15.375 0.0
7.75 15.375 0.0
8.25 15.375 0.0
8.75 15.375 0.0
0.25 15.625 35480.1757101
0.75 15.625 0.0
1.25 15.625 35480.1757101
1.75 15.625 0.0
2.25 15.625 35480.1757101
2.75 15.625 0.0
3.25 15.625 0.0
3.75 15.625 0.0
4.25 15.625 35480.1757101
4.75 15.625 0.0
5.25 15.625 0.0
5.75 15.625 0.0
6.25 15.625 0.0
6.75 15.625 0.0
7.25 15.625 0.0
7.75 15.625 0.0
8.25 15.625 0.0
8.75 15.625 0.0
0.25 15.875 0.0
0.75 15.875 0.0
1.25 15.875 70960.3514203
1.75 15.875 0.0
2.25 15.875 35480.1757101
2.75 15.875 35480.1757101
3.25 15.875 0.0
3.75 15.875 0.0
4.25 15.875 0.0
4.75 15.875 0.0
5.25 15.875 0.0
5.75 15.875 0.0
6.25 15.875 0.0
6.75 15.875 0.0
7.25 15.875 0.0
7.75 15.875 0.0
8.25 15.875 0.0
8.75 15.875 0.0
0.25 16.125 35480.1757101
0.75 16.125 35480.1757101
1.25 16.125 0.0
1.75 16.125 0.0
2.25 16.125 0.0
2.75 16.125 0.0
3.25 16.125 0.0
3.75 16.125 0.0
4.25 16.125 0.0
4.75 16.125 0.0
5.25 16.125 0.0
5.75 16.125 0.0
6.25 16.125 0.0
6.75 16.125 0.0
7.25 16.125 0.0
7.75 16.125 0.0
8.25 16.125 0.0
8.75 16.125 0.0
0.25 16.375 0.0
0.75 16.375 70960.3514203
1.25 16.375 0.0
1.75 16.375 0.0
2.25 16.375 0.0
2.75 16.375 0.0
3.25 16.375 35480.1757101
3.75 16.375 0.0
4.25 16.375 0.0
4.75 16.375 0.0
5.25 16.375 0.0
5.75 16.375 0.0
6.25 16.375 0.0
6.75 16.375 0.0
7.25 16.375 0.0
7.75 16.375 0.0
8.25 16.375 0.0
8.75 16.375 0.0
0.25 16.625 35480.1757101
0.75 16.625 0.0
1.25 16.625 35480.1757101
1.75 16.625 0.0
2.25 16.625 0.0
2.75 16.625 0.0
3.25 16.625 0.0
3.75 16.625 0.0
4.25 16.625 0.0
4.75 16.625 0.0
5.25 16.625 0.0
5.75 16.625 0.0
6.25 16.625 0.0
6.75 16.625 0.0
7.25 16.625 0.0
7.75 16.625 0.0
8.25 16.625 0.0
8.75 16.625 0.0
0.25 16.875 35480.1757101
0.75 16.875 0.0
1.25 16.875 0.0
1.75 16.875 0.0
2.25 16.875 0.0
2.75 16.875 0.0
3.25 16.875 0.0
3.75 16.875 0.0
4.25 16.875 0.0
4.75 16.875 0.0
5.25 16.875 0.0
5.75 16.875 0.0
6.25 16.875 0.0
6.75 16.875 0.0
7.25 16.875 0.0
7.75 16.875 0.0
8.25 16.875 0.0
8.75 16.875 0.0
0.25 17.125 0.0
0.75 17.125 0.0
1.25 17.125 0.0
1.75 17.125 35480.1757101
2.25 17.125 0.0
2.75 17.125 0.0
3.25 17.125 0.0
3.75 17.125 0.0
4.25 17.125 35480.1757101
4.75 17.125 0.0
5.25 17.125 0.0
5.75 17.125 0.0
6.25 17.125 0.0
6.75 17.125 0.0
7.25 17.125 0.0
7.75 17.125 0.0
8.25 17.125 0.0
8.75 17.125 0.0
0.25 17.375 0.0
0.75 17.375 0.0
1.25 17.375 0.0
1.75 17.375 0.0
2.25 17.375 0.0
2.75 17.375 0.0
3.25 17.375 0.0
3.75 17.375 0.0
4.25 17.375 0.0
4.75 17.375 0.0
5.25 17.375 0.0
5.75 17.375 0.0
6.25 17.375 0.0
6.75 17.375 0.0
7.25 17.375 0.0
7.75 17.375 0.0
8.25 17.375 0.0
8.75 17.375 0.0
0.25 17.625 35480.1757101
0.75 17.625 0.0
1.25 17.625 0.0
1.75 17.625 0.0
2.25 17.625 35480.1757101
2.75 17.625 0.0
3.25 17.625 0.0
3.75 17.625 0.0
4.25 17.625 0.0
4.75 17.625 0.0
5.25 17.625 0.0
5.75 17.625 0.0
6.25 17.625 0.0
6.75 17.625 0.0
7.25 17.625 0.0
7.75 17.625 0.0
8.25 17.625 0.0
8.75 17.625 0.0
0.25 17.875 0.0
0.75 17.875 0.0
1.25 17.875 0.0
1.75 17.875 70960.3514203
2.25 17.875 0.0
2.75 17.875 35480.1757101
3.25 17.875 0.0
3.75 17.875 0.0
4.25 17.875 0.0
4.75 17.875 0.0
5.25 17.875 0.0
5.75 17.875 0.0
6.25 17.875 0.0
6.75 17.875 0.0
7.25 17.875 0.0
7.75 17.875 0.0
8.25 17.875 0.0
8.75 17.875 0.0
0.25 18.125 0.0
0.75 18.125 0.0
1.25 18.125 0.0
1.75 18.125 35480.1757101
2.25 18.125 0.0
2.75 18.125 0.0
3.25 18.125 0.0
3.75 18.125 0.0
4.25 18.125 0.0
4.75 18.125 0.0
5.25 18.125 0.0
5.75 18.125 0.0
6.25 18.125 0.0
6.75 18.125 0.0
7.25 18.125 0.0
7.75 18.125 0.0
8.25 18.125 0.0
8.75 18.125 0.0
0.25 18.375 0.0
0.75 18.375 0.0
1.25 18.375 35480.1757101
1.75 18.375 0.0
2.25 18.375 0.0
2.75 18.375 0.0
3.25 18.375 0.0
3.75 18.375 0.0
4.25 18.375 0.0
4.75 18.375 35480.1757101
5.25 18.375 0.0
5.75 18.375 0.0
6.25 18.375 0.0
6.75 18.375 0.0
7.25 18.375 0.0
7.75 18.375 0.0
8.25 18.375 0.0
8.75 18.375 0.0
0.25 18.625 0.0
0.75 18.625 35480.1757101
1.25 18.625 0.0
1.75 18.625 35480.1757101
2.25 18.625 35480.1757101
2.75 18.625 0.0
3.25 18.625 35480.1757101
3.75 18.625 0.0
4.25 18.625 0.0
4.75 18.625 0.0
5.25 18.625 0.0
5.75 18.625 0.0
6.25 18.625 0.0
6.75 18.625 0.0
7.25 18.625 0.0
7.75 18.625 0.0
8.25 18.625 0.0
8.75 18.625 0.0
0.25 18.875 0.0
0.75 18.875 0.0
1.25 18.875 35480.1757101
1.75 18.875 35480.1757101
2.25 18.875 0.0
2.75 18.875 0.0
3.25 18.875 0.0
3.75 18.875 0.0
4.25 18.875 0.0
4.75 18.875 0.0
5.25 18.875 0.0
5.75 18.875 0.0
6.25 18.875 0.0
6.75 18.875 0.0
7.25 18.875 0.0
7.75 18.875 0.0
8.25 18.875 0.0
8.75 18.875 0.0
0.25 19.125 0.0
0.75 19.125 0.0
1.25 19.125 0.0
1.75 19.125 0.0
2.25 19.125 0.0
2.75 19.125 0.0
3.25 19.125 35480.1757101
3.75 19.125 0.0
4.25 19.125 0.0
4.75 19.125 0.0
5.25 19.125 0.0
5.75 19.125 0.0
6.25 19.125 0.0
6.75 19.125 0.0
7.25 19.125 0.0
7.75 19.125 0.0
8.25 19.125 0.0
8.75 19.125 0.0
0.25 19.375 0.0
0.75 19.375 0.0
1.25 19.375 0.0
1.75 19.375 0.0
2.25 19.375 35480.1757101
2.75 19.375 0.0
3.25 19.375 0.0
3.75 19.375 0.0
4.25 19.375 0.0
4.75 19.375 0.0
5.25 19.375 0.0
5.75 19.375 0.0
6.25 19.375 0.0
6.75 19.375 0.0
7.25 19.375 0.0
7.75 19.375 0.0
8.25 19.375 0.0
8.75 19.375 0.0
0.25 19.625 0.0
0.75 19.625 0.0
1.25 19.625 35480.1757101
1.75 19.625 0.0
2.25 19.625 0.0
2.75 19.625 0.0
3.25 19.625 0.0
3.75 19.625 0.0
4.25 19.625 0.0
4.75 19.625 0.0
5.25 19.625 0.0
5.75 19.625 0.0
6.25 19.625 0.0
6.75 19.625 0.0
7.25 19.625 0.0
7.75 19.625 0.0
8.25 19.625 0.0
8.75 19.625 0.0
0.25 19.875 35480.1757101
0.75 19.875 35480.1757101
1.25 19.875 0.0
1.75 19.875 0.0
2.25 19.875 0.0
2.75 19.875 0.0
3.25 19.875 35480.1757101
3.75 19.875 0.0
4.25 19.875 0.0
4.75 19.875 0.0
5.25 19.875 0.0
5.75 19.875 0.0
6.25 19.875 0.0
6.75 19.875 0.0
7.25 19.875 0.0
7.75 19.875 0.0
8.25 19.875 0.0
8.75 19.875 0.0
0.25 20.125 35480.1757101
0.75 20.125 0.0
1.25 20.125 0.0
1.75 20.125 0.0
2.25 20.125 0.0
2.75 20.125 0.0
3.25 20.125 0.0
3.75 20.125 35480.1757101
4.25 20.125 0.0
4.75 20.125 0.0
5.25 20.125 0.0
5.75 20.125 0.0
6.25 20.125 0.0
6.75 20.125 0.0
7.25 20.125 0.0
7.75 20.125 0.0
8.25 20.125 0.0
8.75 20.125 0.0
0.25 20.375 0.0
0.75 20.375 0.0
1.25 20.375 0.0
1.75 20.375 0.0
2.25 20.375 70960.3514203
2.75 20.375 0.0
3.25 20.375 0.0
3.75 20.375 0.0
4.25 20.375 35480.1757101
4.75 20.375 0.0
5.25 20.375 0.0
5.75 20.375 0.0
6.25 20.375 0.0
6.75 20.375 0.0
7.25 20.375 0.0
7.75 20.375 0.0
8.25 20.375 0.0
8.75 20.375 0.0
0.25 20.625 0.0
0.75 20.625 0.0
1.25 20.625 0.0
1.75 20.625 0.0
2.25 20.625 0.0
2.75 20.625 0.0
3.25 20.625 0.0
3.75 20.625 0.0
4.25 20.625 0.0
4.75 20.625 0.0
5.25 20.625 0.0
5.75 20.625 0.0
6.25 20.625 0.0
6.75 20.625 0.0
7.25 20.625 0.0
7.75 20.625 0.0
8.25 20.625 0.0
8.75 20.625 0.0
0.25 20.875 0.0
0.75 20.875 0.0
1.25 20.875 0.0
1.75 20.875 35480.1757101
2.25 20.875 0.0
2.75 20.875 0.0
3.25 20.875 0.0
3.75 20.875 0.0
4.25 20.875 0.0
4.75 20.875 0.0
5.25 20.875 0.0
5.75 20.875 0.0
6.25 20.875 0.0
6.75 20.875 0.0
7.25 20.875 0.0
7.75 20.875 0.0
8.25 20.875 0.0
8.75 20.875 0.0
0.25 21.125 35480.1757101
0.75 21.125 0.0
1.25 21.125 0.0
1.75 21.125 0.0
2.25 21.125 35480.1757101
2.75 21.125 0.0
3.25 21.125 0.0
3.75 21.125 0.0
4.25 21.125 0.0
4.75 21.125 0.0
5.25 21.125 0.0
5.75 21.125 0.0
6.25 21.125 0.0
6.75 21.125 0.0
7.25 21.125 0.0
7.75 21.125 0.0
8.25 21.125 0.0
8.75 21.125 0.0
0.25 21.375 0.0
0.75 21.375 0.0
1.25 21.375 0.0
1.75 21.375 0.0
2.25 21.375 0.0
2.75 21.375 0.0
3.25 21.375 0.0
3.75 21.375 0.0
4.25 21.375 0.0
4.75 21.375 0.0
5.25 21.375 0.0
5.75 21.375 0.0
6.25 21.375 0.0
6.75 21.375 0.0
7.25 21.375 0.0
7.75 21.375 0.0
8.25 21.375 0.0
8.75 21.375 0.0
0.25 21.625 35480.1757101
0.75 21.625 0.0
1.25 21.625 0.0
1.75 21.625 35480.1757101
2.25 21.625 0.0
2.75 21.625 35480.1757101
3.25 21.625 0.0
3.75 21.625 0.0
4.25 21.625 0.0
4.75 21.625 0.0
5.25 21.625 0.0
5.75 21.625 0.0
6.25 21.625 0.0
6.75 21.625 0.0
7.25 21.625 0.0
7.75 21.625 0.0
8.25 21.625 0.0
8.75 21.625 0.0
0.25 21.875 0.0
0.75 21.875 0.0
1.25 21.875 0.0
1.75 21.875 35480.1757101
2.25 21.875 0.0
2.75 21.875 0.0
3.25 21.875 0.0
3.75 21.875 0.0
4.25 21.875 0.0
4.75 21.875 0.0
5.25 21.875 0.0
5.75 21.875 0.0
6.25 21.875 0.0
6.75 21.875 0.0
7.25 21.875 0.0
7.75 21.875 0.0
8.25 21.875 0.0
8.75 21.875 0.0
0.25 22.125 0.0
0.75 22.125 0.0
1.25 22.125 0.0
1.75 22.125 0.0
2.25 22.125 0.0
2.75 22.125 0.0
3.25 22.125 0.0
3.75 22.125 0.0
4.25 22.125 0.0
4.75 22.125 0.0
5.25 22.125 0.0
5.75 22.125 0.0
6.25 22.125 0.0
6.75 22.125 0.0
7.25 22.125 0.0
7.75 22.125 0.0
8.25 22.125 0.0
8.75 22.125 0.0
0.25 22.375 0.0
0.75 22.375 0.0
1.25 22.375 35480.1757101
1.75 22.375 0.0
2.25 22.375 0.0
2.75 22.375 0.0
3.25 22.375 0.0
3.75 22.375 0.0
4.25 22.375 0.0
4.75 22.375 0.0
5.25 22.375 0.0
5.75 22.375 0.0
6.25 22.375 0.0
6.75 22.375 0.0
7.25 22.375 0.0
7.75 22.375 0.0
8.25 22.375 0.0
8.75 22.375 0.0
0.25 22.625 0.0
0.75 22.625 0.0
1.25 22.625 0.0
1.75 22.625 0.0
2.25 22.625 0.0
2.75 22.625 0.0
3.25 22.625 0.0
3.75 22.625 0.0
4.25 22.625 0.0
4.75 22.625 0.0
5.25 22.625 0.0
5.75 22.625 0.0
6.25 22.625 0.0
6.75 22.625 0.0
7.25 22.625 0.0
7.75 22.625 0.0
8.25 22.625 0.0
8.75 22.625 0.0
0.25 22.875 0.0
0.75 22.875 0.0
1.25 22.875 0.0
1.75 22.875 0.0
2.25 22.875 0.0
2.75 22.875 35480.1757101
3.25 22.875 0.0
3.75 22.875 0.0
4.25 22.875 0.0
4.75 22.875 0.0
5.25 22.875 0.0
5.75 22.875 0.0
6.25 22.875 0.0
6.75 22.875 0.0
7.25 22.875 0.0
7.75 22.875 0.0
8.25 22.875 0.0
8.75 22.875 0.0
0.25 23.125 35480.1757101
0.75 23.125 0.0
1.25 23.125 0.0
1.75 23.125 0.0
2.25 23.125 0.0
2.75 23.125 0.0
3.25 23.125 0.0
3.75 23.125 0.0
4.25 23.125 0.0
4.75 23.125 0.0
5.25 23.125 0.0
5.75 23.125 0.0
6.25 23.125 0.0
6.75 23.125 0.0
7.25 23.125 0.0
7.75 23.125 0.0
8.25 23.125 0.0
8.75 23.125 0.0
0.25 23.375 0.0
0.75 23.375 0.0
1.25 23.375 0.0
1.75 23.375 0.0
2.25 23.375 0.0
2.75 23.375 0.0
3.25 23.375 0.0
3.75 23.375 0.0
4.25 23.375 0.0
4.75 23.375 0.0
5.25 23.375 0.0
5.75 23.375 0.0
6.25 23.375 0.0
6.75 23.375 0.0
7.25 23.375 0.0
7.75 23.375 0.0
8.25 23.375 0.0
8.75 23.375 0.0
0.25 23.625 0.0
0.75 23.625 0.0
1.25 23.625 0.0
1.75 23.625 0.0
2.25 23.625 0.0
2.75 23.625 0.0
3.25 23.625 0.0
3.75 23.625 0.0
4.25 23.625 0.0
4.75 23.625 0.0
5.25 23.625 0.0
5.75 23.625 0.0
6.25 23.625 0.0
6.75 23.625 0.0
7.25 23.625 0.0
7.75 23.625 0.0
8.25 23.625 0.0
8.75 23.625 0.0
0.25 23.875 0.0
0.75 23.875 0.0
1.25 23.875 0.0
1.75 23.875 0.0
2.25 23.875 0.0
2.75 23.875 0.0
3.25 23.875 0.0
3.75 23.875 0.0
4.25 23.875 0.0
4.75 23.875 0.0
5.25 23.875 0.0
5.75 23.875 0.0
6.25 23.875 0.0
6.75 23.875 0.0
7.25 23.875 0.0
7.75 23.875 0.0
8.25 23.875 0.0
8.75 23.875 0.0
0.25 24.125 35480.1757101
0.75 24.125 0.0
1.25 24.125 0.0
1.75 24.125 0.0
2.25 24.125 0.0
2.75 24.125 0.0
3.25 24.125 0.0
3.75 24.125 0.0
4.25 24.125 0.0
4.75 24.125 0.0
5.25 24.125 0.0
5.75 24.125 0.0
6.25 24.125 0.0
6.75 24.125 0.0
7.25 24.125 0.0
7.75 24.125 0.0
8.25 24.125 0.0
8.75 24.125 0.0
0.25 24.375 35480.1757101
0.75 24.375 0.0
1.25 24.375 0.0
1.75 24.375 0.0
2.25 24.375 0.0
2.75 24.375 0.0
3.25 24.375 0.0
3.75 24.375 0.0
4.25 24.375 0.0
4.75 24.375 0.0
5.25 24.375 0.0
5.75 24.375 0.0
6.25 24.375 0.0
6.75 24.375 0.0
7.25 24.375 0.0
7.75 24.375 0.0
8.25 24.375 0.0
8.75 24.375 0.0
0.25 24.625 0.0
0.75 24.625 0.0
1.25 24.625 0.0
1.75 24.625 0.0
2.25 24.625 35480.1757101
2.75 24.625 0.0
3.25 24.625 0.0
3.75 24.625 0.0
4.25 24.625 0.0
4.75 24.625 0.0
5.25 24.625 0.0
5.75 24.625 0.0
6.25 24.625 0.0
6.75 24.625 0.0
7.25 24.625 0.0
7.75 24.625 0.0
8.25 24.625 0.0
8.75 24.625 0.0
0.25 24.875 0.0
0.75 24.875 0.0
1.25 24.875 0.0
1.75 24.875 0.0
2.25 24.875 0.0
2.75 24.875 0.0
3.25 24.875 0.0
3.75 24.875 0.0
4.25 24.875 0.0
4.75 24.875 0.0
5.25 24.875 0.0
5.75 24.875 0.0
6.25 24.875 0.0
6.75 24.875 0.0
7.25 24.875 0.0
7.75 24.875 0.0
8.25 24.875 0.0
8.75 24.875 0.0
0.25 25.125 35480.1757101
0.75 25.125 0.0
1.25 25.125 0.0
1.75 25.125 0.0
2.25 25.125 0.0
2.75 25.125 0.0
3.25 25.125 0.0
3.75 25.125 0.0
4.25 25.125 0.0
4.75 25.125 0.0
5.25 25.125 0.0
5.75 25.125 0.0
6.25 25.125 0.0
6.75 25.125 0.0
7.25 25.125 0.0
7.75 25.125 0.0
8.25 25.125 0.0
8.75 25.125 0.0
0.25 25.375 35480.1757101
0.75 25.375 0.0
1.25 25.375 0.0
1.75 25.375 0.0
2.25 25.375 0.0
2.75 25.375 0.0
3.25 25.375 0.0
3.75 25.375 0.0
4.25 25.375 0.0
4.75 25.375 0.0
5.25 25.375 0.0
5.75 25.375 0.0
6.25 25.375 0.0
6.75 25.375 0.0
7.25 25.375 0.0
7.75 25.375 0.0
8.25 25.375 0.0
8.75 25.375 0.0
0.25 25.625 0.0
0.75 25.625 0.0
1.25 25.625 0.0
1.75 25.625 0.0
2.25 25.625 0.0
2.75 25.625 0.0
3.25 25.625 0.0
3.75 25.625 0.0
4.25 25.625 0.0
4.75 25.625 0.0
5.25 25.625 0.0
5.75 25.625 0.0
6.25 25.625 0.0
6.75 25.625 0.0
7.25 25.625 0.0
7.75 25.625 0.0
8.25 25.625 0.0
8.75 25.625 0.0
0.25 25.875 0.0
0.75 25.875 0.0
1.25 25.875 0.0
1.75 25.875 0.0
2.25 25.875 0.0
2.75 25.875 0.0
3.25 25.875 0.0
3.75 25.875 0.0
4.25 25.875 0.0
4.75 25.875 0.0
5.25 25.875 0.0
5.75 25.875 0.0
6.25 25.875 0.0
6.75 25.875 0.0
7.25 25.875 0.0
7.75 25.875 0.0
8.25 25.875 0.0
8.75 25.875 0.0
0.25 26.125 0.0
0.75 26.125 0.0
1.25 26.125 0.0
1.75 26.125 0.0
2.25 26.125 0.0
2.75 26.125 0.0
3.25 26.125 0.0
3.75 26.125 0.0
4.25 26.125 0.0
4.75 26.125 0.0
5.25 26.125 0.0
5.75 26.125 0.0
6.25 26.125 0.0
6.75 26.125 0.0
7.25 26.125 0.0
7.75 26.125 0.0
8.25 26.125 0.0
8.75 26.125 0.0
0.25 26.375 0.0
0.75 26.375 0.0
1.25 26.375 0.0
1.75 26.375 0.0
2.25 26.375 0.0
2.75 26.375 0.0
3.25 26.375 0.0
3.75 26.375 0.0
4.25 26.375 0.0
4.75 26.375 0.0
5.25 26.375 0.0
5.75 26.375 0.0
6.25 26.375 0.0
6.75 26.375 0.0
7.25 26.375 0.0
7.75 26.375 0.0
8.25 26.375 0.0
8.75 26.375 0.0
0.25 26.625 0.0
0.75 26.625 0.0
1.25 26.625 0.0
1.75 26.625 0.0
2.25 26.625 0.0
2.75 26.625 0.0
3.25 26.625 0.0
3.75 26.625 0.0
4.25 26.625 0.0
4.75 26.625 0.0
5.25 26.625 0.0
5.75 26.625 0.0
6.25 26.625 0.0
6.75 26.625 0.0
7.25 26.625 0.0
7.75 26.625 0.0
8.25 26.625 0.0
8.75 26.625 0.0
0.25 26.875 0.0
0.75 26.875 35480.1757101
1.25 26.875 0.0
1.75 26.875 0.0
2.25 26.875 0.0
2.75 26.875 0.0
3.25 26.875 0.0
3.75 26.875 0.0
4.25 26.875 0.0
4.75 26.875 0.0
5.25 26.875 0.0
5.75 26.875 0.0
6.25 26.875 0.0
6.75 26.875 0.0
7.25 26.875 0.0
7.75 26.875 0.0
8.25 26.875 0.0
8.75 26.875 0.0
0.25 27.125 0.0
0.75 27.125 0.0
1.25 27.125 0.0
1.75 27.125 0.0
2.25 27.125 0.0
2.75 27.125 0.0
3.25 27.125 0.0
3.75 27.125 0.0
4.25 27.125 0.0
4.75 27.125 0.0
5.25 27.125 0.0
5.75 27.125 0.0
6.25 27.125 0.0
6.75 27.125 0.0
7.25 27.125 0.0
7.75 27.125 0.0
8.25 27.125 0.0
8.75 27.125 0.0
0.25 27.375 0.0
0.75 27.375 35480.1757101
1.25 27.375 0.0
1.75 27.375 0.0
2.25 27.375 0.0
2.75 27.375 0.0
3.25 27.375 0.0
3.75 27.375 0.0
4.25 27.375 0.0
4.75 27.375 0.0
5.25 27.375 0.0
5.75 27.375 0.0
6.25 27.375 0.0
6.75 27.375 0.0
7.25 27.375 0.0
7.75 27.375 0.0
8.25 27.375 0.0
8.75 27.375 0.0
0.25 27.625 35480.1757101
0.75 27.625 0.0
1.25 27.625 0.0
1.75 27.625 0.0
2.25 27.625 0.0
2.75 27.625 0.0
3.25 27.625 0.0
3.75 27.625 0.0
4.25 27.625 0.0
4.75 27.625 0.0
5.25 27.625 0.0
5.75 27.625 0.0
6.25 27.625 0.0
6.75 27.625 0.0
7.25 27.625 0.0
7.75 27.625 0.0
8.25 27.625 0.0
8.75 27.625 0.0
0.25 27.875 0.0
0.75 27.875 0.0
1.25 27.875 0.0
1.75 27.875 0.0
2.25 27.875 0.0
2.75 27.875 0.0
3.25 27.875 0.0
3.75 27.875 0.0
4.25 27.875 0.0
4.75 27.875 0.0
5.25 27.875 0.0
5.75 27.875 0.0
6.25 27.875 0.0
6.75 27.875 0.0
7.25 27.875 0.0
7.75 27.875 0.0
8.25 27.875 0.0
8.75 27.875 0.0
0.25 28.125 0.0
0.75 28.125 0.0
1.25 28.125 0.0
1.75 28.125 0.0
2.25 28.125 0.0
2.75 28.125 0.0
3.25 28.125 0.0
3.75 28.125 0.0
4.25 28.125 0.0
4.75 28.125 0.0
5.25 28.125 0.0
5.75 28.125 0.0
6.25 28.125 0.0
6.75 28.125 0.0
7.25 28.125 0.0
7.75 28.125 0.0
8.25 28.125 0.0
8.75 28.125 0.0
0.25 28.375 0.0
0.75 28.375 0.0
1.25 28.375 0.0
1.75 28.375 0.0
2.25 28.375 0.0
2.75 28.375 0.0
3.25 28.375 0.0
3.75 28.375 0.0
4.25 28.375 0.0
4.75 28.375 0.0
5.25 28.375 0.0
5.75 28.375 0.0
6.25 28.375 0.0
6.75 28.375 0.0
7.25 28.375 0.0
7.75 28.375 0.0
8.25 28.375 0.0
8.75 28.375 0.0
0.25 28.625 35480.1757101
0.75 28.625 35480.1757101
1.25 28.625 0.0
1.75 28.625 0.0
2.25 28.625 0.0
2.75 28.625 0.0
3.25 28.625 0.0
3.75 28.625 0.0
4.25 28.625 0.0
4.75 28.625 0.0
5.25 28.625 0.0
5.75 28.625 0.0
6.25 28.625 0.0
6.75 28.625 0.0
7.25 28.625 0.0
7.75 28.625 0.0
8.25 28.625 0.0
8.75 28.625 0.0
0.25 28.875 0.0
0.75 28.875 0.0
1.25 28.875 0.0
1.75 28.875 0.0
2.25 28.875 0.0
2.75 28.875 0.0
3.25 28.875 0.0
3.75 28.875 0.0
4.25 28.875 0.0
4.75 28.875 0.0
5.25 28.875 0.0
5.75 28.875 0.0
6.25 28.875 0.0
6.75 28.875 0.0
7.25 28.875 0.0
7.75 28.875 0.0
8.25 28.875 0.0
8.75 28.875 0.0
0.25 29.125 0.0
0.75 29.125 0.0
1.25 29.125 0.0
1.75 29.125 0.0
2.25 29.125 0.0
2.75 29.125 0.0
3.25 29.125 0.0
3.75 29.125 0.0
4.25 29.125 0.0
4.75 29.125 0.0
5.25 29.125 0.0
5.75 29.125 0.0
6.25 29.125 0.0
6.75 29.125 0.0
7.25 29.125 0.0
7.75 29.125 0.0
8.25 29.125 0.0
8.75 29.125 0.0
0.25 29.375 0.0
0.75 29.375 0.0
1.25 29.375 0.0
1.75 29.375 0.0
2.25 29.375 0.0
2.75 29.375 0.0
3.25 29.375 0.0
3.75 29.375 0.0
4.25 29.375 0.0
4.75 29.375 0.0
5.25 29.375 0.0
5.75 29.375 0.0
6.25 29.375 0.0
6.75 29.375 0.0
7.25 29.375 0.0
7.75 29.375 0.0
8.25 29.375 0.0
8.75 29.375 0.0
0.25 29.625 0.0
0.75 29.625 0.0
1.25 29.625 0.0
1.75 29.625 0.0
2.25 29.625 35480.1757101
2.75 29.625 0.0
3.25 29.625 0.0
3.75 29.625 0.0
4.25 29.625 0.0
4.75 29.625 0.0
5.25 29.625 0.0
5.75 29.625 0.0
6.25 29.625 0.0
6.75 29.625 0.0
7.25 29.625 0.0
7.75 29.625 0.0
8.25 29.625 0.0
8.75 29.625 0.0
0.25 29.875 0.0
0.75 29.875 0.0
1.25 29.875 0.0
1.75 29.875 0.0
2.25 29.875 0.0
2.75 29.875 0.0
3.25 29.875 0.0
3.75 29.875 0.0
4.25 29.875 0.0
4.75 29.875 0.0
5.25 29.875 0.0
5.75 29.875 0.0
6.25 29.875 0.0
6.75 29.875 0.0
7.25 29.875 0.0
7.75 29.875 0.0
8.25 29.875 0.0
8.75 29.875 0.0
